0 0.355441 0.369636 0.358573 0.371410 0.360444 0.374948 0.360234 0.378989 0.358253 0.382321 0.353377 0.383839 0.348303 0.382386 0.346987 0.379666 0.347107 0.375096 0.348637 0.371563 0.351740 0.369318
0 0.372117 0.389773 0.375249 0.391546 0.377120 0.395084 0.376910 0.399126 0.374929 0.402457 0.370054 0.403975 0.364979 0.402522 0.363663 0.399802 0.363784 0.395232 0.365314 0.391699 0.368417 0.389455
0 0.312987 0.387950 0.316119 0.389723 0.317990 0.393262 0.317780 0.397303 0.315799 0.400635 0.310924 0.402153 0.305849 0.400699 0.304533 0.397979 0.304653 0.393410 0.306183 0.389876 0.309286 0.387632
0 0.316900 0.369502 0.320032 0.371276 0.321903 0.374814 0.321693 0.378855 0.319712 0.382187 0.314837 0.383705 0.309762 0.382252 0.308446 0.379532 0.308567 0.374962 0.310097 0.371429 0.313200 0.369184
0 0.429818 0.358326 0.432949 0.360100 0.434821 0.363638 0.434611 0.367679 0.432630 0.371011 0.427754 0.372529 0.422679 0.371075 0.421364 0.368355 0.421484 0.363786 0.423014 0.360253 0.426117 0.358008
0 0.340721 0.439182 0.343853 0.440955 0.345724 0.444493 0.345514 0.448535 0.343534 0.451866 0.338658 0.453384 0.333583 0.451931 0.332267 0.449211 0.332388 0.444641 0.333917 0.441108 0.337021 0.438864
0 0.291513 0.469384 0.294645 0.471157 0.296516 0.474696 0.296306 0.478737 0.294325 0.482069 0.289449 0.483587 0.284375 0.482133 0.283059 0.479413 0.283179 0.474844 0.284709 0.471310 0.287812 0.469066
0 0.356385 0.478406 0.359517 0.480180 0.361388 0.483718 0.361178 0.487759 0.359197 0.491091 0.354322 0.492608 0.349247 0.491156 0.347931 0.488436 0.348051 0.483865 0.349581 0.480332 0.352684 0.478088
0 0.404443 0.415655 0.407575 0.417428 0.409446 0.420967 0.409236 0.425008 0.407256 0.428340 0.402380 0.429858 0.397305 0.428404 0.395989 0.425684 0.396110 0.421115 0.397639 0.417581 0.400743 0.415337
0 0.477789 0.365342 0.480921 0.367115 0.482792 0.370653 0.482582 0.374695 0.480601 0.378026 0.475725 0.379544 0.470651 0.378091 0.469335 0.375371 0.469455 0.370801 0.470985 0.367268 0.474088 0.365024
0 0.296131 0.450839 0.299262 0.452612 0.301134 0.456151 0.300924 0.460192 0.298943 0.463524 0.294067 0.465042 0.288992 0.463588 0.287677 0.460868 0.287797 0.456299 0.289327 0.452765 0.292430 0.450521
0 0.528106 0.378681 0.531238 0.380453 0.533109 0.383992 0.532899 0.388034 0.530918 0.391365 0.526043 0.392883 0.520968 0.391429 0.519652 0.388709 0.519772 0.384140 0.521302 0.380607 0.524406 0.378362
0 0.505926 0.378935 0.509058 0.380709 0.510929 0.384247 0.510719 0.388288 0.508738 0.391620 0.503863 0.393138 0.498788 0.391685 0.497472 0.388965 0.497593 0.384395 0.499122 0.380862 0.502225 0.378617
0 0.515485 0.398718 0.518617 0.400491 0.520488 0.404030 0.520278 0.408071 0.518298 0.411403 0.513422 0.412921 0.508347 0.411467 0.507032 0.408747 0.507152 0.404178 0.508681 0.400644 0.511785 0.398400
0 0.505663 0.431064 0.508795 0.432837 0.510666 0.436375 0.510456 0.440417 0.508475 0.443749 0.503599 0.445267 0.498525 0.443813 0.497209 0.441093 0.497329 0.436523 0.498859 0.432990 0.501962 0.430745
0 0.354569 0.321795 0.357701 0.323568 0.359572 0.327107 0.359362 0.331148 0.357381 0.334480 0.352506 0.335998 0.347431 0.334544 0.346115 0.331824 0.346235 0.327254 0.347765 0.323721 0.350868 0.321476
0 0.374148 0.316056 0.377280 0.317829 0.379151 0.321368 0.378941 0.325409 0.376960 0.328741 0.372085 0.330259 0.367010 0.328805 0.365694 0.326085 0.365815 0.321515 0.367344 0.317982 0.370448 0.315738
0 0.287013 0.377048 0.290144 0.378821 0.292016 0.382360 0.291806 0.386401 0.289825 0.389733 0.284949 0.391251 0.279875 0.389797 0.278558 0.387077 0.278679 0.382507 0.280209 0.378974 0.283312 0.376729
0 0.266966 0.383967 0.270098 0.385740 0.271969 0.389278 0.271759 0.393320 0.269778 0.396651 0.264903 0.398169 0.259828 0.396715 0.258512 0.393996 0.258632 0.389426 0.260162 0.385893 0.263266 0.383648
0 0.239301 0.416818 0.242433 0.418592 0.244304 0.422130 0.244094 0.426171 0.242113 0.429503 0.237238 0.431021 0.232163 0.429568 0.230846 0.426848 0.230967 0.422278 0.232497 0.418745 0.235600 0.416500
0 0.226022 0.487716 0.229153 0.489490 0.231025 0.493028 0.230815 0.497070 0.228834 0.500401 0.223958 0.501919 0.218883 0.500466 0.217568 0.497746 0.217688 0.493176 0.219217 0.489643 0.222321 0.487398
0 0.276925 0.488035 0.280057 0.489808 0.281928 0.493346 0.281718 0.497388 0.279738 0.500720 0.274862 0.502238 0.269787 0.500784 0.268471 0.498064 0.268591 0.493494 0.270121 0.489961 0.273225 0.487716
0 0.248908 0.462598 0.252040 0.464372 0.253911 0.467910 0.253701 0.471952 0.251721 0.475283 0.246845 0.476801 0.241770 0.475347 0.240454 0.472627 0.240575 0.468058 0.242104 0.464524 0.245208 0.462280
0 0.223657 0.451562 0.226788 0.453335 0.228660 0.456874 0.228450 0.460915 0.226469 0.464247 0.221593 0.465765 0.216518 0.464311 0.215203 0.461591 0.215323 0.457021 0.216853 0.453488 0.219956 0.451244
0 0.196250 0.457057 0.199382 0.458830 0.201252 0.462368 0.201042 0.466410 0.199062 0.469741 0.194187 0.471259 0.189112 0.469806 0.187795 0.467086 0.187916 0.462516 0.189446 0.458983 0.192549 0.456739
0 0.110742 0.427340 0.113874 0.429114 0.115745 0.432652 0.115535 0.436693 0.113554 0.440025 0.108678 0.441543 0.103604 0.440090 0.102287 0.437370 0.102408 0.432800 0.103938 0.429267 0.107041 0.427022
0 0.149542 0.458381 0.152673 0.460155 0.154545 0.463693 0.154335 0.467734 0.152354 0.471066 0.147478 0.472584 0.142403 0.471131 0.141088 0.468411 0.141208 0.463841 0.142738 0.460307 0.145841 0.458063
0 0.103843 0.477767 0.106975 0.479540 0.108846 0.483079 0.108636 0.487121 0.106655 0.490452 0.101780 0.491970 0.096705 0.490516 0.095389 0.487796 0.095509 0.483227 0.097039 0.479693 0.100142 0.477449
0 0.079611 0.440495 0.082743 0.442269 0.084614 0.445807 0.084404 0.449848 0.082423 0.453180 0.077548 0.454698 0.072473 0.453245 0.071157 0.450525 0.071277 0.445955 0.072807 0.442422 0.075911 0.440178
0 0.060739 0.433752 0.063870 0.435525 0.065742 0.439063 0.065532 0.443105 0.063551 0.446437 0.058675 0.447955 0.053601 0.446501 0.052284 0.443781 0.052405 0.439211 0.053935 0.435678 0.057038 0.433433
0 0.181992 0.350494 0.185124 0.352268 0.186995 0.355806 0.186785 0.359847 0.184805 0.363179 0.179929 0.364697 0.174854 0.363243 0.173538 0.360524 0.173659 0.355954 0.175188 0.352421 0.178292 0.350176
0 0.152901 0.335940 0.156033 0.337713 0.157904 0.341252 0.157694 0.345293 0.155713 0.348625 0.150838 0.350143 0.145763 0.348689 0.144447 0.345969 0.144568 0.341399 0.146097 0.337866 0.149200 0.335621
0 0.099427 0.326304 0.102559 0.328077 0.104430 0.331615 0.104219 0.335657 0.102239 0.338988 0.097363 0.340506 0.092289 0.339053 0.090972 0.336333 0.091093 0.331763 0.092623 0.328229 0.095726 0.325985
0 0.069290 0.331180 0.072421 0.332953 0.074293 0.336491 0.074083 0.340533 0.072102 0.343864 0.067226 0.345382 0.062151 0.343929 0.060836 0.341209 0.060956 0.336639 0.062486 0.333106 0.065589 0.330862
0 0.087082 0.359449 0.090214 0.361223 0.092085 0.364761 0.091875 0.368802 0.089894 0.372134 0.085019 0.373652 0.079944 0.372199 0.078628 0.369479 0.078748 0.364909 0.080278 0.361376 0.083382 0.359131
0 0.118873 0.339568 0.122004 0.341341 0.123876 0.344879 0.123666 0.348921 0.121685 0.352252 0.116809 0.353770 0.111734 0.352317 0.110419 0.349597 0.110539 0.345027 0.112069 0.341494 0.115172 0.339249
0 0.023434 0.405147 0.026566 0.406920 0.028437 0.410458 0.028228 0.414500 0.026247 0.417831 0.021371 0.419349 0.016296 0.417896 0.014981 0.415176 0.015101 0.410606 0.016631 0.407073 0.019734 0.404828
0 0.125436 0.270281 0.128568 0.272055 0.130439 0.275593 0.130229 0.279635 0.128248 0.282966 0.123373 0.284484 0.118298 0.283030 0.116982 0.280311 0.117102 0.275741 0.118632 0.272208 0.121736 0.269963
0 0.062486 0.266512 0.065618 0.268285 0.067489 0.271824 0.067279 0.275865 0.065298 0.279197 0.060423 0.280715 0.055347 0.279261 0.054032 0.276541 0.054152 0.271972 0.055682 0.268438 0.058785 0.266194
0 0.059419 0.286967 0.062551 0.288740 0.064422 0.292279 0.064212 0.296320 0.062231 0.299652 0.057356 0.301170 0.052281 0.299716 0.050965 0.296996 0.051086 0.292426 0.052615 0.288893 0.055718 0.286648
0 0.077787 0.279364 0.080919 0.281137 0.082790 0.284676 0.082580 0.288717 0.080599 0.292049 0.075724 0.293567 0.070649 0.292113 0.069333 0.289393 0.069453 0.284824 0.070983 0.281290 0.074086 0.279046
0 0.139388 0.229636 0.142519 0.231409 0.144391 0.234948 0.144181 0.238989 0.142199 0.242321 0.137324 0.243839 0.132249 0.242385 0.130933 0.239665 0.131054 0.235095 0.132583 0.231562 0.135687 0.229317
0 0.137519 0.214977 0.140651 0.216751 0.142522 0.220289 0.142312 0.224330 0.140331 0.227662 0.135456 0.229180 0.130381 0.227727 0.129065 0.225007 0.129185 0.220437 0.130715 0.216904 0.133818 0.214659
0 0.170273 0.218911 0.173405 0.220684 0.175276 0.224223 0.175066 0.228264 0.173085 0.231596 0.168210 0.233114 0.163135 0.231660 0.161819 0.228940 0.161940 0.224370 0.163470 0.220837 0.166573 0.218593
0 0.051965 0.217526 0.055097 0.219299 0.056968 0.222837 0.056758 0.226879 0.054777 0.230210 0.049902 0.231728 0.044827 0.230275 0.043511 0.227555 0.043632 0.222985 0.045161 0.219452 0.048264 0.217207
0 0.037048 0.223730 0.040179 0.225503 0.042051 0.229041 0.041841 0.233083 0.039860 0.236414 0.034984 0.237932 0.029909 0.236479 0.028594 0.233759 0.028714 0.229189 0.030244 0.225656 0.033347 0.223412
0 0.068681 0.209065 0.071813 0.210838 0.073684 0.214377 0.073474 0.218418 0.071493 0.221750 0.066618 0.223268 0.061543 0.221814 0.060227 0.219094 0.060347 0.214524 0.061877 0.210991 0.064980 0.208747
0 0.054527 0.177497 0.057658 0.179270 0.059530 0.182809 0.059320 0.186850 0.057338 0.190182 0.052463 0.191700 0.047388 0.190246 0.046072 0.187526 0.046193 0.182957 0.047723 0.179423 0.050826 0.177179
0 0.187227 0.209784 0.190358 0.211557 0.192229 0.215096 0.192019 0.219137 0.190038 0.222469 0.185163 0.223987 0.180088 0.222533 0.178772 0.219813 0.178893 0.215243 0.180423 0.211710 0.183526 0.209466
0 0.178616 0.243993 0.181747 0.245766 0.183618 0.249305 0.183408 0.253346 0.181427 0.256678 0.176552 0.258196 0.171477 0.256742 0.170161 0.254022 0.170282 0.249453 0.171812 0.245919 0.174915 0.243675
0 0.283247 0.339183 0.286379 0.340956 0.288250 0.344495 0.288040 0.348536 0.286060 0.351868 0.281184 0.353386 0.276109 0.351932 0.274793 0.349212 0.274914 0.344642 0.276443 0.341109 0.279547 0.338864
0 0.348458 0.275857 0.351589 0.277631 0.353461 0.281169 0.353251 0.285211 0.351270 0.288542 0.346394 0.290060 0.341319 0.288607 0.340004 0.285887 0.340124 0.281317 0.341654 0.277784 0.344757 0.275539
0 0.334761 0.256393 0.337893 0.258165 0.339764 0.261704 0.339554 0.265746 0.337573 0.269077 0.332698 0.270595 0.327623 0.269142 0.326307 0.266421 0.326427 0.261852 0.327957 0.258318 0.331060 0.256074
0 0.331975 0.301444 0.335107 0.303217 0.336978 0.306755 0.336768 0.310797 0.334787 0.314128 0.329912 0.315646 0.324837 0.314193 0.323521 0.311473 0.323641 0.306903 0.325171 0.303370 0.328274 0.301126
0 0.434955 0.272543 0.438086 0.274317 0.439958 0.277855 0.439748 0.281896 0.437767 0.285228 0.432891 0.286746 0.427816 0.285293 0.426501 0.282573 0.426621 0.278003 0.428151 0.274470 0.431254 0.272225
0 0.463593 0.286361 0.466725 0.288134 0.468596 0.291672 0.468386 0.295714 0.466405 0.299045 0.461530 0.300563 0.456455 0.299110 0.455139 0.296390 0.455259 0.291820 0.456789 0.288287 0.459893 0.286043
0 0.462567 0.268472 0.465699 0.270245 0.467570 0.273784 0.467360 0.277825 0.465379 0.281157 0.460504 0.282675 0.455429 0.281221 0.454113 0.278501 0.454233 0.273932 0.455763 0.270398 0.458866 0.268154
0 0.368431 0.259008 0.371563 0.260781 0.373434 0.264319 0.373224 0.268361 0.371243 0.271692 0.366368 0.273210 0.361293 0.271757 0.359977 0.269038 0.360098 0.264467 0.361627 0.260934 0.364730 0.258690
0 0.365807 0.207823 0.368939 0.209597 0.370810 0.213135 0.370600 0.217177 0.368620 0.220508 0.363744 0.222026 0.358669 0.220573 0.357353 0.217852 0.357474 0.213283 0.359003 0.209749 0.362107 0.207505
0 0.381417 0.217564 0.384549 0.219337 0.386419 0.222876 0.386209 0.226917 0.384229 0.230249 0.379353 0.231767 0.374278 0.230313 0.372962 0.227593 0.373083 0.223024 0.374613 0.219490 0.377716 0.217246
0 0.443306 0.244431 0.446438 0.246204 0.448309 0.249743 0.448099 0.253784 0.446118 0.257116 0.441242 0.258633 0.436168 0.257180 0.434852 0.254460 0.434972 0.249890 0.436502 0.246357 0.439605 0.244112
0 0.510144 0.251205 0.513276 0.252979 0.515147 0.256517 0.514937 0.260558 0.512956 0.263890 0.508081 0.265408 0.503006 0.263955 0.501690 0.261235 0.501810 0.256665 0.503340 0.253132 0.506444 0.250887
0 0.443528 0.382007 0.446659 0.383780 0.448531 0.387318 0.448321 0.391360 0.446340 0.394691 0.441464 0.396209 0.436389 0.394756 0.435074 0.392036 0.435194 0.387466 0.436724 0.383933 0.439827 0.381689
0 0.462002 0.376857 0.465134 0.378630 0.467005 0.382168 0.466795 0.386210 0.464815 0.389541 0.459939 0.391059 0.454864 0.389606 0.453548 0.386886 0.453668 0.382316 0.455198 0.378783 0.458301 0.376539
0 0.563793 0.363536 0.566925 0.365309 0.568796 0.368848 0.568586 0.372889 0.566605 0.376221 0.561730 0.377738 0.556655 0.376285 0.555339 0.373565 0.555459 0.368995 0.556989 0.365462 0.560092 0.363218
0 0.541336 0.430214 0.544468 0.431988 0.546339 0.435526 0.546129 0.439567 0.544148 0.442899 0.539273 0.444417 0.534198 0.442964 0.532882 0.440244 0.533002 0.435674 0.534532 0.432141 0.537635 0.429896
0 0.499135 0.415935 0.502267 0.417709 0.504138 0.421247 0.503928 0.425289 0.501947 0.428620 0.497072 0.430138 0.491997 0.428685 0.490681 0.425965 0.490801 0.421395 0.492331 0.417861 0.495434 0.415617
0 0.590708 0.408931 0.593840 0.410705 0.595711 0.414243 0.595501 0.418284 0.593520 0.421616 0.588645 0.423134 0.583570 0.421681 0.582254 0.418961 0.582374 0.414391 0.583904 0.410857 0.587008 0.408613
0 0.607009 0.392230 0.610141 0.394003 0.612011 0.397541 0.611802 0.401583 0.609821 0.404914 0.604945 0.406432 0.599871 0.404979 0.598554 0.402259 0.598675 0.397689 0.600205 0.394156 0.603308 0.391911
0 0.668694 0.341637 0.671826 0.343411 0.673697 0.346949 0.673487 0.350990 0.671506 0.354322 0.666631 0.355840 0.661556 0.354387 0.660240 0.351667 0.660361 0.347097 0.661891 0.343564 0.664994 0.341319
0 0.656382 0.358563 0.659514 0.360337 0.661384 0.363875 0.661175 0.367916 0.659194 0.371248 0.654319 0.372766 0.649244 0.371313 0.647927 0.368593 0.648048 0.364023 0.649578 0.360490 0.652681 0.358245
0 0.584605 0.301075 0.587737 0.302849 0.589607 0.306387 0.589397 0.310429 0.587417 0.313760 0.582541 0.315278 0.577466 0.313825 0.576150 0.311105 0.576271 0.306535 0.577801 0.303002 0.580904 0.300758
0 0.566005 0.291568 0.569137 0.293342 0.571008 0.296880 0.570798 0.300922 0.568817 0.304253 0.563942 0.305771 0.558867 0.304318 0.557551 0.301597 0.557671 0.297028 0.559201 0.293494 0.562304 0.291250
0 0.586228 0.249266 0.589360 0.251040 0.591231 0.254578 0.591021 0.258620 0.589040 0.261951 0.584165 0.263469 0.579090 0.262016 0.577774 0.259296 0.577894 0.254726 0.579424 0.251192 0.582527 0.248948
0 0.653547 0.401374 0.656679 0.403147 0.658550 0.406686 0.658340 0.410727 0.656360 0.414058 0.651484 0.415576 0.646409 0.414123 0.645094 0.411403 0.645214 0.406833 0.646743 0.403300 0.649847 0.401055
0 0.621886 0.402262 0.625017 0.404036 0.626889 0.407574 0.626678 0.411616 0.624697 0.414947 0.619822 0.416465 0.614747 0.415011 0.613431 0.412291 0.613552 0.407722 0.615082 0.404188 0.618185 0.401944
0 0.637210 0.391918 0.640341 0.393691 0.642213 0.397229 0.642003 0.401271 0.640022 0.404602 0.635146 0.406120 0.630071 0.404667 0.628755 0.401947 0.628876 0.397377 0.630406 0.393844 0.633509 0.391600
0 0.573412 0.347252 0.576544 0.349025 0.578415 0.352564 0.578205 0.356605 0.576224 0.359937 0.571349 0.361455 0.566274 0.360001 0.564958 0.357281 0.565078 0.352712 0.566608 0.349178 0.569712 0.346934
0 0.567324 0.310012 0.570456 0.311785 0.572327 0.315323 0.572117 0.319365 0.570136 0.322696 0.565261 0.324214 0.560186 0.322761 0.558870 0.320041 0.558990 0.315471 0.560520 0.311938 0.563624 0.309694
0 0.588451 0.325704 0.591583 0.327477 0.593454 0.331016 0.593244 0.335057 0.591264 0.338389 0.586388 0.339907 0.581313 0.338453 0.579997 0.335733 0.580118 0.331164 0.581647 0.327630 0.584750 0.325386
0 0.586219 0.443738 0.589351 0.445511 0.591222 0.449049 0.591012 0.453091 0.589031 0.456422 0.584156 0.457940 0.579081 0.456487 0.577765 0.453767 0.577885 0.449197 0.579415 0.445663 0.582518 0.443419
0 0.631506 0.455012 0.634638 0.456786 0.636508 0.460324 0.636298 0.464365 0.634318 0.467697 0.629443 0.469215 0.624368 0.467762 0.623052 0.465042 0.623172 0.460472 0.624702 0.456938 0.627805 0.454694
0 0.489009 0.461878 0.492140 0.463652 0.494012 0.467190 0.493801 0.471231 0.491820 0.474563 0.486945 0.476081 0.481870 0.474628 0.480554 0.471908 0.480675 0.467338 0.482204 0.463804 0.485308 0.461560
0 0.488230 0.489187 0.491363 0.490960 0.493233 0.494498 0.493023 0.498540 0.491043 0.501871 0.486167 0.503389 0.481093 0.501936 0.479776 0.499216 0.479897 0.494646 0.481427 0.491113 0.484530 0.488869
0 0.569225 0.543403 0.572357 0.545177 0.574228 0.548715 0.574018 0.552756 0.572037 0.556088 0.567162 0.557606 0.562087 0.556153 0.560771 0.553433 0.560891 0.548863 0.562421 0.545330 0.565524 0.543085
0 0.625469 0.479019 0.628601 0.480792 0.630472 0.484331 0.630262 0.488372 0.628281 0.491704 0.623406 0.493222 0.618331 0.491768 0.617015 0.489048 0.617135 0.484478 0.618665 0.480945 0.621768 0.478701
0 0.461140 0.487916 0.464273 0.489689 0.466143 0.493227 0.465933 0.497269 0.463953 0.500600 0.459077 0.502119 0.454003 0.500665 0.452686 0.497945 0.452807 0.493375 0.454337 0.489842 0.457440 0.487598
0 0.654810 0.489246 0.657942 0.491019 0.659813 0.494557 0.659603 0.498599 0.657622 0.501930 0.652747 0.503448 0.647672 0.501994 0.646356 0.499275 0.646476 0.494705 0.648006 0.491172 0.651109 0.488927
0 0.696456 0.463186 0.699587 0.464959 0.701459 0.468497 0.701249 0.472539 0.699268 0.475871 0.694392 0.477389 0.689317 0.475935 0.688002 0.473215 0.688122 0.468645 0.689652 0.465112 0.692755 0.462868
0 0.731408 0.457220 0.734540 0.458993 0.736411 0.462532 0.736201 0.466573 0.734220 0.469905 0.729345 0.471423 0.724270 0.469969 0.722954 0.467249 0.723074 0.462680 0.724604 0.459146 0.727707 0.456902
0 0.761479 0.456528 0.764611 0.458302 0.766482 0.461840 0.766272 0.465881 0.764291 0.469213 0.759415 0.470731 0.754340 0.469278 0.753025 0.466558 0.753145 0.461988 0.754675 0.458455 0.757778 0.456211
0 0.790615 0.454698 0.793747 0.456471 0.795618 0.460010 0.795408 0.464051 0.793428 0.467383 0.788552 0.468901 0.783477 0.467447 0.782161 0.464727 0.782281 0.460158 0.783811 0.456624 0.786915 0.454380
0 0.757728 0.376108 0.760859 0.377882 0.762731 0.381420 0.762521 0.385461 0.760540 0.388793 0.755664 0.390311 0.750589 0.388857 0.749274 0.386138 0.749394 0.381568 0.750924 0.378035 0.754027 0.375790
0 0.785656 0.361775 0.788788 0.363549 0.790659 0.367087 0.790449 0.371128 0.788468 0.374460 0.783593 0.375978 0.778518 0.374525 0.777202 0.371805 0.777322 0.367235 0.778852 0.363702 0.781956 0.361457
0 0.766620 0.335481 0.769752 0.337255 0.771623 0.340793 0.771413 0.344834 0.769432 0.348166 0.764557 0.349684 0.759482 0.348230 0.758166 0.345511 0.758287 0.340941 0.759816 0.337408 0.762920 0.335163
0 0.750455 0.338423 0.753587 0.340196 0.755458 0.343735 0.755248 0.347776 0.753267 0.351108 0.748392 0.352626 0.743317 0.351172 0.742001 0.348452 0.742121 0.343882 0.743651 0.340349 0.746754 0.338105
0 0.712315 0.272396 0.715447 0.274169 0.717319 0.277707 0.717108 0.281749 0.715127 0.285080 0.710252 0.286598 0.705177 0.285145 0.703861 0.282425 0.703982 0.277855 0.705512 0.274322 0.708615 0.272078
0 0.677926 0.247900 0.681058 0.249673 0.682929 0.253211 0.682719 0.257253 0.680738 0.260585 0.675862 0.262103 0.670788 0.260649 0.669472 0.257929 0.669592 0.253359 0.671122 0.249826 0.674225 0.247581
0 0.616298 0.304956 0.619430 0.306730 0.621301 0.310268 0.621091 0.314309 0.619110 0.317641 0.614235 0.319159 0.609160 0.317706 0.607844 0.314985 0.607964 0.310415 0.609494 0.306882 0.612597 0.304638
0 0.757369 0.252433 0.760502 0.254206 0.762372 0.257745 0.762162 0.261786 0.760182 0.265118 0.755306 0.266636 0.750231 0.265182 0.748915 0.262462 0.749036 0.257893 0.750566 0.254359 0.753669 0.252115
0 0.862841 0.387377 0.865973 0.389150 0.867844 0.392688 0.867634 0.396730 0.865653 0.400061 0.860778 0.401579 0.855703 0.400126 0.854387 0.397406 0.854508 0.392836 0.856037 0.389303 0.859140 0.387059
0 0.911363 0.362344 0.914495 0.364118 0.916366 0.367656 0.916156 0.371698 0.914175 0.375029 0.909300 0.376547 0.904225 0.375094 0.902908 0.372374 0.903029 0.367804 0.904559 0.364271 0.907662 0.362027
0 0.938439 0.409669 0.941570 0.411442 0.943441 0.414981 0.943232 0.419022 0.941250 0.422354 0.936375 0.423872 0.931300 0.422418 0.929984 0.419698 0.930105 0.415129 0.931634 0.411595 0.934738 0.409351
0 0.965572 0.435198 0.968704 0.436971 0.970575 0.440510 0.970365 0.444551 0.968384 0.447883 0.963508 0.449401 0.958434 0.447947 0.957118 0.445227 0.957238 0.440658 0.958768 0.437124 0.961871 0.434880
0 0.973979 0.418938 0.977111 0.420712 0.978982 0.424250 0.978772 0.428291 0.976791 0.431623 0.971916 0.433141 0.966841 0.431687 0.965525 0.428968 0.965645 0.424397 0.967175 0.420864 0.970278 0.418620
0 0.946161 0.426834 0.949293 0.428607 0.951163 0.432146 0.950954 0.436187 0.948973 0.439519 0.944098 0.441037 0.939023 0.439583 0.937706 0.436863 0.937827 0.432293 0.939357 0.428760 0.942460 0.426516
0 0.923234 0.448811 0.926366 0.450585 0.928237 0.454123 0.928027 0.458164 0.926046 0.461496 0.921170 0.463014 0.916096 0.461561 0.914780 0.458841 0.914900 0.454271 0.916430 0.450738 0.919533 0.448493
0 0.979743 0.455962 0.982875 0.457735 0.984746 0.461273 0.984536 0.465315 0.982555 0.468647 0.977680 0.470165 0.972605 0.468711 0.971289 0.465991 0.971409 0.461421 0.972939 0.457888 0.976043 0.455644
0 0.905432 0.399437 0.908564 0.401210 0.910435 0.404749 0.910225 0.408790 0.908244 0.412122 0.903368 0.413640 0.898293 0.412186 0.896978 0.409466 0.897098 0.404897 0.898628 0.401363 0.901731 0.399119
0 0.969434 0.323609 0.972566 0.325383 0.974437 0.328921 0.974227 0.332962 0.972246 0.336294 0.967370 0.337812 0.962296 0.336359 0.960980 0.333639 0.961100 0.329069 0.962630 0.325536 0.965733 0.323291
0 0.985859 0.323315 0.988991 0.325088 0.990862 0.328627 0.990653 0.332668 0.988671 0.336000 0.983796 0.337518 0.978721 0.336064 0.977405 0.333344 0.977526 0.328774 0.979055 0.325241 0.982159 0.322997
0 0.998397 0.313132 0.998397 0.314905 0.998397 0.318444 0.998397 0.322485 0.998397 0.325817 0.998397 0.327335 0.998397 0.325881 0.998397 0.323161 0.998397 0.318591 0.998397 0.315058 0.998397 0.312813
0 0.875223 0.336114 0.878354 0.337887 0.880226 0.341426 0.880016 0.345467 0.878035 0.348799 0.873159 0.350317 0.868084 0.348863 0.866769 0.346143 0.866889 0.341573 0.868419 0.338040 0.871522 0.335796
0 0.903633 0.279795 0.906764 0.281568 0.908636 0.285107 0.908426 0.289148 0.906445 0.292480 0.901569 0.293998 0.896494 0.292544 0.895179 0.289824 0.895299 0.285255 0.896828 0.281721 0.899932 0.279477
0 0.887296 0.270337 0.890428 0.272110 0.892299 0.275648 0.892089 0.279690 0.890108 0.283021 0.885233 0.284539 0.880158 0.283086 0.878842 0.280366 0.878962 0.275796 0.880492 0.272263 0.883595 0.270018
0 0.887550 0.440939 0.890681 0.442712 0.892553 0.446251 0.892343 0.450292 0.890362 0.453624 0.885486 0.455142 0.880411 0.453688 0.879096 0.450968 0.879216 0.446399 0.880745 0.442865 0.883849 0.440621
0 0.983387 0.512667 0.986519 0.514440 0.988390 0.517979 0.988180 0.522020 0.986199 0.525352 0.981324 0.526870 0.976249 0.525416 0.974933 0.522696 0.975054 0.518126 0.976583 0.514593 0.979686 0.512349
0 0.932516 0.526136 0.935648 0.527909 0.937519 0.531447 0.937309 0.535489 0.935328 0.538820 0.930453 0.540338 0.925378 0.538885 0.924062 0.536165 0.924182 0.531595 0.925712 0.528062 0.928815 0.525817
0 0.872669 0.543951 0.875800 0.545724 0.877672 0.549262 0.877462 0.553304 0.875480 0.556635 0.870605 0.558153 0.865530 0.556700 0.864214 0.553980 0.864335 0.549410 0.865865 0.545877 0.868968 0.543632
0 0.954200 0.532641 0.957332 0.534415 0.959203 0.537953 0.958993 0.541995 0.957012 0.545326 0.952137 0.546844 0.947062 0.545390 0.945746 0.542671 0.945867 0.538101 0.947396 0.534568 0.950500 0.532323
0 0.993548 0.492751 0.996680 0.494524 0.998397 0.498062 0.998341 0.502104 0.996360 0.505435 0.991484 0.506953 0.986410 0.505500 0.985094 0.502780 0.985214 0.498210 0.986744 0.494677 0.989847 0.492433
0 0.822576 0.533607 0.825708 0.535381 0.827579 0.538918 0.827369 0.542960 0.825388 0.546291 0.820513 0.547809 0.815438 0.546356 0.814122 0.543636 0.814242 0.539066 0.815772 0.535533 0.818875 0.533289
0 0.779360 0.595900 0.782493 0.597673 0.784363 0.601211 0.784153 0.605253 0.782173 0.608584 0.777298 0.610102 0.772223 0.608649 0.770907 0.605929 0.771027 0.601359 0.772557 0.597826 0.775660 0.595581
0 0.743404 0.623852 0.746536 0.625625 0.748407 0.629164 0.748197 0.633205 0.746216 0.636537 0.741341 0.638055 0.736266 0.636601 0.734950 0.633881 0.735070 0.629311 0.736600 0.625778 0.739704 0.623533
0 0.692667 0.625168 0.695799 0.626941 0.697670 0.630479 0.697460 0.634521 0.695479 0.637852 0.690603 0.639370 0.685529 0.637917 0.684212 0.635197 0.684333 0.630627 0.685863 0.627093 0.688966 0.624849
0 0.900382 0.646501 0.903514 0.648274 0.905385 0.651812 0.905175 0.655854 0.903194 0.659185 0.898319 0.660703 0.893244 0.659250 0.891928 0.656530 0.892048 0.651960 0.893578 0.648427 0.896681 0.646183
0 0.895117 0.596247 0.898249 0.598020 0.900120 0.601559 0.899910 0.605600 0.897929 0.608932 0.893053 0.610450 0.887979 0.608996 0.886663 0.606276 0.886783 0.601707 0.888313 0.598173 0.891416 0.595929
0 0.971304 0.651710 0.974437 0.653483 0.976307 0.657021 0.976098 0.661063 0.974117 0.664394 0.969241 0.665912 0.964167 0.664459 0.962850 0.661739 0.962971 0.657169 0.964501 0.653635 0.967604 0.651391
0 0.940876 0.708352 0.944008 0.710126 0.945879 0.713664 0.945669 0.717705 0.943688 0.721037 0.938813 0.722555 0.933738 0.721102 0.932422 0.718382 0.932543 0.713812 0.934073 0.710279 0.937176 0.708035
0 0.760844 0.716281 0.763975 0.718053 0.765846 0.721592 0.765636 0.725634 0.763655 0.728965 0.758780 0.730483 0.753705 0.729030 0.752389 0.726309 0.752510 0.721740 0.754040 0.718206 0.757143 0.715962
0 0.820316 0.696110 0.823447 0.697884 0.825319 0.701422 0.825109 0.705464 0.823127 0.708795 0.818252 0.710313 0.813177 0.708860 0.811861 0.706140 0.811982 0.701570 0.813512 0.698037 0.816615 0.695792
0 0.805785 0.683384 0.808917 0.685158 0.810787 0.688695 0.810578 0.692737 0.808597 0.696068 0.803722 0.697587 0.798647 0.696133 0.797330 0.693413 0.797451 0.688843 0.798981 0.685310 0.802084 0.683066
0 0.967795 0.724349 0.970927 0.726123 0.972798 0.729661 0.972587 0.733702 0.970607 0.737034 0.965731 0.738552 0.960657 0.737099 0.959340 0.734379 0.959461 0.729809 0.960991 0.726276 0.964094 0.724032
0 0.951474 0.734657 0.954606 0.736430 0.956477 0.739968 0.956267 0.744010 0.954286 0.747341 0.949410 0.748860 0.944335 0.747406 0.943020 0.744686 0.943140 0.740116 0.944670 0.736583 0.947773 0.734338
0 0.853211 0.742194 0.856343 0.743967 0.858214 0.747505 0.858004 0.751547 0.856023 0.754879 0.851148 0.756396 0.846073 0.754943 0.844757 0.752223 0.844877 0.747653 0.846407 0.744120 0.849510 0.741876
0 0.816812 0.779531 0.819943 0.781305 0.821815 0.784843 0.821605 0.788885 0.819624 0.792216 0.814748 0.793734 0.809673 0.792281 0.808358 0.789561 0.808478 0.784991 0.810008 0.781458 0.813111 0.779214
0 0.773731 0.779219 0.776863 0.780992 0.778734 0.784530 0.778524 0.788572 0.776543 0.791903 0.771668 0.793421 0.766593 0.791968 0.765277 0.789248 0.765397 0.784678 0.766927 0.781144 0.770030 0.778900
0 0.812639 0.798349 0.815771 0.800122 0.817642 0.803661 0.817432 0.807702 0.815451 0.811034 0.810575 0.812552 0.805500 0.811098 0.804185 0.808378 0.804305 0.803809 0.805835 0.800275 0.808938 0.798031
0 0.937964 0.779813 0.941095 0.781586 0.942967 0.785125 0.942757 0.789166 0.940776 0.792498 0.935952 0.793498 0.930825 0.792562 0.929510 0.789842 0.929630 0.785272 0.931160 0.781739 0.934263 0.779495
0 0.720169 0.768540 0.723301 0.770313 0.725172 0.773852 0.724962 0.777893 0.722982 0.781225 0.718157 0.782224 0.713031 0.781289 0.711715 0.778569 0.711836 0.773999 0.713365 0.770466 0.716469 0.768222
0 0.688106 0.695815 0.691237 0.697589 0.693109 0.701127 0.692899 0.705168 0.690917 0.708500 0.686093 0.709500 0.680967 0.708565 0.679651 0.705845 0.679772 0.701275 0.681302 0.697742 0.684405 0.695497
0 0.662937 0.678171 0.666069 0.679944 0.667940 0.683482 0.667730 0.687524 0.665749 0.690855 0.660925 0.691855 0.655799 0.690920 0.654483 0.688200 0.654603 0.683630 0.656133 0.680097 0.659236 0.677852
0 0.664592 0.702340 0.667724 0.704114 0.669595 0.707652 0.669385 0.711694 0.667404 0.715025 0.662580 0.716025 0.657454 0.715090 0.656138 0.712370 0.656259 0.707800 0.657788 0.704267 0.660891 0.702023
0 0.817211 0.720862 0.820342 0.722635 0.822214 0.726173 0.822004 0.730215 0.820023 0.733546 0.815198 0.734546 0.810072 0.733611 0.808757 0.730891 0.808877 0.726321 0.810407 0.722787 0.813510 0.720544
0 0.620788 0.701302 0.623920 0.703075 0.625791 0.706613 0.625581 0.710655 0.623600 0.713987 0.618776 0.714986 0.613650 0.714051 0.612334 0.711331 0.612455 0.706761 0.613985 0.703228 0.617088 0.700984
0 0.626186 0.675311 0.629318 0.677084 0.631189 0.680623 0.630979 0.684664 0.628998 0.687996 0.624174 0.688995 0.619048 0.688060 0.617732 0.685340 0.617853 0.680770 0.619382 0.677237 0.622485 0.674993
0 0.641761 0.668699 0.644894 0.670472 0.646764 0.674011 0.646554 0.678052 0.644574 0.681384 0.639749 0.682384 0.634623 0.681448 0.633307 0.678728 0.633428 0.674159 0.634957 0.670625 0.638061 0.668381
0 0.644051 0.720735 0.647183 0.722509 0.649054 0.726047 0.648844 0.730089 0.646864 0.733420 0.642040 0.734420 0.636913 0.733485 0.635598 0.730765 0.635718 0.726195 0.637248 0.722662 0.640351 0.720417
0 0.611053 0.647677 0.614185 0.649451 0.616056 0.652989 0.615846 0.657030 0.613865 0.660362 0.609041 0.661362 0.603915 0.660426 0.602599 0.657707 0.602720 0.653137 0.604250 0.649603 0.607353 0.647359
0 0.911245 0.776436 0.914377 0.778209 0.916248 0.781747 0.916038 0.785789 0.914057 0.789120 0.909233 0.790120 0.904107 0.789185 0.902791 0.786465 0.902911 0.781895 0.904441 0.778362 0.907544 0.776118
0 0.573934 0.665360 0.577066 0.667134 0.578937 0.670672 0.578727 0.674713 0.576746 0.678045 0.571922 0.679045 0.566796 0.678109 0.565480 0.675390 0.565600 0.670820 0.567130 0.667286 0.570234 0.665042
0 0.540390 0.688473 0.543522 0.690246 0.545393 0.693785 0.545183 0.697827 0.543202 0.701158 0.538378 0.702158 0.533252 0.701222 0.531936 0.698502 0.532056 0.693933 0.533586 0.690399 0.536689 0.688155
0 0.530431 0.656373 0.533563 0.658146 0.535434 0.661684 0.535224 0.665726 0.533244 0.669057 0.528419 0.670057 0.523293 0.669122 0.521977 0.666402 0.522097 0.661832 0.523627 0.658299 0.526731 0.656055
0 0.575423 0.640818 0.578555 0.642591 0.580426 0.646130 0.580216 0.650171 0.578235 0.653503 0.573411 0.654502 0.568285 0.653567 0.566969 0.650847 0.567089 0.646277 0.568619 0.642744 0.571722 0.640500
0 0.651714 0.572745 0.654846 0.574518 0.656717 0.578057 0.656507 0.582098 0.654526 0.585430 0.649702 0.586429 0.644576 0.585494 0.643260 0.582774 0.643380 0.578205 0.644910 0.574671 0.648013 0.572427
0 0.414607 0.624844 0.417738 0.626618 0.419610 0.630156 0.419400 0.634197 0.417419 0.637529 0.412594 0.638528 0.407468 0.637593 0.406152 0.634873 0.406273 0.630303 0.407803 0.626770 0.410906 0.624526
0 0.603148 0.759577 0.606280 0.761350 0.608151 0.764889 0.607941 0.768930 0.605960 0.772262 0.601136 0.773261 0.596010 0.772326 0.594694 0.769606 0.594815 0.765036 0.596345 0.761503 0.599448 0.759258
0 0.426981 0.738148 0.430112 0.739922 0.431984 0.743460 0.431774 0.747501 0.429792 0.750833 0.424968 0.751832 0.419842 0.750897 0.418526 0.748177 0.418647 0.743608 0.420177 0.740075 0.423280 0.737830
0 0.467569 0.669210 0.470701 0.670984 0.472572 0.674522 0.472362 0.678564 0.470381 0.681895 0.465557 0.682895 0.460431 0.681960 0.459115 0.679240 0.459235 0.674670 0.460765 0.671137 0.463868 0.668893
0 0.382150 0.647069 0.385282 0.648842 0.387153 0.652380 0.386943 0.656422 0.384963 0.659753 0.380138 0.660753 0.375012 0.659818 0.373696 0.657098 0.373816 0.652528 0.375347 0.648995 0.378450 0.646751
0 0.423802 0.640855 0.426934 0.642628 0.428805 0.646167 0.428595 0.650208 0.426614 0.653540 0.421789 0.654540 0.416664 0.653604 0.415348 0.650885 0.415468 0.646315 0.416998 0.642781 0.420101 0.640537
0 0.421193 0.607788 0.424325 0.609561 0.426196 0.613100 0.425986 0.617141 0.424005 0.620472 0.419181 0.621472 0.414055 0.620537 0.412739 0.617817 0.412859 0.613247 0.414389 0.609714 0.417493 0.607470
0 0.490290 0.568501 0.493422 0.570274 0.495293 0.573813 0.495083 0.577854 0.493102 0.581185 0.488278 0.582185 0.483152 0.581250 0.481836 0.578530 0.481956 0.573960 0.483486 0.570427 0.486590 0.568183
0 0.383268 0.672125 0.386400 0.673897 0.388271 0.677436 0.388061 0.681478 0.386080 0.684809 0.381256 0.685809 0.376130 0.684873 0.374814 0.682153 0.374935 0.677584 0.376464 0.674050 0.379568 0.671806
0 0.610579 0.568428 0.613711 0.570202 0.615582 0.573740 0.615372 0.577781 0.613392 0.581113 0.608567 0.582113 0.603441 0.581177 0.602126 0.578457 0.602246 0.573888 0.603775 0.570355 0.606878 0.568110
0 0.360387 0.704098 0.363518 0.705871 0.365390 0.709409 0.365180 0.713451 0.363199 0.716783 0.358374 0.717782 0.353248 0.716847 0.351933 0.714127 0.352053 0.709557 0.353583 0.706024 0.356686 0.703780
0 0.343338 0.707079 0.346470 0.708853 0.348341 0.712391 0.348131 0.716433 0.346150 0.719764 0.341326 0.720764 0.336200 0.719829 0.334884 0.717109 0.335004 0.712539 0.336534 0.709006 0.339637 0.706762
0 0.372782 0.741246 0.375914 0.743019 0.377785 0.746557 0.377575 0.750599 0.375594 0.753930 0.370770 0.754930 0.365644 0.753995 0.364328 0.751275 0.364448 0.746705 0.365978 0.743172 0.369081 0.740928
0 0.380661 0.726863 0.383793 0.728636 0.385664 0.732175 0.385454 0.736216 0.383473 0.739548 0.378649 0.740547 0.373523 0.739612 0.372207 0.736892 0.372327 0.732323 0.373857 0.728789 0.376960 0.726545
0 0.396640 0.757809 0.399772 0.759582 0.401642 0.763121 0.401433 0.767162 0.399452 0.770494 0.394628 0.771493 0.389502 0.770558 0.388186 0.767838 0.388306 0.763268 0.389836 0.759735 0.392939 0.757491
0 0.434900 0.756548 0.438033 0.758322 0.439903 0.761860 0.439693 0.765902 0.437713 0.769233 0.432940 0.769714 0.427772 0.769204 0.426446 0.766577 0.426567 0.762008 0.428097 0.758474 0.431200 0.756230
0 0.333356 0.665048 0.336488 0.666821 0.338359 0.670359 0.338149 0.674401 0.336168 0.677732 0.331395 0.678213 0.326227 0.677703 0.324902 0.675077 0.325023 0.670507 0.326552 0.666974 0.329655 0.664729
0 0.319561 0.610567 0.322694 0.612341 0.324564 0.615879 0.324354 0.619920 0.322374 0.623252 0.317601 0.623734 0.312433 0.623223 0.311108 0.620597 0.311228 0.616026 0.312758 0.612493 0.315861 0.610249
0 0.332136 0.690697 0.335268 0.692471 0.337139 0.696009 0.336929 0.700050 0.334949 0.703382 0.329868 0.704824 0.325008 0.703353 0.323682 0.700727 0.323802 0.696157 0.325332 0.692624 0.328436 0.690379
0 0.294073 0.711441 0.297205 0.713214 0.299076 0.716753 0.298866 0.720794 0.296885 0.724126 0.291804 0.725568 0.286944 0.724097 0.285619 0.721470 0.285739 0.716901 0.287269 0.713367 0.290372 0.711123
0 0.276635 0.705365 0.279768 0.707138 0.281638 0.710676 0.281428 0.714718 0.279448 0.718050 0.274367 0.719492 0.269507 0.718021 0.268182 0.715394 0.268302 0.710824 0.269831 0.707291 0.272935 0.705047
0 0.263287 0.637092 0.266419 0.638866 0.268290 0.642404 0.268080 0.646445 0.266100 0.649777 0.261019 0.651220 0.256159 0.649749 0.254833 0.647122 0.254953 0.642552 0.256483 0.639019 0.259587 0.636775
0 0.304587 0.633503 0.307719 0.635276 0.309589 0.638815 0.309379 0.642856 0.307399 0.646188 0.302318 0.647630 0.297458 0.646159 0.296132 0.643532 0.296253 0.638963 0.297783 0.635429 0.300886 0.633185
0 0.268229 0.620986 0.271361 0.622760 0.273232 0.626298 0.273022 0.630340 0.271042 0.633671 0.265961 0.635114 0.261100 0.633643 0.259775 0.631016 0.259896 0.626446 0.261425 0.622913 0.264529 0.620669
0 0.197626 0.706164 0.200758 0.707937 0.202629 0.711476 0.202419 0.715517 0.200439 0.718849 0.195358 0.720291 0.190497 0.718820 0.189172 0.716193 0.189293 0.711624 0.190822 0.708090 0.193926 0.705846
0 0.235744 0.693272 0.238875 0.695046 0.240747 0.698584 0.240537 0.702626 0.238556 0.705958 0.233475 0.707400 0.228615 0.705929 0.227289 0.703302 0.227410 0.698732 0.228940 0.695199 0.232043 0.692954
0 0.082517 0.660074 0.085649 0.661848 0.087520 0.665386 0.087310 0.669428 0.085329 0.672759 0.080248 0.674201 0.075388 0.672730 0.074063 0.670103 0.074183 0.665534 0.075713 0.662000 0.078817 0.659756
0 0.084529 0.623120 0.087661 0.624894 0.089532 0.628432 0.089322 0.632473 0.087341 0.635805 0.082261 0.637247 0.077400 0.635776 0.076075 0.633150 0.076195 0.628580 0.077725 0.625046 0.080828 0.622802
0 0.044076 0.655297 0.047207 0.657070 0.049079 0.660608 0.048869 0.664650 0.046888 0.667981 0.041807 0.669423 0.036947 0.667952 0.035622 0.665326 0.035742 0.660756 0.037272 0.657223 0.040375 0.654978
0 0.042836 0.700804 0.045968 0.702578 0.047839 0.706116 0.047630 0.710158 0.045649 0.713489 0.040568 0.714932 0.035708 0.713461 0.034383 0.710834 0.034503 0.706264 0.036032 0.702731 0.039136 0.700487
0 0.007465 0.604814 0.010597 0.606587 0.012468 0.610125 0.012257 0.614167 0.010277 0.617498 0.005196 0.618941 0.000336 0.617470 0.000000 0.614843 0.000000 0.610273 0.000661 0.606740 0.003764 0.604496
0 0.000000 0.717020 0.000000 0.718793 0.000000 0.722332 0.000000 0.726373 0.000000 0.729704 0.000000 0.731147 0.000000 0.729675 0.000000 0.727049 0.000000 0.722479 0.000000 0.718946 0.000000 0.716702
0 0.057805 0.608316 0.060937 0.610090 0.062807 0.613628 0.062597 0.617670 0.060617 0.621001 0.055552 0.622284 0.050676 0.620973 0.049350 0.618346 0.049471 0.613776 0.051001 0.610243 0.054104 0.607999
0 0.033714 0.553017 0.036846 0.554791 0.038716 0.558329 0.038506 0.562371 0.036526 0.565702 0.031461 0.566985 0.026585 0.565674 0.025259 0.563047 0.025380 0.558477 0.026910 0.554944 0.030013 0.552700
0 0.091359 0.510044 0.094491 0.511818 0.096362 0.515356 0.096152 0.519398 0.094171 0.522729 0.089107 0.524012 0.084230 0.522700 0.082905 0.520074 0.083026 0.515504 0.084555 0.511970 0.087659 0.509726
0 0.151234 0.596275 0.154365 0.598049 0.156236 0.601586 0.156027 0.605628 0.154045 0.608960 0.148981 0.610243 0.144104 0.608931 0.142779 0.606305 0.142900 0.601734 0.144429 0.598201 0.147533 0.595957
0 0.004071 0.496030 0.007203 0.497803 0.009074 0.501341 0.008864 0.505383 0.006883 0.508714 0.001819 0.509997 0.000000 0.508686 0.000000 0.506059 0.000000 0.501489 0.000000 0.497956 0.000371 0.495712
0 0.021438 0.540063 0.024570 0.541836 0.026441 0.545375 0.026231 0.549416 0.024250 0.552748 0.019185 0.554031 0.014309 0.552719 0.013175 0.550111 0.013622 0.545574 0.014634 0.541989 0.017737 0.539745
0 0.004725 0.563388 0.007858 0.565161 0.009728 0.568699 0.009518 0.572741 0.007538 0.576072 0.002473 0.577355 0.000000 0.576043 0.000000 0.573435 0.000000 0.568898 0.000000 0.565313 0.001025 0.563069
0 0.028284 0.487090 0.031416 0.488863 0.033287 0.492402 0.033077 0.496443 0.031097 0.499775 0.026032 0.501057 0.021156 0.499746 0.020021 0.497138 0.020469 0.492601 0.021480 0.489016 0.024584 0.486772
0 0.222225 0.645055 0.225357 0.646828 0.227228 0.650366 0.227018 0.654408 0.225037 0.657739 0.219972 0.659022 0.215096 0.657710 0.213962 0.655102 0.214410 0.650565 0.215421 0.646981 0.218524 0.644736
0 0.393555 0.659819 0.396687 0.661593 0.398558 0.665131 0.398348 0.669172 0.396367 0.672504 0.391302 0.673787 0.386426 0.672475 0.385292 0.669868 0.385740 0.665330 0.386751 0.661746 0.389854 0.659501
0 0.486984 0.524350 0.490115 0.526123 0.491987 0.529662 0.491777 0.533703 0.489796 0.537034 0.484731 0.538317 0.479855 0.537005 0.478720 0.534398 0.479168 0.529860 0.480180 0.526276 0.483283 0.524031
0 0.526911 0.510694 0.530043 0.512467 0.531914 0.516006 0.531704 0.520047 0.530241 0.522541 0.522525 0.521341 0.519756 0.519424 0.519262 0.515266 0.520262 0.512352 0.523210 0.510376
0 0.360039 0.503898 0.363171 0.505671 0.365042 0.509209 0.364832 0.513251 0.362851 0.516582 0.357786 0.517865 0.352910 0.516553 0.351776 0.513946 0.352224 0.509408 0.353235 0.505824 0.356338 0.503580
0 0.324837 0.466897 0.327969 0.468670 0.329839 0.472209 0.329630 0.476250 0.327649 0.479581 0.322584 0.480864 0.317708 0.479552 0.316574 0.476945 0.317022 0.472407 0.318033 0.468823 0.321136 0.466578
0 0.269836 0.404065 0.273852 0.405787 0.276282 0.410143 0.276312 0.414784 0.274058 0.418538 0.270347 0.420539 0.264823 0.420432 0.260703 0.417494 0.258899 0.414018 0.259366 0.409207 0.262165 0.405228 0.265611 0.403753
0 0.251572 0.359818 0.255589 0.361540 0.258019 0.365896 0.258049 0.370537 0.255795 0.374291 0.252083 0.376292 0.246560 0.376185 0.242440 0.373246 0.240635 0.369772 0.241102 0.364960 0.243902 0.360981 0.247348 0.359506
0 0.234026 0.325909 0.238043 0.327630 0.240473 0.331986 0.240503 0.336628 0.238249 0.340381 0.234537 0.342382 0.229014 0.342275 0.224894 0.339337 0.223089 0.335862 0.223556 0.331050 0.226356 0.327071 0.229802 0.325596
0 0.346260 0.420741 0.350276 0.422462 0.352707 0.426818 0.352737 0.431460 0.350483 0.435213 0.346771 0.437215 0.341248 0.437107 0.337128 0.434169 0.335323 0.430694 0.335790 0.425883 0.338590 0.421904 0.342036 0.420429
0 0.198104 0.402527 0.202120 0.404248 0.204551 0.408604 0.204581 0.413245 0.202327 0.416999 0.198615 0.419000 0.193092 0.418893 0.188972 0.415955 0.187167 0.412480 0.187634 0.407668 0.190434 0.403690 0.193880 0.402214
0 0.190187 0.435904 0.194203 0.437626 0.196634 0.441981 0.196664 0.446623 0.194410 0.450376 0.190698 0.452378 0.185175 0.452271 0.181055 0.449332 0.179250 0.445857 0.179717 0.441046 0.182517 0.437067 0.185963 0.435592
0 0.169006 0.445228 0.173022 0.446950 0.175452 0.451305 0.175482 0.455947 0.173228 0.459701 0.169516 0.461701 0.163993 0.461594 0.159873 0.458656 0.158068 0.455181 0.158535 0.450369 0.161335 0.446391 0.164781 0.444915
0 0.166106 0.475784 0.170122 0.477506 0.172552 0.481861 0.172583 0.486503 0.170328 0.490256 0.166617 0.492258 0.161094 0.492150 0.156973 0.489212 0.155169 0.485737 0.155635 0.480926 0.158435 0.476947 0.161881 0.475472
0 0.127581 0.415954 0.131597 0.417676 0.134028 0.422031 0.134058 0.426673 0.131804 0.430426 0.128092 0.432428 0.122569 0.432320 0.118449 0.429382 0.116644 0.425907 0.117111 0.421096 0.119910 0.417117 0.123356 0.415642
0 0.136490 0.360490 0.140506 0.362212 0.142936 0.366567 0.142967 0.371209 0.140712 0.374962 0.137001 0.376964 0.131478 0.376857 0.127357 0.373918 0.125553 0.370443 0.126019 0.365632 0.128819 0.361653 0.132265 0.360178
0 0.098927 0.378937 0.102943 0.380659 0.105373 0.385014 0.105404 0.389656 0.103149 0.393410 0.099437 0.395411 0.093915 0.395304 0.089794 0.392365 0.087989 0.388891 0.088456 0.384079 0.091256 0.380100 0.094702 0.378625
0 0.056419 0.396265 0.060435 0.397986 0.062865 0.402342 0.062896 0.406983 0.060641 0.410737 0.056930 0.412738 0.051407 0.412631 0.047286 0.409693 0.045482 0.406218 0.045949 0.401406 0.048748 0.397428 0.052194 0.395952
0 0.044240 0.412005 0.048256 0.413727 0.050687 0.418083 0.050717 0.422724 0.048463 0.426478 0.044751 0.428479 0.039228 0.428372 0.035107 0.425434 0.033302 0.421959 0.033770 0.417147 0.036569 0.413168 0.040015 0.411693
0 0.041836 0.365533 0.045851 0.367255 0.048282 0.371611 0.048312 0.376252 0.046058 0.380006 0.042346 0.382007 0.036823 0.381900 0.032703 0.378962 0.030898 0.375486 0.031365 0.370675 0.034164 0.366696 0.037610 0.365221
0 0.022079 0.376420 0.026095 0.378141 0.028526 0.382497 0.028556 0.387139 0.026302 0.390892 0.022590 0.392893 0.017067 0.392786 0.012946 0.389848 0.011141 0.386373 0.011609 0.381561 0.014408 0.377583 0.017854 0.376107
0 0.033625 0.445835 0.037641 0.447556 0.040072 0.451912 0.040102 0.456553 0.037848 0.460307 0.034136 0.462308 0.028613 0.462201 0.024493 0.459263 0.022688 0.455787 0.023155 0.450976 0.025955 0.446998 0.029401 0.445522
0 0.154327 0.435680 0.158343 0.437401 0.160774 0.441757 0.160804 0.446399 0.158550 0.450152 0.154838 0.452154 0.149315 0.452046 0.145194 0.449108 0.143390 0.445633 0.143857 0.440821 0.146656 0.436842 0.150102 0.435367
0 0.071149 0.464945 0.075165 0.466666 0.077595 0.471022 0.077625 0.475664 0.075371 0.479417 0.071660 0.481418 0.066136 0.481311 0.062016 0.478373 0.060211 0.474898 0.060679 0.470086 0.063478 0.466108 0.066924 0.464632
0 0.161181 0.386215 0.165196 0.387938 0.167627 0.392293 0.167657 0.396934 0.165403 0.400688 0.161691 0.402689 0.156168 0.402582 0.152048 0.399644 0.150243 0.396169 0.150710 0.391357 0.153510 0.387378 0.156956 0.385903
0 0.165229 0.309581 0.169245 0.311303 0.171675 0.315658 0.171705 0.320300 0.169451 0.324053 0.165740 0.326055 0.160216 0.325947 0.156096 0.323009 0.154291 0.319534 0.154758 0.314723 0.157558 0.310744 0.161004 0.309269
0 0.059655 0.245660 0.063671 0.247381 0.066101 0.251737 0.066131 0.256379 0.063877 0.260132 0.060166 0.262133 0.054642 0.262026 0.050522 0.259088 0.048718 0.255613 0.049185 0.250802 0.051984 0.246823 0.055430 0.245347
0 0.141582 0.189822 0.145598 0.191544 0.148029 0.195899 0.148059 0.200541 0.145805 0.204294 0.142093 0.206296 0.136570 0.206189 0.132450 0.203250 0.130645 0.199775 0.131112 0.194964 0.133912 0.190985 0.137358 0.189510
0 0.311417 0.240429 0.315433 0.242152 0.317863 0.246507 0.317894 0.251148 0.315639 0.254902 0.311928 0.256903 0.306405 0.256796 0.302285 0.253858 0.300480 0.250383 0.300947 0.245571 0.303747 0.241593 0.307193 0.240117
0 0.330554 0.207772 0.334570 0.209493 0.337001 0.213849 0.337031 0.218491 0.334777 0.222244 0.331065 0.224245 0.325542 0.224138 0.321422 0.221200 0.319617 0.217725 0.320084 0.212913 0.322884 0.208935 0.326330 0.207459
0 0.366885 0.346602 0.370901 0.348323 0.373332 0.352679 0.373362 0.357320 0.371108 0.361074 0.367396 0.363075 0.361873 0.362968 0.357752 0.360030 0.355948 0.356555 0.356415 0.351743 0.359214 0.347765 0.362660 0.346289
0 0.380965 0.237157 0.384981 0.238879 0.387411 0.243234 0.387441 0.247876 0.385187 0.251629 0.381475 0.253631 0.375952 0.253523 0.371832 0.250585 0.370027 0.247110 0.370494 0.242299 0.373294 0.238320 0.376740 0.236845
0 0.426260 0.256360 0.430276 0.258082 0.432707 0.262438 0.432737 0.267079 0.430483 0.270833 0.426771 0.272834 0.421248 0.272727 0.417128 0.269789 0.415323 0.266313 0.415790 0.261502 0.418590 0.257523 0.422036 0.256048
0 0.483719 0.403593 0.487735 0.405315 0.490166 0.409671 0.490196 0.414312 0.487942 0.418066 0.484230 0.420067 0.478707 0.419960 0.474587 0.417022 0.472782 0.413546 0.473249 0.408735 0.476049 0.404756 0.479495 0.403281
0 0.548052 0.325960 0.552068 0.327682 0.554499 0.332037 0.554529 0.336679 0.552275 0.340432 0.548563 0.342433 0.543040 0.342326 0.538919 0.339388 0.537115 0.335913 0.537582 0.331101 0.540381 0.327123 0.543827 0.325648
0 0.518934 0.330868 0.522950 0.332590 0.525380 0.336945 0.525411 0.341587 0.523156 0.345340 0.519445 0.347342 0.513922 0.347235 0.509802 0.344296 0.507997 0.340821 0.508464 0.336010 0.511264 0.332031 0.514709 0.330556
0 0.605247 0.315423 0.609262 0.317145 0.611693 0.321500 0.611723 0.326142 0.609469 0.329895 0.605757 0.331897 0.600234 0.331790 0.596114 0.328851 0.594310 0.325377 0.594776 0.320565 0.597576 0.316586 0.601022 0.315111
0 0.678462 0.296633 0.682478 0.298354 0.684909 0.302709 0.684939 0.307352 0.682684 0.311105 0.678973 0.313106 0.673450 0.312999 0.669330 0.310060 0.667525 0.306586 0.667992 0.301774 0.670792 0.297795 0.674237 0.296320
0 0.621526 0.381715 0.625542 0.383437 0.627972 0.387793 0.628003 0.392434 0.625748 0.396188 0.622036 0.398189 0.616514 0.398082 0.612393 0.395144 0.610588 0.391669 0.611055 0.386857 0.613855 0.382878 0.617301 0.381403
0 0.557205 0.405577 0.561221 0.407298 0.563652 0.411654 0.563682 0.416296 0.561428 0.420049 0.557716 0.422050 0.552193 0.421943 0.548072 0.419005 0.546268 0.415530 0.546735 0.410718 0.549534 0.406740 0.552980 0.405265
0 0.643695 0.297120 0.647711 0.298842 0.650141 0.303197 0.650171 0.307839 0.647917 0.311593 0.644206 0.313594 0.638682 0.313486 0.634562 0.310549 0.632758 0.307073 0.633225 0.302262 0.636024 0.298283 0.639470 0.296807
0 0.533291 0.453370 0.537307 0.455092 0.539737 0.459448 0.539767 0.464089 0.537513 0.467842 0.533802 0.469844 0.528278 0.469737 0.524158 0.466799 0.522353 0.463324 0.522820 0.458512 0.525620 0.454533 0.529066 0.453058
0 0.679596 0.428685 0.683612 0.430407 0.686042 0.434762 0.686073 0.439404 0.683818 0.443157 0.680106 0.445158 0.674583 0.445051 0.670463 0.442113 0.668658 0.438638 0.669125 0.433827 0.671925 0.429848 0.675371 0.428373
0 0.665078 0.450513 0.669094 0.452234 0.671524 0.456590 0.671555 0.461232 0.669300 0.464985 0.665589 0.466986 0.660066 0.466879 0.655946 0.463941 0.654141 0.460466 0.654608 0.455654 0.657408 0.451676 0.660853 0.450200
0 0.611783 0.497101 0.615799 0.498822 0.618230 0.503178 0.618260 0.507820 0.616006 0.511573 0.612294 0.513574 0.606771 0.513467 0.602651 0.510529 0.600847 0.507054 0.601313 0.502242 0.604113 0.498264 0.607559 0.496788
0 0.616087 0.533106 0.620102 0.534828 0.622533 0.539183 0.622563 0.543825 0.620309 0.547578 0.616597 0.549580 0.611074 0.549472 0.606954 0.546534 0.605149 0.543059 0.605616 0.538248 0.608416 0.534269 0.611862 0.532793
0 0.640376 0.541075 0.644392 0.542796 0.646822 0.547152 0.646852 0.551793 0.644598 0.555547 0.640887 0.557548 0.635363 0.557441 0.631243 0.554503 0.629439 0.551028 0.629906 0.546216 0.632705 0.542238 0.636151 0.540762
0 0.598051 0.554946 0.602067 0.556667 0.604498 0.561023 0.604528 0.565664 0.602274 0.569418 0.598562 0.571419 0.593039 0.571312 0.588919 0.568374 0.587114 0.564899 0.587581 0.560087 0.590381 0.556109 0.593826 0.554633
0 0.588300 0.573295 0.592316 0.575017 0.594746 0.579372 0.594777 0.584014 0.592522 0.587767 0.588811 0.589769 0.583288 0.589662 0.579168 0.586723 0.577363 0.583248 0.577830 0.578437 0.580630 0.574458 0.584076 0.572983
0 0.636217 0.562747 0.640233 0.564469 0.642663 0.568824 0.642693 0.573466 0.640439 0.577219 0.636728 0.579221 0.631204 0.579113 0.627084 0.576175 0.625280 0.572700 0.625747 0.567889 0.628546 0.563910 0.631992 0.562435
0 0.666110 0.585958 0.670126 0.587680 0.672556 0.592035 0.672587 0.596677 0.670332 0.600430 0.666621 0.602431 0.661098 0.602324 0.656978 0.599386 0.655173 0.595911 0.655640 0.591099 0.658440 0.587121 0.661885 0.585645
0 0.496701 0.595813 0.500717 0.597535 0.503148 0.601890 0.503178 0.606532 0.500924 0.610286 0.497212 0.612286 0.491689 0.612179 0.487568 0.609241 0.485763 0.605766 0.486231 0.600954 0.489030 0.596976 0.492476 0.595500
0 0.524608 0.494326 0.528624 0.496048 0.531054 0.500404 0.531084 0.505045 0.528830 0.508799 0.525119 0.510800 0.519595 0.510693 0.515475 0.507755 0.513670 0.504279 0.514137 0.499468 0.516937 0.495489 0.520383 0.494014
0 0.437524 0.470842 0.441540 0.472563 0.443971 0.476919 0.444001 0.481560 0.441747 0.485314 0.438035 0.487315 0.432512 0.487208 0.428391 0.484270 0.426587 0.480795 0.427054 0.475983 0.429853 0.472005 0.433299 0.470529
0 0.392497 0.473781 0.396513 0.475502 0.398943 0.479858 0.398973 0.484499 0.396719 0.488253 0.393008 0.490254 0.387484 0.490147 0.383364 0.487209 0.381560 0.483734 0.382027 0.478922 0.384826 0.474944 0.388272 0.473468
0 0.421090 0.436816 0.425106 0.438537 0.427537 0.442893 0.427567 0.447535 0.425313 0.451288 0.421601 0.453289 0.416078 0.453182 0.411958 0.450244 0.410153 0.446769 0.410620 0.441958 0.413420 0.437979 0.416866 0.436503
0 0.302978 0.512130 0.306995 0.513851 0.309425 0.518207 0.309455 0.522848 0.307201 0.526602 0.303489 0.528603 0.297966 0.528496 0.293846 0.525558 0.292041 0.522083 0.292508 0.517271 0.295308 0.513293 0.298753 0.511817
0 0.258781 0.550856 0.262796 0.552578 0.265227 0.556933 0.265257 0.561575 0.263003 0.565328 0.259291 0.567330 0.253768 0.567222 0.249648 0.564284 0.247843 0.560809 0.248310 0.555998 0.251110 0.552019 0.254556 0.550544
0 0.246333 0.500094 0.250349 0.501816 0.252779 0.506171 0.252809 0.510813 0.250555 0.514566 0.246844 0.516568 0.241320 0.516460 0.237200 0.513522 0.235395 0.510047 0.235863 0.505236 0.238662 0.501257 0.242108 0.499782
0 0.393962 0.389793 0.397978 0.391514 0.400408 0.395870 0.400438 0.400512 0.398184 0.404265 0.394473 0.406266 0.388949 0.406159 0.384829 0.403221 0.383024 0.399746 0.383492 0.394934 0.386291 0.390956 0.389737 0.389480
0 0.379541 0.479031 0.383557 0.480753 0.385987 0.485108 0.386017 0.489750 0.383763 0.493503 0.380052 0.495505 0.374528 0.495398 0.370408 0.492460 0.368604 0.488985 0.369071 0.484173 0.371870 0.480194 0.375316 0.478719
0 0.126814 0.525135 0.130830 0.526857 0.133260 0.531212 0.133291 0.535854 0.131036 0.539607 0.127324 0.541608 0.121801 0.541501 0.117681 0.538563 0.115877 0.535088 0.116343 0.530276 0.119143 0.526298 0.122589 0.524822
0 0.101854 0.524401 0.105870 0.526122 0.108300 0.530477 0.108330 0.535119 0.106076 0.538873 0.102364 0.540874 0.096841 0.540767 0.092721 0.537828 0.090916 0.534354 0.091383 0.529542 0.094183 0.525563 0.097629 0.524088
0 0.068047 0.538521 0.072063 0.540243 0.074493 0.544598 0.074524 0.549240 0.072270 0.552993 0.068558 0.554995 0.063035 0.554887 0.058915 0.551949 0.057110 0.548474 0.057577 0.543663 0.060377 0.539684 0.063822 0.538209
0 0.071664 0.507986 0.075680 0.509708 0.078110 0.514063 0.078140 0.518705 0.075886 0.522458 0.072175 0.524460 0.066652 0.524352 0.062531 0.521414 0.060726 0.517939 0.061194 0.513127 0.063993 0.509149 0.067439 0.507674
0 0.047158 0.516422 0.051174 0.518144 0.053604 0.522500 0.053634 0.527141 0.051380 0.530895 0.047669 0.532896 0.042146 0.532789 0.038025 0.529851 0.036220 0.526375 0.036687 0.521564 0.039487 0.517586 0.042933 0.516110
0 0.004225 0.516438 0.008240 0.518160 0.010671 0.522515 0.010701 0.527157 0.008447 0.530910 0.004735 0.532912 0.000000 0.532804 0.000000 0.529866 0.000000 0.526391 0.000000 0.521580 0.000000 0.517601 0.000000 0.516126
0 0.064691 0.577340 0.068706 0.579062 0.071137 0.583418 0.071167 0.588059 0.068913 0.591813 0.065201 0.593814 0.059678 0.593707 0.055558 0.590769 0.054264 0.587344 0.054739 0.582533 0.057020 0.578504 0.060466 0.577028
0 0.183971 0.598805 0.187987 0.600527 0.190417 0.604882 0.190447 0.609524 0.188193 0.613278 0.184482 0.615279 0.178958 0.615172 0.174838 0.612234 0.173544 0.608809 0.174019 0.603998 0.176300 0.599968 0.179746 0.598493
0 0.154118 0.576811 0.158134 0.578533 0.160564 0.582888 0.160594 0.587529 0.158340 0.591283 0.154629 0.593284 0.149105 0.593177 0.144985 0.590239 0.143691 0.586814 0.144166 0.582003 0.146447 0.577974 0.149893 0.576498
0 0.175907 0.560885 0.179923 0.562607 0.182353 0.566962 0.182384 0.571604 0.180129 0.575357 0.176418 0.577359 0.170895 0.577251 0.166774 0.574313 0.165480 0.570889 0.165955 0.566078 0.168236 0.562048 0.171682 0.560573
0 0.249445 0.439775 0.253461 0.441497 0.255891 0.445852 0.255922 0.450494 0.253667 0.454247 0.249956 0.456249 0.244433 0.456142 0.240313 0.453203 0.239018 0.449779 0.239493 0.444968 0.241774 0.440938 0.245220 0.439463
0 0.105122 0.567333 0.109138 0.569054 0.111569 0.573410 0.111599 0.578051 0.109345 0.581805 0.105633 0.583806 0.100110 0.583699 0.095990 0.580761 0.094696 0.577336 0.095170 0.572525 0.097452 0.568496 0.100898 0.567020
0 0.169657 0.696792 0.173673 0.698514 0.176104 0.702870 0.176134 0.707511 0.173880 0.711265 0.170168 0.713266 0.164645 0.713159 0.160525 0.710221 0.159231 0.706796 0.159705 0.701985 0.161987 0.697955 0.165432 0.696480
0 0.091750 0.707143 0.095766 0.708864 0.098196 0.713219 0.098226 0.717861 0.095972 0.721615 0.092261 0.723616 0.086737 0.723508 0.082617 0.720571 0.081323 0.717146 0.081798 0.712335 0.084079 0.708305 0.087525 0.706830
0 0.203056 0.659858 0.207072 0.661580 0.209503 0.665935 0.209533 0.670577 0.207279 0.674330 0.203567 0.676332 0.198044 0.676225 0.193924 0.673286 0.192630 0.669862 0.193105 0.665051 0.195386 0.661021 0.198831 0.659546
0 0.014623 0.699987 0.017755 0.701760 0.019626 0.705299 0.019416 0.709340 0.017435 0.712672 0.012389 0.713762 0.007494 0.712643 0.006169 0.710016 0.006290 0.705447 0.007819 0.701913 0.010922 0.699669
0 0.014329 0.663823 0.017460 0.665596 0.019332 0.669134 0.019122 0.673176 0.017141 0.676507 0.012095 0.677598 0.007199 0.676479 0.005875 0.673852 0.005995 0.669282 0.007525 0.665749 0.010628 0.663505
0 0.215437 0.716083 0.218569 0.717857 0.220440 0.721395 0.220230 0.725437 0.218249 0.728768 0.213203 0.729859 0.208308 0.728740 0.206983 0.726113 0.207103 0.721543 0.208633 0.718010 0.211736 0.715766
0 0.001091 0.654089 0.004222 0.655863 0.006094 0.659401 0.005884 0.663443 0.003902 0.666774 0.000000 0.668216 0.000000 0.666745 0.000000 0.664119 0.000000 0.659549 0.000000 0.656015 0.000000 0.653771
0 0.000000 0.687847 0.000000 0.689621 0.000000 0.693159 0.000000 0.697201 0.000000 0.700532 0.000000 0.701974 0.000000 0.700503 0.000000 0.697877 0.000000 0.693307 0.000000 0.689774 0.000000 0.687530
0 0.123844 0.565605 0.126976 0.567378 0.128847 0.570916 0.128637 0.574958 0.126656 0.578289 0.121576 0.579732 0.116715 0.578261 0.115390 0.575634 0.115510 0.571064 0.117040 0.567531 0.120143 0.565287
0 0.050503 0.676821 0.054519 0.678542 0.056950 0.682898 0.056980 0.687540 0.054726 0.691293 0.051014 0.693294 0.045491 0.693187 0.041371 0.690249 0.040077 0.686824 0.040551 0.682014 0.042833 0.677984 0.046279 0.676508
0 0.241417 0.637589 0.245432 0.639311 0.247863 0.643666 0.247893 0.648307 0.245639 0.652061 0.241927 0.654062 0.236404 0.653955 0.232284 0.651017 0.230990 0.647592 0.231465 0.642781 0.233746 0.638752 0.237192 0.637276
0 0.266810 0.687456 0.270826 0.689178 0.273257 0.693533 0.273287 0.698175 0.271033 0.701928 0.267321 0.703930 0.261798 0.703822 0.257678 0.700884 0.256383 0.697460 0.256858 0.692649 0.259139 0.688619 0.262585 0.687144
0 0.240316 0.615696 0.244332 0.617418 0.246762 0.621773 0.246792 0.626415 0.244538 0.630168 0.240827 0.632170 0.235303 0.632062 0.231183 0.629124 0.229889 0.625699 0.230364 0.620889 0.232645 0.616859 0.236091 0.615384
0 0.318768 0.651383 0.322784 0.653105 0.325215 0.657460 0.325245 0.662102 0.322991 0.665855 0.319279 0.667856 0.313756 0.667749 0.309635 0.664811 0.308341 0.661387 0.308816 0.656576 0.311097 0.652546 0.314543 0.651071
0 0.392765 0.706631 0.396781 0.708353 0.399212 0.712708 0.399242 0.717349 0.396987 0.721103 0.393276 0.723104 0.387753 0.722997 0.383632 0.720059 0.382338 0.716634 0.382813 0.711823 0.385094 0.707794 0.388540 0.706318
0 0.235370 0.577871 0.239386 0.579593 0.241816 0.583948 0.241847 0.588590 0.239592 0.592343 0.235881 0.594344 0.230358 0.594237 0.226237 0.591299 0.224943 0.587875 0.225418 0.583064 0.227699 0.579034 0.231145 0.577558
0 0.340118 0.604892 0.344135 0.606613 0.346565 0.610969 0.346595 0.615611 0.344341 0.619364 0.340629 0.621365 0.335106 0.621258 0.330986 0.618320 0.329692 0.614895 0.330166 0.610085 0.332448 0.606055 0.335894 0.604580
0 0.313671 0.717604 0.317686 0.719326 0.320117 0.723681 0.320147 0.728322 0.317893 0.732076 0.314181 0.734077 0.308658 0.733970 0.304538 0.731032 0.303244 0.727607 0.303719 0.722796 0.305999 0.718766 0.309445 0.717291
0 0.443000 0.717924 0.447016 0.719646 0.449446 0.724001 0.449477 0.728643 0.447222 0.732396 0.443511 0.734398 0.437988 0.734290 0.433867 0.731352 0.432573 0.727928 0.433048 0.723117 0.435329 0.719087 0.438775 0.717612
0 0.483387 0.643445 0.487402 0.645167 0.489833 0.649522 0.489863 0.654164 0.487609 0.657917 0.483897 0.659919 0.478374 0.659812 0.474254 0.656873 0.472960 0.653449 0.473435 0.648638 0.475716 0.644608 0.479162 0.643133
0 0.488712 0.625118 0.492728 0.626839 0.495158 0.631195 0.495188 0.635836 0.492934 0.639590 0.489222 0.641591 0.483699 0.641484 0.479579 0.638546 0.478285 0.635121 0.478760 0.630310 0.481041 0.626281 0.484487 0.624805
0 0.451257 0.628975 0.455273 0.630697 0.457703 0.635053 0.457734 0.639694 0.455480 0.643448 0.451768 0.645449 0.446245 0.645342 0.442125 0.642404 0.440830 0.638979 0.441305 0.634168 0.443587 0.630138 0.447032 0.628663
0 0.310240 0.552000 0.310059 0.561908 0.305362 0.567294 0.298904 0.568960 0.291399 0.567776 0.286866 0.564315 0.284402 0.559641 0.285183 0.552629 0.288968 0.547508 0.292862 0.544880 0.299100 0.543634 0.306047 0.546890
0 0.342040 0.581736 0.341860 0.591644 0.337162 0.597028 0.330705 0.598695 0.323200 0.597511 0.318666 0.594051 0.316203 0.589377 0.316984 0.582364 0.320768 0.577243 0.324662 0.574615 0.330901 0.573369 0.337847 0.576625
0 0.371665 0.585025 0.371485 0.594932 0.366787 0.600318 0.360330 0.601984 0.352824 0.600800 0.348291 0.597340 0.345828 0.592665 0.346608 0.585653 0.350393 0.580532 0.354287 0.577904 0.360525 0.576658 0.367472 0.579914
0 0.375073 0.533351 0.374893 0.543259 0.370195 0.548645 0.363738 0.550311 0.356233 0.549127 0.351699 0.545666 0.349236 0.540992 0.350016 0.533980 0.353801 0.528859 0.357695 0.526230 0.363934 0.524985 0.370880 0.528241
0 0.133788 0.496632 0.133608 0.506539 0.128910 0.511924 0.122453 0.513591 0.114947 0.512407 0.110414 0.508947 0.107950 0.504273 0.108731 0.497260 0.112516 0.492139 0.116410 0.489510 0.122648 0.488266 0.129595 0.491521
0 0.155328 0.696184 0.155147 0.706091 0.150450 0.711477 0.143993 0.713143 0.136487 0.711959 0.131954 0.708499 0.129490 0.703824 0.130271 0.696812 0.134056 0.691691 0.137949 0.689063 0.144188 0.687817 0.151134 0.691073
0 0.454017 0.656819 0.453837 0.666727 0.449139 0.672112 0.442682 0.673779 0.435176 0.672595 0.430643 0.669134 0.428180 0.664460 0.428960 0.657447 0.432745 0.652327 0.436639 0.649698 0.442877 0.648453 0.449824 0.651709
0 0.470053 0.739923 0.469872 0.749831 0.465175 0.755215 0.458717 0.756882 0.451212 0.755698 0.446679 0.752238 0.444215 0.747564 0.444996 0.740551 0.448781 0.735430 0.452674 0.732802 0.458913 0.731556 0.465859 0.734812
0 0.675667 0.614801 0.675792 0.623402 0.672069 0.628094 0.670827 0.628845 0.665611 0.629760 0.658106 0.628577 0.653572 0.625116 0.651109 0.620442 0.651890 0.613429 0.655675 0.608308 0.659568 0.605680 0.665087 0.605344 0.671265 0.608256
0 0.530766 0.637490 0.530585 0.647398 0.525888 0.652783 0.519431 0.654450 0.511926 0.653266 0.507392 0.649805 0.504928 0.645131 0.505709 0.638119 0.509494 0.632998 0.513388 0.630369 0.519627 0.629124 0.526573 0.632380
0 0.568205 0.458321 0.568025 0.468229 0.563327 0.473614 0.556870 0.475280 0.549364 0.474096 0.544831 0.470636 0.542368 0.465962 0.543148 0.458949 0.546933 0.453829 0.550826 0.451200 0.557065 0.449955 0.564012 0.453210
0 0.433922 0.401948 0.433742 0.411856 0.429045 0.417241 0.422587 0.418908 0.415081 0.417723 0.410548 0.414263 0.408084 0.409589 0.408865 0.402576 0.412650 0.397455 0.416544 0.394827 0.422782 0.393581 0.429729 0.396837
0 0.456570 0.427634 0.456389 0.437542 0.451692 0.442927 0.445234 0.444593 0.437729 0.443409 0.433195 0.439949 0.430732 0.435275 0.431513 0.428262 0.435298 0.423142 0.439191 0.420513 0.445430 0.419268 0.452376 0.422523
0 0.458804 0.504654 0.458623 0.514562 0.453926 0.519947 0.447469 0.521614 0.439963 0.520430 0.435430 0.516969 0.432966 0.512295 0.433747 0.505282 0.437532 0.500162 0.441425 0.497533 0.447664 0.496288 0.454610 0.499544
0 0.714313 0.718568 0.714132 0.728475 0.709435 0.733860 0.702978 0.735527 0.695472 0.734343 0.690939 0.730883 0.688475 0.726208 0.689256 0.719196 0.693041 0.714075 0.696934 0.711446 0.703173 0.710201 0.710120 0.713456
0 0.808725 0.756295 0.808545 0.766202 0.803848 0.771587 0.797390 0.773254 0.789884 0.772070 0.785351 0.768610 0.782888 0.763935 0.783668 0.756923 0.787454 0.751802 0.791347 0.749174 0.797585 0.747928 0.804532 0.751184
0 0.890857 0.734267 0.890676 0.744174 0.885979 0.749560 0.879522 0.751226 0.872016 0.750043 0.867483 0.746582 0.865019 0.741908 0.865800 0.734895 0.869585 0.729775 0.873478 0.727146 0.879717 0.725901 0.886664 0.729156
0 0.975708 0.682293 0.975528 0.692200 0.970831 0.697585 0.964373 0.699252 0.956868 0.698068 0.952334 0.694607 0.949871 0.689933 0.950652 0.682921 0.954436 0.677800 0.958330 0.675171 0.964569 0.673926 0.971515 0.677182
0 0.873586 0.438830 0.873406 0.448738 0.868709 0.454124 0.862251 0.455790 0.854746 0.454606 0.850213 0.451145 0.847749 0.446471 0.848530 0.439459 0.852315 0.434338 0.856208 0.431710 0.862447 0.430464 0.869394 0.433720
0 0.825776 0.432067 0.825595 0.441975 0.820898 0.447360 0.814440 0.449027 0.806935 0.447843 0.802401 0.444382 0.799938 0.439708 0.800719 0.432696 0.804504 0.427575 0.808397 0.424946 0.814636 0.423701 0.821582 0.426957
0 0.749148 0.432610 0.748968 0.442517 0.744270 0.447903 0.737813 0.449570 0.730307 0.448386 0.725774 0.444925 0.723311 0.440251 0.724091 0.433238 0.727876 0.428118 0.731770 0.425489 0.738008 0.424244 0.744955 0.427500
0 0.716786 0.422415 0.716605 0.432322 0.711908 0.437707 0.705451 0.439374 0.697945 0.438190 0.693412 0.434730 0.690948 0.430055 0.691729 0.423043 0.695514 0.417922 0.699407 0.415293 0.705646 0.414048 0.712592 0.417304
0 0.672956 0.384884 0.672776 0.394792 0.668078 0.400177 0.661621 0.401844 0.654116 0.400660 0.649582 0.397199 0.647119 0.392525 0.647899 0.385513 0.651684 0.380392 0.655578 0.377763 0.661816 0.376518 0.668763 0.379774
0 0.745107 0.407195 0.744927 0.417103 0.740230 0.422488 0.733772 0.424155 0.726267 0.422971 0.721734 0.419510 0.719270 0.414836 0.720051 0.407824 0.723836 0.402702 0.727729 0.400074 0.733968 0.398828 0.740914 0.402084
0 0.847626 0.271275 0.847446 0.281183 0.842749 0.286568 0.836291 0.288235 0.828786 0.287051 0.824253 0.283590 0.821789 0.278916 0.822570 0.271903 0.826355 0.266782 0.830248 0.264154 0.836487 0.262908 0.843433 0.266164
0 0.788801 0.280421 0.788621 0.290328 0.783923 0.295714 0.777466 0.297380 0.769961 0.296196 0.765427 0.292736 0.762964 0.288061 0.763744 0.281049 0.767529 0.275928 0.771423 0.273300 0.777662 0.272054 0.784608 0.275310
0 0.596117 0.373706 0.595937 0.383613 0.591240 0.388998 0.584782 0.390665 0.577277 0.389481 0.572743 0.386021 0.570280 0.381347 0.571061 0.374334 0.574846 0.369213 0.578739 0.366584 0.584978 0.365339 0.591924 0.368595
0 0.975894 0.354288 0.975714 0.364195 0.971016 0.369581 0.964559 0.371247 0.957054 0.370064 0.952520 0.366603 0.950057 0.361929 0.950837 0.354916 0.954622 0.349796 0.958515 0.347167 0.964755 0.345922 0.971701 0.349177
0 0.998397 0.277307 0.998397 0.287215 0.996243 0.292600 0.989786 0.294267 0.982280 0.293082 0.977747 0.289622 0.975284 0.284948 0.976064 0.277936 0.979849 0.272814 0.983743 0.270186 0.989981 0.268940 0.996928 0.272196
0 0.714263 0.252613 0.714082 0.262520 0.709385 0.267905 0.702928 0.269572 0.695422 0.268388 0.690889 0.264928 0.688425 0.260254 0.689206 0.253241 0.692991 0.248120 0.696884 0.245491 0.703123 0.244246 0.710069 0.247502
0 0.424145 0.347043 0.423965 0.356950 0.419267 0.362335 0.412810 0.364002 0.405304 0.362818 0.400771 0.359357 0.398308 0.354683 0.399088 0.347671 0.402873 0.342550 0.406767 0.339921 0.413005 0.338676 0.419952 0.341932
0 0.477011 0.346440 0.476831 0.356348 0.472133 0.361733 0.465676 0.363399 0.458170 0.362216 0.453637 0.358755 0.451174 0.354081 0.451954 0.347068 0.455739 0.341948 0.459632 0.339319 0.465871 0.338074 0.472818 0.341329
0 0.475929 0.227440 0.475749 0.237348 0.471052 0.242733 0.464594 0.244400 0.457089 0.243216 0.452555 0.239755 0.450091 0.235081 0.450873 0.228069 0.454657 0.222948 0.458551 0.220319 0.464790 0.219074 0.471736 0.222330
0 0.568810 0.237634 0.568629 0.247541 0.563932 0.252926 0.557475 0.254593 0.549969 0.253409 0.545436 0.249949 0.542972 0.245274 0.543753 0.238262 0.547538 0.233141 0.551431 0.230512 0.557670 0.229267 0.564617 0.232523
0 0.296940 0.305065 0.296759 0.314973 0.292062 0.320358 0.285605 0.322025 0.278099 0.320841 0.273566 0.317380 0.271102 0.312706 0.271883 0.305694 0.275668 0.300573 0.279561 0.297944 0.285800 0.296699 0.292746 0.299955
0 0.321627 0.317261 0.321447 0.327169 0.316750 0.332554 0.310292 0.334221 0.302786 0.333037 0.298253 0.329576 0.295789 0.324902 0.296571 0.317890 0.300356 0.312769 0.304249 0.310140 0.310487 0.308895 0.317434 0.312151
0 0.285883 0.240872 0.285703 0.250779 0.281005 0.256164 0.274548 0.257831 0.267042 0.256647 0.262509 0.253187 0.260046 0.248512 0.260826 0.241500 0.264611 0.236379 0.268505 0.233750 0.274743 0.232505 0.281690 0.235761
0 0.140901 0.300056 0.140722 0.309963 0.136024 0.315348 0.129567 0.317015 0.122061 0.315831 0.117528 0.312371 0.115064 0.307696 0.115845 0.300684 0.119630 0.295563 0.123524 0.292934 0.129762 0.291689 0.136709 0.294945
0 0.122763 0.224695 0.122583 0.234603 0.117885 0.239988 0.111428 0.241655 0.103923 0.240471 0.099389 0.237010 0.096926 0.232336 0.097707 0.225324 0.101491 0.220203 0.105385 0.217574 0.111624 0.216329 0.118570 0.219585
0 0.117335 0.197566 0.117155 0.207473 0.112457 0.212858 0.106000 0.214525 0.098494 0.213341 0.093961 0.209881 0.091497 0.205206 0.092278 0.198194 0.096063 0.193073 0.099957 0.190444 0.106195 0.189199 0.113142 0.192455
0 0.234043 0.518876 0.233863 0.528783 0.229165 0.534169 0.222708 0.535835 0.215202 0.534651 0.210669 0.531191 0.208205 0.526517 0.208986 0.519504 0.212771 0.514383 0.216665 0.511754 0.222903 0.510509 0.229850 0.513765
0 0.303706 0.690130 0.303526 0.700038 0.298829 0.705423 0.292371 0.707089 0.284865 0.705905 0.280332 0.702445 0.277869 0.697771 0.278650 0.690758 0.282435 0.685637 0.286328 0.683009 0.292567 0.681763 0.299513 0.685019
0 0.431878 0.565240 0.431697 0.575148 0.427000 0.580533 0.420543 0.582200 0.413037 0.581015 0.408504 0.577555 0.406040 0.572881 0.406821 0.565869 0.410606 0.560748 0.414499 0.558119 0.420738 0.556874 0.427684 0.560129
0 0.423834 0.485683 0.423653 0.495591 0.418956 0.500976 0.412498 0.502643 0.404993 0.501459 0.400459 0.497998 0.397996 0.493324 0.398777 0.486311 0.402562 0.481191 0.406455 0.478562 0.412694 0.477317 0.419640 0.480573
0 0.381165 0.460307 0.380985 0.470214 0.376287 0.475600 0.369830 0.477266 0.362324 0.476082 0.357791 0.472621 0.355328 0.467948 0.356108 0.460935 0.359893 0.455814 0.363787 0.453186 0.370025 0.451940 0.376972 0.455196
0 0.920032 0.625943 0.919851 0.635851 0.915154 0.641236 0.908696 0.642903 0.901191 0.641719 0.896658 0.638258 0.894194 0.633584 0.894975 0.626572 0.898760 0.621450 0.902654 0.618822 0.908892 0.617577 0.915839 0.620833
0 0.706263 0.601339 0.706476 0.609156 0.703906 0.616775 0.697226 0.621565 0.689460 0.621887 0.683439 0.620885 0.677457 0.615526 0.674954 0.609451 0.675709 0.602562 0.677771 0.597012 0.685495 0.593158 0.692338 0.592092 0.701803 0.595903
0 0.597559 0.498820 0.597772 0.506637 0.595203 0.514255 0.588522 0.519046 0.580757 0.519367 0.574736 0.518366 0.568754 0.513007 0.566250 0.506932 0.567006 0.500042 0.569067 0.494494 0.576791 0.490638 0.583634 0.489573 0.593100 0.493384
0 0.595812 0.288782 0.598943 0.290556 0.600815 0.294094 0.600605 0.298135 0.598623 0.301467 0.593748 0.302985 0.588673 0.301531 0.587357 0.298812 0.587478 0.294241 0.589008 0.290708 0.592111 0.288464
0 0.638976 0.271510 0.642992 0.273232 0.645423 0.277587 0.645453 0.282229 0.643199 0.285982 0.639487 0.287984 0.633964 0.287876 0.629843 0.284938 0.628039 0.281463 0.628506 0.276652 0.631305 0.272673 0.634751 0.271198
0 0.775514 0.320407 0.775152 0.325563 0.773556 0.329135 0.771250 0.331496 0.766954 0.332287 0.760405 0.331202 0.757460 0.328042 0.756440 0.323205 0.757344 0.318610 0.759522 0.314952 0.763141 0.312902 0.767617 0.312972 0.772822 0.315826
0 0.820537 0.356122 0.820175 0.361279 0.818579 0.364851 0.816272 0.367212 0.811977 0.368002 0.805428 0.366917 0.802483 0.363757 0.801463 0.358920 0.802367 0.354325 0.804545 0.350668 0.808164 0.348617 0.812640 0.348688 0.817844 0.351542
0 0.772129 0.360786 0.771766 0.365943 0.770170 0.369515 0.767864 0.371876 0.763568 0.372667 0.757019 0.371581 0.754074 0.368421 0.753054 0.363584 0.753959 0.358989 0.756136 0.355332 0.759756 0.353281 0.764231 0.353352 0.769435 0.356206
0 0.796462 0.404251 0.796100 0.409408 0.794504 0.412980 0.792198 0.415340 0.787902 0.416131 0.781353 0.415046 0.778408 0.411886 0.777388 0.407049 0.778293 0.402454 0.780470 0.398796 0.784090 0.396746 0.788565 0.396816 0.793769 0.399670
0 0.833046 0.402227 0.832683 0.407383 0.831087 0.410956 0.828782 0.413316 0.824486 0.414107 0.817937 0.413022 0.814992 0.409861 0.813972 0.405024 0.814876 0.400429 0.817054 0.396772 0.820673 0.394721 0.825149 0.394792 0.830353 0.397646
0 0.807770 0.301579 0.807408 0.306736 0.805812 0.310308 0.803506 0.312669 0.799210 0.313459 0.792661 0.312374 0.789716 0.309214 0.788696 0.304377 0.789601 0.299782 0.791778 0.296125 0.795398 0.294074 0.799873 0.294145 0.805078 0.296998
0 0.859845 0.293911 0.859482 0.299068 0.857887 0.302640 0.855581 0.305001 0.851285 0.305791 0.844736 0.304706 0.841791 0.301546 0.840771 0.296709 0.841675 0.292114 0.843853 0.288457 0.847472 0.286406 0.851948 0.286477 0.857152 0.289330
0 0.877860 0.361345 0.877497 0.366502 0.875901 0.370074 0.873596 0.372435 0.869300 0.373225 0.862751 0.372140 0.859806 0.368980 0.858786 0.364143 0.859690 0.359548 0.861868 0.355891 0.865487 0.353840 0.869963 0.353911 0.875167 0.356764
0 0.941911 0.312884 0.941548 0.318041 0.939953 0.321613 0.937647 0.323974 0.933351 0.324765 0.926802 0.323679 0.923857 0.320519 0.922837 0.315682 0.923741 0.311087 0.925919 0.307429 0.929538 0.305379 0.934014 0.305449 0.939218 0.308304
0 0.900013 0.317462 0.899650 0.322619 0.898054 0.326191 0.895748 0.328552 0.891452 0.329343 0.884904 0.328257 0.881958 0.325097 0.880939 0.320260 0.881843 0.315665 0.884021 0.312008 0.887640 0.309957 0.892116 0.310028 0.897320 0.312882
0 0.939810 0.372768 0.939447 0.377924 0.937851 0.381497 0.935546 0.383857 0.931250 0.384648 0.924701 0.383563 0.921756 0.380402 0.920735 0.375565 0.921640 0.370970 0.923818 0.367313 0.927437 0.365262 0.931913 0.365333 0.937117 0.368187
0 0.958329 0.325842 0.957967 0.330998 0.956371 0.334571 0.954065 0.336931 0.949769 0.337722 0.943220 0.336636 0.940275 0.333477 0.939255 0.328639 0.940159 0.324045 0.942337 0.320387 0.945957 0.318336 0.950432 0.318407 0.955636 0.321261
0 0.793976 0.333281 0.793613 0.338438 0.792017 0.342010 0.789712 0.344370 0.785416 0.345161 0.778867 0.344076 0.775922 0.340916 0.774902 0.336078 0.775806 0.331484 0.777984 0.327826 0.781603 0.325775 0.786079 0.325846 0.791283 0.328700
0 0.819435 0.460808 0.819072 0.465965 0.817476 0.469537 0.815171 0.471898 0.810875 0.472688 0.804326 0.471603 0.801381 0.468443 0.800361 0.463606 0.801265 0.459011 0.803443 0.455353 0.807062 0.453303 0.811538 0.453373 0.816742 0.456227
0 0.977250 0.306775 0.976887 0.311931 0.975290 0.315504 0.972985 0.317864 0.968689 0.318655 0.962140 0.317569 0.959195 0.314410 0.958175 0.309572 0.959079 0.304978 0.961257 0.301320 0.964876 0.299269 0.969352 0.299340 0.974556 0.302194
0 0.908627 0.264299 0.908264 0.269455 0.906668 0.273028 0.904362 0.275388 0.900067 0.276179 0.893517 0.275094 0.890573 0.271933 0.889552 0.267096 0.890457 0.262501 0.892635 0.258844 0.896254 0.256793 0.900730 0.256864 0.905934 0.259718
0 0.926713 0.494152 0.926350 0.499308 0.924754 0.502881 0.922448 0.505241 0.918153 0.506032 0.911604 0.504947 0.908659 0.501786 0.907639 0.496949 0.908543 0.492354 0.910721 0.488697 0.914340 0.486646 0.918815 0.486717 0.924020 0.489571
0 0.973465 0.496766 0.973102 0.501923 0.971506 0.505495 0.969200 0.507856 0.964905 0.508646 0.958356 0.507561 0.955410 0.504401 0.954390 0.499564 0.955294 0.494969 0.957473 0.491311 0.961092 0.489261 0.965568 0.489331 0.970772 0.492185
0 0.841511 0.476091 0.841149 0.481247 0.839552 0.484820 0.837247 0.487180 0.832951 0.487971 0.826402 0.486886 0.823457 0.483726 0.822437 0.478888 0.823341 0.474294 0.825519 0.470636 0.829138 0.468586 0.833614 0.468656 0.838818 0.471510
0 0.860321 0.489389 0.859958 0.494545 0.858362 0.498118 0.856056 0.500478 0.851760 0.501269 0.845211 0.500184 0.842266 0.497024 0.841246 0.492187 0.842150 0.487592 0.844329 0.483934 0.847948 0.481884 0.852423 0.481954 0.857627 0.484808
0 0.827634 0.560527 0.827271 0.565683 0.825675 0.569256 0.823370 0.571616 0.819074 0.572407 0.812525 0.571322 0.809580 0.568161 0.808559 0.563324 0.809464 0.558730 0.811642 0.555072 0.815261 0.553021 0.819737 0.553092 0.824941 0.555946
0 0.868376 0.600341 0.868013 0.605497 0.866417 0.609069 0.864111 0.611430 0.859816 0.612221 0.853267 0.611135 0.850321 0.607975 0.849301 0.603138 0.850205 0.598544 0.852384 0.594886 0.856003 0.592835 0.860479 0.592906 0.865683 0.595760
0 0.938484 0.597273 0.938122 0.602430 0.936526 0.606002 0.934220 0.608363 0.929924 0.609154 0.923375 0.608068 0.920430 0.604908 0.919410 0.600071 0.920314 0.595476 0.922492 0.591819 0.926111 0.589768 0.930587 0.589839 0.935791 0.592693
0 0.715633 0.496716 0.715270 0.501872 0.713674 0.505445 0.711369 0.507805 0.707073 0.508596 0.700524 0.507511 0.697579 0.504351 0.696559 0.499514 0.697463 0.494919 0.699641 0.491261 0.703260 0.489211 0.707736 0.489281 0.712940 0.492136
0 0.682537 0.475279 0.682175 0.480436 0.680579 0.484008 0.678273 0.486369 0.673977 0.487160 0.667428 0.486075 0.664483 0.482915 0.663463 0.478078 0.664368 0.473483 0.666545 0.469825 0.670165 0.467775 0.674641 0.467845 0.679845 0.470699
0 0.778157 0.580901 0.777795 0.586058 0.776199 0.589630 0.773893 0.591990 0.769597 0.592781 0.763048 0.591696 0.760103 0.588536 0.759083 0.583699 0.759987 0.579104 0.762165 0.575446 0.765784 0.573396 0.770260 0.573466 0.775465 0.576320
0 0.693243 0.577142 0.692881 0.582299 0.691285 0.585871 0.688979 0.588231 0.684683 0.589023 0.678134 0.587937 0.675189 0.584777 0.674169 0.579940 0.675073 0.575345 0.677251 0.571687 0.680870 0.569637 0.685346 0.569707 0.690550 0.572562
0 0.778656 0.651950 0.778293 0.657107 0.776697 0.660679 0.774391 0.663040 0.770095 0.663830 0.763546 0.662745 0.760601 0.659585 0.759581 0.654748 0.760486 0.650153 0.762663 0.646496 0.766283 0.644445 0.770758 0.644516 0.775963 0.647369
0 0.740968 0.675062 0.740605 0.680218 0.739009 0.683790 0.736703 0.686151 0.732408 0.686942 0.725859 0.685856 0.722913 0.682696 0.721893 0.677859 0.722798 0.673264 0.724976 0.669606 0.728595 0.667556 0.733071 0.667626 0.738275 0.670481
0 0.691734 0.661188 0.691371 0.666345 0.689775 0.669917 0.687469 0.672278 0.683173 0.673068 0.676624 0.671983 0.673679 0.668823 0.672659 0.663986 0.673563 0.659391 0.675741 0.655733 0.679361 0.653683 0.683836 0.653753 0.689040 0.656607
0 0.595695 0.693150 0.595332 0.698306 0.593736 0.701879 0.591430 0.704239 0.587135 0.705030 0.580586 0.703944 0.577641 0.700784 0.576621 0.695947 0.577525 0.691353 0.579702 0.687695 0.583322 0.685644 0.587798 0.685715 0.593002 0.688569
0 0.606863 0.675303 0.606500 0.680460 0.604904 0.684032 0.602598 0.686393 0.598302 0.687183 0.591753 0.686098 0.588808 0.682938 0.587788 0.678101 0.588692 0.673506 0.590871 0.669849 0.594490 0.667798 0.598966 0.667869 0.604169 0.670723
0 0.525416 0.727212 0.525053 0.732369 0.523457 0.735941 0.521152 0.738302 0.516856 0.739092 0.510307 0.738007 0.507362 0.734847 0.506342 0.730010 0.507246 0.725415 0.509424 0.721757 0.513043 0.719707 0.517519 0.719777 0.522723 0.722631
0 0.551294 0.716272 0.550932 0.721429 0.549336 0.725001 0.547030 0.727362 0.542734 0.728153 0.536185 0.727068 0.533240 0.723907 0.532220 0.719070 0.533125 0.714475 0.535302 0.710818 0.538922 0.708767 0.543397 0.708838 0.548602 0.711692
0 0.569411 0.730671 0.569048 0.735828 0.567452 0.739400 0.565147 0.741761 0.560851 0.742551 0.554302 0.741466 0.551357 0.738306 0.550336 0.733469 0.551241 0.728874 0.553419 0.725217 0.557038 0.723166 0.561514 0.723237 0.566718 0.726090
0 0.589142 0.740554 0.588779 0.745710 0.587184 0.749283 0.584878 0.751643 0.580582 0.752434 0.574033 0.751349 0.571088 0.748188 0.570068 0.743351 0.570972 0.738756 0.573150 0.735099 0.576769 0.733048 0.581245 0.733119 0.586449 0.735973
0 0.608446 0.733056 0.608083 0.738213 0.606487 0.741785 0.604181 0.744145 0.599886 0.744936 0.593337 0.743851 0.590392 0.740690 0.589372 0.735853 0.590276 0.731259 0.592453 0.727601 0.596073 0.725550 0.600549 0.725621 0.605753 0.728475
0 0.552574 0.748917 0.552211 0.754074 0.550615 0.757646 0.548310 0.760007 0.544014 0.760798 0.537465 0.759712 0.534520 0.756552 0.533500 0.751715 0.534404 0.747120 0.536582 0.743463 0.540201 0.741412 0.544677 0.741483 0.549881 0.744336
0 0.659954 0.743295 0.659591 0.748452 0.657995 0.752024 0.655690 0.754385 0.651394 0.755175 0.644845 0.754090 0.641900 0.750930 0.640880 0.746093 0.641784 0.741498 0.643962 0.737841 0.647581 0.735790 0.652057 0.735861 0.657261 0.738715
0 0.767930 0.751369 0.767568 0.756526 0.765972 0.760098 0.763666 0.762458 0.759370 0.763249 0.752821 0.762164 0.749876 0.759004 0.748857 0.754167 0.749761 0.749572 0.751938 0.745914 0.755558 0.743863 0.760033 0.743934 0.765238 0.746788
0 0.732160 0.735318 0.731797 0.740475 0.730202 0.744047 0.727896 0.746407 0.723600 0.747198 0.717051 0.746113 0.714106 0.742953 0.713086 0.738116 0.713990 0.733521 0.716168 0.729863 0.719787 0.727813 0.724263 0.727883 0.729467 0.730738
0 0.792680 0.687278 0.792317 0.692434 0.790721 0.696007 0.788415 0.698367 0.784119 0.699158 0.777570 0.698073 0.774625 0.694913 0.773605 0.690076 0.774510 0.685481 0.776687 0.681823 0.780307 0.679773 0.784782 0.679843 0.789987 0.682697
0 0.841489 0.714446 0.841126 0.719603 0.839530 0.723175 0.837225 0.725536 0.832929 0.726327 0.826380 0.725241 0.823435 0.722081 0.822415 0.717244 0.823319 0.712649 0.825497 0.708992 0.829116 0.706941 0.833592 0.707012 0.838796 0.709866
0 0.842283 0.746421 0.841921 0.751578 0.840325 0.755150 0.838019 0.757511 0.833723 0.758301 0.827174 0.757216 0.824229 0.754056 0.823209 0.749219 0.824113 0.744624 0.826291 0.740966 0.829910 0.738916 0.834386 0.738987 0.839591 0.741840
0 0.858372 0.789256 0.858010 0.794413 0.856414 0.797985 0.854108 0.800346 0.849812 0.801136 0.843263 0.800051 0.840318 0.796891 0.839298 0.792054 0.840202 0.787459 0.842380 0.783802 0.845999 0.781751 0.850475 0.781822 0.855679 0.784675
0 0.891311 0.777844 0.890948 0.783001 0.889352 0.786573 0.887047 0.788934 0.882751 0.789725 0.876202 0.788640 0.873257 0.785479 0.872237 0.780642 0.873141 0.776047 0.875319 0.772390 0.878938 0.770339 0.883414 0.770410 0.888618 0.773264
0 0.940590 0.675902 0.940227 0.681059 0.938632 0.684631 0.936326 0.686992 0.932030 0.687782 0.925481 0.686697 0.922536 0.683537 0.921516 0.678700 0.922420 0.674105 0.924598 0.670448 0.928217 0.668397 0.932693 0.668468 0.937897 0.671321
0 0.913173 0.703533 0.912810 0.708690 0.911214 0.712262 0.908908 0.714622 0.904612 0.715414 0.898063 0.714328 0.895118 0.711168 0.894098 0.706331 0.895002 0.701736 0.897180 0.698078 0.900800 0.696028 0.905275 0.696098 0.910479 0.698953
0 0.889220 0.696052 0.888858 0.701208 0.887262 0.704781 0.884956 0.707141 0.880660 0.707932 0.874111 0.706846 0.871166 0.703687 0.870146 0.698849 0.871051 0.694255 0.873228 0.690597 0.876848 0.688546 0.881323 0.688617 0.886528 0.691471
0 0.962557 0.757005 0.962194 0.762162 0.960598 0.765734 0.958292 0.768095 0.953996 0.768885 0.947447 0.767800 0.944502 0.764640 0.943482 0.759803 0.944386 0.755208 0.946564 0.751551 0.950183 0.749500 0.954659 0.749571 0.959864 0.752424
0 0.801899 0.650119 0.801536 0.655276 0.799940 0.658848 0.797634 0.661208 0.793339 0.662000 0.786790 0.660914 0.783845 0.657754 0.782825 0.652917 0.783729 0.648322 0.785906 0.644664 0.789526 0.642614 0.794002 0.642684 0.799206 0.645539
0 0.754932 0.599456 0.754570 0.604613 0.752973 0.608185 0.750668 0.610546 0.746372 0.611336 0.739823 0.610251 0.736878 0.607091 0.735858 0.602254 0.736762 0.597659 0.738940 0.594001 0.742559 0.591951 0.747035 0.592022 0.752239 0.594876
0 0.968940 0.269605 0.968577 0.274762 0.966981 0.278334 0.964675 0.280695 0.960379 0.281485 0.953830 0.280400 0.950885 0.277240 0.949865 0.272403 0.950769 0.267808 0.952948 0.264151 0.956567 0.262100 0.961043 0.262171 0.966246 0.265025
0 0.404153 0.257829 0.403790 0.262986 0.402194 0.266558 0.399888 0.268918 0.395592 0.269709 0.389043 0.268624 0.386098 0.265464 0.385078 0.260627 0.385983 0.256032 0.388160 0.252374 0.391780 0.250324 0.396255 0.250394 0.401460 0.253249
0 0.854318 0.314149 0.857450 0.315923 0.859321 0.319461 0.859111 0.323503 0.857130 0.326834 0.852255 0.328352 0.847180 0.326899 0.845864 0.324179 0.845985 0.319609 0.847514 0.316075 0.850617 0.313831
0 0.875105 0.289655 0.878236 0.291428 0.880108 0.294967 0.879898 0.299008 0.877917 0.302340 0.873041 0.303858 0.867966 0.302404 0.866651 0.299684 0.866771 0.295115 0.868301 0.291581 0.871404 0.289337
0 0.637207 0.325198 0.636844 0.330354 0.635248 0.333927 0.632942 0.336287 0.628646 0.337078 0.622097 0.335993 0.619152 0.332833 0.618133 0.327996 0.619037 0.323401 0.621214 0.319743 0.624834 0.317693 0.629310 0.317763 0.634514 0.320617
0 0.689214 0.266167 0.692346 0.267940 0.694217 0.271479 0.694007 0.275520 0.692026 0.278852 0.687151 0.280370 0.682076 0.278916 0.680760 0.276196 0.680880 0.271626 0.682410 0.268093 0.685513 0.265848
0 0.469972 0.310054 0.469610 0.315211 0.468014 0.318783 0.465708 0.321143 0.461412 0.321934 0.454863 0.320849 0.451918 0.317688 0.450898 0.312851 0.451802 0.308256 0.453980 0.304599 0.457599 0.302548 0.462075 0.302619 0.467280 0.305473
0 0.483857 0.439802 0.483495 0.444959 0.481899 0.448531 0.479593 0.450892 0.475297 0.451683 0.468748 0.450597 0.465803 0.447437 0.464783 0.442600 0.465688 0.438005 0.467865 0.434348 0.471485 0.432297 0.475960 0.432368 0.481165 0.435222
0 0.510956 0.507296 0.510593 0.512453 0.508997 0.516025 0.506692 0.518385 0.502396 0.519176 0.495847 0.518091 0.492902 0.514931 0.491882 0.510094 0.492786 0.505499 0.494964 0.501841 0.498583 0.499791 0.503059 0.499861 0.508263 0.502716
0 0.531467 0.552711 0.531104 0.557867 0.529508 0.561440 0.527202 0.563800 0.522906 0.564591 0.516357 0.563505 0.513412 0.560345 0.512392 0.555508 0.513296 0.550913 0.515474 0.547256 0.519094 0.545205 0.523569 0.545276 0.528773 0.548130
0 0.566375 0.572663 0.566013 0.577819 0.564416 0.581391 0.562111 0.583752 0.557815 0.584543 0.551266 0.583457 0.548321 0.580298 0.547301 0.575460 0.548205 0.570866 0.550383 0.567208 0.554002 0.565158 0.558478 0.565228 0.563682 0.568082
0 0.540666 0.608644 0.540303 0.613801 0.538707 0.617373 0.536401 0.619734 0.532106 0.620525 0.525557 0.619439 0.522612 0.616279 0.521592 0.611442 0.522496 0.606848 0.524674 0.603190 0.528293 0.601139 0.532769 0.601210 0.537973 0.604064
0 0.520249 0.664045 0.519886 0.669202 0.518290 0.672774 0.515984 0.675134 0.511689 0.675925 0.505140 0.674840 0.502194 0.671680 0.501174 0.666843 0.502078 0.662248 0.504257 0.658590 0.507876 0.656540 0.512352 0.656610 0.517556 0.659464
0 0.590713 0.771859 0.590350 0.777015 0.588754 0.780588 0.586448 0.782948 0.582153 0.783739 0.575604 0.782653 0.572659 0.779493 0.571638 0.774656 0.572543 0.770061 0.574721 0.766404 0.578340 0.764353 0.582816 0.764424 0.588020 0.767278
0 0.648979 0.703225 0.648616 0.708381 0.647020 0.711954 0.644714 0.714314 0.640418 0.715105 0.633869 0.714020 0.630924 0.710860 0.629904 0.706023 0.630808 0.701428 0.632987 0.697770 0.636606 0.695719 0.641082 0.695790 0.646285 0.698644
0 0.551616 0.774265 0.551253 0.779421 0.549657 0.782993 0.547351 0.785354 0.543055 0.786145 0.536506 0.785060 0.533561 0.781899 0.532541 0.777062 0.533446 0.772467 0.535623 0.768810 0.539243 0.766759 0.543718 0.766830 0.548923 0.769684
0 0.528906 0.771962 0.528543 0.777118 0.526947 0.780691 0.524642 0.783051 0.520397 0.783324 0.513805 0.782673 0.510852 0.779596 0.509832 0.774759 0.510736 0.770164 0.512914 0.766507 0.516533 0.764456 0.521009 0.764527 0.526213 0.767381
0 0.428250 0.594102 0.427887 0.599258 0.426291 0.602831 0.423986 0.605191 0.419741 0.605464 0.413149 0.604813 0.410196 0.601736 0.409176 0.596899 0.410080 0.592305 0.412258 0.588647 0.415877 0.586596 0.420353 0.586667 0.425557 0.589521
0 0.286312 0.729846 0.285949 0.735003 0.284353 0.738575 0.282048 0.740935 0.277803 0.741208 0.271211 0.740557 0.268258 0.737481 0.267238 0.732644 0.268142 0.728049 0.270320 0.724391 0.273939 0.722341 0.278415 0.722411 0.283619 0.725265
0 0.265888 0.720180 0.265525 0.725336 0.263929 0.728909 0.261623 0.731269 0.257379 0.731542 0.250787 0.730891 0.247833 0.727815 0.246814 0.722978 0.247718 0.718383 0.249895 0.714725 0.253515 0.712675 0.257991 0.712745 0.263195 0.715599
0 0.292115 0.650443 0.291752 0.655599 0.290156 0.659172 0.287850 0.661532 0.283605 0.661805 0.277013 0.661154 0.274060 0.658078 0.273040 0.653241 0.273945 0.648646 0.276122 0.644988 0.279742 0.642937 0.284217 0.643008 0.289422 0.645862
0 0.334696 0.636087 0.334334 0.641244 0.332737 0.644816 0.330432 0.647177 0.326187 0.647449 0.319595 0.646798 0.316642 0.643722 0.315622 0.638885 0.316526 0.634290 0.318704 0.630632 0.322323 0.628582 0.326799 0.628653 0.332003 0.631506
0 0.204439 0.584410 0.204076 0.589567 0.202480 0.593139 0.200175 0.595500 0.195930 0.595772 0.189338 0.595122 0.186385 0.592045 0.185365 0.587208 0.186269 0.582613 0.188447 0.578956 0.192066 0.576905 0.196542 0.576976 0.201746 0.579830
0 0.113438 0.601792 0.113853 0.604862 0.112475 0.607910 0.109543 0.609263 0.107097 0.609586 0.103903 0.608655 0.102001 0.605027 0.102668 0.601653 0.104241 0.599241 0.108171 0.598449 0.111152 0.599461
0 0.222450 0.583086 0.222866 0.586156 0.221487 0.589204 0.218554 0.590556 0.216109 0.590880 0.212915 0.589948 0.211014 0.586321 0.211680 0.582947 0.213253 0.580535 0.217183 0.579742 0.220164 0.580755
0 0.211751 0.539707 0.212166 0.542778 0.210787 0.545824 0.207855 0.547178 0.205410 0.547501 0.202215 0.546570 0.200314 0.542942 0.200981 0.539568 0.202554 0.537157 0.206483 0.536364 0.209465 0.537377
0 0.115352 0.556660 0.115768 0.559731 0.114389 0.562778 0.111457 0.564130 0.109012 0.564454 0.105817 0.563522 0.103915 0.559895 0.104582 0.556521 0.106156 0.554109 0.110085 0.553316 0.113066 0.554330
0 0.107973 0.546159 0.108389 0.549228 0.107010 0.552276 0.104078 0.553629 0.101632 0.553952 0.098438 0.553021 0.096537 0.549393 0.097203 0.546019 0.098776 0.543607 0.102706 0.542815 0.105687 0.543827
0 0.120678 0.544203 0.121094 0.547274 0.119715 0.550321 0.116783 0.551674 0.114337 0.551997 0.111143 0.551066 0.109242 0.547438 0.109908 0.544065 0.111481 0.541653 0.115411 0.540860 0.118392 0.541873
0 0.060315 0.650599 0.060731 0.653670 0.059352 0.656717 0.056420 0.658070 0.053975 0.658393 0.050780 0.657462 0.048879 0.653834 0.049546 0.650461 0.051119 0.648049 0.055048 0.647256 0.058029 0.648269
0 0.068538 0.638629 0.068954 0.641699 0.067574 0.644747 0.064642 0.646100 0.062197 0.646423 0.059002 0.645491 0.057101 0.641864 0.057768 0.638490 0.059341 0.636078 0.063271 0.635285 0.066251 0.636298
0 0.070026 0.708734 0.070442 0.711805 0.069063 0.714852 0.066131 0.716205 0.063685 0.716528 0.060491 0.715597 0.058590 0.711969 0.059256 0.708596 0.060829 0.706184 0.064759 0.705391 0.067740 0.706404
0 0.247784 0.737706 0.248200 0.740776 0.246821 0.743823 0.243889 0.745176 0.241443 0.745500 0.238249 0.744568 0.236347 0.740940 0.237014 0.737567 0.238587 0.735155 0.242517 0.734362 0.245498 0.735375
0 0.307306 0.740919 0.307721 0.743989 0.306342 0.747036 0.303410 0.748390 0.300965 0.748713 0.297770 0.747782 0.295869 0.744154 0.296536 0.740780 0.298109 0.738369 0.302038 0.737576 0.305019 0.738588
0 0.363361 0.734901 0.363777 0.737971 0.362398 0.741018 0.359466 0.742372 0.357021 0.742695 0.353826 0.741764 0.351925 0.738136 0.352591 0.734762 0.354165 0.732351 0.358094 0.731558 0.361075 0.732571
0 0.412912 0.683931 0.413328 0.687001 0.411949 0.690048 0.409017 0.691401 0.406571 0.691725 0.403377 0.690793 0.401475 0.687165 0.402142 0.683792 0.403715 0.681380 0.407645 0.680587 0.410626 0.681600
0 0.430471 0.696541 0.430887 0.699612 0.429508 0.702659 0.426576 0.704012 0.424131 0.704335 0.420936 0.703404 0.419034 0.699776 0.419701 0.696403 0.421275 0.693991 0.425204 0.693198 0.428185 0.694211
0 0.529148 0.750666 0.529564 0.753736 0.528185 0.756783 0.525252 0.758136 0.522807 0.758460 0.519613 0.757529 0.517712 0.753901 0.518378 0.750527 0.519951 0.748115 0.523881 0.747322 0.526862 0.748335
0 0.699501 0.741023 0.699917 0.744094 0.698538 0.747140 0.695606 0.748494 0.693161 0.748817 0.689966 0.747886 0.688065 0.744258 0.688731 0.740884 0.690305 0.738473 0.694234 0.737680 0.697215 0.738693
0 0.687712 0.723932 0.688128 0.727002 0.686748 0.730049 0.683816 0.731403 0.681371 0.731726 0.678177 0.730795 0.676275 0.727167 0.676942 0.723793 0.678515 0.721381 0.682445 0.720589 0.685426 0.721601
0 0.878161 0.794774 0.878577 0.797844 0.877197 0.800891 0.874265 0.802244 0.871820 0.802568 0.868625 0.801636 0.866724 0.798009 0.867391 0.794635 0.868964 0.792224 0.872894 0.791430 0.875874 0.792443
0 0.892890 0.755684 0.893306 0.758754 0.891927 0.761801 0.888995 0.763154 0.886549 0.763477 0.883355 0.762546 0.881454 0.758918 0.882121 0.755544 0.883694 0.753132 0.887623 0.752339 0.890604 0.753353
0 0.872719 0.678000 0.873136 0.681070 0.871756 0.684117 0.868824 0.685470 0.866379 0.685794 0.863184 0.684862 0.861283 0.681235 0.861950 0.677861 0.863523 0.675449 0.867453 0.674656 0.870434 0.675669
0 0.971589 0.640103 0.972005 0.643174 0.970626 0.646221 0.967694 0.647574 0.965248 0.647897 0.962054 0.646966 0.960152 0.643338 0.960820 0.639964 0.962393 0.637553 0.966322 0.636760 0.969303 0.637773
0 0.951148 0.615047 0.951564 0.618117 0.950185 0.621164 0.947253 0.622517 0.944807 0.622840 0.941613 0.621909 0.939711 0.618281 0.940378 0.614907 0.941952 0.612496 0.945881 0.611703 0.948862 0.612716
0 0.731012 0.609381 0.731428 0.612451 0.730049 0.615498 0.727117 0.616852 0.724672 0.617175 0.721477 0.616244 0.719576 0.612616 0.720243 0.609242 0.721816 0.606830 0.725745 0.606038 0.728726 0.607050
0 0.767293 0.561203 0.767709 0.564273 0.766329 0.567320 0.763397 0.568674 0.760952 0.568997 0.757758 0.568066 0.755856 0.564438 0.756523 0.561064 0.758096 0.558652 0.762026 0.557860 0.765007 0.558872
0 0.731708 0.503880 0.732124 0.506950 0.730745 0.509997 0.727813 0.511351 0.725367 0.511674 0.722173 0.510743 0.720271 0.507115 0.720938 0.503741 0.722511 0.501330 0.726441 0.500537 0.729422 0.501550
0 0.621912 0.459669 0.622328 0.462739 0.620949 0.465787 0.618017 0.467140 0.615571 0.467463 0.612377 0.466532 0.610475 0.462904 0.611142 0.459530 0.612716 0.457118 0.616645 0.456325 0.619626 0.457338
0 0.671008 0.418502 0.671424 0.421573 0.670045 0.424620 0.667113 0.425973 0.664667 0.426296 0.661473 0.425365 0.659571 0.421737 0.660238 0.418364 0.661811 0.415952 0.665741 0.415159 0.668722 0.416172
0 0.593865 0.397657 0.594281 0.400728 0.592901 0.403775 0.589969 0.405128 0.587524 0.405451 0.584330 0.404520 0.582428 0.400892 0.583095 0.397519 0.584668 0.395107 0.588598 0.394314 0.591579 0.395327
0 0.563204 0.492187 0.563619 0.495257 0.562240 0.498304 0.559308 0.499657 0.556863 0.499981 0.553668 0.499049 0.551767 0.495421 0.552434 0.492048 0.554007 0.489636 0.557936 0.488843 0.560917 0.489856
0 0.506737 0.473975 0.507152 0.477045 0.505773 0.480092 0.502841 0.481446 0.500396 0.481769 0.497201 0.480838 0.495300 0.477210 0.495967 0.473836 0.497540 0.471424 0.501469 0.470632 0.504450 0.471644
0 0.467243 0.543935 0.467658 0.547005 0.466279 0.550052 0.463347 0.551405 0.460901 0.551729 0.457707 0.550797 0.455806 0.547170 0.456472 0.543796 0.458046 0.541384 0.461975 0.540591 0.464956 0.541604
0 0.595162 0.533722 0.594799 0.538878 0.593203 0.542450 0.590898 0.544811 0.586602 0.545602 0.580053 0.544516 0.577108 0.541356 0.576088 0.536519 0.576992 0.531924 0.579170 0.528266 0.582789 0.526216 0.587265 0.526286 0.592469 0.529141
0 0.435339 0.494970 0.435755 0.498041 0.434375 0.501087 0.431443 0.502441 0.428998 0.502764 0.425804 0.501833 0.423902 0.498205 0.424569 0.494831 0.426142 0.492420 0.430071 0.491627 0.433053 0.492640
0 0.394391 0.499618 0.394807 0.502688 0.393428 0.505735 0.390496 0.507089 0.388050 0.507412 0.384856 0.506481 0.382955 0.502853 0.383621 0.499479 0.385194 0.497067 0.389124 0.496275 0.392105 0.497288
0 0.445258 0.528915 0.443389 0.530892 0.440813 0.531118 0.437917 0.530492 0.436726 0.528769 0.436696 0.526255 0.437840 0.524555 0.439414 0.523455 0.441257 0.522800 0.443669 0.523107 0.445840 0.524787 0.445850 0.527159
0 0.394583 0.617774 0.392714 0.619752 0.390138 0.619978 0.387242 0.619351 0.386052 0.617630 0.386021 0.615116 0.387165 0.613414 0.388739 0.612314 0.390583 0.611659 0.392994 0.611967 0.395165 0.613646 0.395175 0.616019
0 0.324972 0.565615 0.323102 0.567594 0.320526 0.567819 0.317630 0.567193 0.316440 0.565471 0.316408 0.562957 0.317554 0.561256 0.319127 0.560156 0.320971 0.559501 0.323382 0.559809 0.325553 0.561488 0.325564 0.563860
0 0.359736 0.726719 0.357866 0.728697 0.355290 0.728922 0.352394 0.728296 0.351204 0.726575 0.351173 0.724060 0.352317 0.722359 0.353891 0.721259 0.355735 0.720604 0.358146 0.720912 0.360318 0.722591 0.360327 0.724963
0 0.367771 0.697703 0.365902 0.699682 0.363326 0.699907 0.360430 0.699281 0.359240 0.697559 0.359209 0.695045 0.360353 0.693344 0.361927 0.692244 0.363771 0.691589 0.366182 0.691896 0.368353 0.693576 0.368363 0.695948
0 0.231483 0.724095 0.229614 0.726073 0.227038 0.726299 0.224142 0.725673 0.222952 0.723951 0.222920 0.721437 0.224065 0.719736 0.225639 0.718636 0.227482 0.717980 0.229894 0.718289 0.232065 0.719968 0.232075 0.722340
0 0.174847 0.678114 0.172977 0.680092 0.170401 0.680318 0.167505 0.679691 0.166315 0.677969 0.166284 0.675455 0.167428 0.673754 0.169002 0.672654 0.170846 0.671999 0.173257 0.672307 0.175429 0.673986 0.175438 0.676359
0 0.079530 0.707128 0.077660 0.709106 0.075084 0.709332 0.072188 0.708706 0.070997 0.706984 0.070967 0.704470 0.072111 0.702769 0.073685 0.701669 0.075529 0.701014 0.077940 0.701322 0.080111 0.703001 0.080122 0.705373
0 0.043868 0.635893 0.041998 0.637871 0.039423 0.638097 0.036527 0.637470 0.035336 0.635749 0.035305 0.633234 0.036450 0.631534 0.038024 0.630433 0.039867 0.629779 0.042278 0.630086 0.044450 0.631765 0.044460 0.634138
0 0.219538 0.444948 0.217669 0.446925 0.215093 0.447151 0.212197 0.446525 0.211006 0.444803 0.210976 0.442289 0.212120 0.440588 0.213694 0.439488 0.215538 0.438833 0.217949 0.439141 0.220120 0.440820 0.220130 0.443192
0 0.279767 0.362487 0.277897 0.364465 0.275321 0.364690 0.272425 0.364064 0.271235 0.362342 0.271204 0.359828 0.272348 0.358127 0.273922 0.357027 0.275766 0.356372 0.278177 0.356680 0.280349 0.358359 0.280358 0.360732
0 0.269476 0.229472 0.267606 0.231450 0.265030 0.231676 0.262134 0.231049 0.260944 0.229328 0.260913 0.226813 0.262058 0.225113 0.263631 0.224012 0.265475 0.223357 0.267886 0.223665 0.270057 0.225344 0.270068 0.227717
0 0.340507 0.276013 0.338638 0.277991 0.336062 0.278216 0.333166 0.277590 0.331975 0.275868 0.331945 0.273354 0.333089 0.271653 0.334663 0.270553 0.336507 0.269898 0.338918 0.270206 0.341090 0.271885 0.341099 0.274258
0 0.633629 0.360876 0.634045 0.363946 0.632666 0.366993 0.629734 0.368347 0.627288 0.368670 0.624094 0.367739 0.622193 0.364111 0.622859 0.360737 0.624433 0.358325 0.628362 0.357532 0.631343 0.358545
0 0.705735 0.657375 0.708867 0.659149 0.710738 0.662687 0.710528 0.666728 0.708548 0.670060 0.703672 0.671578 0.698597 0.670125 0.697281 0.667405 0.697401 0.662835 0.698931 0.659302 0.702035 0.657057
0 0.649445 0.608666 0.649860 0.611737 0.648481 0.614784 0.645549 0.616137 0.643104 0.616460 0.639909 0.615529 0.638008 0.611901 0.638675 0.608528 0.640248 0.606116 0.644177 0.605323 0.647158 0.606336
0 0.326117 0.502768 0.330133 0.504490 0.332564 0.508846 0.332594 0.513487 0.330340 0.517241 0.326628 0.519242 0.321105 0.519135 0.316985 0.516197 0.315181 0.512722 0.315647 0.507910 0.318447 0.503931 0.321893 0.502456
0 0.255242 0.483358 0.253372 0.485335 0.250797 0.485561 0.247900 0.484935 0.246710 0.483213 0.246679 0.480699 0.247823 0.478998 0.249397 0.477898 0.251241 0.477243 0.253652 0.477551 0.255824 0.479230 0.255834 0.481602
0 0.203143 0.262750 0.207159 0.264472 0.209589 0.268827 0.209619 0.273469 0.207365 0.277223 0.203654 0.279224 0.198130 0.279117 0.194011 0.276179 0.192206 0.272703 0.192673 0.267892 0.195473 0.263913 0.198918 0.262438
0 0.241276 0.219392 0.239406 0.221369 0.236831 0.221595 0.233934 0.220969 0.232744 0.219247 0.232713 0.216732 0.233858 0.215032 0.235431 0.213932 0.237275 0.213277 0.239687 0.213585 0.241858 0.215264 0.241868 0.217636
0 0.336762 0.398603 0.339894 0.400377 0.341765 0.403915 0.341555 0.407956 0.339574 0.411288 0.334699 0.412806 0.329624 0.411353 0.328308 0.408633 0.328428 0.404063 0.329958 0.400530 0.333062 0.398285
0 0.747259 0.789139 0.746896 0.794296 0.745300 0.797868 0.742995 0.800228 0.738699 0.801019 0.732150 0.799934 0.729205 0.796774 0.728185 0.791937 0.729089 0.787342 0.731267 0.783684 0.734886 0.781634 0.739362 0.781704 0.744566 0.784558
