0 0.673966 0.416077 0.670458 0.416882 0.667654 0.419739 0.666702 0.423672 0.667649 0.427431 0.671888 0.430277 0.677166 0.430334 0.679204 0.428103 0.680394 0.423689 0.679936 0.419866 0.677603 0.416829
0 0.652234 0.430614 0.648726 0.431419 0.645923 0.434276 0.644970 0.438209 0.645917 0.441967 0.650156 0.444814 0.655435 0.444870 0.657473 0.442639 0.658662 0.438225 0.658205 0.434402 0.655871 0.431365
0 0.709423 0.445750 0.705916 0.446555 0.703112 0.449412 0.702159 0.453345 0.703107 0.457104 0.707345 0.459951 0.712624 0.460007 0.714662 0.457776 0.715851 0.453362 0.715394 0.449539 0.713061 0.446502
0 0.710940 0.426953 0.707432 0.427759 0.704629 0.430615 0.703676 0.434548 0.704623 0.438307 0.708862 0.441154 0.714141 0.441210 0.716179 0.438979 0.717368 0.434565 0.716911 0.430742 0.714578 0.427705
0 0.605914 0.384001 0.602407 0.384807 0.599603 0.387663 0.598650 0.391596 0.599598 0.395355 0.603837 0.398202 0.609115 0.398258 0.611153 0.396027 0.612343 0.391613 0.611885 0.387790 0.609552 0.384753
0 0.668215 0.486930 0.664707 0.487736 0.661904 0.490592 0.660951 0.494526 0.661898 0.498284 0.666137 0.501131 0.671416 0.501187 0.673454 0.498956 0.674643 0.494542 0.674186 0.490719 0.671853 0.487682
0 0.706752 0.529925 0.703244 0.530731 0.700440 0.533588 0.699488 0.537520 0.700434 0.541279 0.704674 0.544126 0.709952 0.544182 0.711990 0.541951 0.713179 0.537537 0.712722 0.533714 0.710389 0.530677
0 0.642004 0.520049 0.638496 0.520855 0.635693 0.523712 0.634740 0.527644 0.635687 0.531403 0.639926 0.534250 0.645205 0.534306 0.647242 0.532075 0.648432 0.527661 0.647975 0.523838 0.645641 0.520801
0 0.613864 0.446189 0.610356 0.446994 0.607552 0.449850 0.606600 0.453784 0.607547 0.457542 0.611786 0.460389 0.617064 0.460445 0.619102 0.458214 0.620291 0.453800 0.619834 0.449977 0.617501 0.446940
0 0.557937 0.377028 0.554429 0.377832 0.551626 0.380689 0.550673 0.384623 0.551620 0.388381 0.555860 0.391228 0.561138 0.391284 0.563176 0.389053 0.564366 0.384639 0.563908 0.380816 0.561575 0.377779
0 0.707621 0.510834 0.704113 0.511639 0.701310 0.514496 0.700357 0.518429 0.701304 0.522188 0.705543 0.525035 0.710822 0.525091 0.712860 0.522860 0.714049 0.518446 0.713592 0.514623 0.711258 0.511586
0 0.505906 0.375444 0.502399 0.376249 0.499595 0.379106 0.498642 0.383039 0.499589 0.386797 0.503828 0.389644 0.509107 0.389700 0.511145 0.387469 0.512334 0.383055 0.511877 0.379233 0.509543 0.376195
0 0.527090 0.382021 0.523582 0.382826 0.520779 0.385683 0.519826 0.389616 0.520773 0.393375 0.525012 0.396222 0.530291 0.396278 0.532328 0.394047 0.533518 0.389633 0.533061 0.385810 0.530728 0.382773
0 0.512280 0.398251 0.508772 0.399056 0.505969 0.401913 0.505016 0.405846 0.505963 0.409604 0.510202 0.412451 0.515481 0.412507 0.517518 0.410276 0.518708 0.405863 0.518251 0.402039 0.515917 0.399002
0 0.512458 0.432054 0.508950 0.432860 0.506147 0.435717 0.505194 0.439649 0.506141 0.443408 0.510380 0.446255 0.515659 0.446311 0.517697 0.444080 0.518886 0.439666 0.518429 0.435843 0.516096 0.432806
0 0.688462 0.370476 0.684954 0.371282 0.682151 0.374139 0.681198 0.378071 0.682145 0.381830 0.686384 0.384677 0.691662 0.384733 0.693700 0.382502 0.694890 0.378088 0.694433 0.374265 0.692100 0.371228
0 0.671336 0.359386 0.667828 0.360191 0.665025 0.363048 0.664072 0.366981 0.665019 0.370740 0.669258 0.373587 0.674537 0.373643 0.676575 0.371412 0.677764 0.366997 0.677307 0.363175 0.674973 0.360137
0 0.737429 0.442718 0.733922 0.443524 0.731118 0.446380 0.730165 0.450313 0.731112 0.454072 0.735351 0.456919 0.740630 0.456975 0.742668 0.454744 0.743857 0.450330 0.743400 0.446507 0.741067 0.443470
0 0.754666 0.455073 0.751158 0.455878 0.748355 0.458735 0.747402 0.462668 0.748349 0.466426 0.752588 0.469273 0.757867 0.469329 0.759904 0.467099 0.761094 0.462684 0.760637 0.458862 0.758303 0.455825
0 0.771799 0.494456 0.768291 0.495262 0.765488 0.498119 0.764535 0.502051 0.765482 0.505810 0.769721 0.508657 0.775000 0.508713 0.777038 0.506482 0.778227 0.502068 0.777770 0.498245 0.775437 0.495208
0 0.764282 0.566195 0.760774 0.567000 0.757970 0.569857 0.757018 0.573790 0.757965 0.577549 0.762204 0.580396 0.767483 0.580452 0.769520 0.578220 0.770710 0.573806 0.770253 0.569984 0.767919 0.566946
0 0.715407 0.551965 0.711898 0.552770 0.709095 0.555627 0.708143 0.559560 0.709089 0.563319 0.713329 0.566166 0.718607 0.566222 0.720645 0.563991 0.721835 0.559577 0.721377 0.555754 0.719044 0.552717
0 0.749520 0.535587 0.746012 0.536392 0.743209 0.539249 0.742256 0.543183 0.743203 0.546941 0.747442 0.549788 0.752721 0.549844 0.754759 0.547613 0.755948 0.543199 0.755491 0.539376 0.753158 0.536339
0 0.776872 0.532220 0.773364 0.533026 0.770560 0.535883 0.769608 0.539816 0.770555 0.543575 0.774794 0.546421 0.780073 0.546477 0.782110 0.544246 0.783300 0.539832 0.782842 0.536009 0.780509 0.532972
0 0.801569 0.545312 0.798061 0.546117 0.795258 0.548974 0.794305 0.552907 0.795252 0.556665 0.799491 0.559512 0.804769 0.559568 0.806808 0.557338 0.807996 0.552924 0.807540 0.549101 0.805206 0.546064
0 0.892002 0.541248 0.888494 0.542053 0.885691 0.544910 0.884738 0.548843 0.885685 0.552602 0.889924 0.555449 0.895203 0.555505 0.897241 0.553274 0.898430 0.548860 0.897973 0.545037 0.895640 0.541999
0 0.845954 0.559918 0.842446 0.560723 0.839642 0.563580 0.838690 0.567513 0.839637 0.571272 0.843876 0.574118 0.849155 0.574175 0.851192 0.571944 0.852382 0.567530 0.851924 0.563707 0.849591 0.560670
0 0.884215 0.591545 0.880707 0.592350 0.877904 0.595207 0.876951 0.599141 0.877898 0.602899 0.882137 0.605746 0.887415 0.605802 0.889453 0.603571 0.890643 0.599157 0.890186 0.595334 0.887852 0.592297
0 0.918080 0.562744 0.914573 0.563549 0.911769 0.566406 0.910816 0.570339 0.911763 0.574098 0.916002 0.576945 0.921281 0.577001 0.923319 0.574770 0.924508 0.570356 0.924051 0.566533 0.921718 0.563496
0 0.938093 0.561669 0.934585 0.562475 0.931781 0.565332 0.930829 0.569265 0.931776 0.573023 0.936015 0.575870 0.941293 0.575926 0.943331 0.573695 0.944521 0.569282 0.944063 0.565458 0.941730 0.562421
0 0.845659 0.447257 0.842151 0.448062 0.839348 0.450919 0.838395 0.454852 0.839342 0.458610 0.843582 0.461457 0.848860 0.461513 0.850898 0.459283 0.852087 0.454868 0.851630 0.451046 0.849297 0.448008
0 0.877695 0.441614 0.874187 0.442420 0.871384 0.445277 0.870431 0.449210 0.871378 0.452968 0.875617 0.455815 0.880896 0.455871 0.882933 0.453640 0.884123 0.449226 0.883666 0.445403 0.881333 0.442366
0 0.931695 0.447648 0.928187 0.448453 0.925384 0.451310 0.924431 0.455243 0.925378 0.459001 0.929617 0.461848 0.934896 0.461904 0.936934 0.459673 0.938123 0.455260 0.937666 0.451436 0.935332 0.448400
0 0.959185 0.460926 0.955677 0.461732 0.952874 0.464588 0.951921 0.468521 0.952868 0.472280 0.957107 0.475127 0.962386 0.475183 0.964423 0.472952 0.965613 0.468538 0.965155 0.464715 0.962822 0.461678
0 0.934061 0.482939 0.930554 0.483744 0.927750 0.486601 0.926797 0.490534 0.927745 0.494293 0.931984 0.497139 0.937262 0.497196 0.939300 0.494964 0.940489 0.490550 0.940032 0.486727 0.937699 0.483690
0 0.909271 0.454807 0.905763 0.455613 0.902960 0.458469 0.902007 0.462403 0.902954 0.466161 0.907193 0.469008 0.912472 0.469064 0.914510 0.466833 0.915699 0.462419 0.915242 0.458596 0.912908 0.455559
0 0.982012 0.544907 0.978504 0.545712 0.975700 0.548569 0.974747 0.552502 0.975695 0.556260 0.979933 0.559107 0.985212 0.559163 0.987250 0.556932 0.988439 0.552518 0.987982 0.548696 0.985649 0.545658
0 0.922764 0.386532 0.919256 0.387337 0.916453 0.390193 0.915500 0.394127 0.916447 0.397885 0.920686 0.400732 0.925965 0.400788 0.928003 0.398557 0.929192 0.394143 0.928735 0.390320 0.926401 0.387283
0 0.984170 0.400893 0.980663 0.401698 0.977859 0.404555 0.976906 0.408488 0.977853 0.412247 0.982092 0.415094 0.987371 0.415150 0.989409 0.412919 0.990598 0.408505 0.990141 0.404682 0.987807 0.401645
0 0.981269 0.421372 0.977761 0.422177 0.974957 0.425034 0.974005 0.428967 0.974952 0.432726 0.979191 0.435573 0.984469 0.435629 0.986507 0.433398 0.987696 0.428984 0.987239 0.425161 0.984906 0.422124
0 0.965836 0.408841 0.962328 0.409647 0.959525 0.412503 0.958572 0.416437 0.959519 0.420195 0.963759 0.423042 0.969037 0.423098 0.971075 0.420867 0.972264 0.416453 0.971807 0.412630 0.969474 0.409593
0 0.920999 0.343594 0.917491 0.344400 0.914688 0.347257 0.913735 0.351189 0.914682 0.354948 0.918921 0.357795 0.924200 0.357851 0.926238 0.355620 0.927427 0.351206 0.926970 0.347383 0.924637 0.344346
0 0.926975 0.330080 0.923468 0.330885 0.920664 0.333742 0.919711 0.337675 0.920658 0.341434 0.924897 0.344281 0.930176 0.344337 0.932214 0.342106 0.933403 0.337691 0.932946 0.333869 0.930613 0.330832
0 0.894461 0.324497 0.890954 0.325303 0.888150 0.328160 0.887197 0.332092 0.888145 0.335851 0.892383 0.338698 0.897662 0.338754 0.899700 0.336523 0.900889 0.332109 0.900432 0.328286 0.898099 0.325249
0 0.998397 0.356950 0.998397 0.357756 0.998397 0.360612 0.998397 0.364545 0.998397 0.368304 0.998397 0.371150 0.998397 0.371207 0.998397 0.368976 0.998397 0.364562 0.998397 0.360739 0.998397 0.357702
0 0.998397 0.367155 0.998397 0.367961 0.998397 0.370817 0.998397 0.374751 0.998397 0.378509 0.998397 0.381356 0.998397 0.381412 0.998397 0.379181 0.998397 0.374767 0.998397 0.370944 0.998397 0.367907
0 0.994636 0.344069 0.991128 0.344874 0.988324 0.347731 0.987372 0.351664 0.988319 0.355423 0.992558 0.358270 0.997837 0.358326 0.998397 0.356095 0.998397 0.351680 0.998397 0.347858 0.998273 0.344820
0 0.998397 0.317856 0.998397 0.318662 0.998397 0.321519 0.998397 0.325452 0.998397 0.329210 0.998397 0.332057 0.998397 0.332113 0.998397 0.329882 0.998397 0.325468 0.998397 0.321645 0.998397 0.318608
0 0.880820 0.310909 0.877312 0.311715 0.874509 0.314572 0.873556 0.318505 0.874503 0.322263 0.878742 0.325110 0.884021 0.325166 0.886059 0.322935 0.887248 0.318521 0.886791 0.314698 0.884458 0.311661
0 0.879305 0.346153 0.875797 0.346959 0.872993 0.349815 0.872041 0.353749 0.872988 0.357507 0.877227 0.360354 0.882506 0.360410 0.884543 0.358179 0.885733 0.353765 0.885276 0.349942 0.882942 0.346905
0 0.751849 0.407505 0.748341 0.408310 0.745538 0.411167 0.744585 0.415100 0.745532 0.418858 0.749771 0.421705 0.755050 0.421761 0.757088 0.419530 0.758277 0.415116 0.757820 0.411293 0.755487 0.408256
0 0.707435 0.328196 0.703927 0.329001 0.701123 0.331858 0.700171 0.335791 0.701118 0.339550 0.705357 0.342397 0.710636 0.342453 0.712673 0.340222 0.713863 0.335808 0.713405 0.331985 0.711072 0.328948
0 0.726119 0.313452 0.722612 0.314257 0.719808 0.317114 0.718855 0.321048 0.719802 0.324806 0.724042 0.327653 0.729320 0.327709 0.731358 0.325478 0.732547 0.321064 0.732090 0.317241 0.729757 0.314204
0 0.715926 0.357424 0.712418 0.358229 0.709614 0.361086 0.708662 0.365019 0.709609 0.368777 0.713848 0.371624 0.719127 0.371680 0.721164 0.369449 0.722354 0.365035 0.721896 0.361212 0.719563 0.358176
0 0.625485 0.300322 0.621977 0.301128 0.619174 0.303985 0.618221 0.307918 0.619168 0.311676 0.623407 0.314523 0.628686 0.314579 0.630723 0.312348 0.631913 0.307934 0.631456 0.304111 0.629122 0.301074
0 0.594093 0.305388 0.590586 0.306193 0.587782 0.309049 0.586829 0.312983 0.587777 0.316741 0.592016 0.319588 0.597294 0.319644 0.599332 0.317413 0.600522 0.312999 0.600064 0.309176 0.597731 0.306139
0 0.600185 0.288536 0.596677 0.289342 0.593873 0.292199 0.592921 0.296132 0.593868 0.299890 0.598107 0.302737 0.603385 0.302793 0.605423 0.300562 0.606613 0.296149 0.606155 0.292325 0.603822 0.289288
0 0.693104 0.306345 0.689596 0.307151 0.686793 0.310007 0.685840 0.313940 0.686787 0.317699 0.691026 0.320545 0.696305 0.320602 0.698342 0.318371 0.699532 0.313957 0.699075 0.310134 0.696742 0.307097
0 0.710234 0.258040 0.706725 0.258846 0.703922 0.261703 0.702969 0.265636 0.703916 0.269394 0.708156 0.272241 0.713434 0.272297 0.715472 0.270066 0.716661 0.265652 0.716204 0.261829 0.713871 0.258792
0 0.692493 0.262919 0.688985 0.263724 0.686181 0.266581 0.685229 0.270514 0.686176 0.274273 0.690415 0.277120 0.695693 0.277176 0.697731 0.274945 0.698921 0.270531 0.698463 0.266708 0.696130 0.263670
0 0.625509 0.270996 0.622001 0.271801 0.619197 0.274658 0.618245 0.278591 0.619191 0.282350 0.623431 0.285196 0.628709 0.285253 0.630747 0.283022 0.631936 0.278607 0.631479 0.274785 0.629146 0.271747
0 0.559519 0.258404 0.556011 0.259209 0.553207 0.262066 0.552255 0.265999 0.553202 0.269758 0.557440 0.272605 0.562719 0.272661 0.564757 0.270430 0.565946 0.266016 0.565489 0.262193 0.563156 0.259156
0 0.586014 0.402781 0.582506 0.403587 0.579702 0.406443 0.578750 0.410376 0.579697 0.414135 0.583936 0.416982 0.589215 0.417038 0.591252 0.414807 0.592442 0.410393 0.591984 0.406570 0.589651 0.403533
0 0.569779 0.392570 0.566271 0.393376 0.563468 0.396232 0.562515 0.400166 0.563462 0.403924 0.567701 0.406771 0.572980 0.406827 0.575018 0.404596 0.576207 0.400182 0.575750 0.396359 0.573417 0.393322
0 0.476029 0.350740 0.472522 0.351545 0.469718 0.354402 0.468765 0.358335 0.469712 0.362094 0.473951 0.364940 0.479230 0.364997 0.481268 0.362766 0.482457 0.358351 0.482000 0.354529 0.479667 0.351492
0 0.478513 0.421055 0.475005 0.421860 0.472201 0.424717 0.471249 0.428650 0.472195 0.432409 0.476435 0.435255 0.481713 0.435311 0.483751 0.433080 0.484941 0.428666 0.484483 0.424843 0.482150 0.421806
0 0.523034 0.419419 0.519526 0.420225 0.516722 0.423082 0.515770 0.427015 0.516717 0.430774 0.520956 0.433620 0.526235 0.433676 0.528272 0.431445 0.529462 0.427032 0.529004 0.423208 0.526671 0.420172
0 0.437273 0.386560 0.433765 0.387366 0.430962 0.390223 0.430009 0.394155 0.430956 0.397914 0.435195 0.400761 0.440474 0.400817 0.442511 0.398586 0.443701 0.394172 0.443244 0.390349 0.440910 0.387312
0 0.426420 0.365900 0.422912 0.366705 0.420109 0.369562 0.419156 0.373495 0.420103 0.377253 0.424342 0.380100 0.429620 0.380156 0.431658 0.377926 0.432848 0.373511 0.432391 0.369689 0.430057 0.366652
0 0.381748 0.299801 0.378240 0.300606 0.375436 0.303463 0.374484 0.307396 0.375431 0.311155 0.379670 0.314001 0.384949 0.314057 0.386986 0.311826 0.388176 0.307412 0.387718 0.303589 0.385385 0.300552
0 0.388715 0.319538 0.385207 0.320343 0.382404 0.323200 0.381451 0.327133 0.382398 0.330891 0.386637 0.333738 0.391915 0.333794 0.393954 0.331563 0.395143 0.327150 0.394686 0.323326 0.392353 0.320289
0 0.473918 0.284937 0.470410 0.285743 0.467607 0.288600 0.466654 0.292533 0.467601 0.296291 0.471841 0.299138 0.477119 0.299194 0.479157 0.296963 0.480346 0.292550 0.479889 0.288726 0.477556 0.285690
0 0.494459 0.281137 0.490950 0.281942 0.488147 0.284799 0.487194 0.288732 0.488141 0.292491 0.492380 0.295337 0.497659 0.295393 0.499697 0.293162 0.500886 0.288749 0.500429 0.284925 0.498096 0.281889
0 0.487156 0.234821 0.483648 0.235627 0.480844 0.238484 0.479892 0.242417 0.480839 0.246175 0.485078 0.249022 0.490356 0.249078 0.492394 0.246847 0.493583 0.242434 0.493126 0.238610 0.490793 0.235574
0 0.379208 0.361375 0.375700 0.362180 0.372896 0.365037 0.371944 0.368970 0.372890 0.372728 0.377129 0.375575 0.382408 0.375631 0.384446 0.373401 0.385635 0.368986 0.385178 0.365164 0.382845 0.362127
0 0.409297 0.371267 0.405790 0.372072 0.402986 0.374929 0.402034 0.378862 0.402981 0.382621 0.407220 0.385468 0.412499 0.385524 0.414536 0.383293 0.415726 0.378879 0.415268 0.375056 0.412935 0.372019
0 0.397565 0.356978 0.394058 0.357783 0.391254 0.360639 0.390301 0.364573 0.391248 0.368331 0.395487 0.371178 0.400766 0.371234 0.402804 0.369003 0.403993 0.364589 0.403536 0.360766 0.401203 0.357729
0 0.471460 0.332387 0.467952 0.333193 0.465149 0.336050 0.464196 0.339983 0.465143 0.343741 0.469382 0.346588 0.474661 0.346644 0.476699 0.344413 0.477888 0.339999 0.477431 0.336176 0.475098 0.333139
0 0.487928 0.298436 0.484420 0.299241 0.481616 0.302098 0.480664 0.306031 0.481611 0.309789 0.485850 0.312636 0.491129 0.312692 0.493166 0.310461 0.494356 0.306047 0.493898 0.302225 0.491565 0.299188
0 0.463200 0.307442 0.459692 0.308248 0.456888 0.311104 0.455936 0.315037 0.456883 0.318796 0.461122 0.321643 0.466400 0.321699 0.468438 0.319468 0.469627 0.315054 0.469170 0.311231 0.466837 0.308194
0 0.431637 0.421200 0.428129 0.422005 0.425326 0.424861 0.424373 0.428795 0.425320 0.432553 0.429559 0.435400 0.434838 0.435456 0.436876 0.433225 0.438065 0.428811 0.437608 0.424988 0.435274 0.421951
0 0.385016 0.419074 0.381508 0.419879 0.378705 0.422736 0.377752 0.426669 0.378699 0.430428 0.382938 0.433275 0.388217 0.433331 0.390254 0.431100 0.391444 0.426686 0.390987 0.422863 0.388654 0.419826
0 0.519621 0.466341 0.516113 0.467147 0.513309 0.470004 0.512357 0.473937 0.513304 0.477695 0.517543 0.480542 0.522822 0.480598 0.524859 0.478367 0.526049 0.473953 0.525592 0.470130 0.523258 0.467094
0 0.512569 0.492735 0.509061 0.493540 0.506258 0.496397 0.505305 0.500331 0.506252 0.504089 0.510491 0.506936 0.515770 0.506992 0.517808 0.504761 0.518997 0.500347 0.518540 0.496524 0.516207 0.493487
0 0.419466 0.521569 0.415958 0.522374 0.413155 0.525231 0.412202 0.529164 0.413149 0.532922 0.417388 0.535769 0.422666 0.535825 0.424704 0.533594 0.425894 0.529181 0.425436 0.525357 0.423103 0.522320
0 0.383947 0.443805 0.380439 0.444610 0.377636 0.447467 0.376683 0.451400 0.377630 0.455159 0.381869 0.458006 0.387148 0.458062 0.389186 0.455831 0.390375 0.451417 0.389918 0.447594 0.387584 0.444557
0 0.538894 0.499252 0.535386 0.500057 0.532583 0.502914 0.531630 0.506848 0.532577 0.510606 0.536816 0.513453 0.542095 0.513509 0.544133 0.511278 0.545322 0.506864 0.544865 0.503041 0.542532 0.500004
0 0.352907 0.445228 0.349400 0.446034 0.346596 0.448890 0.345643 0.452823 0.346591 0.456582 0.350830 0.459429 0.356108 0.459485 0.358146 0.457254 0.359336 0.452840 0.358878 0.449017 0.356545 0.445980
0 0.320436 0.408362 0.316929 0.409167 0.314125 0.412024 0.313172 0.415957 0.314120 0.419716 0.318359 0.422563 0.323637 0.422619 0.325675 0.420388 0.326864 0.415974 0.326407 0.412151 0.324074 0.409114
0 0.288643 0.392665 0.285135 0.393470 0.282331 0.396327 0.281379 0.400260 0.282326 0.404019 0.286564 0.406866 0.291843 0.406922 0.293881 0.404691 0.295070 0.400277 0.294613 0.396454 0.292280 0.393417
0 0.260021 0.383416 0.256513 0.384221 0.253710 0.387078 0.252757 0.391011 0.253704 0.394770 0.257943 0.397617 0.263222 0.397673 0.265259 0.395442 0.266449 0.391028 0.265992 0.387205 0.263658 0.384168
0 0.232620 0.373342 0.229112 0.374148 0.226309 0.377005 0.225356 0.380938 0.226303 0.384696 0.230542 0.387543 0.235821 0.387599 0.237859 0.385368 0.239048 0.380954 0.238591 0.377131 0.236258 0.374094
0 0.286578 0.307415 0.283071 0.308220 0.280267 0.311077 0.279314 0.315010 0.280262 0.318768 0.284500 0.321615 0.289779 0.321671 0.291817 0.319441 0.293006 0.315026 0.292549 0.311204 0.290216 0.308167
0 0.263905 0.285704 0.260397 0.286510 0.257593 0.289366 0.256641 0.293299 0.257588 0.297058 0.261827 0.299905 0.267106 0.299961 0.269143 0.297730 0.270333 0.293316 0.269875 0.289493 0.267542 0.286456
0 0.289656 0.265940 0.286148 0.266745 0.283345 0.269602 0.282392 0.273535 0.283339 0.277293 0.287578 0.280140 0.292857 0.280196 0.294894 0.277966 0.296084 0.273551 0.295627 0.269729 0.293293 0.266692
0 0.304308 0.273375 0.300800 0.274180 0.297997 0.277037 0.297044 0.280970 0.297991 0.284728 0.302231 0.287575 0.307509 0.287631 0.309547 0.285400 0.310737 0.280987 0.310279 0.277163 0.307946 0.274127
0 0.359713 0.220986 0.356205 0.221791 0.353402 0.224648 0.352449 0.228582 0.353396 0.232340 0.357635 0.235187 0.362914 0.235243 0.364952 0.233012 0.366141 0.228598 0.365684 0.224775 0.363350 0.221738
0 0.399665 0.207329 0.396157 0.208135 0.393354 0.210992 0.392401 0.214924 0.393348 0.218683 0.397588 0.221530 0.402866 0.221586 0.404904 0.219355 0.406094 0.214941 0.405636 0.211118 0.403303 0.208081
0 0.442436 0.279607 0.438928 0.280412 0.436125 0.283269 0.435172 0.287202 0.436119 0.290961 0.440359 0.293808 0.445637 0.293864 0.447675 0.291633 0.448864 0.287219 0.448407 0.283396 0.446074 0.280359
0 0.322235 0.188990 0.318727 0.189796 0.315923 0.192653 0.314971 0.196585 0.315917 0.200344 0.320157 0.203191 0.325435 0.203247 0.327473 0.201016 0.328663 0.196602 0.328205 0.192779 0.325872 0.189742
0 0.182624 0.288202 0.179116 0.289006 0.176312 0.291863 0.175360 0.295797 0.176306 0.299555 0.180545 0.302402 0.185824 0.302458 0.187862 0.300227 0.189051 0.295813 0.188594 0.291990 0.186261 0.288953
0 0.143269 0.250356 0.139761 0.251162 0.136958 0.254019 0.136005 0.257952 0.136952 0.261710 0.141191 0.264557 0.146470 0.264613 0.148508 0.262382 0.149697 0.257968 0.149240 0.254145 0.146907 0.251109
0 0.103808 0.287980 0.100300 0.288785 0.097497 0.291642 0.096544 0.295576 0.097491 0.299334 0.101730 0.302181 0.107009 0.302237 0.109047 0.300006 0.110236 0.295592 0.109779 0.291769 0.107445 0.288732
0 0.070515 0.304699 0.067007 0.305504 0.064204 0.308361 0.063251 0.312294 0.064198 0.316053 0.068437 0.318900 0.073715 0.318956 0.075753 0.316725 0.076943 0.312311 0.076486 0.308488 0.074152 0.305451
0 0.067100 0.286716 0.063592 0.287521 0.060789 0.290377 0.059836 0.294311 0.060783 0.298069 0.065023 0.300916 0.070301 0.300972 0.072339 0.298741 0.073528 0.294327 0.073071 0.290505 0.070738 0.287467
0 0.091506 0.302226 0.087998 0.303031 0.085195 0.305888 0.084242 0.309821 0.085189 0.313579 0.089428 0.316426 0.094707 0.316482 0.096745 0.314251 0.097934 0.309837 0.097477 0.306014 0.095144 0.302977
0 0.107203 0.329834 0.103695 0.330640 0.100892 0.333497 0.099939 0.337429 0.100886 0.341188 0.105125 0.344035 0.110404 0.344091 0.112442 0.341860 0.113631 0.337446 0.113174 0.333623 0.110841 0.330586
0 0.051005 0.320552 0.047497 0.321357 0.044693 0.324214 0.043741 0.328147 0.044688 0.331906 0.048927 0.334753 0.054206 0.334809 0.056243 0.332578 0.057433 0.328164 0.056976 0.324341 0.054642 0.321304
0 0.138362 0.287599 0.134854 0.288404 0.132051 0.291261 0.131098 0.295194 0.132045 0.298952 0.136284 0.301799 0.141563 0.301855 0.143601 0.299624 0.144790 0.295210 0.144333 0.291387 0.141999 0.288351
0 0.098675 0.196653 0.095168 0.197459 0.092364 0.200315 0.091411 0.204248 0.092359 0.208007 0.096598 0.210854 0.101876 0.210910 0.103914 0.208679 0.105103 0.204265 0.104646 0.200442 0.102313 0.197405
0 0.083018 0.191681 0.079510 0.192486 0.076707 0.195343 0.075754 0.199276 0.076701 0.203035 0.080940 0.205882 0.086219 0.205938 0.088256 0.203707 0.089446 0.199293 0.088989 0.195470 0.086655 0.192433
0 0.062896 0.175060 0.059388 0.175866 0.056584 0.178723 0.055632 0.182655 0.056579 0.186414 0.060818 0.189261 0.066097 0.189317 0.068134 0.187086 0.069324 0.182672 0.068866 0.178849 0.066533 0.175812
0 0.185394 0.235537 0.181887 0.236342 0.179083 0.239199 0.178130 0.243132 0.179077 0.246891 0.183316 0.249738 0.188595 0.249794 0.190633 0.247563 0.191822 0.243149 0.191365 0.239326 0.189031 0.236289
0 0.174248 0.173451 0.170740 0.174256 0.167936 0.177113 0.166984 0.181046 0.167931 0.184805 0.172170 0.187652 0.177449 0.187708 0.179486 0.185477 0.180676 0.181063 0.180219 0.177240 0.177885 0.174203
0 0.192605 0.169051 0.189097 0.169856 0.186294 0.172713 0.185341 0.176646 0.186288 0.180404 0.190527 0.183251 0.195806 0.183307 0.197844 0.181077 0.199033 0.176663 0.198576 0.172840 0.196242 0.169803
0 0.143650 0.332479 0.140142 0.333284 0.137338 0.336141 0.136386 0.340074 0.137333 0.343832 0.141572 0.346679 0.146851 0.346735 0.148888 0.344504 0.150078 0.340090 0.149621 0.336267 0.147287 0.333231
0 0.031322 0.373856 0.027814 0.374661 0.025010 0.377518 0.024058 0.381451 0.025004 0.385210 0.029243 0.388057 0.034522 0.388113 0.036560 0.385882 0.037749 0.381467 0.037292 0.377645 0.034959 0.374608
0 0.076229 0.401289 0.072721 0.402094 0.069918 0.404951 0.068965 0.408885 0.069912 0.412643 0.074151 0.415490 0.079430 0.415546 0.081467 0.413315 0.082657 0.408901 0.082200 0.405078 0.079867 0.402041
0 0.128498 0.435451 0.124991 0.436256 0.122187 0.439113 0.121234 0.443046 0.122182 0.446804 0.126421 0.449651 0.131700 0.449707 0.133737 0.447476 0.134927 0.443063 0.134469 0.439240 0.132136 0.436203
0 0.053590 0.401333 0.050082 0.402138 0.047279 0.404995 0.046326 0.408928 0.047273 0.412686 0.051512 0.415533 0.056791 0.415589 0.058828 0.413359 0.060018 0.408944 0.059561 0.405122 0.057227 0.402085
0 0.027270 0.351868 0.023762 0.352673 0.020959 0.355530 0.020007 0.359463 0.020953 0.363221 0.025193 0.366068 0.030471 0.366124 0.032509 0.363893 0.033699 0.359480 0.033241 0.355656 0.030908 0.352620
0 0.179459 0.439841 0.175951 0.440646 0.173148 0.443503 0.172195 0.447436 0.173142 0.451194 0.177381 0.454041 0.182660 0.454097 0.184698 0.451866 0.185887 0.447452 0.185429 0.443630 0.183096 0.440592
0 0.203089 0.511879 0.199581 0.512685 0.196778 0.515542 0.195825 0.519474 0.196772 0.523233 0.201011 0.526080 0.206290 0.526136 0.208327 0.523905 0.209517 0.519491 0.209060 0.515668 0.206726 0.512631
0 0.229567 0.548934 0.226060 0.549740 0.223256 0.552597 0.222303 0.556529 0.223251 0.560288 0.227490 0.563135 0.232768 0.563191 0.234806 0.560960 0.235995 0.556546 0.235538 0.552723 0.233205 0.549686
0 0.277817 0.564683 0.274309 0.565488 0.271506 0.568344 0.270553 0.572278 0.271500 0.576036 0.275739 0.578883 0.281018 0.578939 0.283056 0.576708 0.284245 0.572294 0.283788 0.568471 0.281455 0.565434
0 0.072658 0.525819 0.069150 0.526624 0.066346 0.529481 0.065394 0.533414 0.066341 0.537172 0.070580 0.540019 0.075858 0.540075 0.077896 0.537844 0.079086 0.533431 0.078628 0.529607 0.076295 0.526571
0 0.092052 0.479160 0.088544 0.479966 0.085741 0.482823 0.084788 0.486755 0.085735 0.490514 0.089975 0.493361 0.095253 0.493417 0.097291 0.491186 0.098480 0.486772 0.098023 0.482949 0.095690 0.479912
0 0.003200 0.510560 0.000000 0.511365 0.000000 0.514222 0.000000 0.518155 0.000000 0.521914 0.001123 0.524761 0.006401 0.524817 0.008439 0.522586 0.009629 0.518172 0.009171 0.514349 0.006838 0.511312
0 0.016189 0.573533 0.012681 0.574339 0.009877 0.577195 0.008925 0.581128 0.009872 0.584887 0.014111 0.587734 0.019390 0.587790 0.021427 0.585559 0.022617 0.581145 0.022159 0.577322 0.019826 0.574285
0 0.186463 0.632536 0.182955 0.633341 0.180152 0.636198 0.179199 0.640131 0.180146 0.643889 0.184385 0.646736 0.189664 0.646792 0.191702 0.644561 0.192891 0.640148 0.192434 0.636324 0.190100 0.633288
0 0.135226 0.596225 0.131718 0.597030 0.128914 0.599887 0.127962 0.603820 0.128909 0.607579 0.133148 0.610425 0.138427 0.610482 0.140464 0.608250 0.141654 0.603836 0.141196 0.600013 0.138863 0.596976
0 0.152786 0.588177 0.149278 0.588982 0.146474 0.591839 0.145522 0.595772 0.146469 0.599530 0.150708 0.602377 0.155986 0.602433 0.158024 0.600203 0.159213 0.595788 0.158756 0.591966 0.156423 0.588929
0 0.000000 0.581178 0.000000 0.581984 0.000000 0.584841 0.000000 0.588774 0.000000 0.592532 0.000000 0.595379 0.000000 0.595435 0.000000 0.593204 0.000000 0.588790 0.000000 0.584967 0.000000 0.581931
0 0.000000 0.595716 0.000000 0.596522 0.000000 0.599379 0.000000 0.603312 0.000000 0.607070 0.000000 0.609917 0.001723 0.609973 0.003760 0.607742 0.004950 0.603328 0.004492 0.599505 0.002159 0.596468
0 0.090542 0.630997 0.087034 0.631802 0.084231 0.634659 0.083278 0.638592 0.084225 0.642350 0.088464 0.645197 0.093742 0.645253 0.095780 0.643023 0.096969 0.638609 0.096512 0.634786 0.094179 0.631749
0 0.114765 0.677173 0.111257 0.677978 0.108453 0.680835 0.107501 0.684769 0.108448 0.688527 0.112687 0.691374 0.117966 0.691430 0.120003 0.689199 0.121193 0.684785 0.120735 0.680962 0.118402 0.677925
0 0.156141 0.689174 0.152634 0.689979 0.149830 0.692836 0.148877 0.696769 0.149825 0.700528 0.154064 0.703375 0.159342 0.703431 0.161380 0.701200 0.162569 0.696786 0.162112 0.692963 0.159779 0.689926
0 0.113391 0.696399 0.109883 0.697204 0.107079 0.700061 0.106127 0.703994 0.107074 0.707753 0.111313 0.710599 0.116592 0.710656 0.118629 0.708425 0.119819 0.704011 0.119361 0.700188 0.117028 0.697151
0 0.000000 0.642850 0.000000 0.643656 0.000000 0.646513 0.000000 0.650446 0.000000 0.654204 0.000000 0.656540 0.001777 0.657107 0.003814 0.654876 0.005004 0.650462 0.004546 0.646639 0.002213 0.643602
0 0.210522 0.694233 0.207014 0.695039 0.204211 0.697896 0.203258 0.701828 0.204205 0.705587 0.208543 0.707923 0.213723 0.708490 0.215761 0.706259 0.216950 0.701845 0.216493 0.698022 0.214160 0.694985
0 0.262016 0.633692 0.258508 0.634497 0.255705 0.637354 0.254752 0.641287 0.255699 0.645046 0.260037 0.647381 0.265217 0.647949 0.267255 0.645718 0.268444 0.641304 0.267987 0.637480 0.265654 0.634443
0 0.291175 0.623968 0.287667 0.624773 0.284864 0.627630 0.283911 0.631563 0.284858 0.635321 0.289196 0.637657 0.294376 0.638224 0.296414 0.635993 0.297603 0.631580 0.297146 0.627757 0.294812 0.624720
0 0.282688 0.646659 0.279180 0.647464 0.276376 0.650321 0.275424 0.654254 0.276371 0.658013 0.280708 0.660348 0.285888 0.660916 0.287926 0.658684 0.289115 0.654271 0.288658 0.650448 0.286325 0.647411
0 0.131134 0.620832 0.127627 0.621637 0.124823 0.624494 0.123870 0.628427 0.124818 0.632185 0.129155 0.634521 0.134335 0.635088 0.136373 0.632857 0.137562 0.628443 0.137105 0.624620 0.134772 0.621584
0 0.324964 0.658171 0.321457 0.658976 0.318653 0.661833 0.317700 0.665766 0.318648 0.669524 0.322985 0.671860 0.328165 0.672427 0.330203 0.670196 0.331392 0.665783 0.330935 0.661959 0.328602 0.658923
0 0.327213 0.631721 0.323705 0.632526 0.320901 0.635383 0.319949 0.639316 0.320895 0.643074 0.325234 0.645410 0.330413 0.645977 0.332451 0.643746 0.333640 0.639332 0.333183 0.635509 0.330850 0.632472
0 0.314174 0.620937 0.310665 0.621742 0.307862 0.624599 0.306910 0.628532 0.307856 0.632291 0.312195 0.634626 0.317374 0.635194 0.319412 0.632963 0.320601 0.628549 0.320144 0.624726 0.317811 0.621689
0 0.297121 0.670153 0.293613 0.670959 0.290810 0.673815 0.289857 0.677748 0.290804 0.681507 0.295142 0.683843 0.300321 0.684410 0.302359 0.682179 0.303549 0.677765 0.303092 0.673942 0.300758 0.670905
0 0.349606 0.609558 0.346098 0.610363 0.343294 0.613220 0.342342 0.617153 0.343289 0.620912 0.347627 0.623248 0.352806 0.623815 0.354844 0.621584 0.356034 0.617170 0.355576 0.613347 0.353243 0.610310
0 0.025147 0.647243 0.021639 0.648048 0.018835 0.650905 0.017883 0.654838 0.018830 0.658597 0.023168 0.660932 0.028348 0.661500 0.030385 0.659268 0.031575 0.654855 0.031117 0.651032 0.028784 0.647995
0 0.380130 0.637103 0.376623 0.637909 0.373819 0.640766 0.372866 0.644699 0.373814 0.648458 0.378152 0.650793 0.383331 0.651360 0.385369 0.649129 0.386558 0.644716 0.386101 0.640892 0.383768 0.637855
0 0.405679 0.668832 0.402171 0.669638 0.399368 0.672495 0.398415 0.676428 0.399362 0.680186 0.403700 0.682522 0.408880 0.683089 0.410917 0.680858 0.412107 0.676444 0.411650 0.672621 0.409317 0.669584
0 0.424389 0.640912 0.420880 0.641717 0.418077 0.644574 0.417125 0.648507 0.418072 0.652265 0.422410 0.654601 0.427589 0.655168 0.429627 0.652937 0.430817 0.648523 0.430359 0.644701 0.428026 0.641663
0 0.385712 0.613158 0.382203 0.613963 0.379400 0.616820 0.378448 0.620753 0.379394 0.624512 0.383732 0.626847 0.388912 0.627415 0.390950 0.625184 0.392139 0.620769 0.391682 0.616947 0.389349 0.613910
0 0.332033 0.526135 0.328525 0.526941 0.325722 0.529798 0.324769 0.533731 0.325716 0.537489 0.330054 0.539825 0.335234 0.540392 0.337272 0.538161 0.338461 0.533747 0.338004 0.529924 0.335670 0.526888
0 0.544394 0.643767 0.540886 0.644572 0.538082 0.647429 0.537130 0.651362 0.538077 0.655120 0.542415 0.657456 0.547595 0.658023 0.549632 0.655792 0.550822 0.651379 0.550364 0.647556 0.548031 0.644519
0 0.325231 0.719056 0.321723 0.719862 0.318919 0.722719 0.317967 0.726651 0.318914 0.730410 0.323252 0.732746 0.328432 0.733313 0.330469 0.731082 0.331659 0.726668 0.331201 0.722845 0.328868 0.719808
0 0.500183 0.748821 0.496676 0.749627 0.493872 0.752483 0.492919 0.756416 0.493867 0.760175 0.498204 0.762510 0.503384 0.763078 0.505422 0.760847 0.506611 0.756433 0.506154 0.752610 0.503821 0.749573
0 0.480968 0.671164 0.477460 0.671969 0.474657 0.674826 0.473704 0.678759 0.474651 0.682518 0.478989 0.684853 0.484169 0.685421 0.486207 0.683190 0.487396 0.678776 0.486939 0.674953 0.484605 0.671916
0 0.569153 0.674334 0.565645 0.675139 0.562842 0.677996 0.561889 0.681929 0.562836 0.685687 0.567174 0.688023 0.572354 0.688590 0.574392 0.686359 0.575581 0.681946 0.575124 0.678122 0.572790 0.675086
0 0.531010 0.656486 0.527502 0.657291 0.524698 0.660148 0.523746 0.664081 0.524693 0.667840 0.529031 0.670175 0.534210 0.670743 0.536248 0.668512 0.537438 0.664098 0.536980 0.660275 0.534647 0.657238
0 0.542951 0.625540 0.539444 0.626346 0.536640 0.629202 0.535687 0.633135 0.536635 0.636894 0.540973 0.639229 0.546153 0.639796 0.548190 0.637566 0.549380 0.633152 0.548922 0.629329 0.546589 0.626292
0 0.487948 0.568160 0.484441 0.568965 0.481637 0.571822 0.480684 0.575755 0.481632 0.579513 0.485970 0.581849 0.491149 0.582416 0.493187 0.580185 0.494377 0.575771 0.493919 0.571948 0.491586 0.568911
0 0.560927 0.698027 0.557420 0.698832 0.554617 0.701689 0.553663 0.705622 0.554611 0.709381 0.558949 0.711716 0.564128 0.712283 0.566166 0.710052 0.567356 0.705639 0.566899 0.701816 0.564565 0.698779
0 0.372688 0.533744 0.369180 0.534549 0.366377 0.537406 0.365424 0.541339 0.366371 0.545097 0.370709 0.547433 0.375888 0.548000 0.377926 0.545769 0.379115 0.541355 0.378659 0.537533 0.376325 0.534496
0 0.573727 0.735202 0.570220 0.736008 0.567416 0.738865 0.566463 0.742798 0.567411 0.746557 0.571748 0.748892 0.576928 0.749460 0.578966 0.747228 0.580155 0.742815 0.579698 0.738991 0.577365 0.735955
0 0.589215 0.742928 0.585707 0.743734 0.582904 0.746590 0.581951 0.750524 0.582898 0.754282 0.587236 0.756618 0.592415 0.757185 0.594453 0.754954 0.595643 0.750540 0.595186 0.746717 0.592852 0.743680
0 0.551241 0.767265 0.547733 0.768070 0.544930 0.770927 0.543977 0.774860 0.544924 0.778619 0.549262 0.780954 0.554442 0.781521 0.556480 0.779290 0.557669 0.774877 0.557212 0.771053 0.554879 0.768017
0 0.547797 0.751231 0.544289 0.752036 0.541485 0.754893 0.540533 0.758826 0.541480 0.762585 0.545818 0.764921 0.550997 0.765488 0.553035 0.763257 0.554225 0.758843 0.553767 0.755020 0.551434 0.751983
0 0.523647 0.776326 0.520139 0.777132 0.517336 0.779989 0.516383 0.783922 0.517330 0.787680 0.521668 0.790016 0.526848 0.790583 0.528886 0.788352 0.530075 0.783938 0.529618 0.780115 0.527284 0.777079
0 0.487339 0.764194 0.483831 0.764999 0.481028 0.767856 0.480075 0.771789 0.481022 0.775548 0.485459 0.777372 0.490558 0.778358 0.492578 0.776219 0.493767 0.771806 0.493310 0.767982 0.490977 0.764946
0 0.610783 0.705496 0.607274 0.706302 0.604471 0.709158 0.603518 0.713091 0.604465 0.716850 0.608902 0.718674 0.614001 0.719661 0.616021 0.717522 0.617210 0.713108 0.616753 0.709285 0.614420 0.706248
0 0.639559 0.657223 0.636051 0.658028 0.633247 0.660885 0.632295 0.664818 0.633242 0.668576 0.637678 0.670401 0.642777 0.671387 0.644797 0.669248 0.645986 0.664834 0.645529 0.661011 0.643196 0.657974
0 0.604628 0.730426 0.601120 0.731232 0.598316 0.734089 0.597364 0.738021 0.598311 0.741780 0.602768 0.744613 0.607846 0.744591 0.609866 0.742452 0.611056 0.738038 0.610598 0.734215 0.608265 0.731178
0 0.635184 0.761175 0.631676 0.761980 0.628873 0.764837 0.627920 0.768770 0.628867 0.772529 0.633324 0.775361 0.638402 0.775339 0.640422 0.773200 0.641611 0.768787 0.641154 0.764963 0.638821 0.761927
0 0.653630 0.760331 0.650122 0.761136 0.647319 0.763992 0.646366 0.767926 0.647313 0.771684 0.651771 0.774517 0.656849 0.774495 0.658868 0.772356 0.660058 0.767942 0.659601 0.764119 0.657268 0.761082
0 0.685916 0.698712 0.682408 0.699517 0.679605 0.702374 0.678652 0.706307 0.679599 0.710065 0.684057 0.712898 0.689135 0.712876 0.691155 0.710737 0.692344 0.706324 0.691887 0.702500 0.689554 0.699464
0 0.647361 0.683479 0.643853 0.684285 0.641050 0.687142 0.640097 0.691075 0.641044 0.694833 0.645502 0.697666 0.650580 0.697644 0.652600 0.695505 0.653789 0.691091 0.653332 0.687268 0.650999 0.684231
0 0.685779 0.681865 0.682271 0.682670 0.679467 0.685527 0.678515 0.689460 0.679462 0.693219 0.683919 0.696052 0.688997 0.696030 0.691017 0.693891 0.692206 0.689477 0.691749 0.685654 0.689416 0.682617
0 0.729122 0.783656 0.725614 0.784461 0.722811 0.787318 0.721858 0.791251 0.722805 0.795010 0.727262 0.797843 0.732340 0.797821 0.734361 0.795682 0.735550 0.791268 0.735093 0.787445 0.732759 0.784408
0 0.696272 0.760417 0.692765 0.761223 0.689961 0.764080 0.689008 0.768013 0.689955 0.771771 0.694413 0.774604 0.699491 0.774582 0.701511 0.772443 0.702700 0.768029 0.702243 0.764206 0.699910 0.761169
0 0.852599 0.772352 0.849091 0.773157 0.846288 0.776014 0.845335 0.779947 0.846282 0.783706 0.850740 0.786539 0.855818 0.786517 0.857837 0.784378 0.859027 0.779964 0.858570 0.776141 0.856236 0.773104
0 0.861222 0.736362 0.857714 0.737167 0.854911 0.740024 0.853958 0.743957 0.854905 0.747716 0.859363 0.750548 0.864441 0.750527 0.866461 0.748387 0.867650 0.743974 0.867193 0.740151 0.864860 0.737113
0 0.890804 0.778749 0.887297 0.779554 0.884493 0.782411 0.883540 0.786344 0.884488 0.790103 0.888945 0.792936 0.894023 0.792914 0.896043 0.790775 0.897232 0.786361 0.896775 0.782538 0.894442 0.779501
0 0.878998 0.822716 0.875490 0.823522 0.872687 0.826379 0.871734 0.830312 0.872681 0.834070 0.877138 0.836903 0.882217 0.836881 0.884236 0.834742 0.885426 0.830328 0.884969 0.826505 0.882635 0.823469
0 0.940306 0.740822 0.936798 0.741627 0.933994 0.744483 0.933042 0.748417 0.933989 0.752175 0.938446 0.755009 0.943524 0.754986 0.945544 0.752848 0.946734 0.748433 0.946276 0.744611 0.943943 0.741573
0 0.925136 0.853382 0.921628 0.854187 0.918824 0.857044 0.917871 0.860977 0.918818 0.864735 0.923276 0.867569 0.928354 0.867546 0.930374 0.865408 0.931563 0.860994 0.931106 0.857171 0.928773 0.854134
0 0.891061 0.729805 0.887553 0.730610 0.884750 0.733467 0.883797 0.737400 0.884744 0.741159 0.889232 0.743834 0.894279 0.743970 0.896300 0.741831 0.897489 0.737417 0.897032 0.733594 0.894699 0.730557
0 0.929939 0.683687 0.926431 0.684492 0.923628 0.687349 0.922675 0.691282 0.923622 0.695041 0.928110 0.697717 0.933157 0.697852 0.935178 0.695713 0.936367 0.691299 0.935910 0.687476 0.933576 0.684439
0 0.886963 0.626043 0.883455 0.626848 0.880652 0.629705 0.879699 0.633639 0.880646 0.637397 0.885134 0.640072 0.890182 0.640208 0.892201 0.638069 0.893391 0.633655 0.892934 0.629832 0.890600 0.626795
0 0.804960 0.691588 0.801452 0.692394 0.798649 0.695250 0.797696 0.699183 0.798643 0.702942 0.803131 0.705617 0.808179 0.705753 0.810198 0.703614 0.811388 0.699200 0.810931 0.695377 0.808597 0.692340
0 0.974619 0.637535 0.971111 0.638340 0.968307 0.641197 0.967355 0.645130 0.968302 0.648889 0.972790 0.651565 0.977838 0.651700 0.979857 0.649561 0.981047 0.645147 0.980589 0.641324 0.978256 0.638287
0 0.945402 0.674777 0.941895 0.675582 0.939091 0.678439 0.938138 0.682372 0.939085 0.686131 0.943573 0.688806 0.948621 0.688941 0.950453 0.686766 0.951319 0.682290 0.951373 0.678566 0.949040 0.675529
0 0.954759 0.701902 0.951251 0.702707 0.948448 0.705564 0.947495 0.709497 0.948442 0.713256 0.952930 0.715932 0.957978 0.716067 0.959809 0.713891 0.960676 0.709415 0.960730 0.705691 0.958397 0.702654
0 0.953966 0.622054 0.950458 0.622859 0.947655 0.625716 0.946702 0.629649 0.947649 0.633408 0.952137 0.636083 0.957184 0.636219 0.959017 0.634043 0.959883 0.629567 0.959937 0.625843 0.957604 0.622806
0 0.722996 0.718067 0.719488 0.718872 0.716685 0.721729 0.715732 0.725662 0.716679 0.729420 0.721167 0.732096 0.726214 0.732231 0.728046 0.730056 0.728912 0.725579 0.728967 0.721856 0.726634 0.718818
0 0.554582 0.683297 0.551074 0.684102 0.548271 0.686959 0.547318 0.690892 0.548265 0.694650 0.552753 0.697326 0.557801 0.697461 0.559633 0.695286 0.560499 0.690810 0.560553 0.687086 0.558220 0.684049
0 0.503724 0.526790 0.500216 0.527596 0.497412 0.530453 0.496460 0.534385 0.497407 0.538144 0.501895 0.540820 0.506943 0.540955 0.508774 0.538780 0.509641 0.534303 0.509694 0.530579 0.507361 0.527542
0 0.469358 0.502303 0.465850 0.503108 0.463047 0.505965 0.462094 0.509898 0.462784 0.512705 0.470522 0.513759 0.473722 0.512712 0.475382 0.508868 0.475256 0.505790 0.472995 0.503055
0 0.631224 0.543436 0.627716 0.544241 0.624912 0.547098 0.623960 0.551031 0.624907 0.554790 0.629394 0.557466 0.634442 0.557601 0.636274 0.555425 0.637140 0.550949 0.637194 0.547225 0.634861 0.544188
0 0.675525 0.518027 0.672017 0.518832 0.669214 0.521689 0.668261 0.525622 0.669208 0.529380 0.673696 0.532056 0.678744 0.532191 0.680575 0.530016 0.681442 0.525540 0.681496 0.521816 0.679163 0.518779
0 0.746176 0.473516 0.741836 0.474019 0.738263 0.477499 0.736909 0.481939 0.737998 0.486180 0.740983 0.489158 0.746307 0.490632 0.751095 0.488992 0.753817 0.486177 0.754743 0.481433 0.753196 0.476820 0.750315 0.474423
0 0.776314 0.436325 0.771973 0.436829 0.768400 0.440309 0.767046 0.444749 0.768135 0.448989 0.771120 0.451967 0.776444 0.453442 0.781232 0.451802 0.783953 0.448987 0.784880 0.444243 0.783333 0.439630 0.780452 0.437232
0 0.802811 0.408837 0.798471 0.409341 0.794898 0.412820 0.793544 0.417261 0.794632 0.421502 0.797618 0.424479 0.802942 0.425953 0.807730 0.424314 0.810451 0.421499 0.811378 0.416755 0.809831 0.412142 0.806949 0.409744
0 0.668172 0.467676 0.663832 0.468179 0.660259 0.471659 0.658905 0.476099 0.659993 0.480340 0.662979 0.483318 0.668303 0.484792 0.673091 0.483152 0.675812 0.480337 0.676739 0.475593 0.675192 0.470980 0.672310 0.468583
0 0.815361 0.492522 0.811021 0.493026 0.807448 0.496506 0.806094 0.500946 0.807182 0.505187 0.810168 0.508164 0.815492 0.509639 0.820280 0.507999 0.823001 0.505184 0.823928 0.500440 0.822381 0.495827 0.819499 0.493429
0 0.813419 0.526771 0.809078 0.527274 0.805505 0.530755 0.804151 0.535194 0.805239 0.539435 0.808225 0.542413 0.813549 0.543887 0.818337 0.542248 0.821059 0.539433 0.821985 0.534688 0.820438 0.530076 0.817557 0.527678
0 0.831056 0.541755 0.826715 0.542258 0.823143 0.545738 0.821789 0.550178 0.822877 0.554419 0.825863 0.557397 0.831187 0.558871 0.835975 0.557231 0.838696 0.554416 0.839623 0.549672 0.838076 0.545059 0.835194 0.542662
0 0.825110 0.571867 0.820770 0.572370 0.817197 0.575850 0.815843 0.580290 0.816931 0.584531 0.819917 0.587509 0.825241 0.588983 0.830029 0.587343 0.832750 0.584529 0.833677 0.579784 0.832130 0.575171 0.829248 0.572774
0 0.879115 0.525527 0.874774 0.526031 0.871201 0.529511 0.869847 0.533951 0.870935 0.538191 0.873922 0.541169 0.879245 0.542644 0.884033 0.541004 0.886755 0.538189 0.887681 0.533445 0.886134 0.528832 0.883253 0.526434
0 0.886413 0.469829 0.882073 0.470332 0.878500 0.473812 0.877146 0.478252 0.878234 0.482493 0.881220 0.485471 0.886544 0.486945 0.891332 0.485305 0.894053 0.482490 0.894980 0.477746 0.893433 0.473133 0.890551 0.470736
0 0.917146 0.498233 0.912805 0.498736 0.909232 0.502217 0.907878 0.506656 0.908967 0.510897 0.911952 0.513875 0.917276 0.515349 0.922064 0.513710 0.924786 0.510895 0.925712 0.506150 0.924165 0.501538 0.921284 0.499140
0 0.952936 0.526977 0.948596 0.527480 0.945023 0.530960 0.943669 0.535400 0.944757 0.539641 0.947743 0.542618 0.953067 0.544093 0.957854 0.542453 0.960576 0.539639 0.961503 0.534894 0.959955 0.530281 0.957074 0.527883
0 0.960114 0.545539 0.955773 0.546043 0.952200 0.549523 0.950846 0.553963 0.951935 0.558203 0.954921 0.561181 0.960244 0.562656 0.965032 0.561016 0.967754 0.558201 0.968680 0.553457 0.967133 0.548844 0.964252 0.546446
0 0.975687 0.501689 0.971347 0.502192 0.967774 0.505672 0.966420 0.510112 0.967508 0.514353 0.970494 0.517331 0.975818 0.518805 0.980605 0.517165 0.983327 0.514350 0.984254 0.509606 0.982707 0.504994 0.979826 0.502596
0 0.991513 0.517763 0.987173 0.518266 0.983599 0.521747 0.982245 0.526186 0.983334 0.530427 0.986320 0.533405 0.991643 0.534879 0.996431 0.533240 0.998397 0.530424 0.998397 0.525680 0.998397 0.521068 0.995651 0.518670
0 0.960627 0.580991 0.956287 0.581494 0.952714 0.584975 0.951360 0.589414 0.952448 0.593655 0.955434 0.596633 0.960758 0.598107 0.965545 0.596468 0.968267 0.593653 0.969194 0.588908 0.967646 0.584296 0.964765 0.581898
0 0.847850 0.536795 0.843510 0.537299 0.839936 0.540778 0.838582 0.545218 0.839671 0.549459 0.842657 0.552437 0.847980 0.553911 0.852768 0.552272 0.855490 0.549457 0.856416 0.544712 0.854869 0.540100 0.851988 0.537702
0 0.919209 0.588592 0.914869 0.589095 0.911296 0.592575 0.909942 0.597015 0.911031 0.601256 0.914016 0.604234 0.919340 0.605708 0.924128 0.604069 0.926849 0.601254 0.927776 0.596509 0.926229 0.591897 0.923348 0.589499
0 0.855405 0.487433 0.851065 0.487937 0.847492 0.491417 0.846137 0.495856 0.847226 0.500097 0.850212 0.503075 0.855536 0.504549 0.860323 0.502910 0.863045 0.500095 0.863971 0.495350 0.862424 0.490738 0.859543 0.488340
0 0.873407 0.412833 0.869067 0.413337 0.865494 0.416817 0.864140 0.421256 0.865228 0.425497 0.868214 0.428475 0.873538 0.429949 0.878325 0.428310 0.881047 0.425495 0.881973 0.420750 0.880426 0.416138 0.877545 0.413740
0 0.992837 0.381717 0.988497 0.382221 0.984924 0.385701 0.983570 0.390141 0.984658 0.394382 0.987644 0.397359 0.992968 0.398834 0.997755 0.397194 0.998397 0.394379 0.998397 0.389635 0.998397 0.385022 0.996975 0.382624
0 0.930264 0.304812 0.925923 0.305315 0.922350 0.308795 0.920996 0.313235 0.922085 0.317476 0.925071 0.320454 0.930394 0.321928 0.935182 0.320288 0.937904 0.317473 0.938830 0.312729 0.937283 0.308116 0.934402 0.305718
0 0.753049 0.304819 0.748709 0.305323 0.745136 0.308803 0.743782 0.313243 0.744870 0.317483 0.747856 0.320461 0.753180 0.321935 0.757967 0.320296 0.760689 0.317481 0.761615 0.312736 0.760068 0.308124 0.757187 0.305726
0 0.744033 0.268057 0.739693 0.268560 0.736120 0.272040 0.734766 0.276480 0.735855 0.280721 0.738840 0.283699 0.744164 0.285173 0.748952 0.283534 0.751674 0.280719 0.752600 0.275974 0.751053 0.271362 0.748171 0.268964
0 0.669575 0.390734 0.665235 0.391237 0.661662 0.394717 0.660307 0.399157 0.661396 0.403398 0.664382 0.406376 0.669706 0.407850 0.674493 0.406211 0.677215 0.403395 0.678142 0.398651 0.676594 0.394039 0.673713 0.391641
0 0.687331 0.281825 0.682991 0.282329 0.679418 0.285809 0.678064 0.290248 0.679153 0.294489 0.682138 0.297467 0.687462 0.298941 0.692250 0.297302 0.694972 0.294487 0.695898 0.289742 0.694351 0.285130 0.691469 0.282732
0 0.638438 0.287296 0.634098 0.287799 0.630525 0.291279 0.629170 0.295719 0.630260 0.299960 0.633245 0.302938 0.638569 0.304412 0.643356 0.302773 0.646078 0.299957 0.647005 0.295213 0.645457 0.290601 0.642576 0.288203
0 0.541332 0.411993 0.536992 0.412496 0.533418 0.415977 0.532064 0.420416 0.533153 0.424657 0.536139 0.427635 0.541462 0.429109 0.546250 0.427470 0.548972 0.424655 0.549898 0.419910 0.548351 0.415298 0.545470 0.412900
0 0.501843 0.319223 0.497503 0.319726 0.493930 0.323206 0.492576 0.327646 0.493665 0.331887 0.496651 0.334865 0.501974 0.336339 0.506762 0.334700 0.509484 0.331885 0.510410 0.327140 0.508863 0.322528 0.505982 0.320130
0 0.528348 0.332241 0.524008 0.332744 0.520435 0.336224 0.519081 0.340664 0.520169 0.344905 0.523155 0.347883 0.528479 0.349357 0.533266 0.347717 0.535988 0.344902 0.536914 0.340158 0.535367 0.335545 0.532487 0.333148
0 0.450039 0.292794 0.445699 0.293298 0.442126 0.296777 0.440771 0.301217 0.441860 0.305458 0.444846 0.308436 0.450170 0.309910 0.454957 0.308271 0.457679 0.305456 0.458605 0.300711 0.457058 0.296099 0.454177 0.293701
0 0.385237 0.253881 0.380896 0.254384 0.377323 0.257864 0.375969 0.262304 0.377058 0.266545 0.380044 0.269522 0.385367 0.270996 0.390155 0.269357 0.392877 0.266542 0.393803 0.261797 0.392256 0.257185 0.389375 0.254787
0 0.415509 0.351678 0.411169 0.352182 0.407596 0.355662 0.406242 0.360101 0.407330 0.364342 0.410316 0.367320 0.415640 0.368794 0.420427 0.367155 0.423149 0.364340 0.424076 0.359595 0.422528 0.354983 0.419647 0.352585
0 0.470339 0.392912 0.465998 0.393415 0.462426 0.396895 0.461071 0.401335 0.462160 0.405576 0.465146 0.408554 0.470470 0.410028 0.475257 0.408389 0.477979 0.405573 0.478905 0.400829 0.477358 0.396217 0.474477 0.393819
0 0.418417 0.264275 0.414077 0.264778 0.410504 0.268258 0.409150 0.272698 0.410239 0.276939 0.413224 0.279917 0.418548 0.281391 0.423335 0.279752 0.426057 0.276936 0.426984 0.272192 0.425437 0.267579 0.422556 0.265181
0 0.479611 0.445544 0.475271 0.446048 0.471698 0.449527 0.470344 0.453967 0.471433 0.458208 0.474418 0.461186 0.479742 0.462660 0.484529 0.461021 0.487251 0.458206 0.488178 0.453461 0.486630 0.448849 0.483750 0.446451
0 0.346445 0.380112 0.342105 0.380615 0.338532 0.384095 0.337178 0.388535 0.338267 0.392776 0.341252 0.395754 0.346576 0.397228 0.351364 0.395589 0.354086 0.392774 0.355012 0.388029 0.353465 0.383416 0.350583 0.381019
0 0.354126 0.405176 0.349786 0.405679 0.346213 0.409160 0.344858 0.413599 0.345947 0.417840 0.348933 0.420818 0.354257 0.422292 0.359044 0.420653 0.361766 0.417838 0.362693 0.413093 0.361145 0.408481 0.358264 0.406083
0 0.391900 0.465042 0.387560 0.465545 0.383986 0.469025 0.382632 0.473465 0.383721 0.477706 0.386707 0.480684 0.392030 0.482158 0.396818 0.480519 0.399540 0.477704 0.400466 0.472959 0.398919 0.468347 0.396038 0.465949
0 0.377495 0.498319 0.373155 0.498823 0.369582 0.502303 0.368228 0.506743 0.369317 0.510984 0.372302 0.513961 0.377626 0.515436 0.382414 0.513796 0.385135 0.510981 0.386062 0.506237 0.384515 0.501624 0.381633 0.499226
0 0.351942 0.499021 0.347601 0.499524 0.344029 0.503005 0.342675 0.507444 0.343763 0.511685 0.346749 0.514663 0.352073 0.516137 0.356860 0.514498 0.359582 0.511683 0.360508 0.506938 0.358961 0.502326 0.356080 0.499928
0 0.388544 0.524399 0.384204 0.524903 0.380631 0.528383 0.379277 0.532823 0.380365 0.537064 0.383351 0.540041 0.388675 0.541516 0.393462 0.539876 0.396184 0.537061 0.397110 0.532317 0.395563 0.527704 0.392682 0.525307
0 0.392650 0.544769 0.388310 0.545273 0.384737 0.548753 0.383382 0.553193 0.384471 0.557434 0.387457 0.560411 0.392780 0.561886 0.397568 0.560246 0.400290 0.557431 0.401216 0.552687 0.399669 0.548074 0.396788 0.545676
0 0.349740 0.520979 0.345399 0.521482 0.341826 0.524962 0.340472 0.529402 0.341561 0.533643 0.344546 0.536621 0.349870 0.538095 0.354658 0.536456 0.357380 0.533641 0.358306 0.528896 0.356759 0.524284 0.353878 0.521886
0 0.314463 0.534688 0.310123 0.535192 0.306550 0.538671 0.305196 0.543111 0.306285 0.547352 0.309270 0.550330 0.314594 0.551804 0.319382 0.550165 0.322104 0.547350 0.323030 0.542605 0.321483 0.537993 0.318602 0.535595
0 0.474006 0.592504 0.469666 0.593008 0.466093 0.596487 0.464739 0.600928 0.465827 0.605169 0.468813 0.608146 0.474137 0.609620 0.478925 0.607981 0.481646 0.605166 0.482573 0.600421 0.481026 0.595809 0.478144 0.593411
0 0.476239 0.487274 0.471898 0.487777 0.468326 0.491258 0.466971 0.495697 0.468060 0.499938 0.471045 0.502916 0.476370 0.504390 0.481157 0.502751 0.483879 0.499936 0.484805 0.495191 0.483258 0.490579 0.480377 0.488181
0 0.566403 0.489632 0.562063 0.490135 0.558489 0.493616 0.557135 0.498055 0.558224 0.502296 0.561210 0.505274 0.566533 0.506748 0.571321 0.505109 0.574042 0.502294 0.574969 0.497549 0.573422 0.492937 0.570541 0.490539
0 0.608716 0.505305 0.604376 0.505808 0.600803 0.509289 0.599449 0.513729 0.600537 0.517969 0.603523 0.520947 0.608847 0.522422 0.613634 0.520782 0.616356 0.517967 0.617282 0.513222 0.615735 0.508610 0.612855 0.506212
0 0.591868 0.461715 0.587527 0.462218 0.583955 0.465699 0.582600 0.470138 0.583689 0.474379 0.586674 0.477357 0.591998 0.478831 0.596786 0.477192 0.599508 0.474377 0.600434 0.469632 0.598887 0.465020 0.596005 0.462622
0 0.683558 0.567618 0.679218 0.568121 0.675645 0.571602 0.674291 0.576041 0.675379 0.580282 0.678365 0.583260 0.683689 0.584734 0.688477 0.583095 0.691198 0.580280 0.692125 0.575535 0.690578 0.570923 0.687696 0.568525
0 0.714859 0.617352 0.710518 0.617855 0.706945 0.621336 0.705591 0.625775 0.706679 0.630016 0.709665 0.632994 0.714989 0.634468 0.719777 0.632829 0.722499 0.630014 0.723425 0.625269 0.721878 0.620657 0.718996 0.618259
0 0.741282 0.572257 0.736942 0.572761 0.733369 0.576241 0.732015 0.580681 0.733103 0.584922 0.736089 0.587899 0.741413 0.589374 0.746200 0.587734 0.748922 0.584919 0.749848 0.580175 0.748302 0.575562 0.745421 0.573164
0 0.631293 0.424396 0.626953 0.424899 0.623380 0.428379 0.622026 0.432819 0.623115 0.437060 0.626100 0.440038 0.631424 0.441512 0.636211 0.439872 0.638933 0.437057 0.639860 0.432313 0.638312 0.427700 0.635432 0.425303
0 0.619633 0.514037 0.615293 0.514540 0.611721 0.518020 0.610366 0.522460 0.611455 0.526701 0.614440 0.529679 0.619764 0.531153 0.624552 0.529513 0.627274 0.526699 0.628200 0.521954 0.626653 0.517341 0.623772 0.514944
0 0.848676 0.630382 0.844335 0.630886 0.840762 0.634366 0.839408 0.638805 0.840496 0.643046 0.843483 0.646024 0.848806 0.647498 0.853594 0.645859 0.856315 0.643044 0.857242 0.638299 0.855695 0.633687 0.852814 0.631289
0 0.872806 0.636805 0.868466 0.637309 0.864893 0.640788 0.863539 0.645229 0.864628 0.649469 0.867613 0.652447 0.872937 0.653921 0.877725 0.652282 0.880446 0.649467 0.881373 0.644723 0.879826 0.640110 0.876945 0.637712
0 0.901174 0.659991 0.896833 0.660494 0.893260 0.663974 0.891906 0.668414 0.892995 0.672655 0.895980 0.675632 0.901304 0.677107 0.906092 0.675467 0.908814 0.672653 0.909740 0.667908 0.908193 0.663295 0.905312 0.660898
0 0.906426 0.629694 0.902086 0.630197 0.898513 0.633678 0.897159 0.638117 0.898248 0.642358 0.901233 0.645336 0.906557 0.646810 0.911344 0.645171 0.914066 0.642355 0.914993 0.637611 0.913445 0.632999 0.910564 0.630601
0 0.927503 0.644777 0.923163 0.645280 0.919590 0.648760 0.918236 0.653200 0.919325 0.657441 0.922310 0.660419 0.927634 0.661893 0.932421 0.660253 0.935144 0.657438 0.936069 0.652694 0.934523 0.648081 0.931641 0.645683
0 0.968645 0.657050 0.964304 0.657554 0.960732 0.661034 0.959377 0.665473 0.960466 0.669714 0.963452 0.672692 0.968775 0.674166 0.973563 0.672527 0.976285 0.669712 0.977211 0.664967 0.975664 0.660355 0.972783 0.657957
0 0.893306 0.698152 0.888966 0.698656 0.885393 0.702136 0.884039 0.706576 0.885127 0.710816 0.888113 0.713794 0.893437 0.715269 0.898225 0.713629 0.900443 0.710716 0.901361 0.705971 0.900326 0.701457 0.897444 0.699059
0 0.772863 0.684666 0.768523 0.685169 0.764950 0.688649 0.763596 0.693089 0.764684 0.697330 0.767670 0.700307 0.772994 0.701782 0.777781 0.700142 0.779999 0.697230 0.780918 0.692484 0.779883 0.687970 0.777001 0.685573
0 0.807753 0.672110 0.803413 0.672614 0.799840 0.676094 0.798486 0.680534 0.799575 0.684775 0.802560 0.687752 0.807884 0.689227 0.812671 0.687587 0.814890 0.684675 0.815808 0.679929 0.814773 0.675415 0.811892 0.673017
0 0.791418 0.650626 0.787078 0.651130 0.783505 0.654610 0.782151 0.659050 0.783240 0.663291 0.786225 0.666268 0.791549 0.667743 0.796337 0.666103 0.798555 0.663191 0.799474 0.658445 0.798438 0.653931 0.795556 0.651533
0 0.755522 0.513561 0.751182 0.514064 0.747609 0.517545 0.746255 0.521984 0.747343 0.526225 0.750329 0.529203 0.755653 0.530677 0.760440 0.529038 0.762659 0.526126 0.763577 0.521379 0.762541 0.516866 0.759660 0.514468
0 0.857415 0.677017 0.853075 0.677520 0.849502 0.681000 0.848148 0.685440 0.849237 0.689681 0.852222 0.692658 0.857546 0.694133 0.862334 0.692493 0.864552 0.689581 0.865470 0.684835 0.864434 0.680321 0.861553 0.677924
0 0.758602 0.782660 0.754262 0.783164 0.750689 0.786644 0.749335 0.791084 0.750424 0.795325 0.753409 0.798302 0.758733 0.799777 0.763520 0.798137 0.765739 0.795224 0.766657 0.790479 0.765622 0.785965 0.762741 0.783567
0 0.830311 0.814825 0.825971 0.815328 0.822398 0.818808 0.821044 0.823248 0.822133 0.827489 0.825118 0.830466 0.830442 0.831940 0.835229 0.830301 0.837448 0.827389 0.838366 0.822643 0.837331 0.818129 0.834449 0.815731
0 0.737139 0.737727 0.732799 0.738231 0.729226 0.741711 0.727872 0.746151 0.728961 0.750392 0.731946 0.753369 0.737270 0.754844 0.742058 0.753204 0.744276 0.750292 0.745194 0.745546 0.744159 0.741032 0.741278 0.738634
0 0.906271 0.829989 0.902762 0.830794 0.899959 0.833651 0.899007 0.837584 0.899953 0.841343 0.904478 0.843828 0.909489 0.844153 0.911509 0.842014 0.912698 0.837601 0.912241 0.833777 0.909908 0.830741
0 0.916878 0.795414 0.913371 0.796219 0.910567 0.799076 0.909614 0.803010 0.910562 0.806768 0.915086 0.809254 0.920097 0.809579 0.922117 0.807440 0.923306 0.803026 0.922849 0.799203 0.920516 0.796166
0 0.709220 0.788077 0.705712 0.788882 0.702909 0.791739 0.701956 0.795672 0.702903 0.799431 0.707428 0.801916 0.712439 0.802242 0.714459 0.800103 0.715648 0.795689 0.715191 0.791866 0.712858 0.788829
0 0.932345 0.789866 0.928837 0.790671 0.926033 0.793528 0.925081 0.797461 0.926028 0.801220 0.930485 0.804052 0.935564 0.804030 0.937583 0.801891 0.938773 0.797478 0.938315 0.793654 0.935982 0.790618
0 0.930347 0.824495 0.926839 0.825300 0.924036 0.828157 0.923083 0.832091 0.924030 0.835849 0.928488 0.838682 0.933566 0.838660 0.935586 0.836521 0.936775 0.832107 0.936318 0.828284 0.933985 0.825247
0 0.839967 0.670015 0.836459 0.670820 0.833656 0.673677 0.832702 0.677610 0.833650 0.681369 0.838107 0.684202 0.843185 0.684180 0.845205 0.682041 0.846394 0.677627 0.845937 0.673804 0.843604 0.670767
0 0.878498 0.797542 0.874158 0.798045 0.870585 0.801526 0.869231 0.805965 0.870320 0.810206 0.873305 0.813184 0.878629 0.814658 0.883417 0.813019 0.885635 0.810106 0.886553 0.805360 0.885518 0.800847 0.882636 0.798449
0 0.706735 0.705432 0.702395 0.705935 0.698821 0.709415 0.697467 0.713855 0.698556 0.718096 0.701542 0.721074 0.706865 0.722548 0.711653 0.720909 0.713871 0.717996 0.714790 0.713250 0.713754 0.708737 0.710873 0.706339
0 0.668160 0.745973 0.663820 0.746476 0.660246 0.749956 0.658892 0.754396 0.659981 0.758637 0.662967 0.761615 0.668290 0.763089 0.673078 0.761449 0.675296 0.758537 0.676215 0.753791 0.675179 0.749277 0.672298 0.746880
0 0.714041 0.684765 0.709700 0.685268 0.706128 0.688748 0.704773 0.693188 0.705862 0.697429 0.708847 0.700407 0.714172 0.701881 0.718959 0.700242 0.721177 0.697329 0.722096 0.692583 0.721060 0.688070 0.718179 0.685672
0 0.628665 0.696566 0.624325 0.697070 0.620752 0.700549 0.619397 0.704989 0.620486 0.709230 0.623472 0.712208 0.628795 0.713682 0.633583 0.712043 0.635801 0.709130 0.636720 0.704384 0.635684 0.699871 0.632803 0.697473
0 0.541974 0.728385 0.537633 0.728889 0.534060 0.732369 0.532706 0.736808 0.533795 0.741049 0.536781 0.744027 0.542104 0.745501 0.546892 0.743862 0.549110 0.740950 0.550029 0.736203 0.548993 0.731690 0.546112 0.729292
0 0.729581 0.649927 0.725241 0.650430 0.721668 0.653910 0.720313 0.658350 0.721402 0.662591 0.724388 0.665569 0.729712 0.667043 0.734499 0.665403 0.736718 0.662491 0.737636 0.657745 0.736600 0.653232 0.733719 0.650834
0 0.621478 0.645914 0.617137 0.646417 0.613564 0.649897 0.612210 0.654337 0.613299 0.658578 0.616285 0.661556 0.621608 0.663030 0.626396 0.661391 0.628615 0.658478 0.629533 0.653732 0.628497 0.649219 0.625616 0.646821
0 0.614642 0.761485 0.610302 0.761989 0.606729 0.765469 0.605375 0.769908 0.606464 0.774149 0.609449 0.777127 0.614773 0.778601 0.619560 0.776962 0.621779 0.774050 0.622697 0.769303 0.621662 0.764790 0.618781 0.762392
0 0.490605 0.724865 0.486265 0.725369 0.482692 0.728848 0.481338 0.733288 0.482427 0.737529 0.485412 0.740507 0.490736 0.741981 0.495524 0.740342 0.497742 0.737429 0.498660 0.732683 0.497625 0.728170 0.494743 0.725772
0 0.473166 0.641955 0.468826 0.642459 0.465252 0.645939 0.463898 0.650378 0.464987 0.654619 0.467973 0.657597 0.473296 0.659071 0.478084 0.657432 0.480302 0.654520 0.481221 0.649773 0.480185 0.645260 0.477304 0.642862
0 0.473296 0.622870 0.468955 0.623373 0.465383 0.626854 0.464028 0.631293 0.465117 0.635534 0.468102 0.638512 0.473427 0.639986 0.478214 0.638347 0.480432 0.635434 0.481351 0.630688 0.480315 0.626175 0.477434 0.623777
0 0.508089 0.637261 0.503749 0.637765 0.500176 0.641245 0.498822 0.645685 0.499911 0.649926 0.502896 0.652903 0.508220 0.654378 0.513007 0.652738 0.515226 0.649825 0.516144 0.645080 0.515108 0.640566 0.512228 0.638168
0 0.665215 0.603756 0.662559 0.613302 0.665523 0.619805 0.671236 0.623246 0.678767 0.624254 0.684100 0.622232 0.687795 0.618456 0.689049 0.611513 0.686884 0.605524 0.683903 0.601893 0.678280 0.598919 0.670693 0.600055
0 0.626248 0.623173 0.623592 0.632720 0.626556 0.639222 0.632269 0.642663 0.639800 0.643672 0.645133 0.641649 0.648828 0.637873 0.650082 0.630930 0.647917 0.624941 0.644936 0.621310 0.639313 0.618336 0.631726 0.619473
0 0.596917 0.617867 0.594261 0.627413 0.597225 0.633915 0.602938 0.637356 0.610469 0.638365 0.615802 0.636343 0.619497 0.632566 0.620751 0.625623 0.618586 0.619635 0.615605 0.616004 0.609982 0.613029 0.602395 0.614165
0 0.608406 0.567371 0.605749 0.576918 0.608713 0.583420 0.614426 0.586861 0.621957 0.587869 0.627290 0.585847 0.630985 0.582071 0.632239 0.575128 0.630074 0.569140 0.627094 0.565508 0.621470 0.562534 0.613883 0.563670
0 0.850130 0.601074 0.847474 0.610621 0.850439 0.617123 0.856151 0.620564 0.863682 0.621572 0.869015 0.619550 0.872711 0.615774 0.873965 0.608831 0.871799 0.602843 0.868818 0.599211 0.863195 0.596237 0.855608 0.597373
0 0.772509 0.786169 0.769853 0.795715 0.772817 0.802218 0.778530 0.805658 0.786061 0.806667 0.791394 0.804645 0.795090 0.800869 0.796343 0.793925 0.794178 0.787937 0.791198 0.784306 0.785574 0.781331 0.777987 0.782468
0 0.497494 0.663158 0.494838 0.672705 0.497802 0.679207 0.503515 0.682648 0.511046 0.683656 0.516379 0.681634 0.520074 0.677858 0.521328 0.670914 0.519163 0.664926 0.516182 0.661295 0.510559 0.658320 0.502972 0.659457
0 0.458398 0.738224 0.455741 0.747770 0.458706 0.754272 0.464419 0.757714 0.471950 0.758722 0.477282 0.756700 0.480978 0.752924 0.482232 0.745980 0.480067 0.739992 0.477086 0.736361 0.471463 0.733386 0.463876 0.734523
0 0.297069 0.559601 0.294493 0.567809 0.296722 0.573368 0.297698 0.574443 0.302435 0.576809 0.309966 0.577818 0.315299 0.575796 0.318994 0.572019 0.320248 0.565076 0.318083 0.559088 0.315102 0.555457 0.309908 0.553559 0.303156 0.554586
0 0.429459 0.622720 0.426803 0.632266 0.429767 0.638769 0.435480 0.642210 0.443011 0.643218 0.448344 0.641196 0.452040 0.637420 0.453293 0.630476 0.451128 0.624488 0.448148 0.620857 0.442524 0.617882 0.434937 0.619019
0 0.444737 0.440319 0.442081 0.449866 0.445045 0.456369 0.450758 0.459809 0.458289 0.460818 0.463622 0.458796 0.467317 0.455020 0.468571 0.448076 0.466406 0.442088 0.463426 0.438457 0.457802 0.435482 0.450215 0.436619
0 0.589526 0.424635 0.586870 0.434182 0.589834 0.440684 0.595547 0.444125 0.603078 0.445133 0.608410 0.443111 0.612106 0.439335 0.613360 0.432392 0.611195 0.426403 0.608214 0.422772 0.602591 0.419797 0.595004 0.420934
0 0.560487 0.442785 0.557831 0.452332 0.560795 0.458834 0.566508 0.462275 0.574039 0.463283 0.579372 0.461261 0.583067 0.457485 0.584321 0.450542 0.582156 0.444554 0.579175 0.440923 0.573552 0.437948 0.565965 0.439084
0 0.536354 0.515961 0.533698 0.525508 0.536662 0.532010 0.542375 0.535451 0.549906 0.536460 0.555239 0.534438 0.558935 0.530662 0.560188 0.523718 0.558023 0.517729 0.555042 0.514098 0.549419 0.511124 0.541832 0.512261
0 0.230404 0.648014 0.227748 0.657560 0.230712 0.664063 0.236424 0.667503 0.243956 0.668512 0.249288 0.666490 0.252984 0.662714 0.254238 0.655770 0.252072 0.649782 0.249092 0.646151 0.243468 0.643176 0.235881 0.644313
0 0.129149 0.657213 0.126493 0.666759 0.129457 0.673262 0.135170 0.676702 0.142702 0.677711 0.148034 0.675689 0.151730 0.671913 0.152984 0.664969 0.150818 0.658981 0.147838 0.655350 0.142214 0.652375 0.134627 0.653512
0 0.056727 0.612651 0.054071 0.622198 0.057035 0.628700 0.062747 0.632141 0.070279 0.633150 0.075611 0.631128 0.079307 0.627351 0.080561 0.620408 0.078395 0.614419 0.075415 0.610789 0.069791 0.607814 0.062204 0.608950
0 0.000000 0.538613 0.000000 0.548159 0.000000 0.554662 0.000000 0.558103 0.003799 0.559111 0.009132 0.557089 0.012828 0.553313 0.014082 0.546369 0.011917 0.540381 0.008936 0.536750 0.003312 0.533775 0.000000 0.534912
0 0.157634 0.334445 0.154977 0.343991 0.157942 0.350494 0.163654 0.353935 0.171185 0.354943 0.176518 0.352921 0.180214 0.349145 0.181468 0.342202 0.179303 0.336213 0.176322 0.332582 0.170698 0.329608 0.163111 0.330744
0 0.205385 0.341614 0.202729 0.351161 0.205694 0.357663 0.211406 0.361105 0.218937 0.362113 0.224270 0.360091 0.227965 0.356315 0.229220 0.349371 0.227054 0.343383 0.224073 0.339752 0.218450 0.336777 0.210863 0.337914
0 0.278668 0.364014 0.276012 0.373561 0.278976 0.380063 0.284689 0.383504 0.292220 0.384513 0.297552 0.382491 0.301248 0.378714 0.302502 0.371771 0.300337 0.365783 0.297356 0.362152 0.291733 0.359177 0.284146 0.360314
0 0.312594 0.363484 0.309938 0.373030 0.312902 0.379532 0.318615 0.382973 0.326146 0.383982 0.331478 0.381960 0.335174 0.378183 0.336428 0.371240 0.334263 0.365252 0.331282 0.361621 0.325659 0.358646 0.318072 0.359783
0 0.365315 0.340030 0.362659 0.349577 0.365623 0.356079 0.371336 0.359521 0.378867 0.360529 0.384200 0.358507 0.387895 0.354731 0.389149 0.347787 0.386984 0.341799 0.384003 0.338168 0.378380 0.335193 0.370793 0.336330
0 0.289797 0.340811 0.287141 0.350358 0.290105 0.356860 0.295818 0.360301 0.303349 0.361309 0.308681 0.359287 0.312377 0.355511 0.313631 0.348568 0.311466 0.342579 0.308485 0.338948 0.302861 0.335973 0.295275 0.337110
0 0.230355 0.181277 0.227699 0.190824 0.230663 0.197326 0.236376 0.200767 0.243907 0.201775 0.249240 0.199753 0.252935 0.195977 0.254189 0.189033 0.252024 0.183045 0.249043 0.179414 0.243420 0.176440 0.235833 0.177577
0 0.284120 0.206839 0.281464 0.216385 0.284428 0.222887 0.290141 0.226328 0.297672 0.227337 0.303005 0.225315 0.306700 0.221538 0.307954 0.214595 0.305789 0.208607 0.302808 0.204976 0.297185 0.202001 0.289598 0.203138
0 0.442147 0.351257 0.439490 0.360804 0.442455 0.367306 0.448168 0.370747 0.455699 0.371755 0.461031 0.369733 0.464727 0.365957 0.465981 0.359014 0.463816 0.353025 0.460835 0.349394 0.455211 0.346419 0.447624 0.347556
0 0.083725 0.224210 0.081068 0.233756 0.084033 0.240259 0.089745 0.243700 0.097276 0.244708 0.102609 0.242686 0.106305 0.238910 0.107559 0.231966 0.105394 0.225978 0.102413 0.222347 0.096789 0.219373 0.089202 0.220509
0 0.081528 0.143231 0.078872 0.152777 0.081836 0.159279 0.087549 0.162721 0.095080 0.163729 0.100413 0.161707 0.104108 0.157931 0.105362 0.150988 0.103197 0.144999 0.100216 0.141368 0.094593 0.138393 0.087006 0.139530
0 0.363496 0.201471 0.360840 0.211018 0.363803 0.217520 0.369516 0.220961 0.377048 0.221969 0.382380 0.219947 0.386076 0.216171 0.387329 0.209227 0.385164 0.203239 0.382184 0.199608 0.376560 0.196633 0.368974 0.197770
0 0.614573 0.374807 0.611917 0.384353 0.614881 0.390856 0.620594 0.394297 0.628125 0.395305 0.633457 0.393283 0.637153 0.389507 0.638407 0.382563 0.636242 0.376575 0.633261 0.372944 0.627638 0.369969 0.620051 0.371106
0 0.564080 0.359135 0.561424 0.368681 0.564388 0.375184 0.570101 0.378624 0.577632 0.379633 0.582965 0.377611 0.586660 0.373835 0.587914 0.366891 0.585749 0.360903 0.582768 0.357272 0.577145 0.354297 0.569558 0.355434
0 0.599095 0.245398 0.596439 0.254945 0.599403 0.261446 0.605115 0.264888 0.612646 0.265896 0.617979 0.263874 0.621675 0.260098 0.622929 0.253155 0.620763 0.247166 0.617783 0.243535 0.612159 0.240561 0.604572 0.241697
0 0.507170 0.228647 0.504514 0.238193 0.507478 0.244695 0.513191 0.248136 0.520722 0.249145 0.526055 0.247123 0.529751 0.243347 0.531004 0.236403 0.528839 0.230415 0.525858 0.226784 0.520235 0.223809 0.512648 0.224946
0 0.748469 0.370898 0.745813 0.380445 0.748776 0.386947 0.754489 0.390388 0.762021 0.391396 0.767353 0.389374 0.771049 0.385598 0.772302 0.378655 0.770137 0.372666 0.767157 0.369035 0.761534 0.366060 0.753947 0.367197
0 0.721327 0.375537 0.718671 0.385084 0.721634 0.391586 0.727347 0.395027 0.734879 0.396036 0.740211 0.394014 0.743907 0.390238 0.745160 0.383294 0.742995 0.377305 0.740015 0.373675 0.734392 0.370700 0.726804 0.371837
0 0.777394 0.312534 0.774738 0.322080 0.777702 0.328583 0.783415 0.332024 0.790946 0.333032 0.796279 0.331010 0.799974 0.327234 0.801228 0.320290 0.799063 0.314302 0.796082 0.310671 0.790459 0.307696 0.782872 0.308833
0 0.899441 0.410650 0.896785 0.420197 0.899749 0.426699 0.905462 0.430140 0.912993 0.431149 0.918326 0.429127 0.922021 0.425350 0.923275 0.418407 0.921110 0.412419 0.918129 0.408788 0.912506 0.405813 0.904919 0.406949
0 0.938342 0.343606 0.935686 0.353153 0.938650 0.359655 0.944363 0.363097 0.951894 0.364105 0.957227 0.362083 0.960922 0.358307 0.962176 0.351363 0.960011 0.345375 0.957030 0.341744 0.951407 0.338769 0.943820 0.339906
0 0.951291 0.319156 0.948635 0.328702 0.951599 0.335205 0.957312 0.338646 0.964843 0.339654 0.970176 0.337633 0.973871 0.333856 0.975125 0.326913 0.972960 0.320924 0.969979 0.317293 0.964355 0.314319 0.956769 0.315455
0 0.747698 0.593766 0.745042 0.603313 0.748006 0.609815 0.753719 0.613256 0.761250 0.614264 0.766582 0.612242 0.770278 0.608466 0.771532 0.601523 0.769367 0.595535 0.766386 0.591903 0.760763 0.588929 0.753176 0.590066
0 0.632036 0.738000 0.629380 0.747547 0.632344 0.754049 0.638057 0.757490 0.645589 0.758499 0.650921 0.756476 0.654617 0.752701 0.655870 0.745757 0.653705 0.739768 0.650725 0.736137 0.645101 0.733163 0.637514 0.734300
0 0.544860 0.581713 0.542204 0.591260 0.545168 0.597762 0.550881 0.601203 0.558413 0.602211 0.563745 0.600189 0.567441 0.596413 0.568694 0.589470 0.566529 0.583481 0.563549 0.579850 0.557925 0.576876 0.550338 0.578012
0 0.575286 0.507765 0.572630 0.517312 0.575594 0.523814 0.581307 0.527255 0.588838 0.528263 0.594171 0.526241 0.597866 0.522465 0.599120 0.515521 0.596955 0.509533 0.593974 0.505902 0.588351 0.502927 0.580763 0.504064
0 0.623424 0.495628 0.620767 0.505174 0.623731 0.511677 0.629444 0.515118 0.636975 0.516126 0.642308 0.514104 0.646003 0.510328 0.647258 0.503385 0.645092 0.497396 0.642111 0.493765 0.636488 0.490791 0.628901 0.491927
0 0.059696 0.500506 0.057040 0.510053 0.060004 0.516555 0.065717 0.519997 0.073248 0.521005 0.078580 0.518983 0.082276 0.515207 0.083530 0.508263 0.081365 0.502275 0.078384 0.498644 0.072761 0.495669 0.065174 0.496806
0 0.271591 0.537964 0.269155 0.545395 0.269442 0.553430 0.274476 0.559928 0.281827 0.562454 0.287883 0.563213 0.295146 0.559786 0.299280 0.554678 0.300523 0.547860 0.300132 0.541953 0.293830 0.536053 0.287576 0.533078 0.277417 0.534027
0 0.405041 0.470750 0.402605 0.478182 0.402892 0.486217 0.407927 0.492715 0.415277 0.495240 0.421334 0.496000 0.428596 0.492572 0.432731 0.487465 0.433974 0.480646 0.433582 0.474740 0.427281 0.468840 0.421027 0.465865 0.410867 0.466814
0 0.466688 0.269956 0.463180 0.270761 0.460377 0.273618 0.459424 0.277551 0.460371 0.281310 0.464610 0.284157 0.469889 0.284213 0.471927 0.281982 0.473116 0.277567 0.472659 0.273745 0.470325 0.270708
0 0.430252 0.241078 0.425912 0.241582 0.422339 0.245062 0.420985 0.249501 0.422073 0.253742 0.425059 0.256720 0.430383 0.258194 0.435171 0.256555 0.437892 0.253740 0.438819 0.248995 0.437272 0.244383 0.434390 0.241985
0 0.285437 0.248954 0.284312 0.253999 0.284821 0.257878 0.286357 0.260799 0.290248 0.262783 0.296834 0.263613 0.300559 0.261426 0.302918 0.257081 0.303363 0.252420 0.302320 0.248292 0.299438 0.245294 0.295128 0.244083 0.289325 0.245332
0 0.232090 0.270327 0.230965 0.275373 0.231475 0.279252 0.233011 0.282172 0.236902 0.284157 0.243488 0.284987 0.247213 0.282799 0.249572 0.278454 0.250017 0.273793 0.248974 0.269666 0.246091 0.266667 0.241781 0.265457 0.235979 0.266706
0 0.277152 0.288619 0.276027 0.293665 0.276537 0.297544 0.278072 0.300464 0.281964 0.302449 0.288550 0.303279 0.292275 0.301091 0.294633 0.296746 0.295079 0.292085 0.294036 0.287958 0.291153 0.284959 0.286843 0.283749 0.281041 0.284998
0 0.241421 0.323326 0.240296 0.328371 0.240805 0.332251 0.242341 0.335171 0.246232 0.337156 0.252819 0.337985 0.256543 0.335798 0.258902 0.331454 0.259347 0.326792 0.258305 0.322665 0.255421 0.319666 0.251112 0.318456 0.245309 0.319705
0 0.206938 0.310940 0.205813 0.315986 0.206323 0.319865 0.207858 0.322786 0.211750 0.324770 0.218336 0.325600 0.222061 0.323412 0.224419 0.319068 0.224865 0.314406 0.223822 0.310279 0.220939 0.307280 0.216629 0.306070 0.210827 0.307319
0 0.259899 0.221700 0.258774 0.226745 0.259284 0.230625 0.260819 0.233545 0.264711 0.235530 0.271297 0.236360 0.275022 0.234172 0.277381 0.229827 0.277826 0.225165 0.276783 0.221039 0.273900 0.218040 0.269590 0.216830 0.263788 0.218079
0 0.212182 0.199482 0.211057 0.204528 0.211566 0.208407 0.213102 0.211328 0.216994 0.213312 0.223580 0.214142 0.227305 0.211954 0.229663 0.207610 0.230108 0.202948 0.229065 0.198821 0.226183 0.195822 0.221873 0.194612 0.216071 0.195861
0 0.175662 0.258965 0.174538 0.264010 0.175047 0.267890 0.176583 0.270810 0.180474 0.272795 0.187061 0.273624 0.190785 0.271437 0.193144 0.267092 0.193589 0.262431 0.192546 0.258304 0.189663 0.255305 0.185354 0.254095 0.179551 0.255344
0 0.128115 0.194233 0.126990 0.199279 0.127499 0.203158 0.129035 0.206079 0.132927 0.208063 0.139513 0.208893 0.143238 0.206705 0.145596 0.202361 0.146042 0.197699 0.144999 0.193572 0.142116 0.190573 0.137806 0.189363 0.132004 0.190612
0 0.166962 0.210584 0.165837 0.215630 0.166347 0.219508 0.167882 0.222429 0.171773 0.224414 0.178360 0.225243 0.182084 0.223056 0.184443 0.218712 0.184888 0.214050 0.183846 0.209922 0.180962 0.206924 0.176653 0.205713 0.170851 0.206963
0 0.113030 0.252224 0.111905 0.257269 0.112415 0.261148 0.113951 0.264069 0.117842 0.266053 0.124428 0.266883 0.128153 0.264695 0.130512 0.260351 0.130957 0.255689 0.129914 0.251562 0.127031 0.248563 0.122721 0.247353 0.116919 0.248603
0 0.108680 0.201963 0.107555 0.207009 0.108065 0.210888 0.109601 0.213809 0.113492 0.215793 0.120078 0.216623 0.123803 0.214435 0.126162 0.210091 0.126607 0.205429 0.125564 0.201302 0.122681 0.198303 0.118371 0.197093 0.112569 0.198342
0 0.264068 0.256020 0.262943 0.261066 0.263452 0.264945 0.264988 0.267866 0.268879 0.269850 0.275465 0.270680 0.279190 0.268492 0.281549 0.264148 0.281994 0.259486 0.280951 0.255359 0.278068 0.252360 0.273759 0.251150 0.267956 0.252399
0 0.203255 0.370970 0.202131 0.376015 0.202641 0.379894 0.204176 0.382815 0.208067 0.384799 0.214654 0.385629 0.218378 0.383441 0.220737 0.379097 0.221182 0.374435 0.220140 0.370308 0.217256 0.367309 0.212947 0.366099 0.207144 0.367348
0 0.095992 0.178288 0.094868 0.183333 0.095377 0.187213 0.096913 0.190133 0.100804 0.192118 0.107390 0.192947 0.111115 0.190760 0.113474 0.186415 0.113919 0.181753 0.112876 0.177627 0.109993 0.174628 0.105684 0.173418 0.099881 0.174666
0 0.173886 0.157174 0.172761 0.162219 0.173271 0.166099 0.174807 0.169019 0.178698 0.171003 0.185284 0.171833 0.189009 0.169646 0.191368 0.165301 0.191813 0.160639 0.190770 0.156512 0.187887 0.153514 0.183577 0.152303 0.177775 0.153553
0 0.090923 0.372294 0.089799 0.377339 0.090308 0.381219 0.091844 0.384139 0.095735 0.386123 0.102321 0.386954 0.106046 0.384766 0.108404 0.380421 0.108850 0.375759 0.107807 0.371632 0.104924 0.368634 0.100614 0.367423 0.094812 0.368672
0 0.045371 0.361450 0.044246 0.366496 0.044756 0.370375 0.046292 0.373296 0.050183 0.375280 0.056769 0.376110 0.060494 0.373922 0.062853 0.369578 0.063298 0.364916 0.062255 0.360789 0.059372 0.357790 0.055062 0.356580 0.049260 0.357829
0 0.177735 0.379313 0.176610 0.384358 0.177120 0.388237 0.178655 0.391158 0.182546 0.393142 0.189133 0.393972 0.192857 0.391784 0.195216 0.387440 0.195661 0.382778 0.194619 0.378651 0.191735 0.375652 0.187426 0.374442 0.181623 0.375691
0 0.155911 0.386686 0.154786 0.391732 0.155296 0.395611 0.156832 0.398532 0.160723 0.400516 0.167309 0.401346 0.171034 0.399158 0.173393 0.394814 0.173838 0.390152 0.172795 0.386025 0.169912 0.383026 0.165603 0.381816 0.159800 0.383065
0 0.166925 0.464196 0.165800 0.469241 0.166310 0.473121 0.167846 0.476041 0.171737 0.478025 0.178323 0.478855 0.182048 0.476668 0.184407 0.472323 0.184852 0.467661 0.183809 0.463534 0.180926 0.460535 0.176616 0.459325 0.170814 0.460574
0 0.116512 0.490719 0.115387 0.495765 0.115896 0.499644 0.117432 0.502565 0.121323 0.504549 0.127909 0.505379 0.131635 0.503191 0.133993 0.498847 0.134439 0.494185 0.133396 0.490057 0.130513 0.487059 0.126203 0.485848 0.120400 0.487098
0 0.050197 0.467761 0.049072 0.472807 0.049582 0.476686 0.051118 0.479607 0.055009 0.481592 0.061595 0.482421 0.065320 0.480233 0.067679 0.475889 0.068124 0.471227 0.067081 0.467100 0.064198 0.464101 0.059888 0.462891 0.054086 0.464141
0 0.292483 0.435021 0.291359 0.440066 0.291868 0.443946 0.293404 0.446866 0.297295 0.448851 0.303881 0.449681 0.307606 0.447493 0.309965 0.443148 0.310410 0.438487 0.309367 0.434360 0.306484 0.431361 0.302175 0.430151 0.296372 0.431400
0 0.330322 0.423927 0.329197 0.428972 0.329707 0.432851 0.331242 0.435772 0.335133 0.437757 0.341720 0.438586 0.345444 0.436399 0.347803 0.432054 0.348248 0.427393 0.347206 0.423265 0.344322 0.420267 0.340013 0.419056 0.334211 0.420306
0 0.208525 0.497849 0.207400 0.502894 0.207910 0.506774 0.209446 0.509694 0.213336 0.511678 0.219923 0.512509 0.223648 0.510321 0.226006 0.505976 0.226452 0.501315 0.225409 0.497187 0.222526 0.494189 0.218216 0.492978 0.212413 0.494227
0 0.290977 0.518492 0.289852 0.523538 0.290362 0.527416 0.291898 0.530337 0.295789 0.532322 0.302375 0.533152 0.306100 0.530964 0.308459 0.526619 0.308904 0.521957 0.307861 0.517830 0.304978 0.514832 0.300668 0.513621 0.294866 0.514871
0 0.187760 0.565798 0.186636 0.570843 0.187145 0.574723 0.188681 0.577643 0.192572 0.579628 0.199159 0.580458 0.202883 0.578270 0.205242 0.573925 0.205687 0.569264 0.204645 0.565137 0.201761 0.562138 0.197452 0.560928 0.191649 0.562177
0 0.217280 0.598708 0.216156 0.603753 0.216665 0.607632 0.218201 0.610553 0.222092 0.612538 0.228678 0.613367 0.232403 0.611180 0.234762 0.606836 0.235207 0.602174 0.234164 0.598046 0.231281 0.595048 0.226972 0.593837 0.221169 0.595087
0 0.268426 0.599470 0.267302 0.604516 0.267812 0.608395 0.269347 0.611315 0.273238 0.613300 0.279825 0.614129 0.283549 0.611942 0.285908 0.607598 0.286353 0.602936 0.285311 0.598808 0.282427 0.595810 0.278118 0.594599 0.272315 0.595849
0 0.351341 0.657523 0.350216 0.662568 0.350726 0.666448 0.352261 0.669368 0.356153 0.671353 0.362739 0.672182 0.366464 0.669995 0.368822 0.665650 0.369268 0.660989 0.368225 0.656862 0.365342 0.653863 0.361032 0.652653 0.355230 0.653902
0 0.345734 0.637231 0.344609 0.642276 0.345118 0.646155 0.346655 0.649076 0.350546 0.651060 0.357132 0.651891 0.360857 0.649703 0.363215 0.645358 0.363661 0.640696 0.362618 0.636569 0.359735 0.633571 0.355425 0.632360 0.349623 0.633610
0 0.408968 0.710234 0.407843 0.715280 0.408353 0.719159 0.409889 0.722080 0.413780 0.724064 0.420366 0.724894 0.424091 0.722706 0.426449 0.718362 0.426895 0.713700 0.425852 0.709572 0.422969 0.706574 0.418659 0.705364 0.412857 0.706613
0 0.387291 0.692361 0.386166 0.697407 0.386676 0.701286 0.388211 0.704206 0.392102 0.706190 0.398689 0.707020 0.402413 0.704833 0.404772 0.700488 0.405217 0.695826 0.404175 0.691699 0.401291 0.688701 0.396982 0.687490 0.391179 0.688740
0 0.365817 0.700987 0.364692 0.706033 0.365202 0.709912 0.366738 0.712833 0.370629 0.714817 0.377215 0.715647 0.380940 0.713459 0.383299 0.709115 0.383744 0.704453 0.382701 0.700326 0.379818 0.697327 0.375508 0.696117 0.369706 0.697366
0 0.344086 0.704824 0.342961 0.709870 0.343470 0.713749 0.345006 0.716670 0.348898 0.718654 0.355484 0.719484 0.359209 0.717296 0.361567 0.712952 0.362013 0.708290 0.360969 0.704163 0.358087 0.701164 0.353777 0.699954 0.347975 0.701203
0 0.327726 0.692127 0.326602 0.697173 0.327111 0.701052 0.328647 0.703972 0.332538 0.705957 0.339124 0.706787 0.342849 0.704599 0.345208 0.700254 0.345653 0.695593 0.344611 0.691466 0.341727 0.688467 0.337418 0.687257 0.331615 0.688506
0 0.376743 0.723281 0.375618 0.728327 0.376128 0.732206 0.377664 0.735127 0.381555 0.737111 0.388141 0.737941 0.391866 0.735753 0.394224 0.731409 0.394670 0.726747 0.393627 0.722620 0.390744 0.719621 0.386434 0.718411 0.380632 0.719660
0 0.275439 0.687233 0.274314 0.692279 0.274824 0.696158 0.276359 0.699079 0.280250 0.701063 0.286837 0.701893 0.290561 0.699705 0.292920 0.695360 0.293365 0.690699 0.292323 0.686572 0.289440 0.683573 0.285130 0.682363 0.279328 0.683612
0 0.169652 0.664140 0.168527 0.669186 0.169037 0.673065 0.170573 0.675985 0.174464 0.677970 0.181050 0.678800 0.184775 0.676612 0.187133 0.672268 0.187579 0.667606 0.186536 0.663479 0.183653 0.660480 0.179343 0.659270 0.173541 0.660519
0 0.208516 0.658971 0.207392 0.664017 0.207901 0.667896 0.209437 0.670816 0.213328 0.672801 0.219915 0.673631 0.223639 0.671443 0.225998 0.667098 0.226443 0.662437 0.225400 0.658310 0.222517 0.655311 0.218208 0.654101 0.212405 0.655350
0 0.164233 0.595651 0.163109 0.600696 0.163618 0.604576 0.165154 0.607496 0.169045 0.609481 0.175631 0.610311 0.179356 0.608123 0.181715 0.603778 0.182160 0.599116 0.181117 0.594989 0.178234 0.591991 0.173925 0.590780 0.168122 0.592029
0 0.109698 0.607751 0.108574 0.612797 0.109083 0.616676 0.110619 0.619597 0.114510 0.621582 0.121096 0.622411 0.124821 0.620223 0.127180 0.615879 0.127625 0.611217 0.126582 0.607090 0.123699 0.604091 0.119390 0.602881 0.113587 0.604131
0 0.099807 0.638168 0.098682 0.643214 0.099192 0.647093 0.100728 0.650014 0.104619 0.651998 0.111205 0.652828 0.114930 0.650640 0.117289 0.646296 0.117734 0.641634 0.116691 0.637507 0.113808 0.634508 0.109498 0.633298 0.103696 0.634547
0 0.072158 0.674626 0.071033 0.679672 0.071542 0.683551 0.073078 0.686472 0.076969 0.688456 0.083555 0.689286 0.087280 0.687098 0.089639 0.682754 0.090084 0.678092 0.089042 0.673965 0.086158 0.670966 0.081849 0.669756 0.076046 0.671005
0 0.043848 0.654285 0.042724 0.659330 0.043233 0.663210 0.044769 0.666130 0.048660 0.668114 0.055246 0.668945 0.058971 0.666757 0.061330 0.662412 0.061775 0.657750 0.060732 0.653623 0.057849 0.650625 0.053540 0.649414 0.047737 0.650664
0 0.025728 0.542516 0.024604 0.547561 0.025113 0.551440 0.026649 0.554361 0.030540 0.556345 0.037127 0.557175 0.040851 0.554988 0.043210 0.550643 0.043655 0.545981 0.042612 0.541854 0.039729 0.538856 0.035420 0.537645 0.029617 0.538894
0 0.044115 0.576825 0.042991 0.581871 0.043500 0.585750 0.045036 0.588670 0.048927 0.590655 0.055513 0.591485 0.059238 0.589297 0.061597 0.584953 0.062042 0.580290 0.060999 0.576164 0.058116 0.573165 0.053807 0.571955 0.048004 0.573204
0 0.069206 0.576494 0.068081 0.581539 0.068591 0.585419 0.070127 0.588339 0.074018 0.590324 0.080604 0.591153 0.084329 0.588966 0.086688 0.584622 0.087133 0.579960 0.086090 0.575833 0.083207 0.572834 0.078897 0.571624 0.073095 0.572873
0 0.000000 0.613970 0.000000 0.619016 0.000000 0.622895 0.000000 0.625816 0.000000 0.627800 0.000000 0.628630 0.000000 0.626442 0.000000 0.622098 0.000000 0.617436 0.000000 0.613309 0.000000 0.610310 0.000000 0.609100 0.000000 0.610349
0 0.166008 0.557406 0.164883 0.562452 0.165393 0.566331 0.166928 0.569252 0.170819 0.571237 0.177406 0.572066 0.181130 0.569878 0.183489 0.565534 0.183934 0.560872 0.182892 0.556745 0.180009 0.553746 0.175699 0.552536 0.169897 0.553785
0 0.225485 0.522263 0.224360 0.527308 0.224870 0.531188 0.226405 0.534108 0.230297 0.536093 0.236883 0.536923 0.240608 0.534735 0.242967 0.530390 0.243412 0.525729 0.242369 0.521602 0.239486 0.518603 0.235176 0.517393 0.229374 0.518642
0 0.114569 0.145038 0.113444 0.150084 0.113954 0.153963 0.115490 0.156884 0.119381 0.158868 0.125967 0.159698 0.129692 0.157510 0.132050 0.153166 0.132496 0.148504 0.131453 0.144377 0.128570 0.141378 0.124260 0.140168 0.118458 0.141418
0 0.659206 0.295016 0.658081 0.300061 0.658591 0.303941 0.660127 0.306861 0.664018 0.308845 0.670604 0.309676 0.674329 0.307488 0.676687 0.303143 0.677133 0.298481 0.676090 0.294354 0.673207 0.291356 0.668898 0.290145 0.663095 0.291395
0 0.211700 0.220456 0.208192 0.221261 0.205389 0.224118 0.204436 0.228051 0.205383 0.231810 0.209622 0.234656 0.214901 0.234713 0.216938 0.232481 0.218128 0.228068 0.217671 0.224245 0.215338 0.221208
0 0.198773 0.191046 0.195265 0.191851 0.192461 0.194708 0.191509 0.198641 0.192456 0.202400 0.196695 0.205247 0.201974 0.205303 0.204011 0.203072 0.205201 0.198658 0.204743 0.194835 0.202410 0.191798
0 0.416618 0.293036 0.415494 0.298082 0.416003 0.301961 0.417539 0.304882 0.421430 0.306866 0.428016 0.307696 0.431741 0.305508 0.434100 0.301164 0.434545 0.296502 0.433502 0.292375 0.430619 0.289376 0.426310 0.288166 0.420507 0.289415
0 0.383631 0.221613 0.380124 0.222418 0.377320 0.225275 0.376367 0.229208 0.377315 0.232967 0.381553 0.235814 0.386832 0.235870 0.388870 0.233639 0.390059 0.229225 0.389602 0.225402 0.387269 0.222364
0 0.581215 0.326273 0.580090 0.331318 0.580600 0.335198 0.582136 0.338118 0.586026 0.340103 0.592613 0.340932 0.596338 0.338745 0.598696 0.334400 0.599142 0.329738 0.598099 0.325611 0.595216 0.322613 0.590906 0.321402 0.585103 0.322652
0 0.530861 0.446655 0.529736 0.451701 0.530245 0.455580 0.531781 0.458501 0.535672 0.460486 0.542259 0.461315 0.545983 0.459127 0.548342 0.454783 0.548787 0.450121 0.547745 0.445994 0.544861 0.442995 0.540552 0.441785 0.534749 0.443035
0 0.485619 0.503602 0.484494 0.508648 0.485004 0.512527 0.486539 0.515447 0.490431 0.517432 0.497017 0.518262 0.500742 0.516074 0.503100 0.511729 0.503546 0.507067 0.502503 0.502940 0.499620 0.499942 0.495310 0.498732 0.489508 0.499981
0 0.452995 0.541269 0.451870 0.546315 0.452380 0.550194 0.453916 0.553115 0.457807 0.555099 0.464393 0.555929 0.468118 0.553741 0.470476 0.549397 0.470922 0.544735 0.469879 0.540608 0.466996 0.537609 0.462686 0.536399 0.456884 0.537648
0 0.413843 0.550424 0.412718 0.555469 0.413228 0.559348 0.414763 0.562269 0.418654 0.564253 0.425241 0.565083 0.428965 0.562896 0.431324 0.558551 0.431769 0.553889 0.430727 0.549762 0.427843 0.546764 0.423534 0.545553 0.417731 0.546802
0 0.428208 0.592248 0.427083 0.597294 0.427593 0.601173 0.429128 0.604094 0.433020 0.606078 0.439606 0.606908 0.443331 0.604720 0.445689 0.600376 0.446135 0.595714 0.445092 0.591587 0.442209 0.588588 0.437899 0.587378 0.432097 0.588627
0 0.431957 0.651172 0.430832 0.656217 0.431341 0.660097 0.432877 0.663018 0.436768 0.665002 0.443354 0.665832 0.447080 0.663644 0.449438 0.659300 0.449883 0.654638 0.448840 0.650511 0.445958 0.647512 0.441648 0.646302 0.435845 0.647551
0 0.333642 0.734378 0.332517 0.739423 0.333027 0.743303 0.334562 0.746223 0.338454 0.748208 0.345040 0.749037 0.348764 0.746850 0.351124 0.742505 0.351568 0.737844 0.350526 0.733717 0.347643 0.730718 0.343333 0.729508 0.337531 0.730756
0 0.297399 0.651965 0.296274 0.657010 0.296783 0.660889 0.298319 0.663810 0.302211 0.665794 0.308797 0.666624 0.312522 0.664437 0.314880 0.660092 0.315326 0.655430 0.314282 0.651303 0.311400 0.648305 0.307090 0.647094 0.301288 0.648344
0 0.370424 0.747847 0.369300 0.752892 0.369810 0.756772 0.371345 0.759692 0.375236 0.761677 0.381823 0.762507 0.385547 0.760319 0.387906 0.755974 0.388351 0.751313 0.387309 0.747186 0.384425 0.744187 0.380116 0.742977 0.374313 0.744226
0 0.392846 0.752124 0.391722 0.757170 0.392231 0.761049 0.393767 0.763970 0.397757 0.765443 0.404260 0.766701 0.407969 0.764596 0.410328 0.760252 0.410773 0.755590 0.409730 0.751463 0.406847 0.748464 0.402538 0.747254 0.396735 0.748503
0 0.540096 0.610409 0.538971 0.615454 0.539481 0.619334 0.541017 0.622254 0.545007 0.623727 0.551510 0.624986 0.555219 0.622881 0.557577 0.618536 0.558023 0.613874 0.556980 0.609748 0.554097 0.606749 0.549787 0.605539 0.543985 0.606788
0 0.637367 0.781030 0.636242 0.786075 0.636751 0.789954 0.638287 0.792875 0.642277 0.794348 0.648780 0.795607 0.652489 0.793502 0.654848 0.789157 0.655293 0.784495 0.654251 0.780368 0.651367 0.777369 0.647058 0.776159 0.641255 0.777408
0 0.659700 0.777598 0.658576 0.782643 0.659085 0.786522 0.660621 0.789443 0.664611 0.790916 0.671114 0.792175 0.674823 0.790070 0.677182 0.785725 0.677627 0.781063 0.676584 0.776936 0.673701 0.773938 0.669392 0.772727 0.663589 0.773976
0 0.654477 0.703275 0.653353 0.708321 0.653862 0.712200 0.655398 0.715121 0.659388 0.716594 0.665891 0.717852 0.669600 0.715747 0.671959 0.711403 0.672404 0.706741 0.671361 0.702614 0.668478 0.699615 0.664169 0.698405 0.658366 0.699654
0 0.617767 0.677359 0.616642 0.682404 0.617152 0.686284 0.618688 0.689204 0.622678 0.690677 0.629181 0.691936 0.632890 0.689831 0.635248 0.685486 0.635694 0.680824 0.634651 0.676697 0.631768 0.673699 0.627459 0.672489 0.621656 0.673737
0 0.757357 0.665026 0.756232 0.670071 0.756742 0.673950 0.758278 0.676871 0.762268 0.678344 0.768771 0.679603 0.772480 0.677498 0.774838 0.673153 0.775284 0.668491 0.774241 0.664364 0.771358 0.661365 0.767048 0.660155 0.761246 0.661404
0 0.839607 0.707667 0.838332 0.710491 0.838783 0.713805 0.841207 0.715939 0.843459 0.716947 0.846786 0.716967 0.849644 0.714033 0.849968 0.710609 0.849149 0.707849 0.845609 0.705967 0.842463 0.706086
0 0.740474 0.658614 0.739199 0.661437 0.739650 0.664752 0.742075 0.666885 0.744326 0.667893 0.747653 0.667913 0.750511 0.664979 0.750835 0.661556 0.750016 0.658795 0.746477 0.656913 0.743330 0.657033
0 0.763114 0.620096 0.761839 0.622919 0.762290 0.626233 0.764714 0.628368 0.766965 0.629376 0.770293 0.629395 0.773151 0.626462 0.773475 0.623038 0.772656 0.620277 0.769116 0.618395 0.765970 0.618515
0 0.850659 0.663868 0.849383 0.666691 0.849836 0.670005 0.852259 0.672139 0.854510 0.673147 0.857838 0.673167 0.860696 0.670233 0.861020 0.666809 0.860201 0.664049 0.856662 0.662167 0.853515 0.662287
0 0.860729 0.655910 0.859454 0.658733 0.859906 0.662048 0.862329 0.664182 0.864581 0.665190 0.867908 0.665209 0.870766 0.662275 0.871090 0.658852 0.870271 0.656091 0.866732 0.654209 0.863585 0.654329
0 0.849111 0.650409 0.847836 0.653232 0.848287 0.656547 0.850711 0.658681 0.852963 0.659689 0.856290 0.659708 0.859148 0.656774 0.859472 0.653351 0.858653 0.650590 0.855114 0.648708 0.851967 0.648828
0 0.876582 0.769611 0.875307 0.772434 0.875759 0.775749 0.878182 0.777883 0.880433 0.778891 0.883761 0.778910 0.886619 0.775977 0.886943 0.772553 0.886124 0.769792 0.882584 0.767910 0.879439 0.768030
0 0.872120 0.755791 0.870845 0.758615 0.871296 0.761929 0.873720 0.764063 0.875971 0.765071 0.879299 0.765090 0.882157 0.762157 0.882481 0.758733 0.881662 0.755972 0.878122 0.754090 0.874976 0.754210
0 0.850676 0.822553 0.849401 0.825377 0.849853 0.828691 0.852276 0.830825 0.854528 0.831833 0.857855 0.831852 0.860713 0.828919 0.861037 0.825495 0.860218 0.822734 0.856678 0.820853 0.853532 0.820972
0 0.672046 0.799563 0.670771 0.802387 0.671223 0.805700 0.673646 0.807835 0.675897 0.808843 0.679225 0.808862 0.682083 0.805929 0.682407 0.802505 0.681588 0.799744 0.678049 0.797862 0.674903 0.797982
0 0.614085 0.785647 0.612810 0.788471 0.613262 0.791785 0.615685 0.793919 0.617937 0.794927 0.621264 0.794947 0.624122 0.792013 0.624446 0.788589 0.623627 0.785829 0.620088 0.783947 0.616941 0.784067
0 0.562081 0.763874 0.560806 0.766698 0.561257 0.770012 0.563681 0.772146 0.565932 0.773154 0.569260 0.773174 0.572118 0.770240 0.572442 0.766817 0.571623 0.764056 0.568083 0.762174 0.564937 0.762294
0 0.529147 0.700878 0.527872 0.703701 0.528324 0.707015 0.530747 0.709149 0.532999 0.710158 0.536326 0.710177 0.539184 0.707243 0.539508 0.703820 0.538689 0.701059 0.535150 0.699177 0.532003 0.699297
0 0.508718 0.707950 0.507443 0.710773 0.507895 0.714087 0.510318 0.716222 0.512569 0.717230 0.515897 0.717249 0.518755 0.714316 0.519079 0.710892 0.518260 0.708131 0.514720 0.706249 0.511575 0.706369
0 0.398695 0.731646 0.397420 0.734469 0.397871 0.737783 0.400295 0.739918 0.402546 0.740926 0.405874 0.740945 0.408732 0.738011 0.409056 0.734588 0.408237 0.731827 0.404697 0.729945 0.401551 0.730065
0 0.238187 0.673764 0.236911 0.676588 0.237363 0.679901 0.239787 0.682036 0.242038 0.683044 0.245366 0.683063 0.248224 0.680130 0.248548 0.676706 0.247729 0.673945 0.244190 0.672063 0.241043 0.672183
0 0.254366 0.660750 0.253090 0.663574 0.253542 0.666888 0.255966 0.669022 0.258217 0.670030 0.261544 0.670050 0.264402 0.667116 0.264727 0.663692 0.263908 0.660932 0.260368 0.659050 0.257222 0.659169
0 0.051617 0.674264 0.050342 0.677088 0.050794 0.680402 0.053218 0.682536 0.055469 0.683544 0.058796 0.683563 0.061654 0.680630 0.061978 0.677206 0.061159 0.674446 0.057620 0.672564 0.054474 0.672684
0 0.048663 0.632595 0.047388 0.635419 0.047839 0.638733 0.050263 0.640867 0.052515 0.641875 0.055842 0.641895 0.058700 0.638961 0.059024 0.635537 0.058205 0.632776 0.054666 0.630895 0.051519 0.631015
0 0.090175 0.563905 0.088899 0.566729 0.089351 0.570043 0.091775 0.572177 0.094026 0.573185 0.097354 0.573205 0.100212 0.570271 0.100536 0.566847 0.099717 0.564086 0.096177 0.562205 0.093031 0.562324
0 0.006242 0.499356 0.004967 0.502180 0.005418 0.505494 0.007842 0.507628 0.010093 0.508636 0.013420 0.508656 0.016278 0.505722 0.016603 0.502298 0.015783 0.499537 0.012244 0.497656 0.009098 0.497775
0 0.032986 0.481179 0.031711 0.484003 0.032163 0.487317 0.034586 0.489450 0.036838 0.490458 0.040165 0.490478 0.043023 0.487545 0.043347 0.484120 0.042528 0.481360 0.038989 0.479478 0.035843 0.479598
0 0.245575 0.538604 0.244300 0.541428 0.244752 0.544742 0.247175 0.546876 0.249426 0.547884 0.252754 0.547904 0.255612 0.544970 0.255936 0.541546 0.255117 0.538786 0.251578 0.536904 0.248431 0.537023
0 0.224561 0.482073 0.223286 0.484897 0.223738 0.488211 0.226161 0.490345 0.228413 0.491353 0.231740 0.491372 0.234598 0.488439 0.234922 0.485015 0.234103 0.482254 0.230564 0.480373 0.227417 0.480492
0 0.275032 0.437297 0.273757 0.440121 0.274209 0.443435 0.276632 0.445569 0.278883 0.446577 0.282211 0.446597 0.285069 0.443663 0.285393 0.440239 0.284574 0.437478 0.281034 0.435597 0.277889 0.435716
0 0.392881 0.426277 0.391605 0.429100 0.392057 0.432414 0.394481 0.434548 0.396732 0.435556 0.400060 0.435576 0.402918 0.432642 0.403242 0.429218 0.402423 0.426458 0.398883 0.424576 0.395737 0.424695
0 0.357583 0.372805 0.356308 0.375629 0.356760 0.378943 0.359183 0.381077 0.361435 0.382085 0.364762 0.382105 0.367620 0.379171 0.367944 0.375747 0.367125 0.372987 0.363586 0.371105 0.360440 0.371224
0 0.437467 0.374855 0.436191 0.377678 0.436643 0.380992 0.439067 0.383127 0.441318 0.384135 0.444645 0.384154 0.447503 0.381220 0.447828 0.377797 0.447008 0.375036 0.443469 0.373154 0.440323 0.373274
0 0.439861 0.474203 0.438586 0.477027 0.439037 0.480341 0.441461 0.482475 0.443712 0.483483 0.447039 0.483503 0.449897 0.480569 0.450222 0.477145 0.449402 0.474385 0.445863 0.472503 0.442717 0.472622
0 0.499177 0.472873 0.497902 0.475697 0.498353 0.479010 0.500777 0.481145 0.503028 0.482153 0.506356 0.482172 0.509214 0.479238 0.509538 0.475815 0.508719 0.473054 0.505179 0.471172 0.502033 0.471292
0 0.517051 0.551197 0.515776 0.554021 0.516228 0.557334 0.518651 0.559469 0.520903 0.560477 0.524230 0.560496 0.527088 0.557563 0.527413 0.554139 0.526594 0.551378 0.523054 0.549496 0.519908 0.549616
0 0.397373 0.504884 0.396248 0.509929 0.396758 0.513808 0.398293 0.516729 0.402185 0.518714 0.408771 0.519543 0.412496 0.517356 0.414855 0.513012 0.415300 0.508350 0.414257 0.504222 0.411374 0.501224 0.407064 0.500013 0.401262 0.501263
0 0.561607 0.513380 0.560332 0.516204 0.560784 0.519518 0.563208 0.521652 0.565459 0.522660 0.568786 0.522680 0.571644 0.519746 0.571968 0.516322 0.571149 0.513562 0.567610 0.511680 0.564464 0.511799
0 0.599524 0.529526 0.598248 0.532350 0.598700 0.535664 0.601123 0.537798 0.603375 0.538806 0.606702 0.538826 0.609560 0.535892 0.609885 0.532468 0.609065 0.529708 0.605526 0.527826 0.602380 0.527946
0 0.542409 0.543079 0.543636 0.545508 0.546040 0.546460 0.548995 0.546687 0.550627 0.545376 0.551374 0.542975 0.550763 0.541019 0.549569 0.539515 0.547989 0.538361 0.545590 0.537968 0.543030 0.538957 0.542343 0.541228
0 0.565602 0.642709 0.566829 0.645138 0.569233 0.646090 0.572188 0.646316 0.573820 0.645006 0.574567 0.642605 0.573956 0.640649 0.572762 0.639145 0.571182 0.637991 0.568783 0.637597 0.566223 0.638586 0.565536 0.640858
0 0.647209 0.612597 0.648436 0.615027 0.650840 0.615979 0.653794 0.616206 0.655427 0.614895 0.656174 0.612495 0.655563 0.610538 0.654369 0.609034 0.652789 0.607880 0.650390 0.607486 0.647830 0.608475 0.647143 0.610747
0 0.567892 0.757068 0.569119 0.759497 0.571524 0.760449 0.574477 0.760676 0.576110 0.759366 0.576858 0.756965 0.576246 0.755008 0.575052 0.753504 0.573472 0.752350 0.571074 0.751957 0.568513 0.752946 0.567826 0.755217
0 0.568476 0.726966 0.569703 0.729396 0.572107 0.730347 0.575061 0.730574 0.576693 0.729264 0.577441 0.726863 0.576830 0.724907 0.575636 0.723402 0.574056 0.722248 0.571657 0.721855 0.569097 0.722844 0.568410 0.725115
0 0.691555 0.791173 0.692781 0.793603 0.695186 0.794555 0.698140 0.794782 0.699772 0.793471 0.700520 0.791070 0.699908 0.789114 0.698715 0.787610 0.697135 0.786456 0.694736 0.786062 0.692176 0.787052 0.691488 0.789322
0 0.758963 0.763278 0.760189 0.765707 0.762593 0.766659 0.765548 0.766885 0.767180 0.765575 0.767928 0.763175 0.767317 0.761218 0.766123 0.759714 0.764543 0.758560 0.762144 0.758166 0.759583 0.759155 0.758896 0.761427
0 0.842027 0.818300 0.843254 0.820730 0.845658 0.821681 0.848612 0.821908 0.850245 0.820598 0.850993 0.818197 0.850381 0.816241 0.849187 0.814737 0.847607 0.813582 0.845209 0.813189 0.842648 0.814179 0.841961 0.816449
0 0.896543 0.760213 0.897771 0.762642 0.900174 0.763594 0.903129 0.763821 0.904762 0.762511 0.905509 0.760109 0.904898 0.758153 0.903703 0.756649 0.902124 0.755495 0.899725 0.755102 0.897164 0.756091 0.896478 0.758362
0 0.782707 0.527058 0.783934 0.529487 0.786338 0.530438 0.789293 0.530665 0.790925 0.529355 0.791673 0.526954 0.791061 0.524998 0.789867 0.523494 0.788287 0.522340 0.785888 0.521946 0.783328 0.522935 0.782641 0.525206
0 0.748531 0.430832 0.749758 0.433262 0.752163 0.434214 0.755117 0.434440 0.756749 0.433130 0.757497 0.430729 0.756886 0.428772 0.755692 0.427269 0.754111 0.426114 0.751713 0.425721 0.749152 0.426710 0.748465 0.428981
0 0.796373 0.306294 0.797600 0.308723 0.800004 0.309675 0.802959 0.309901 0.804591 0.308591 0.805339 0.306190 0.804727 0.304234 0.803533 0.302730 0.801954 0.301576 0.799555 0.301182 0.796995 0.302171 0.796307 0.304443
0 0.715010 0.330615 0.716237 0.333045 0.718641 0.333996 0.721596 0.334223 0.723228 0.332913 0.723975 0.330512 0.723364 0.328555 0.722170 0.327051 0.720590 0.325897 0.718191 0.325504 0.715631 0.326493 0.714944 0.328764
0 0.409860 0.328250 0.408585 0.331074 0.409036 0.334388 0.411460 0.336522 0.413712 0.337530 0.417039 0.337550 0.419897 0.334616 0.420221 0.331192 0.419402 0.328432 0.415863 0.326550 0.412716 0.326669
0 0.256096 0.591818 0.252588 0.592624 0.249785 0.595480 0.248832 0.599413 0.249779 0.603172 0.254018 0.606019 0.259297 0.606075 0.261335 0.603844 0.262524 0.599430 0.262067 0.595607 0.259734 0.592570
0 0.323951 0.561210 0.322676 0.564033 0.323128 0.567347 0.325551 0.569482 0.327802 0.570490 0.331130 0.570509 0.333988 0.567575 0.334312 0.564152 0.333493 0.561391 0.329954 0.559509 0.326808 0.559629
0 0.664055 0.552040 0.659715 0.552543 0.656142 0.556023 0.654788 0.560463 0.655876 0.564704 0.658862 0.567682 0.664186 0.569156 0.668974 0.567516 0.671695 0.564701 0.672622 0.559957 0.671075 0.555344 0.668193 0.552947
0 0.737523 0.553674 0.738750 0.556103 0.741154 0.557055 0.744108 0.557282 0.745741 0.555972 0.746488 0.553571 0.745877 0.551614 0.744683 0.550111 0.743103 0.548956 0.740704 0.548563 0.738144 0.549552 0.737457 0.551823
0 0.850442 0.357126 0.846102 0.357630 0.842529 0.361110 0.841175 0.365550 0.842264 0.369790 0.845249 0.372768 0.850573 0.374243 0.855361 0.372603 0.858083 0.369788 0.859009 0.365043 0.857462 0.360431 0.854581 0.358033
0 0.826277 0.304685 0.827504 0.307114 0.829908 0.308065 0.832863 0.308292 0.834495 0.306982 0.835243 0.304581 0.834631 0.302625 0.833438 0.301121 0.831858 0.299967 0.829459 0.299573 0.826898 0.300562 0.826211 0.302833
0 0.683596 0.449172 0.680088 0.449977 0.677284 0.452834 0.676332 0.456767 0.677279 0.460526 0.681518 0.463373 0.686797 0.463429 0.688834 0.461198 0.690024 0.456783 0.689566 0.452961 0.687233 0.449923
0 0.178678 0.706240 0.177554 0.711286 0.178064 0.715165 0.179599 0.718086 0.183490 0.720070 0.190077 0.720900 0.193801 0.718712 0.196160 0.714368 0.196605 0.709706 0.195563 0.705579 0.192679 0.702580 0.188370 0.701370 0.182568 0.702619
