0 0.326560 0.411742 0.330047 0.412634 0.332778 0.415560 0.333632 0.419516 0.332592 0.423250 0.328283 0.425989 0.323005 0.425914 0.321023 0.423633 0.319944 0.419191 0.320497 0.415380 0.322905 0.412402
0 0.347923 0.426816 0.351409 0.427708 0.354141 0.430634 0.354995 0.434590 0.353954 0.438324 0.349645 0.441064 0.344367 0.440988 0.342386 0.438707 0.341307 0.434265 0.341859 0.430454 0.344268 0.427477
0 0.290374 0.440521 0.293860 0.441413 0.296591 0.444339 0.297446 0.448295 0.296405 0.452029 0.292096 0.454769 0.286818 0.454693 0.284836 0.452412 0.283757 0.447970 0.284310 0.444159 0.286718 0.441181
0 0.289326 0.421692 0.292813 0.422584 0.295544 0.425510 0.296398 0.429466 0.295358 0.433200 0.291049 0.435940 0.285770 0.435864 0.283789 0.433583 0.282710 0.429140 0.283263 0.425330 0.285671 0.422352
0 0.395391 0.381374 0.398877 0.382267 0.401609 0.385192 0.402463 0.389148 0.401422 0.392882 0.397114 0.395622 0.391835 0.395546 0.389854 0.393265 0.388775 0.388823 0.389328 0.385013 0.391736 0.382035
0 0.330541 0.482716 0.334028 0.483609 0.336759 0.486535 0.337613 0.490490 0.336573 0.494224 0.332264 0.496964 0.326986 0.496888 0.325004 0.494608 0.323925 0.490165 0.324478 0.486355 0.326886 0.483377
0 0.290944 0.524736 0.294431 0.525629 0.297162 0.528555 0.298016 0.532510 0.296976 0.536244 0.292666 0.538985 0.287388 0.538909 0.285407 0.536628 0.284328 0.532186 0.284880 0.528375 0.287289 0.525398
0 0.355917 0.516479 0.359404 0.517372 0.362135 0.520298 0.362989 0.524253 0.361949 0.527987 0.357640 0.530727 0.352362 0.530652 0.350381 0.528371 0.349302 0.523928 0.349854 0.520118 0.352263 0.517140
0 0.385892 0.443344 0.389379 0.444236 0.392110 0.447162 0.392965 0.451118 0.391924 0.454851 0.387615 0.457592 0.382337 0.457516 0.380355 0.455235 0.379277 0.450793 0.379829 0.446982 0.382237 0.444005
0 0.443527 0.375600 0.447014 0.376492 0.449745 0.379418 0.450599 0.383374 0.449559 0.387107 0.445250 0.389848 0.439972 0.389772 0.437990 0.387491 0.436911 0.383049 0.437464 0.379238 0.439872 0.376260
0 0.290551 0.505630 0.294037 0.506522 0.296769 0.509448 0.297623 0.513404 0.296582 0.517137 0.292274 0.519877 0.286995 0.519802 0.285014 0.517520 0.283935 0.513078 0.284488 0.509268 0.286896 0.506290
0 0.495582 0.375315 0.499068 0.376207 0.501800 0.379133 0.502654 0.383089 0.501613 0.386822 0.497304 0.389563 0.492026 0.389487 0.490045 0.387206 0.488966 0.382764 0.489518 0.378954 0.491927 0.375976
0 0.474240 0.381361 0.477727 0.382254 0.480458 0.385180 0.481312 0.389135 0.480272 0.392869 0.475963 0.395610 0.470685 0.395534 0.468704 0.393253 0.467625 0.388811 0.468177 0.385000 0.470585 0.382022
0 0.488640 0.397956 0.492127 0.398848 0.494858 0.401774 0.495712 0.405730 0.494672 0.409464 0.490363 0.412204 0.485085 0.412128 0.483104 0.409847 0.482025 0.405405 0.482577 0.401594 0.484986 0.398616
0 0.487619 0.431744 0.491106 0.432637 0.493837 0.435563 0.494691 0.439518 0.493651 0.443252 0.489342 0.445993 0.484064 0.445917 0.482082 0.443636 0.481003 0.439194 0.481556 0.435383 0.483964 0.432405
0 0.313207 0.365793 0.316694 0.366686 0.319425 0.369612 0.320279 0.373567 0.319239 0.377301 0.314930 0.380042 0.309651 0.379966 0.307670 0.377685 0.306591 0.373242 0.307143 0.369432 0.309551 0.366454
0 0.330604 0.355134 0.334091 0.356026 0.336822 0.358952 0.337676 0.362908 0.336636 0.366642 0.332327 0.369382 0.327048 0.369306 0.325067 0.367025 0.323988 0.362583 0.324540 0.358772 0.326949 0.355794
0 0.262452 0.436791 0.265938 0.437684 0.268670 0.440609 0.269524 0.444565 0.268484 0.448299 0.264175 0.451039 0.258897 0.450963 0.256915 0.448682 0.255836 0.444240 0.256389 0.440429 0.258797 0.437451
0 0.244913 0.448712 0.248399 0.449604 0.251130 0.452530 0.251985 0.456486 0.250944 0.460219 0.246635 0.462959 0.241357 0.462884 0.239376 0.460603 0.238297 0.456160 0.238849 0.452350 0.241257 0.449372
0 0.226801 0.487655 0.230288 0.488548 0.233019 0.491474 0.233874 0.495429 0.232833 0.499163 0.228525 0.501903 0.223246 0.501828 0.221264 0.499547 0.220186 0.495104 0.220738 0.491294 0.223146 0.488316
0 0.232526 0.559559 0.236013 0.560452 0.238744 0.563377 0.239599 0.567333 0.238558 0.571067 0.234249 0.573807 0.228971 0.573731 0.226989 0.571450 0.225910 0.567008 0.226463 0.563197 0.228871 0.560219
0 0.281741 0.546553 0.285228 0.547446 0.287959 0.550372 0.288814 0.554327 0.287773 0.558061 0.283464 0.560802 0.278186 0.560726 0.276204 0.558445 0.275126 0.554003 0.275678 0.550192 0.278086 0.547214
0 0.248047 0.529329 0.251534 0.530222 0.254265 0.533148 0.255119 0.537104 0.254079 0.540837 0.249771 0.543577 0.244492 0.543502 0.242510 0.541220 0.241432 0.536778 0.241984 0.532968 0.244392 0.529990
0 0.220788 0.525281 0.224275 0.526174 0.227006 0.529100 0.227861 0.533055 0.226820 0.536789 0.222511 0.539529 0.217233 0.539454 0.215251 0.537172 0.214172 0.532730 0.214725 0.528920 0.217133 0.525942
0 0.195772 0.537752 0.199259 0.538645 0.201990 0.541570 0.202844 0.545526 0.201804 0.549260 0.197495 0.552000 0.192217 0.551924 0.190235 0.549644 0.189156 0.545201 0.189709 0.541391 0.192117 0.538413
0 0.105468 0.531432 0.108955 0.532325 0.111686 0.535251 0.112541 0.539207 0.111500 0.542940 0.107191 0.545681 0.101913 0.545605 0.099931 0.543324 0.098852 0.538882 0.099405 0.535071 0.101813 0.532093
0 0.151036 0.551246 0.154523 0.552138 0.157254 0.555064 0.158109 0.559020 0.157068 0.562754 0.152759 0.565494 0.147481 0.565418 0.145499 0.563137 0.144420 0.558695 0.144973 0.554884 0.147381 0.551907
0 0.111998 0.581909 0.115484 0.582801 0.118216 0.585727 0.119070 0.589683 0.118030 0.593416 0.113721 0.596156 0.108443 0.596081 0.106461 0.593800 0.105382 0.589357 0.105935 0.585547 0.108343 0.582569
0 0.078862 0.552271 0.082348 0.553164 0.085080 0.556090 0.085934 0.560045 0.084893 0.563779 0.080585 0.566519 0.075306 0.566444 0.073325 0.564162 0.072246 0.559720 0.072799 0.555910 0.075207 0.552932
0 0.058882 0.550698 0.062369 0.551590 0.065100 0.554516 0.065955 0.558472 0.064914 0.562206 0.060605 0.564946 0.055327 0.564870 0.053345 0.562589 0.052267 0.558147 0.052819 0.554336 0.055227 0.551358
0 0.154142 0.438627 0.157629 0.439520 0.160360 0.442446 0.161214 0.446401 0.160174 0.450135 0.155865 0.452875 0.150587 0.452799 0.148605 0.450519 0.147527 0.446076 0.148079 0.442266 0.150487 0.439288
0 0.122257 0.432187 0.125744 0.433080 0.128475 0.436006 0.129329 0.439961 0.128289 0.443695 0.123980 0.446435 0.118702 0.446360 0.116721 0.444078 0.115642 0.439636 0.116194 0.435826 0.118602 0.432848
0 0.068124 0.436871 0.071610 0.437764 0.074341 0.440690 0.075196 0.444645 0.074155 0.448379 0.069846 0.451119 0.064568 0.451043 0.062586 0.448762 0.061507 0.444320 0.062060 0.440510 0.064468 0.437532
0 0.040311 0.449459 0.043797 0.450352 0.046529 0.453277 0.047383 0.457233 0.046342 0.460967 0.042034 0.463707 0.036755 0.463632 0.034774 0.461351 0.033695 0.456908 0.034248 0.453098 0.036656 0.450120
0 0.064877 0.472092 0.068364 0.472985 0.071095 0.475910 0.071949 0.479866 0.070909 0.483600 0.066600 0.486340 0.061321 0.486264 0.059340 0.483983 0.058261 0.479541 0.058814 0.475730 0.061222 0.472752
0 0.090362 0.444588 0.093848 0.445481 0.096580 0.448406 0.097434 0.452362 0.096393 0.456096 0.092085 0.458836 0.086806 0.458760 0.084825 0.456479 0.083746 0.452037 0.084299 0.448227 0.086707 0.445249
0 0.015396 0.532844 0.018882 0.533736 0.021613 0.536662 0.022468 0.540618 0.021427 0.544352 0.017119 0.547092 0.011840 0.547016 0.009859 0.544735 0.008780 0.540293 0.009332 0.536483 0.011741 0.533505
0 0.078577 0.375997 0.082063 0.376890 0.084795 0.379815 0.085649 0.383771 0.084608 0.387504 0.080300 0.390245 0.075021 0.390169 0.073040 0.387888 0.071961 0.383446 0.072514 0.379635 0.074922 0.376657
0 0.016832 0.388821 0.020318 0.389714 0.023050 0.392640 0.023904 0.396595 0.022863 0.400329 0.018554 0.403070 0.013276 0.402994 0.011295 0.400713 0.010216 0.396271 0.010768 0.392460 0.013177 0.389482
0 0.019221 0.409366 0.022708 0.410259 0.025439 0.413185 0.026293 0.417140 0.025253 0.420874 0.020944 0.423615 0.015666 0.423539 0.013684 0.421258 0.012605 0.416815 0.013158 0.413005 0.015566 0.410027
0 0.034961 0.397225 0.038448 0.398117 0.041179 0.401043 0.042034 0.404999 0.040993 0.408733 0.036684 0.411473 0.031406 0.411397 0.029424 0.409116 0.028345 0.404674 0.028898 0.400863 0.031306 0.397886
0 0.081413 0.333117 0.084899 0.334010 0.087631 0.336935 0.088485 0.340891 0.087444 0.344625 0.083136 0.347365 0.077857 0.347289 0.075876 0.345008 0.074797 0.340566 0.075349 0.336756 0.077758 0.333778
0 0.075776 0.319458 0.079262 0.320350 0.081994 0.323276 0.082848 0.327232 0.081808 0.330966 0.077499 0.333706 0.072221 0.333630 0.070239 0.331349 0.069160 0.326906 0.069713 0.323096 0.072121 0.320118
0 0.108419 0.314688 0.111905 0.315581 0.114637 0.318507 0.115491 0.322462 0.114450 0.326196 0.110142 0.328936 0.104863 0.328861 0.102882 0.326579 0.101803 0.322137 0.102356 0.318327 0.104764 0.315349
0 0.000000 0.344292 0.000000 0.345184 0.000083 0.348110 0.000938 0.352066 0.000000 0.355799 0.000000 0.358539 0.000000 0.358464 0.000000 0.356183 0.000000 0.351740 0.000000 0.347930 0.000000 0.344952
0 0.000000 0.354181 0.000000 0.355074 0.000000 0.357999 0.000000 0.361955 0.000000 0.365689 0.000000 0.368429 0.000000 0.368353 0.000000 0.366072 0.000000 0.361630 0.000000 0.357820 0.000000 0.354842
0 0.007787 0.331754 0.011274 0.332646 0.014005 0.335572 0.014859 0.339528 0.013819 0.343262 0.009510 0.346002 0.004231 0.345926 0.002250 0.343645 0.001171 0.339202 0.001724 0.335392 0.004132 0.332414
0 0.000000 0.304986 0.000000 0.305879 0.000000 0.308805 0.000000 0.312760 0.000000 0.316494 0.000000 0.319234 0.000000 0.319159 0.000000 0.316877 0.000000 0.312435 0.000000 0.308625 0.000000 0.305647
0 0.122395 0.301445 0.125881 0.302338 0.128613 0.305263 0.129467 0.309219 0.128426 0.312953 0.124118 0.315693 0.118839 0.315617 0.116858 0.313336 0.115779 0.308894 0.116332 0.305084 0.118740 0.302106
0 0.123030 0.336715 0.126517 0.337608 0.129248 0.340534 0.130102 0.344490 0.129062 0.348223 0.124753 0.350964 0.119474 0.350888 0.117493 0.348607 0.116414 0.344165 0.116967 0.340354 0.119375 0.337377
0 0.248915 0.401228 0.252402 0.402121 0.255133 0.405047 0.255987 0.409002 0.254947 0.412736 0.250638 0.415477 0.245360 0.415401 0.243378 0.413120 0.242299 0.408677 0.242852 0.404867 0.245260 0.401889
0 0.295295 0.323053 0.298781 0.323945 0.301513 0.326871 0.302367 0.330827 0.301326 0.334561 0.297018 0.337301 0.291739 0.337225 0.289758 0.334944 0.288679 0.330502 0.289231 0.326691 0.291640 0.323714
0 0.276984 0.307848 0.280470 0.308740 0.283202 0.311666 0.284056 0.315622 0.283016 0.319355 0.278707 0.322095 0.273429 0.322020 0.271447 0.319738 0.270368 0.315296 0.270921 0.311486 0.273329 0.308508
0 0.286077 0.352060 0.289564 0.352952 0.292295 0.355878 0.293149 0.359834 0.292109 0.363567 0.287800 0.366307 0.282521 0.366232 0.280540 0.363951 0.279461 0.359509 0.280014 0.355698 0.282422 0.352720
0 0.377915 0.297233 0.381401 0.298126 0.384133 0.301052 0.384987 0.305007 0.383946 0.308741 0.379638 0.311481 0.374359 0.311406 0.372378 0.309124 0.371299 0.304682 0.371851 0.300872 0.374260 0.297894
0 0.409170 0.303080 0.412657 0.303973 0.415388 0.306898 0.416242 0.310854 0.415201 0.314588 0.410893 0.317328 0.405614 0.317252 0.403633 0.314971 0.402554 0.310529 0.403107 0.306719 0.405515 0.303741
0 0.403501 0.286082 0.406988 0.286975 0.409719 0.289901 0.410573 0.293856 0.409533 0.297590 0.405224 0.300330 0.399946 0.300255 0.397964 0.297973 0.396885 0.293531 0.397438 0.289721 0.399846 0.286743
0 0.310166 0.301566 0.313653 0.302459 0.316384 0.305385 0.317238 0.309340 0.316198 0.313074 0.311889 0.315814 0.306611 0.315738 0.304630 0.313458 0.303551 0.309015 0.304103 0.305205 0.306511 0.302227
0 0.294248 0.252849 0.297735 0.253742 0.300466 0.256668 0.301320 0.260624 0.300280 0.264357 0.295970 0.267097 0.290693 0.267022 0.288711 0.264740 0.287632 0.260298 0.288184 0.256488 0.290593 0.253510
0 0.311861 0.258169 0.315348 0.259061 0.318079 0.261987 0.318933 0.265943 0.317893 0.269677 0.313584 0.272417 0.308306 0.272341 0.306324 0.270060 0.305245 0.265618 0.305798 0.261807 0.308206 0.258829
0 0.378623 0.267915 0.382110 0.268808 0.384841 0.271733 0.385695 0.275689 0.384655 0.279423 0.380346 0.282163 0.375068 0.282087 0.373086 0.279806 0.372007 0.275364 0.372560 0.271554 0.374968 0.268576
0 0.444906 0.256974 0.448393 0.257866 0.451124 0.260792 0.451979 0.264748 0.450938 0.268482 0.446630 0.271222 0.441351 0.271146 0.439370 0.268865 0.438291 0.264423 0.438843 0.260612 0.441252 0.257634
0 0.414817 0.400645 0.418303 0.401538 0.421035 0.404463 0.421889 0.408419 0.420848 0.412153 0.416539 0.414893 0.411261 0.414817 0.409280 0.412536 0.408201 0.408094 0.408753 0.404284 0.411162 0.401306
0 0.431301 0.390842 0.434788 0.391735 0.437519 0.394661 0.438373 0.398616 0.437333 0.402350 0.433024 0.405090 0.427746 0.405015 0.425764 0.402733 0.424685 0.398291 0.425238 0.394481 0.427646 0.391503
0 0.526066 0.351364 0.529552 0.352257 0.532284 0.355183 0.533138 0.359138 0.532097 0.362872 0.527789 0.365612 0.522510 0.365537 0.520529 0.363256 0.519450 0.358813 0.520003 0.355003 0.522411 0.352025
0 0.521828 0.421595 0.525315 0.422488 0.528046 0.425414 0.528901 0.429369 0.527860 0.433103 0.523551 0.435843 0.518273 0.435768 0.516291 0.433487 0.515212 0.429044 0.515765 0.425234 0.518173 0.422256
0 0.477362 0.418850 0.480848 0.419742 0.483580 0.422668 0.484434 0.426624 0.483393 0.430358 0.479085 0.433098 0.473806 0.433022 0.471825 0.430741 0.470746 0.426299 0.471299 0.422488 0.473707 0.419511
0 0.563916 0.388141 0.567403 0.389033 0.570134 0.391959 0.570988 0.395915 0.569948 0.399649 0.565639 0.402389 0.560360 0.402313 0.558379 0.400032 0.557300 0.395590 0.557852 0.391779 0.560261 0.388802
0 0.575281 0.367758 0.578768 0.368650 0.581499 0.371576 0.582353 0.375532 0.581313 0.379265 0.577004 0.382005 0.571726 0.381930 0.569744 0.379649 0.568665 0.375206 0.569218 0.371396 0.571626 0.368418
0 0.621589 0.302794 0.625076 0.303686 0.627807 0.306612 0.628661 0.310568 0.627621 0.314302 0.623312 0.317042 0.618033 0.316966 0.616052 0.314685 0.614973 0.310242 0.615526 0.306432 0.617934 0.303454
0 0.614131 0.322351 0.617618 0.323243 0.620349 0.326169 0.621204 0.330125 0.620163 0.333859 0.615855 0.336599 0.610576 0.336523 0.608594 0.334242 0.607516 0.329800 0.608068 0.325989 0.610476 0.323011
0 0.529818 0.285635 0.533305 0.286528 0.536036 0.289454 0.536890 0.293410 0.535850 0.297143 0.531541 0.299883 0.526263 0.299808 0.524281 0.297526 0.523202 0.293084 0.523755 0.289274 0.526163 0.286296
0 0.509379 0.281323 0.512866 0.282215 0.515597 0.285141 0.516451 0.289097 0.515411 0.292831 0.511102 0.295571 0.505824 0.295495 0.503842 0.293214 0.502764 0.288772 0.503316 0.284961 0.505724 0.281984
0 0.517835 0.235204 0.521322 0.236097 0.524053 0.239023 0.524908 0.242979 0.523867 0.246712 0.519559 0.249453 0.514280 0.249377 0.512299 0.247096 0.511220 0.242654 0.511772 0.238843 0.514180 0.235866
0 0.622592 0.364412 0.626079 0.365305 0.628810 0.368231 0.629664 0.372186 0.628624 0.375920 0.624315 0.378660 0.619036 0.378584 0.617055 0.376304 0.615976 0.371861 0.616529 0.368051 0.618937 0.365073
0 0.592264 0.373551 0.595751 0.374443 0.598482 0.377369 0.599337 0.381325 0.598296 0.385058 0.593987 0.387798 0.588709 0.387723 0.586727 0.385441 0.585648 0.380999 0.586201 0.377189 0.588609 0.374211
0 0.604350 0.359558 0.607836 0.360450 0.610568 0.363376 0.611422 0.367332 0.610381 0.371066 0.606072 0.373806 0.600794 0.373730 0.598813 0.371449 0.597734 0.367007 0.598287 0.363196 0.600695 0.360219
0 0.531092 0.333131 0.534578 0.334024 0.537310 0.336950 0.538164 0.340906 0.537123 0.344640 0.532814 0.347380 0.527536 0.347304 0.525554 0.345023 0.524476 0.340581 0.525028 0.336770 0.527436 0.333792
0 0.515476 0.298780 0.518963 0.299672 0.521694 0.302598 0.522548 0.306554 0.521508 0.310287 0.517199 0.313027 0.511920 0.312952 0.509939 0.310671 0.508860 0.306228 0.509413 0.302418 0.511821 0.299440
0 0.539972 0.308400 0.543459 0.309293 0.546190 0.312219 0.547044 0.316174 0.546004 0.319908 0.541695 0.322648 0.536416 0.322573 0.534435 0.320292 0.533356 0.315849 0.533908 0.312039 0.536317 0.309061
0 0.568686 0.422910 0.572172 0.423802 0.574904 0.426728 0.575758 0.430684 0.574717 0.434417 0.570409 0.437158 0.565130 0.437082 0.563149 0.434801 0.562070 0.430359 0.562623 0.426548 0.565031 0.423571
0 0.615345 0.421948 0.618832 0.422841 0.621563 0.425767 0.622417 0.429722 0.621377 0.433457 0.617068 0.436197 0.611790 0.436121 0.609808 0.433840 0.608729 0.429398 0.609282 0.425587 0.611690 0.422610
0 0.479603 0.465842 0.483089 0.466735 0.485821 0.469661 0.486675 0.473616 0.485634 0.477350 0.481326 0.480090 0.476047 0.480015 0.474066 0.477733 0.472987 0.473291 0.473539 0.469481 0.475948 0.466503
0 0.485994 0.492404 0.489481 0.493296 0.492212 0.496222 0.493066 0.500178 0.492026 0.503911 0.487717 0.506652 0.482439 0.506576 0.480457 0.504295 0.479378 0.499853 0.479931 0.496043 0.482339 0.493065
0 0.578349 0.523551 0.581835 0.524444 0.584566 0.527370 0.585421 0.531325 0.584380 0.535059 0.580071 0.537800 0.574793 0.537724 0.572811 0.535443 0.571733 0.531001 0.572285 0.527190 0.574693 0.524212
0 0.615797 0.446698 0.619283 0.447591 0.622015 0.450517 0.622869 0.454473 0.621828 0.458206 0.617520 0.460946 0.612241 0.460871 0.610260 0.458589 0.609181 0.454147 0.609734 0.450337 0.612142 0.447359
0 0.459514 0.498262 0.463001 0.499154 0.465732 0.502080 0.466587 0.506036 0.465546 0.509769 0.461237 0.512510 0.455959 0.512434 0.453977 0.510153 0.452899 0.505711 0.453451 0.501900 0.455859 0.498923
0 0.646791 0.448896 0.650278 0.449789 0.653009 0.452714 0.653863 0.456670 0.652823 0.460403 0.648514 0.463144 0.643235 0.463068 0.641254 0.460787 0.640175 0.456345 0.640728 0.452534 0.643136 0.449556
0 0.680172 0.412851 0.683659 0.413744 0.686390 0.416670 0.687245 0.420625 0.686204 0.424359 0.681895 0.427100 0.676617 0.427024 0.674635 0.424743 0.673556 0.420301 0.674109 0.416490 0.676517 0.413513
0 0.712348 0.397953 0.715835 0.398845 0.718566 0.401771 0.719420 0.405727 0.718380 0.409460 0.714071 0.412201 0.708792 0.412125 0.706811 0.409844 0.705732 0.405402 0.706284 0.401591 0.708693 0.398614
0 0.741191 0.389421 0.744678 0.390313 0.747409 0.393239 0.748264 0.397195 0.747223 0.400929 0.742914 0.403669 0.737636 0.403593 0.735654 0.401312 0.734575 0.396870 0.735128 0.393059 0.737536 0.390082
0 0.768835 0.380034 0.772322 0.380926 0.775053 0.383852 0.775907 0.387808 0.774867 0.391542 0.770558 0.394282 0.765280 0.394206 0.763298 0.391925 0.762219 0.387483 0.762772 0.383673 0.765180 0.380695
0 0.716539 0.312780 0.720025 0.313673 0.722757 0.316599 0.723611 0.320555 0.722570 0.324288 0.718262 0.327028 0.712983 0.326953 0.711002 0.324672 0.709923 0.320229 0.710476 0.316419 0.712884 0.313441
0 0.739747 0.291642 0.743233 0.292535 0.745965 0.295461 0.746819 0.299416 0.745778 0.303150 0.741470 0.305891 0.736191 0.305815 0.734210 0.303534 0.733131 0.299092 0.733684 0.295281 0.736092 0.292303
0 0.714497 0.271242 0.717984 0.272134 0.720715 0.275060 0.721569 0.279016 0.720529 0.282749 0.716220 0.285489 0.710941 0.285414 0.708960 0.283133 0.707881 0.278690 0.708434 0.274880 0.710842 0.271902
0 0.699664 0.278308 0.703151 0.279201 0.705882 0.282127 0.706736 0.286083 0.705696 0.289816 0.701386 0.292557 0.696108 0.292481 0.694127 0.290200 0.693048 0.285758 0.693600 0.281947 0.696009 0.278969
0 0.645584 0.224554 0.649070 0.225446 0.651802 0.228372 0.652656 0.232328 0.651615 0.236061 0.647306 0.238802 0.642028 0.238726 0.640047 0.236445 0.638968 0.232003 0.639520 0.228192 0.641929 0.225215
0 0.605985 0.209904 0.609471 0.210797 0.612203 0.213723 0.613057 0.217678 0.612016 0.221412 0.607707 0.224152 0.602429 0.224077 0.600448 0.221795 0.599369 0.217353 0.599921 0.213543 0.602329 0.210565
0 0.561423 0.281092 0.564910 0.281985 0.567641 0.284911 0.568495 0.288866 0.567455 0.292600 0.563146 0.295340 0.557868 0.295265 0.555886 0.292983 0.554807 0.288541 0.555360 0.284731 0.557768 0.281753
0 0.683849 0.193503 0.687336 0.194396 0.690067 0.197322 0.690921 0.201277 0.689881 0.205011 0.685572 0.207751 0.680294 0.207676 0.678312 0.205394 0.677233 0.200952 0.677786 0.197142 0.680194 0.194164
0 0.820941 0.296167 0.824427 0.297059 0.827159 0.299985 0.828013 0.303941 0.826972 0.307675 0.822664 0.310415 0.817385 0.310339 0.815404 0.308058 0.814325 0.303616 0.814877 0.299805 0.817286 0.296828
0 0.861227 0.259316 0.864714 0.260209 0.867445 0.263135 0.868299 0.267091 0.867259 0.270824 0.862950 0.273564 0.857672 0.273489 0.855690 0.271207 0.854612 0.266765 0.855164 0.262955 0.857572 0.259977
0 0.899737 0.297913 0.903223 0.298805 0.905955 0.301731 0.906810 0.305687 0.905768 0.309421 0.901460 0.312161 0.896181 0.312085 0.894200 0.309804 0.893121 0.305362 0.893673 0.301551 0.896082 0.298574
0 0.932603 0.315457 0.936090 0.316350 0.938821 0.319276 0.939675 0.323231 0.938635 0.326965 0.934325 0.329705 0.929047 0.329630 0.927066 0.327348 0.925987 0.322906 0.926539 0.319096 0.928948 0.316118
0 0.936465 0.297565 0.939952 0.298457 0.942683 0.301383 0.943537 0.305339 0.942497 0.309072 0.938188 0.311812 0.932910 0.311737 0.930928 0.309456 0.929849 0.305013 0.930402 0.301203 0.932810 0.298225
0 0.911680 0.312461 0.915166 0.313353 0.917898 0.316279 0.918752 0.320235 0.917711 0.323969 0.913403 0.326709 0.908124 0.326633 0.906143 0.324352 0.905064 0.319909 0.905616 0.316099 0.908024 0.313121
0 0.895298 0.339669 0.898785 0.340562 0.901516 0.343488 0.902371 0.347443 0.901330 0.351177 0.897021 0.353918 0.891743 0.353842 0.889762 0.351561 0.888682 0.347118 0.889235 0.343308 0.891643 0.340330
0 0.951711 0.331792 0.955198 0.332685 0.957929 0.335611 0.958783 0.339566 0.957743 0.343300 0.953434 0.346040 0.948156 0.345965 0.946174 0.343683 0.945095 0.339241 0.945647 0.335431 0.948056 0.332453
0 0.865203 0.296669 0.868690 0.297562 0.871421 0.300487 0.872276 0.304443 0.871235 0.308177 0.866926 0.310917 0.861648 0.310841 0.859666 0.308560 0.858587 0.304118 0.859140 0.300307 0.861548 0.297330
0 0.907147 0.206742 0.910634 0.207635 0.913365 0.210561 0.914219 0.214516 0.913178 0.218250 0.908870 0.220990 0.903591 0.220915 0.901610 0.218634 0.900531 0.214191 0.901084 0.210381 0.903492 0.207403
0 0.922923 0.202162 0.926410 0.203055 0.929142 0.205981 0.929996 0.209937 0.928955 0.213670 0.924647 0.216410 0.919368 0.216335 0.917387 0.214053 0.916308 0.209611 0.916860 0.205801 0.919269 0.202823
0 0.943455 0.186049 0.946941 0.186942 0.949673 0.189868 0.950527 0.193823 0.949486 0.197557 0.945177 0.200297 0.939899 0.200222 0.937918 0.197940 0.936839 0.193498 0.937391 0.189688 0.939800 0.186710
0 0.819485 0.243450 0.822972 0.244343 0.825703 0.247268 0.826557 0.251224 0.825517 0.254958 0.821208 0.257698 0.815929 0.257622 0.813948 0.255341 0.812869 0.250899 0.813422 0.247088 0.815830 0.244111
0 0.832178 0.181661 0.835664 0.182554 0.838396 0.185480 0.839250 0.189435 0.838209 0.193169 0.833900 0.195910 0.828622 0.195834 0.826640 0.193553 0.825562 0.189111 0.826114 0.185300 0.828523 0.182323
0 0.813936 0.176805 0.817422 0.177697 0.820154 0.180623 0.821008 0.184579 0.819967 0.188312 0.815658 0.191052 0.810380 0.190977 0.808399 0.188696 0.807320 0.184253 0.807872 0.180443 0.810281 0.177465
0 0.858797 0.341403 0.862284 0.342296 0.865015 0.345222 0.865870 0.349177 0.864829 0.352911 0.860520 0.355651 0.855242 0.355576 0.853260 0.353294 0.852181 0.348852 0.852734 0.345042 0.855142 0.342064
0 0.970058 0.385571 0.973545 0.386463 0.976276 0.389389 0.977130 0.393345 0.976090 0.397079 0.971781 0.399819 0.966503 0.399743 0.964521 0.397462 0.963442 0.393019 0.963995 0.389209 0.966403 0.386231
0 0.924480 0.411875 0.927966 0.412767 0.930698 0.415693 0.931552 0.419649 0.930511 0.423382 0.926203 0.426123 0.920924 0.426047 0.918943 0.423766 0.917864 0.419324 0.918416 0.415514 0.920824 0.412536
0 0.871374 0.444721 0.874861 0.445614 0.877592 0.448540 0.878447 0.452496 0.877406 0.456229 0.873097 0.458969 0.867818 0.458894 0.865837 0.456612 0.864758 0.452170 0.865311 0.448360 0.867719 0.445382
0 0.947110 0.412483 0.950597 0.413376 0.953328 0.416302 0.954183 0.420257 0.953142 0.423991 0.948834 0.426731 0.943555 0.426656 0.941574 0.424375 0.940495 0.419932 0.941047 0.416122 0.943456 0.413144
0 0.974657 0.363691 0.978143 0.364583 0.980874 0.367509 0.981729 0.371465 0.980688 0.375198 0.976379 0.377938 0.971101 0.377863 0.969119 0.375582 0.968040 0.371139 0.968593 0.367329 0.971001 0.364351
0 0.820320 0.447838 0.823807 0.448731 0.826538 0.451656 0.827392 0.455612 0.826352 0.459346 0.822043 0.462086 0.816764 0.462010 0.814783 0.459729 0.813704 0.455287 0.814257 0.451477 0.816665 0.448499
0 0.794900 0.519265 0.798387 0.520157 0.801118 0.523083 0.801972 0.527039 0.800931 0.530772 0.796623 0.533513 0.791344 0.533437 0.789363 0.531156 0.788284 0.526713 0.788836 0.522903 0.791245 0.519925
0 0.767505 0.555647 0.770991 0.556540 0.773723 0.559466 0.774577 0.563421 0.773536 0.567156 0.769228 0.569896 0.763949 0.569820 0.761968 0.567539 0.760889 0.563097 0.761442 0.559286 0.763850 0.556308
0 0.718877 0.570187 0.722364 0.571079 0.725095 0.574005 0.725950 0.577961 0.724909 0.581694 0.720600 0.584435 0.715322 0.584359 0.713340 0.582078 0.712261 0.577636 0.712814 0.573825 0.715222 0.570848
0 0.924943 0.536455 0.928429 0.537347 0.931160 0.540273 0.932015 0.544229 0.930974 0.547962 0.926665 0.550703 0.921387 0.550627 0.919405 0.548346 0.918326 0.543904 0.918879 0.540093 0.921287 0.537116
0 0.906718 0.489327 0.910205 0.490219 0.912936 0.493145 0.913790 0.497101 0.912750 0.500835 0.908441 0.503575 0.903163 0.503499 0.901181 0.501218 0.900102 0.496776 0.900655 0.492965 0.903063 0.489987
0 0.994759 0.522934 0.998246 0.523826 0.998397 0.526752 0.998397 0.530708 0.998397 0.534442 0.996482 0.537182 0.991203 0.537106 0.989222 0.534825 0.988143 0.530383 0.988696 0.526573 0.991104 0.523595
0 0.980203 0.585563 0.983690 0.586456 0.986421 0.589382 0.987276 0.593337 0.986235 0.597072 0.981926 0.599812 0.976648 0.599736 0.974666 0.597455 0.973587 0.593013 0.974140 0.589202 0.976548 0.586225
0 0.808510 0.640299 0.811996 0.641191 0.814728 0.644117 0.815582 0.648073 0.814541 0.651806 0.810232 0.654546 0.804954 0.654471 0.802973 0.652190 0.801894 0.647748 0.802446 0.643937 0.804855 0.640959
0 0.860637 0.605277 0.864123 0.606170 0.866855 0.609096 0.867709 0.613051 0.866668 0.616785 0.862360 0.619525 0.857081 0.619450 0.855100 0.617169 0.854021 0.612726 0.854574 0.608916 0.856982 0.605938
0 0.843283 0.596794 0.846770 0.597687 0.849501 0.600612 0.850356 0.604568 0.849315 0.608301 0.845007 0.611042 0.839728 0.610966 0.837746 0.608685 0.836668 0.604243 0.837220 0.600433 0.839628 0.597455
0 0.998397 0.593964 0.998397 0.594857 0.998397 0.597783 0.998397 0.601738 0.998397 0.605472 0.998397 0.608212 0.998397 0.608137 0.998397 0.605855 0.998397 0.601413 0.998397 0.597603 0.998397 0.594625
0 0.997311 0.608181 0.998397 0.609073 0.998397 0.611999 0.998397 0.615955 0.998397 0.619689 0.998397 0.622429 0.993756 0.622353 0.991774 0.620072 0.990695 0.615629 0.991248 0.611819 0.993656 0.608841
0 0.904439 0.641154 0.907926 0.642047 0.910657 0.644972 0.911512 0.648928 0.910471 0.652661 0.906162 0.655402 0.900884 0.655326 0.898902 0.653045 0.897824 0.648603 0.898376 0.644793 0.900784 0.641815
0 0.879072 0.686711 0.882558 0.687604 0.885290 0.690530 0.886144 0.694486 0.885103 0.698219 0.880795 0.700959 0.875516 0.700884 0.873535 0.698602 0.872456 0.694160 0.873008 0.690350 0.875417 0.687372
0 0.837409 0.697676 0.840895 0.698568 0.843626 0.701494 0.844481 0.705450 0.843440 0.709184 0.839131 0.711924 0.833853 0.711848 0.831871 0.709567 0.830792 0.705125 0.831345 0.701314 0.833753 0.698337
0 0.879965 0.705965 0.883452 0.706858 0.886183 0.709784 0.887038 0.713740 0.885997 0.717473 0.881688 0.720213 0.876410 0.720138 0.874428 0.717856 0.873349 0.713414 0.873902 0.709604 0.876310 0.706626
0 0.996081 0.655299 0.998397 0.656191 0.998397 0.659117 0.998397 0.663073 0.998397 0.666807 0.997718 0.669033 0.992525 0.669471 0.990544 0.667190 0.989465 0.662747 0.990018 0.658937 0.992426 0.655959
0 0.782918 0.701376 0.786405 0.702269 0.789136 0.705195 0.789990 0.709151 0.788950 0.712884 0.784555 0.715111 0.779363 0.715549 0.777381 0.713268 0.776302 0.708825 0.776855 0.705015 0.779263 0.702037
0 0.732951 0.639569 0.736438 0.640461 0.739169 0.643387 0.740023 0.647343 0.738983 0.651077 0.734588 0.653303 0.729396 0.653741 0.727414 0.651460 0.726335 0.647018 0.726888 0.643207 0.729296 0.640229
0 0.704044 0.629120 0.707530 0.630013 0.710262 0.632938 0.711116 0.636894 0.710075 0.640628 0.705681 0.642854 0.700488 0.643292 0.698507 0.641011 0.697428 0.636569 0.697981 0.632759 0.700389 0.629781
0 0.711963 0.652016 0.715449 0.652909 0.718180 0.655834 0.719035 0.659790 0.717994 0.663524 0.713600 0.665750 0.708407 0.666188 0.706426 0.663907 0.705347 0.659465 0.705899 0.655654 0.708307 0.652677
0 0.864113 0.629979 0.867600 0.630871 0.870331 0.633797 0.871185 0.637753 0.870145 0.641487 0.865750 0.643713 0.860558 0.644151 0.858576 0.641870 0.857497 0.637428 0.858050 0.633617 0.860458 0.630640
0 0.669412 0.662470 0.672898 0.663362 0.675630 0.666288 0.676484 0.670244 0.675443 0.673977 0.671048 0.676204 0.665856 0.676642 0.663875 0.674360 0.662796 0.669918 0.663348 0.666108 0.665757 0.663130
0 0.667824 0.635971 0.671311 0.636864 0.674042 0.639790 0.674896 0.643745 0.673856 0.647479 0.669461 0.649706 0.664269 0.650144 0.662287 0.647863 0.661209 0.643420 0.661761 0.639610 0.664169 0.636632
0 0.681128 0.625516 0.684615 0.626409 0.687346 0.629335 0.688200 0.633290 0.687160 0.637024 0.682765 0.639251 0.677573 0.639689 0.675591 0.637408 0.674513 0.632965 0.675065 0.629155 0.677473 0.626177
0 0.696947 0.675143 0.700434 0.676035 0.703165 0.678961 0.704020 0.682917 0.702979 0.686651 0.698585 0.688877 0.693392 0.689315 0.691411 0.687034 0.690332 0.682591 0.690884 0.678781 0.693292 0.675803
0 0.645991 0.613257 0.649478 0.614150 0.652209 0.617075 0.653064 0.621031 0.652023 0.624765 0.647628 0.626991 0.642436 0.627429 0.640454 0.625148 0.639375 0.620706 0.639928 0.616895 0.642336 0.613917
0 0.969409 0.659027 0.972895 0.659919 0.975627 0.662845 0.976481 0.666801 0.975440 0.670534 0.971045 0.672761 0.965853 0.673199 0.963872 0.670918 0.962793 0.666476 0.963346 0.662665 0.965754 0.659688
0 0.614789 0.640032 0.618275 0.640925 0.621007 0.643851 0.621861 0.647806 0.620820 0.651540 0.616425 0.653767 0.611233 0.654204 0.609252 0.651923 0.608173 0.647481 0.608725 0.643671 0.611133 0.640693
0 0.588456 0.671113 0.591943 0.672006 0.594674 0.674932 0.595528 0.678888 0.594488 0.682621 0.590093 0.684848 0.584901 0.685286 0.582919 0.683004 0.581840 0.678562 0.582393 0.674752 0.584801 0.671774
0 0.570449 0.642735 0.573936 0.643627 0.576667 0.646553 0.577521 0.650509 0.576481 0.654242 0.572086 0.656469 0.566894 0.656907 0.564912 0.654626 0.563833 0.650183 0.564386 0.646373 0.566794 0.643395
0 0.609807 0.615954 0.613294 0.616847 0.616025 0.619773 0.616879 0.623729 0.615839 0.627463 0.611444 0.629689 0.606251 0.630127 0.604270 0.627846 0.603191 0.623403 0.603743 0.619593 0.606152 0.616615
0 0.665640 0.530299 0.669127 0.531191 0.671858 0.534117 0.672712 0.538073 0.671672 0.541807 0.667277 0.544033 0.662084 0.544471 0.660103 0.542190 0.659024 0.537748 0.659577 0.533937 0.661985 0.530960
0 0.450410 0.642594 0.453897 0.643487 0.456628 0.646412 0.457482 0.650368 0.456441 0.654102 0.452047 0.656328 0.446854 0.656766 0.444873 0.654485 0.443794 0.650043 0.444347 0.646233 0.446755 0.643255
0 0.667626 0.723329 0.671112 0.724222 0.673844 0.727148 0.674698 0.731103 0.673657 0.734837 0.669263 0.737064 0.664070 0.737502 0.662089 0.735221 0.661010 0.730779 0.661563 0.726968 0.663971 0.723990
0 0.491985 0.748719 0.495472 0.749612 0.498203 0.752537 0.499058 0.756493 0.498017 0.760227 0.493622 0.762453 0.488430 0.762891 0.486448 0.760610 0.485369 0.756168 0.485922 0.752358 0.488330 0.749380
0 0.513132 0.671565 0.516619 0.672458 0.519350 0.675384 0.520205 0.679340 0.519164 0.683073 0.514769 0.685300 0.509577 0.685738 0.507595 0.683457 0.506516 0.679015 0.507069 0.675204 0.509477 0.672226
0 0.424896 0.672534 0.428383 0.673426 0.431114 0.676352 0.431968 0.680308 0.430928 0.684041 0.426532 0.686268 0.421340 0.686706 0.419359 0.684425 0.418280 0.679982 0.418832 0.676172 0.421241 0.673194
0 0.463473 0.655643 0.466959 0.656536 0.469691 0.659462 0.470545 0.663417 0.469504 0.667151 0.465109 0.669378 0.459917 0.669816 0.457936 0.667535 0.456857 0.663092 0.457409 0.659282 0.459817 0.656304
0 0.452307 0.624409 0.455793 0.625302 0.458525 0.628228 0.459379 0.632183 0.458338 0.635917 0.453943 0.638143 0.448751 0.638581 0.446770 0.636300 0.445691 0.631858 0.446244 0.628048 0.448652 0.625070
0 0.508725 0.568419 0.512211 0.569312 0.514943 0.572237 0.515797 0.576193 0.514756 0.579926 0.510361 0.582153 0.505169 0.582591 0.503188 0.580310 0.502109 0.575868 0.502661 0.572058 0.505070 0.569080
0 0.432528 0.696425 0.436014 0.697317 0.438745 0.700243 0.439600 0.704199 0.438559 0.707932 0.434164 0.710159 0.428972 0.710597 0.426990 0.708316 0.425912 0.703874 0.426464 0.700063 0.428872 0.697085
0 0.624808 0.536890 0.628295 0.537783 0.631026 0.540708 0.631880 0.544664 0.630840 0.548398 0.626445 0.550624 0.621253 0.551062 0.619272 0.548781 0.618193 0.544339 0.618745 0.540529 0.621153 0.537551
0 0.418804 0.733269 0.422290 0.734162 0.425022 0.737088 0.425876 0.741043 0.424835 0.744777 0.420441 0.747004 0.415248 0.747442 0.413267 0.745161 0.412188 0.740718 0.412741 0.736908 0.415149 0.733930
0 0.403128 0.740606 0.406615 0.741499 0.409346 0.744425 0.410201 0.748381 0.409160 0.752114 0.404765 0.754341 0.399573 0.754779 0.397591 0.752497 0.396512 0.748055 0.397065 0.744245 0.399473 0.741267
0 0.440483 0.765883 0.443970 0.766775 0.446701 0.769701 0.447555 0.773657 0.446515 0.777391 0.442119 0.779617 0.436928 0.780055 0.434946 0.777774 0.433867 0.773332 0.434420 0.769521 0.436828 0.766544
0 0.444326 0.749940 0.447813 0.750833 0.450544 0.753759 0.451399 0.757714 0.450358 0.761448 0.445963 0.763675 0.440771 0.764112 0.438789 0.761831 0.437710 0.757389 0.438263 0.753579 0.440671 0.750601
0 0.467842 0.775630 0.471329 0.776523 0.474060 0.779449 0.474915 0.783404 0.473874 0.787138 0.469479 0.789365 0.464287 0.789803 0.462305 0.787521 0.461226 0.783079 0.461779 0.779269 0.464187 0.776291
0 0.504442 0.764407 0.507928 0.765300 0.510660 0.768226 0.511514 0.772182 0.510473 0.775915 0.505992 0.777628 0.500871 0.778487 0.498905 0.776298 0.497826 0.771856 0.498378 0.768046 0.500786 0.765068
0 0.382502 0.702648 0.385988 0.703540 0.388719 0.706466 0.389574 0.710422 0.388533 0.714155 0.384052 0.715868 0.378931 0.716727 0.376965 0.714539 0.375886 0.710096 0.376438 0.706286 0.378847 0.703308
0 0.354939 0.653671 0.358426 0.654563 0.361157 0.657489 0.362011 0.661445 0.360971 0.665179 0.356490 0.666892 0.351368 0.667751 0.349402 0.665562 0.348323 0.661119 0.348876 0.657309 0.351284 0.654331
0 0.388032 0.727723 0.391519 0.728616 0.394250 0.731542 0.395104 0.735497 0.394064 0.739231 0.389537 0.741952 0.384461 0.741803 0.382495 0.739615 0.381416 0.735172 0.381969 0.731362 0.384377 0.728384
0 0.356718 0.757700 0.360205 0.758592 0.362936 0.761518 0.363791 0.765474 0.362750 0.769208 0.358223 0.771928 0.353148 0.771780 0.351181 0.769591 0.350103 0.765149 0.350655 0.761338 0.353063 0.758361
0 0.338299 0.756396 0.341786 0.757288 0.344517 0.760214 0.345371 0.764170 0.344331 0.767903 0.339804 0.770624 0.334728 0.770475 0.332762 0.768287 0.331683 0.763844 0.332235 0.760034 0.334644 0.757056
0 0.307560 0.693990 0.311047 0.694883 0.313778 0.697809 0.314633 0.701764 0.313592 0.705498 0.309065 0.708219 0.303990 0.708070 0.302023 0.705881 0.300944 0.701439 0.301497 0.697629 0.303905 0.694651
0 0.346484 0.679725 0.349970 0.680617 0.352702 0.683543 0.353556 0.687499 0.352515 0.691233 0.347989 0.693953 0.342913 0.693805 0.340946 0.691616 0.339868 0.687174 0.340420 0.683363 0.342829 0.680386
0 0.308118 0.677152 0.311605 0.678045 0.314336 0.680971 0.315191 0.684926 0.314150 0.688660 0.309623 0.691381 0.304548 0.691232 0.302581 0.689043 0.301503 0.684601 0.302055 0.680791 0.304463 0.677813
0 0.262249 0.777830 0.265735 0.778722 0.268467 0.781648 0.269321 0.785604 0.268280 0.789338 0.263754 0.792058 0.258678 0.791910 0.256712 0.789721 0.255633 0.785279 0.256185 0.781468 0.258594 0.778491
0 0.295668 0.755418 0.299154 0.756311 0.301886 0.759237 0.302740 0.763192 0.301700 0.766926 0.297173 0.769647 0.292097 0.769498 0.290131 0.767310 0.289052 0.762868 0.289605 0.759057 0.292013 0.756079
0 0.139092 0.763448 0.142579 0.764340 0.145310 0.767267 0.146164 0.771222 0.145124 0.774956 0.140597 0.777677 0.135521 0.777528 0.133555 0.775339 0.132476 0.770897 0.133028 0.767087 0.135437 0.764109
0 0.131369 0.727254 0.134856 0.728146 0.137587 0.731072 0.138442 0.735028 0.137401 0.738762 0.132875 0.741483 0.127799 0.741334 0.125832 0.739145 0.124754 0.734703 0.125306 0.730892 0.127714 0.727914
0 0.100739 0.768890 0.104225 0.769782 0.106957 0.772708 0.107811 0.776664 0.106770 0.780398 0.102244 0.783118 0.097168 0.782970 0.095202 0.780781 0.094123 0.776339 0.094676 0.772529 0.097084 0.769551
0 0.111444 0.813138 0.114931 0.814031 0.117662 0.816957 0.118517 0.820912 0.117476 0.824646 0.112950 0.827367 0.107873 0.827218 0.105908 0.825029 0.104829 0.820587 0.105381 0.816777 0.107790 0.813799
0 0.052200 0.729739 0.055686 0.730632 0.058417 0.733557 0.059272 0.737513 0.058231 0.741246 0.053705 0.743968 0.048629 0.743818 0.046662 0.741630 0.045583 0.737188 0.046136 0.733378 0.048544 0.730400
0 0.064556 0.842643 0.068043 0.843535 0.070774 0.846461 0.071628 0.850417 0.070588 0.854150 0.066061 0.856871 0.060985 0.856722 0.059019 0.854534 0.057940 0.850091 0.058493 0.846281 0.060901 0.843303
0 0.101704 0.719954 0.105191 0.720847 0.107922 0.723773 0.108776 0.727728 0.107735 0.731462 0.103182 0.734025 0.098133 0.734035 0.096167 0.731846 0.095088 0.727404 0.095640 0.723593 0.098049 0.720616
0 0.063989 0.672880 0.067476 0.673773 0.070207 0.676699 0.071061 0.680655 0.070021 0.684388 0.065467 0.686952 0.060418 0.686960 0.058452 0.684772 0.057373 0.680330 0.057926 0.676519 0.060334 0.673542
0 0.108390 0.616327 0.111876 0.617220 0.114607 0.620146 0.115462 0.624101 0.114421 0.627835 0.109869 0.630397 0.104819 0.630407 0.102853 0.628218 0.101774 0.623776 0.102326 0.619966 0.104735 0.616988
0 0.188732 0.683898 0.192218 0.684791 0.194949 0.687716 0.195804 0.691672 0.194763 0.695406 0.190210 0.697969 0.185160 0.697978 0.183195 0.695790 0.182116 0.691347 0.182668 0.687537 0.185077 0.684559
0 0.020475 0.625628 0.023961 0.626521 0.026693 0.629447 0.027547 0.633402 0.026506 0.637136 0.021953 0.639699 0.016903 0.639708 0.014937 0.637519 0.013859 0.633077 0.014411 0.629267 0.016819 0.626289
0 0.048753 0.663587 0.052239 0.664480 0.054970 0.667406 0.055825 0.671362 0.054784 0.675095 0.050231 0.677658 0.045182 0.677667 0.043405 0.675447 0.042650 0.670950 0.042689 0.667226 0.045098 0.664248
0 0.038722 0.690471 0.042209 0.691363 0.044940 0.694289 0.045794 0.698245 0.044753 0.701978 0.040200 0.704541 0.035151 0.704550 0.033374 0.702330 0.032620 0.697833 0.032658 0.694109 0.035067 0.691131
0 0.041507 0.610667 0.044994 0.611560 0.047725 0.614486 0.048579 0.618441 0.047539 0.622175 0.042985 0.624738 0.037936 0.624747 0.036159 0.622527 0.035405 0.618030 0.035444 0.614306 0.037852 0.611328
0 0.270009 0.712414 0.273496 0.713307 0.276227 0.716232 0.277081 0.720188 0.276041 0.723921 0.271488 0.726484 0.266438 0.726493 0.264662 0.724273 0.263907 0.719776 0.263946 0.716053 0.266354 0.713075
0 0.439238 0.681858 0.442725 0.682750 0.445456 0.685676 0.446310 0.689632 0.445270 0.693365 0.440717 0.695928 0.435667 0.695937 0.433890 0.693717 0.433136 0.689220 0.433175 0.685496 0.435583 0.682518
0 0.493987 0.526669 0.497473 0.527562 0.500205 0.530487 0.501059 0.534443 0.500018 0.538176 0.495465 0.540739 0.490415 0.540748 0.488639 0.538529 0.487884 0.534031 0.487923 0.530307 0.490332 0.527330
0 0.528953 0.503047 0.532439 0.503939 0.535170 0.506865 0.536025 0.510821 0.535265 0.513610 0.527504 0.514470 0.524330 0.513344 0.522766 0.509460 0.522969 0.506386 0.525298 0.503707
0 0.366111 0.540128 0.369598 0.541020 0.372329 0.543946 0.373183 0.547902 0.372143 0.551636 0.367589 0.554199 0.362540 0.554208 0.360763 0.551987 0.360009 0.547491 0.360048 0.543766 0.362456 0.540789
0 0.322457 0.513621 0.325944 0.514514 0.328675 0.517440 0.329529 0.521395 0.328489 0.525128 0.323936 0.527692 0.318886 0.527701 0.317110 0.525481 0.316355 0.520984 0.316394 0.517260 0.318802 0.514282
0 0.252939 0.467360 0.257265 0.467972 0.260750 0.471540 0.261993 0.476012 0.260799 0.480225 0.257740 0.483127 0.252381 0.484468 0.247636 0.482710 0.244985 0.479827 0.244178 0.475061 0.245839 0.470489 0.248779 0.468164
0 0.223739 0.429430 0.228066 0.430041 0.231551 0.433609 0.232794 0.438082 0.231600 0.442294 0.228540 0.445196 0.223182 0.446537 0.218436 0.444779 0.215786 0.441897 0.214978 0.437131 0.216640 0.432558 0.219580 0.430233
0 0.197935 0.401289 0.202262 0.401900 0.205747 0.405468 0.206990 0.409941 0.205796 0.414153 0.202737 0.417056 0.197378 0.418396 0.192633 0.416638 0.189982 0.413756 0.189174 0.408990 0.190836 0.404417 0.193776 0.402092
0 0.331064 0.463469 0.335391 0.464080 0.338876 0.467649 0.340119 0.472121 0.338925 0.476333 0.335866 0.479235 0.330507 0.480576 0.325761 0.478818 0.323111 0.475936 0.322303 0.471170 0.323965 0.466597 0.326905 0.464272
0 0.183301 0.484635 0.187628 0.485246 0.191113 0.488815 0.192356 0.493287 0.191162 0.497499 0.188102 0.500402 0.182744 0.501743 0.177998 0.499984 0.175348 0.497102 0.174540 0.492336 0.176202 0.487764 0.179142 0.485438
0 0.184389 0.518921 0.188715 0.519533 0.192200 0.523101 0.193443 0.527573 0.192249 0.531785 0.189190 0.534688 0.183831 0.536029 0.179086 0.534271 0.176435 0.531388 0.175627 0.526622 0.177289 0.522050 0.180229 0.519725
0 0.166383 0.533460 0.170709 0.534072 0.174194 0.537640 0.175437 0.542112 0.174243 0.546325 0.171184 0.549227 0.165825 0.550568 0.161079 0.548809 0.158429 0.545927 0.157621 0.541161 0.159283 0.536589 0.162223 0.534263
0 0.171575 0.563711 0.175901 0.564322 0.179387 0.567891 0.180630 0.572363 0.179436 0.576575 0.176376 0.579478 0.171017 0.580819 0.166272 0.579060 0.163622 0.576178 0.162814 0.571412 0.164476 0.566840 0.167416 0.564514
0 0.118744 0.516038 0.123070 0.516650 0.126556 0.520218 0.127799 0.524690 0.126605 0.528903 0.123545 0.531805 0.118187 0.533146 0.113441 0.531388 0.110790 0.528505 0.109983 0.523739 0.111645 0.519167 0.114585 0.516842
0 0.112837 0.460175 0.117164 0.460786 0.120649 0.464355 0.121892 0.468827 0.120698 0.473039 0.117639 0.475942 0.112280 0.477283 0.107535 0.475524 0.104884 0.472642 0.104076 0.467876 0.105738 0.463304 0.108678 0.460978
0 0.081406 0.487804 0.085732 0.488415 0.089217 0.491984 0.090461 0.496456 0.089266 0.500668 0.086207 0.503571 0.080849 0.504912 0.076103 0.503153 0.073452 0.500271 0.072645 0.495505 0.074307 0.490933 0.077247 0.488607
0 0.044909 0.515645 0.049236 0.516256 0.052721 0.519825 0.053964 0.524297 0.052769 0.528509 0.049711 0.531412 0.044352 0.532753 0.039606 0.530994 0.036956 0.528113 0.036148 0.523346 0.037810 0.518774 0.040750 0.516448
0 0.037271 0.534023 0.041597 0.534635 0.045082 0.538203 0.046325 0.542675 0.045131 0.546887 0.042072 0.549790 0.036713 0.551131 0.031968 0.549372 0.029317 0.546490 0.028509 0.541724 0.030171 0.537152 0.033111 0.534826
0 0.022796 0.489797 0.027123 0.490409 0.030608 0.493977 0.031851 0.498449 0.030657 0.502662 0.027598 0.505564 0.022238 0.506905 0.017494 0.505147 0.014843 0.502264 0.014035 0.497498 0.015696 0.492926 0.018637 0.490601
0 0.006574 0.505472 0.010901 0.506083 0.014386 0.509651 0.015629 0.514124 0.014435 0.518336 0.011376 0.521238 0.006017 0.522579 0.001272 0.520821 0.000000 0.517939 0.000000 0.513173 0.000000 0.508600 0.002415 0.506275
0 0.035873 0.569451 0.040199 0.570062 0.043684 0.573631 0.044927 0.578103 0.043733 0.582315 0.040674 0.585218 0.035315 0.586559 0.030570 0.584800 0.027919 0.581918 0.027111 0.577152 0.028773 0.572580 0.031713 0.570254
0 0.149718 0.528083 0.154044 0.528695 0.157529 0.532262 0.158772 0.536735 0.157578 0.540947 0.154519 0.543850 0.149160 0.545190 0.144415 0.543432 0.141764 0.540550 0.140957 0.535784 0.142618 0.531211 0.145558 0.528886
0 0.077088 0.578083 0.081414 0.578694 0.084899 0.582263 0.086142 0.586735 0.084948 0.590947 0.081889 0.593849 0.076530 0.595190 0.071785 0.593432 0.069134 0.590550 0.068327 0.585784 0.069989 0.581211 0.072928 0.578886
0 0.143397 0.478548 0.147723 0.479160 0.151208 0.482728 0.152451 0.487200 0.151257 0.491412 0.148198 0.494314 0.142839 0.495656 0.138094 0.493897 0.135443 0.491015 0.134636 0.486249 0.136297 0.481676 0.139237 0.479351
0 0.127262 0.403522 0.131589 0.404134 0.135073 0.407702 0.136316 0.412174 0.135122 0.416386 0.132064 0.419288 0.126704 0.420630 0.121959 0.418871 0.119308 0.415989 0.118501 0.411223 0.120163 0.406650 0.123102 0.404325
0 0.008646 0.369435 0.012972 0.370047 0.016457 0.373615 0.017700 0.378087 0.016506 0.382300 0.013447 0.385202 0.008088 0.386543 0.003343 0.384785 0.000692 0.381902 0.000000 0.377136 0.001546 0.372564 0.004486 0.370239
0 0.073119 0.294115 0.077445 0.294726 0.080930 0.298295 0.082173 0.302767 0.080979 0.306979 0.077920 0.309882 0.072561 0.311223 0.067816 0.309464 0.065165 0.306582 0.064358 0.301816 0.066019 0.297244 0.068959 0.294918
0 0.250278 0.298545 0.254604 0.299157 0.258089 0.302725 0.259332 0.307197 0.258138 0.311409 0.255079 0.314312 0.249721 0.315653 0.244975 0.313894 0.242324 0.311012 0.241517 0.306246 0.243179 0.301674 0.246119 0.299348
0 0.260208 0.262019 0.264535 0.262630 0.268019 0.266199 0.269263 0.270671 0.268068 0.274883 0.265010 0.277786 0.259651 0.279127 0.254905 0.277368 0.252255 0.274486 0.251447 0.269720 0.253109 0.265148 0.256049 0.262822
0 0.331582 0.386516 0.335909 0.387127 0.339394 0.390696 0.340637 0.395168 0.339443 0.399380 0.336383 0.402283 0.331025 0.403624 0.326279 0.401865 0.323629 0.398983 0.322821 0.394217 0.324483 0.389644 0.327423 0.387319
0 0.316549 0.277198 0.320876 0.277810 0.324360 0.281378 0.325603 0.285850 0.324409 0.290062 0.321350 0.292965 0.315991 0.294306 0.311246 0.292547 0.308595 0.289665 0.307788 0.284899 0.309450 0.280327 0.312390 0.278001
0 0.365291 0.283887 0.369617 0.284498 0.373102 0.288067 0.374345 0.292539 0.373151 0.296751 0.370092 0.299654 0.364733 0.300995 0.359988 0.299236 0.357337 0.296354 0.356529 0.291588 0.358191 0.287016 0.361131 0.284690
0 0.459255 0.410969 0.463581 0.411580 0.467067 0.415149 0.468310 0.419621 0.467116 0.423833 0.464056 0.426736 0.458697 0.428077 0.453952 0.426318 0.451301 0.423436 0.450494 0.418670 0.452155 0.414098 0.455096 0.411772
0 0.501046 0.319213 0.505373 0.319825 0.508857 0.323393 0.510100 0.327865 0.508906 0.332077 0.505847 0.334979 0.500488 0.336320 0.495743 0.334562 0.493092 0.331680 0.492284 0.326914 0.493946 0.322341 0.496886 0.320016
0 0.474225 0.331565 0.478551 0.332177 0.482036 0.335745 0.483279 0.340217 0.482085 0.344430 0.479026 0.347332 0.473667 0.348673 0.468922 0.346914 0.466271 0.344032 0.465464 0.339266 0.467125 0.334694 0.470065 0.332369
0 0.553494 0.294085 0.557820 0.294697 0.561306 0.298265 0.562548 0.302737 0.561354 0.306949 0.558295 0.309852 0.552936 0.311193 0.548191 0.309434 0.545541 0.306552 0.544733 0.301786 0.546394 0.297214 0.549335 0.294888
0 0.619247 0.256801 0.623573 0.257412 0.627059 0.260980 0.628302 0.265453 0.627107 0.269665 0.624048 0.272567 0.618690 0.273908 0.613944 0.272150 0.611293 0.269268 0.610486 0.264501 0.612147 0.259929 0.615088 0.257604
0 0.586544 0.353813 0.590870 0.354424 0.594355 0.357992 0.595598 0.362464 0.594404 0.366677 0.591345 0.369579 0.585986 0.370920 0.581241 0.369162 0.578590 0.366280 0.577782 0.361513 0.579444 0.356941 0.582384 0.354616
0 0.530702 0.393665 0.535029 0.394276 0.538513 0.397845 0.539756 0.402317 0.538562 0.406529 0.535503 0.409432 0.530144 0.410773 0.525399 0.409014 0.522748 0.406132 0.521940 0.401366 0.523602 0.396794 0.526542 0.394469
0 0.585818 0.266364 0.590144 0.266975 0.593629 0.270543 0.594872 0.275016 0.593678 0.279228 0.590619 0.282131 0.585259 0.283471 0.580515 0.281713 0.577864 0.278831 0.577056 0.274065 0.578717 0.269492 0.581658 0.267167
0 0.520119 0.446049 0.524445 0.446661 0.527930 0.450229 0.529173 0.454701 0.527979 0.458914 0.524920 0.461816 0.519561 0.463157 0.514816 0.461399 0.512165 0.458517 0.511358 0.453750 0.513020 0.449178 0.515959 0.446853
0 0.654876 0.383961 0.659203 0.384573 0.662687 0.388141 0.663931 0.392613 0.662736 0.396825 0.659677 0.399727 0.654319 0.401068 0.649573 0.399310 0.646922 0.396428 0.646115 0.391662 0.647777 0.387089 0.650717 0.384764
0 0.646572 0.408826 0.650899 0.409437 0.654384 0.413005 0.655627 0.417478 0.654432 0.421690 0.651374 0.424592 0.646015 0.425933 0.641270 0.424175 0.638619 0.421292 0.637811 0.416526 0.639473 0.411954 0.642413 0.409629
0 0.607316 0.467730 0.611643 0.468341 0.615128 0.471910 0.616371 0.476382 0.615177 0.480594 0.612118 0.483497 0.606759 0.484838 0.602014 0.483079 0.599363 0.480197 0.598555 0.475431 0.600217 0.470859 0.603157 0.468533
0 0.620886 0.501357 0.625213 0.501969 0.628697 0.505537 0.629941 0.510009 0.628746 0.514221 0.625687 0.517123 0.620329 0.518464 0.615583 0.516706 0.612933 0.513824 0.612125 0.509058 0.613787 0.504485 0.616727 0.502160
0 0.646414 0.502696 0.650741 0.503307 0.654225 0.506876 0.655468 0.511348 0.654274 0.515560 0.651215 0.518463 0.645856 0.519804 0.641111 0.518045 0.638460 0.515163 0.637653 0.510397 0.639314 0.505825 0.642254 0.503499
0 0.609190 0.527153 0.613517 0.527764 0.617001 0.531333 0.618244 0.535805 0.617050 0.540017 0.613991 0.542920 0.608632 0.544261 0.603887 0.542502 0.601237 0.539620 0.600429 0.534854 0.602091 0.530282 0.605030 0.527956
0 0.604577 0.547414 0.608904 0.548026 0.612388 0.551594 0.613632 0.556066 0.612437 0.560278 0.609378 0.563181 0.604020 0.564522 0.599274 0.562763 0.596623 0.559881 0.595816 0.555115 0.597478 0.550543 0.600418 0.548218
0 0.648068 0.524702 0.652394 0.525314 0.655879 0.528881 0.657122 0.533354 0.655928 0.537566 0.652869 0.540468 0.647510 0.541809 0.642765 0.540051 0.640114 0.537169 0.639307 0.532403 0.640968 0.527830 0.643908 0.525505
0 0.682991 0.539287 0.687317 0.539899 0.690802 0.543467 0.692045 0.547939 0.690851 0.552151 0.687792 0.555053 0.682433 0.556395 0.677688 0.554636 0.675037 0.551754 0.674230 0.546988 0.675891 0.542415 0.678831 0.540090
0 0.522055 0.593104 0.526381 0.593715 0.529867 0.597283 0.531110 0.601756 0.529916 0.605968 0.526856 0.608870 0.521497 0.610211 0.516752 0.608453 0.514101 0.605571 0.513294 0.600805 0.514955 0.596232 0.517896 0.593907
0 0.522449 0.487851 0.526776 0.488462 0.530260 0.492031 0.531503 0.496503 0.530309 0.500715 0.527251 0.503618 0.521891 0.504959 0.517146 0.503200 0.514495 0.500318 0.513688 0.495552 0.515350 0.490980 0.518289 0.488654
0 0.432254 0.487958 0.436581 0.488569 0.440066 0.492138 0.441309 0.496610 0.440115 0.500822 0.437056 0.503725 0.431697 0.505066 0.426951 0.503307 0.424301 0.500425 0.423493 0.495659 0.425155 0.491087 0.428095 0.488761
0 0.389563 0.502570 0.393889 0.503182 0.397374 0.506750 0.398617 0.511222 0.397423 0.515435 0.394364 0.518337 0.389005 0.519678 0.384260 0.517920 0.381609 0.515037 0.380802 0.510271 0.382464 0.505699 0.385403 0.503374
0 0.407494 0.459414 0.411821 0.460026 0.415305 0.463594 0.416549 0.468066 0.415354 0.472279 0.412295 0.475181 0.406937 0.476522 0.402191 0.474764 0.399540 0.471881 0.398733 0.467115 0.400395 0.462543 0.403335 0.460218
0 0.313189 0.562996 0.317516 0.563608 0.321001 0.567176 0.322244 0.571648 0.321050 0.575861 0.317990 0.578763 0.312632 0.580104 0.307886 0.578346 0.305236 0.575464 0.304428 0.570697 0.306090 0.566125 0.309030 0.563800
0 0.280658 0.611934 0.284984 0.612545 0.288469 0.616113 0.289712 0.620585 0.288518 0.624798 0.285459 0.627700 0.280100 0.629041 0.275355 0.627283 0.272704 0.624400 0.271896 0.619635 0.273558 0.615062 0.276498 0.612737
0 0.255368 0.566194 0.259694 0.566805 0.263179 0.570373 0.264422 0.574846 0.263228 0.579058 0.260169 0.581960 0.254810 0.583301 0.250065 0.581543 0.247414 0.578660 0.246606 0.573895 0.248268 0.569322 0.251208 0.566997
0 0.369012 0.421123 0.373338 0.421734 0.376823 0.425302 0.378066 0.429775 0.376872 0.433987 0.373813 0.436889 0.368454 0.438230 0.363709 0.436472 0.361058 0.433589 0.360251 0.428823 0.361913 0.424251 0.364852 0.421926
0 0.378431 0.511027 0.382758 0.511639 0.386242 0.515206 0.387485 0.519679 0.386291 0.523891 0.383232 0.526793 0.377873 0.528134 0.373128 0.526376 0.370477 0.523494 0.369670 0.518728 0.371332 0.514155 0.374271 0.511830
0 0.146557 0.621620 0.150884 0.622232 0.154369 0.625800 0.155612 0.630272 0.154418 0.634484 0.151358 0.637387 0.145999 0.638728 0.141254 0.636969 0.138604 0.634088 0.137796 0.629321 0.139457 0.624749 0.142398 0.622424
0 0.122273 0.627439 0.126600 0.628051 0.130085 0.631619 0.131328 0.636091 0.130134 0.640304 0.127075 0.643205 0.121716 0.644546 0.116971 0.642788 0.114320 0.639906 0.113512 0.635140 0.115174 0.630567 0.118114 0.628242
0 0.093337 0.649909 0.097663 0.650521 0.101148 0.654089 0.102391 0.658561 0.101197 0.662774 0.098138 0.665676 0.092779 0.667017 0.088034 0.665259 0.085383 0.662377 0.084575 0.657610 0.086237 0.653038 0.089177 0.650713
0 0.088842 0.619491 0.093168 0.620103 0.096653 0.623671 0.097896 0.628143 0.096702 0.632355 0.093643 0.635258 0.088284 0.636599 0.083539 0.634840 0.080888 0.631958 0.080080 0.627192 0.081742 0.622620 0.084682 0.620295
0 0.067395 0.634043 0.071721 0.634654 0.075206 0.638223 0.076449 0.642695 0.075255 0.646907 0.072196 0.649810 0.066837 0.651151 0.062092 0.649392 0.059441 0.646510 0.058633 0.641744 0.060295 0.637172 0.063235 0.634846
0 0.025960 0.645286 0.030286 0.645898 0.033771 0.649466 0.035014 0.653938 0.033820 0.658150 0.030761 0.661053 0.025402 0.662394 0.020657 0.660635 0.018006 0.657753 0.017199 0.652987 0.018860 0.648415 0.021801 0.646089
0 0.100249 0.688256 0.104575 0.688867 0.108061 0.692435 0.109304 0.696908 0.108110 0.701120 0.105050 0.704022 0.099691 0.705363 0.094946 0.703605 0.092801 0.700638 0.092001 0.695870 0.093150 0.691384 0.096090 0.689059
0 0.220992 0.677779 0.225318 0.678390 0.228803 0.681958 0.230046 0.686431 0.228852 0.690643 0.225793 0.693545 0.220434 0.694886 0.215689 0.693128 0.213544 0.690161 0.212744 0.685393 0.213892 0.680907 0.216832 0.678582
0 0.186425 0.664357 0.190752 0.664969 0.194237 0.668537 0.195479 0.673009 0.194285 0.677221 0.191227 0.680123 0.185867 0.681464 0.181122 0.679706 0.178978 0.676739 0.178178 0.671972 0.179325 0.667485 0.182266 0.665160
0 0.203291 0.643287 0.207618 0.643899 0.211102 0.647467 0.212346 0.651939 0.211151 0.656151 0.208092 0.659054 0.202734 0.660395 0.197988 0.658636 0.195843 0.655670 0.195043 0.650902 0.196192 0.646416 0.199132 0.644090
0 0.242597 0.507160 0.246923 0.507772 0.250408 0.511340 0.251651 0.515812 0.250457 0.520025 0.247398 0.522927 0.242039 0.524268 0.237294 0.522509 0.235149 0.519543 0.234349 0.514775 0.235497 0.510289 0.238437 0.507964
0 0.136656 0.668022 0.140983 0.668633 0.144467 0.672202 0.145710 0.676674 0.144516 0.680887 0.141458 0.683789 0.136098 0.685130 0.131353 0.683371 0.129208 0.680404 0.128409 0.675637 0.129557 0.671151 0.132497 0.668826
0 0.232802 0.776099 0.237129 0.776710 0.240613 0.780279 0.241856 0.784751 0.240662 0.788963 0.237604 0.791866 0.232244 0.793207 0.227499 0.791448 0.225354 0.788481 0.224555 0.783714 0.225703 0.779227 0.228642 0.776902
0 0.160313 0.806463 0.164639 0.807075 0.168124 0.810643 0.169367 0.815116 0.168173 0.819328 0.165114 0.822230 0.159755 0.823571 0.155010 0.821813 0.152865 0.818846 0.152065 0.814078 0.153213 0.809592 0.156154 0.807267
0 0.255380 0.731715 0.259706 0.732327 0.263191 0.735895 0.264434 0.740367 0.263240 0.744580 0.260181 0.747482 0.254822 0.748823 0.250077 0.747065 0.247932 0.744098 0.247132 0.739330 0.248280 0.734844 0.251220 0.732519
0 0.083999 0.819727 0.087486 0.820620 0.090217 0.823546 0.091071 0.827502 0.090031 0.831235 0.085445 0.833607 0.080428 0.833807 0.078462 0.831619 0.077383 0.827177 0.077936 0.823366 0.080344 0.820388
0 0.074257 0.784899 0.077743 0.785791 0.080475 0.788717 0.081329 0.792673 0.080288 0.796407 0.075704 0.798779 0.070686 0.798979 0.068720 0.796790 0.067641 0.792348 0.068194 0.788537 0.070602 0.785560
0 0.282033 0.782746 0.285520 0.783639 0.288252 0.786565 0.289106 0.790520 0.288065 0.794254 0.283480 0.796626 0.278463 0.796826 0.276496 0.794637 0.275418 0.790195 0.275970 0.786385 0.278378 0.783407
0 0.058934 0.778966 0.062421 0.779859 0.065152 0.782785 0.066006 0.786741 0.064966 0.790474 0.060439 0.793195 0.055363 0.793046 0.053397 0.790857 0.052318 0.786415 0.052871 0.782605 0.055279 0.779627
0 0.060067 0.813635 0.063554 0.814527 0.066285 0.817453 0.067139 0.821409 0.066099 0.825143 0.061572 0.827863 0.056496 0.827715 0.054530 0.825526 0.053451 0.821084 0.054003 0.817273 0.056412 0.814296
0 0.154274 0.661458 0.157761 0.662351 0.160492 0.665277 0.161347 0.669232 0.160306 0.672966 0.155780 0.675687 0.150703 0.675538 0.148737 0.673349 0.147659 0.668907 0.148211 0.665097 0.150620 0.662119
0 0.112572 0.787984 0.116898 0.788595 0.120383 0.792164 0.121627 0.796636 0.120432 0.800848 0.117373 0.803751 0.112015 0.805092 0.107269 0.803333 0.105124 0.800366 0.104325 0.795599 0.105473 0.791113 0.108413 0.788787
0 0.286581 0.700189 0.290907 0.700801 0.294392 0.704368 0.295635 0.708840 0.294441 0.713053 0.291382 0.715955 0.286023 0.717296 0.281278 0.715538 0.279133 0.712571 0.278333 0.707803 0.279481 0.703317 0.282421 0.700992
0 0.324132 0.741679 0.328458 0.742291 0.331944 0.745859 0.333187 0.750331 0.331993 0.754544 0.328933 0.757446 0.323574 0.758787 0.318829 0.757029 0.316684 0.754062 0.315884 0.749294 0.317032 0.744808 0.319973 0.742483
0 0.279793 0.679346 0.284119 0.679957 0.287604 0.683526 0.288847 0.687998 0.287653 0.692210 0.284594 0.695112 0.279235 0.696454 0.274490 0.694695 0.272345 0.691728 0.271545 0.686961 0.272693 0.682474 0.275633 0.680149
0 0.364847 0.693274 0.369174 0.693886 0.372659 0.697453 0.373902 0.701925 0.372708 0.706138 0.369649 0.709040 0.364290 0.710381 0.359545 0.708623 0.357400 0.705656 0.356600 0.700888 0.357748 0.696402 0.360688 0.694077
0 0.450718 0.727246 0.455044 0.727858 0.458529 0.731426 0.459772 0.735898 0.458578 0.740111 0.455519 0.743013 0.450160 0.744354 0.445415 0.742596 0.443270 0.739629 0.442470 0.734861 0.443618 0.730375 0.446558 0.728050
0 0.265127 0.644131 0.269453 0.644743 0.272938 0.648310 0.274181 0.652783 0.272987 0.656995 0.269928 0.659897 0.264569 0.661238 0.259824 0.659480 0.257679 0.656513 0.256879 0.651745 0.258027 0.647259 0.260967 0.644934
0 0.373296 0.642817 0.377623 0.643428 0.381108 0.646997 0.382351 0.651469 0.381157 0.655681 0.378098 0.658584 0.372739 0.659925 0.367993 0.658166 0.365848 0.655199 0.365049 0.650432 0.366197 0.645945 0.369137 0.643620
0 0.377246 0.758523 0.381572 0.759134 0.385057 0.762702 0.386300 0.767175 0.385106 0.771387 0.382047 0.774289 0.376688 0.775630 0.371943 0.773872 0.369798 0.770905 0.368998 0.766137 0.370146 0.761651 0.373086 0.759326
0 0.502158 0.725009 0.506485 0.725621 0.509969 0.729189 0.511213 0.733661 0.510018 0.737873 0.506959 0.740776 0.501601 0.742117 0.496855 0.740358 0.494710 0.737392 0.493910 0.732624 0.495059 0.728138 0.497999 0.725812
0 0.521661 0.642560 0.525988 0.643172 0.529473 0.646740 0.530716 0.651212 0.529522 0.655425 0.526462 0.658327 0.521104 0.659668 0.516358 0.657910 0.514213 0.654943 0.513413 0.650175 0.514562 0.645689 0.517502 0.643364
0 0.522008 0.623478 0.526334 0.624089 0.529819 0.627658 0.531062 0.632130 0.529868 0.636342 0.526809 0.639245 0.521450 0.640586 0.516705 0.638827 0.514560 0.635860 0.513760 0.631093 0.514908 0.626607 0.517848 0.624281
0 0.486866 0.636997 0.491192 0.637608 0.494677 0.641176 0.495920 0.645649 0.494726 0.649861 0.491667 0.652763 0.486308 0.654104 0.481563 0.652346 0.479418 0.649379 0.478618 0.644611 0.479766 0.640125 0.482706 0.637800
0 0.330625 0.599580 0.333042 0.609190 0.329917 0.615617 0.324120 0.618914 0.316566 0.619734 0.311285 0.617580 0.307685 0.613712 0.306605 0.606740 0.308919 0.600808 0.311989 0.597252 0.317685 0.594419 0.325241 0.595744
0 0.369096 0.619964 0.371513 0.629574 0.368387 0.636000 0.362590 0.639298 0.355036 0.640118 0.349755 0.637963 0.346156 0.634096 0.345075 0.627123 0.347389 0.621191 0.350460 0.617636 0.356155 0.614802 0.363712 0.616128
0 0.398549 0.615391 0.400966 0.625001 0.397841 0.631427 0.392044 0.634724 0.384490 0.635545 0.379209 0.633390 0.375609 0.629523 0.374529 0.622550 0.376843 0.616618 0.379914 0.613063 0.385609 0.610229 0.393166 0.611554
0 0.388325 0.564625 0.390742 0.574235 0.387617 0.580661 0.381820 0.583959 0.374266 0.584778 0.368985 0.582624 0.365385 0.578757 0.364305 0.571784 0.366619 0.565852 0.369689 0.562296 0.375385 0.559463 0.382941 0.560789
0 0.145834 0.592285 0.148251 0.601895 0.145125 0.608321 0.139329 0.611619 0.131775 0.612439 0.126494 0.610284 0.122894 0.606417 0.121814 0.599445 0.124128 0.593512 0.127198 0.589956 0.132894 0.587123 0.140450 0.588449
0 0.218812 0.779259 0.221229 0.788869 0.218104 0.795295 0.212307 0.798592 0.204753 0.799413 0.199472 0.797258 0.195872 0.793391 0.194792 0.786418 0.197106 0.780486 0.200176 0.776931 0.205872 0.774097 0.213428 0.775422
0 0.496811 0.663150 0.499228 0.672760 0.496103 0.679186 0.490306 0.682483 0.482752 0.683303 0.477471 0.681149 0.473871 0.677282 0.472791 0.670309 0.475105 0.664376 0.478176 0.660821 0.483871 0.657987 0.491428 0.659313
0 0.534022 0.739167 0.536439 0.748777 0.533314 0.755203 0.527517 0.758501 0.519963 0.759321 0.514683 0.757167 0.511082 0.753300 0.510002 0.746327 0.512316 0.740394 0.515387 0.736839 0.521082 0.734005 0.528639 0.735331
0 0.699758 0.564627 0.702129 0.572896 0.699762 0.578398 0.698759 0.579448 0.693965 0.581695 0.686411 0.582516 0.681130 0.580361 0.677530 0.576494 0.676450 0.569521 0.678764 0.563589 0.681834 0.560033 0.687074 0.558266 0.693798 0.559461
0 0.565834 0.624422 0.568251 0.634031 0.565126 0.640458 0.559329 0.643756 0.551775 0.644576 0.546494 0.642421 0.542894 0.638554 0.541814 0.631581 0.544128 0.625649 0.547198 0.622093 0.552894 0.619260 0.560451 0.620586
0 0.555112 0.441697 0.557530 0.451307 0.554404 0.457733 0.548607 0.461031 0.541053 0.461850 0.535773 0.459696 0.532173 0.455829 0.531092 0.448856 0.533406 0.442924 0.536477 0.439369 0.542173 0.436535 0.549729 0.437861
0 0.410760 0.422404 0.413177 0.432014 0.410052 0.438440 0.404255 0.441738 0.396701 0.442558 0.391421 0.440403 0.387820 0.436536 0.386740 0.429564 0.389054 0.423631 0.392124 0.420075 0.397820 0.417242 0.405376 0.418568
0 0.439337 0.441273 0.441754 0.450883 0.438629 0.457310 0.432832 0.460607 0.425278 0.461427 0.419997 0.459272 0.416397 0.455405 0.415317 0.448433 0.417631 0.442500 0.420702 0.438945 0.426397 0.436112 0.433953 0.437437
0 0.461636 0.515029 0.464053 0.524639 0.460928 0.531065 0.455131 0.534363 0.447577 0.535183 0.442297 0.533028 0.438696 0.529161 0.437616 0.522188 0.439930 0.516256 0.443001 0.512700 0.448696 0.509867 0.456252 0.511193
0 0.764196 0.654675 0.766613 0.664285 0.763488 0.670711 0.757691 0.674008 0.750137 0.674829 0.744857 0.672674 0.741256 0.668807 0.740176 0.661834 0.742490 0.655902 0.745560 0.652347 0.751257 0.649513 0.758813 0.650838
0 0.865189 0.666398 0.867606 0.676008 0.864481 0.682434 0.858684 0.685731 0.851130 0.686552 0.845850 0.684397 0.842249 0.680530 0.841169 0.673557 0.843483 0.667625 0.846554 0.664070 0.852249 0.661236 0.859806 0.662562
0 0.938702 0.623658 0.941119 0.633267 0.937994 0.639694 0.932197 0.642991 0.924642 0.643812 0.919362 0.641657 0.915762 0.637789 0.914682 0.630817 0.916996 0.624885 0.920066 0.621329 0.925762 0.618496 0.933318 0.619821
0 0.998397 0.551301 0.998397 0.560911 0.998397 0.567337 0.998397 0.570635 0.992949 0.571455 0.987668 0.569300 0.984068 0.565433 0.982987 0.558460 0.985301 0.552528 0.988372 0.548973 0.994068 0.546139 0.998397 0.547465
0 0.844768 0.343020 0.847186 0.352630 0.844060 0.359056 0.838264 0.362353 0.830710 0.363173 0.825429 0.361019 0.821829 0.357152 0.820749 0.350179 0.823062 0.344247 0.826133 0.340692 0.831829 0.337858 0.839385 0.339183
0 0.796853 0.348996 0.799270 0.358606 0.796144 0.365032 0.790348 0.368329 0.782794 0.369149 0.777513 0.366995 0.773913 0.363128 0.772833 0.356155 0.775147 0.350222 0.778217 0.346667 0.783913 0.343834 0.791469 0.345159
0 0.723034 0.369560 0.725451 0.379169 0.722326 0.385596 0.716529 0.388894 0.708975 0.389713 0.703695 0.387559 0.700094 0.383691 0.699014 0.376719 0.701328 0.370787 0.704399 0.367231 0.710094 0.364398 0.717651 0.365724
0 0.689132 0.368183 0.691549 0.377792 0.688424 0.384219 0.682627 0.387516 0.675073 0.388336 0.669792 0.386182 0.666192 0.382314 0.665112 0.375342 0.667426 0.369409 0.670496 0.365854 0.676192 0.363020 0.683748 0.364346
0 0.637013 0.343421 0.639430 0.353031 0.636304 0.359457 0.630507 0.362755 0.622954 0.363575 0.617673 0.361420 0.614073 0.357553 0.612993 0.350581 0.615306 0.344648 0.618377 0.341092 0.624073 0.338259 0.631629 0.339585
0 0.712488 0.346086 0.714905 0.355696 0.711779 0.362122 0.705983 0.365420 0.698428 0.366240 0.693148 0.364085 0.689548 0.360218 0.688468 0.353245 0.690782 0.347313 0.693852 0.343757 0.699548 0.340924 0.707104 0.342250
0 0.775892 0.188085 0.778309 0.197695 0.775183 0.204121 0.769387 0.207419 0.761833 0.208239 0.756553 0.206084 0.752952 0.202217 0.751872 0.195244 0.754186 0.189312 0.757257 0.185756 0.762952 0.182923 0.770508 0.184249
0 0.721506 0.212297 0.723923 0.221906 0.720798 0.228333 0.715001 0.231630 0.707447 0.232451 0.702166 0.230296 0.698566 0.226429 0.697486 0.219456 0.699800 0.213524 0.702870 0.209968 0.708566 0.207135 0.716122 0.208461
0 0.559924 0.352727 0.562342 0.362337 0.559216 0.368763 0.553420 0.372060 0.545866 0.372880 0.540585 0.370726 0.536985 0.366859 0.535905 0.359886 0.538218 0.353953 0.541289 0.350398 0.546985 0.347564 0.554541 0.348890
0 0.921405 0.234664 0.923823 0.244273 0.920697 0.250700 0.914900 0.253997 0.907347 0.254817 0.902066 0.252663 0.898466 0.248795 0.897385 0.241823 0.899699 0.235891 0.902770 0.232335 0.908466 0.229502 0.916022 0.230827
0 0.925622 0.153764 0.928039 0.163374 0.924913 0.169800 0.919117 0.173098 0.911563 0.173918 0.906282 0.171764 0.902682 0.167897 0.901602 0.160924 0.903916 0.154991 0.906986 0.151436 0.912682 0.148602 0.920238 0.149928
0 0.642289 0.204950 0.644706 0.214560 0.641581 0.220986 0.635784 0.224284 0.628230 0.225104 0.622950 0.222949 0.619349 0.219082 0.618269 0.212109 0.620583 0.206177 0.623653 0.202622 0.629350 0.199788 0.636905 0.201114
0 0.386965 0.371967 0.389382 0.381576 0.386256 0.388003 0.380459 0.391300 0.372905 0.392120 0.367625 0.389965 0.364025 0.386098 0.362944 0.379126 0.365258 0.373193 0.368329 0.369638 0.374025 0.366805 0.381581 0.368130
0 0.437833 0.357559 0.440250 0.367169 0.437124 0.373595 0.431328 0.376893 0.423774 0.377713 0.418493 0.375559 0.414893 0.371691 0.413813 0.364719 0.416127 0.358786 0.419197 0.355231 0.424893 0.352397 0.432449 0.353723
0 0.405667 0.242984 0.408084 0.252594 0.404959 0.259020 0.399162 0.262318 0.391608 0.263138 0.386328 0.260983 0.382727 0.257116 0.381647 0.250143 0.383961 0.244211 0.387031 0.240655 0.392728 0.237822 0.400284 0.239148
0 0.497981 0.228532 0.500398 0.238142 0.497273 0.244568 0.491476 0.247865 0.483922 0.248686 0.478642 0.246531 0.475041 0.242664 0.473961 0.235691 0.476275 0.229759 0.479345 0.226203 0.485042 0.223370 0.492597 0.224695
0 0.253208 0.364718 0.255625 0.374328 0.252500 0.380754 0.246703 0.384051 0.239149 0.384871 0.233868 0.382717 0.230268 0.378850 0.229188 0.371877 0.231502 0.365944 0.234572 0.362389 0.240268 0.359555 0.247824 0.360881
0 0.280226 0.370033 0.282643 0.379643 0.279518 0.386069 0.273721 0.389367 0.266167 0.390187 0.260886 0.388032 0.257286 0.384165 0.256206 0.377192 0.258520 0.371260 0.261590 0.367704 0.267286 0.364871 0.274842 0.366197
0 0.225748 0.305650 0.228165 0.315259 0.225040 0.321686 0.219243 0.324983 0.211689 0.325804 0.206408 0.323649 0.202808 0.319781 0.201728 0.312809 0.204042 0.306877 0.207112 0.303321 0.212808 0.300488 0.220364 0.301813
0 0.101290 0.400690 0.103708 0.410300 0.100582 0.416726 0.094785 0.420023 0.087232 0.420844 0.081951 0.418689 0.078351 0.414822 0.077270 0.407849 0.079584 0.401917 0.082655 0.398361 0.088351 0.395528 0.095907 0.396853
0 0.064075 0.332696 0.066492 0.342306 0.063366 0.348732 0.057570 0.352030 0.050016 0.352850 0.044735 0.350695 0.041135 0.346828 0.040055 0.339856 0.042369 0.333923 0.045439 0.330368 0.051135 0.327534 0.058691 0.328860
0 0.051741 0.307930 0.054157 0.317540 0.051032 0.323967 0.045235 0.327264 0.037681 0.328084 0.032400 0.325930 0.028800 0.322062 0.027720 0.315090 0.030034 0.309157 0.033105 0.305602 0.038800 0.302768 0.046357 0.304094
0 0.248417 0.587535 0.250834 0.597146 0.247709 0.603572 0.241912 0.606869 0.234358 0.607689 0.229078 0.605535 0.225477 0.601668 0.224397 0.594695 0.226711 0.588763 0.229781 0.585207 0.235477 0.582374 0.243033 0.583699
0 0.360443 0.734611 0.362860 0.744221 0.359735 0.750647 0.353938 0.753945 0.346384 0.754765 0.341103 0.752610 0.337503 0.748743 0.336423 0.741770 0.338737 0.735838 0.341807 0.732282 0.347503 0.729449 0.355059 0.730775
0 0.451492 0.580548 0.453909 0.590158 0.450784 0.596584 0.444987 0.599881 0.437433 0.600701 0.432152 0.598547 0.428552 0.594680 0.427472 0.587707 0.429786 0.581775 0.432856 0.578219 0.438552 0.575386 0.446108 0.576712
0 0.422922 0.505863 0.425339 0.515474 0.422213 0.521900 0.416416 0.525197 0.408862 0.526017 0.403582 0.523863 0.399982 0.519996 0.398901 0.513023 0.401215 0.507090 0.404286 0.503535 0.409982 0.500701 0.417538 0.502027
0 0.375102 0.492529 0.377519 0.502139 0.374393 0.508565 0.368596 0.511863 0.361043 0.512683 0.355762 0.510528 0.352162 0.506661 0.351082 0.499688 0.353395 0.493756 0.356466 0.490201 0.362162 0.487367 0.369718 0.488693
0 0.938532 0.511474 0.940949 0.521084 0.937824 0.527510 0.932027 0.530808 0.924473 0.531627 0.919193 0.529473 0.915592 0.525606 0.914512 0.518633 0.916826 0.512701 0.919896 0.509145 0.925592 0.506312 0.933148 0.507638
0 0.725769 0.543632 0.728018 0.551121 0.727531 0.559147 0.722336 0.565517 0.714925 0.567859 0.708851 0.568467 0.701676 0.564859 0.697670 0.559650 0.696598 0.552803 0.697137 0.546907 0.703584 0.541167 0.709910 0.538349 0.720043 0.539551
0 0.594037 0.473109 0.596287 0.480599 0.595799 0.488624 0.590604 0.494995 0.583193 0.497336 0.577119 0.497944 0.569945 0.494336 0.565939 0.489127 0.564866 0.482280 0.565405 0.476385 0.571852 0.470644 0.578178 0.467826 0.588311 0.469029
0 0.537420 0.270839 0.540906 0.271731 0.543638 0.274657 0.544492 0.278613 0.543451 0.282347 0.539143 0.285087 0.533864 0.285011 0.531883 0.282730 0.530804 0.278287 0.531357 0.274477 0.533765 0.271499
0 0.574565 0.242879 0.578891 0.243491 0.582377 0.247059 0.583620 0.251531 0.582426 0.255743 0.579366 0.258646 0.574008 0.259987 0.569262 0.258228 0.566612 0.255346 0.565804 0.250580 0.567465 0.246008 0.570406 0.243682
0 0.719139 0.254366 0.720138 0.259438 0.719531 0.263303 0.717923 0.266185 0.713984 0.268071 0.707379 0.268736 0.703710 0.266457 0.701460 0.262055 0.701131 0.257383 0.702277 0.253283 0.705234 0.250358 0.709573 0.249255 0.715342 0.250649
0 0.771936 0.277064 0.772934 0.282136 0.772328 0.286001 0.770719 0.288883 0.766780 0.290769 0.760175 0.291435 0.756506 0.289154 0.754257 0.284752 0.753928 0.280081 0.755073 0.275981 0.758030 0.273055 0.762369 0.271953 0.768138 0.273347
0 0.726432 0.294226 0.727430 0.299298 0.726824 0.303163 0.725215 0.306044 0.721276 0.307931 0.714671 0.308596 0.711002 0.306316 0.708753 0.301914 0.708424 0.297243 0.709569 0.293143 0.712526 0.290217 0.716865 0.289115 0.722634 0.290509
0 0.761285 0.329814 0.762284 0.334886 0.761678 0.338751 0.760070 0.341632 0.756130 0.343519 0.749525 0.344184 0.745856 0.341904 0.743606 0.337502 0.743278 0.332831 0.744423 0.328731 0.747381 0.325805 0.751719 0.324703 0.757488 0.326096
0 0.796067 0.318292 0.797065 0.323364 0.796459 0.327230 0.794851 0.330111 0.790911 0.331998 0.784306 0.332663 0.780637 0.330383 0.778388 0.325981 0.778059 0.321309 0.779204 0.317210 0.782161 0.314284 0.786500 0.313182 0.792269 0.314575
0 0.745349 0.227758 0.746347 0.232830 0.745741 0.236695 0.744133 0.239577 0.740193 0.241463 0.733589 0.242129 0.729920 0.239849 0.727670 0.235447 0.727341 0.230775 0.728487 0.226675 0.731444 0.223750 0.735782 0.222647 0.741552 0.224041
0 0.793606 0.206738 0.794604 0.211810 0.793998 0.215675 0.792390 0.218557 0.788450 0.220443 0.781845 0.221109 0.778176 0.218829 0.775927 0.214427 0.775598 0.209755 0.776744 0.205656 0.779701 0.202730 0.784039 0.201627 0.789808 0.203021
0 0.828629 0.267114 0.829628 0.272185 0.829021 0.276051 0.827413 0.278932 0.823474 0.280819 0.816869 0.281484 0.813200 0.279204 0.810951 0.274802 0.810622 0.270131 0.811767 0.266031 0.814724 0.263105 0.819063 0.262003 0.824832 0.263396
0 0.877777 0.203588 0.878776 0.208660 0.878170 0.212525 0.876561 0.215407 0.872622 0.217294 0.866017 0.217959 0.862348 0.215679 0.860099 0.211277 0.859770 0.206606 0.860915 0.202506 0.863872 0.199580 0.868210 0.198477 0.873980 0.199871
0 0.838535 0.218964 0.839533 0.224037 0.838927 0.227902 0.837319 0.230784 0.833379 0.232670 0.826774 0.233335 0.823105 0.231056 0.820856 0.226653 0.820527 0.221982 0.821672 0.217882 0.824629 0.214957 0.828968 0.213854 0.834737 0.215248
0 0.891410 0.261937 0.892409 0.267009 0.891802 0.270875 0.890195 0.273756 0.886255 0.275642 0.879650 0.276308 0.875981 0.274028 0.873731 0.269626 0.873403 0.264954 0.874548 0.260855 0.877505 0.257929 0.881844 0.256827 0.887613 0.258220
0 0.897013 0.211801 0.898011 0.216873 0.897405 0.220738 0.895797 0.223620 0.891858 0.225506 0.885253 0.226171 0.881584 0.223892 0.879334 0.219490 0.879005 0.214818 0.880151 0.210719 0.883108 0.207793 0.887446 0.206690 0.893216 0.208084
0 0.740325 0.261964 0.741324 0.267036 0.740717 0.270901 0.739109 0.273782 0.735170 0.275669 0.728565 0.276334 0.724896 0.274054 0.722646 0.269652 0.722318 0.264981 0.723463 0.260881 0.726420 0.257955 0.730759 0.256853 0.736528 0.258247
0 0.798250 0.378395 0.799248 0.383467 0.798642 0.387332 0.797034 0.390213 0.793094 0.392100 0.786489 0.392765 0.782820 0.390485 0.780571 0.386083 0.780242 0.381412 0.781387 0.377312 0.784345 0.374386 0.788683 0.373284 0.794452 0.374677
0 0.910288 0.188450 0.911286 0.193521 0.910680 0.197387 0.909072 0.200268 0.905132 0.202155 0.898527 0.202820 0.894859 0.200540 0.892609 0.196138 0.892280 0.191467 0.893425 0.187367 0.896383 0.184441 0.900721 0.183339 0.906490 0.184732
0 0.832945 0.165398 0.833944 0.170470 0.833337 0.174336 0.831729 0.177217 0.827790 0.179104 0.821185 0.179769 0.817516 0.177489 0.815266 0.173087 0.814938 0.168415 0.816083 0.164316 0.819040 0.161390 0.823378 0.160288 0.829148 0.161682
0 0.910514 0.382522 0.911512 0.387593 0.910906 0.391459 0.909298 0.394340 0.905359 0.396227 0.898754 0.396892 0.895085 0.394612 0.892835 0.390210 0.892506 0.385539 0.893652 0.381439 0.896609 0.378513 0.900947 0.377411 0.906717 0.378804
0 0.956322 0.372818 0.957321 0.377890 0.956715 0.381755 0.955106 0.384637 0.951167 0.386524 0.944562 0.387189 0.940893 0.384909 0.938644 0.380507 0.938314 0.375836 0.939460 0.371735 0.942417 0.368810 0.946756 0.367707 0.952525 0.369101
0 0.823554 0.387372 0.824553 0.392444 0.823947 0.396309 0.822339 0.399191 0.818399 0.401077 0.811794 0.401743 0.808125 0.399463 0.805875 0.395061 0.805547 0.390389 0.806692 0.386289 0.809649 0.383364 0.813988 0.382261 0.819757 0.383655
0 0.845187 0.395288 0.846186 0.400360 0.845579 0.404225 0.843971 0.407107 0.840031 0.408993 0.833426 0.409659 0.829757 0.407379 0.827508 0.402977 0.827179 0.398305 0.828325 0.394205 0.831282 0.391280 0.835620 0.390177 0.841389 0.391571
0 0.832242 0.472498 0.833241 0.477570 0.832634 0.481436 0.831026 0.484317 0.827087 0.486204 0.820482 0.486869 0.816813 0.484589 0.814563 0.480187 0.814235 0.475516 0.815380 0.471416 0.818337 0.468490 0.822676 0.467388 0.828445 0.468781
0 0.881978 0.500272 0.882977 0.505344 0.882371 0.509209 0.880762 0.512091 0.876823 0.513977 0.870218 0.514642 0.866549 0.512362 0.864299 0.507960 0.863970 0.503289 0.865116 0.499189 0.868073 0.496263 0.872412 0.495161 0.878181 0.496554
0 0.948844 0.478976 0.949843 0.484048 0.949237 0.487913 0.947629 0.490795 0.943690 0.492682 0.937085 0.493347 0.933415 0.491067 0.931166 0.486665 0.930837 0.481993 0.931983 0.477893 0.934939 0.474968 0.939278 0.473865 0.945048 0.475259
0 0.707452 0.440199 0.708450 0.445271 0.707843 0.449137 0.706235 0.452018 0.702296 0.453905 0.695691 0.454570 0.692022 0.452290 0.689773 0.447888 0.689444 0.443217 0.690589 0.439117 0.693546 0.436191 0.697885 0.435089 0.703654 0.436483
0 0.669901 0.428164 0.670900 0.433237 0.670294 0.437102 0.668686 0.439983 0.664746 0.441870 0.658141 0.442535 0.654472 0.440255 0.652222 0.435853 0.651894 0.431182 0.653039 0.427082 0.655996 0.424156 0.660335 0.423054 0.666104 0.424447
0 0.789816 0.505103 0.790814 0.510175 0.790208 0.514040 0.788600 0.516922 0.784661 0.518808 0.778056 0.519474 0.774386 0.517194 0.772137 0.512792 0.771808 0.508120 0.772954 0.504020 0.775910 0.501095 0.780249 0.499992 0.786019 0.501386
0 0.706874 0.523682 0.707873 0.528754 0.707267 0.532619 0.705658 0.535501 0.701719 0.537388 0.695114 0.538053 0.691445 0.535772 0.689195 0.531370 0.688866 0.526699 0.690012 0.522599 0.692969 0.519673 0.697308 0.518571 0.703077 0.519965
0 0.808878 0.573549 0.809876 0.578621 0.809271 0.582487 0.807662 0.585368 0.803723 0.587255 0.797118 0.587920 0.793449 0.585640 0.791199 0.581238 0.790870 0.576566 0.792016 0.572467 0.794973 0.569541 0.799311 0.568439 0.805081 0.569832
0 0.778546 0.605712 0.779545 0.610784 0.778938 0.614649 0.777330 0.617531 0.773391 0.619418 0.766786 0.620083 0.763117 0.617803 0.760867 0.613401 0.760538 0.608730 0.761684 0.604629 0.764641 0.601704 0.768979 0.600601 0.774749 0.601995
0 0.727397 0.605197 0.728395 0.610270 0.727789 0.614135 0.726181 0.617016 0.722241 0.618903 0.715636 0.619568 0.711968 0.617288 0.709718 0.612886 0.709389 0.608215 0.710534 0.604115 0.713492 0.601189 0.717830 0.600087 0.723600 0.601481
0 0.643060 0.661163 0.644058 0.666235 0.643452 0.670101 0.641844 0.672982 0.637904 0.674869 0.631299 0.675534 0.627630 0.673254 0.625381 0.668852 0.625052 0.664181 0.626197 0.660081 0.629154 0.657155 0.633493 0.656053 0.639262 0.657446
0 0.649171 0.641017 0.650170 0.646090 0.649564 0.649955 0.647955 0.652836 0.644016 0.654723 0.637411 0.655388 0.633742 0.653108 0.631492 0.648706 0.631163 0.644035 0.632309 0.639935 0.635266 0.637009 0.639605 0.635907 0.645374 0.637301
0 0.584135 0.712420 0.585133 0.717492 0.584527 0.721357 0.582919 0.724239 0.578980 0.726126 0.572375 0.726790 0.568706 0.724511 0.566456 0.720109 0.566127 0.715437 0.567273 0.711337 0.570230 0.708412 0.574568 0.707309 0.580338 0.708703
0 0.606251 0.695093 0.607250 0.700166 0.606644 0.704031 0.605036 0.706912 0.601096 0.708799 0.594491 0.709464 0.590823 0.707184 0.588573 0.702782 0.588244 0.698110 0.589389 0.694011 0.592347 0.691085 0.596685 0.689983 0.602454 0.691376
0 0.627503 0.704253 0.628502 0.709325 0.627895 0.713190 0.626287 0.716072 0.622348 0.717958 0.615743 0.718623 0.612074 0.716344 0.609824 0.711942 0.609496 0.707270 0.610641 0.703170 0.613598 0.700245 0.617937 0.699142 0.623706 0.700536
0 0.649132 0.708631 0.650130 0.713703 0.649525 0.717569 0.647916 0.720450 0.643977 0.722337 0.637372 0.723002 0.633703 0.720722 0.631453 0.716320 0.631124 0.711648 0.632270 0.707549 0.635227 0.704623 0.639565 0.703521 0.645335 0.704914
0 0.665803 0.696346 0.666802 0.701418 0.666195 0.705283 0.664587 0.708165 0.660648 0.710051 0.654043 0.710717 0.650374 0.708437 0.648124 0.704035 0.647795 0.699363 0.648941 0.695264 0.651898 0.692338 0.656236 0.691235 0.662006 0.692629
0 0.616024 0.726267 0.617023 0.731339 0.616416 0.735205 0.614808 0.738086 0.610869 0.739973 0.604264 0.740638 0.600595 0.738358 0.598346 0.733956 0.598017 0.729285 0.599162 0.725185 0.602119 0.722259 0.606457 0.721157 0.612227 0.722550
0 0.718197 0.692758 0.719195 0.697831 0.718589 0.701696 0.716981 0.704577 0.713041 0.706464 0.706436 0.707129 0.702767 0.704849 0.700518 0.700447 0.700189 0.695776 0.701334 0.691676 0.704292 0.688750 0.708630 0.687648 0.714399 0.689042
0 0.824526 0.672312 0.825525 0.677385 0.824919 0.681250 0.823311 0.684131 0.819372 0.686018 0.812766 0.686683 0.809098 0.684403 0.806848 0.680001 0.806519 0.675330 0.807665 0.671230 0.810622 0.668304 0.814960 0.667202 0.820729 0.668596
0 0.785803 0.666175 0.786802 0.671247 0.786196 0.675112 0.784587 0.677994 0.780648 0.679880 0.774043 0.680546 0.770374 0.678266 0.768125 0.673864 0.767796 0.669192 0.768941 0.665093 0.771898 0.662167 0.776237 0.661064 0.782006 0.662458
0 0.831653 0.603980 0.832651 0.609052 0.832045 0.612917 0.830437 0.615798 0.826497 0.617685 0.819893 0.618351 0.816224 0.616070 0.813974 0.611668 0.813645 0.606997 0.814791 0.602897 0.817748 0.599971 0.822086 0.598869 0.827856 0.600262
0 0.885869 0.617437 0.886867 0.622510 0.886261 0.626375 0.884653 0.629256 0.880713 0.631143 0.874108 0.631808 0.870439 0.629528 0.868190 0.625127 0.867861 0.620455 0.869007 0.616355 0.871964 0.613429 0.876302 0.612327 0.882071 0.613721
0 0.894998 0.648092 0.895997 0.653164 0.895390 0.657029 0.893782 0.659911 0.889843 0.661797 0.883238 0.662463 0.879568 0.660183 0.877319 0.655780 0.876990 0.651109 0.878136 0.647009 0.881092 0.644083 0.885431 0.642981 0.891201 0.644375
0 0.921729 0.685228 0.922728 0.690300 0.922121 0.694166 0.920513 0.697047 0.916574 0.698934 0.909969 0.699599 0.906300 0.697319 0.904050 0.692917 0.903722 0.688246 0.904867 0.684146 0.907824 0.681220 0.912162 0.680118 0.917932 0.681511
0 0.950537 0.665599 0.951535 0.670671 0.950929 0.674537 0.949321 0.677418 0.945382 0.679305 0.938777 0.679970 0.935108 0.677690 0.932858 0.673288 0.932529 0.668617 0.933675 0.664517 0.936632 0.661591 0.940970 0.660489 0.946740 0.661883
0 0.971441 0.554317 0.972439 0.559389 0.971833 0.563255 0.970225 0.566136 0.966285 0.568023 0.959680 0.568688 0.956011 0.566408 0.953762 0.562006 0.953433 0.557335 0.954579 0.553235 0.957535 0.550309 0.961874 0.549207 0.967643 0.550600
0 0.952203 0.588157 0.953202 0.593230 0.952595 0.597095 0.950987 0.599976 0.947048 0.601863 0.940443 0.602528 0.936774 0.600248 0.934525 0.595846 0.934196 0.591174 0.935341 0.587075 0.938298 0.584149 0.942637 0.583047 0.948406 0.584440
0 0.927128 0.587200 0.928127 0.592272 0.927521 0.596138 0.925913 0.599019 0.921973 0.600906 0.915368 0.601571 0.911699 0.599291 0.909449 0.594889 0.909121 0.590217 0.910266 0.586118 0.913223 0.583192 0.917562 0.582090 0.923331 0.583483
0 0.998397 0.626853 0.998397 0.631925 0.998397 0.635791 0.998397 0.638672 0.998397 0.640559 0.998397 0.641224 0.998397 0.638944 0.996174 0.634542 0.995845 0.629870 0.996991 0.625771 0.998397 0.622845 0.998397 0.621743 0.998397 0.623136
0 0.830834 0.565703 0.831832 0.570775 0.831225 0.574640 0.829618 0.577522 0.825678 0.579409 0.819073 0.580074 0.815404 0.577794 0.813155 0.573392 0.812826 0.568720 0.813971 0.564620 0.816928 0.561695 0.821267 0.560592 0.827036 0.561986
0 0.772252 0.529086 0.773250 0.534158 0.772644 0.538024 0.771036 0.540905 0.767096 0.542791 0.760492 0.543457 0.756823 0.541177 0.754573 0.536775 0.754244 0.532103 0.755390 0.528004 0.758347 0.525078 0.762685 0.523976 0.768455 0.525369
0 0.892547 0.154747 0.893545 0.159819 0.892939 0.163684 0.891331 0.166566 0.887391 0.168452 0.880786 0.169118 0.877117 0.166838 0.874868 0.162436 0.874539 0.157764 0.875685 0.153664 0.878641 0.150739 0.882980 0.149636 0.888749 0.151030
0 0.344337 0.291086 0.345335 0.296158 0.344729 0.300024 0.343121 0.302905 0.339181 0.304792 0.332576 0.305457 0.328907 0.303177 0.326658 0.298775 0.326329 0.294104 0.327474 0.290004 0.330431 0.287078 0.334770 0.285976 0.340539 0.287370
0 0.793564 0.227717 0.797050 0.228610 0.799782 0.231536 0.800636 0.235491 0.799596 0.239225 0.795287 0.241965 0.790008 0.241889 0.788027 0.239608 0.786948 0.235166 0.787500 0.231356 0.789909 0.228378
0 0.807221 0.198639 0.810708 0.199532 0.813439 0.202458 0.814293 0.206413 0.813253 0.210147 0.808944 0.212887 0.803665 0.212811 0.801684 0.210530 0.800605 0.206088 0.801158 0.202278 0.803566 0.199300
0 0.586898 0.295161 0.587897 0.300233 0.587290 0.304099 0.585682 0.306980 0.581743 0.308867 0.575138 0.309532 0.571469 0.307252 0.569219 0.302850 0.568891 0.298178 0.570036 0.294079 0.572993 0.291153 0.577331 0.290051 0.583101 0.291444
0 0.621657 0.224583 0.625144 0.225476 0.627875 0.228402 0.628730 0.232357 0.627689 0.236091 0.623380 0.238831 0.618102 0.238756 0.616120 0.236475 0.615041 0.232032 0.615594 0.228222 0.618002 0.225244
0 0.421523 0.324280 0.422522 0.329352 0.421916 0.333217 0.420307 0.336099 0.416368 0.337986 0.409763 0.338651 0.406094 0.336371 0.403845 0.331968 0.403515 0.327297 0.404661 0.323197 0.407618 0.320272 0.411957 0.319169 0.417726 0.320563
0 0.468858 0.445882 0.469857 0.450954 0.469250 0.454819 0.467642 0.457700 0.463703 0.459587 0.457098 0.460252 0.453429 0.457972 0.451179 0.453571 0.450850 0.448899 0.451996 0.444799 0.454953 0.441873 0.459291 0.440771 0.465061 0.442165
0 0.512665 0.503939 0.513663 0.509012 0.513057 0.512877 0.511449 0.515758 0.507509 0.517645 0.500904 0.518310 0.497235 0.516030 0.494986 0.511628 0.494657 0.506957 0.495802 0.502857 0.498759 0.499931 0.503098 0.498829 0.508867 0.500223
0 0.544338 0.542409 0.545337 0.547481 0.544730 0.551347 0.543122 0.554228 0.539183 0.556115 0.532578 0.556780 0.528909 0.554500 0.526659 0.550098 0.526331 0.545427 0.527476 0.541327 0.530433 0.538401 0.534771 0.537299 0.540541 0.538692
0 0.583250 0.552538 0.584248 0.557610 0.583642 0.561475 0.582034 0.564357 0.578095 0.566243 0.571490 0.566908 0.567821 0.564628 0.565571 0.560227 0.565242 0.555555 0.566388 0.551455 0.569345 0.548529 0.573683 0.547427 0.579453 0.548820
0 0.567846 0.593990 0.568844 0.599063 0.568238 0.602928 0.566630 0.605810 0.562690 0.607696 0.556085 0.608361 0.552416 0.606082 0.550167 0.601680 0.549838 0.597008 0.550983 0.592908 0.553940 0.589983 0.558279 0.588880 0.564048 0.590274
0 0.562627 0.652803 0.563626 0.657875 0.563020 0.661740 0.561411 0.664622 0.557472 0.666508 0.550867 0.667174 0.547198 0.664894 0.544949 0.660491 0.544620 0.655820 0.545765 0.651720 0.548722 0.648795 0.553061 0.647692 0.558830 0.649086
0 0.658835 0.738436 0.659834 0.743508 0.659227 0.747373 0.657619 0.750255 0.653680 0.752141 0.647075 0.752806 0.643406 0.750527 0.641156 0.746125 0.640828 0.741453 0.641973 0.737354 0.644930 0.734428 0.649269 0.733325 0.655038 0.734719
0 0.697124 0.656953 0.698123 0.662025 0.697516 0.665890 0.695908 0.668772 0.691968 0.670658 0.685363 0.671324 0.681694 0.669044 0.679445 0.664642 0.679116 0.659970 0.680262 0.655870 0.683218 0.652945 0.687557 0.651842 0.693326 0.653236
0 0.621728 0.750983 0.622726 0.756055 0.622120 0.759921 0.620512 0.762802 0.616573 0.764688 0.609968 0.765354 0.606299 0.763074 0.604049 0.758672 0.603720 0.754000 0.604866 0.749901 0.607823 0.746975 0.612161 0.745872 0.617931 0.747266
0 0.599207 0.754699 0.600205 0.759771 0.599598 0.763637 0.597991 0.766518 0.593965 0.767891 0.587432 0.768987 0.583777 0.766790 0.581528 0.762388 0.581199 0.757717 0.582344 0.753617 0.585301 0.750691 0.589640 0.749589 0.595409 0.750983
0 0.455539 0.609354 0.456537 0.614426 0.455931 0.618291 0.454323 0.621172 0.450297 0.622545 0.443765 0.623641 0.440110 0.621444 0.437860 0.617042 0.437531 0.612371 0.438677 0.608271 0.441634 0.605345 0.445972 0.604243 0.451742 0.605637
0 0.354041 0.777494 0.355040 0.782566 0.354433 0.786431 0.352825 0.789313 0.348800 0.790686 0.342267 0.791782 0.338612 0.789585 0.336363 0.785183 0.336034 0.780511 0.337179 0.776411 0.340136 0.773486 0.344474 0.772383 0.350244 0.773777
0 0.331800 0.773506 0.332798 0.778578 0.332192 0.782443 0.330584 0.785325 0.326558 0.786697 0.320026 0.787793 0.316371 0.785596 0.314121 0.781194 0.313792 0.776523 0.314938 0.772423 0.317895 0.769497 0.322233 0.768395 0.328002 0.769788
0 0.338876 0.699337 0.339874 0.704409 0.339268 0.708274 0.337660 0.711156 0.333634 0.712529 0.327102 0.713624 0.323447 0.711428 0.321197 0.707025 0.320868 0.702354 0.322014 0.698254 0.324971 0.695328 0.329309 0.694226 0.335079 0.695620
0 0.376221 0.674345 0.377220 0.679416 0.376613 0.683282 0.375005 0.686163 0.370980 0.687536 0.364447 0.688632 0.360792 0.686435 0.358543 0.682033 0.358214 0.677362 0.359359 0.673262 0.362316 0.670336 0.366655 0.669234 0.372424 0.670627
0 0.236983 0.658532 0.237981 0.663604 0.237375 0.667469 0.235767 0.670351 0.231741 0.671724 0.225208 0.672819 0.221553 0.670622 0.219304 0.666220 0.218975 0.661549 0.220120 0.657449 0.223078 0.654523 0.227416 0.653421 0.233185 0.654815
0 0.153695 0.699108 0.154898 0.701962 0.154365 0.705264 0.151888 0.707337 0.149612 0.708289 0.146286 0.708225 0.143502 0.705221 0.143263 0.701790 0.144151 0.699051 0.147736 0.697258 0.150878 0.697456
0 0.254020 0.652543 0.255225 0.655398 0.254691 0.658700 0.252214 0.660772 0.249938 0.661724 0.246612 0.661660 0.243828 0.658656 0.243589 0.655226 0.244477 0.652486 0.248062 0.650693 0.251204 0.650891
0 0.232349 0.613472 0.233553 0.616327 0.233019 0.619628 0.230543 0.621702 0.228267 0.622653 0.224940 0.622590 0.222156 0.619586 0.221918 0.616155 0.222805 0.613415 0.226390 0.611623 0.229533 0.611821
0 0.143739 0.655046 0.144943 0.657901 0.144409 0.661202 0.141933 0.663275 0.139657 0.664226 0.136330 0.664163 0.133546 0.661159 0.133307 0.657728 0.134195 0.654989 0.137780 0.653196 0.140923 0.653394
0 0.133870 0.646840 0.135075 0.649694 0.134540 0.652996 0.132064 0.655068 0.129788 0.656020 0.126462 0.655957 0.123678 0.652952 0.123439 0.649522 0.124326 0.646782 0.127912 0.644989 0.131054 0.645187
0 0.145622 0.641630 0.146826 0.644484 0.146292 0.647786 0.143816 0.649859 0.141540 0.650811 0.138213 0.650747 0.135430 0.647743 0.135190 0.644312 0.136078 0.641573 0.139664 0.639780 0.142806 0.639978
0 0.115185 0.760109 0.116389 0.762964 0.115855 0.766266 0.113379 0.768339 0.111103 0.769290 0.107776 0.769227 0.104992 0.766222 0.104754 0.762792 0.105641 0.760052 0.109227 0.758259 0.112369 0.758458
0 0.119991 0.746405 0.121195 0.749260 0.120661 0.752562 0.118184 0.754634 0.115909 0.755586 0.112582 0.755522 0.109798 0.752518 0.109559 0.749087 0.110447 0.746348 0.114033 0.744555 0.117174 0.744753
0 0.139762 0.813681 0.140966 0.816536 0.140432 0.819838 0.137956 0.821911 0.135680 0.822862 0.132353 0.822799 0.129569 0.819795 0.129330 0.816364 0.130218 0.813625 0.133803 0.811832 0.136946 0.812030
0 0.318910 0.795156 0.320114 0.798011 0.319579 0.801312 0.317104 0.803385 0.314828 0.804337 0.311501 0.804273 0.308717 0.801269 0.308478 0.797838 0.309366 0.795099 0.312951 0.793306 0.316093 0.793504
0 0.377200 0.782691 0.378404 0.785546 0.377870 0.788848 0.375394 0.790921 0.373118 0.791872 0.369791 0.791809 0.367007 0.788805 0.366769 0.785374 0.367657 0.782635 0.371242 0.780842 0.374384 0.781040
0 0.429731 0.762223 0.430935 0.765078 0.430401 0.768379 0.427925 0.770452 0.425649 0.771404 0.422323 0.771340 0.419539 0.768336 0.419300 0.764906 0.420187 0.762166 0.423773 0.760373 0.426915 0.760571
0 0.464227 0.700067 0.465431 0.702922 0.464897 0.706224 0.462421 0.708297 0.460145 0.709248 0.456818 0.709185 0.454035 0.706181 0.453796 0.702750 0.454684 0.700011 0.458269 0.698218 0.461411 0.698416
0 0.484473 0.707647 0.485678 0.710502 0.485143 0.713804 0.482667 0.715877 0.480392 0.716828 0.477064 0.716765 0.474281 0.713761 0.474042 0.710330 0.474930 0.707591 0.478515 0.705798 0.481657 0.705996
0 0.593870 0.734082 0.595075 0.736936 0.594541 0.740238 0.592064 0.742311 0.589789 0.743262 0.586462 0.743199 0.583678 0.740195 0.583439 0.736764 0.584327 0.734025 0.587912 0.732232 0.591055 0.732430
0 0.755773 0.680223 0.756978 0.683078 0.756443 0.686379 0.753967 0.688452 0.751692 0.689404 0.748364 0.689340 0.745581 0.686336 0.745342 0.682905 0.746230 0.680166 0.749815 0.678373 0.752957 0.678571
0 0.739924 0.666810 0.741129 0.669664 0.740594 0.672966 0.738118 0.675039 0.735843 0.675991 0.732516 0.675927 0.729732 0.672923 0.729493 0.669492 0.730381 0.666753 0.733966 0.664960 0.737108 0.665158
0 0.942272 0.685379 0.943476 0.688234 0.942942 0.691535 0.940466 0.693608 0.938190 0.694560 0.934863 0.694496 0.932079 0.691492 0.931841 0.688062 0.932728 0.685322 0.936313 0.683529 0.939456 0.683728
0 0.946266 0.643797 0.947470 0.646652 0.946936 0.649953 0.944459 0.652026 0.942183 0.652977 0.938857 0.652914 0.936073 0.649910 0.935834 0.646479 0.936722 0.643740 0.940307 0.641947 0.943449 0.642145
0 0.906481 0.574092 0.907685 0.576947 0.907151 0.580248 0.904675 0.582321 0.902399 0.583273 0.899072 0.583210 0.896288 0.580205 0.896049 0.576775 0.896937 0.574035 0.900523 0.572242 0.903665 0.572440
0 0.991998 0.511658 0.993202 0.514512 0.992668 0.517814 0.990192 0.519887 0.987916 0.520838 0.984590 0.520775 0.981806 0.517771 0.981567 0.514340 0.982455 0.511601 0.986040 0.509808 0.989182 0.510006
0 0.965716 0.492819 0.966920 0.495673 0.966386 0.498975 0.963910 0.501048 0.961634 0.501999 0.958307 0.501936 0.955523 0.498932 0.955284 0.495501 0.956172 0.492762 0.959757 0.490969 0.962900 0.491167
0 0.751760 0.544921 0.752964 0.547776 0.752430 0.551078 0.749954 0.553151 0.747678 0.554102 0.744352 0.554039 0.741567 0.551035 0.741329 0.547604 0.742216 0.544865 0.745802 0.543072 0.748944 0.543270
0 0.774178 0.488932 0.775382 0.491786 0.774848 0.495088 0.772372 0.497161 0.770096 0.498113 0.766770 0.498049 0.763985 0.495045 0.763747 0.491614 0.764634 0.488875 0.768220 0.487082 0.771362 0.487280
0 0.724840 0.442910 0.726045 0.445765 0.725510 0.449067 0.723034 0.451140 0.720759 0.452091 0.717431 0.452028 0.714648 0.449024 0.714409 0.445593 0.715297 0.442854 0.718882 0.441061 0.722024 0.441259
0 0.607303 0.428952 0.608508 0.431807 0.607973 0.435109 0.605497 0.437181 0.603222 0.438133 0.599895 0.438070 0.597111 0.435065 0.596872 0.431635 0.597760 0.428895 0.601345 0.427102 0.604487 0.427300
0 0.643924 0.376378 0.645128 0.379233 0.644594 0.382535 0.642118 0.384608 0.639842 0.385560 0.636516 0.385496 0.633732 0.382492 0.633493 0.379061 0.634381 0.376322 0.637966 0.374529 0.641108 0.374727
0 0.564015 0.376434 0.565219 0.379289 0.564685 0.382590 0.562209 0.384663 0.559933 0.385615 0.556606 0.385551 0.553822 0.382547 0.553584 0.379116 0.554471 0.376377 0.558056 0.374584 0.561198 0.374782
0 0.559142 0.475692 0.560346 0.478546 0.559812 0.481848 0.557336 0.483921 0.555060 0.484873 0.551733 0.484809 0.548950 0.481805 0.548711 0.478374 0.549599 0.475635 0.553184 0.473842 0.556326 0.474040
0 0.499878 0.472882 0.501082 0.475736 0.500548 0.479038 0.498072 0.481111 0.495796 0.482063 0.492469 0.481999 0.489685 0.478995 0.489447 0.475564 0.490334 0.472825 0.493919 0.471032 0.497062 0.471230
0 0.480054 0.550735 0.481258 0.553590 0.480724 0.556891 0.478248 0.558965 0.475972 0.559916 0.472646 0.559852 0.469862 0.556848 0.469623 0.553418 0.470510 0.550679 0.474096 0.548885 0.477238 0.549084
0 0.600851 0.507423 0.601849 0.512495 0.601243 0.516360 0.599635 0.519242 0.595696 0.521129 0.589091 0.521794 0.585422 0.519514 0.583172 0.515112 0.582843 0.510441 0.583989 0.506340 0.586946 0.503415 0.591284 0.502312 0.597054 0.503706
0 0.436456 0.511818 0.437660 0.514673 0.437125 0.517975 0.434649 0.520048 0.432374 0.520999 0.429047 0.520936 0.426263 0.517932 0.426024 0.514501 0.426912 0.511762 0.430497 0.509969 0.433639 0.510167
0 0.398148 0.527013 0.399353 0.529868 0.398819 0.533170 0.396343 0.535243 0.394067 0.536194 0.390740 0.536131 0.387956 0.533127 0.387717 0.529696 0.388605 0.526957 0.392190 0.525164 0.395333 0.525362
0 0.454907 0.541987 0.453620 0.544385 0.451193 0.545276 0.448233 0.545429 0.446634 0.544078 0.445947 0.541660 0.446607 0.539719 0.447838 0.538246 0.449446 0.537132 0.451854 0.536798 0.454389 0.537851 0.455019 0.540138
0 0.429235 0.641007 0.427948 0.643405 0.425521 0.644296 0.422561 0.644449 0.420962 0.643099 0.420275 0.640680 0.420935 0.638739 0.422166 0.637266 0.423774 0.636151 0.426182 0.635818 0.428717 0.636870 0.429347 0.639158
0 0.348405 0.608869 0.347118 0.611267 0.344691 0.612158 0.341731 0.612311 0.340132 0.610960 0.339445 0.608542 0.340105 0.606601 0.341336 0.605128 0.342944 0.604013 0.345352 0.603680 0.347887 0.604732 0.348517 0.607020
0 0.424092 0.755274 0.422804 0.757671 0.420377 0.758563 0.417418 0.758716 0.415819 0.757366 0.415132 0.754946 0.415791 0.753006 0.417023 0.751532 0.418631 0.750418 0.421039 0.750084 0.423574 0.751137 0.424204 0.753424
0 0.424260 0.725166 0.422972 0.727565 0.420545 0.728456 0.417586 0.728609 0.415987 0.727258 0.415300 0.724840 0.415960 0.722899 0.417190 0.721425 0.418799 0.720311 0.421207 0.719977 0.423741 0.721030 0.424372 0.723318
0 0.299617 0.786282 0.298330 0.788680 0.295902 0.789572 0.292943 0.789725 0.291344 0.788374 0.290656 0.785956 0.291317 0.784015 0.292548 0.782542 0.294156 0.781427 0.296564 0.781094 0.299099 0.782147 0.299729 0.784434
0 0.232926 0.756713 0.231639 0.759111 0.229212 0.760003 0.226252 0.760155 0.224653 0.758805 0.223966 0.756386 0.224626 0.754445 0.225857 0.752972 0.227465 0.751858 0.229873 0.751524 0.232408 0.752577 0.233038 0.754865
0 0.148514 0.809646 0.147227 0.812044 0.144800 0.812935 0.141841 0.813089 0.140241 0.811738 0.139554 0.809319 0.140214 0.807379 0.141445 0.805905 0.143053 0.804790 0.145461 0.804457 0.147996 0.805510 0.148627 0.807797
0 0.095464 0.750216 0.094177 0.752614 0.091750 0.753505 0.088791 0.753658 0.087191 0.752308 0.086504 0.749889 0.087164 0.747948 0.088395 0.746475 0.090003 0.745361 0.092411 0.745027 0.094946 0.746080 0.095576 0.748367
0 0.215083 0.519974 0.213796 0.522372 0.211369 0.523263 0.208410 0.523416 0.206811 0.522066 0.206123 0.519647 0.206783 0.517706 0.208014 0.516233 0.209623 0.515118 0.212031 0.514785 0.214566 0.515838 0.215196 0.518125
0 0.251650 0.424632 0.250363 0.427030 0.247935 0.427921 0.244977 0.428074 0.243377 0.426724 0.242690 0.424305 0.243350 0.422364 0.244581 0.420890 0.246189 0.419776 0.248597 0.419442 0.251132 0.420495 0.251762 0.422783
0 0.206931 0.298938 0.205643 0.301336 0.203216 0.302227 0.200257 0.302380 0.198658 0.301030 0.197971 0.298611 0.198631 0.296670 0.199862 0.295196 0.201470 0.294082 0.203878 0.293748 0.206412 0.294801 0.207043 0.297089
0 0.287662 0.325282 0.286374 0.327680 0.283947 0.328571 0.280988 0.328724 0.279389 0.327374 0.278702 0.324955 0.279362 0.323014 0.280593 0.321541 0.282201 0.320426 0.284609 0.320093 0.287144 0.321146 0.287774 0.323433
0 0.592776 0.330533 0.593980 0.333388 0.593446 0.336689 0.590970 0.338762 0.588694 0.339714 0.585367 0.339651 0.582583 0.336646 0.582344 0.333216 0.583232 0.330476 0.586817 0.328683 0.589960 0.328881
0 0.739914 0.597856 0.743401 0.598749 0.746132 0.601674 0.746987 0.605630 0.745946 0.609364 0.741637 0.612104 0.736359 0.612028 0.734377 0.609747 0.733298 0.605305 0.733851 0.601495 0.736259 0.598517
0 0.672844 0.565563 0.674048 0.568418 0.673514 0.571720 0.671038 0.573793 0.668763 0.574745 0.665435 0.574681 0.662652 0.571677 0.662413 0.568246 0.663301 0.565507 0.666886 0.563714 0.670028 0.563912
0 0.333075 0.547909 0.337401 0.548521 0.340887 0.552089 0.342129 0.556561 0.340935 0.560773 0.337876 0.563676 0.332517 0.565017 0.327772 0.563258 0.325122 0.560377 0.324314 0.555610 0.325975 0.551038 0.328916 0.548713
0 0.259590 0.547710 0.258302 0.550108 0.255875 0.550999 0.252916 0.551152 0.251316 0.549802 0.250629 0.547383 0.251289 0.545442 0.252521 0.543969 0.254129 0.542854 0.256536 0.542521 0.259071 0.543574 0.259702 0.545861
0 0.151610 0.348405 0.155936 0.349017 0.159421 0.352585 0.160664 0.357057 0.159470 0.361270 0.156411 0.364172 0.151052 0.365513 0.146307 0.363755 0.143656 0.360872 0.142848 0.356106 0.144510 0.351534 0.147450 0.349209
0 0.177076 0.296583 0.175789 0.298981 0.173362 0.299872 0.170402 0.300025 0.168803 0.298674 0.168116 0.296256 0.168776 0.294315 0.170007 0.292842 0.171615 0.291728 0.174023 0.291394 0.176558 0.292447 0.177188 0.294734
0 0.316108 0.444586 0.319594 0.445479 0.322325 0.448404 0.323180 0.452360 0.322139 0.456094 0.317830 0.458834 0.312552 0.458758 0.310570 0.456477 0.309491 0.452035 0.310044 0.448224 0.312452 0.445246
0 0.814453 0.714174 0.815451 0.719246 0.814844 0.723112 0.813236 0.725993 0.809297 0.727880 0.802692 0.728545 0.799023 0.726265 0.796774 0.721863 0.796445 0.717191 0.797590 0.713092 0.800547 0.710166 0.804886 0.709064 0.810655 0.710457
