0 0.629167 0.141667 0.626562 0.146296 0.626042 0.154630 0.627083 0.162037 0.629687 0.166667 0.634896 0.167593 0.639583 0.162037 0.640104 0.156481 0.638542 0.147222 0.635938 0.141667 0.632812 0.138889
0 0.618229 0.187963 0.615625 0.192593 0.614583 0.200000 0.616146 0.207407 0.618750 0.212963 0.623958 0.212963 0.628646 0.208333 0.629167 0.202778 0.628125 0.194444 0.625521 0.188889 0.621354 0.186111
0 0.675521 0.153704 0.672917 0.158333 0.671875 0.166667 0.673437 0.174074 0.676042 0.179630 0.681250 0.179630 0.685417 0.175000 0.685938 0.169444 0.685417 0.160185 0.682813 0.153704 0.679167 0.151852
0 0.667188 0.121296 0.664583 0.125926 0.663021 0.134259 0.664583 0.141667 0.667188 0.147222 0.672396 0.147222 0.677083 0.141667 0.677604 0.135185 0.676562 0.126852 0.673958 0.121296 0.670313 0.118519
0 0.553646 0.158333 0.551562 0.162963 0.550521 0.171296 0.551562 0.178704 0.554688 0.184259 0.559896 0.184259 0.564062 0.178704 0.565104 0.173148 0.564062 0.163889 0.561458 0.158333 0.557813 0.156481
0 0.661458 0.263889 0.659375 0.268519 0.658333 0.275926 0.659375 0.283333 0.662500 0.287963 0.667708 0.288889 0.671875 0.283333 0.672396 0.277778 0.671354 0.269444 0.668750 0.263889 0.665104 0.261111
0 0.717708 0.294444 0.715104 0.299074 0.714063 0.306481 0.715625 0.313889 0.718229 0.319444 0.723437 0.319444 0.727604 0.313889 0.728125 0.308333 0.727083 0.300000 0.724479 0.294444 0.720833 0.292593
0 0.657292 0.343519 0.654167 0.349074 0.653646 0.356481 0.654688 0.362963 0.657812 0.368519 0.662500 0.368519 0.667708 0.363889 0.668229 0.358333 0.666667 0.350000 0.664583 0.344444 0.660937 0.341667
0 0.593750 0.251852 0.591146 0.257407 0.590625 0.264815 0.591667 0.271296 0.594271 0.276852 0.599479 0.276852 0.604167 0.272222 0.604688 0.266667 0.603125 0.258333 0.601562 0.252778 0.597396 0.250000
0 0.509896 0.195370 0.507292 0.200926 0.506771 0.209259 0.507812 0.215741 0.510417 0.221296 0.515625 0.221296 0.520312 0.216667 0.520833 0.211111 0.519271 0.201852 0.516667 0.196296 0.513542 0.193519
0 0.707812 0.262963 0.705729 0.267593 0.704687 0.275000 0.705729 0.282407 0.708854 0.287963 0.714063 0.287963 0.718229 0.282407 0.719271 0.276852 0.718229 0.268519 0.715625 0.262963 0.711979 0.261111
0 0.464583 0.246296 0.462500 0.250926 0.461458 0.258333 0.463021 0.264815 0.465625 0.271296 0.470833 0.271296 0.475000 0.266667 0.475521 0.260185 0.474479 0.251852 0.471875 0.246296 0.468229 0.243519
0 0.485938 0.235185 0.483854 0.239815 0.482812 0.247222 0.483854 0.254630 0.486979 0.260185 0.492188 0.260185 0.496354 0.255556 0.496875 0.249074 0.495833 0.241667 0.493229 0.235185 0.489583 0.233333
0 0.482292 0.276852 0.479688 0.281481 0.479167 0.288889 0.480208 0.296296 0.483333 0.301852 0.488021 0.301852 0.492708 0.297222 0.493229 0.290741 0.491667 0.283333 0.489583 0.276852 0.485938 0.275000
0 0.501042 0.331481 0.497917 0.336111 0.497396 0.343519 0.498437 0.350926 0.502083 0.355556 0.506771 0.356481 0.511458 0.350926 0.511979 0.345370 0.510417 0.337037 0.508333 0.331481 0.504687 0.328704
0 0.617188 0.050000 0.615104 0.054630 0.614062 0.062963 0.615625 0.070370 0.618229 0.075926 0.623438 0.075926 0.627604 0.070370 0.628646 0.064815 0.627604 0.055556 0.625000 0.050000 0.621354 0.048148
0 0.596875 0.049074 0.594792 0.053704 0.593229 0.062037 0.594792 0.069444 0.597396 0.075926 0.603125 0.075000 0.607292 0.070370 0.607813 0.064815 0.606771 0.055556 0.604167 0.049074 0.600521 0.047222
0 0.698438 0.119444 0.695833 0.125000 0.694792 0.132407 0.695833 0.139815 0.698438 0.145370 0.704167 0.145370 0.708333 0.139815 0.708854 0.134259 0.707812 0.125926 0.705208 0.119444 0.701563 0.116667
0 0.719792 0.122222 0.717188 0.126852 0.716146 0.135185 0.717188 0.142593 0.719792 0.147222 0.725000 0.148148 0.730208 0.142593 0.730729 0.137037 0.729167 0.127778 0.726562 0.122222 0.723437 0.119444
0 0.755208 0.170370 0.752604 0.175000 0.752083 0.182407 0.753125 0.189815 0.755729 0.194444 0.760938 0.195370 0.765625 0.189815 0.766146 0.184259 0.765104 0.175926 0.762500 0.169444 0.759375 0.166667
0 0.786979 0.294444 0.783854 0.300926 0.782812 0.308333 0.784375 0.314815 0.786979 0.320370 0.792188 0.320370 0.796875 0.315741 0.797396 0.310185 0.796354 0.300926 0.793750 0.295370 0.790104 0.292593
0 0.736458 0.321296 0.733854 0.325926 0.733333 0.333333 0.734375 0.340741 0.737500 0.347222 0.742188 0.347222 0.747396 0.340741 0.747917 0.335185 0.746354 0.326852 0.744271 0.321296 0.740625 0.319444
0 0.757292 0.260185 0.754687 0.264815 0.754167 0.272222 0.755208 0.279630 0.758333 0.286111 0.763542 0.285185 0.767708 0.279630 0.768229 0.274074 0.766667 0.265741 0.764583 0.260185 0.760938 0.258333
0 0.779688 0.226852 0.777083 0.231481 0.776042 0.238889 0.777083 0.247222 0.779688 0.251852 0.785417 0.252778 0.790104 0.246296 0.790625 0.240741 0.789062 0.232407 0.786458 0.226852 0.783333 0.224074
0 0.808333 0.222222 0.805208 0.227778 0.804688 0.235185 0.805729 0.242593 0.808854 0.248148 0.813542 0.248148 0.818750 0.243519 0.819271 0.237037 0.817708 0.228704 0.815625 0.222222 0.811979 0.220370
0 0.888021 0.120370 0.884896 0.125000 0.883333 0.133333 0.884896 0.140741 0.887500 0.146296 0.893229 0.146296 0.897396 0.141667 0.898438 0.134259 0.897396 0.126852 0.894792 0.120370 0.891146 0.118519
0 0.855729 0.200926 0.852604 0.205556 0.851562 0.212963 0.853125 0.221296 0.855729 0.225926 0.860937 0.226852 0.865625 0.220370 0.866146 0.214815 0.865104 0.206481 0.862500 0.200926 0.858854 0.198148
0 0.906771 0.212963 0.903646 0.217593 0.902604 0.225926 0.904167 0.233333 0.906771 0.237963 0.911979 0.238889 0.917188 0.233333 0.917708 0.226852 0.916667 0.218519 0.914062 0.212963 0.909896 0.210185
0 0.922917 0.128704 0.920313 0.134259 0.918750 0.141667 0.920313 0.148148 0.922917 0.154630 0.928125 0.154630 0.932813 0.149074 0.933854 0.143519 0.932813 0.134259 0.930208 0.128704 0.926562 0.125926
0 0.941667 0.104630 0.938542 0.109259 0.936979 0.117593 0.938542 0.125000 0.941146 0.131481 0.946354 0.130556 0.952083 0.125926 0.952604 0.118519 0.951563 0.111111 0.948958 0.103704 0.944792 0.101852
0 0.797396 0.011111 0.794792 0.016667 0.793229 0.024074 0.794792 0.032407 0.797396 0.037037 0.802604 0.037963 0.807292 0.031481 0.807813 0.025926 0.807292 0.016667 0.804688 0.011111 0.801042 0.008333
0 0.897917 0.000000 0.903646 0.000000 0.976042 0.025926 0.973437 0.031481 0.971875 0.039815 0.972396 0.047222 0.975521 0.053704 0.981250 0.052778 0.986458 0.046296 0.986979 0.040741 0.986458 0.031481
0 0.984375 0.025000 0.980208 0.022222 0.692708 0.044444 0.690104 0.050926 0.688542 0.058333 0.690104 0.065741 0.692708 0.071296 0.697917 0.071296 0.702604 0.066667 0.703125 0.060185 0.702083 0.051852
0 0.699479 0.045370 0.695833 0.042593 0.634375 0.000000 0.631771 0.002778 0.631250 0.011111 0.632292 0.019444 0.635417 0.025000 0.640625 0.025000 0.644792 0.018519 0.645833 0.012963 0.644271 0.003704
0 0.642187 0.000000 0.522917 0.001852 0.522396 0.010185 0.523438 0.017593 0.526042 0.023148 0.531771 0.024074 0.536458 0.017593 0.536979 0.012037 0.535417 0.002778 0.502083 0.038889 0.498958 0.044444
0 0.497917 0.052778 0.499479 0.059259 0.502604 0.064815 0.507812 0.064815 0.511979 0.060185 0.512500 0.054630 0.511458 0.045370 0.508854 0.039815 0.505208 0.037037 0.497396 0.003704 0.494792 0.009259
0 0.494271 0.016667 0.495313 0.025000 0.498437 0.029630 0.503646 0.030556 0.508333 0.025000 0.508854 0.018519 0.507292 0.010185 0.505208 0.003704 0.501562 0.000926 0.443750 0.000000 0.442708 0.008333
0 0.444271 0.015741 0.447396 0.020370 0.452604 0.022222 0.457292 0.015741 0.457812 0.010185 0.456250 0.000926 0.547396 0.210185 0.544792 0.214815 0.543750 0.222222 0.545313 0.229630 0.547917 0.235185
0 0.553125 0.235185 0.557292 0.229630 0.557813 0.224074 0.556771 0.215741 0.554167 0.209259 0.550521 0.206481 0.528125 0.210185 0.525521 0.214815 0.525000 0.222222 0.526042 0.229630 0.528646 0.234259
0 0.533854 0.235185 0.538542 0.229630 0.539062 0.224074 0.537500 0.215741 0.534896 0.210185 0.531771 0.206481 0.426562 0.236111 0.423958 0.240741 0.423438 0.248148 0.424479 0.255556 0.427083 0.260185
0 0.432292 0.261111 0.436979 0.255556 0.437500 0.250000 0.435937 0.241667 0.433854 0.236111 0.430208 0.233333 0.466146 0.347222 0.463542 0.351852 0.463021 0.359259 0.464063 0.366667 0.467187 0.371296
0 0.471875 0.372222 0.476562 0.366667 0.477083 0.361111 0.475521 0.352778 0.473437 0.347222 0.469792 0.344444 0.503125 0.300000 0.500521 0.305556 0.499479 0.312963 0.501042 0.319444 0.504167 0.325000
0 0.508854 0.325000 0.513542 0.320370 0.514063 0.314815 0.512500 0.306481 0.510417 0.300926 0.506771 0.298148 0.413021 0.332407 0.410937 0.337963 0.409896 0.344444 0.410937 0.351852 0.414062 0.357407
0 0.419271 0.357407 0.423438 0.352778 0.423958 0.347222 0.422917 0.338889 0.420312 0.333333 0.416667 0.330556 0.393229 0.310185 0.390625 0.314815 0.389583 0.322222 0.391146 0.329630 0.393750 0.335185
0 0.398958 0.335185 0.403125 0.329630 0.403646 0.324074 0.402604 0.315741 0.400000 0.310185 0.396354 0.308333 0.319271 0.247222 0.316667 0.252778 0.315625 0.260185 0.317187 0.266667 0.319792 0.272222
0 0.325000 0.272222 0.330208 0.267593 0.330208 0.262037 0.328646 0.253704 0.326042 0.248148 0.322396 0.245370 0.335938 0.272222 0.333854 0.276852 0.332812 0.284259 0.333854 0.291667 0.336979 0.297222
0 0.342187 0.297222 0.346354 0.291667 0.346875 0.286111 0.345313 0.277778 0.343229 0.272222 0.339583 0.270370 0.388542 0.129630 0.385938 0.134259 0.385417 0.141667 0.386458 0.150000 0.389583 0.154630
0 0.394792 0.155556 0.399479 0.150000 0.399479 0.143519 0.397917 0.135185 0.395833 0.129630 0.392188 0.126852 0.403646 0.101852 0.401042 0.106481 0.400521 0.113889 0.401563 0.122222 0.404687 0.127778
0 0.409896 0.127778 0.414583 0.122222 0.415104 0.116667 0.413021 0.107407 0.410937 0.101852 0.407292 0.100000 0.371875 0.031481 0.369271 0.036111 0.368750 0.043519 0.369792 0.051852 0.372396 0.056481
0 0.377604 0.057407 0.382812 0.051852 0.382812 0.046296 0.381250 0.037037 0.378646 0.031481 0.375521 0.027778 0.351042 0.350926 0.348437 0.354630 0.347917 0.362037 0.348958 0.369444 0.351562 0.374074
0 0.356771 0.375000 0.361458 0.369444 0.361979 0.363889 0.360417 0.355556 0.357812 0.350000 0.354688 0.347222 0.381771 0.336111 0.379167 0.340741 0.378125 0.348148 0.379687 0.355556 0.382292 0.360185
0 0.387500 0.361111 0.391667 0.355556 0.392188 0.350000 0.391146 0.341667 0.388542 0.336111 0.384896 0.333333 0.364062 0.325000 0.361458 0.329630 0.360938 0.337037 0.361979 0.344444 0.364583 0.349074
0 0.369792 0.349074 0.374479 0.344444 0.375000 0.338889 0.373437 0.330556 0.371354 0.325000 0.367708 0.322222 0.412500 0.210185 0.409896 0.214815 0.408854 0.223148 0.410417 0.230556 0.413542 0.235185
0 0.418750 0.236111 0.423438 0.230556 0.423958 0.225000 0.422396 0.216667 0.419271 0.210185 0.415625 0.207407 0.407813 0.137037 0.405729 0.141667 0.404687 0.150000 0.406250 0.157407 0.408854 0.162963
0 0.414062 0.162963 0.418229 0.157407 0.418750 0.151852 0.417708 0.144444 0.415104 0.137037 0.411458 0.135185 0.392188 0.176852 0.389583 0.182407 0.388542 0.189815 0.390104 0.197222 0.392708 0.202778
0 0.397917 0.202778 0.402604 0.198148 0.403125 0.192593 0.401563 0.184259 0.398958 0.178704 0.395833 0.175000 0.427083 0.394444 0.424479 0.399074 0.423438 0.406481 0.425000 0.412963 0.427604 0.418519
0 0.432813 0.418519 0.437500 0.413889 0.438021 0.408333 0.436458 0.400000 0.433854 0.394444 0.430208 0.391667 0.386979 0.437037 0.384375 0.441667 0.383333 0.449074 0.384896 0.456481 0.387500 0.461111
0 0.392708 0.462037 0.396875 0.456481 0.397396 0.450926 0.396354 0.442593 0.393750 0.437037 0.390104 0.434259 0.525521 0.378704 0.522917 0.384259 0.521875 0.391667 0.523438 0.398148 0.526042 0.403704
0 0.531250 0.403704 0.535937 0.399074 0.536458 0.393519 0.534896 0.385185 0.532292 0.379630 0.529167 0.376852 0.533854 0.428704 0.531250 0.433333 0.530208 0.440741 0.531771 0.448148 0.534375 0.452778
0 0.539583 0.453704 0.543750 0.448148 0.544271 0.442593 0.543229 0.434259 0.540625 0.428704 0.536979 0.425926 0.470313 0.568519 0.467708 0.573148 0.467187 0.580556 0.468229 0.587963 0.471354 0.592593
0 0.476042 0.593518 0.480729 0.587963 0.481250 0.582407 0.479688 0.574074 0.477604 0.568519 0.473958 0.565741 0.398958 0.477778 0.396354 0.482407 0.395833 0.489815 0.396875 0.497222 0.400000 0.502778
0 0.404687 0.503704 0.409375 0.497222 0.409896 0.491667 0.408333 0.483333 0.406250 0.477778 0.402604 0.475000 0.559375 0.412963 0.556771 0.417593 0.555729 0.425000 0.557292 0.432407 0.559896 0.437037
0 0.565104 0.437963 0.569792 0.432407 0.570312 0.426852 0.568750 0.418519 0.566146 0.412963 0.562500 0.410185 0.373958 0.512037 0.371354 0.516667 0.370313 0.524074 0.371875 0.531482 0.374479 0.536111
0 0.379687 0.536111 0.383854 0.531482 0.384375 0.525926 0.383333 0.517593 0.380729 0.512037 0.377083 0.509259 0.327083 0.483333 0.324479 0.488889 0.323438 0.496296 0.325000 0.503704 0.327604 0.509259
0 0.332812 0.509259 0.336979 0.504630 0.337500 0.498148 0.336458 0.489815 0.333854 0.484259 0.330208 0.481481 0.291146 0.489815 0.288542 0.494444 0.288021 0.502778 0.289062 0.510185 0.292188 0.515741
0 0.296875 0.515741 0.301562 0.511111 0.302083 0.505556 0.300521 0.496296 0.298438 0.489815 0.294792 0.487963 0.262500 0.504630 0.259896 0.509259 0.258854 0.516667 0.260417 0.524074 0.263021 0.528704
0 0.268229 0.529630 0.272396 0.524074 0.272917 0.518519 0.271875 0.510185 0.269271 0.504630 0.265625 0.501852 0.233333 0.515741 0.230729 0.520370 0.230208 0.527778 0.231250 0.535185 0.234375 0.539815
0 0.239063 0.540741 0.243750 0.535185 0.244271 0.529630 0.242708 0.521296 0.240625 0.515741 0.236979 0.512963 0.242708 0.354630 0.240625 0.360185 0.239583 0.367593 0.240625 0.375000 0.244271 0.379630
0 0.249479 0.380556 0.253646 0.375000 0.254167 0.369444 0.253125 0.361111 0.250521 0.355556 0.246354 0.351852 0.211979 0.341667 0.209375 0.346296 0.208333 0.353704 0.209896 0.361111 0.212500 0.366667
0 0.218229 0.366667 0.222396 0.362037 0.222917 0.356481 0.221875 0.348148 0.218750 0.341667 0.215104 0.339815 0.222917 0.283333 0.219792 0.288889 0.219271 0.297222 0.220833 0.303704 0.223438 0.309259
0 0.228646 0.309259 0.233333 0.304630 0.233854 0.299074 0.232292 0.290741 0.229687 0.284259 0.226042 0.281481 0.239063 0.281481 0.236458 0.287037 0.235938 0.294444 0.236979 0.301852 0.240104 0.306481
0 0.245312 0.306481 0.250000 0.301852 0.250521 0.296296 0.248958 0.287963 0.245833 0.282407 0.242708 0.278704 0.255729 0.138889 0.253646 0.143519 0.253125 0.150926 0.254687 0.158333 0.257292 0.164815
0 0.262500 0.164815 0.267188 0.160185 0.267188 0.153704 0.266146 0.145370 0.263542 0.138889 0.259375 0.137037 0.282292 0.075000 0.279687 0.079630 0.278646 0.087037 0.280208 0.095370 0.282813 0.100000
0 0.288542 0.100926 0.293229 0.095370 0.293750 0.089815 0.291667 0.080556 0.289062 0.075000 0.285417 0.072222 0.359375 0.151852 0.356771 0.157407 0.355729 0.164815 0.357292 0.172222 0.359896 0.177778
0 0.365104 0.177778 0.369792 0.174074 0.370313 0.167593 0.368750 0.159259 0.366146 0.151852 0.363021 0.150000 0.205729 0.123148 0.203125 0.127778 0.202604 0.135185 0.204167 0.143519 0.207292 0.148148
0 0.211979 0.149074 0.216667 0.143519 0.217187 0.137963 0.215625 0.128704 0.213021 0.123148 0.209375 0.120370 0.143750 0.427778 0.140625 0.432407 0.140104 0.439815 0.141667 0.447222 0.144792 0.451852
0 0.149479 0.452778 0.154167 0.447222 0.154687 0.441667 0.153125 0.433333 0.151042 0.427778 0.147396 0.425000 0.088021 0.404630 0.085417 0.409259 0.084896 0.416667 0.085938 0.424074 0.089062 0.429630
0 0.094271 0.429630 0.098958 0.425000 0.099479 0.419444 0.097917 0.411111 0.095312 0.404630 0.092188 0.402778 0.075000 0.506481 0.071875 0.511111 0.071354 0.518519 0.072396 0.525926 0.075521 0.530556
0 0.080729 0.531482 0.085938 0.525926 0.086458 0.520370 0.084896 0.512037 0.082292 0.506481 0.078646 0.503704 0.054688 0.567593 0.052083 0.572222 0.051042 0.579630 0.052604 0.587037 0.055208 0.591667
0 0.060938 0.591667 0.065104 0.587037 0.065625 0.581481 0.064583 0.573148 0.061979 0.567593 0.058333 0.564815 0.041667 0.540741 0.039062 0.545370 0.038021 0.553704 0.039583 0.561111 0.042188 0.566667
0 0.047917 0.566667 0.052083 0.561111 0.052604 0.554630 0.051562 0.546296 0.048958 0.540741 0.045313 0.537963 0.071875 0.541667 0.069271 0.546296 0.068229 0.553704 0.069792 0.562037 0.072396 0.566667
0 0.078125 0.567593 0.082813 0.561111 0.083333 0.555556 0.081771 0.547222 0.079167 0.541667 0.075521 0.538889 0.101042 0.570370 0.098438 0.575926 0.097396 0.583333 0.098958 0.590741 0.101562 0.595370
0 0.107292 0.596296 0.111458 0.590741 0.111979 0.585185 0.110937 0.576852 0.108333 0.570370 0.104687 0.567593 0.045833 0.612963 0.043229 0.617593 0.042188 0.625000 0.043229 0.632407 0.046354 0.637037
0 0.052083 0.637963 0.056771 0.632407 0.057292 0.626852 0.056250 0.618519 0.053646 0.612963 0.049479 0.610185 0.104687 0.470370 0.102083 0.475000 0.101562 0.482407 0.102604 0.489815 0.105729 0.495370
0 0.110937 0.495370 0.115625 0.489815 0.116146 0.484259 0.114583 0.475926 0.112500 0.470370 0.108333 0.468519 0.017708 0.361111 0.015104 0.365741 0.014583 0.374074 0.015625 0.381481 0.018229 0.386111
0 0.023958 0.387037 0.029167 0.381481 0.029687 0.375926 0.027604 0.367593 0.025000 0.361111 0.021354 0.358333 0.001042 0.368519 0.001563 0.394444 0.007292 0.394444 0.011979 0.388889 0.012500 0.383333
0 0.010937 0.375000 0.008333 0.368519 0.004167 0.366667 0.116146 0.337963 0.113542 0.343519 0.112500 0.350926 0.114583 0.357407 0.117188 0.363889 0.122396 0.363889 0.127083 0.359259 0.127604 0.353704
0 0.126042 0.344444 0.123438 0.338889 0.119792 0.336111 0.069792 0.247222 0.067188 0.251852 0.066146 0.259259 0.068229 0.266667 0.070833 0.272222 0.076563 0.273148 0.081250 0.267593 0.081771 0.262037
0 0.080208 0.252778 0.077083 0.247222 0.073437 0.244444 0.082813 0.220370 0.079687 0.226852 0.080208 0.232407 0.081250 0.240741 0.084375 0.246296 0.089583 0.246296 0.094792 0.241667 0.094792 0.236111
0 0.093229 0.227778 0.090104 0.221296 0.086979 0.218519 0.134375 0.537963 0.131771 0.543519 0.130729 0.550000 0.132292 0.557407 0.134896 0.562963 0.140104 0.562963 0.145313 0.558333 0.145833 0.552778
0 0.144271 0.544444 0.141667 0.538889 0.137500 0.536111 0.056771 0.720370 0.054167 0.725926 0.053125 0.733333 0.054167 0.740741 0.057292 0.745370 0.063021 0.745370 0.067188 0.740741 0.068229 0.735185
0 0.067188 0.725926 0.064583 0.720370 0.060417 0.717593 0.112500 0.718518 0.109375 0.723148 0.108333 0.731481 0.109896 0.738889 0.112500 0.743519 0.117708 0.744444 0.122917 0.738889 0.123438 0.732407
0 0.121875 0.724074 0.119271 0.718518 0.116146 0.715741 0.176563 0.720370 0.173958 0.725000 0.173438 0.733333 0.173958 0.740741 0.177083 0.746296 0.182292 0.746296 0.186979 0.741667 0.187500 0.735185
0 0.185937 0.726852 0.184375 0.720370 0.180208 0.718518 0.091667 0.741667 0.089062 0.748148 0.088021 0.754630 0.089583 0.762037 0.092188 0.767593 0.097396 0.767593 0.102083 0.762963 0.102604 0.757407
0 0.102083 0.748148 0.099479 0.742593 0.095312 0.739815 0.041146 0.688889 0.038542 0.693519 0.037500 0.700926 0.038542 0.708333 0.041667 0.712963 0.047396 0.713889 0.052083 0.708333 0.052604 0.702778
0 0.051042 0.694444 0.048958 0.688889 0.045313 0.686111 0.223438 0.675926 0.220833 0.680556 0.219792 0.687963 0.221354 0.695370 0.223958 0.700926 0.229167 0.700926 0.233854 0.696296 0.234375 0.689815
0 0.232812 0.682407 0.230208 0.675926 0.226562 0.674074 0.282292 0.769444 0.279687 0.774074 0.278125 0.781482 0.279687 0.789815 0.282292 0.794444 0.287500 0.795370 0.292708 0.789815 0.293229 0.783333
0 0.291667 0.775000 0.289062 0.769444 0.285417 0.766667 0.323958 0.803704 0.321875 0.808333 0.320833 0.815741 0.322396 0.823148 0.325000 0.827778 0.330208 0.828704 0.334375 0.823148 0.334896 0.817593
0 0.334375 0.809259 0.331771 0.802778 0.328125 0.800000 0.373958 0.779630 0.371354 0.784259 0.370833 0.791667 0.371875 0.799074 0.375000 0.804630 0.380208 0.804630 0.384375 0.800000 0.384896 0.794444
0 0.383333 0.786111 0.381250 0.780556 0.377604 0.777778 0.173958 0.929630 0.170833 0.935185 0.169792 0.942593 0.170833 0.950926 0.173438 0.955556 0.178646 0.956481 0.183854 0.950000 0.184896 0.944444
0 0.183333 0.935185 0.180729 0.929630 0.177604 0.926852 0.167187 0.830556 0.164062 0.835185 0.163542 0.843518 0.164583 0.850926 0.167708 0.856481 0.172917 0.856481 0.177604 0.850926 0.178125 0.844444
0 0.176563 0.836111 0.174479 0.830556 0.170833 0.828704 0.100521 0.981481 0.097917 0.986111 0.096354 0.994444 0.111979 0.996296 0.110937 0.987037 0.108333 0.980556 0.104687 0.977778 0.330729 0.988889
0 0.328125 0.993519 0.340104 0.994444 0.337500 0.987963 0.333854 0.985185 0.266146 0.981481 0.263542 0.987037 0.262500 0.995370 0.277083 0.996296 0.276042 0.987963 0.273958 0.981481 0.270312 0.978704
0 0.277604 0.949074 0.275000 0.953704 0.274479 0.962037 0.275000 0.969444 0.278125 0.975926 0.283333 0.975926 0.288021 0.969444 0.289062 0.963889 0.287500 0.954630 0.285417 0.949074 0.281771 0.947222
0 0.397396 0.910185 0.394792 0.914815 0.393229 0.922222 0.394792 0.930556 0.397396 0.935185 0.402604 0.935185 0.407292 0.930556 0.407813 0.924074 0.406771 0.915741 0.404167 0.910185 0.400521 0.907407
0 0.417188 0.863889 0.414583 0.868519 0.413542 0.875926 0.415104 0.883333 0.417708 0.888889 0.422917 0.888889 0.427083 0.883333 0.427604 0.877778 0.426562 0.869444 0.423958 0.863889 0.420312 0.861111
0 0.421354 0.910185 0.418750 0.914815 0.418229 0.922222 0.419271 0.930556 0.422396 0.936111 0.427083 0.935185 0.431771 0.931481 0.432813 0.925000 0.431250 0.916667 0.429167 0.910185 0.425521 0.907407
0 0.464063 0.885185 0.461458 0.890741 0.460938 0.898148 0.461979 0.905556 0.465104 0.910185 0.469792 0.910185 0.474479 0.905556 0.475000 0.900000 0.473437 0.891667 0.471354 0.885185 0.467708 0.882407
0 0.452083 0.839815 0.449479 0.844444 0.448438 0.851852 0.450000 0.859259 0.452604 0.864815 0.457812 0.864815 0.461979 0.859259 0.462500 0.853704 0.461458 0.845370 0.458854 0.839815 0.455208 0.837037
0 0.434896 0.835185 0.432292 0.839815 0.431250 0.847222 0.432813 0.854630 0.435417 0.859259 0.440104 0.859259 0.444792 0.854630 0.445833 0.849074 0.444792 0.840741 0.442187 0.835185 0.438021 0.832407
0 0.446875 0.935185 0.444271 0.939815 0.443229 0.948148 0.444792 0.955556 0.447396 0.960185 0.452604 0.959259 0.456771 0.955556 0.457292 0.950000 0.456250 0.940741 0.453646 0.935185 0.450000 0.932407
0 0.458854 0.779630 0.456250 0.784259 0.455729 0.792593 0.456771 0.800000 0.459896 0.805556 0.464583 0.804630 0.469271 0.800926 0.469792 0.794444 0.468229 0.786111 0.466146 0.779630 0.462500 0.777778
0 0.498958 0.794444 0.496875 0.799074 0.495833 0.806481 0.497396 0.813889 0.500521 0.819444 0.505208 0.818519 0.509896 0.814815 0.510417 0.809259 0.509375 0.800926 0.506771 0.794444 0.503125 0.791667
0 0.538021 0.820370 0.535417 0.825000 0.534896 0.833333 0.535937 0.840741 0.539062 0.845370 0.543750 0.845370 0.548437 0.840741 0.548958 0.835185 0.547396 0.825926 0.545313 0.820370 0.541667 0.817593
0 0.539062 0.755556 0.536458 0.761111 0.535417 0.768519 0.536979 0.775000 0.539583 0.780556 0.544792 0.779630 0.548958 0.775926 0.549479 0.770370 0.548437 0.762037 0.545833 0.756481 0.542188 0.753704
0 0.491146 0.750000 0.488542 0.754630 0.487500 0.762037 0.489062 0.769444 0.491667 0.774074 0.496875 0.774074 0.502083 0.769444 0.502604 0.763889 0.501042 0.755556 0.497917 0.750000 0.494792 0.747222
0 0.399479 0.662037 0.396875 0.666667 0.396354 0.674074 0.397396 0.681481 0.400521 0.687037 0.405208 0.686111 0.409896 0.682407 0.410417 0.676852 0.408854 0.668519 0.406771 0.662963 0.403125 0.660185
0 0.641146 0.640741 0.638542 0.645370 0.638021 0.652778 0.639063 0.660185 0.641667 0.664815 0.646875 0.664815 0.652083 0.660185 0.652083 0.654630 0.650521 0.646296 0.647917 0.640741 0.644792 0.637963
0 0.496875 0.987963 0.494271 0.992593 0.506771 0.995370 0.504687 0.987963 0.501042 0.986111 0.661979 0.856481 0.659375 0.862037 0.658333 0.869444 0.660417 0.876852 0.663021 0.882407 0.667708 0.881481
0 0.672396 0.877778 0.672917 0.872222 0.671875 0.862963 0.668750 0.857407 0.665104 0.854630 0.603125 0.748148 0.600521 0.752778 0.599479 0.760185 0.601042 0.767593 0.603646 0.773148 0.608854 0.772222
0 0.613542 0.768519 0.614062 0.762037 0.612500 0.754630 0.609896 0.748148 0.606771 0.746296 0.678646 0.664815 0.676042 0.669444 0.675521 0.676852 0.676562 0.684259 0.679688 0.690741 0.684375 0.689815
0 0.689062 0.686111 0.689583 0.678704 0.688021 0.671296 0.685938 0.664815 0.682292 0.662963 0.636458 0.674074 0.634375 0.678704 0.633333 0.686111 0.635417 0.693519 0.638021 0.699074 0.642708 0.698148
0 0.647396 0.693519 0.647917 0.687963 0.646875 0.679630 0.644271 0.674074 0.640104 0.672222 0.630208 0.612963 0.627604 0.617593 0.626562 0.625000 0.628125 0.632407 0.630729 0.637037 0.635938 0.637037
0 0.640625 0.632407 0.641146 0.626852 0.639583 0.618519 0.636979 0.612963 0.633854 0.610185 0.553125 0.575000 0.551042 0.579630 0.550000 0.587037 0.551042 0.594444 0.554167 0.600000 0.558854 0.599074
0 0.563542 0.594444 0.564062 0.588889 0.563021 0.580556 0.560417 0.575000 0.556771 0.572222 0.684896 0.712037 0.682292 0.716667 0.681771 0.724074 0.682813 0.731481 0.685938 0.737037 0.690625 0.736111
0 0.695312 0.731481 0.695833 0.725926 0.694271 0.717593 0.692187 0.712037 0.688542 0.710185 0.437500 0.634259 0.435417 0.638889 0.434375 0.646296 0.435417 0.653704 0.438542 0.658333 0.443229 0.658333
0 0.447917 0.653704 0.448438 0.648148 0.447396 0.639815 0.444792 0.634259 0.441146 0.631481 0.716146 0.760185 0.713542 0.764815 0.713021 0.772222 0.714063 0.779630 0.717708 0.785185 0.722396 0.785185
0 0.727083 0.780556 0.727604 0.774074 0.726042 0.765741 0.723437 0.760185 0.719792 0.757407 0.733854 0.757407 0.731250 0.762037 0.730208 0.769444 0.731771 0.776852 0.734375 0.782407 0.739583 0.782407
0 0.744271 0.777778 0.744792 0.772222 0.743229 0.762963 0.740625 0.757407 0.737500 0.754630 0.715625 0.836111 0.713021 0.840741 0.711979 0.848148 0.713542 0.856481 0.716146 0.861111 0.721875 0.860185
0 0.726562 0.856481 0.727083 0.850926 0.725000 0.841667 0.722396 0.836111 0.718750 0.833333 0.703646 0.812037 0.701042 0.817593 0.700000 0.825000 0.701563 0.832407 0.704167 0.837963 0.709375 0.837037
0 0.714583 0.833333 0.714063 0.827778 0.713021 0.818519 0.710417 0.812963 0.706771 0.810185 0.697396 0.878704 0.694792 0.884259 0.693750 0.891667 0.695833 0.899074 0.698438 0.904630 0.703125 0.904630
0 0.707812 0.900000 0.708333 0.893519 0.707292 0.885185 0.704167 0.879630 0.700521 0.875926 0.659896 0.896296 0.657292 0.900926 0.656250 0.908333 0.657812 0.916667 0.660937 0.921296 0.665625 0.920370
0 0.670313 0.916667 0.670833 0.911111 0.669271 0.901852 0.666667 0.896296 0.663021 0.893519 0.730729 0.675000 0.728125 0.679630 0.727604 0.687037 0.728646 0.694444 0.732292 0.699074 0.736979 0.698148
0 0.741667 0.694444 0.742188 0.688889 0.740625 0.680556 0.738021 0.675000 0.734375 0.672222 0.728646 0.567593 0.726042 0.572222 0.725521 0.579630 0.726562 0.587037 0.729688 0.592593 0.734896 0.590741
0 0.739583 0.587037 0.740104 0.581481 0.738542 0.573148 0.735937 0.567593 0.732292 0.564815 0.739583 0.720370 0.736979 0.725926 0.735937 0.734259 0.737500 0.740741 0.740625 0.746296 0.745833 0.746296
0 0.750521 0.741667 0.751042 0.736111 0.749479 0.727778 0.746354 0.721296 0.743229 0.718518 0.782812 0.740741 0.780208 0.745370 0.779167 0.753704 0.781250 0.761111 0.783854 0.766667 0.789062 0.766667
0 0.793229 0.761111 0.793750 0.755556 0.792708 0.747222 0.790104 0.740741 0.785937 0.737963 0.798437 0.721296 0.795833 0.725926 0.794792 0.733333 0.796354 0.740741 0.798958 0.746296 0.804167 0.746296
0 0.808854 0.741667 0.808854 0.735185 0.807813 0.726852 0.805208 0.721296 0.801562 0.718518 0.790625 0.587963 0.788021 0.592593 0.787500 0.600000 0.788542 0.607407 0.792188 0.612963 0.797396 0.612963
0 0.801562 0.607407 0.802083 0.602778 0.800521 0.594444 0.798437 0.587963 0.794271 0.586111 0.750000 0.601852 0.747396 0.606481 0.746354 0.613889 0.747917 0.621296 0.750521 0.626852 0.755729 0.626852
0 0.760417 0.621296 0.760417 0.615741 0.759375 0.608333 0.756771 0.601852 0.753125 0.600000 0.781771 0.561111 0.779167 0.565741 0.778125 0.573148 0.779688 0.580556 0.782292 0.586111 0.787500 0.586111
0 0.792188 0.580556 0.792708 0.575000 0.791146 0.567593 0.788542 0.561111 0.784896 0.559259 0.876042 0.683333 0.872917 0.688889 0.872917 0.695370 0.873958 0.703704 0.877083 0.709259 0.882812 0.709259
0 0.886979 0.703704 0.887500 0.699074 0.885417 0.690741 0.883333 0.684259 0.879687 0.681481 0.834375 0.678704 0.831771 0.683333 0.831250 0.690741 0.832292 0.698148 0.835417 0.703704 0.841146 0.703704
0 0.845312 0.698148 0.845833 0.692593 0.843750 0.685185 0.841667 0.678704 0.838021 0.676852 0.977083 0.540741 0.975000 0.546296 0.973958 0.553704 0.975000 0.561111 0.978125 0.566667 0.983854 0.566667
0 0.988542 0.561111 0.989062 0.556481 0.987500 0.548148 0.984896 0.541667 0.980729 0.538889 0.964063 0.474074 0.961979 0.478704 0.960938 0.486111 0.961979 0.493519 0.965104 0.498148 0.970833 0.498148
0 0.975521 0.493519 0.976042 0.487963 0.975000 0.479630 0.971875 0.474074 0.968229 0.471296 0.988021 0.432407 0.984896 0.437037 0.983854 0.444444 0.985417 0.451852 0.988021 0.458333 0.993750 0.458333
0 0.998438 0.451852 0.998958 0.447222 0.997917 0.438889 0.995313 0.432407 0.991146 0.430556 0.997917 0.317593 0.994792 0.322222 0.994271 0.329630 0.995313 0.337037 0.997917 0.341667 0.927604 0.267593
0 0.924479 0.272222 0.923437 0.279630 0.925000 0.287037 0.927604 0.291667 0.932813 0.291667 0.937500 0.287037 0.938021 0.281481 0.937500 0.272222 0.934896 0.266667 0.930729 0.263889 0.889583 0.457407
0 0.886979 0.462037 0.885938 0.469444 0.887500 0.476852 0.890104 0.482407 0.895833 0.482407 0.900000 0.476852 0.901042 0.472222 0.899479 0.463889 0.896875 0.457407 0.893229 0.455556 0.987500 0.188889
0 0.984896 0.194444 0.983333 0.201852 0.984375 0.210185 0.987500 0.214815 0.993229 0.214815 0.997917 0.209259 0.998958 0.203704 0.997396 0.195370 0.995313 0.188889 0.991667 0.186111 0.833333 0.582407
0 0.830729 0.587037 0.829687 0.594444 0.831250 0.602778 0.834375 0.608333 0.839583 0.607407 0.844271 0.602778 0.844271 0.598148 0.842708 0.588889 0.840625 0.582407 0.836979 0.580556 0.671354 0.694444
0 0.668750 0.700000 0.668229 0.706481 0.669271 0.713889 0.671875 0.719444 0.677083 0.719444 0.682292 0.713889 0.681771 0.709259 0.680208 0.700926 0.678125 0.695370 0.675000 0.692593 0.544271 0.491667
0 0.542188 0.497222 0.541146 0.505556 0.542188 0.512037 0.545313 0.517593 0.550521 0.517593 0.554688 0.512963 0.555208 0.507407 0.553646 0.498148 0.551562 0.492593 0.547917 0.489815 0.502604 0.487037
0 0.499479 0.491667 0.498437 0.499074 0.499479 0.508333 0.502604 0.511111 0.509375 0.504630 0.511979 0.499074 0.510938 0.491667 0.509375 0.486111 0.505729 0.484259 0.660417 0.392593 0.657812 0.397222
0 0.656771 0.404630 0.658333 0.412037 0.660937 0.416667 0.666146 0.416667 0.670833 0.412037 0.670833 0.406481 0.669271 0.398148 0.667188 0.392593 0.663542 0.389815 0.684375 0.306481 0.681771 0.311111
0 0.681250 0.319444 0.682292 0.326852 0.685417 0.331481 0.690625 0.331481 0.694792 0.326852 0.695312 0.321296 0.693229 0.312963 0.691667 0.306481 0.688021 0.303704 0.721875 0.162037 0.718750 0.167593
0 0.717188 0.175926 0.718229 0.186111 0.721354 0.191667 0.725521 0.193519 0.731250 0.190741 0.734375 0.182407 0.735417 0.175000 0.733333 0.166667 0.729688 0.160185 0.726042 0.159259 0.729167 0.067593
0 0.725521 0.074074 0.723958 0.083333 0.725000 0.092593 0.728125 0.098148 0.732292 0.100000 0.738021 0.097222 0.741146 0.088889 0.742708 0.081481 0.741146 0.072222 0.736979 0.065741 0.733333 0.064815
0 0.735417 0.000000 0.733333 0.008333 0.734896 0.016667 0.738021 0.023148 0.742188 0.025000 0.747917 0.021296 0.751042 0.013889 0.752083 0.005556 0.652083 0.232407 0.647917 0.237963 0.646875 0.247222
0 0.647917 0.255556 0.651042 0.261111 0.655208 0.262963 0.660417 0.260185 0.664062 0.252778 0.665104 0.245370 0.663021 0.236111 0.659375 0.230556 0.655729 0.229630 0.792708 0.121296 0.789583 0.125926
0 0.788021 0.136111 0.789062 0.144444 0.792188 0.150926 0.796354 0.152778 0.802083 0.149074 0.805208 0.140741 0.806250 0.134259 0.804688 0.125000 0.801042 0.118519 0.797396 0.117593 0.808854 0.179630
0 0.805729 0.185185 0.804167 0.195370 0.805208 0.203704 0.808333 0.209259 0.812500 0.211111 0.818229 0.208333 0.821354 0.200000 0.821875 0.192593 0.820833 0.184259 0.817187 0.178704 0.813021 0.176852
0 0.832292 0.186111 0.829167 0.191667 0.827083 0.200926 0.828646 0.210185 0.831771 0.215741 0.836458 0.217593 0.841667 0.214815 0.845312 0.206481 0.845833 0.199074 0.840104 0.186111 0.836979 0.184259
0 0.842708 0.241667 0.839583 0.248148 0.838021 0.256481 0.839063 0.265741 0.842188 0.271296 0.846875 0.273148 0.852083 0.270370 0.855208 0.262963 0.856771 0.255556 0.854688 0.246296 0.851042 0.239815
0 0.847396 0.238889 0.867708 0.108333 0.864062 0.112963 0.862500 0.123148 0.863021 0.131481 0.866667 0.137963 0.870833 0.139815 0.877083 0.136111 0.880208 0.128704 0.881250 0.121296 0.879687 0.112037
0 0.875521 0.105556 0.871875 0.105556 0.846354 0.003704 0.842708 0.010185 0.841146 0.020370 0.842188 0.029630 0.844792 0.035185 0.849479 0.037037 0.855208 0.034259 0.858854 0.025926 0.860417 0.017593
0 0.858333 0.008333 0.854688 0.002778 0.851042 0.000926 0.889583 0.019444 0.885938 0.025000 0.883854 0.035185 0.885417 0.043519 0.888542 0.050000 0.892708 0.051852 0.898438 0.048148 0.902083 0.039815
0 0.903125 0.031481 0.902083 0.023148 0.898438 0.016667 0.894271 0.015741 0.938542 0.027778 0.934896 0.034259 0.932292 0.044444 0.933854 0.053704 0.936979 0.059259 0.941146 0.061111 0.946875 0.058333
0 0.951042 0.050000 0.952083 0.041667 0.951042 0.032407 0.947396 0.025000 0.943229 0.025000 0.954687 0.052778 0.950521 0.058333 0.948958 0.068519 0.949479 0.076852 0.953125 0.083333 0.957292 0.085185
0 0.963542 0.081481 0.967188 0.073148 0.968229 0.064815 0.967188 0.055556 0.963021 0.050000 0.958854 0.049074 0.970312 0.000000 0.975521 0.000000 0.972917 0.112963 0.969271 0.118519 0.967188 0.127778
0 0.968229 0.137037 0.971354 0.142593 0.976042 0.144444 0.981771 0.141667 0.985417 0.133333 0.986458 0.125000 0.985417 0.116667 0.981771 0.110185 0.977604 0.110185 0.844792 0.160185 0.841146 0.165741
0 0.839583 0.175000 0.841146 0.183333 0.844271 0.190741 0.848437 0.192593 0.854167 0.187963 0.857813 0.180556 0.858333 0.174074 0.856771 0.163889 0.853125 0.158333 0.849479 0.157407 0.937500 0.170370
0 0.933854 0.176852 0.931771 0.186111 0.933333 0.194444 0.936458 0.200926 0.940625 0.202778 0.946354 0.199074 0.950000 0.191667 0.951042 0.183333 0.949479 0.175000 0.945833 0.168519 0.941667 0.167593
0 0.826042 0.069444 0.822917 0.075000 0.821354 0.084259 0.822396 0.093519 0.825521 0.100000 0.829687 0.101852 0.835417 0.098148 0.838542 0.090741 0.840104 0.082407 0.838021 0.074074 0.834375 0.066667
0 0.830729 0.065741 0.611979 0.104630 0.608333 0.109259 0.607292 0.118519 0.608854 0.127778 0.611979 0.133333 0.616146 0.135185 0.621354 0.132407 0.624479 0.125000 0.625521 0.116667 0.623958 0.108333
0 0.620313 0.102778 0.616146 0.101852 0.514583 0.270370 0.511458 0.275000 0.509896 0.284259 0.511458 0.292593 0.514583 0.299074 0.518750 0.300926 0.523958 0.297222 0.527083 0.290741 0.527604 0.283333
0 0.526042 0.274074 0.522396 0.268519 0.518750 0.267593 0.430729 0.157407 0.427604 0.162963 0.426562 0.173148 0.427604 0.181481 0.430729 0.187037 0.435417 0.188889 0.440625 0.186111 0.443750 0.178704
0 0.444792 0.171296 0.442708 0.162037 0.438542 0.156481 0.434896 0.154630 0.460417 0.152778 0.457292 0.157407 0.456250 0.166667 0.457292 0.175926 0.460417 0.181481 0.464583 0.183333 0.469792 0.180556
0 0.472917 0.173148 0.473958 0.164815 0.471875 0.156481 0.468229 0.150926 0.464583 0.150000 0.372917 0.166667 0.369271 0.172222 0.368229 0.180556 0.369271 0.190741 0.372917 0.196296 0.377083 0.198148
0 0.382292 0.195370 0.385417 0.187963 0.386458 0.180556 0.384375 0.171296 0.380208 0.164815 0.376563 0.163889 0.296354 0.167593 0.293229 0.173148 0.292188 0.182407 0.293229 0.191667 0.296875 0.197222
0 0.301042 0.199074 0.306250 0.196296 0.309375 0.188889 0.310417 0.181481 0.307813 0.173148 0.304167 0.165741 0.300521 0.164815 0.376042 0.298148 0.372917 0.303704 0.371875 0.312963 0.372917 0.321296
0 0.376042 0.326852 0.380208 0.328704 0.385417 0.325926 0.388542 0.318519 0.389583 0.311111 0.387500 0.302778 0.383854 0.296296 0.380208 0.295370 0.444271 0.310185 0.441146 0.314815 0.439583 0.324074
0 0.441146 0.332407 0.444271 0.338889 0.448438 0.340741 0.453646 0.337037 0.456771 0.330556 0.457292 0.323148 0.455729 0.313889 0.452083 0.308333 0.448438 0.307407 0.330208 0.150926 0.327083 0.156481
0 0.326042 0.166667 0.327083 0.175000 0.330208 0.180556 0.334375 0.182407 0.340104 0.179630 0.342708 0.172222 0.343750 0.164815 0.341667 0.155556 0.338021 0.150000 0.334375 0.149074 0.480208 0.385185
0 0.477083 0.390741 0.475521 0.400000 0.477083 0.408333 0.480208 0.413889 0.484375 0.415741 0.489583 0.412963 0.492708 0.405556 0.493229 0.398148 0.491667 0.389815 0.488021 0.384259 0.484375 0.382407
0 0.333333 0.412963 0.330208 0.417593 0.329167 0.426852 0.330208 0.435185 0.333333 0.440741 0.337500 0.442593 0.342708 0.439815 0.345833 0.432407 0.346875 0.425000 0.344792 0.416667 0.341146 0.411111
0 0.337500 0.410185 0.353646 0.445370 0.350000 0.450000 0.348958 0.459259 0.350000 0.467593 0.353125 0.474074 0.357292 0.475926 0.362500 0.472222 0.365625 0.464815 0.366667 0.458333 0.364583 0.449074
0 0.360938 0.443519 0.357292 0.442593 0.417188 0.504630 0.413542 0.510185 0.412500 0.519444 0.414062 0.527778 0.417188 0.533333 0.421354 0.535185 0.426562 0.532407 0.429688 0.525000 0.430208 0.517593
0 0.428646 0.509259 0.425000 0.502778 0.420833 0.501852 0.422917 0.572222 0.419271 0.577778 0.418229 0.587037 0.419271 0.595370 0.422917 0.600926 0.426562 0.602778 0.432292 0.600000 0.435417 0.592593
0 0.435937 0.585185 0.434375 0.576852 0.430208 0.571296 0.426562 0.569444 0.401563 0.599074 0.398438 0.603704 0.397396 0.612963 0.398438 0.622222 0.401563 0.627778 0.405729 0.629630 0.410937 0.626852
0 0.414062 0.619444 0.415104 0.612037 0.413021 0.603704 0.409375 0.597222 0.405729 0.596296 0.445833 0.603704 0.442708 0.608333 0.441667 0.617593 0.442708 0.625926 0.445833 0.631481 0.450000 0.633333
0 0.455208 0.630556 0.458333 0.623148 0.459375 0.616667 0.457292 0.607407 0.453646 0.601852 0.450000 0.600926 0.460417 0.632407 0.456771 0.637037 0.455729 0.646296 0.457292 0.654630 0.460417 0.660185
0 0.464583 0.662037 0.469792 0.659259 0.472917 0.651852 0.473437 0.644444 0.471875 0.636111 0.468229 0.630556 0.464063 0.629630 0.411458 0.636111 0.408333 0.641667 0.407292 0.650926 0.408333 0.659259
0 0.411458 0.664815 0.415625 0.666667 0.420833 0.663889 0.423958 0.656482 0.425000 0.649074 0.422917 0.640741 0.419271 0.635185 0.415625 0.634259 0.389583 0.693519 0.385938 0.699074 0.384896 0.707407
0 0.385938 0.717593 0.389062 0.723148 0.393229 0.725000 0.398438 0.722222 0.401563 0.713889 0.402604 0.706481 0.400521 0.698148 0.396875 0.691667 0.393229 0.690741 0.554688 0.627778 0.551042 0.633333
0 0.550000 0.642593 0.551562 0.650926 0.554688 0.656482 0.558854 0.658333 0.564062 0.655556 0.567187 0.648148 0.567708 0.640741 0.566146 0.632407 0.562500 0.625926 0.558854 0.625000 0.499479 0.455556
0 0.496354 0.461111 0.495313 0.470370 0.496354 0.478704 0.499479 0.484259 0.504167 0.486111 0.509375 0.483333 0.512500 0.475926 0.513542 0.468519 0.511458 0.460185 0.507812 0.454630 0.504167 0.452778
0 0.577083 0.370370 0.573958 0.375000 0.572396 0.384259 0.573958 0.392593 0.577083 0.398148 0.581250 0.400000 0.586458 0.397222 0.589583 0.389815 0.590104 0.383333 0.588542 0.374074 0.584896 0.368519
0 0.581250 0.367593 0.620833 0.353704 0.617708 0.358333 0.616667 0.367593 0.617708 0.375926 0.620833 0.381481 0.625000 0.383333 0.630208 0.380556 0.633333 0.373148 0.634375 0.365741 0.632292 0.357407
0 0.628646 0.351852 0.625000 0.350926 0.583854 0.300000 0.580208 0.305556 0.579167 0.313889 0.580208 0.323148 0.583333 0.328704 0.587500 0.330556 0.592708 0.327778 0.595833 0.320370
0 0.596875 0.312963 0.594792 0.304630 0.591146 0.298148 0.587500 0.297222 0.717708 0.378704 0.714063 0.384259 0.713021 0.393519 0.714583 0.401852 0.717708 0.407407 0.721875 0.409259 0.727083 0.406481
0 0.730729 0.399074 0.731250 0.391667 0.729688 0.383333 0.726042 0.377778 0.721875 0.376852 0.770833 0.427778 0.767708 0.433333 0.766667 0.442593 0.767708 0.450926 0.770833 0.456481 0.775000 0.458333
0 0.780729 0.455556 0.783854 0.448148 0.784896 0.440741 0.782812 0.432407 0.779167 0.425926 0.775521 0.425000 0.769792 0.328704 0.766146 0.333333 0.765104 0.342593 0.766146 0.350926 0.769792 0.356481 0.773438 0.358333
0 0.778646 0.355556 0.782292 0.348148 0.783333 0.340741 0.781771 0.332407 0.777604 0.326852 0.773958 0.325926 0.597396 0.199074 0.593750 0.204630 0.592708 0.212963 0.593750 0.223148 0.597396 0.228704 0.601042 0.230556
0 0.606771 0.227778 0.609896 0.219444 0.610417 0.212037 0.608854 0.203704 0.604688 0.197222 0.601042 0.196296 0.634896 0.356481 0.631250 0.362037 0.630208 0.370370 0.631771 0.379630 0.634896 0.385185 0.639063 0.387037
0 0.644271 0.384259 0.647396 0.376852 0.647917 0.369444 0.646354 0.361111 0.642708 0.354630 0.639063 0.353704 0.894792 0.312963 0.891667 0.319444 0.890104 0.328704 0.891146 0.337037 0.894271 0.342593 0.898958 0.344444
0 0.904167 0.341667 0.907812 0.334259 0.908854 0.326852 0.906771 0.317593 0.903125 0.311111 0.899479 0.310185 0.920313 0.300000 0.916146 0.304630 0.915104 0.313889 0.916667 0.322222 0.919792 0.327778 0.923437 0.329630
0 0.929688 0.326852 0.933333 0.319444 0.933854 0.312037 0.932292 0.303704 0.928125 0.297222 0.923958 0.296296 0.958333 0.307407 0.954687 0.312963 0.953646 0.323148 0.954687 0.331481 0.957812 0.337037 0.961979 0.338889
0 0.967708 0.336111 0.971354 0.328704 0.972396 0.320370 0.970312 0.312037 0.966667 0.306481 0.962500 0.304630 0.947396 0.252778 0.943229 0.258333 0.941667 0.267593 0.942708 0.275926 0.945833 0.282407 0.950521 0.284259
0 0.956250 0.280556 0.959375 0.273148 0.960938 0.265741 0.959375 0.256481 0.955208 0.250000 0.951042 0.249074 0.974479 0.255556 0.970833 0.260185 0.969271 0.270370 0.970312 0.278704 0.973958 0.284259 0.978125 0.286111
0 0.983854 0.283333 0.987500 0.275000 0.988021 0.268519 0.986979 0.259259 0.982813 0.253704 0.979167 0.252778 0.971875 0.378704 0.968229 0.384259 0.967188 0.392593 0.968750 0.401852 0.971875 0.408333 0.975521 0.410185
0 0.981771 0.406481 0.985417 0.399074 0.985417 0.391667 0.983854 0.383333 0.980208 0.376852 0.976042 0.375926 0.857813 0.478704 0.854167 0.483333 0.853125 0.492593 0.854688 0.501852 0.857813 0.507407 0.861979 0.509259
0 0.867708 0.506481 0.870833 0.498148 0.870833 0.491667 0.869271 0.483333 0.866146 0.476852 0.862500 0.475926 0.881250 0.424074 0.878125 0.428704 0.877083 0.437963 0.878125 0.446296 0.881250 0.451852 0.885417 0.453704
0 0.891146 0.450926 0.894271 0.443519 0.894792 0.437037 0.892708 0.427778 0.889583 0.421296 0.885417 0.420370 0.855729 0.404630 0.851562 0.410185 0.850521 0.419444 0.852083 0.427778 0.855208 0.434259 0.859896 0.435185
0 0.865104 0.432407 0.868229 0.425000 0.868229 0.418519 0.866667 0.409259 0.863542 0.402778 0.859375 0.401852 0.751042 0.217593 0.747917 0.223148 0.746354 0.233333 0.747396 0.241667 0.750521 0.247222 0.754687 0.249074
0 0.760417 0.246296 0.763542 0.238889 0.764063 0.231481 0.761979 0.222222 0.758854 0.216667 0.755208 0.215741 0.928125 0.380556 0.924479 0.386111 0.923437 0.395370 0.924479 0.403704 0.927604 0.410185 0.932292 0.412037
0 0.937500 0.408333 0.941146 0.400926 0.941667 0.394444 0.939583 0.385185 0.935938 0.378704 0.932292 0.377778 0.901042 0.652778 0.897396 0.658333 0.896354 0.666667 0.897396 0.675926 0.901042 0.682407 0.905208 0.684259
0 0.910417 0.681481 0.914062 0.674074 0.914062 0.665741 0.912500 0.657407 0.908333 0.650926 0.904688 0.650000 0.982292 0.634259 0.979167 0.638889 0.977604 0.648148 0.979167 0.656482 0.982813 0.662963 0.987500 0.665741
0 0.992708 0.662037 0.996354 0.654630 0.995833 0.647222 0.994271 0.638889 0.990625 0.632407 0.986979 0.631481 0.856771 0.600926 0.853125 0.606481 0.852083 0.614815 0.853646 0.624074 0.856771 0.629630 0.860937 0.631481
0 0.866667 0.628704 0.869792 0.621296 0.869792 0.613889 0.868229 0.605556 0.864583 0.599074 0.860417 0.598148 0.861458 0.711111 0.858854 0.716667 0.857813 0.723148 0.859896 0.730556 0.862500 0.736111 0.867708 0.735185
0 0.872396 0.730556 0.872396 0.725926 0.871354 0.717593 0.868750 0.712037 0.864583 0.709259 0.908854 0.387037 0.905729 0.392593 0.905208 0.399074 0.906250 0.406481 0.908854 0.412037 0.915104 0.412037 0.919271 0.406481
0 0.920313 0.401852 0.918750 0.393519 0.915625 0.387963 0.912500 0.385185 0.812500 0.578704 0.808854 0.583333 0.807813 0.592593 0.808854 0.600926 0.812500 0.606481 0.816667 0.608333 0.822396 0.605556 0.825521 0.598148
0 0.825521 0.591667 0.823958 0.583333 0.819792 0.576852 0.816146 0.575926 0.802083 0.682407 0.798958 0.687963 0.797917 0.698148 0.798958 0.706481 0.802604 0.712037 0.806771 0.713889 0.811979 0.711111 0.815104 0.703704
0 0.815625 0.696296 0.813542 0.687963 0.809896 0.681481 0.806250 0.679630 0.807292 0.537963 0.804167 0.542593 0.803125 0.551852 0.804167 0.561111 0.807292 0.566667 0.811458 0.568519 0.816667 0.565741 0.819792 0.558333
0 0.820312 0.550926 0.818229 0.542593 0.815104 0.536111 0.811458 0.535185 0.741146 0.641667 0.737500 0.646296 0.736458 0.655556 0.738021 0.665741 0.741146 0.671296 0.745833 0.673148 0.751042 0.670370 0.754167 0.662963
0 0.754167 0.655556 0.752604 0.646296 0.748958 0.639815 0.744792 0.638889 0.685938 0.780556 0.682292 0.786111 0.681250 0.795370 0.682813 0.804630 0.685938 0.810185 0.690104 0.812037 0.695312 0.809259 0.698438 0.801852
0 0.698438 0.794444 0.696875 0.785185 0.693750 0.778704 0.689583 0.777778 0.801562 0.465741 0.797917 0.470370 0.796875 0.479630 0.797917 0.487963 0.801042 0.494444 0.805729 0.496296 0.810938 0.492593 0.814062 0.485185
0 0.814583 0.478704 0.813021 0.470370 0.809375 0.463889 0.805729 0.462963 0.707292 0.567593 0.704167 0.572222 0.703125 0.581481 0.704167 0.589815 0.707292 0.596296 0.711458 0.598148 0.716667 0.594444 0.719792 0.587037
0 0.720312 0.580556 0.718229 0.572222 0.715104 0.565741 0.711458 0.564815 0.765625 0.762963 0.761979 0.767593 0.760938 0.776852 0.762500 0.785185 0.766146 0.790741 0.770312 0.792593 0.775521 0.789815 0.778646 0.782407
0 0.778646 0.775926 0.777083 0.767593 0.773438 0.761111 0.769792 0.760185 0.640625 0.826852 0.636979 0.832407 0.635938 0.840741 0.636979 0.850926 0.640625 0.856481 0.644792 0.858333 0.650000 0.855556 0.653125 0.848148
0 0.653646 0.839815 0.651563 0.831481 0.647917 0.825000 0.644271 0.824074 0.580208 0.708333 0.577083 0.712963 0.576042 0.722222 0.577083 0.731481 0.580208 0.737963 0.584375 0.739815 0.589583 0.736111 0.592708 0.729630
0 0.593229 0.721296 0.591146 0.712963 0.588021 0.706481 0.584375 0.705556 0.570312 0.677778 0.566667 0.682407 0.565625 0.691667 0.567187 0.700000 0.570312 0.705556 0.574479 0.707407 0.579687 0.704630 0.582812 0.697222
0 0.582812 0.690741 0.581250 0.682407 0.578125 0.675926 0.574479 0.675000 0.607292 0.665741 0.603646 0.671296 0.602604 0.680556 0.603646 0.688889 0.607292 0.694444 0.610937 0.696296 0.616667 0.693519 0.619792 0.686111
0 0.619792 0.679630 0.618229 0.670370 0.614583 0.664815 0.610937 0.662963 0.721354 0.455556 0.724479 0.473148 0.730208 0.480556 0.736979 0.480556 0.744271 0.475000 0.747917 0.466667 0.748958 0.456481 0.746354 0.444444
0 0.741146 0.437037 0.736458 0.434259 0.730208 0.434259 0.724479 0.443519 0.699479 0.525926 0.702083 0.544444 0.708333 0.551852 0.714583 0.551852 0.721875 0.545370 0.725000 0.537037 0.726042 0.527778 0.723437 0.514815
0 0.718229 0.507407 0.714063 0.504630 0.707812 0.505556 0.702083 0.514815 0.671354 0.546296 0.673958 0.564815 0.680208 0.572222 0.687500 0.572222 0.694271 0.566667 0.697396 0.557407 0.698438 0.548148 0.695833 0.535185
0 0.690625 0.527778 0.685938 0.525000 0.679688 0.525926 0.673958 0.535185 0.654167 0.453704 0.656771 0.471296 0.663021 0.478704 0.669271 0.478704 0.676042 0.473148 0.679688 0.463889 0.680729 0.454630 0.678125 0.441667
0 0.672917 0.434259 0.668750 0.431481 0.662500 0.432407 0.656771 0.441667 0.880729 0.263889 0.883333 0.282407 0.889583 0.289815 0.896354 0.289815 0.903646 0.283333 0.907292 0.275000 0.908854 0.264815 0.906250 0.251852
0 0.901042 0.244444 0.896875 0.241667 0.890104 0.241667 0.883854 0.252778 0.915104 0.644444 0.918229 0.662963 0.924479 0.671296 0.931250 0.671296 0.938542 0.664815 0.942187 0.656482 0.943229 0.645370 0.940104 0.633333
0 0.934375 0.625926 0.930208 0.623148 0.923437 0.624074 0.917708 0.633333 0.611979 0.719444 0.615625 0.737037 0.621354 0.744444 0.628125 0.744444 0.634896 0.738889 0.638542 0.729630 0.639583 0.720370 0.636979 0.707407
0 0.631771 0.699074 0.626562 0.696296 0.620313 0.697222 0.614583 0.706481 0.620313 0.882407 0.623958 0.900926 0.629687 0.908333 0.636458 0.908333 0.643750 0.902778 0.646875 0.893519 0.647917 0.883333 0.645312 0.870370
0 0.640104 0.862963 0.635938 0.860185 0.628646 0.860185 0.622917 0.869444 0.387500 0.751852 0.389583 0.767593 0.394792 0.774074 0.395833 0.775000 0.401042 0.774074 0.408333 0.768519 0.411979 0.759259 0.413021 0.750000
0 0.410417 0.737963 0.405208 0.729630 0.401042 0.726852 0.395833 0.729630 0.390104 0.737963 0.533333 0.720370 0.536458 0.739815 0.542188 0.747222 0.548958 0.747222 0.555729 0.740741 0.559375 0.732407 0.560417 0.722222
0 0.557813 0.709259 0.552604 0.701852 0.547917 0.699074 0.541667 0.700000 0.535937 0.709259 0.448438 0.412037 0.451042 0.429630 0.457292 0.437037 0.463542 0.437037 0.470313 0.431481 0.473958 0.422222 0.475000 0.412963
0 0.472396 0.400926 0.467187 0.392593 0.463021 0.389815 0.456771 0.390741 0.451042 0.400000 0.561979 0.241667 0.564583 0.260185 0.570833 0.267593 0.577083 0.267593 0.584375 0.261111 0.587500 0.252778 0.588542 0.242593
0 0.585938 0.230556 0.580729 0.223148 0.576563 0.220370 0.570312 0.221296 0.564583 0.230556 0.547396 0.300926 0.550000 0.318519 0.556250 0.325926 0.562500 0.325926 0.569271 0.320370 0.572917 0.312037 0.573958 0.301852
0 0.571354 0.289815 0.566146 0.282407 0.561979 0.279630 0.555729 0.279630 0.550000 0.289815 0.566146 0.442593 0.568750 0.460185 0.575000 0.467593 0.581250 0.467593 0.588542 0.462037 0.591667 0.452778 0.592708 0.443519
0 0.590104 0.431481 0.585417 0.423148 0.580729 0.420370 0.574479 0.421296 0.568750 0.430556 0.377083 0.967593 0.380208 0.987037 0.385938 0.994444 0.392708 0.994444 0.399479 0.988889 0.403646 0.979630 0.404687 0.968518
0 0.402083 0.955556 0.396875 0.948148 0.392708 0.944444 0.386458 0.945370 0.380208 0.954630 0.147396 0.527778 0.150521 0.545370 0.156250 0.552778 0.163542 0.552778 0.170312 0.547222 0.173958 0.538889 0.175521 0.528704
0 0.172396 0.516667 0.167187 0.509259 0.163021 0.506481 0.156250 0.506481 0.150000 0.515741 0.192708 0.490741 0.195312 0.509259 0.202083 0.517593 0.208333 0.516667 0.215625 0.511111 0.218750 0.502778 0.219792 0.491667
0 0.217187 0.479630 0.211979 0.472222 0.207813 0.469444 0.201562 0.470370 0.195312 0.479630 0.267708 0.453704 0.270312 0.472222 0.276563 0.479630 0.282813 0.479630 0.290104 0.473148 0.293229 0.464815 0.294271 0.455556
0 0.291667 0.442593 0.286458 0.435185 0.282292 0.432407 0.276042 0.433333 0.270312 0.442593 0.295833 0.419444 0.298438 0.437037 0.304688 0.445370 0.311979 0.444444 0.318750 0.438889 0.321875 0.430556 0.322917 0.420370
0 0.320312 0.408333 0.315104 0.400926 0.310417 0.398148 0.304167 0.399074 0.298438 0.408333 0.327604 0.329630 0.330208 0.347222 0.336458 0.354630 0.343229 0.354630 0.350521 0.349074 0.353646 0.340741 0.354688 0.330556
0 0.351562 0.318519 0.346354 0.311111 0.342187 0.308333 0.335938 0.308333 0.330208 0.318519 0.264062 0.405556 0.267188 0.424074 0.273438 0.431481 0.280208 0.430556 0.286979 0.425000 0.290104 0.416667 0.291146 0.406481
0 0.288542 0.394444 0.283854 0.387037 0.279167 0.384259 0.272396 0.385185 0.266667 0.394444 0.122917 0.202778 0.126563 0.222222 0.132812 0.230556 0.139583 0.229630 0.146354 0.224074 0.150000 0.214815 0.151042 0.204630
0 0.147917 0.192593 0.142708 0.184259 0.138021 0.181481 0.130729 0.182407 0.125000 0.191667 0.183854 0.191667 0.187500 0.210185 0.193229 0.217593 0.200521 0.217593 0.207292 0.212037 0.210938 0.203704 0.211979 0.193519
0 0.208854 0.180556 0.203646 0.173148 0.198437 0.170370 0.192188 0.170370 0.186458 0.180556 0.398438 0.270370 0.401042 0.288889 0.407292 0.296296 0.414062 0.296296 0.420833 0.290741 0.423958 0.282407 0.425000 0.271296
0 0.422396 0.259259 0.417708 0.251852 0.413021 0.249074 0.406771 0.250000 0.401042 0.259259 0.020312 0.422222 0.023958 0.439815 0.030208 0.447222 0.037500 0.447222 0.044271 0.441667 0.048437 0.433333 0.049479 0.423148
0 0.046354 0.411111 0.041146 0.403704 0.035937 0.400000 0.029167 0.400000 0.023438 0.410185 0.248437 0.101852 0.251563 0.121296 0.257292 0.128704 0.264062 0.128704 0.271354 0.122222 0.275000 0.113889 0.275521 0.103704
0 0.272917 0.090741 0.267188 0.082407 0.263021 0.079630 0.256250 0.080556 0.250521 0.089815 0.556771 0.134259 0.559375 0.152778 0.565625 0.160185 0.572396 0.160185 0.579167 0.154630 0.582292 0.146296 0.583333 0.135185
0 0.580729 0.123148 0.576042 0.115741 0.571354 0.112037 0.565104 0.112963 0.559375 0.123148 0.505208 0.160185 0.508333 0.178704 0.514063 0.186111 0.520833 0.186111 0.527604 0.180556 0.531250 0.172222 0.532292 0.161111
0 0.529688 0.149074 0.524479 0.141667 0.520312 0.138889 0.514063 0.138889 0.507812 0.149074 0.385417 0.000000 0.388021 0.018519 0.394792 0.025926 0.401563 0.026852 0.408333 0.020370 0.411458 0.010185 0.412500 0.000926
0 0.672917 0.005556 0.679167 0.012963 0.685938 0.012963 0.692708 0.007407 0.648958 0.024074 0.651563 0.042593 0.657812 0.050000 0.664583 0.050000 0.671354 0.044444 0.675000 0.035185 0.676562 0.024074 0.673958 0.011111
0 0.668750 0.003704 0.664583 0.000000 0.658333 0.000926 0.652083 0.011111 0.786979 0.356481 0.790104 0.374074 0.795833 0.383333 0.802604 0.381481 0.809375 0.375926 0.813021 0.367593 0.814583 0.357407 0.811458 0.345370
0 0.806771 0.337963 0.802083 0.335185 0.795313 0.336111 0.789583 0.345370 0.767187 0.705556 0.769792 0.725000 0.776563 0.732407 0.783333 0.732407 0.790104 0.725926 0.793229 0.717593 0.794271 0.708333 0.791667 0.694444
0 0.786458 0.687037 0.781771 0.684259 0.775521 0.685185 0.769792 0.694444 0.608333 0.540741 0.610937 0.558333 0.617188 0.565741 0.623958 0.565741 0.630729 0.560185 0.633854 0.550926 0.634896 0.541667 0.632292 0.528704
0 0.627604 0.521296 0.622917 0.518519 0.616667 0.519444 0.610937 0.528704 0.594271 0.390741 0.597396 0.408333 0.603125 0.415741 0.609896 0.415741 0.616667 0.410185 0.619792 0.400926 0.621354 0.391667 0.618229 0.379630
0 0.613542 0.372222 0.608854 0.368519 0.602604 0.369444 0.596875 0.378704 0.628125 0.323148 0.631250 0.340741 0.636979 0.349074 0.643750 0.348148 0.650521 0.342593 0.654688 0.334259 0.655729 0.324074 0.653125 0.312037
0 0.647917 0.304630 0.643229 0.301852 0.636979 0.302778 0.630729 0.312037 0.148958 0.900926 0.151562 0.919444 0.157292 0.927778 0.164583 0.926852 0.171875 0.921296 0.175521 0.912037 0.177083 0.900926 0.174479 0.888889
0 0.169792 0.880556 0.165104 0.877778 0.158333 0.878704 0.152083 0.888889 0.354688 0.742593 0.356771 0.756481 0.360938 0.769444 0.368750 0.775926 0.376042 0.771296 0.381771 0.766667 0.385938 0.753704 0.386979 0.741667
0 0.384375 0.729630 0.380729 0.720370 0.372396 0.717593 0.365625 0.718518 0.357292 0.730556 0.431250 0.500926 0.433333 0.514815 0.437500 0.527778 0.445312 0.533333 0.452604 0.529630 0.458333 0.525000 0.462500 0.512963
0 0.463542 0.499074 0.460938 0.487037 0.457292 0.477778 0.448958 0.475000 0.442187 0.475926 0.433854 0.487963 0.373958 0.112037 0.371354 0.116667 0.370833 0.125000 0.372396 0.132407 0.375521 0.137037 0.380208 0.137037
0 0.384896 0.132407 0.385417 0.126852 0.383854 0.117593 0.381771 0.112037 0.377604 0.109259 0.327083 0.100926 0.323438 0.105556 0.322917 0.115741 0.323958 0.124074 0.327604 0.129630 0.331250 0.131481
0 0.336458 0.128704 0.340104 0.121296 0.340625 0.113889 0.339063 0.104630 0.334896 0.099074 0.331250 0.098148 0.209375 0.260185 0.211458 0.269444 0.214062 0.275926 0.216667 0.278704 0.220833 0.277778
0 0.227604 0.273148 0.229167 0.265741 0.228646 0.256481 0.226562 0.248148 0.223438 0.241667 0.218750 0.239815 0.214583 0.242593 0.210417 0.250000 0.176042 0.349074 0.178125 0.358333 0.180729 0.363889
0 0.183333 0.366667 0.187500 0.366667 0.194271 0.361111 0.196354 0.353704 0.195312 0.344444 0.193229 0.337037 0.190104 0.330556 0.185937 0.328704 0.181250 0.331481 0.177083 0.338889 0.224479 0.333333
0 0.226562 0.342593 0.229167 0.348148 0.232292 0.351852 0.236458 0.350926 0.242188 0.345370 0.244271 0.338889 0.243750 0.329630 0.241667 0.321296 0.238542 0.315741 0.234896 0.313889 0.229687 0.315741
0 0.225521 0.324074 0.213542 0.425926 0.215104 0.435185 0.217708 0.440741 0.220833 0.443519 0.225000 0.442593 0.231250 0.437963 0.233333 0.430556 0.232812 0.421296 0.230208 0.412963 0.227083 0.407407
0 0.223438 0.405556 0.219271 0.408333 0.214583 0.415741 0.177604 0.439815 0.179167 0.449074 0.181771 0.454630 0.184375 0.458333 0.189063 0.457407 0.194792 0.451852 0.196875 0.445370 0.196354 0.436111 0.194271 0.427778
0 0.191146 0.422222 0.186979 0.420370 0.182812 0.422222 0.178125 0.430556 0.171875 0.241667 0.173958 0.250926 0.177083 0.256481 0.179688 0.259259 0.183854 0.258333 0.190104 0.253704 0.192188 0.246296 0.191667 0.237037
0 0.189063 0.228704 0.185937 0.222222 0.181771 0.220370 0.177604 0.223148 0.173438 0.230556 0.118229 0.251852 0.120312 0.261111 0.122917 0.267593 0.125521 0.271296 0.130729 0.270370 0.136458 0.264815 0.138542 0.258333
0 0.138021 0.248148 0.135417 0.239815 0.132292 0.234259 0.128125 0.232407 0.123438 0.233333 0.119271 0.242593 0.121354 0.387037 0.122917 0.395370 0.125521 0.401852 0.128646 0.404630 0.133333 0.403704 0.139062 0.399074
0 0.141146 0.391667 0.140625 0.382407 0.138542 0.374074 0.134896 0.368519 0.131250 0.366667 0.127083 0.369444 0.122917 0.376852 0.042188 0.327778 0.043750 0.337037 0.046875 0.342593 0.050000 0.346296 0.054688 0.345370
0 0.060417 0.339815 0.062500 0.333333 0.061979 0.324074 0.059896 0.315741 0.056250 0.310185 0.052083 0.307407 0.047917 0.309259 0.043229 0.318519 0.085417 0.315741 0.088021 0.325000 0.090104 0.331481 0.093229 0.334259
0 0.097917 0.334259 0.104167 0.328704 0.105729 0.321296 0.105729 0.311111 0.103125 0.303704 0.100000 0.298148 0.095833 0.296296 0.091146 0.298148 0.086979 0.305556 0.062500 0.437963 0.065104 0.448148 0.067188 0.453704
0 0.070312 0.457407 0.075000 0.456481 0.081250 0.450926 0.082813 0.443519 0.082813 0.433333 0.080729 0.425926 0.077083 0.420370 0.072917 0.418519 0.068750 0.420370 0.064062 0.428704 0.029687 0.359259 0.031771 0.369444
0 0.034375 0.375926 0.037500 0.378704 0.041667 0.377778 0.048437 0.373148 0.050521 0.365741 0.050000 0.356481 0.047396 0.347222 0.044271 0.341667 0.039583 0.339815 0.034896 0.342593 0.030729 0.350000 0.194792 0.293519
0 0.197396 0.302778 0.200000 0.309259 0.202604 0.312037 0.206771 0.311111 0.213542 0.306481 0.215104 0.298148 0.214583 0.288889 0.212500 0.280556 0.209375 0.275000 0.204688 0.273148 0.200521 0.275926 0.196354 0.283333
0 0.206771 0.540741 0.208854 0.550000 0.211458 0.555556 0.214062 0.559259 0.218229 0.558333 0.224479 0.552778 0.227083 0.546296 0.226562 0.537037 0.224479 0.528704 0.220833 0.523148 0.216667 0.521296 0.212500 0.523148
0 0.208333 0.531482 0.004167 0.333333 0.006250 0.343519 0.008854 0.349074 0.011979 0.352778 0.016667 0.351852 0.022917 0.346296 0.025000 0.338889 0.024479 0.329630 0.021875 0.321296 0.018750 0.315741 0.014583 0.313889
0 0.009375 0.315741 0.005208 0.324074 0.059896 0.219444 0.061458 0.229630 0.064583 0.235185 0.067708 0.237963 0.072396 0.238889 0.078125 0.232407 0.080208 0.225000 0.079687 0.215741 0.077083 0.207407 0.073958 0.201852
0 0.069271 0.199074 0.064583 0.201852 0.060417 0.209259 0.109896 0.656482 0.111458 0.665741 0.114063 0.671296 0.116667 0.675000 0.121354 0.674074 0.127604 0.668519 0.129688 0.661111 0.129688 0.651852 0.127604 0.643519
0 0.123958 0.637963 0.120312 0.636111 0.115625 0.637963 0.110937 0.647222 0.063021 0.685185 0.065104 0.694444 0.067188 0.700926 0.070312 0.704630 0.074479 0.703704 0.081250 0.697222 0.083333 0.689815 0.083333 0.680556
0 0.081250 0.673148 0.078125 0.667593 0.073958 0.665741 0.069271 0.667593 0.064583 0.675926 0.189583 0.579630 0.191146 0.588889 0.193750 0.594444 0.196354 0.598148 0.201042 0.597222 0.207292 0.591667 0.209375 0.584259
0 0.208854 0.575000 0.206771 0.567593 0.203646 0.562037 0.200000 0.560185 0.194792 0.562037 0.190625 0.570370 0.174479 0.613889 0.176563 0.623148 0.178646 0.628704 0.181771 0.632407 0.185937 0.631481 0.192708 0.625926
0 0.194271 0.619444 0.194271 0.609259 0.192188 0.600926 0.189063 0.595370 0.184896 0.593518 0.180208 0.595370 0.176042 0.603704 0.225521 0.728704 0.227083 0.737963 0.229687 0.743519 0.232292 0.746296 0.236458 0.746296
0 0.243229 0.740741 0.245312 0.733333 0.244792 0.724074 0.242708 0.715741 0.239583 0.710185 0.235417 0.708333 0.231250 0.710185 0.227083 0.718518 0.195312 0.824074 0.196875 0.833333 0.199479 0.839815 0.202083 0.843518
0 0.206771 0.842593 0.213021 0.836111 0.215104 0.828704 0.214583 0.819444 0.213021 0.811111 0.209896 0.805556 0.205208 0.803704 0.201042 0.805556 0.196875 0.814815 0.123438 0.855556 0.125000 0.865741 0.127083 0.871296
0 0.130729 0.875000 0.134896 0.874074 0.141667 0.867593 0.143750 0.861111 0.143750 0.851852 0.141667 0.842593 0.138542 0.837037 0.134375 0.835185 0.129688 0.837037 0.125521 0.846296 0.317708 0.555556 0.319271 0.564815
0 0.321875 0.570370 0.324479 0.573148 0.329167 0.573148 0.334896 0.567593 0.336979 0.560185 0.336458 0.550926 0.334375 0.542593 0.331250 0.537037 0.327604 0.535185 0.322917 0.537963 0.318750 0.545370 0.343229 0.499074 0.345313 0.509259
0 0.347917 0.514815 0.350521 0.517593 0.354688 0.517593 0.360938 0.512037 0.363021 0.504630 0.362500 0.494444 0.360417 0.487037 0.357292 0.481481 0.353125 0.479630 0.348958 0.481481 0.344792 0.488889 0.279167 0.741667
0 0.280729 0.750926 0.283333 0.756481 0.286458 0.759259 0.290625 0.759259 0.296875 0.753704 0.298958 0.745370 0.298958 0.736111 0.296875 0.727778 0.293750 0.722222 0.289583 0.720370 0.285417 0.723148 0.280729 0.730556
0 0.360417 0.690741 0.361979 0.700000 0.364583 0.705556 0.367708 0.709259 0.371875 0.708333 0.378646 0.702778 0.380208 0.696296 0.380208 0.686111 0.378125 0.678704 0.375000 0.673148 0.370833 0.671296 0.366667 0.673148
0 0.362500 0.681481 0.296875 0.874074 0.298958 0.884259 0.301562 0.889815 0.304167 0.892593 0.308333 0.892593 0.314583 0.887037 0.317187 0.878704 0.316667 0.869444 0.314583 0.862037 0.311458 0.855556 0.307292 0.852778
0 0.303125 0.856481 0.298438 0.863889 0.340104 0.898148 0.341667 0.907407 0.344271 0.913889 0.346875 0.917593 0.351562 0.916667 0.357292 0.910185 0.359896 0.903704 0.359375 0.893519 0.357292 0.885185 0.354167 0.879630
0 0.350521 0.877778 0.345833 0.879630 0.341146 0.887963 0.384375 0.846296 0.385938 0.856481 0.388542 0.862037 0.391667 0.864815 0.395833 0.864815 0.401563 0.859259 0.404167 0.850926 0.403646 0.841667 0.401563 0.834259
0 0.398438 0.827778 0.394792 0.825926 0.390625 0.828704 0.385417 0.836111 0.485938 0.857407 0.487500 0.867593 0.490104 0.873148 0.493229 0.875926 0.497396 0.875000 0.503646 0.870370 0.505729 0.862037 0.505729 0.852778
0 0.503125 0.844444 0.500521 0.838889 0.495833 0.837037 0.491667 0.839815 0.487500 0.847222 0.470313 0.828704 0.472396 0.838889 0.474479 0.845370 0.477604 0.848148 0.481771 0.847222 0.488021 0.842593 0.489583 0.835185
0 0.489583 0.825000 0.487500 0.816667 0.484375 0.811111 0.480208 0.809259 0.476042 0.812037 0.471875 0.819444 0.563542 0.885185 0.565104 0.895370 0.567708 0.900926 0.570833 0.904630 0.575000 0.903704 0.581250 0.898148
0 0.583333 0.891667 0.582292 0.881481 0.580208 0.873148 0.577604 0.867593 0.573438 0.865741 0.569271 0.867593 0.565104 0.875926 0.535417 0.877778 0.536979 0.887037 0.539583 0.894444 0.542708 0.897222 0.547396 0.896296
0 0.553125 0.891667 0.555208 0.883333 0.554688 0.874074 0.552604 0.865741 0.548958 0.859259 0.545313 0.857407 0.540625 0.860185 0.536458 0.868519 0.521875 0.914815 0.523438 0.924074 0.526042 0.930556 0.529167 0.934259
0 0.533333 0.933333 0.539583 0.927778 0.541667 0.920370 0.541146 0.910185 0.538542 0.901852 0.535937 0.896296 0.531771 0.894444 0.527604 0.897222 0.523438 0.904630 0.505729 0.943519 0.507292 0.953704 0.509896 0.960185
0 0.513021 0.962963 0.517187 0.962037 0.522917 0.957407 0.525000 0.949074 0.524479 0.939815 0.522396 0.930556 0.519271 0.925000 0.515625 0.923148 0.511458 0.925926 0.506771 0.934259 0.484896 0.939815 0.486458 0.949074
0 0.489062 0.955556 0.491667 0.958333 0.495833 0.958333 0.502604 0.952778 0.504687 0.944444 0.504167 0.935185 0.502083 0.926852 0.498437 0.921296 0.494271 0.919444 0.490104 0.921296 0.485938 0.928704 0.543229 0.940741
0 0.545313 0.950926 0.547917 0.957407 0.550521 0.960185 0.554688 0.959259 0.561458 0.954630 0.563542 0.946296 0.562500 0.937037 0.560417 0.927778 0.557292 0.922222 0.553125 0.920370 0.548958 0.923148 0.544792 0.931481
0 0.436979 0.986111 0.439063 0.996296 0.456771 0.991667 0.456771 0.982407 0.454688 0.973148 0.451562 0.967593 0.447396 0.965741 0.442708 0.968518 0.438542 0.975926 0.381250 0.996296 0.378125 0.990741 0.373958 0.988889
0 0.369792 0.990741 0.291667 0.950000 0.293750 0.959259 0.295833 0.965741 0.298958 0.968518 0.303125 0.968518 0.309896 0.962037 0.311458 0.953704 0.311458 0.944444 0.309896 0.936111 0.306771 0.930556 0.302604 0.927778
0 0.297917 0.930556 0.293750 0.938889 0.156771 0.997222 0.153646 0.990741 0.149479 0.988889 0.144792 0.990741 0.206771 0.999074 0.273958 0.883333 0.275000 0.893519 0.277604 0.899074 0.280208 0.901852 0.285417 0.900926
0 0.291146 0.895370 0.293229 0.887963 0.293229 0.878704 0.291146 0.869444 0.288021 0.863889 0.284375 0.862037 0.279167 0.864815 0.275000 0.873148 0.306771 0.763889 0.308333 0.773148 0.310937 0.778704 0.313542 0.781482
0 0.318229 0.781482 0.324479 0.775926 0.326562 0.768519 0.326042 0.759259 0.323958 0.750926 0.320833 0.745370 0.316667 0.742593 0.312500 0.745370 0.308333 0.753704 0.000000 0.258333 0.002083 0.268519 0.005208 0.275000
0 0.008333 0.277778 0.013021 0.277778 0.019271 0.272222 0.021354 0.264815 0.020312 0.255556 0.017708 0.246296 0.014583 0.240741 0.009896 0.238889 0.005208 0.241667 0.001042 0.249074 0.129688 0.287037 0.127604 0.291667
0 0.126563 0.299074 0.128646 0.307407 0.131250 0.312963 0.136458 0.312963 0.140625 0.307407 0.141146 0.301852 0.140104 0.292593 0.137500 0.287037 0.133333 0.284259 0.101562 0.251852 0.099479 0.256481 0.098438 0.263889
0 0.100000 0.271296 0.103125 0.275926 0.108333 0.277778 0.112500 0.271296 0.113021 0.265741 0.111979 0.257407 0.108854 0.251852 0.105208 0.249074 0.344792 0.200926 0.346354 0.210185 0.348958 0.215741 0.352083 0.219444
0 0.356250 0.218519 0.362500 0.212963 0.364062 0.206481 0.364062 0.197222 0.361979 0.188889 0.358854 0.182407 0.354688 0.180556 0.350521 0.182407 0.346354 0.191667 0.277083 0.115741 0.274479 0.120370 0.273438 0.127778
0 0.275000 0.136111 0.277604 0.140741 0.283333 0.141667 0.287500 0.136111 0.288021 0.130556 0.286458 0.121296 0.283854 0.115741 0.280208 0.112963 0.502083 0.087963 0.504167 0.097222 0.506771 0.103704 0.509375 0.106481
0 0.513542 0.105556 0.519792 0.100926 0.521354 0.093519 0.521354 0.083333 0.519271 0.075000 0.516146 0.069444 0.511979 0.066667 0.507812 0.070370 0.503646 0.077778 0.524479 0.336111 0.526042 0.345370 0.528646 0.350926
0 0.531250 0.354630 0.535937 0.353704 0.541667 0.349074 0.543750 0.341667 0.543229 0.332407 0.541146 0.324074 0.538021 0.318519 0.534375 0.316667 0.529688 0.318519 0.525521 0.326852 0.516667 0.473148 0.518750 0.482407
0 0.521354 0.487963 0.523958 0.490741 0.528125 0.489815 0.534375 0.485185 0.536458 0.477778 0.535937 0.468519 0.533854 0.460185 0.530729 0.454630 0.526563 0.452778 0.522396 0.455556 0.518229 0.462963 0.509375 0.566667
0 0.511458 0.575926 0.514063 0.581481 0.516667 0.584259 0.520833 0.584259 0.527083 0.578704 0.529167 0.571296 0.528646 0.562037 0.526563 0.554630 0.523438 0.549074 0.519271 0.547222 0.515104 0.549074 0.510938 0.556481
0 0.481250 0.620370 0.482812 0.629630 0.485417 0.635185 0.488021 0.637963 0.492708 0.637963 0.498437 0.632407 0.501042 0.625000 0.500521 0.615741 0.497917 0.608333 0.494792 0.602778 0.491146 0.600000 0.486458 0.602778
0 0.482292 0.610185 0.516146 0.673148 0.517708 0.682407 0.520312 0.687963 0.523438 0.690741 0.527604 0.690741 0.533333 0.685185 0.535417 0.677778 0.534896 0.668519 0.532812 0.661111 0.529688 0.655556 0.526042 0.653704
0 0.521354 0.655556 0.517187 0.662963 0.550521 0.764815 0.552604 0.774074 0.555208 0.779630 0.557813 0.783333 0.561979 0.782407 0.568229 0.776852 0.570312 0.770370 0.569792 0.760185 0.567708 0.752778 0.564583 0.747222
0 0.560417 0.745370 0.556250 0.747222 0.552083 0.755556 0.530208 0.992593 0.527083 0.987037 0.522396 0.985185 0.518229 0.987037 0.514063 0.995370 0.436979 0.903704 0.439063 0.913889 0.441667 0.919444 0.444271 0.922222
0 0.448438 0.922222 0.454688 0.916667 0.456771 0.908333 0.456250 0.899074 0.454167 0.891667 0.451042 0.885185 0.446875 0.882407 0.442708 0.885185 0.438542 0.893519 0.552083 0.989815 0.571354 0.995370 0.570833 0.985185
0 0.568750 0.976852 0.565625 0.971296 0.561458 0.968518 0.557292 0.971296 0.552604 0.979630 0.572917 0.973148 0.574479 0.983333 0.577604 0.988889 0.580729 0.993519 0.584896 0.991667 0.590625 0.986111 0.592708 0.979630
0 0.592708 0.969444 0.590104 0.961111 0.586979 0.954630 0.582812 0.952778 0.578646 0.954630 0.574479 0.963889 0.619792 0.590741 0.621354 0.600000 0.623958 0.606481 0.626562 0.609259 0.630729 0.607407 0.636979 0.603704
0 0.639063 0.596296 0.638542 0.587037 0.636458 0.578704 0.633333 0.573148 0.629687 0.571296 0.625000 0.574074 0.620833 0.581481 0.796354 0.771296 0.797917 0.781482 0.800521 0.787037 0.803646 0.790741 0.807813 0.788889
0 0.814062 0.784259 0.816146 0.777778 0.815625 0.767593 0.813021 0.759259 0.809896 0.753704 0.805729 0.751852 0.801562 0.753704 0.797396 0.762037 0.813021 0.743519 0.814583 0.752778 0.817708 0.758333 0.820833 0.762037 0.825000 0.760185
0 0.830729 0.755556 0.832812 0.749074 0.832812 0.739815 0.830208 0.731481 0.827083 0.725926 0.822917 0.723148 0.818750 0.725000 0.814583 0.734259 0.766667 0.626852 0.768750 0.636111 0.771354 0.642593 0.773958 0.645370 0.778125 0.644444
0 0.784896 0.639815 0.786458 0.632407 0.785937 0.622222 0.783854 0.614815 0.780729 0.609259 0.776563 0.607407 0.772396 0.609259 0.768229 0.616667 0.721354 0.621296 0.723437 0.630556 0.726042 0.636111
0 0.728646 0.639815 0.732813 0.637963 0.739062 0.633333 0.741146 0.626852 0.740625 0.617593 0.738542 0.609259 0.735417 0.603704 0.731250 0.601852 0.726562 0.603704 0.722396 0.612037 0.833854 0.462037 0.835417 0.471296
0 0.838021 0.476852 0.840625 0.480556 0.844792 0.478704 0.851562 0.474074 0.853646 0.467593 0.853125 0.458333 0.851042 0.450000 0.847917 0.444444 0.844271 0.442593 0.839063 0.444444 0.834896 0.452778 0.929167 0.449074 0.929688 0.454630
0 0.931771 0.460185 0.934896 0.461111 0.938021 0.460185 0.940625 0.457407 0.941667 0.449074 0.940104 0.443519 0.938021 0.438889 0.933333 0.440741 0.930729 0.443519 0.815625 0.468519 0.816146 0.475000 0.818229 0.479630 0.821354 0.480556
0 0.823958 0.479630 0.827083 0.476852 0.828125 0.469444 0.826563 0.462963 0.823958 0.459259 0.819792 0.460185 0.817187 0.462963 0.814583 0.383333 0.815104 0.388889 0.817187 0.395370 0.820312 0.396296 0.822917 0.395370 0.825521 0.391667
0 0.826563 0.383333 0.825000 0.377778 0.822917 0.374074 0.818750 0.375000 0.816146 0.377778 0.915104 0.365741 0.915625 0.372222 0.917708 0.376852 0.920833 0.377778 0.923437 0.376852 0.926562 0.374074 0.927604 0.366667 0.926042 0.360185
0 0.923437 0.356481 0.919271 0.357407 0.916667 0.360185 0.919792 0.343519 0.920313 0.349074 0.922396 0.353704 0.925521 0.354630 0.928125 0.354630 0.931250 0.350926 0.932292 0.343519 0.930729 0.337037 0.928646 0.333333 0.923958 0.333333
0 0.921354 0.337963 0.906250 0.346296 0.906250 0.351852 0.908854 0.356481 0.912500 0.357407 0.914583 0.357407 0.917708 0.353704 0.918229 0.346296 0.916667 0.340741 0.914583 0.337037 0.910937 0.337037 0.908333 0.340741 0.996875 0.512963
0 0.997396 0.518519 0.999479 0.524074 0.998958 0.507407 0.985417 0.494444 0.985937 0.500926 0.988021 0.505556 0.991667 0.506481 0.994271 0.506481 0.996875 0.502778 0.998438 0.494444 0.996354 0.488889 0.993750 0.485185 0.989583 0.485185
0 0.986979 0.488889 0.835938 0.767593 0.836458 0.773148 0.839063 0.778704 0.842708 0.779630 0.844792 0.778704 0.847917 0.775926 0.848437 0.767593 0.846875 0.762037 0.844271 0.758333 0.840104 0.759259 0.837500 0.762037 0.779167 0.802778
0 0.779688 0.808333 0.781771 0.813889 0.784896 0.814815 0.788021 0.813889 0.790625 0.811111 0.791146 0.802778 0.789583 0.797222 0.786979 0.793519 0.783333 0.794444 0.780729 0.797222 0.722917 0.819444 0.723437 0.825000 0.725521 0.830556
0 0.728646 0.831481 0.730729 0.830556 0.733854 0.827778 0.734375 0.819444 0.732813 0.813889 0.730729 0.809259 0.726562 0.810185 0.723958 0.812963 0.659375 0.748148 0.660417 0.753704 0.662500 0.759259 0.665625 0.760185 0.668229 0.759259
0 0.670833 0.756481 0.671875 0.748148 0.670313 0.742593 0.668229 0.738889 0.663542 0.739815 0.660937 0.742593 0.646354 0.780556 0.646875 0.787037 0.648958 0.791667 0.652083 0.792593 0.654688 0.791667 0.657292 0.788889 0.658333 0.781482
0 0.656771 0.775000 0.654688 0.771296 0.650521 0.772222 0.647917 0.775926 0.566146 0.932407 0.567187 0.938889 0.569271 0.943519 0.572396 0.944444 0.575000 0.943519 0.578125 0.940741 0.578646 0.933333 0.577083 0.925926 0.575000 0.922222
0 0.570312 0.923148 0.567708 0.926852 0.408333 0.997222 0.406250 0.993519 0.401563 0.994444 0.398958 0.997222 0.404687 0.963889 0.405208 0.969444 0.407292 0.975926 0.410417 0.976852 0.413021 0.975000 0.415625 0.972222 0.417188 0.963889
0 0.415625 0.957407 0.413542 0.953704 0.408854 0.954630 0.406250 0.957407 0.208854 0.975926 0.209375 0.981481 0.211458 0.987963 0.214583 0.988889 0.217187 0.987037 0.220313 0.984259 0.221354 0.975000 0.219792 0.969444 0.217708 0.965741
0 0.213542 0.966667 0.210938 0.969444 0.098438 0.957407 0.098958 0.963889 0.100521 0.969444 0.104167 0.970370 0.106771 0.969444 0.109896 0.966667 0.111458 0.957407 0.109896 0.950926 0.107292 0.947222 0.103125 0.948148 0.100521 0.951852
0 0.114063 0.897222 0.114583 0.902778 0.116667 0.908333 0.119792 0.910185 0.122917 0.909259 0.125521 0.904630 0.127083 0.897222 0.125521 0.890741 0.123438 0.887037 0.119271 0.887963 0.116146 0.891667 0.332812 0.770370 0.332812 0.775926
0 0.335417 0.780556 0.338542 0.781482 0.340625 0.781482 0.343750 0.777778 0.344271 0.770370 0.342708 0.763889 0.340625 0.760185 0.336979 0.760185 0.334375 0.764815 0.284896 0.699074 0.285417 0.704630 0.287500 0.710185 0.290625 0.711111
0 0.292708 0.710185 0.295833 0.707407 0.296354 0.699074 0.294792 0.693519 0.292708 0.689815 0.289062 0.690741 0.286458 0.693519 0.303646 0.575926 0.304167 0.582407 0.306250 0.587037 0.309375 0.587963 0.311979 0.587037 0.314583 0.584259
0 0.316146 0.576852 0.314583 0.570370 0.311979 0.566667 0.307813 0.567593 0.305208 0.571296 0.397396 0.440741 0.397396 0.446296 0.400000 0.450926 0.403125 0.452778 0.405208 0.451852 0.408333 0.448148 0.408854 0.440741 0.407292 0.435185
0 0.405208 0.431481 0.401563 0.431481 0.398958 0.435185 0.339063 0.389815 0.339583 0.395370 0.341667 0.400000 0.344792 0.401852 0.347396 0.400926 0.350000 0.397222 0.351042 0.389815 0.349479 0.384259 0.346875 0.380556 0.343229 0.381481
0 0.340625 0.384259 0.407292 0.313889 0.407292 0.319444 0.409896 0.324074 0.413021 0.325000 0.415104 0.325000 0.418229 0.321296 0.418750 0.313889 0.417188 0.308333 0.415104 0.304630 0.411458 0.304630 0.408854 0.308333 0.461979 0.471296
0 0.462500 0.476852 0.464583 0.481481 0.468229 0.482407 0.470313 0.482407 0.473437 0.478704 0.473958 0.471296 0.472396 0.465741 0.470313 0.462037 0.466146 0.462037 0.463542 0.465741 0.511979 0.410185 0.512500 0.415741 0.514583 0.420370
0 0.517708 0.421296 0.519792 0.421296 0.522917 0.417593 0.523438 0.410185 0.521875 0.404630 0.519792 0.400926 0.516146 0.400926 0.513542 0.404630 0.568750 0.518519 0.569271 0.525000 0.571354 0.529630 0.574479 0.530556 0.577083 0.529630
0 0.579687 0.526852 0.580729 0.519444 0.579167 0.512963 0.576563 0.510185 0.572917 0.510185 0.570312 0.513889 0.443229 0.562963 0.444792 0.572222 0.447396 0.578704 0.450000 0.581481 0.454167 0.580556 0.460417 0.575926 0.462500 0.568519
0 0.461979 0.559259 0.459896 0.550926 0.456771 0.545370 0.452604 0.543519 0.448438 0.546296 0.444271 0.553704 0.585938 0.412963 0.586458 0.418519 0.588542 0.424074 0.591667 0.425000 0.594271 0.424074 0.596875 0.421296 0.597917 0.412963
0 0.596354 0.407407 0.593750 0.403704 0.590104 0.404630 0.587500 0.407407 0.626042 0.400926 0.626562 0.407407 0.628646 0.412037 0.632292 0.412963 0.634375 0.412037 0.637500 0.409259 0.638021 0.401852 0.636458 0.395370 0.634375 0.392593
0 0.630208 0.392593 0.627604 0.396296 0.585417 0.479630 0.588021 0.482407 0.590625 0.481481 0.593229 0.478704 0.593750 0.475000 0.593229 0.470370 0.591667 0.468519 0.589583 0.466667 0.588021 0.466667 0.585417 0.468519 0.583854 0.472222
0 0.584375 0.476852 0.658333 0.617593 0.660417 0.620370 0.663021 0.619444 0.665625 0.616667 0.666667 0.612963 0.665625 0.608333 0.664062 0.606481 0.662500 0.604630 0.660417 0.604630 0.658333 0.606481 0.656771 0.610185 0.657292 0.614815
0 0.711458 0.487037 0.713542 0.489815 0.716146 0.488889 0.718750 0.487037 0.719271 0.483333 0.718750 0.478704 0.717188 0.475926 0.715104 0.475000 0.713542 0.474074 0.710938 0.475926 0.709375 0.480556 0.710417 0.484259 0.723437 0.801852
0 0.726042 0.804630 0.728125 0.803704 0.730729 0.800926 0.731771 0.797222 0.730729 0.792593 0.729167 0.790741 0.727604 0.788889 0.725521 0.788889 0.723437 0.790741 0.721875 0.794444 0.722396 0.799074 0.707292 0.751852 0.709896 0.754630
0 0.711979 0.753704 0.714583 0.750926 0.715625 0.747222 0.714583 0.742593 0.713021 0.739815 0.711458 0.737963 0.709375 0.737963 0.706771 0.739815 0.705208 0.743519 0.706250 0.749074 0.847917 0.734259 0.850521 0.737037 0.853125 0.736111
0 0.855729 0.733333 0.856250 0.729630 0.855729 0.725000 0.854167 0.722222 0.852083 0.721296 0.850000 0.720370 0.847396 0.722222 0.846354 0.726852 0.846875 0.731481 0.889583 0.620370 0.892708 0.623148 0.895312 0.622222 0.897917 0.619444
0 0.898438 0.615741 0.897917 0.611111 0.896354 0.608333 0.893750 0.607407 0.891667 0.607407 0.889583 0.609259 0.888021 0.612963 0.888542 0.617593 0.995313 0.627778 0.997396 0.630556 0.999479 0.630556 0.998958 0.614815 0.997396 0.613889
0 0.994271 0.615741 0.992708 0.620370 0.993750 0.624074 0.781771 0.212963 0.783854 0.215741 0.786979 0.214815 0.789583 0.211111 0.790625 0.207407 0.789583 0.202778 0.788021 0.200000 0.786458 0.199074 0.784375 0.199074 0.782292 0.200000
0 0.780729 0.204630 0.780729 0.209259 0.701563 0.087963 0.704167 0.090741 0.706771 0.089815 0.709375 0.087963 0.710417 0.083333 0.709896 0.078704 0.708333 0.075926 0.706250 0.075000 0.704167 0.074074 0.702083 0.075926 0.700000 0.080556
0 0.700521 0.085185 0.358333 0.265741 0.358854 0.271296 0.360938 0.275926 0.364062 0.276852 0.366667 0.276852 0.369271 0.273148 0.370313 0.265741 0.368750 0.260185 0.366667 0.256481 0.362500 0.256481 0.359896 0.260185 0.369792 0.846296
0 0.367188 0.851852 0.366667 0.859259 0.367188 0.866667 0.370313 0.871296 0.375521 0.872222 0.380208 0.866667 0.380729 0.861111 0.379167 0.852778 0.377083 0.846296 0.373437 0.843518 0.411458 0.727778 0.411979 0.733333 0.414062 0.737963
0 0.417188 0.738889 0.419792 0.738889 0.422396 0.735185 0.423438 0.727778 0.421875 0.721296 0.419792 0.717593 0.415625 0.717593 0.413021 0.721296 0.693229 0.373148 0.689583 0.378704 0.688542 0.387963 0.689583 0.396296 0.692708 0.401852
0 0.696875 0.403704 0.702083 0.400926 0.705208 0.393519 0.706250 0.386111 0.704167 0.377778 0.700521 0.372222 0.696875 0.370370 0.756771 0.301852 0.758854 0.304630 0.761979 0.303704 0.764583 0.301852 0.765104 0.298148 0.764583 0.293519
0 0.763021 0.290741 0.760938 0.289815 0.759375 0.288889 0.756771 0.290741 0.754687 0.295370 0.755729 0.299074 0.654688 0.186111 0.652604 0.191667 0.651563 0.199074 0.653125 0.206481 0.655729 0.211111 0.660937 0.212037 0.665104 0.206481
