0 0.567187 0.318519 0.564583 0.322222 0.562500 0.327778 0.562500 0.334259 0.564062 0.339815 0.568229 0.342593 0.572396 0.339815 0.573958 0.335185 0.573958 0.327778 0.572917 0.322222 0.570312 0.318519
0 0.551042 0.352778 0.548437 0.355556 0.546354 0.361111 0.546354 0.367593 0.547917 0.373148 0.552083 0.375926 0.556250 0.373148 0.557813 0.368519 0.557813 0.361111 0.556771 0.355556 0.554167 0.351852
0 0.603125 0.348148 0.600521 0.350926 0.598437 0.356481 0.598437 0.362963 0.600000 0.368519 0.604167 0.371296 0.608333 0.368519 0.609896 0.363889 0.609896 0.356481 0.608854 0.350926 0.606250 0.347222
0 0.601042 0.317593 0.598437 0.320370 0.596354 0.326852 0.596354 0.333333 0.597917 0.338889 0.602083 0.340741 0.606250 0.337963 0.607813 0.334259 0.607813 0.325926 0.606771 0.320370 0.604167 0.316667
0 0.502604 0.302778 0.500000 0.305556 0.498437 0.311111 0.498437 0.317593 0.499479 0.324074 0.503646 0.325926 0.508333 0.323148 0.509375 0.318519 0.509896 0.311111 0.508854 0.305556 0.506250 0.301852
0 0.575000 0.433333 0.572396 0.436111 0.570312 0.441667 0.570312 0.448148 0.571875 0.453704 0.576042 0.456481 0.580208 0.453704 0.581771 0.449074 0.581771 0.441667 0.580729 0.436111 0.578125 0.432407
0 0.616146 0.481481 0.613021 0.484259 0.611458 0.489815 0.611458 0.497222 0.612500 0.500926 0.616667 0.503704 0.621354 0.500926 0.622917 0.497222 0.622917 0.489815 0.621875 0.484259 0.619271 0.480556
0 0.558333 0.498148 0.555208 0.500926 0.553646 0.505556 0.553646 0.512963 0.555208 0.517593 0.559375 0.520370 0.564062 0.517593 0.565104 0.512963 0.565625 0.505556 0.564062 0.500000 0.561979 0.497222
0 0.520833 0.396296 0.518229 0.399074 0.516146 0.404630 0.516146 0.411111 0.517708 0.416667 0.521875 0.419444 0.526042 0.416667 0.527604 0.412037 0.527604 0.404630 0.526563 0.399074 0.523958 0.395370
0 0.460417 0.315741 0.457812 0.318519 0.455729 0.324074 0.455729 0.330556 0.457292 0.336111 0.461458 0.338889 0.466146 0.336111 0.467187 0.331481 0.467708 0.324074 0.466667 0.318519 0.464063 0.314815
0 0.613542 0.450926 0.610417 0.453704 0.608854 0.460185 0.608333 0.466667 0.609896 0.472222 0.614062 0.474074 0.618750 0.471296 0.620313 0.466667 0.620313 0.459259 0.619271 0.453704 0.616667 0.450000
0 0.415625 0.338889 0.412500 0.341667 0.410937 0.347222 0.410417 0.354630 0.411979 0.359259 0.416146 0.362037 0.420833 0.359259 0.422396 0.354630 0.422396 0.347222 0.421354 0.341667 0.418750 0.337963
0 0.434896 0.338889 0.432292 0.341667 0.430208 0.347222 0.430208 0.353704 0.431771 0.359259 0.435937 0.362037 0.440104 0.359259 0.441667 0.354630 0.441667 0.347222 0.440625 0.341667 0.438021 0.337963
0 0.425000 0.371296 0.422396 0.374074 0.420312 0.380556 0.420312 0.387037 0.421875 0.392593 0.426042 0.394444 0.430208 0.391667 0.431771 0.387963 0.432292 0.379630 0.430729 0.374074 0.428646 0.370370
0 0.431250 0.424074 0.428646 0.426852 0.426562 0.433333 0.426562 0.439815 0.428125 0.445370 0.432292 0.447222 0.436458 0.445370 0.438021 0.440741 0.438542 0.433333 0.436979 0.426852 0.434896 0.424074
0 0.571354 0.239815 0.568750 0.243519 0.566667 0.249074 0.566667 0.255556 0.568229 0.261111 0.572396 0.263889 0.577083 0.261111 0.578125 0.256481 0.578646 0.249074 0.577604 0.243519 0.575000 0.239815
0 0.554688 0.231481 0.552083 0.234259 0.550000 0.239815 0.550000 0.247222 0.551562 0.251852 0.555729 0.254630 0.559896 0.251852 0.561458 0.247222 0.561458 0.239815 0.560417 0.234259 0.557813 0.230556
0 0.626562 0.328704 0.623958 0.332407 0.621875 0.337963 0.621875 0.344444 0.623438 0.350000 0.627604 0.352778 0.632292 0.350000 0.633333 0.345370 0.633854 0.337963 0.632812 0.332407 0.630208 0.328704
0 0.643750 0.339815 0.641146 0.342593 0.639063 0.349074 0.639063 0.355556 0.640625 0.361111 0.644792 0.362963 0.649479 0.361111 0.650521 0.356481 0.651042 0.349074 0.649479 0.342593 0.647396 0.339815
0 0.665625 0.393519 0.663021 0.396296 0.660937 0.401852 0.660937 0.408333 0.662500 0.413889 0.666667 0.416667 0.671354 0.413889 0.672396 0.409259 0.672917 0.401852 0.671875 0.396296 0.669271 0.392593
0 0.672396 0.508333 0.669271 0.512037 0.667708 0.517593 0.667188 0.524074 0.668750 0.529630 0.672917 0.531482 0.677604 0.529630 0.679167 0.525000 0.679167 0.517593 0.678125 0.512037 0.675521 0.508333
0 0.627604 0.510185 0.624479 0.513889 0.622917 0.519444 0.622396 0.525926 0.623958 0.531482 0.628125 0.534259 0.632812 0.531482 0.634375 0.526852 0.634375 0.519444 0.633333 0.513889 0.630729 0.510185
0 0.654167 0.468519 0.651042 0.472222 0.649479 0.477778 0.648958 0.484259 0.650521 0.489815 0.654688 0.492593 0.659375 0.489815 0.660937 0.485185 0.660937 0.477778 0.659896 0.472222 0.657292 0.468519
0 0.677083 0.450000 0.673958 0.452778 0.672396 0.459259 0.671875 0.465741 0.673437 0.471296 0.677604 0.473148 0.682292 0.470370 0.683854 0.466667 0.683854 0.458333 0.682813 0.452778 0.680208 0.449074
0 0.700521 0.458333 0.697917 0.461111 0.695833 0.467593 0.695833 0.474074 0.697396 0.479630 0.701563 0.481481 0.705729 0.478704 0.707292 0.474074 0.707812 0.466667 0.706250 0.461111 0.704167 0.457407
0 0.778125 0.406481 0.775000 0.410185 0.772917 0.415741 0.772917 0.422222 0.774479 0.427778 0.778646 0.430556 0.783333 0.427778 0.784375 0.423148 0.784896 0.415741 0.783854 0.410185 0.781250 0.406481
0 0.741667 0.459259 0.738542 0.462037 0.736979 0.467593 0.736458 0.475000 0.738021 0.479630 0.742188 0.482407 0.746875 0.479630 0.748438 0.475000 0.748438 0.467593 0.747396 0.462037 0.744792 0.458333
0 0.780208 0.489815 0.777604 0.492593 0.775521 0.498148 0.775521 0.504630 0.777083 0.510185 0.781250 0.512037 0.785417 0.509259 0.786979 0.504630 0.786979 0.498148 0.785937 0.492593 0.783333 0.488889
0 0.804167 0.427778 0.801562 0.430556 0.799479 0.437037 0.799479 0.443519 0.801042 0.449074 0.805208 0.450926 0.809375 0.448148 0.810417 0.443519 0.810417 0.436111 0.809375 0.430556 0.806771 0.427778
0 0.820833 0.415741 0.817708 0.419444 0.816146 0.425000 0.816146 0.431481 0.817187 0.437037 0.821354 0.439815 0.826042 0.437037 0.827604 0.432407 0.827604 0.425000 0.826563 0.419444 0.823958 0.415741
0 0.720833 0.282407 0.718229 0.285185 0.716146 0.291667 0.716146 0.298148 0.717708 0.303704 0.721875 0.305556 0.726042 0.303704 0.727604 0.299074 0.728125 0.291667 0.726562 0.285185 0.724479 0.281481
0 0.747396 0.257407 0.744792 0.261111 0.742708 0.266667 0.742708 0.273148 0.744271 0.278704 0.748438 0.281481 0.753125 0.278704 0.754167 0.274074 0.754167 0.266667 0.753125 0.261111 0.750521 0.257407
0 0.794792 0.240741 0.791667 0.243519 0.790104 0.249074 0.789583 0.255556 0.791146 0.261111 0.795313 0.263889 0.800000 0.261111 0.801562 0.256481 0.801562 0.249074 0.800521 0.243519 0.797917 0.239815
0 0.820833 0.247222 0.817708 0.250926 0.816146 0.256481 0.816146 0.262963 0.817187 0.268519 0.821354 0.271296 0.826042 0.268519 0.827604 0.263889 0.827604 0.256481 0.826563 0.250926 0.823958 0.247222
0 0.803125 0.294444 0.800000 0.297222 0.798437 0.303704 0.798437 0.310185 0.799479 0.315741 0.803646 0.317593 0.808333 0.315741 0.809896 0.311111 0.809896 0.303704 0.808854 0.297222 0.806250 0.293519
0 0.776563 0.262963 0.773958 0.265741 0.771875 0.271296 0.771875 0.278704 0.773438 0.283333 0.777604 0.286111 0.781771 0.283333 0.783333 0.278704 0.783333 0.271296 0.782292 0.265741 0.779688 0.262037
0 0.855729 0.367593 0.852604 0.371296 0.851042 0.376852 0.850521 0.383333 0.852083 0.388889 0.856250 0.391667 0.860937 0.388889 0.862500 0.384259 0.862500 0.376852 0.861458 0.371296 0.858854 0.367593
0 0.776042 0.150000 0.772917 0.152778 0.771354 0.158333 0.770833 0.165741 0.772396 0.170370 0.776563 0.173148 0.781250 0.170370 0.782812 0.165741 0.782812 0.158333 0.781250 0.153704 0.778646 0.150000
0 0.830729 0.141667 0.828125 0.144444 0.826042 0.150926 0.826042 0.157407 0.827604 0.162963 0.831771 0.164815 0.836458 0.162963 0.837500 0.158333 0.838021 0.150926 0.836979 0.144444 0.834375 0.141667
0 0.832292 0.175000 0.829167 0.178704 0.827604 0.184259 0.827083 0.190741 0.828646 0.196296 0.832812 0.199074 0.837500 0.196296 0.839063 0.191667 0.839063 0.184259 0.838021 0.178704 0.835417 0.175000
0 0.816667 0.163889 0.813542 0.166667 0.811979 0.172222 0.811458 0.178704 0.813021 0.184259 0.817187 0.187037 0.821875 0.184259 0.823438 0.179630 0.823438 0.172222 0.822396 0.166667 0.819792 0.162963
0 0.766146 0.084259 0.763021 0.087037 0.761458 0.092593 0.761458 0.099074 0.762500 0.104630 0.766667 0.106481 0.771354 0.103704 0.772917 0.100000 0.772917 0.092593 0.771875 0.087037 0.769271 0.083333
0 0.768750 0.060185 0.766146 0.062963 0.764063 0.068519 0.764063 0.075926 0.765625 0.081481 0.769792 0.083333 0.773958 0.080556 0.775521 0.075926 0.776042 0.068519 0.774479 0.062963 0.772396 0.059259
0 0.739583 0.067593 0.736979 0.070370 0.734896 0.075926 0.735417 0.082407 0.736979 0.087963 0.741146 0.089815 0.745313 0.087037 0.746354 0.083333 0.746875 0.075926 0.745833 0.070370 0.743229 0.066667
0 0.842708 0.062037 0.840104 0.064815 0.838542 0.070370 0.838542 0.077778 0.840104 0.082407 0.844271 0.085185 0.848437 0.082407 0.849479 0.077778 0.849479 0.070370 0.848437 0.064815 0.845833 0.061111
0 0.855208 0.071296 0.852604 0.075000 0.850521 0.080556 0.851042 0.087037 0.852604 0.092593 0.856771 0.095370 0.860937 0.092593 0.861979 0.087963 0.862500 0.080556 0.861458 0.075000 0.858854 0.071296
0 0.829167 0.049074 0.826042 0.052778 0.824479 0.057407 0.824479 0.063889 0.826042 0.069444 0.830208 0.071296 0.834375 0.069444 0.835938 0.064815 0.835417 0.057407 0.834375 0.052778 0.831771 0.049074
0 0.838021 0.006481 0.838542 0.012963 0.840104 0.017593 0.844271 0.020370 0.848958 0.017593 0.849479 0.012963 0.850000 0.006481 0.725521 0.052778 0.722917 0.055556 0.721354 0.062037 0.721354 0.068519
0 0.722917 0.074074 0.727083 0.075926 0.731250 0.074074 0.732292 0.069444 0.732292 0.062037 0.731250 0.055556 0.728646 0.052778 0.731250 0.108333 0.728125 0.111111 0.726562 0.116667 0.726042 0.123148
0 0.727604 0.128704 0.731771 0.131481 0.736458 0.128704 0.738021 0.124074 0.738021 0.116667 0.736979 0.111111 0.734375 0.107407 0.632812 0.266667 0.630208 0.269444 0.628125 0.275926 0.628125 0.282407
0 0.629687 0.287963 0.633854 0.289815 0.638021 0.287963 0.639583 0.283333 0.639583 0.275926 0.638542 0.269444 0.635938 0.265741 0.580208 0.164815 0.577604 0.167593 0.575521 0.173148 0.575521 0.179630
0 0.577083 0.185185 0.581250 0.187963 0.585417 0.185185 0.586979 0.180556 0.586979 0.173148 0.585938 0.167593 0.583333 0.163889 0.593229 0.133333 0.590625 0.135185 0.589063 0.140741 0.588542 0.147222
0 0.590104 0.152778 0.594271 0.155556 0.598958 0.152778 0.600521 0.148148 0.600521 0.140741 0.599479 0.135185 0.596875 0.132407 0.592708 0.206481 0.590104 0.209259 0.588021 0.214815 0.588021 0.221296
0 0.589583 0.226852 0.593750 0.229630 0.598437 0.226852 0.599479 0.222222 0.600000 0.214815 0.598437 0.209259 0.596354 0.205556 0.504687 0.161111 0.501562 0.164815 0.500000 0.170370 0.499479 0.177778
0 0.501042 0.182407 0.505208 0.184259 0.509896 0.182407 0.511458 0.177778 0.511458 0.170370 0.510417 0.164815 0.507812 0.161111 0.478646 0.185185 0.476042 0.187963 0.473958 0.193519 0.473958 0.200926
0 0.475521 0.205556 0.479688 0.208333 0.484375 0.205556 0.485417 0.200926 0.485938 0.193519 0.484896 0.187963 0.482292 0.184259 0.481250 0.155556 0.478125 0.158333 0.476562 0.164815 0.476042 0.171296
0 0.477604 0.176852 0.481771 0.178704 0.486458 0.175926 0.488021 0.171296 0.488021 0.163889 0.486979 0.158333 0.484375 0.154630 0.564062 0.137037 0.560938 0.139815 0.559375 0.146296 0.558854 0.152778
0 0.560417 0.158333 0.564583 0.160185 0.569271 0.158333 0.570833 0.153704 0.570833 0.146296 0.569792 0.139815 0.567187 0.137037 0.569792 0.053704 0.567187 0.056481 0.565104 0.062963 0.565104 0.069444
0 0.566667 0.075000 0.570833 0.076852 0.575521 0.075000 0.576563 0.070370 0.577083 0.062963 0.576042 0.056481 0.573438 0.052778 0.555729 0.070370 0.552604 0.073148 0.550521 0.079630 0.550521 0.086111
0 0.552083 0.091667 0.556250 0.093519 0.560938 0.090741 0.562500 0.087037 0.562500 0.078704 0.561458 0.073148 0.558854 0.069444 0.499479 0.117593 0.496875 0.119444 0.494792 0.125000 0.494792 0.130556
0 0.496354 0.136111 0.500000 0.138889 0.504687 0.136111 0.505729 0.131481 0.506250 0.125000 0.505208 0.119444 0.502604 0.115741 0.440625 0.128704 0.437500 0.131481 0.435937 0.137037 0.435937 0.143519
0 0.436979 0.149074 0.441146 0.151852 0.445833 0.149074 0.447396 0.144444 0.447396 0.137037 0.446354 0.131481 0.443229 0.128704 0.489583 0.341667 0.486458 0.344444 0.484896 0.350926 0.484375 0.357407
0 0.485938 0.362963 0.490104 0.364815 0.494792 0.362963 0.496354 0.358333 0.496354 0.350926 0.495313 0.344444 0.492708 0.340741 0.473437 0.334259 0.470833 0.337037 0.468750 0.342593 0.468750 0.349074
0 0.470313 0.354630 0.474479 0.357407 0.479167 0.354630 0.480208 0.350000 0.480729 0.342593 0.479688 0.337037 0.477083 0.333333 0.385417 0.314815 0.382292 0.317593 0.380729 0.324074 0.380208 0.330556
0 0.381771 0.336111 0.385938 0.337963 0.390625 0.335185 0.392188 0.331481 0.392188 0.323148 0.391146 0.317593 0.388542 0.313889 0.400000 0.424074 0.397396 0.426852 0.395312 0.432407 0.395312 0.439815
0 0.396875 0.444444 0.401042 0.447222 0.405208 0.444444 0.406771 0.439815 0.407292 0.432407 0.405729 0.426852 0.403646 0.423148 0.438021 0.399074 0.435417 0.401852 0.433333 0.408333 0.433333 0.414815
0 0.434896 0.420370 0.439063 0.422222 0.443750 0.420370 0.444792 0.415741 0.445312 0.408333 0.444271 0.401852 0.441667 0.398148 0.358333 0.389815 0.355208 0.393519 0.353646 0.399074 0.353646 0.405556
0 0.354688 0.411111 0.358854 0.413889 0.363542 0.411111 0.365104 0.406481 0.365104 0.399074 0.364062 0.393519 0.361458 0.389815 0.345313 0.362963 0.342187 0.366667 0.340625 0.372222 0.340104 0.378704
0 0.341667 0.384259 0.345833 0.386111 0.350521 0.384259 0.352083 0.379630 0.352083 0.372222 0.351042 0.365741 0.348437 0.362963 0.294792 0.281481 0.291667 0.284259 0.290104 0.290741 0.290104 0.297222
0 0.291146 0.302778 0.295312 0.304630 0.300000 0.302778 0.301562 0.298148 0.301562 0.290741 0.300521 0.284259 0.297917 0.281481 0.304167 0.309259 0.301562 0.312037 0.299479 0.318519 0.299479 0.325000
0 0.301042 0.330556 0.305208 0.332407 0.309896 0.329630 0.310937 0.325926 0.311458 0.317593 0.310417 0.312037 0.307813 0.308333 0.371354 0.212963 0.368750 0.215741 0.366667 0.221296 0.366667 0.227778
0 0.368229 0.233333 0.372396 0.236111 0.377083 0.233333 0.378125 0.228704 0.378646 0.221296 0.377604 0.215741 0.375000 0.212037 0.388542 0.196296 0.385938 0.199074 0.383854 0.205556 0.383854 0.212037
0 0.385417 0.217593 0.389583 0.219444 0.393750 0.217593 0.395312 0.212963 0.395312 0.205556 0.394271 0.199074 0.391667 0.195370 0.373958 0.128704 0.370833 0.131481 0.369271 0.137037 0.369271 0.142593
0 0.370313 0.148148 0.374479 0.150926 0.379167 0.148148 0.380729 0.143519 0.380729 0.137037 0.379687 0.131481 0.377083 0.127778 0.303646 0.380556 0.301042 0.382407 0.298958 0.388889 0.298958 0.395370
0 0.300521 0.400926 0.304688 0.402778 0.308854 0.400000 0.310417 0.396296 0.310417 0.387963 0.309375 0.382407 0.306771 0.378704 0.331250 0.380556 0.328646 0.383333 0.326562 0.388889 0.326562 0.395370
0 0.328125 0.400926 0.332292 0.403704 0.336979 0.400926 0.338021 0.396296 0.338542 0.388889 0.337500 0.383333 0.334896 0.379630 0.318750 0.363889 0.315625 0.366667 0.314063 0.372222 0.314063 0.378704
0 0.315104 0.384259 0.319271 0.387037 0.323958 0.384259 0.325521 0.379630 0.325521 0.372222 0.324479 0.366667 0.321875 0.362963 0.378125 0.287963 0.375000 0.291667 0.373437 0.297222 0.372917 0.303704
0 0.374479 0.309259 0.378646 0.311111 0.383333 0.309259 0.384896 0.304630 0.384896 0.297222 0.383854 0.291667 0.381250 0.287963 0.385938 0.226852 0.383333 0.229630 0.381250 0.236111 0.381250 0.242593
0 0.382812 0.248148 0.386979 0.250000 0.391667 0.247222 0.392708 0.243519 0.393229 0.235185 0.391667 0.229630 0.389583 0.225926 0.366146 0.252778 0.363542 0.256481 0.361458 0.262037 0.361458 0.268519
0 0.363021 0.274074 0.367188 0.276852 0.371875 0.274074 0.372917 0.269444 0.373437 0.262037 0.372396 0.256481 0.369792 0.252778 0.359896 0.447222 0.356771 0.450000 0.354688 0.456481 0.354688 0.462963
0 0.356250 0.468519 0.360417 0.470370 0.365104 0.468519 0.366667 0.463889 0.366667 0.456481 0.365625 0.450000 0.363021 0.446296 0.319271 0.467593 0.316146 0.470370 0.314583 0.475926 0.314063 0.482407
0 0.315625 0.487963 0.319792 0.490741 0.324479 0.487963 0.326042 0.483333 0.326042 0.475926 0.325000 0.470370 0.322396 0.466667 0.443750 0.474074 0.440625 0.477778 0.439063 0.483333 0.439063 0.489815
0 0.440104 0.495370 0.444271 0.498148 0.448958 0.495370 0.450521 0.490741 0.450521 0.483333 0.449479 0.477778 0.446875 0.474074 0.442187 0.518519 0.439583 0.521296 0.437500 0.527778 0.437500 0.534259
0 0.439063 0.539815 0.443229 0.541667 0.447917 0.538889 0.448958 0.535185 0.449479 0.526852 0.448438 0.521296 0.445833 0.517593 0.367188 0.610185 0.364583 0.612963 0.362500 0.618519 0.362500 0.625926
0 0.364062 0.630556 0.368229 0.633333 0.372917 0.630556 0.373958 0.625926 0.374479 0.618519 0.373437 0.612963 0.370833 0.609259 0.322917 0.505556 0.319792 0.508333 0.317708 0.514815 0.317708 0.521296
0 0.319271 0.526852 0.323438 0.528704 0.328125 0.526852 0.329167 0.522222 0.329688 0.514815 0.328646 0.508333 0.326042 0.504630 0.466146 0.515741 0.463542 0.518519 0.461458 0.524074 0.461458 0.531482
0 0.463021 0.536111 0.467187 0.538889 0.471875 0.536111 0.472917 0.531482 0.473437 0.524074 0.472396 0.518519 0.469792 0.514815 0.296354 0.523148 0.293229 0.525926 0.291146 0.532407 0.291146 0.538889
0 0.292708 0.544444 0.296875 0.546296 0.301562 0.544444 0.302604 0.539815 0.303125 0.532407 0.302083 0.525926 0.299479 0.522222 0.261458 0.482407 0.258854 0.485185 0.256771 0.491667 0.256771 0.498148
0 0.258333 0.502778 0.262500 0.504630 0.266667 0.502778 0.268229 0.499074 0.268229 0.491667 0.267188 0.485185 0.264583 0.481481 0.231250 0.474074 0.228125 0.476852 0.226562 0.482407 0.226562 0.488889
0 0.227604 0.494444 0.231771 0.497222 0.236458 0.494444 0.238021 0.489815 0.238021 0.482407 0.236979 0.476852 0.234375 0.473148 0.204688 0.473148 0.202083 0.476852 0.200000 0.482407 0.200000 0.488889
0 0.201562 0.494444 0.205729 0.496296 0.210417 0.494444 0.211458 0.489815 0.211979 0.482407 0.210938 0.475926 0.208333 0.473148 0.180208 0.471296 0.177083 0.474074 0.175000 0.479630 0.175000 0.487037
0 0.176563 0.492593 0.180729 0.494444 0.185417 0.491667 0.186458 0.487037 0.186979 0.479630 0.185937 0.474074 0.183333 0.470370 0.214062 0.341667 0.211458 0.343519 0.209896 0.350000 0.209375 0.356481
0 0.210417 0.362037 0.214583 0.363889 0.219271 0.362037 0.220833 0.357407 0.220833 0.350000 0.219792 0.343519 0.217187 0.340741 0.191146 0.318519 0.188021 0.321296 0.186458 0.326852 0.186458 0.333333
0 0.187500 0.338889 0.191667 0.341667 0.196354 0.338889 0.197917 0.334259 0.197917 0.326852 0.196875 0.321296 0.194271 0.317593 0.209896 0.274074 0.206771 0.277778 0.205208 0.283333 0.204688 0.289815
0 0.206250 0.295370 0.210417 0.297222 0.215104 0.295370 0.216667 0.290741 0.216667 0.283333 0.215625 0.277778 0.213021 0.274074 0.223958 0.278704 0.220833 0.281481 0.218750 0.287963 0.218750 0.294444
0 0.220313 0.300000 0.224479 0.301852 0.229167 0.299074 0.230208 0.295370 0.230729 0.287037 0.229687 0.281481 0.227083 0.277778 0.261979 0.170370 0.259375 0.173148 0.257292 0.178704 0.257292 0.184259
0 0.258854 0.189815 0.263021 0.192593 0.267188 0.189815 0.268750 0.185185 0.268750 0.177778 0.267708 0.173148 0.265104 0.169444 0.294271 0.128704 0.291146 0.131481 0.289062 0.137963 0.289062 0.144444
0 0.290625 0.150000 0.294792 0.151852 0.299479 0.149074 0.300521 0.144444 0.301042 0.137037 0.300000 0.131481 0.297396 0.127778 0.343229 0.219444 0.340625 0.223148 0.338542 0.228704 0.338542 0.235185
0 0.340104 0.240741 0.344271 0.243519 0.348437 0.241667 0.350000 0.236111 0.350521 0.228704 0.349479 0.223148 0.346875 0.219444 0.224479 0.137963 0.221354 0.141667 0.219792 0.147222 0.219271 0.153704
0 0.220313 0.159259 0.224479 0.162037 0.229167 0.159259 0.230729 0.154630 0.230729 0.147222 0.229687 0.141667 0.227083 0.137963 0.121875 0.362037 0.119271 0.365741 0.117188 0.371296 0.117188 0.377778
0 0.118750 0.383333 0.122396 0.387037 0.126563 0.383333 0.128125 0.378704 0.128125 0.371296 0.127083 0.366667 0.125521 0.362037 0.081771 0.322222 0.078646 0.325926 0.077083 0.331481 0.077083 0.337963
0 0.078125 0.343519 0.081771 0.346296 0.086458 0.343519 0.088021 0.338889 0.088021 0.331481 0.086979 0.325926 0.084896 0.322222 0.054688 0.400926 0.051562 0.404630 0.049479 0.410185 0.049479 0.416667
0 0.051042 0.422222 0.055208 0.425000 0.059896 0.422222 0.060938 0.417593 0.061458 0.410185 0.060417 0.404630 0.057813 0.400926 0.028646 0.444444 0.026042 0.447222 0.023958 0.452778 0.023958 0.459259
0 0.025521 0.464815 0.029687 0.467593 0.034375 0.464815 0.035417 0.460185 0.035937 0.452778 0.034896 0.447222 0.032292 0.443519 0.022917 0.417593 0.020312 0.420370 0.018229 0.426852 0.018229 0.433333
0 0.019792 0.438889 0.023438 0.441667 0.028125 0.437963 0.029167 0.434259 0.029687 0.425926 0.028646 0.420370 0.026042 0.417593 0.046354 0.429630 0.043750 0.432407 0.041667 0.438889 0.041667 0.445370
0 0.043229 0.450926 0.047396 0.452778 0.051562 0.450926 0.053125 0.446296 0.053125 0.438889 0.052083 0.432407 0.049479 0.428704 0.064583 0.464815 0.061458 0.468519 0.060417 0.474074 0.059896 0.480556
0 0.060938 0.486111 0.065104 0.488889 0.069792 0.486111 0.071354 0.481481 0.071354 0.474074 0.070312 0.468519 0.067708 0.464815 0.015625 0.478704 0.012500 0.481481 0.010417 0.487963 0.010417 0.494444
0 0.011458 0.500000 0.016146 0.500926 0.020833 0.499074 0.021354 0.494444 0.021875 0.487037 0.020833 0.482407 0.018750 0.477778 0.083854 0.383333 0.080729 0.386111 0.079167 0.392593 0.078646 0.399074
0 0.080208 0.404630 0.084375 0.406481 0.089062 0.404630 0.090625 0.400000 0.090625 0.392593 0.089583 0.386111 0.086979 0.383333 0.033854 0.261111 0.031250 0.264815 0.029167 0.270370 0.029167 0.276852
0 0.030729 0.282407 0.034896 0.285185 0.039583 0.282407 0.040625 0.277778 0.041146 0.270370 0.040104 0.264815 0.037500 0.261111 0.020312 0.261111 0.017188 0.264815 0.015625 0.270370 0.015104 0.276852
0 0.016667 0.282407 0.020312 0.286111 0.025000 0.282407 0.026563 0.277778 0.026563 0.270370 0.026042 0.264815 0.023438 0.261111 0.005208 0.265741 0.006771 0.262037 0.006771 0.253704 0.005729 0.248148
0 0.003646 0.244444 0.115104 0.278704 0.111979 0.281481 0.109896 0.287037 0.109896 0.294444 0.111458 0.299074 0.115625 0.301852 0.120312 0.299074 0.121354 0.294444 0.121875 0.287037 0.120833 0.281481
0 0.118229 0.277778 0.094792 0.187963 0.091667 0.191667 0.089583 0.196296 0.089583 0.202778 0.091146 0.208333 0.095312 0.211111 0.100000 0.208333 0.101042 0.203704 0.101562 0.196296 0.100521 0.190741
0 0.097917 0.187037 0.109375 0.171296 0.104687 0.180556 0.104687 0.187037 0.106250 0.192593 0.110417 0.194444 0.115104 0.192593 0.116146 0.187963 0.116667 0.180556 0.115625 0.174074 0.113021 0.171296
0 0.096354 0.450926 0.093750 0.454630 0.091667 0.460185 0.091667 0.466667 0.093229 0.472222 0.097396 0.475000 0.101562 0.472222 0.103125 0.467593 0.103125 0.460185 0.102083 0.454630 0.099479 0.450926
0 0.007812 0.571296 0.005208 0.574074 0.003125 0.579630 0.003125 0.587037 0.004688 0.591667 0.008854 0.594444 0.013542 0.591667 0.014583 0.587037 0.015104 0.579630 0.014062 0.574074 0.011458 0.570370
0 0.051042 0.591667 0.048437 0.594444 0.046354 0.600926 0.046354 0.607407 0.047917 0.612963 0.052083 0.614815 0.056771 0.612963 0.057813 0.608333 0.058333 0.600926 0.056771 0.594444 0.054688 0.591667
0 0.102083 0.619444 0.098958 0.622222 0.097396 0.628704 0.096875 0.635185 0.098438 0.640741 0.102604 0.642593 0.107292 0.639815 0.108854 0.636111 0.108854 0.627778 0.107813 0.622222 0.105208 0.618519
0 0.031771 0.602778 0.029167 0.606481 0.027604 0.612037 0.027083 0.618519 0.028646 0.624074 0.032812 0.626852 0.036979 0.624074 0.038542 0.619444 0.038542 0.612037 0.037500 0.606481 0.034896 0.602778
0 0.005729 0.559259 0.007292 0.554630 0.007292 0.547222 0.006250 0.541667 0.003646 0.537963 0.146354 0.600926 0.143229 0.603704 0.141146 0.610185 0.141146 0.616667 0.142708 0.622222 0.146875 0.624074
0 0.151562 0.622222 0.152604 0.617593 0.153125 0.610185 0.152083 0.603704 0.149479 0.600000 0.179688 0.701852 0.176563 0.705556 0.175000 0.711111 0.174479 0.717593 0.176042 0.723148 0.180208 0.725926
0 0.184896 0.723148 0.186458 0.718518 0.186458 0.711111 0.185417 0.705556 0.182812 0.701852 0.208854 0.747222 0.206250 0.750000 0.204167 0.756481 0.204167 0.762963 0.205729 0.768519 0.209896 0.770370
0 0.214583 0.768519 0.215625 0.763889 0.216146 0.756481 0.215104 0.750000 0.212500 0.746296 0.253646 0.748148 0.250521 0.750926 0.248958 0.756481 0.248437 0.763889 0.250000 0.768519 0.254167 0.771296
0 0.258854 0.768519 0.260417 0.763889 0.259896 0.756481 0.258854 0.750926 0.256250 0.747222 0.071354 0.787963 0.068229 0.790741 0.066146 0.797222 0.066146 0.803704 0.067708 0.809259 0.071875 0.811111
0 0.076563 0.809259 0.077604 0.804630 0.078125 0.797222 0.077083 0.790741 0.074479 0.787037 0.078646 0.706481 0.076042 0.709259 0.073437 0.714815 0.073958 0.720370 0.075521 0.725926 0.079687 0.728704
0 0.084375 0.725926 0.084896 0.722222 0.085938 0.714815 0.084896 0.709259 0.082292 0.705556 0.009375 0.798148 0.006771 0.800926 0.004688 0.806481 0.004688 0.812963 0.006250 0.818519 0.010417 0.821296
0 0.015104 0.818519 0.016146 0.813889 0.016667 0.806481 0.015104 0.800926 0.013021 0.797222 0.032812 0.888889 0.029687 0.892593 0.027604 0.898148 0.027604 0.904630 0.029167 0.910185 0.033333 0.912037
0 0.038021 0.910185 0.039062 0.905556 0.039062 0.898148 0.038021 0.891667 0.035417 0.888889 0.187500 0.898148 0.185417 0.900926 0.183333 0.906482 0.183333 0.913889 0.184896 0.918519 0.189063 0.921296
0 0.193229 0.918519 0.194792 0.913889 0.194271 0.906482 0.193229 0.900926 0.190625 0.897222 0.137500 0.866667 0.134375 0.869444 0.132292 0.875000 0.132292 0.882407 0.133854 0.887037 0.138021 0.889815
0 0.142708 0.887037 0.143750 0.882407 0.144271 0.875000 0.143229 0.869444 0.140625 0.865741 0.151042 0.846296 0.147917 0.849074 0.146354 0.854630 0.145833 0.862037 0.146875 0.866667 0.151042 0.869444
0 0.156250 0.866667 0.157813 0.862037 0.157813 0.854630 0.156771 0.849074 0.154167 0.845370 0.008333 0.915741 0.005208 0.918519 0.005208 0.936111 0.009375 0.938889 0.013542 0.936111 0.015104 0.931481
0 0.015104 0.924074 0.014062 0.918519 0.011458 0.914815 0.021875 0.931481 0.019271 0.935185 0.017188 0.940741 0.017188 0.947222 0.018750 0.952778 0.022917 0.955556 0.027083 0.952778 0.028646 0.948148
0 0.028646 0.940741 0.027604 0.935185 0.025000 0.931481 0.106250 0.942593 0.103125 0.945370 0.101042 0.950926 0.101042 0.958333 0.103125 0.962963 0.106771 0.965741 0.111458 0.962963 0.113021 0.958333
0 0.113021 0.950926 0.111979 0.945370 0.109375 0.941667 0.219792 0.981481 0.217187 0.985185 0.215104 0.990741 0.227083 0.990741 0.225521 0.985185 0.223438 0.981481 0.252604 0.862963 0.249479 0.866667
0 0.247396 0.872222 0.247396 0.878704 0.248958 0.884259 0.253125 0.886111 0.257812 0.884259 0.258854 0.879630 0.259375 0.872222 0.258333 0.865741 0.255729 0.862963 0.275521 0.833333 0.272917 0.836111
0 0.270833 0.842593 0.270833 0.849074 0.272396 0.854630 0.276563 0.855556 0.281250 0.854630 0.282292 0.850000 0.282813 0.842593 0.281771 0.836111 0.279167 0.832407 0.272396 0.873148 0.269792 0.875926
0 0.267708 0.882407 0.267708 0.888889 0.269271 0.894444 0.273438 0.895370 0.278125 0.894444 0.279167 0.889815 0.279687 0.882407 0.278125 0.875926 0.276042 0.872222 0.138542 0.907407 0.135937 0.910185
0 0.133854 0.915741 0.133854 0.922222 0.135417 0.927778 0.139583 0.929630 0.144271 0.927778 0.145313 0.923148 0.145833 0.915741 0.144792 0.910185 0.142188 0.906482 0.310937 0.870370 0.308333 0.873148
0 0.306250 0.879630 0.306250 0.886111 0.307813 0.891667 0.311979 0.892593 0.316146 0.890741 0.317708 0.887037 0.318229 0.878704 0.316667 0.873148 0.314583 0.869444 0.307813 0.828704 0.304688 0.831481
0 0.303646 0.837963 0.303125 0.843518 0.304688 0.849074 0.308854 0.850000 0.313021 0.849074 0.314583 0.844444 0.314583 0.837037 0.313542 0.831481 0.310937 0.827778 0.294271 0.819444 0.292188 0.821296
0 0.290104 0.826852 0.289583 0.833333 0.291667 0.837963 0.295833 0.839815 0.300521 0.837963 0.301562 0.834259 0.301562 0.826852 0.300521 0.821296 0.297917 0.817593 0.289062 0.902778 0.286458 0.905556
0 0.284375 0.912037 0.284375 0.918519 0.285937 0.924074 0.290104 0.925000 0.294792 0.924074 0.295833 0.919444 0.296354 0.912037 0.295312 0.905556 0.292708 0.902778 0.322917 0.782407 0.320312 0.786111
0 0.318229 0.791667 0.318229 0.798148 0.319792 0.803704 0.323958 0.805556 0.328125 0.803704 0.329688 0.799074 0.329688 0.791667 0.328646 0.786111 0.326042 0.782407 0.354167 0.811111 0.351562 0.813889
0 0.349479 0.819444 0.349479 0.825926 0.351042 0.831481 0.355208 0.833333 0.359896 0.831481 0.360938 0.826852 0.361458 0.819444 0.359896 0.813889 0.357812 0.810185 0.382292 0.848148 0.379167 0.850926
0 0.377083 0.856481 0.377083 0.862037 0.378646 0.867593 0.382812 0.869444 0.387500 0.867593 0.388542 0.862963 0.389062 0.856481 0.388021 0.850926 0.385417 0.847222 0.393229 0.794444 0.390104 0.798148
0 0.388542 0.803704 0.388021 0.810185 0.389583 0.815741 0.393750 0.817593 0.398438 0.815741 0.400000 0.811111 0.400000 0.803704 0.398958 0.798148 0.396354 0.794444 0.354688 0.770370 0.352083 0.773148
0 0.350000 0.779630 0.350000 0.786111 0.351562 0.791667 0.355729 0.792593 0.359896 0.791667 0.361458 0.787037 0.361979 0.779630 0.360417 0.773148 0.358333 0.769444 0.292708 0.660185 0.290104 0.663889
0 0.288021 0.669444 0.288021 0.675926 0.289583 0.681481 0.293750 0.683333 0.297917 0.681481 0.299479 0.676852 0.299479 0.669444 0.298438 0.663889 0.295833 0.660185 0.497396 0.739815 0.494271 0.742593
0 0.492188 0.748148 0.492188 0.755556 0.493750 0.760185 0.497917 0.762037 0.502083 0.760185 0.503125 0.755556 0.503646 0.748148 0.502604 0.742593 0.500000 0.738889 0.322396 0.964815 0.319271 0.967593
0 0.317708 0.974074 0.317187 0.980556 0.318750 0.986111 0.322917 0.987037 0.327604 0.985185 0.329167 0.981481 0.329167 0.973148 0.328125 0.967593 0.325521 0.963889 0.478125 0.925926 0.475000 0.928704
0 0.473437 0.934259 0.472917 0.940741 0.474479 0.946296 0.478646 0.948148 0.483333 0.946296 0.484896 0.941667 0.484896 0.934259 0.483854 0.928704 0.481250 0.925000 0.447396 0.813889 0.444792 0.816667
0 0.442708 0.823148 0.442708 0.829630 0.444271 0.835185 0.448438 0.837037 0.452604 0.835185 0.454167 0.830556 0.454167 0.823148 0.453125 0.816667 0.450521 0.813889 0.523438 0.775000 0.520833 0.778704
0 0.518750 0.784259 0.518750 0.790741 0.520312 0.796296 0.524479 0.798148 0.528646 0.796296 0.530208 0.791667 0.530208 0.784259 0.529167 0.777778 0.526563 0.775000 0.488021 0.766667 0.484896 0.769444
0 0.483333 0.775000 0.482812 0.781482 0.484375 0.787037 0.488542 0.788889 0.493229 0.787037 0.494792 0.782407 0.494792 0.775000 0.493750 0.769444 0.491146 0.765741 0.492708 0.712037 0.489583 0.714815
0 0.488021 0.720370 0.487500 0.726852 0.489062 0.732407 0.493229 0.734259 0.497917 0.732407 0.499479 0.727778 0.499479 0.720370 0.498437 0.714815 0.495833 0.711111 0.434896 0.649074 0.431771 0.651852
0 0.430208 0.658333 0.429688 0.664815 0.431250 0.670370 0.435417 0.671296 0.440104 0.669444 0.441667 0.665741 0.441667 0.657407 0.440625 0.651852 0.438021 0.648148 0.520833 0.816667 0.517187 0.820370
0 0.516146 0.825000 0.515625 0.832407 0.517187 0.837037 0.521354 0.838889 0.526042 0.837037 0.527604 0.832407 0.527604 0.825000 0.526563 0.819444 0.523958 0.815741 0.329167 0.652778 0.326562 0.655556
0 0.324479 0.661111 0.324479 0.667593 0.326042 0.673148 0.330208 0.675000 0.334375 0.673148 0.335938 0.668519 0.335938 0.661111 0.334896 0.655556 0.332292 0.651852 0.538542 0.868519 0.535417 0.871296
0 0.533854 0.876852 0.533333 0.883333 0.534896 0.888889 0.539062 0.889815 0.543750 0.887963 0.545313 0.884259 0.545313 0.875926 0.544271 0.871296 0.541667 0.867593 0.553125 0.872222 0.550521 0.875000
0 0.548437 0.880556 0.548437 0.887963 0.550000 0.892593 0.554167 0.894444 0.558333 0.892593 0.559896 0.887963 0.559896 0.880556 0.558854 0.875000 0.556250 0.871296 0.525000 0.928704 0.521875 0.932407
0 0.520312 0.937963 0.519792 0.944444 0.521354 0.950000 0.525521 0.951852 0.530208 0.950000 0.531771 0.945370 0.531771 0.937963 0.530729 0.932407 0.528125 0.928704 0.518750 0.905556 0.516146 0.908333
0 0.514063 0.914815 0.514063 0.921296 0.515625 0.926852 0.519792 0.927778 0.524479 0.925926 0.525521 0.922222 0.526042 0.913889 0.525000 0.908333 0.522396 0.904630 0.502604 0.957407 0.500000 0.960185
0 0.498437 0.964815 0.498437 0.971296 0.499479 0.977778 0.503646 0.978704 0.507812 0.976852 0.509375 0.972222 0.509375 0.964815 0.508333 0.960185 0.505729 0.956481 0.469792 0.955556 0.466667 0.959259
0 0.465104 0.963889 0.464583 0.970370 0.466146 0.975926 0.470313 0.976852 0.475000 0.975926 0.476562 0.971296 0.476562 0.963889 0.475521 0.959259 0.472917 0.955556 0.565104 0.803704 0.561979 0.806481
0 0.560417 0.812037 0.560417 0.819444 0.561458 0.824074 0.565625 0.825000 0.570312 0.824074 0.571875 0.819444 0.571875 0.812037 0.570833 0.806481 0.568229 0.802778 0.581250 0.712963 0.578125 0.716667
0 0.576563 0.722222 0.576042 0.728704 0.577604 0.734259 0.581771 0.735185 0.586458 0.734259 0.588021 0.729630 0.588021 0.722222 0.586979 0.716667 0.584375 0.712963 0.564062 0.845370 0.561458 0.849074
0 0.559375 0.854630 0.559375 0.861111 0.560938 0.866667 0.565104 0.868519 0.569792 0.866667 0.570833 0.862037 0.571354 0.854630 0.570312 0.849074 0.567708 0.845370 0.596354 0.877778 0.593229 0.880556
0 0.591146 0.887037 0.591146 0.893519 0.592708 0.899074 0.596875 0.900926 0.601562 0.898148 0.602604 0.894444 0.603125 0.886111 0.602083 0.880556 0.599479 0.876852 0.611979 0.867593 0.608854 0.870370
0 0.607292 0.875926 0.606771 0.882407 0.608333 0.887963 0.613021 0.890741 0.617188 0.887963 0.618750 0.883333 0.618750 0.875926 0.617708 0.870370 0.615104 0.866667 0.628646 0.755556 0.625521 0.758333
0 0.623958 0.764815 0.623958 0.771296 0.625000 0.776852 0.629687 0.778704 0.633854 0.775926 0.635417 0.771296 0.635417 0.763889 0.634375 0.758333 0.631771 0.754630 0.592708 0.750926 0.589583 0.753704
0 0.588021 0.759259 0.587500 0.766667 0.589063 0.771296 0.593750 0.774074 0.597917 0.771296 0.599479 0.766667 0.599479 0.759259 0.598437 0.753704 0.595833 0.750000 0.625521 0.728704 0.622396 0.732407
0 0.620833 0.737963 0.620833 0.744444 0.621875 0.750000 0.626562 0.751852 0.630729 0.750000 0.632292 0.745370 0.632292 0.737963 0.631250 0.732407 0.628646 0.728704 0.680729 0.866667 0.677604 0.869444
0 0.676042 0.875000 0.676042 0.881481 0.677083 0.887037 0.681771 0.889815 0.685938 0.887037 0.687500 0.882407 0.687500 0.875000 0.686458 0.869444 0.683854 0.865741 0.648958 0.847222 0.645833 0.850000
0 0.643750 0.855556 0.643750 0.862037 0.645312 0.867593 0.649479 0.869444 0.654167 0.866667 0.655208 0.862037 0.655729 0.854630 0.654688 0.850000 0.652083 0.846296 0.785417 0.787963 0.782292 0.790741
0 0.780208 0.797222 0.780208 0.802778 0.781771 0.808333 0.785937 0.810185 0.790625 0.808333 0.791667 0.803704 0.792188 0.796296 0.791146 0.790741 0.788542 0.787963 0.785937 0.727778 0.783333 0.730556
0 0.781250 0.736111 0.781250 0.742593 0.782812 0.748148 0.786979 0.750926 0.791667 0.748148 0.792708 0.743519 0.793229 0.736111 0.791667 0.730556 0.789583 0.726852 0.818750 0.779630 0.815625 0.782407
0 0.814062 0.787963 0.814062 0.793519 0.815104 0.799074 0.819792 0.801852 0.823958 0.799074 0.825521 0.794444 0.825521 0.787037 0.824479 0.781482 0.821875 0.778704 0.816667 0.852778 0.813542 0.856481
0 0.811979 0.862037 0.811458 0.868519 0.813021 0.874074 0.817708 0.875926 0.821875 0.874074 0.823438 0.869444 0.823438 0.862037 0.822396 0.856481 0.819792 0.852778 0.854688 0.695370 0.852083 0.698148
0 0.850521 0.703704 0.849479 0.710185 0.851042 0.715741 0.855729 0.718518 0.859896 0.715741 0.861458 0.711111 0.861458 0.703704 0.860417 0.698148 0.857813 0.694444 0.861458 0.877778 0.858333 0.880556
0 0.856771 0.886111 0.856250 0.892593 0.857813 0.898148 0.861979 0.900926 0.866146 0.898148 0.867708 0.893519 0.867708 0.887037 0.867188 0.880556 0.864583 0.876852 0.810417 0.701852 0.807813 0.705556
0 0.805729 0.711111 0.805729 0.717593 0.807292 0.723148 0.811458 0.725000 0.816146 0.723148 0.817187 0.718518 0.817708 0.711111 0.816667 0.705556 0.814062 0.701852 0.835938 0.610185 0.832812 0.613889
0 0.831250 0.619444 0.830729 0.625926 0.832292 0.631481 0.836979 0.633333 0.841146 0.631481 0.842708 0.626852 0.842708 0.619444 0.841667 0.613889 0.839063 0.610185 0.789062 0.541667 0.785937 0.544444
0 0.783854 0.550000 0.783854 0.557407 0.785417 0.562963 0.789583 0.564815 0.794271 0.562037 0.795313 0.557407 0.795833 0.550000 0.794792 0.544444 0.792188 0.540741 0.730208 0.685185 0.727083 0.687963
0 0.725000 0.694444 0.725000 0.700926 0.726562 0.706481 0.730729 0.708333 0.735417 0.705556 0.736458 0.701852 0.736979 0.693519 0.735937 0.687963 0.733333 0.684259 0.866146 0.515741 0.863021 0.519444
0 0.861458 0.525000 0.860937 0.531482 0.862500 0.537037 0.867188 0.538889 0.871354 0.537037 0.872917 0.532407 0.872917 0.525000 0.871875 0.519444 0.869271 0.515741 0.847396 0.588889 0.844792 0.591667
0 0.842708 0.598148 0.842708 0.604630 0.844271 0.610185 0.848437 0.612037 0.853125 0.609259 0.854167 0.605556 0.854167 0.598148 0.853646 0.591667 0.851042 0.587963 0.860417 0.626852 0.857813 0.629630
0 0.855729 0.636111 0.855729 0.642593 0.857292 0.648148 0.861458 0.650000 0.865625 0.647222 0.867188 0.643519 0.867188 0.636111 0.866146 0.629630 0.864062 0.625926 0.845312 0.501852 0.842708 0.504630
0 0.840625 0.511111 0.840625 0.517593 0.842188 0.523148 0.846354 0.525000 0.850521 0.522222 0.852083 0.518519 0.852083 0.511111 0.851042 0.504630 0.848437 0.500926 0.664062 0.767593 0.661458 0.770370
0 0.659375 0.775926 0.659375 0.783333 0.660937 0.787963 0.665104 0.790741 0.669271 0.787963 0.670833 0.783333 0.670313 0.775926 0.669792 0.770370 0.667188 0.766667 0.512500 0.796296 0.509896 0.800000
0 0.507812 0.805556 0.507812 0.812037 0.509375 0.817593 0.513542 0.819444 0.517708 0.817593 0.519271 0.812963 0.519271 0.805556 0.518229 0.800000 0.515625 0.796296 0.441146 0.575926 0.438021 0.579630
0 0.435937 0.585185 0.435937 0.591667 0.437500 0.597222 0.441667 0.599074 0.446354 0.597222 0.447396 0.592593 0.447396 0.585185 0.446875 0.579630 0.444271 0.575926 0.406771 0.554630 0.404167 0.558333
0 0.402083 0.563889 0.402083 0.570370 0.403125 0.575000 0.409896 0.572222 0.412500 0.569444 0.413542 0.562037 0.412500 0.557407 0.410417 0.554630 0.553646 0.538889 0.550521 0.541667 0.548437 0.548148
0 0.548437 0.554630 0.550000 0.560185 0.554167 0.562037 0.558854 0.559259 0.559896 0.555556 0.559896 0.548148 0.559375 0.541667 0.556771 0.537963 0.586979 0.477778 0.584375 0.481481 0.582292 0.487037
0 0.582292 0.493519 0.583854 0.499074 0.588021 0.500000 0.592188 0.499074 0.593750 0.494444 0.593229 0.487037 0.592708 0.481481 0.590104 0.477778 0.640104 0.373148 0.636458 0.375926 0.633854 0.383333
0 0.633333 0.390741 0.634896 0.397222 0.638021 0.400000 0.643229 0.400000 0.646875 0.395370 0.648958 0.388889 0.648958 0.381481 0.646354 0.375000 0.643750 0.372222 0.659375 0.300000 0.655729 0.302778
0 0.653125 0.310185 0.652604 0.317593 0.654167 0.324074 0.657292 0.326852 0.662500 0.326852 0.666146 0.321296 0.668229 0.315741 0.668229 0.308333 0.665625 0.301852 0.663021 0.299074 0.677083 0.243519
0 0.673437 0.246296 0.670833 0.253704 0.670833 0.261111 0.672396 0.267593 0.675521 0.270370 0.680208 0.270370 0.683854 0.265741 0.685938 0.259259 0.685938 0.251852 0.683854 0.245370 0.680729 0.242593
0 0.571354 0.402778 0.567708 0.405556 0.565625 0.412963 0.565104 0.420370 0.566667 0.426852 0.569792 0.429630 0.575000 0.429630 0.578646 0.425000 0.580208 0.418519 0.580208 0.411111 0.578125 0.404630
0 0.575521 0.401852 0.703125 0.368519 0.699479 0.371296 0.696875 0.378704 0.696354 0.386111 0.698438 0.392593 0.701563 0.395370 0.706250 0.395370 0.709896 0.390741 0.711979 0.384259
0 0.711979 0.376852 0.709896 0.370370 0.706771 0.367593 0.707292 0.423148 0.703646 0.425926 0.701563 0.433333 0.701042 0.440741 0.702604 0.447222 0.705729 0.450000 0.710938 0.450000 0.714583 0.445370
0 0.716146 0.438889 0.716146 0.431481 0.714063 0.425000 0.711458 0.422222 0.725521 0.437963 0.721875 0.440741 0.719271 0.448148 0.718750 0.455556 0.720833 0.462037 0.723958 0.464815 0.728646 0.464815
0 0.732292 0.460185 0.734375 0.453704 0.733854 0.447222 0.729167 0.437037 0.725521 0.487963 0.721875 0.490741 0.719792 0.498148 0.719271 0.505556 0.720833 0.511111 0.723958 0.514815 0.729167 0.513889 0.732813 0.509259
0 0.734375 0.503704 0.734375 0.496296 0.732292 0.489815 0.729688 0.487963 0.764063 0.388889 0.760417 0.391667 0.757812 0.399074 0.757292 0.406481 0.759375 0.412963 0.762500 0.415741 0.767187 0.415741 0.770833 0.410185
0 0.772917 0.404630 0.772917 0.397222 0.770833 0.390741 0.767708 0.387963 0.760417 0.297222 0.756771 0.300926 0.754167 0.307407 0.753646 0.315741 0.755208 0.321296 0.758333 0.325000 0.763542 0.324074 0.767187 0.319444
0 0.769271 0.313889 0.768750 0.305556 0.766667 0.299074 0.764063 0.297222 0.791146 0.326852 0.787500 0.329630 0.785417 0.337037 0.785417 0.344444 0.786979 0.350926 0.789583 0.353704 0.794271 0.353704 0.798437 0.349074
0 0.800000 0.342593 0.800000 0.335185 0.797917 0.328704 0.794792 0.325926 0.827604 0.354630 0.823958 0.357407 0.821354 0.364815 0.820833 0.372222 0.822396 0.377778 0.825521 0.381481 0.830729 0.381481 0.834375 0.375926
0 0.836458 0.370370 0.835938 0.362037 0.833854 0.355556 0.831250 0.353704 0.836979 0.379630 0.833333 0.382407 0.830729 0.389815 0.830208 0.397222 0.832292 0.403704 0.835417 0.406481 0.840104 0.406481 0.843750 0.401852
0 0.845833 0.396296 0.845833 0.387963 0.843750 0.381481 0.840625 0.379630 0.842188 0.303704 0.838542 0.306481 0.836458 0.313889 0.835938 0.321296 0.837500 0.326852 0.840625 0.330556 0.845833 0.329630 0.849479 0.325000
0 0.851042 0.319444 0.851042 0.311111 0.848958 0.304630 0.846354 0.302778 0.858854 0.320370 0.855208 0.323148 0.852604 0.330556 0.852604 0.338889 0.854167 0.344444 0.857292 0.348148 0.861979 0.347222 0.865625 0.343519
0 0.867188 0.337037 0.867188 0.328704 0.865104 0.322222 0.861979 0.320370 0.843750 0.435185 0.840104 0.437963 0.837500 0.445370 0.837500 0.452778 0.839063 0.459259 0.842188 0.462037 0.846875 0.462037 0.850521 0.457407
0 0.852604 0.450926 0.852604 0.443519 0.850521 0.437037 0.847396 0.434259 0.739062 0.422222 0.735417 0.425000 0.732813 0.432407 0.732292 0.439815 0.734375 0.445370 0.737500 0.449074 0.742188 0.449074 0.745833 0.443519
0 0.747917 0.437963 0.747917 0.429630 0.745833 0.423148 0.742708 0.421296 0.809896 0.467593 0.806250 0.470370 0.803646 0.477778 0.803646 0.485185 0.805208 0.491667 0.808333 0.494444 0.812500 0.495370 0.816667 0.489815
0 0.818229 0.483333 0.818229 0.475926 0.816146 0.469444 0.813021 0.466667 0.736458 0.340741 0.732813 0.343519 0.730729 0.350926 0.730208 0.358333 0.731771 0.364815 0.734896 0.367593 0.739583 0.367593 0.743750 0.362963
0 0.745313 0.356481 0.745313 0.349074 0.743229 0.342593 0.740104 0.339815 0.738021 0.214815 0.734375 0.217593 0.732292 0.225000 0.732292 0.232407 0.733854 0.238889 0.736979 0.241667 0.741146 0.241667 0.745313 0.236111
0 0.746875 0.230556 0.746875 0.223148 0.744792 0.216667 0.741667 0.213889 0.834375 0.108333 0.830729 0.111111 0.828125 0.118519 0.828125 0.125000 0.830208 0.131481 0.832812 0.134259 0.837500 0.134259 0.841667 0.129630
0 0.843229 0.124074 0.843229 0.116667 0.841146 0.110185 0.838021 0.107407 0.766667 0.019444 0.763021 0.024074 0.760938 0.028704 0.760417 0.037037 0.762500 0.042593 0.765625 0.046296 0.770312 0.045370 0.773958 0.040741
0 0.775521 0.035185 0.775521 0.027778 0.773438 0.021296 0.770312 0.019444 0.615104 0.105556 0.611458 0.109259 0.609375 0.115741 0.608854 0.124074 0.610417 0.129630 0.613542 0.133333 0.618750 0.132407 0.622396 0.127778
0 0.624479 0.122222 0.623958 0.113889 0.621875 0.107407 0.619271 0.105556 0.601042 0.052778 0.597396 0.055556 0.594792 0.062963 0.594271 0.070370 0.596354 0.076852 0.599479 0.079630 0.604167 0.079630 0.607813 0.075000
0 0.609896 0.068519 0.609896 0.061111 0.607813 0.054630 0.604688 0.051852 0.558854 0.281481 0.555208 0.284259 0.552604 0.291667 0.552604 0.299074 0.554167 0.305556 0.557292 0.308333 0.561979 0.308333 0.566146 0.302778
0 0.567708 0.297222 0.567708 0.289815 0.565625 0.283333 0.562500 0.280556 0.554688 0.102778 0.551042 0.105556 0.548437 0.112963 0.547917 0.120370 0.550000 0.126852 0.553125 0.128704 0.557813 0.128704 0.561458 0.124074
0 0.563542 0.118519 0.563542 0.111111 0.560938 0.104630 0.558333 0.101852 0.513542 0.134259 0.509896 0.137037 0.507292 0.144444 0.506771 0.152778 0.508333 0.158333 0.511458 0.162037 0.516667 0.161111 0.520312 0.156481
0 0.522396 0.150926 0.522396 0.142593 0.519792 0.136111 0.517187 0.134259 0.452604 0.378704 0.448958 0.381481 0.446354 0.388889 0.446354 0.396296 0.447917 0.402778 0.451042 0.405556 0.455729 0.405556 0.459896 0.400000
0 0.461458 0.394444 0.461458 0.387037 0.459375 0.380556 0.456250 0.377778 0.402083 0.252778 0.398438 0.255556 0.395833 0.262963 0.395312 0.270370 0.396875 0.276852 0.400000 0.279630 0.405208 0.279630 0.408854 0.274074
0 0.410937 0.268519 0.410417 0.261111 0.408333 0.254630 0.405729 0.251852 0.427083 0.260185 0.423438 0.262963 0.420833 0.270370 0.420833 0.277778 0.422396 0.283333 0.425521 0.287037 0.430208 0.286111 0.433854 0.281481
0 0.435937 0.275926 0.435937 0.267593 0.433854 0.261111 0.430729 0.259259 0.352604 0.237037 0.348958 0.239815 0.346354 0.247222 0.345833 0.254630 0.347396 0.261111 0.350521 0.263889 0.355729 0.263889 0.359375 0.258333
0 0.361458 0.252778 0.361458 0.245370 0.358854 0.238889 0.356250 0.236111 0.289583 0.208333 0.285937 0.211111 0.283333 0.218519 0.282813 0.225926 0.284896 0.231481 0.288021 0.235185 0.292708 0.234259 0.296354 0.229630
0 0.298438 0.224074 0.298438 0.215741 0.296354 0.209259 0.293229 0.207407 0.333333 0.346296 0.329688 0.349074 0.327083 0.356481 0.326562 0.363889 0.328646 0.370370 0.331771 0.373148 0.336458 0.373148 0.340104 0.368519
0 0.342187 0.362037 0.342187 0.354630 0.340104 0.348148 0.336979 0.345370 0.388021 0.383333 0.384375 0.387037 0.381771 0.393519 0.381771 0.401852 0.383333 0.407407 0.386458 0.411111 0.391146 0.410185 0.394792 0.405556
0 0.396875 0.400000 0.396875 0.391667 0.394792 0.385185 0.391667 0.383333 0.319792 0.207407 0.316146 0.211111 0.314063 0.217593 0.313542 0.225926 0.315104 0.231481 0.318229 0.235185 0.322917 0.234259 0.327083 0.229630
0 0.328646 0.224074 0.328646 0.215741 0.326562 0.209259 0.323958 0.207407 0.405729 0.462037 0.402083 0.464815 0.399479 0.472222 0.398958 0.479630 0.400521 0.486111 0.403646 0.488889 0.408854 0.488889 0.412500 0.483333
0 0.414583 0.477778 0.414062 0.469444 0.411979 0.463889 0.409375 0.461111 0.278646 0.425000 0.275000 0.427778 0.272917 0.435185 0.272396 0.443519 0.273958 0.449074 0.277083 0.452778 0.282292 0.451852 0.285937 0.447222
0 0.287500 0.441667 0.287500 0.433333 0.285417 0.426852 0.282813 0.425000 0.290104 0.461111 0.286458 0.463889 0.283854 0.471296 0.283333 0.478704 0.285417 0.484259 0.288542 0.487963 0.293229 0.487963 0.296875 0.482407
0 0.298958 0.476852 0.298958 0.468519 0.296875 0.462037 0.293750 0.460185 0.333333 0.535185 0.329688 0.537963 0.327083 0.545370 0.327083 0.552778 0.328646 0.559259 0.331771 0.562037 0.336458 0.562037 0.340625 0.556481
0 0.342187 0.550926 0.342187 0.543519 0.340104 0.537037 0.336979 0.534259 0.327083 0.594444 0.323438 0.597222 0.320833 0.604630 0.320312 0.612037 0.322396 0.618519 0.325521 0.621296 0.330208 0.621296 0.333854 0.615741
0 0.335938 0.610185 0.335938 0.602778 0.333854 0.596296 0.330729 0.593518 0.305208 0.608333 0.301562 0.611111 0.298958 0.618519 0.298438 0.625926 0.300521 0.632407 0.303646 0.635185 0.308333 0.635185 0.311979 0.629630
0 0.314063 0.624074 0.314063 0.616667 0.311458 0.610185 0.308854 0.607407 0.341146 0.629630 0.337500 0.632407 0.334896 0.639815 0.334896 0.647222 0.336458 0.653704 0.339583 0.656482 0.344271 0.656482 0.348437 0.651852
0 0.350000 0.646296 0.350000 0.637963 0.347917 0.631481 0.344792 0.628704 0.348437 0.659259 0.344792 0.662963 0.342187 0.669444 0.342187 0.677778 0.343750 0.683333 0.346875 0.687037 0.351562 0.686111 0.355208 0.681481
0 0.357292 0.675926 0.357292 0.667593 0.355208 0.661111 0.352083 0.659259 0.307292 0.643519 0.303646 0.646296 0.301042 0.653704 0.300521 0.661111 0.302604 0.667593 0.305729 0.670370 0.310417 0.670370 0.314063 0.665741
0 0.316146 0.660185 0.316146 0.651852 0.313542 0.645370 0.310937 0.643519 0.279167 0.682407 0.275521 0.686111 0.272917 0.692593 0.272917 0.700926 0.274479 0.706481 0.277604 0.710185 0.282292 0.709259 0.286458 0.704630
0 0.288021 0.699074 0.288021 0.690741 0.285937 0.684259 0.282813 0.682407 0.427083 0.694444 0.423438 0.697222 0.421354 0.704630 0.420833 0.712037 0.422396 0.718518 0.425521 0.721296 0.430208 0.721296 0.434375 0.715741
0 0.435937 0.710185 0.435937 0.702778 0.433854 0.696296 0.430729 0.693519 0.409896 0.527778 0.406250 0.530556 0.404167 0.537963 0.403646 0.545370 0.405208 0.551852 0.408333 0.554630 0.413542 0.554630 0.417188 0.550000
0 0.418750 0.544444 0.418750 0.536111 0.416667 0.529630 0.414062 0.527778 0.488542 0.487963 0.484896 0.490741 0.482292 0.497222 0.481771 0.504630 0.483333 0.511111 0.486458 0.513889 0.491667 0.513889 0.496354 0.495370
0 0.494271 0.489815 0.492188 0.487037 0.527083 0.491667 0.523438 0.494444 0.520833 0.500926 0.520833 0.508333 0.522396 0.513889 0.525521 0.517593 0.530208 0.517593 0.534375 0.512037 0.535937 0.506481 0.535417 0.499074
0 0.533854 0.492593 0.530729 0.490741 0.504687 0.431481 0.501042 0.434259 0.498958 0.441667 0.498958 0.449074 0.499479 0.456481 0.503125 0.458333 0.507812 0.458333 0.511979 0.452778 0.513542 0.447222 0.513542 0.439815
0 0.511458 0.433333 0.508333 0.430556 0.603125 0.550926 0.599479 0.553704 0.596875 0.561111 0.596354 0.568519 0.597917 0.575000 0.601042 0.577778 0.606250 0.577778 0.609896 0.573148 0.611979 0.566667 0.611979 0.559259
0 0.609375 0.552778 0.606771 0.550000 0.639063 0.613889 0.635417 0.616667 0.632812 0.624074 0.632292 0.631481 0.634375 0.637037 0.636979 0.640741 0.642187 0.639815 0.645833 0.635185 0.647917 0.629630 0.647917 0.621296
0 0.645312 0.614815 0.642708 0.612963 0.653646 0.529630 0.650000 0.532407 0.647396 0.539815 0.646875 0.547222 0.648958 0.553704 0.652083 0.556481 0.656771 0.556481 0.660417 0.551852 0.662500 0.545370 0.662500 0.537963
0 0.660417 0.531482 0.657292 0.528704 0.531771 0.352778 0.528125 0.356481 0.526042 0.362963 0.525521 0.371296 0.527083 0.376852 0.530208 0.380556 0.535417 0.379630 0.539062 0.375000 0.540625 0.369444 0.540625 0.361111
0 0.538542 0.354630 0.535937 0.352778 0.538021 0.499074 0.534375 0.501852 0.531771 0.509259 0.531771 0.516667 0.533333 0.522222 0.536458 0.525926 0.541146 0.525926 0.545313 0.520370 0.546875 0.514815 0.546875 0.506481
0 0.544271 0.500926 0.541146 0.499074 0.756771 0.567593 0.753125 0.570370 0.750521 0.577778 0.750000 0.585185 0.752083 0.591667 0.755208 0.594444 0.759896 0.594444 0.763542 0.588889 0.765625 0.583333 0.765625 0.575926
0 0.763542 0.569444 0.760417 0.566667 0.778646 0.565741 0.775000 0.568519 0.772396 0.575926 0.772396 0.583333 0.773958 0.589815 0.777083 0.592593 0.781771 0.592593 0.785417 0.587037 0.787500 0.581481 0.787500 0.574074
0 0.785417 0.567593 0.782292 0.564815 0.806771 0.587963 0.803646 0.590741 0.801042 0.598148 0.800521 0.606481 0.802083 0.612037 0.805208 0.614815 0.809896 0.614815 0.813542 0.609259 0.815625 0.603704 0.815625 0.596296
0 0.813542 0.589815 0.810417 0.587037 0.806250 0.537963 0.802604 0.540741 0.800000 0.548148 0.800000 0.555556 0.801562 0.561111 0.804688 0.564815 0.808854 0.564815 0.813021 0.559259 0.814583 0.553704 0.814583 0.545370
0 0.812500 0.538889 0.809896 0.537037 0.826563 0.550926 0.822917 0.553704 0.820833 0.561111 0.820312 0.568519 0.821875 0.575000 0.825000 0.577778 0.829687 0.577778 0.833854 0.572222 0.835417 0.566667 0.835417 0.559259
0 0.833333 0.552778 0.830208 0.550000 0.864583 0.550000 0.860937 0.552778 0.858333 0.560185 0.857813 0.567593 0.859375 0.573148 0.862500 0.576852 0.867708 0.576852 0.871354 0.571296 0.873438 0.565741 0.873438 0.557407
0 0.870833 0.550926 0.868229 0.549074 0.806771 0.651852 0.803125 0.654630 0.800521 0.662037 0.800521 0.669444 0.802083 0.675926 0.805208 0.678704 0.809896 0.678704 0.814062 0.673148 0.815104 0.667593 0.815104 0.660185
0 0.813542 0.652778 0.810417 0.650926 0.701042 0.689815 0.697396 0.693519 0.694792 0.700000 0.694792 0.708333 0.696354 0.713889 0.699479 0.717593 0.704167 0.716667 0.708333 0.712037 0.709375 0.706481 0.709375 0.698148
0 0.707812 0.691667 0.704687 0.689815 0.728646 0.652778 0.725000 0.656482 0.722917 0.662963 0.722396 0.671296 0.723958 0.676852 0.727083 0.680556 0.732292 0.679630 0.735937 0.675000 0.737500 0.669444 0.737500 0.661111
0 0.735417 0.654630 0.732813 0.652778 0.710938 0.627778 0.707292 0.630556 0.704687 0.637963 0.704687 0.645370 0.706250 0.651852 0.709375 0.654630 0.714063 0.654630 0.717708 0.649074 0.719271 0.643519 0.719271 0.636111
0 0.717708 0.629630 0.714583 0.626852 0.655208 0.431481 0.651563 0.434259 0.648958 0.441667 0.648958 0.449074 0.650521 0.455556 0.653646 0.458333 0.658333 0.458333 0.661979 0.452778 0.663542 0.447222 0.663542 0.439815
0 0.661979 0.433333 0.658854 0.430556 0.772396 0.636111 0.768750 0.638889 0.766667 0.646296 0.766146 0.653704 0.767708 0.660185 0.770833 0.662963 0.776042 0.662963 0.779688 0.658333 0.781250 0.652778 0.780729 0.644444
0 0.779167 0.637963 0.776563 0.635185 0.705729 0.850000 0.702083 0.852778 0.700000 0.860185 0.699479 0.867593 0.701042 0.874074 0.704167 0.876852 0.709375 0.876852 0.713021 0.872222 0.714583 0.866667 0.714063 0.858333
0 0.712500 0.851852 0.709896 0.849074 0.772917 0.864815 0.769271 0.867593 0.767187 0.875000 0.766667 0.882407 0.768229 0.888889 0.771354 0.891667 0.776042 0.891667 0.780208 0.887037 0.781771 0.881481 0.781250 0.873148
0 0.779688 0.866667 0.777083 0.863889 0.679688 0.791667 0.676042 0.794444 0.673958 0.801852 0.673437 0.809259 0.675000 0.814815 0.678125 0.818519 0.682813 0.817593 0.686979 0.812963 0.688021 0.807407 0.688021 0.799074
0 0.686458 0.792593 0.683333 0.790741 0.840625 0.850926 0.838542 0.853704 0.835938 0.860185 0.835938 0.866667 0.837500 0.872222 0.841667 0.873148 0.846354 0.870370 0.847396 0.867593 0.847917 0.860185 0.846875 0.853704
0 0.844271 0.850000 0.844271 0.791667 0.841146 0.794444 0.839583 0.800000 0.839583 0.807407 0.840625 0.812037 0.845312 0.813889 0.849479 0.812037 0.851042 0.807407 0.851042 0.800000 0.850000 0.794444 0.847396 0.790741
0 0.664583 0.883333 0.661979 0.886111 0.659375 0.891667 0.659375 0.899074 0.660937 0.903704 0.665104 0.905556 0.669792 0.903704 0.670833 0.899074 0.671354 0.891667 0.670313 0.886111 0.667708 0.882407 0.856771 0.775000
0 0.853646 0.777778 0.851562 0.784259 0.851562 0.790741 0.853125 0.796296 0.857292 0.798148 0.861979 0.795370 0.863021 0.791667 0.863542 0.784259 0.862500 0.777778 0.859896 0.774074 0.860417 0.830556 0.857813 0.833333
0 0.855729 0.838889 0.855729 0.846296 0.857292 0.850926 0.861458 0.853704 0.866146 0.850926 0.867188 0.846296 0.867708 0.838889 0.866667 0.833333 0.864062 0.829630 0.756250 0.634259 0.753646 0.637037 0.751562 0.642593
0 0.751562 0.649074 0.753125 0.654630 0.757292 0.657407 0.761458 0.654630 0.763021 0.650000 0.763021 0.642593 0.761979 0.637037 0.759375 0.633333 0.811458 0.813889 0.807813 0.816667 0.805208 0.824074 0.805208 0.831481
0 0.806771 0.837963 0.809896 0.840741 0.814583 0.840741 0.818750 0.836111 0.819792 0.829630 0.819792 0.822222 0.818229 0.815741 0.815104 0.812963 0.647917 0.755556 0.644271 0.758333 0.641667 0.765741 0.641146 0.773148
0 0.643229 0.779630 0.646354 0.782407 0.651042 0.782407 0.654688 0.777778 0.656250 0.772222 0.656250 0.763889 0.654688 0.757407 0.651563 0.754630 0.621875 0.838889 0.618229 0.841667 0.615625 0.849074
0 0.615625 0.856481 0.616667 0.862037 0.620313 0.864815 0.625000 0.863889 0.628646 0.859259 0.630208 0.854630 0.630208 0.846296 0.628646 0.839815 0.625521 0.837963 0.650521 0.719444 0.646875 0.722222
0 0.644271 0.729630 0.643750 0.737037 0.645833 0.743519 0.648958 0.746296 0.653646 0.746296 0.657292 0.741667 0.658854 0.736111 0.658854 0.727778 0.656771 0.721296 0.654167 0.719444 0.578646 0.780556
0 0.575000 0.783333 0.572917 0.790741 0.572396 0.798148 0.573958 0.804630 0.577083 0.807407 0.582292 0.807407 0.585938 0.802778 0.587500 0.796296 0.586979 0.788889 0.585417 0.782407 0.582812 0.779630
0 0.509896 0.873148 0.506250 0.875926 0.503646 0.882407 0.503646 0.890741 0.505208 0.896296 0.508333 0.900000 0.513021 0.899074 0.516667 0.894444 0.518229 0.888889 0.518229 0.880556 0.516667 0.874074
0 0.513542 0.873148 0.657292 0.657407 0.653646 0.660185 0.651563 0.667593 0.651042 0.675000 0.652604 0.681481 0.655729 0.684259 0.660417 0.684259 0.664583 0.678704 0.666146 0.673148 0.665625 0.665741
0 0.664062 0.659259 0.661458 0.656482 0.563542 0.704630 0.559896 0.707407 0.557292 0.714815 0.557292 0.722222 0.558854 0.728704 0.561979 0.731481 0.566667 0.731481 0.570312 0.726852 0.571875 0.720370 0.571875 0.712963
0 0.570312 0.706481 0.567187 0.703704 0.578646 0.888889 0.575000 0.891667 0.572396 0.899074 0.571875 0.906482 0.573958 0.912037 0.577083 0.915741 0.581771 0.914815 0.585417 0.910185 0.586979 0.904630 0.586979 0.896296
0 0.585417 0.889815 0.582292 0.887963 0.465625 0.892593 0.461979 0.895370 0.459375 0.902778 0.458854 0.910185 0.460938 0.916667 0.463542 0.919444 0.468750 0.919444 0.472396 0.914815 0.473958 0.909259 0.473958 0.900926
0 0.471875 0.894444 0.469271 0.891667 0.435417 0.772222 0.431771 0.775000 0.429167 0.782407 0.429167 0.789815 0.430729 0.796296 0.433854 0.799074 0.438542 0.799074 0.442708 0.794444 0.443750 0.787963 0.443750 0.780556
0 0.442187 0.774074 0.439063 0.771296 0.432292 0.742593 0.428646 0.745370 0.426042 0.752778 0.425521 0.760185 0.427083 0.765741 0.430208 0.769444 0.435417 0.768519 0.439063 0.763889 0.440625 0.758333 0.440625 0.750000
0 0.438542 0.743519 0.435937 0.741667 0.464583 0.747222 0.460938 0.750000 0.458333 0.757407 0.458333 0.764815 0.459896 0.771296 0.463021 0.775000 0.467708 0.774074 0.471875 0.769444 0.472917 0.763889 0.472917 0.755556
0 0.471354 0.749074 0.468229 0.747222 0.593750 0.616667 0.593229 0.633333 0.596875 0.641667 0.602083 0.644444 0.608854 0.642593 0.613021 0.636111 0.615625 0.628704 0.615625 0.616667 0.612500 0.608333 0.609375 0.604630
0 0.604167 0.602778 0.597917 0.608333 0.563542 0.666667 0.563021 0.683333 0.566667 0.691667 0.572396 0.694444 0.579167 0.691667 0.583333 0.686111 0.585417 0.678704 0.585417 0.666667 0.582292 0.658333 0.579167 0.654630
0 0.573958 0.652778 0.567708 0.658333 0.537500 0.673148 0.536458 0.688889 0.540625 0.698148 0.545833 0.700000 0.552604 0.698148 0.556771 0.692593 0.559375 0.684259 0.559375 0.673148 0.556250 0.664815 0.553125 0.661111
0 0.547917 0.658333 0.541146 0.663889 0.538021 0.587963 0.537500 0.604630 0.541146 0.612963 0.546875 0.615741 0.553646 0.612963 0.557813 0.607407 0.560417 0.600000 0.559896 0.587963 0.557292 0.579630 0.553646 0.575926
0 0.548437 0.574074 0.542188 0.579630 0.752604 0.520370 0.752083 0.537037 0.755729 0.545370 0.761458 0.548148 0.768229 0.546296 0.772396 0.540741 0.774479 0.532407 0.774479 0.521296 0.771354 0.512963 0.768229 0.508333
0 0.763021 0.506481 0.756771 0.512037 0.718750 0.849074 0.718229 0.864815 0.721875 0.874074 0.727083 0.875926 0.733854 0.874074 0.738021 0.868519 0.740625 0.860185 0.740625 0.849074 0.737500 0.840741 0.734375 0.836111
0 0.729167 0.834259 0.722396 0.839815 0.460417 0.793519 0.459896 0.809259 0.463542 0.818519 0.468750 0.821296 0.475521 0.818519 0.479688 0.812963 0.482292 0.805556 0.482292 0.793519 0.479167 0.785185 0.476042 0.781482
0 0.470833 0.779630 0.464063 0.785185 0.440104 0.929630 0.439583 0.946296 0.443229 0.954630 0.448958 0.957407 0.455729 0.954630 0.459896 0.949074 0.461979 0.941667 0.461979 0.929630 0.458854 0.921296 0.455729 0.917593
0 0.450521 0.915741 0.444271 0.921296 0.268750 0.730556 0.267708 0.744444 0.270833 0.751852 0.271875 0.753704 0.276563 0.754630 0.283333 0.752778 0.287500 0.747222 0.289583 0.738889 0.289583 0.727778 0.286458 0.719444
0 0.283333 0.714815 0.278646 0.714815 0.272917 0.719444 0.394271 0.763889 0.393750 0.779630 0.397396 0.788889 0.403125 0.791667 0.409896 0.788889 0.414062 0.783333 0.416146 0.775926 0.416146 0.763889 0.413021 0.755556
0 0.409896 0.751852 0.404687 0.750000 0.398438 0.755556 0.374479 0.471296 0.373958 0.487037 0.377604 0.496296 0.383333 0.498148 0.390104 0.496296 0.394271 0.490741 0.396354 0.482407 0.396354 0.471296 0.393229 0.462963
0 0.390104 0.458333 0.384896 0.456481 0.378646 0.462037 0.496354 0.374074 0.495833 0.390741 0.499479 0.399074 0.504687 0.401852 0.511458 0.400000 0.515625 0.393519 0.518229 0.386111 0.517708 0.375000 0.515104 0.366667
0 0.511979 0.362037 0.506250 0.360185 0.500000 0.365741 0.474479 0.417593 0.473958 0.433333 0.478125 0.442593 0.483333 0.444444 0.490104 0.442593 0.494271 0.437037 0.496875 0.428704 0.496875 0.417593 0.493750 0.409259
0 0.490625 0.404630 0.484896 0.402778 0.478646 0.408333 0.467187 0.543519 0.466667 0.559259 0.470313 0.568519 0.476042 0.570370 0.482292 0.568519 0.486979 0.562963 0.489062 0.554630 0.489062 0.543519 0.485938 0.535185
0 0.482812 0.530556 0.477604 0.528704 0.471354 0.534259 0.228125 0.901852 0.227604 0.916667 0.231250 0.925926 0.236979 0.927778 0.243750 0.925926 0.247917 0.920370 0.250521 0.912963 0.250000 0.901852 0.246875 0.894444
0 0.243750 0.888889 0.238542 0.887037 0.232292 0.892593 0.143750 0.963889 0.143750 0.980556 0.147396 0.987963 0.152604 0.990741 0.158854 0.989815 0.163021 0.984259 0.165625 0.975926 0.165625 0.964815 0.162500 0.956481 0.159375 0.951852
0 0.154167 0.950000 0.147396 0.955556 0.073958 0.930556 0.073437 0.946296 0.077083 0.954630 0.082813 0.957407 0.089583 0.955556 0.093750 0.950000 0.095833 0.942593 0.095312 0.930556 0.092708 0.922222 0.089583 0.918519
0 0.083854 0.916667 0.078125 0.922222 0.004167 0.848148 0.007292 0.872222 0.012500 0.875000 0.019271 0.872222 0.022917 0.866667 0.025521 0.860185 0.025521 0.848148 0.022396 0.839815 0.019271 0.836111 0.014062 0.834259
0 0.007812 0.839815 0.108854 0.447222 0.108333 0.463889 0.111979 0.472222 0.117188 0.475000 0.123438 0.473148 0.128125 0.466667 0.130208 0.459259 0.130208 0.448148 0.127083 0.439815 0.123958 0.435185 0.118750 0.433333
0 0.113021 0.438889 0.150521 0.435185 0.150000 0.450926 0.154167 0.460185 0.159375 0.462963 0.166146 0.460185 0.170312 0.454630 0.172917 0.447222 0.172917 0.435185 0.169792 0.426852 0.166667 0.423148 0.160938 0.421296
0 0.154687 0.426852 0.217708 0.433333 0.216667 0.450000 0.220833 0.458333 0.226042 0.461111 0.232812 0.459259 0.236979 0.453704 0.239583 0.445370 0.239583 0.434259 0.236458 0.425926 0.233333 0.421296 0.227604 0.419444
0 0.221354 0.425000 0.246875 0.415741 0.245833 0.432407 0.250000 0.440741 0.255208 0.443519 0.261979 0.441667 0.266146 0.435185 0.268750 0.427778 0.268750 0.416667 0.265625 0.408333 0.262500 0.403704 0.256771 0.401852
0 0.250521 0.407407 0.288021 0.352778 0.287500 0.369444 0.291146 0.377778 0.296354 0.380556 0.303125 0.378704 0.307292 0.372222 0.309896 0.364815 0.309896 0.353704 0.306771 0.345370 0.303646 0.340741 0.298438 0.338889
0 0.291667 0.344444 0.222917 0.391667 0.222396 0.408333 0.226042 0.416667 0.231771 0.419444 0.238021 0.417593 0.242708 0.411111 0.244792 0.403704 0.244792 0.391667 0.241667 0.383333 0.238542 0.379630 0.233333 0.377778
0 0.227083 0.383333 0.144271 0.172222 0.143229 0.187963 0.146875 0.197222 0.152604 0.199074 0.159375 0.197222 0.163542 0.191667 0.166146 0.183333 0.165625 0.172222 0.163021 0.163889 0.159375 0.159259 0.154167 0.157407
0 0.148438 0.162963 0.194792 0.185185 0.193750 0.201852 0.196875 0.210185 0.203125 0.212037 0.209896 0.210185 0.214062 0.203704 0.216667 0.197222 0.216146 0.185185 0.213542 0.176852 0.209896 0.173148 0.205208 0.171296
0 0.198958 0.176852 0.356250 0.332407 0.355729 0.349074 0.359375 0.357407 0.365104 0.360185 0.371354 0.357407 0.375521 0.351852 0.378125 0.344444 0.378125 0.332407 0.375000 0.324074 0.371875 0.320370 0.366667 0.318519
0 0.360417 0.324074 0.026042 0.312037 0.025521 0.327778 0.029167 0.336111 0.034896 0.338889 0.041146 0.337037 0.045313 0.330556 0.047917 0.323148 0.047396 0.311111 0.044792 0.303704 0.042188 0.300000 0.036458 0.298148
0 0.030208 0.303704 0.010937 0.187037 0.009896 0.203704 0.014062 0.212037 0.018750 0.213889 0.025521 0.212037 0.029687 0.205556 0.032292 0.199074 0.032292 0.187037 0.029167 0.178704 0.026563 0.175000 0.020833 0.173148
0 0.014583 0.178704 0.261979 0.137037 0.261458 0.153704 0.265104 0.162037 0.270312 0.164815 0.277083 0.162963 0.281250 0.157407 0.283854 0.149074 0.283854 0.137963 0.280729 0.129630 0.277604 0.125000 0.272396 0.123148
0 0.265625 0.128704 0.508333 0.283333 0.507812 0.300000 0.511979 0.308333 0.517187 0.311111 0.523958 0.309259 0.528125 0.303704 0.530729 0.295370 0.530729 0.284259 0.527604 0.275926 0.524479 0.271296 0.518750 0.269444
0 0.512500 0.275000 0.462500 0.284259 0.461979 0.300926 0.466146 0.309259 0.471354 0.312037 0.478125 0.309259 0.482292 0.303704 0.484896 0.296296 0.484896 0.284259 0.481771 0.275926 0.478646 0.272222 0.472917 0.270370
0 0.466667 0.275926 0.472396 0.088889 0.471875 0.105556 0.475521 0.113889 0.481250 0.116667 0.487500 0.114815 0.492188 0.109259 0.494271 0.100926 0.494271 0.089815 0.491146 0.081481 0.488021 0.076852 0.482812 0.075000
0 0.476562 0.080556 0.390104 0.108333 0.389583 0.125000 0.393229 0.133333 0.398958 0.135185 0.405208 0.133333 0.409896 0.128704 0.411979 0.120370 0.411979 0.109259 0.408854 0.100926 0.405729 0.096296 0.400521 0.094444
0 0.394271 0.100000 0.623438 0.211111 0.622917 0.226852 0.626562 0.236111 0.632292 0.238889 0.638542 0.236111 0.642708 0.230556 0.645312 0.223148 0.645312 0.211111 0.642187 0.202778 0.639063 0.199074 0.633854 0.197222
0 0.627604 0.202778 0.600521 0.231481 0.600000 0.248148 0.604167 0.256481 0.609375 0.259259 0.616146 0.257407 0.620313 0.250926 0.622917 0.243519 0.622917 0.232407 0.619792 0.224074 0.616667 0.219444 0.610937 0.217593
0 0.604688 0.223148 0.637500 0.105556 0.636979 0.122222 0.641146 0.130556 0.646354 0.133333 0.653125 0.131481 0.657292 0.125926 0.659896 0.117593 0.659375 0.106481 0.656250 0.098148 0.653125 0.093519 0.647917 0.091667
0 0.641667 0.097222 0.760417 0.198148 0.759375 0.214815 0.763542 0.223148 0.768750 0.225926 0.775521 0.224074 0.779688 0.217593 0.782292 0.210185 0.782292 0.199074 0.779167 0.191667 0.776042 0.187037 0.770833 0.185185
0 0.764063 0.189815 0.781250 0.075926 0.780729 0.091667 0.784375 0.100000 0.789583 0.102778 0.796354 0.100926 0.800521 0.095370 0.803125 0.087963 0.802604 0.075926 0.799479 0.067593 0.796354 0.063889 0.791146 0.062037
0 0.785417 0.067593 0.787500 0.031481 0.786979 0.047222 0.790625 0.055556 0.795833 0.058333 0.802604 0.056481 0.806771 0.050926 0.809375 0.043519 0.809375 0.032407 0.806250 0.024074 0.803125 0.019444 0.797917 0.017593
0 0.791146 0.023148 0.663021 0.560185 0.662500 0.576852 0.666146 0.585185 0.671875 0.587963 0.678125 0.585185 0.682813 0.579630 0.684896 0.572222 0.684896 0.560185 0.681771 0.551852 0.678646 0.548148 0.673437 0.546296
0 0.667188 0.551852 0.589063 0.843518 0.588542 0.860185 0.592188 0.867593 0.597917 0.870370 0.604688 0.868519 0.608333 0.863889 0.611458 0.855556 0.611458 0.844444 0.608333 0.836111 0.605208 0.831481 0.599479 0.829630
0 0.593229 0.835185 0.486458 0.641667 0.485938 0.658333 0.489583 0.666667 0.495313 0.669444 0.501042 0.667593 0.505729 0.662037 0.507812 0.653704 0.507812 0.642593 0.504687 0.634259 0.501562 0.629630 0.496875 0.627778
0 0.490625 0.633333 0.498437 0.512037 0.498437 0.527778 0.502083 0.536111 0.507292 0.538889 0.514063 0.536111 0.518229 0.530556 0.520833 0.523148 0.520833 0.511111 0.517708 0.502778 0.514583 0.499074 0.502604 0.502778
0 0.538021 0.468519 0.537500 0.485185 0.541146 0.493519 0.546875 0.496296 0.553646 0.494444 0.557813 0.488889 0.560417 0.480556 0.559896 0.469444 0.557292 0.461111 0.553646 0.456481 0.548437 0.454630 0.542188 0.460185
0 0.055208 0.754630 0.054688 0.771296 0.058333 0.779630 0.064062 0.782407 0.070833 0.780556 0.075000 0.774074 0.077083 0.766667 0.076563 0.755556 0.073958 0.747222 0.070833 0.742593 0.065104 0.740741 0.059375 0.746296
0 0.242708 0.709259 0.242188 0.722222 0.244271 0.734259 0.250000 0.742593 0.256250 0.742593 0.261458 0.740741 0.267188 0.731481 0.269792 0.721296 0.269792 0.710185 0.268229 0.700926 0.261458 0.695370 0.255729 0.693519
0 0.246875 0.700000 0.345833 0.537037 0.344792 0.550000 0.346875 0.562963 0.352083 0.570370 0.358854 0.570370 0.364583 0.568519 0.369792 0.560185 0.372396 0.550000 0.372396 0.538889 0.370833 0.529630 0.364583 0.523148
0 0.358854 0.522222 0.350000 0.528704 0.362500 0.192593 0.359896 0.195370 0.357812 0.201852 0.357812 0.208333 0.359375 0.213889 0.363542 0.215741 0.367708 0.213889 0.369271 0.209259 0.369792 0.201852 0.368229 0.195370
0 0.366146 0.191667 0.326042 0.165741 0.322396 0.168519 0.319792 0.175926 0.319271 0.183333 0.321354 0.189815 0.324479 0.192593 0.329167 0.192593 0.332812 0.187037 0.334896 0.181481 0.334896 0.174074 0.332812 0.167593
0 0.329688 0.164815 0.203125 0.250000 0.203125 0.258333 0.204167 0.263889 0.205729 0.267593 0.209896 0.269444 0.215625 0.266667 0.218229 0.262037 0.219792 0.253704 0.219271 0.246296 0.217708 0.240741 0.214583 0.237037
0 0.210417 0.237037 0.205729 0.242593 0.160938 0.310185 0.160938 0.318519 0.161979 0.324074 0.164062 0.327778 0.167708 0.328704 0.173438 0.326852 0.176042 0.322222 0.177604 0.313889 0.177083 0.306481 0.175521 0.300000
0 0.172396 0.297222 0.168229 0.297222 0.163542 0.301852 0.203125 0.315741 0.203125 0.325000 0.204167 0.330556 0.206250 0.334259 0.209896 0.335185 0.215625 0.333333 0.218229 0.327778 0.219792 0.320370 0.219271 0.312963
0 0.217708 0.306481 0.214583 0.303704 0.210417 0.303704 0.205729 0.308333 0.178646 0.387963 0.178646 0.397222 0.179688 0.402778 0.181250 0.406481 0.185417 0.407407 0.191146 0.405556 0.193750 0.400000 0.195312 0.392593 0.194792 0.385185
0 0.192708 0.378704 0.190104 0.375926 0.185937 0.375926 0.181250 0.380556 0.146354 0.386111 0.146354 0.394444 0.147396 0.400000 0.149479 0.404630 0.153125 0.405556 0.158854 0.403704 0.161979 0.398148 0.163021 0.389815 0.162500 0.382407
0 0.160938 0.376852 0.157813 0.373148 0.154167 0.373148 0.149479 0.378704 0.176563 0.220370 0.176563 0.227778 0.177083 0.234259 0.179167 0.237963 0.182812 0.238889 0.188542 0.237037 0.191146 0.231481
0 0.192708 0.224074 0.192188 0.216667 0.190625 0.211111 0.187500 0.208333 0.183854 0.208333 0.179167 0.212963 0.131250 0.209259 0.131250 0.217593 0.132292 0.224074 0.134375 0.227778 0.138021 0.228704 0.143750 0.226852
0 0.146875 0.221296 0.147917 0.213889 0.147396 0.206481 0.145833 0.200000 0.142708 0.197222 0.139062 0.197222 0.134375 0.201852 0.110937 0.320370 0.110417 0.328704 0.111979 0.334259 0.113542 0.337963 0.117188 0.339815 0.123438 0.337037
0 0.126042 0.332407 0.127083 0.324074 0.126563 0.316667 0.125000 0.310185 0.121875 0.307407 0.118229 0.307407 0.113542 0.312037 0.058854 0.242593 0.058854 0.251852 0.059896 0.257407 0.061979 0.261111 0.065104 0.262037 0.070833 0.260185
0 0.073958 0.255556 0.075000 0.247222 0.074479 0.239815 0.073437 0.233333 0.070312 0.230556 0.066667 0.230556 0.061979 0.235185 0.094792 0.249074 0.094792 0.258333 0.095833 0.263889 0.097917 0.267593 0.101562 0.267593 0.106771 0.265741
0 0.109896 0.261111 0.110937 0.253704 0.110937 0.246296 0.109375 0.239815 0.106250 0.237037 0.102604 0.237037 0.097917 0.241667 0.056250 0.340741 0.055729 0.349074 0.057292 0.354630 0.058854 0.358333 0.062500 0.360185 0.068229 0.358333
0 0.071354 0.352778 0.072396 0.344444 0.071875 0.337037 0.070312 0.331481 0.067188 0.327778 0.063542 0.327778 0.058854 0.333333 0.043750 0.264815 0.043750 0.273148 0.044792 0.278704 0.046354 0.283333 0.050521 0.284259 0.055729 0.283333
0 0.058333 0.276852 0.060417 0.268519 0.059896 0.261111 0.058333 0.255556 0.055208 0.251852 0.051042 0.252778 0.046354 0.257407 0.185937 0.271296 0.185937 0.279630 0.186979 0.286111 0.189063 0.289815 0.192708 0.290741 0.198437 0.288889
0 0.201042 0.283333 0.202604 0.275926 0.202083 0.267593 0.200521 0.262037 0.197396 0.259259 0.193229 0.259259 0.188542 0.263889 0.154167 0.482407 0.154167 0.490741 0.155208 0.496296 0.156771 0.500000 0.160938 0.500000 0.166667 0.499074
0 0.169271 0.494444 0.170833 0.486111 0.170312 0.478704 0.168750 0.472222 0.165625 0.469444 0.161458 0.469444 0.156771 0.474074 0.029167 0.234259 0.029167 0.242593 0.030208 0.248148 0.031250 0.251852 0.034896 0.253704 0.041146 0.250926
0 0.043750 0.246296 0.044792 0.237963 0.044792 0.230556 0.042708 0.225000 0.040625 0.221296 0.036458 0.221296 0.031771 0.225926 0.091667 0.162963 0.091667 0.170370 0.092708 0.176852 0.094792 0.180556 0.097917 0.181481 0.103646 0.179630
0 0.106771 0.174074 0.107813 0.166667 0.107292 0.159259 0.106250 0.153704 0.103125 0.150000 0.099479 0.150926 0.094271 0.155556 0.058854 0.538889 0.058333 0.547222 0.059896 0.553704 0.061458 0.557407 0.064583 0.558333 0.070833 0.556481
0 0.073437 0.550926 0.074479 0.543519 0.073958 0.535185 0.072396 0.529630 0.069271 0.525926 0.065625 0.526852 0.060938 0.532407 0.017708 0.544444 0.017708 0.552778 0.018750 0.559259 0.020833 0.562963 0.023958 0.564815 0.029687 0.562037
0 0.032812 0.556481 0.033854 0.549074 0.033333 0.541667 0.031771 0.535185 0.028646 0.532407 0.025000 0.532407 0.020833 0.537037 0.133854 0.506481 0.133854 0.515741 0.134896 0.521296 0.136458 0.525000 0.140104 0.525926 0.146354 0.524074
0 0.148958 0.518519 0.150000 0.511111 0.150000 0.503704 0.147917 0.498148 0.145313 0.495370 0.141146 0.495370 0.135937 0.500000 0.116146 0.529630 0.116146 0.537963 0.117188 0.543519 0.119271 0.547222 0.122917 0.549074 0.128646 0.546296
0 0.131771 0.541667 0.132812 0.533333 0.132292 0.525926 0.130729 0.519444 0.127604 0.516667 0.123958 0.516667 0.118750 0.521296 0.139583 0.645370 0.139583 0.653704 0.140625 0.660185 0.142708 0.663889 0.146354 0.664815 0.152083 0.662963
0 0.155208 0.657407 0.156250 0.649074 0.155729 0.641667 0.154167 0.636111 0.151042 0.632407 0.147396 0.633333 0.142188 0.637963 0.101562 0.712037 0.101562 0.720370 0.102604 0.726852 0.104687 0.730556 0.108333 0.731481 0.114063 0.729630
0 0.116667 0.724074 0.118229 0.715741 0.117708 0.708333 0.116146 0.702778 0.113021 0.699074 0.108854 0.700000 0.104167 0.704630 0.041146 0.708333 0.041146 0.716667 0.042188 0.722222 0.044271 0.725926 0.047917 0.727778 0.053646 0.725926
0 0.056771 0.720370 0.057292 0.712037 0.056771 0.704630 0.055208 0.700000 0.052083 0.696296 0.048958 0.696296 0.043750 0.700926 0.242188 0.537037 0.242188 0.545370 0.243229 0.551852 0.245312 0.555556 0.248958 0.556481 0.254687 0.554630
0 0.257292 0.549074 0.258854 0.541667 0.258333 0.534259 0.256771 0.527778 0.253646 0.525000 0.249479 0.525000 0.244792 0.529630 0.272917 0.500926 0.272917 0.509259 0.273958 0.515741 0.275521 0.519444 0.279687 0.520370 0.285417 0.518519
0 0.288021 0.512963 0.289583 0.505556 0.289062 0.498148 0.287500 0.492593 0.284375 0.488889 0.280208 0.489815 0.275521 0.494444 0.181771 0.677778 0.181771 0.686111 0.182812 0.691667 0.184375 0.695370 0.188542 0.697222 0.194271 0.695370
0 0.196875 0.689815 0.198437 0.681481 0.197917 0.674074 0.196354 0.668519 0.193229 0.664815 0.189063 0.664815 0.184375 0.670370 0.256250 0.669444 0.255729 0.677778 0.257292 0.683333 0.258854 0.687037 0.262500 0.687963 0.268229 0.686111
0 0.271354 0.681481 0.272396 0.673148 0.271875 0.665741 0.270312 0.659259 0.267188 0.656482 0.263542 0.656482 0.258854 0.661111 0.176563 0.793519 0.176563 0.801852 0.177604 0.808333 0.179688 0.812037 0.183333 0.812963 0.189063 0.811111
0 0.191667 0.805556 0.192708 0.797222 0.192188 0.789815 0.190625 0.785185 0.187500 0.781482 0.183333 0.782407 0.179167 0.786111 0.207813 0.830556 0.207813 0.838889 0.208854 0.844444 0.210938 0.849074 0.214583 0.850000 0.219792 0.848148
0 0.222917 0.842593 0.223958 0.834259 0.223438 0.826852 0.221875 0.821296 0.218750 0.817593 0.215104 0.818519 0.210417 0.823148 0.251563 0.807407 0.251563 0.815741 0.252604 0.820370 0.254687 0.824074 0.258333 0.825926 0.264062 0.824074
0 0.267188 0.819444 0.268229 0.811111 0.267708 0.803704 0.266146 0.798148 0.263021 0.794444 0.259375 0.794444 0.254167 0.800000 0.333333 0.856481 0.333333 0.864815 0.334375 0.870370 0.335938 0.874074 0.339583 0.875926 0.345833 0.873148
0 0.348437 0.868519 0.349479 0.860185 0.348958 0.853704 0.347396 0.848148 0.344792 0.844444 0.340625 0.844444 0.335417 0.849074 0.324479 0.827778 0.324479 0.836111 0.325521 0.842593 0.327604 0.846296 0.331250 0.847222 0.336979 0.845370
0 0.340104 0.839815 0.341146 0.832407 0.340625 0.825000 0.339063 0.818519 0.335938 0.815741 0.332292 0.815741 0.327604 0.820370 0.392188 0.910185 0.392188 0.918519 0.393229 0.925000 0.395312 0.928704 0.398958 0.929630 0.404687 0.927778
0 0.407813 0.922222 0.408854 0.913889 0.408333 0.906482 0.406771 0.900926 0.403646 0.897222 0.400000 0.898148 0.395312 0.902778 0.370313 0.892593 0.370313 0.901852 0.371354 0.907407 0.373437 0.911111 0.377083 0.912037 0.382812 0.910185
0 0.385938 0.904630 0.386979 0.897222 0.386458 0.889815 0.384896 0.883333 0.381771 0.880556 0.378125 0.880556 0.372917 0.885185 0.354167 0.917593 0.354167 0.925926 0.355208 0.931481 0.356771 0.935185 0.360938 0.936111 0.366146 0.934259
0 0.368750 0.929630 0.370313 0.921296 0.369792 0.913889 0.367708 0.907407 0.365104 0.904630 0.360938 0.904630 0.356250 0.909259 0.335938 0.934259 0.335938 0.941667 0.336979 0.947222 0.339063 0.950926 0.342708 0.952778 0.348437 0.950000
0 0.351042 0.945370 0.352604 0.937963 0.352083 0.930556 0.350521 0.925000 0.347396 0.921296 0.343229 0.921296 0.338542 0.926852 0.319792 0.922222 0.319271 0.930556 0.320833 0.936111 0.322396 0.939815 0.326042 0.940741 0.332292 0.939815
0 0.334896 0.934259 0.335938 0.925926 0.335417 0.918519 0.333854 0.912963 0.331250 0.909259 0.327083 0.910185 0.322396 0.914815 0.367708 0.946296 0.367188 0.954630 0.368750 0.960185 0.370313 0.963889 0.373958 0.964815 0.379687 0.963889
0 0.382292 0.958333 0.383333 0.950926 0.382812 0.943519 0.381250 0.937037 0.378125 0.934259 0.374479 0.934259 0.369792 0.938889 0.273958 0.939815 0.273958 0.948148 0.275000 0.953704 0.277083 0.957407 0.280729 0.959259 0.286458 0.957407
0 0.289062 0.951852 0.290104 0.943519 0.289583 0.936111 0.288021 0.930556 0.284896 0.926852 0.281250 0.926852 0.276563 0.932407 0.179167 0.954630 0.179167 0.963889 0.180729 0.969444 0.182812 0.973148 0.185937 0.974074 0.191667 0.972222
0 0.194792 0.966667 0.195833 0.959259 0.195312 0.952778 0.193750 0.946296 0.190625 0.943519 0.186979 0.943519 0.181771 0.948148 0.211458 0.928704 0.211458 0.937037 0.213021 0.942593 0.214583 0.946296 0.217708 0.949074 0.223958 0.946296
0 0.226562 0.940741 0.227604 0.932407 0.227604 0.925000 0.225521 0.919444 0.222917 0.915741 0.218750 0.915741 0.214062 0.921296 0.161458 0.851852 0.161979 0.860185 0.163542 0.866667 0.165104 0.870370 0.168750 0.871296 0.173958 0.869444
0 0.177083 0.863889 0.178125 0.856481 0.177604 0.849074 0.176042 0.842593 0.172917 0.839815 0.169271 0.839815 0.164583 0.844444 0.117708 0.897222 0.117708 0.905556 0.118750 0.912037 0.120833 0.915741 0.124479 0.916667 0.130208 0.914815
0 0.133333 0.909259 0.134375 0.900926 0.133854 0.893519 0.132292 0.887963 0.129167 0.884259 0.125521 0.885185 0.120833 0.889815 0.115625 0.949074 0.115104 0.957407 0.116667 0.962963 0.118229 0.966667 0.121875 0.968518 0.127604 0.966667
0 0.130729 0.961111 0.131250 0.953704 0.130729 0.945370 0.129167 0.939815 0.126042 0.936111 0.122396 0.936111 0.118229 0.941667 0.085417 0.991667 0.082292 0.988889 0.078646 0.988889 0.034896 0.837037 0.034896 0.845370 0.035937 0.850926
0 0.037500 0.854630 0.041146 0.855556 0.046875 0.853704 0.049479 0.849074 0.050521 0.840741 0.050521 0.833333 0.048437 0.826852 0.045833 0.824074 0.041667 0.824074 0.036979 0.828704 0.056771 0.881481 0.056771 0.888889 0.057813 0.894444
0 0.059896 0.898148 0.063542 0.900000 0.068750 0.898148 0.071354 0.893519 0.072917 0.885185 0.072396 0.877778 0.070833 0.872222 0.067708 0.868519 0.063542 0.868519 0.058854 0.874074 0.077604 0.868519 0.077604 0.876852 0.079167 0.882407
0 0.080729 0.886111 0.084375 0.887963 0.090104 0.886111 0.092708 0.880556 0.093750 0.872222 0.093229 0.864815 0.091667 0.859259 0.088542 0.855556 0.084896 0.855556 0.080208 0.861111 0.010937 0.967593 0.010937 0.976852 0.012500 0.982407
0 0.014583 0.986111 0.017708 0.987037 0.023438 0.985185 0.026563 0.979630 0.027604 0.972222 0.026563 0.965741 0.025000 0.959259 0.021875 0.956481 0.018750 0.956481 0.013021 0.961111 0.156250 0.791667 0.156250 0.800000 0.157292 0.805556
0 0.159375 0.809259 0.163021 0.810185 0.168750 0.808333 0.171354 0.803704 0.172917 0.795370 0.172396 0.787963 0.170833 0.781482 0.167708 0.778704 0.163542 0.778704 0.158854 0.783333 0.200521 0.707407 0.200521 0.715741 0.201562 0.722222
0 0.203646 0.725926 0.207292 0.726852 0.213021 0.725000 0.216146 0.719444 0.217187 0.711111 0.216667 0.703704 0.215104 0.698148 0.211979 0.694444 0.208333 0.695370 0.203646 0.700000 0.039062 0.173148 0.039062 0.182407 0.040104 0.187963
0 0.042188 0.191667 0.045833 0.192593 0.051562 0.189815 0.054167 0.185185 0.055729 0.177778 0.055208 0.170370 0.053646 0.163889 0.050521 0.161111 0.046354 0.161111 0.041667 0.165741 0.532812 0.136111 0.532812 0.144444 0.533854 0.150926
0 0.535417 0.154630 0.539062 0.155556 0.545313 0.153704 0.547917 0.148148 0.548958 0.140741 0.548958 0.132407 0.546354 0.127778 0.544271 0.124074 0.540104 0.125000 0.535417 0.128704 0.134896 0.242593 0.131771 0.245370 0.130208 0.250926
0 0.129688 0.257407 0.131250 0.262963 0.135417 0.264815 0.140104 0.262963 0.141667 0.258333 0.141667 0.250926 0.140625 0.244444 0.138021 0.241667 0.118750 0.202778 0.116146 0.205556 0.114063 0.212037 0.114063 0.218519 0.115625 0.224074
0 0.119792 0.225926 0.123438 0.224074 0.125000 0.219444 0.126042 0.212037 0.124479 0.205556 0.122396 0.201852 0.323438 0.253704 0.323438 0.262037 0.324479 0.268519 0.326562 0.272222 0.330208 0.273148 0.335938 0.271296 0.339063 0.265741
0 0.340104 0.257407 0.339583 0.250000 0.338021 0.244444 0.334896 0.240741 0.331250 0.241667 0.326562 0.246296 0.282813 0.159259 0.279687 0.162037 0.278125 0.167593 0.278125 0.174074 0.279167 0.178704 0.283333 0.181481 0.288021 0.178704
0 0.289583 0.174074 0.289583 0.166667 0.288542 0.162037 0.285937 0.158333 0.471354 0.224074 0.471354 0.232407 0.472396 0.237963 0.474479 0.242593 0.478125 0.243519 0.483854 0.241667 0.486979 0.236111 0.488021 0.227778 0.487500 0.220370
0 0.485938 0.214815 0.482812 0.211111 0.479167 0.212037 0.474479 0.216667 0.450000 0.437963 0.450000 0.446296 0.451042 0.451852 0.452604 0.456481 0.456771 0.457407 0.462500 0.455556 0.465104 0.450000 0.466667 0.441667 0.466146 0.434259
0 0.464583 0.428704 0.461458 0.425000 0.457292 0.425926 0.452604 0.430556 0.421354 0.549074 0.421354 0.557407 0.422396 0.562963 0.423958 0.566667 0.427604 0.568519 0.433854 0.566667 0.436458 0.561111 0.437500 0.552778 0.437500 0.545370
0 0.435417 0.539815 0.432813 0.536111 0.428646 0.536111 0.423958 0.541667 0.400000 0.624074 0.400000 0.632407 0.401042 0.638889 0.402604 0.642593 0.406250 0.643519 0.412500 0.641667 0.415104 0.636111 0.416146 0.628704 0.416146 0.620370
0 0.414062 0.614815 0.411458 0.611111 0.407292 0.612037 0.402604 0.616667 0.367708 0.658333 0.367708 0.666667 0.368750 0.672222 0.370833 0.675926 0.374479 0.677778 0.380208 0.675000 0.382812 0.670370 0.384375 0.662037 0.383854 0.654630
0 0.382292 0.648148 0.379167 0.645370 0.375000 0.645370 0.370313 0.650000 0.387500 0.716667 0.387500 0.725000 0.388542 0.730556 0.390625 0.734259 0.394271 0.736111 0.400000 0.734259 0.403125 0.728704
0 0.404167 0.720370 0.403646 0.712963 0.402083 0.707407 0.398958 0.703704 0.395312 0.703704 0.390625 0.709259 0.401563 0.807407 0.401563 0.815741 0.402604 0.821296 0.404687 0.825000 0.408333 0.826852
0 0.414062 0.824074 0.416667 0.819444 0.418229 0.811111 0.417708 0.803704 0.416146 0.797222 0.413021 0.794444 0.408854 0.794444 0.404167 0.799074 0.332292 0.984259 0.332292 0.993519 0.348958 0.988889 0.348437 0.981481 0.346875 0.975000
0 0.343750 0.972222 0.339583 0.972222 0.334896 0.976852 0.285937 0.874074 0.285937 0.882407 0.287500 0.888889 0.289062 0.892593 0.292708 0.893519 0.298438 0.891667 0.301562 0.886111 0.302604 0.878704
0 0.302083 0.870370 0.300521 0.864815 0.297396 0.862037 0.293750 0.862037 0.289062 0.866667 0.366667 0.987963 0.382812 0.991667 0.382812 0.984259 0.380729 0.977778 0.378125 0.975000 0.373958 0.975000 0.369271 0.979630 0.386458 0.983333
0 0.386458 0.991667 0.402604 0.987037 0.402083 0.979630 0.400521 0.974074 0.397396 0.970370 0.393750 0.970370 0.388542 0.975926 0.487500 0.689815 0.487500 0.698148 0.488542 0.703704 0.490625 0.707407 0.494271 0.707407 0.499479 0.707407
0 0.502083 0.701852 0.503646 0.693519 0.503125 0.686111 0.501562 0.679630 0.498958 0.676852 0.494792 0.676852 0.490104 0.681481 0.601562 0.907407 0.601562 0.916667 0.602604 0.922222 0.604688 0.925926 0.608333 0.925926 0.614062 0.925000
0 0.617188 0.919444 0.618229 0.912037 0.617708 0.904630 0.616146 0.898148 0.613021 0.895370 0.608854 0.895370 0.604167 0.900000 0.620313 0.891667 0.620313 0.900000 0.621354 0.905556 0.623438 0.909259 0.627083 0.910185 0.632812 0.908333
0 0.635417 0.903704 0.636979 0.895370 0.636458 0.887963 0.634896 0.881481 0.631771 0.878704 0.627604 0.878704 0.622917 0.883333 0.602083 0.778704 0.602083 0.787037 0.603646 0.792593 0.605208 0.796296 0.608854 0.796296 0.614583 0.795370
0 0.617708 0.790741 0.618750 0.782407 0.618229 0.775000 0.616667 0.768519 0.613542 0.765741 0.609896 0.765741 0.605208 0.770370 0.566146 0.755556 0.566146 0.763889 0.567187 0.770370 0.568750 0.774074 0.572396 0.774074 0.578646 0.773148
0 0.581250 0.767593 0.582292 0.760185 0.582292 0.752778 0.580208 0.746296 0.577604 0.743519 0.573438 0.743519 0.568750 0.748148 0.684375 0.666667 0.683854 0.675926 0.685417 0.681481 0.686979 0.685185 0.690625 0.685185 0.696875 0.684259
0 0.699479 0.679630 0.700521 0.671296 0.700000 0.663889 0.698438 0.657407 0.695312 0.654630 0.691667 0.654630 0.686979 0.659259 0.763021 0.693519 0.761979 0.698148 0.763021 0.702778 0.765625 0.705556 0.767187 0.705556 0.770312 0.704630
0 0.771875 0.698148 0.771875 0.693519 0.770833 0.688889 0.767708 0.687037 0.765104 0.688889 0.668229 0.665741 0.667708 0.670370 0.668750 0.675926 0.671354 0.677778 0.673437 0.677778 0.676562 0.676852 0.678125 0.670370 0.678125 0.664815
0 0.676562 0.661111 0.673437 0.660185 0.670833 0.661111 0.681250 0.593518 0.680208 0.599074 0.681250 0.603704 0.683854 0.605556 0.685938 0.606481 0.689062 0.604630 0.690625 0.599074 0.690625 0.593518 0.689062 0.588889 0.685938 0.587963
0 0.683333 0.589815 0.764583 0.618519 0.764063 0.624074 0.764583 0.628704 0.767187 0.631481 0.769271 0.631481 0.772396 0.629630 0.773958 0.624074 0.773958 0.618519 0.772917 0.614815 0.769271 0.612963 0.766667 0.614815 0.771875 0.601852
0 0.770833 0.606481 0.771875 0.611111 0.774479 0.613889 0.776563 0.613889 0.779688 0.612037 0.781250 0.606481 0.781250 0.600926 0.779688 0.597222 0.776563 0.595370 0.773958 0.597222 0.760417 0.598148 0.759896 0.603704 0.760938 0.608333
0 0.763542 0.611111 0.765625 0.611111 0.768750 0.609259 0.770312 0.603704 0.770312 0.598148 0.768750 0.594444 0.765625 0.592593 0.763021 0.594444 0.805208 0.772222 0.804688 0.776852 0.805729 0.782407 0.808333 0.784259 0.810417 0.784259
0 0.813021 0.783333 0.815104 0.776852 0.814583 0.771296 0.813542 0.767593 0.810417 0.766667 0.807292 0.768519 0.798958 0.752778 0.798437 0.757407 0.799479 0.762963 0.802083 0.764815 0.804167 0.764815 0.806771 0.763889 0.808854 0.757407
0 0.808333 0.751852 0.807292 0.748148 0.803646 0.747222 0.801042 0.748148 0.792188 0.866667 0.791667 0.872222 0.792708 0.876852 0.794792 0.878704 0.796875 0.879630 0.800000 0.877778 0.802083 0.872222 0.801562 0.866667 0.800521 0.862963
0 0.796875 0.861111 0.794271 0.862963 0.634896 0.919444 0.634375 0.925000 0.635417 0.929630 0.637500 0.931481 0.639583 0.932407 0.642187 0.930556 0.644271 0.925000 0.643750 0.919444 0.643229 0.914815 0.639583 0.913889 0.636979 0.915741
0 0.582292 0.926852 0.581771 0.931481 0.582812 0.937037 0.585417 0.938889 0.587500 0.938889 0.590104 0.937963 0.592188 0.931481 0.591667 0.925926 0.590625 0.922222 0.587500 0.921296 0.584375 0.923148 0.533854 0.918519 0.532812 0.923148
0 0.533854 0.928704 0.536458 0.930556 0.538542 0.930556 0.541667 0.929630 0.543229 0.923148 0.543229 0.917593 0.541667 0.913889 0.538542 0.912963 0.535937 0.914815 0.494271 0.837037 0.493750 0.841667
0 0.494792 0.847222 0.497396 0.849074 0.499479 0.849074 0.501562 0.848148 0.503646 0.841667 0.503125 0.836111 0.502083 0.832407 0.498958 0.831481 0.496354 0.833333 0.478125 0.858333 0.477604 0.862963
0 0.478646 0.868519 0.480729 0.870370 0.482812 0.870370 0.485938 0.869444 0.488021 0.862963 0.487500 0.857407 0.486458 0.853704 0.482812 0.852778 0.480208 0.853704 0.387500 0.949074 0.386979 0.952778
0 0.388021 0.958333 0.390104 0.960185 0.392188 0.961111 0.395312 0.959259 0.397396 0.953704 0.396875 0.948148 0.395833 0.944444 0.392188 0.943519 0.389583 0.945370 0.239583 0.937037 0.239063 0.941667
0 0.240104 0.947222 0.242188 0.949074 0.244792 0.950000 0.247396 0.948148 0.249479 0.941667 0.248958 0.936111 0.247917 0.932407 0.244271 0.931481 0.241667 0.933333 0.251042 0.909259 0.250000 0.914815
0 0.251563 0.918519 0.254167 0.920370 0.256250 0.921296 0.258854 0.919444 0.260417 0.915741 0.259896 0.909259 0.258854 0.904630 0.255729 0.903704 0.253125 0.905556 0.071354 0.964815 0.070833 0.969444
0 0.071875 0.975000 0.073958 0.976852 0.076042 0.977778 0.079167 0.975926 0.080729 0.969444 0.080208 0.963889 0.079167 0.960185 0.075521 0.959259 0.072917 0.961111 0.093229 0.837963 0.092708 0.843518
0 0.093750 0.848148 0.095833 0.850000 0.097917 0.850926 0.101042 0.849074 0.103125 0.843518 0.102604 0.838889 0.101562 0.834259 0.097917 0.833333 0.095312 0.835185 0.009896 0.779630 0.009375 0.783333
0 0.010417 0.788889 0.013021 0.790741 0.015104 0.791667 0.017708 0.789815 0.019271 0.784259 0.019271 0.778704 0.017708 0.775000 0.014583 0.774074 0.011979 0.775926 0.028646 0.737963 0.028646 0.742593
0 0.029687 0.748148 0.031771 0.750926 0.033854 0.750000 0.036979 0.749074 0.038542 0.742593 0.038542 0.737037 0.036979 0.733333 0.033854 0.732407 0.031250 0.734259 0.220833 0.723148 0.220313 0.727778
0 0.221354 0.733333 0.223958 0.735185 0.226042 0.736111 0.228646 0.734259 0.230729 0.727778 0.230208 0.722222 0.229167 0.718518 0.226042 0.717593 0.223438 0.719444 0.192708 0.644444 0.192188 0.650000
0 0.193229 0.654630 0.195312 0.657407 0.197917 0.657407 0.200521 0.655556 0.202604 0.650000 0.202083 0.644444 0.201042 0.640741 0.197396 0.638889 0.194792 0.640741 0.227604 0.550000 0.227083 0.554630
0 0.228125 0.559259 0.230208 0.562037 0.232812 0.562037 0.235417 0.560185 0.237500 0.554630 0.236979 0.549074 0.235938 0.545370 0.232292 0.543519 0.229687 0.545370 0.327083 0.475000 0.326562 0.479630
0 0.327604 0.484259 0.330208 0.487037 0.332292 0.487037 0.334896 0.485185 0.336979 0.479630 0.336458 0.474074 0.335417 0.470370 0.332292 0.468519 0.329167 0.470370 0.286979 0.408333 0.286458 0.412963
0 0.287500 0.418519 0.290104 0.420370 0.292188 0.421296 0.294792 0.419444 0.296875 0.412963 0.296354 0.407407 0.295312 0.403704 0.292188 0.402778 0.289062 0.404630 0.356250 0.372222 0.355729 0.376852
0 0.356771 0.381481 0.359375 0.384259 0.361458 0.384259 0.364062 0.382407 0.366146 0.376852 0.365625 0.371296 0.364583 0.367593 0.361458 0.365741 0.358333 0.367593 0.376563 0.525926 0.376042 0.530556
0 0.376563 0.535185 0.379167 0.537963 0.381250 0.537963 0.384375 0.536111 0.385938 0.530556 0.385938 0.525000 0.384896 0.521296 0.381250 0.519444 0.378646 0.521296 0.427083 0.494444 0.426042 0.500000
0 0.427604 0.503704 0.430208 0.506481 0.432292 0.506481 0.435417 0.504630 0.436458 0.500000 0.436979 0.494444 0.435417 0.490741 0.432292 0.488889 0.429688 0.490741 0.456771 0.608333 0.456250 0.612963
0 0.457292 0.617593 0.459896 0.620370 0.461979 0.620370 0.464583 0.619444 0.466667 0.612963 0.466146 0.607407 0.465104 0.603704 0.461979 0.601852 0.458854 0.603704 0.345313 0.594444 0.345313 0.603704
0 0.346354 0.609259 0.348437 0.612963 0.352083 0.613889 0.357812 0.612037 0.360417 0.606481 0.361979 0.599074 0.361458 0.591667 0.359896 0.585185 0.356771 0.582407 0.352604 0.582407 0.347917 0.587037
0 0.488542 0.526852 0.488021 0.531482 0.489062 0.536111 0.491146 0.538889 0.493229 0.538889 0.496354 0.537963 0.498437 0.531482 0.497917 0.525926 0.496875 0.522222 0.493229 0.521296 0.490625 0.522222
0 0.523438 0.533333 0.522917 0.537963 0.523958 0.542593 0.526563 0.545370 0.528646 0.545370 0.531250 0.544444 0.533333 0.537963 0.532812 0.532407 0.531771 0.528704 0.528646 0.527778 0.525521 0.528704
0 0.477083 0.582407 0.478646 0.586111 0.481250 0.586111 0.483854 0.585185 0.484896 0.582407 0.484896 0.577778 0.483854 0.575000 0.482812 0.573148 0.481250 0.572222 0.479167 0.573148 0.477083 0.575926
0 0.477083 0.579630 0.514583 0.727778 0.516146 0.730556 0.518750 0.730556 0.520833 0.729630 0.522396 0.726852 0.522396 0.723148 0.521354 0.720370 0.520312 0.718518 0.518750 0.717593 0.516667 0.717593
0 0.514583 0.720370 0.514583 0.724074 0.579687 0.639815 0.581250 0.642593 0.583333 0.643519 0.585938 0.641667 0.586979 0.638889 0.587500 0.635185 0.586458 0.632407 0.585417 0.630556 0.583854 0.629630
0 0.581250 0.629630 0.579687 0.632407 0.579167 0.637037 0.537500 0.904630 0.539062 0.908333 0.541146 0.908333 0.543750 0.907407 0.544792 0.904630 0.545313 0.900000 0.544271 0.897222 0.542708 0.895370
0 0.541146 0.894444 0.539062 0.895370 0.536979 0.898148 0.536979 0.901852 0.532292 0.858333 0.533854 0.861111 0.536458 0.862037 0.538542 0.860185 0.540104 0.857407 0.540104 0.853704 0.539062 0.850926
0 0.538021 0.849074 0.536458 0.848148 0.534375 0.848148 0.532292 0.851852 0.532292 0.855556 0.650000 0.897222 0.651563 0.900000 0.654167 0.900000 0.656250 0.899074 0.657292 0.896296 0.657812 0.892593
0 0.656771 0.889815 0.655729 0.887963 0.654167 0.887037 0.652083 0.887037 0.650000 0.889815 0.650000 0.893519 0.703125 0.820370 0.704167 0.824074 0.706771 0.824074 0.708854 0.823148 0.710417 0.820370
0 0.710417 0.815741 0.709375 0.812963 0.708854 0.811111 0.707292 0.810185 0.705208 0.811111 0.703125 0.813889 0.703125 0.817593 0.783854 0.864815 0.785417 0.867593 0.787500 0.868519 0.790104 0.866667
0 0.791146 0.863889 0.791667 0.860185 0.790625 0.857407 0.789583 0.855556 0.788021 0.854630 0.785417 0.854630 0.783854 0.857407 0.783333 0.862037 0.820833 0.747222 0.822396 0.750926 0.824479 0.750926
0 0.827083 0.750000 0.828125 0.747222 0.828646 0.742593 0.827604 0.739815 0.826563 0.737963 0.825000 0.737037 0.822917 0.737963 0.820833 0.740741 0.820312 0.744444 0.681250 0.438889 0.682813 0.442593 0.684896 0.442593 0.687500 0.441667
0 0.688542 0.438889 0.688542 0.434259 0.688021 0.431481 0.686458 0.429630 0.684896 0.428704 0.682813 0.429630 0.680729 0.432407 0.680729 0.436111 0.634375 0.304630 0.635938 0.308333 0.638021 0.308333
0 0.640625 0.307407 0.641667 0.304630 0.642187 0.300000 0.641146 0.297222 0.639583 0.296296 0.638021 0.294444 0.635938 0.295370 0.633854 0.298148 0.633854 0.301852 0.652604 0.087037 0.654167 0.089815
0 0.656250 0.089815 0.658854 0.088889 0.659896 0.086111 0.660417 0.082407 0.659375 0.079630 0.657812 0.077778 0.656250 0.076852 0.654167 0.076852 0.652083 0.079630 0.652083 0.084259 0.586979 0.164815 0.588542 0.167593
0 0.591146 0.167593 0.593750 0.166667 0.594792 0.163889 0.594792 0.160185 0.594271 0.157407 0.592708 0.155556 0.591146 0.154630 0.589063 0.154630 0.586979 0.157407 0.586979 0.161111 0.323958 0.312037 0.323438 0.317593
0 0.324479 0.322222 0.327083 0.325000 0.329167 0.325000 0.331771 0.323148 0.333854 0.317593 0.333854 0.312037 0.332292 0.308333 0.329167 0.306481 0.326562 0.308333 0.239583 0.800926 0.236979 0.804630 0.234896 0.809259
0 0.234896 0.815741 0.236458 0.821296 0.240625 0.824074 0.244792 0.821296 0.246354 0.816667 0.246354 0.810185 0.245312 0.804630 0.242708 0.800926 0.292188 0.719444 0.291667 0.725000 0.292708 0.729630 0.294792 0.731481
0 0.297396 0.732407 0.300000 0.730556 0.302083 0.725000 0.301562 0.719444 0.300521 0.714815 0.296875 0.713889 0.294271 0.715741 0.583333 0.536111 0.579687 0.538889 0.577083 0.546296 0.576563 0.553704 0.578646 0.560185
0 0.581771 0.562963 0.586458 0.562963 0.590104 0.558333 0.592188 0.551852 0.592188 0.544444 0.590104 0.537963 0.586979 0.535185 0.646875 0.501852 0.648438 0.505556 0.650521 0.505556 0.653125 0.504630 0.654688 0.501852
0 0.654688 0.498148 0.653646 0.495370 0.652604 0.494444 0.651042 0.492593 0.648958 0.493519 0.646875 0.496296 0.645833 0.500000 0.708333 0.139815 0.704687 0.142593 0.702083 0.150000 0.701563 0.157407 0.703125 0.163889
0 0.706771 0.165741 0.710938 0.166667 0.715104 0.161111 0.717188 0.155556 0.717188 0.148148 0.715104 0.141667 0.711979 0.138889 0.678125 0.069444 0.679688 0.072222 0.681771 0.073148 0.684375 0.071296 0.685417 0.068519
0 0.685417 0.064815 0.684896 0.062963 0.683333 0.061111 0.681771 0.060185 0.679688 0.061111 0.677604 0.062963 0.677604 0.066667 0.581771 0.365741 0.578646 0.369444 0.576563 0.375000 0.576563 0.381481 0.578125 0.387037
