0 0.344491 0.295886 0.347782 0.298477 0.349991 0.304410 0.350179 0.311596 0.348535 0.317837 0.343832 0.321373 0.338640 0.319689 0.337063 0.315106 0.336733 0.307000 0.337909 0.300482 0.340777 0.295969
0 0.363065 0.328599 0.366355 0.331189 0.368565 0.337122 0.368753 0.344309 0.367109 0.350549 0.362406 0.354086 0.357213 0.352401 0.355636 0.347819 0.355307 0.339713 0.356483 0.333194 0.359351 0.328682
0 0.304041 0.335700 0.307332 0.338291 0.309542 0.344224 0.309730 0.351410 0.308085 0.357651 0.303383 0.361188 0.298190 0.359503 0.296613 0.354920 0.296284 0.346815 0.297459 0.340296 0.300327 0.335783
0 0.306123 0.302380 0.309414 0.304970 0.311624 0.310904 0.311812 0.318090 0.310168 0.324331 0.305465 0.327868 0.300272 0.326182 0.298695 0.321600 0.298366 0.313494 0.299542 0.306976 0.302409 0.302463
0 0.417397 0.262888 0.420687 0.265479 0.422897 0.271411 0.423085 0.278598 0.421441 0.284838 0.416739 0.288375 0.411545 0.286690 0.409969 0.282107 0.409640 0.274002 0.410815 0.267484 0.413683 0.262971
0 0.336674 0.421495 0.339965 0.424086 0.342174 0.430019 0.342363 0.437206 0.340719 0.443445 0.336016 0.446982 0.330823 0.445297 0.329246 0.440716 0.328917 0.432609 0.330092 0.426092 0.332960 0.421579
0 0.290670 0.483521 0.293961 0.486112 0.296171 0.492045 0.296359 0.499231 0.294715 0.505472 0.290012 0.509009 0.284819 0.507324 0.283242 0.502742 0.282914 0.494636 0.284089 0.488118 0.286956 0.483606
0 0.356115 0.488155 0.359406 0.490745 0.361615 0.496679 0.361803 0.503865 0.360159 0.510106 0.355457 0.513642 0.350264 0.511957 0.348687 0.507375 0.348358 0.499269 0.349533 0.492751 0.352401 0.488238
0 0.397777 0.368744 0.401068 0.371334 0.403277 0.377268 0.403465 0.384455 0.401821 0.390694 0.397118 0.394231 0.391925 0.392546 0.390348 0.387964 0.390020 0.379858 0.391195 0.373340 0.394062 0.368828
0 0.465825 0.266922 0.469116 0.269512 0.471326 0.275445 0.471514 0.282632 0.469870 0.288872 0.465167 0.292409 0.459974 0.290724 0.458397 0.286142 0.458068 0.278036 0.459243 0.271518 0.462111 0.267006
0 0.293444 0.449906 0.296735 0.452496 0.298945 0.458430 0.299133 0.465617 0.297489 0.471857 0.292786 0.475394 0.287593 0.473708 0.286016 0.469126 0.285687 0.461020 0.286862 0.454502 0.289730 0.449990
0 0.517209 0.281733 0.520500 0.284323 0.522710 0.290256 0.522898 0.297444 0.521254 0.303683 0.516551 0.307220 0.511358 0.305535 0.509781 0.300953 0.509452 0.292847 0.510628 0.286330 0.513495 0.281817
0 0.495161 0.286057 0.498453 0.288648 0.500662 0.294582 0.500850 0.301768 0.499206 0.308008 0.494504 0.311545 0.489310 0.309860 0.487734 0.305278 0.487405 0.297172 0.488580 0.290654 0.491447 0.286141
0 0.506618 0.319387 0.509909 0.321978 0.512118 0.327911 0.512306 0.335097 0.510662 0.341338 0.505960 0.344875 0.500767 0.343190 0.499190 0.338607 0.498861 0.330502 0.500036 0.323983 0.502904 0.319470
0 0.500020 0.378328 0.503311 0.380919 0.505521 0.386852 0.505709 0.394038 0.504065 0.400279 0.499362 0.403816 0.494169 0.402131 0.492592 0.397548 0.492263 0.389443 0.493439 0.382924 0.496306 0.378411
0 0.338923 0.211398 0.342214 0.213989 0.344423 0.219922 0.344611 0.227108 0.342968 0.233349 0.338265 0.236886 0.333072 0.235201 0.331495 0.230619 0.331166 0.222512 0.332341 0.215994 0.335209 0.211481
0 0.357844 0.197826 0.361135 0.200417 0.363344 0.206350 0.363533 0.213536 0.361889 0.219777 0.357186 0.223314 0.351993 0.221629 0.350416 0.217046 0.350087 0.208940 0.351262 0.202422 0.354130 0.197909
0 0.277121 0.320948 0.280412 0.323539 0.282622 0.329472 0.282810 0.336658 0.281166 0.342899 0.276463 0.346436 0.271270 0.344751 0.269693 0.340169 0.269364 0.332063 0.270540 0.325544 0.273407 0.321031
0 0.257852 0.336690 0.261142 0.339281 0.263352 0.345214 0.263540 0.352400 0.261896 0.358640 0.257193 0.362177 0.252000 0.360492 0.250423 0.355910 0.250094 0.347804 0.251269 0.341286 0.254137 0.336773
0 0.233547 0.399642 0.236838 0.402232 0.239047 0.408166 0.239235 0.415352 0.237592 0.421593 0.232889 0.425130 0.227696 0.423444 0.226119 0.418862 0.225790 0.410756 0.226965 0.404238 0.229833 0.399725
0 0.227297 0.527393 0.230588 0.529983 0.232797 0.535917 0.232985 0.543103 0.231341 0.549344 0.226639 0.552881 0.221445 0.551195 0.219869 0.546613 0.219540 0.538506 0.220715 0.531989 0.223583 0.527476
0 0.277985 0.519066 0.281277 0.521656 0.283486 0.527590 0.283674 0.534776 0.282030 0.541017 0.277327 0.544554 0.272134 0.542868 0.270557 0.538286 0.270228 0.530181 0.271404 0.523662 0.274271 0.519149
0 0.247605 0.478956 0.250896 0.481547 0.253106 0.487481 0.253294 0.494668 0.251650 0.500907 0.246947 0.504444 0.241754 0.502759 0.240177 0.498177 0.239848 0.490071 0.241023 0.483553 0.243891 0.479041
0 0.221392 0.463842 0.224682 0.466432 0.226892 0.472366 0.227080 0.479552 0.225436 0.485793 0.220733 0.489330 0.215540 0.487644 0.213964 0.483062 0.213634 0.474956 0.214810 0.468438 0.217678 0.463925
0 0.194657 0.478349 0.197948 0.480940 0.200157 0.486872 0.200345 0.494059 0.198702 0.500299 0.193999 0.503836 0.188806 0.502151 0.187229 0.497569 0.186900 0.489463 0.188075 0.482945 0.190943 0.478432
0 0.106643 0.440708 0.109934 0.443299 0.112144 0.449232 0.112332 0.456419 0.110688 0.462659 0.105985 0.466196 0.100792 0.464511 0.099215 0.459929 0.098886 0.451823 0.100061 0.445305 0.102929 0.440792
0 0.148305 0.488849 0.151596 0.491440 0.153806 0.497373 0.153994 0.504559 0.152349 0.510800 0.147647 0.514337 0.142454 0.512652 0.140877 0.508069 0.140548 0.499964 0.141723 0.493445 0.144591 0.488933
0 0.104732 0.531128 0.108022 0.533718 0.110232 0.539651 0.110420 0.546838 0.108777 0.553078 0.104073 0.556615 0.098881 0.554930 0.097304 0.550347 0.096974 0.542242 0.098150 0.535723 0.101018 0.531211
0 0.076956 0.469418 0.080246 0.472009 0.082456 0.477943 0.082644 0.485129 0.081000 0.491369 0.076297 0.494907 0.071104 0.493221 0.069528 0.488639 0.069198 0.480533 0.070374 0.474015 0.073242 0.469503
0 0.057512 0.460783 0.060803 0.463374 0.063013 0.469307 0.063201 0.476494 0.061557 0.482734 0.056854 0.486271 0.051661 0.484586 0.050084 0.480004 0.049755 0.471898 0.050930 0.465380 0.053798 0.460867
0 0.170001 0.292311 0.173292 0.294902 0.175501 0.300835 0.175689 0.308021 0.174045 0.314261 0.169342 0.317798 0.164149 0.316113 0.162572 0.311531 0.162244 0.303425 0.163419 0.296907 0.166286 0.292394
0 0.139620 0.271642 0.142911 0.274232 0.145121 0.280166 0.145309 0.287352 0.143665 0.293593 0.138962 0.297130 0.133769 0.295444 0.132193 0.290862 0.131864 0.282756 0.133039 0.276238 0.135906 0.271725
0 0.085458 0.263932 0.088749 0.266522 0.090958 0.272456 0.091146 0.279643 0.089503 0.285882 0.084799 0.289419 0.079607 0.287734 0.078030 0.283152 0.077701 0.275046 0.078876 0.268528 0.081744 0.264016
0 0.055946 0.277822 0.059236 0.280413 0.061446 0.286345 0.061634 0.293532 0.059990 0.299772 0.055287 0.303309 0.050094 0.301624 0.048518 0.297043 0.048189 0.288936 0.049364 0.282419 0.052232 0.277906
0 0.076429 0.324729 0.079720 0.327319 0.081930 0.333253 0.082118 0.340439 0.080473 0.346680 0.075771 0.350216 0.070578 0.348531 0.069001 0.343949 0.068672 0.335843 0.069847 0.329325 0.072715 0.324812
0 0.106113 0.284003 0.109404 0.286594 0.111614 0.292526 0.111802 0.299713 0.110157 0.305953 0.105455 0.309490 0.100261 0.307805 0.098685 0.303222 0.098356 0.295117 0.099531 0.288599 0.102399 0.284086
0 0.017578 0.416691 0.020869 0.419281 0.023079 0.425214 0.023267 0.432401 0.021623 0.438641 0.016920 0.442178 0.011727 0.440493 0.010151 0.435910 0.009821 0.427805 0.010996 0.421287 0.013865 0.416774
0 0.105839 0.160277 0.109129 0.162868 0.111339 0.168800 0.111527 0.175987 0.109883 0.182227 0.105180 0.185764 0.099987 0.184079 0.098410 0.179497 0.098081 0.171391 0.099257 0.164873 0.102124 0.160360
0 0.042822 0.164601 0.046113 0.167192 0.048323 0.173125 0.048511 0.180311 0.046867 0.186552 0.042164 0.190089 0.036971 0.188404 0.035394 0.183821 0.035065 0.175716 0.036241 0.169197 0.039108 0.164685
0 0.041780 0.201325 0.045071 0.203916 0.047280 0.209849 0.047468 0.217035 0.045824 0.223276 0.041122 0.226813 0.035929 0.225128 0.034352 0.220545 0.034023 0.212439 0.035198 0.205921 0.038066 0.201408
0 0.059312 0.184667 0.062603 0.187257 0.064812 0.193191 0.065001 0.200378 0.063357 0.206618 0.058654 0.210155 0.053461 0.208469 0.051884 0.203887 0.051555 0.195781 0.052730 0.189263 0.055598 0.184751
0 0.115730 0.085931 0.119020 0.088521 0.121230 0.094455 0.121418 0.101641 0.119774 0.107881 0.115071 0.111419 0.109878 0.109733 0.108302 0.105151 0.107972 0.097044 0.109147 0.090527 0.112016 0.086014
0 0.112430 0.060324 0.115721 0.062915 0.117931 0.068848 0.118119 0.076034 0.116475 0.082275 0.111772 0.085812 0.106579 0.084127 0.105002 0.079544 0.104673 0.071438 0.105848 0.064920 0.108716 0.060407
0 0.145413 0.061563 0.148703 0.064154 0.150913 0.070087 0.151101 0.077273 0.149457 0.083514 0.144754 0.087051 0.139561 0.085366 0.137984 0.080783 0.137655 0.072677 0.138831 0.066159 0.141698 0.061646
0 0.027540 0.079773 0.030831 0.082364 0.033041 0.088296 0.033229 0.095483 0.031585 0.101723 0.026882 0.105260 0.021689 0.103575 0.020112 0.098993 0.019783 0.090887 0.020958 0.084369 0.023826 0.079856
0 0.013305 0.093355 0.016595 0.095945 0.018805 0.101878 0.018993 0.109065 0.017349 0.115305 0.012646 0.118842 0.007453 0.117156 0.005877 0.112574 0.005547 0.104469 0.006723 0.097951 0.009591 0.093438
0 0.043344 0.061885 0.046635 0.064476 0.048845 0.070409 0.049033 0.077595 0.047389 0.083836 0.042686 0.087373 0.037493 0.085688 0.035916 0.081106 0.035587 0.072999 0.036762 0.066481 0.039630 0.061969
0 0.026157 0.008507 0.029448 0.011098 0.031658 0.017031 0.031846 0.024219 0.030202 0.030458 0.025499 0.033995 0.020306 0.032310 0.018729 0.027728 0.018400 0.019622 0.019576 0.013104 0.022443 0.008592
0 0.161387 0.042455 0.164678 0.045045 0.166887 0.050979 0.167076 0.058165 0.165431 0.064406 0.160729 0.067943 0.155535 0.066257 0.153959 0.061675 0.153630 0.053569 0.154805 0.047051 0.157673 0.042538
0 0.156178 0.104481 0.159469 0.107071 0.161679 0.113005 0.161867 0.120192 0.160222 0.126431 0.155520 0.129969 0.150327 0.128283 0.148750 0.123701 0.148421 0.115595 0.149596 0.109077 0.152464 0.104565
0 0.269655 0.254616 0.272946 0.257206 0.275155 0.263140 0.275343 0.270326 0.273699 0.276567 0.268997 0.280104 0.263804 0.278419 0.262227 0.273836 0.261898 0.265730 0.263073 0.259212 0.265941 0.254699
0 0.328329 0.131194 0.331620 0.133784 0.333830 0.139718 0.334018 0.146905 0.332373 0.153144 0.327671 0.156681 0.322478 0.154996 0.320901 0.150414 0.320572 0.142308 0.321747 0.135790 0.324615 0.131278
0 0.312786 0.099149 0.316077 0.101739 0.318287 0.107672 0.318475 0.114859 0.316831 0.121099 0.312128 0.124636 0.306935 0.122951 0.305358 0.118369 0.305029 0.110263 0.306205 0.103744 0.309072 0.099232
0 0.314440 0.179340 0.317730 0.181930 0.319940 0.187863 0.320128 0.195050 0.318484 0.201290 0.313781 0.204827 0.308588 0.203142 0.307011 0.198559 0.306682 0.190454 0.307858 0.183935 0.310726 0.179423
0 0.414082 0.110225 0.417373 0.112816 0.419583 0.118749 0.419771 0.125935 0.418127 0.132176 0.413424 0.135713 0.408231 0.134028 0.406654 0.129445 0.406325 0.121340 0.407501 0.114821 0.410368 0.110308
0 0.443940 0.129669 0.447230 0.132260 0.449440 0.138193 0.449628 0.145380 0.447984 0.151619 0.443281 0.155156 0.438088 0.153471 0.436511 0.148890 0.436182 0.140783 0.437358 0.134266 0.440226 0.129753
0 0.441161 0.098200 0.444452 0.100791 0.446661 0.106724 0.446849 0.113910 0.445206 0.120151 0.440503 0.123688 0.435310 0.122003 0.433733 0.117420 0.433404 0.109315 0.434579 0.102796 0.437447 0.098283
0 0.346550 0.097896 0.349842 0.100487 0.352051 0.106419 0.352239 0.113606 0.350595 0.119846 0.345893 0.123383 0.340699 0.121698 0.339123 0.117117 0.338794 0.109010 0.339969 0.102493 0.342836 0.097980
0 0.338911 0.007799 0.342203 0.010390 0.344412 0.016323 0.344600 0.023510 0.342956 0.029750 0.338253 0.033287 0.333060 0.031602 0.331483 0.027019 0.331155 0.018914 0.332330 0.012395 0.335197 0.007883
0 0.355402 0.022306 0.358693 0.024897 0.360903 0.030831 0.361091 0.038017 0.359447 0.044257 0.354744 0.047794 0.349551 0.046109 0.347974 0.041527 0.347645 0.033421 0.348820 0.026903 0.351688 0.022390
0 0.419631 0.059031 0.422922 0.061621 0.425132 0.067555 0.425320 0.074741 0.423676 0.080981 0.418973 0.084518 0.413780 0.082833 0.412203 0.078251 0.411874 0.070144 0.413050 0.063627 0.415917 0.059114
0 0.486811 0.059344 0.490103 0.061934 0.492312 0.067868 0.492500 0.075054 0.490856 0.081294 0.486154 0.084831 0.480960 0.083146 0.479384 0.078564 0.479055 0.070458 0.480230 0.063940 0.483098 0.059427
0 0.433367 0.302389 0.436657 0.304980 0.438867 0.310912 0.439055 0.318099 0.437411 0.324339 0.432708 0.327876 0.427515 0.326191 0.425939 0.321609 0.425609 0.313503 0.426785 0.306985 0.429653 0.302472
0 0.451246 0.290051 0.454537 0.292642 0.456746 0.298574 0.456934 0.305761 0.455291 0.312001 0.450588 0.315538 0.445395 0.313853 0.443818 0.309270 0.443489 0.301165 0.444664 0.294647 0.447532 0.290134
0 0.551236 0.248707 0.554527 0.251298 0.556737 0.257231 0.556924 0.264418 0.555280 0.270658 0.550578 0.274194 0.545384 0.272510 0.543808 0.267928 0.543479 0.259821 0.544654 0.253304 0.547522 0.248791
0 0.535438 0.370595 0.538729 0.373186 0.540938 0.379119 0.541126 0.386306 0.539482 0.392546 0.534779 0.396083 0.529586 0.394398 0.528009 0.389816 0.527680 0.381709 0.528856 0.375192 0.531723 0.370679
0 0.492038 0.352703 0.495329 0.355294 0.497539 0.361227 0.497727 0.368414 0.496082 0.374654 0.491380 0.378191 0.486186 0.376506 0.484610 0.371923 0.484281 0.363818 0.485456 0.357299 0.488324 0.352787
0 0.582480 0.324319 0.585771 0.326910 0.587980 0.332844 0.588169 0.340030 0.586524 0.346270 0.581822 0.349807 0.576629 0.348122 0.575052 0.343540 0.574723 0.335434 0.575898 0.328916 0.578766 0.324404
0 0.597061 0.291925 0.600352 0.294516 0.602561 0.300448 0.602750 0.307635 0.601106 0.313875 0.596403 0.317412 0.591210 0.315727 0.589633 0.311145 0.589304 0.303039 0.590479 0.296521 0.593347 0.292008
0 0.653479 0.191645 0.656769 0.194236 0.658979 0.200169 0.659167 0.207356 0.657523 0.213596 0.652820 0.217133 0.647627 0.215448 0.646051 0.210866 0.645721 0.202759 0.646897 0.196242 0.649765 0.191729
0 0.642888 0.223741 0.646179 0.226331 0.648389 0.232265 0.648577 0.239451 0.646933 0.245692 0.642230 0.249229 0.637037 0.247543 0.635460 0.242961 0.635131 0.234856 0.636306 0.228337 0.639174 0.223824
0 0.565811 0.134569 0.569102 0.137160 0.571311 0.143094 0.571500 0.150281 0.569856 0.156520 0.565153 0.160057 0.559960 0.158372 0.558383 0.153790 0.558054 0.145684 0.559229 0.139166 0.562097 0.134654
0 0.546367 0.120997 0.549658 0.123588 0.551868 0.129521 0.552056 0.136708 0.550412 0.142948 0.545709 0.146485 0.540516 0.144800 0.538939 0.140218 0.538610 0.132112 0.539785 0.125594 0.542653 0.121081
0 0.562337 0.042626 0.565628 0.045217 0.567838 0.051150 0.568026 0.058337 0.566382 0.064577 0.561679 0.068114 0.556486 0.066429 0.554909 0.061846 0.554580 0.053741 0.555755 0.047222 0.558623 0.042710
0 0.644273 0.299975 0.647564 0.302566 0.649773 0.308499 0.649961 0.315685 0.648318 0.321925 0.643615 0.325462 0.638422 0.323777 0.636845 0.319195 0.636516 0.311089 0.637691 0.304571 0.640559 0.300058
0 0.612852 0.307077 0.616142 0.309667 0.618352 0.315600 0.618540 0.322787 0.616896 0.329027 0.612193 0.332564 0.607000 0.330879 0.605424 0.326296 0.605094 0.318191 0.606270 0.311672 0.609137 0.307160
0 0.627085 0.286099 0.630376 0.288689 0.632586 0.294622 0.632774 0.301809 0.631130 0.308049 0.626427 0.311586 0.621234 0.309901 0.619657 0.305319 0.619328 0.297213 0.620504 0.290694 0.623371 0.286182
0 0.559209 0.218219 0.562499 0.220809 0.564709 0.226743 0.564897 0.233929 0.563253 0.240169 0.558551 0.243706 0.553357 0.242021 0.551781 0.237439 0.551452 0.229333 0.552627 0.222815 0.555495 0.218302
0 0.549492 0.153397 0.552783 0.155988 0.554993 0.161920 0.555181 0.169107 0.553536 0.175347 0.548834 0.178884 0.543641 0.177199 0.542064 0.172617 0.541735 0.164511 0.542910 0.157994 0.545778 0.153481
0 0.572058 0.177469 0.575350 0.180060 0.577559 0.185994 0.577747 0.193180 0.576103 0.199420 0.571401 0.202957 0.566207 0.201272 0.564630 0.196690 0.564302 0.188584 0.565477 0.182066 0.568344 0.177554
0 0.581432 0.386682 0.584722 0.389272 0.586932 0.395206 0.587120 0.402393 0.585476 0.408632 0.580773 0.412169 0.575580 0.410484 0.574004 0.405902 0.573674 0.397796 0.574850 0.391278 0.577718 0.386766
0 0.627607 0.398720 0.630898 0.401311 0.633107 0.407244 0.633295 0.414431 0.631652 0.420671 0.626949 0.424208 0.621756 0.422523 0.620179 0.417941 0.619850 0.409835 0.621025 0.403317 0.623893 0.398805
0 0.486473 0.435753 0.489764 0.438344 0.491974 0.444277 0.492162 0.451463 0.490518 0.457704 0.485815 0.461241 0.480622 0.459556 0.479045 0.454973 0.478716 0.446868 0.479891 0.440349 0.482759 0.435837
0 0.488382 0.484203 0.491673 0.486793 0.493882 0.492726 0.494070 0.499913 0.492427 0.506153 0.487723 0.509690 0.482531 0.508005 0.480954 0.503422 0.480624 0.495317 0.481800 0.488799 0.484668 0.484286
0 0.574310 0.565977 0.577602 0.568568 0.579811 0.574501 0.579999 0.581687 0.578355 0.587928 0.573652 0.591465 0.568459 0.589780 0.566882 0.585197 0.566553 0.577092 0.567729 0.570573 0.570596 0.566060
0 0.623958 0.442246 0.627248 0.444837 0.629458 0.450770 0.629646 0.457957 0.628002 0.464197 0.623299 0.467734 0.618106 0.466049 0.616530 0.461467 0.616201 0.453361 0.617376 0.446843 0.620244 0.442331
0 0.461298 0.486685 0.464589 0.489275 0.466798 0.495208 0.466986 0.502395 0.465343 0.508635 0.460640 0.512172 0.455447 0.510487 0.453870 0.505905 0.453541 0.497799 0.454716 0.491281 0.457584 0.486769
0 0.654161 0.455216 0.657452 0.457806 0.659662 0.463739 0.659850 0.470926 0.658206 0.477166 0.653503 0.480703 0.648310 0.479018 0.646733 0.474436 0.646404 0.466330 0.647580 0.459812 0.650447 0.455299
0 0.693046 0.401838 0.696337 0.404429 0.698546 0.410362 0.698734 0.417548 0.697090 0.423789 0.692388 0.427326 0.687194 0.425641 0.685618 0.421058 0.685289 0.412953 0.686464 0.406434 0.689332 0.401922
0 0.727243 0.385181 0.730534 0.387770 0.732743 0.393704 0.732931 0.400891 0.731288 0.407131 0.726585 0.410668 0.721392 0.408982 0.719815 0.404400 0.719486 0.396294 0.720661 0.389776 0.723529 0.385264
0 0.757101 0.378705 0.760391 0.381295 0.762601 0.387229 0.762789 0.394415 0.761145 0.400656 0.756442 0.404193 0.751249 0.402507 0.749672 0.397925 0.749343 0.389819 0.750519 0.383301 0.753386 0.378789
0 0.785916 0.370378 0.789207 0.372969 0.791417 0.378902 0.791605 0.386089 0.789961 0.392329 0.785258 0.395866 0.780065 0.394181 0.778488 0.389598 0.778159 0.381493 0.779334 0.374974 0.782202 0.370462
0 0.745468 0.237082 0.748758 0.239673 0.750968 0.245606 0.751156 0.252793 0.749512 0.259032 0.744809 0.262569 0.739616 0.260884 0.738040 0.256303 0.737710 0.248196 0.738886 0.241679 0.741754 0.237166
0 0.771853 0.206847 0.775144 0.209438 0.777354 0.215371 0.777542 0.222557 0.775897 0.228798 0.771195 0.232335 0.766002 0.230650 0.764425 0.226068 0.764096 0.217962 0.765271 0.211444 0.768139 0.206931
0 0.750326 0.163653 0.753617 0.166244 0.755827 0.172176 0.756015 0.179363 0.754371 0.185603 0.749668 0.189140 0.744475 0.187455 0.742898 0.182873 0.742569 0.174767 0.743744 0.168249 0.746612 0.163736
0 0.734528 0.171680 0.737819 0.174270 0.740029 0.180204 0.740217 0.187391 0.738573 0.193631 0.733870 0.197168 0.728677 0.195482 0.727100 0.190900 0.726771 0.182794 0.727946 0.176276 0.730814 0.171764
0 0.690087 0.061527 0.693378 0.064117 0.695588 0.070050 0.695775 0.077237 0.694131 0.083477 0.689429 0.087014 0.684235 0.085329 0.682659 0.080746 0.682330 0.072641 0.683505 0.066122 0.686373 0.061610
0 0.653457 0.024194 0.656748 0.026785 0.658958 0.032719 0.659146 0.039905 0.657502 0.046145 0.652799 0.049682 0.647606 0.047997 0.646029 0.043415 0.645700 0.035308 0.646876 0.028791 0.649743 0.024278
0 0.597732 0.135900 0.601023 0.138491 0.603233 0.144424 0.603421 0.151610 0.601777 0.157851 0.597074 0.161388 0.591881 0.159703 0.590304 0.155120 0.589975 0.147014 0.591151 0.140496 0.594018 0.135983
0 0.732962 0.018341 0.736253 0.020931 0.738463 0.026865 0.738651 0.034051 0.737007 0.040292 0.732304 0.043829 0.727111 0.042144 0.725534 0.037561 0.725205 0.029456 0.726380 0.022937 0.729248 0.018424
0 0.851179 0.238662 0.854470 0.241252 0.856680 0.247185 0.856868 0.254372 0.855224 0.260612 0.850521 0.264149 0.845328 0.262464 0.843751 0.257881 0.843422 0.249776 0.844597 0.243257 0.847465 0.238745
0 0.897007 0.185901 0.900298 0.188492 0.902508 0.194425 0.902696 0.201612 0.901052 0.207852 0.896349 0.211389 0.891156 0.209704 0.889579 0.205121 0.889251 0.197016 0.890426 0.190497 0.893293 0.185985
0 0.928601 0.264899 0.931892 0.267489 0.934101 0.273422 0.934290 0.280609 0.932645 0.286849 0.927943 0.290386 0.922749 0.288701 0.921173 0.284119 0.920844 0.276013 0.922019 0.269494 0.924887 0.264982
0 0.958111 0.305326 0.961402 0.307916 0.963611 0.313849 0.963799 0.321036 0.962156 0.327276 0.957453 0.330813 0.952260 0.329128 0.950683 0.324545 0.950354 0.316440 0.951529 0.309921 0.954397 0.305409
0 0.964880 0.275091 0.968171 0.277681 0.970381 0.283614 0.970569 0.290801 0.968925 0.297041 0.964222 0.300578 0.959029 0.298893 0.957452 0.294311 0.957123 0.286205 0.958298 0.279687 0.961166 0.275174
0 0.937972 0.293918 0.941263 0.296508 0.943472 0.302442 0.943660 0.309628 0.942017 0.315869 0.937314 0.319406 0.932121 0.317720 0.930544 0.313138 0.930215 0.305031 0.931390 0.298514 0.934258 0.294001
0 0.917315 0.336804 0.920606 0.339394 0.922816 0.345328 0.923004 0.352514 0.921360 0.358755 0.916657 0.362292 0.911464 0.360606 0.909887 0.356024 0.909558 0.347918 0.910733 0.341400 0.913601 0.336887
0 0.974254 0.339585 0.977544 0.342176 0.979754 0.348109 0.979942 0.355295 0.978298 0.361536 0.973595 0.365073 0.968402 0.363388 0.966826 0.358806 0.966496 0.350700 0.967671 0.344181 0.970540 0.339669
0 0.894749 0.252561 0.898040 0.255151 0.900249 0.261084 0.900437 0.268271 0.898793 0.274511 0.894091 0.278048 0.888897 0.276363 0.887321 0.271781 0.886992 0.263675 0.888167 0.257156 0.891035 0.252644
0 0.950993 0.107231 0.954283 0.109821 0.956493 0.115755 0.956681 0.122941 0.955037 0.129181 0.950334 0.132719 0.945141 0.131033 0.943565 0.126451 0.943235 0.118345 0.944411 0.111827 0.947279 0.107314
0 0.967309 0.103841 0.970600 0.106431 0.972810 0.112365 0.972998 0.119552 0.971354 0.125792 0.966652 0.129329 0.961458 0.127644 0.959882 0.123061 0.959553 0.114956 0.960728 0.108437 0.963596 0.103925
0 0.990223 0.081629 0.993514 0.084219 0.995724 0.090153 0.995912 0.097339 0.994268 0.103580 0.989565 0.107117 0.984372 0.105431 0.982795 0.100849 0.982466 0.092744 0.983642 0.086225 0.986509 0.081712
0 0.858466 0.145806 0.861756 0.148396 0.863966 0.154330 0.864154 0.161517 0.862510 0.167756 0.857807 0.171294 0.852614 0.169608 0.851037 0.165026 0.850708 0.156920 0.851884 0.150402 0.854752 0.145890
0 0.881206 0.041206 0.884496 0.043797 0.886706 0.049731 0.886894 0.056917 0.885250 0.063157 0.880547 0.066694 0.875354 0.065009 0.873778 0.060427 0.873448 0.052321 0.874623 0.045803 0.877492 0.041291
0 0.864019 0.027326 0.867309 0.029917 0.869519 0.035849 0.869707 0.043036 0.868063 0.049276 0.863360 0.052813 0.858167 0.051128 0.856591 0.046546 0.856261 0.038440 0.857437 0.031922 0.860305 0.027409
0 0.881030 0.329108 0.884321 0.331698 0.886531 0.337631 0.886719 0.344819 0.885074 0.351058 0.880372 0.354595 0.875179 0.352910 0.873602 0.348328 0.873273 0.340222 0.874448 0.333704 0.877316 0.329192
0 0.983450 0.439270 0.986741 0.441861 0.988951 0.447794 0.989139 0.454981 0.987495 0.461221 0.982792 0.464758 0.977599 0.463073 0.976022 0.458491 0.975693 0.450384 0.976868 0.443867 0.979736 0.439354
0 0.934148 0.471983 0.937439 0.474573 0.939648 0.480507 0.939836 0.487694 0.938193 0.493933 0.933490 0.497470 0.928297 0.495785 0.926720 0.491203 0.926391 0.483097 0.927566 0.476580 0.930434 0.472067
0 0.876340 0.513953 0.879631 0.516544 0.881841 0.522476 0.882029 0.529663 0.880384 0.535903 0.875682 0.539440 0.870489 0.537755 0.868912 0.533172 0.868583 0.525067 0.869758 0.518549 0.872626 0.514036
0 0.956366 0.479706 0.959657 0.482297 0.961867 0.488230 0.962055 0.495417 0.960411 0.501656 0.955708 0.505194 0.950515 0.503508 0.948939 0.498927 0.948609 0.490820 0.949784 0.484303 0.952653 0.479790
0 0.991605 0.402261 0.994896 0.404851 0.997106 0.410784 0.997294 0.417971 0.995650 0.424211 0.990947 0.427748 0.985754 0.426063 0.984177 0.421481 0.983848 0.413375 0.985023 0.406856 0.987891 0.402344
0 0.825474 0.504401 0.828765 0.506992 0.830974 0.512924 0.831163 0.520111 0.829518 0.526351 0.824816 0.529888 0.819622 0.528203 0.818046 0.523620 0.817717 0.515515 0.818892 0.508997 0.821760 0.504484
0 0.788586 0.622155 0.791878 0.624745 0.794087 0.630679 0.794275 0.637865 0.792631 0.644105 0.787929 0.647642 0.782735 0.645956 0.781159 0.641375 0.780830 0.633269 0.782005 0.626751 0.784873 0.622238
0 0.755550 0.677886 0.758841 0.680477 0.761051 0.686410 0.761239 0.693596 0.759594 0.699837 0.754892 0.703374 0.749698 0.701689 0.748122 0.697106 0.747793 0.689001 0.748968 0.682482 0.751836 0.677969
0 0.705187 0.689075 0.708478 0.691665 0.710688 0.697598 0.710876 0.704785 0.709232 0.711025 0.704529 0.714562 0.699336 0.712877 0.697759 0.708294 0.697430 0.700189 0.698605 0.693670 0.701473 0.689158
0 0.913993 0.690543 0.917284 0.693132 0.919494 0.699066 0.919682 0.706253 0.918038 0.712493 0.913335 0.716030 0.908142 0.714344 0.906565 0.709762 0.906236 0.701656 0.907411 0.695138 0.910279 0.690626
0 0.903817 0.602554 0.907108 0.605145 0.909318 0.611078 0.909506 0.618264 0.907862 0.624505 0.903159 0.628042 0.897966 0.626356 0.896389 0.621774 0.896060 0.613669 0.897235 0.607150 0.900103 0.602637
0 0.985084 0.687372 0.988376 0.689962 0.990585 0.695895 0.990773 0.703082 0.989129 0.709322 0.984426 0.712859 0.979233 0.711174 0.977656 0.706592 0.977327 0.698486 0.978503 0.691968 0.981370 0.687456
0 0.960368 0.792897 0.963658 0.795488 0.965868 0.801421 0.966056 0.808607 0.964412 0.814848 0.959709 0.818385 0.954516 0.816700 0.952940 0.812118 0.952610 0.804012 0.953786 0.797494 0.956654 0.792981
0 0.781984 0.838364 0.785275 0.840954 0.787485 0.846887 0.787673 0.854074 0.786029 0.860314 0.781326 0.863851 0.776133 0.862166 0.774556 0.857583 0.774227 0.849478 0.775403 0.842959 0.778270 0.838447
0 0.839188 0.792294 0.842478 0.794884 0.844688 0.800818 0.844876 0.808004 0.843232 0.814244 0.838529 0.817781 0.833336 0.816096 0.831759 0.811514 0.831430 0.803407 0.832606 0.796890 0.835473 0.792377
0 0.823477 0.772316 0.826768 0.774906 0.828977 0.780839 0.829165 0.788026 0.827521 0.794266 0.822819 0.797803 0.817626 0.796118 0.816048 0.791536 0.815720 0.783430 0.816895 0.776912 0.819762 0.772399
0 0.988727 0.816498 0.992018 0.819089 0.994228 0.825022 0.994416 0.832208 0.992772 0.838449 0.988069 0.841986 0.982876 0.840301 0.981299 0.835719 0.980970 0.827613 0.982145 0.821094 0.985013 0.816582
0 0.973498 0.837583 0.976789 0.840174 0.978998 0.846107 0.979186 0.853294 0.977542 0.859534 0.972840 0.863071 0.967646 0.861386 0.966070 0.856804 0.965741 0.848697 0.966916 0.842180 0.969784 0.837667
0 0.876451 0.868079 0.879742 0.870669 0.881951 0.876602 0.882139 0.883789 0.880495 0.890029 0.875793 0.893566 0.870600 0.891881 0.869022 0.887299 0.868694 0.879193 0.869869 0.872675 0.872737 0.868162
0 0.843895 0.940492 0.847186 0.943082 0.849396 0.949016 0.849584 0.956203 0.847940 0.962443 0.843237 0.965980 0.838044 0.964294 0.836467 0.959712 0.836138 0.951606 0.837314 0.945088 0.840181 0.940576
0 0.800992 0.947462 0.804283 0.950052 0.806493 0.955985 0.806681 0.963172 0.805036 0.969412 0.800334 0.972949 0.795141 0.971264 0.793564 0.966681 0.793235 0.958576 0.794410 0.952057 0.797278 0.947545
0 0.841591 0.974512 0.844882 0.977103 0.847092 0.983036 0.847280 0.990223 0.845635 0.996463 0.840933 0.999074 0.835740 0.998315 0.834163 0.993732 0.833834 0.985627 0.835009 0.979108 0.837877 0.974596
0 0.964489 0.919832 0.967780 0.922423 0.969990 0.928356 0.970178 0.935543 0.968533 0.941783 0.963831 0.944394 0.958637 0.943635 0.957061 0.939053 0.956732 0.930946 0.957907 0.924429 0.960775 0.919916
0 0.746641 0.937923 0.749932 0.940514 0.752141 0.946447 0.752329 0.953633 0.750685 0.959874 0.745982 0.962485 0.740790 0.961726 0.739212 0.957143 0.738883 0.949037 0.740059 0.942519 0.742927 0.938006
0 0.707588 0.814860 0.710879 0.817451 0.713089 0.823384 0.713277 0.830570 0.711632 0.836811 0.706930 0.839422 0.701736 0.838663 0.700160 0.834081 0.699831 0.825975 0.701006 0.819456 0.703874 0.814943
0 0.680808 0.788039 0.684098 0.790630 0.686308 0.796562 0.686496 0.803749 0.684852 0.809989 0.680149 0.812600 0.674956 0.811841 0.673380 0.807258 0.673051 0.799153 0.674226 0.792635 0.677094 0.788122
0 0.684829 0.830510 0.688120 0.833101 0.690330 0.839034 0.690518 0.846221 0.688874 0.852461 0.684171 0.855072 0.678978 0.854313 0.677402 0.849731 0.677072 0.841625 0.678247 0.835106 0.681115 0.830594
0 0.838529 0.836625 0.841820 0.839215 0.844030 0.845148 0.844218 0.852335 0.842573 0.858575 0.837871 0.861186 0.832678 0.860427 0.831101 0.855844 0.830772 0.847739 0.831947 0.841220 0.834815 0.836708
0 0.641135 0.836323 0.644426 0.838913 0.646636 0.844846 0.646824 0.852033 0.645180 0.858273 0.640477 0.860884 0.635284 0.860125 0.633707 0.855543 0.633378 0.847437 0.634554 0.840919 0.637421 0.836406
0 0.643954 0.789397 0.647245 0.791988 0.649454 0.797921 0.649642 0.805107 0.647998 0.811348 0.643295 0.813959 0.638103 0.813200 0.636526 0.808618 0.636197 0.800511 0.637372 0.793994 0.640240 0.789481
0 0.658804 0.774980 0.662095 0.777570 0.664305 0.783504 0.664493 0.790690 0.662849 0.796931 0.658146 0.799542 0.652953 0.798782 0.651376 0.794200 0.651047 0.786094 0.652222 0.779576 0.655090 0.775064
0 0.666195 0.866642 0.669486 0.869232 0.671695 0.875166 0.671883 0.882352 0.670240 0.888593 0.665537 0.891204 0.660344 0.890444 0.658767 0.885862 0.658438 0.877756 0.659613 0.871238 0.662481 0.866725
0 0.626180 0.743151 0.629470 0.745742 0.631680 0.751675 0.631868 0.758861 0.630224 0.765102 0.625521 0.767713 0.620328 0.766954 0.618752 0.762371 0.618422 0.754266 0.619598 0.747747 0.622466 0.743234
0 0.937568 0.918524 0.940858 0.921114 0.943068 0.927047 0.943256 0.934234 0.941612 0.940474 0.936909 0.943085 0.931716 0.942326 0.930140 0.937744 0.929810 0.929638 0.930986 0.923120 0.933854 0.918607
0 0.590977 0.780918 0.594268 0.783508 0.596478 0.789442 0.596666 0.796628 0.595021 0.802869 0.590319 0.805480 0.585126 0.804720 0.583549 0.800138 0.583220 0.792032 0.584395 0.785514 0.587263 0.781001
0 0.559865 0.827667 0.563156 0.830257 0.565366 0.836191 0.565554 0.843378 0.563910 0.849618 0.559207 0.852229 0.554014 0.851469 0.552437 0.846887 0.552108 0.838781 0.553283 0.832263 0.556151 0.827751
0 0.546802 0.772615 0.550093 0.775206 0.552302 0.781138 0.552490 0.788325 0.550846 0.794565 0.546143 0.797176 0.540951 0.796417 0.539373 0.791834 0.539044 0.783729 0.540220 0.777211 0.543088 0.772698
0 0.590047 0.737238 0.593339 0.739829 0.595548 0.745762 0.595736 0.752948 0.594092 0.759189 0.589390 0.761800 0.584196 0.761041 0.582620 0.756458 0.582291 0.748352 0.583466 0.741834 0.586334 0.737321
0 0.659283 0.603481 0.662573 0.606072 0.664783 0.612006 0.664971 0.619192 0.663327 0.625432 0.658625 0.628044 0.653431 0.627284 0.651855 0.622702 0.651525 0.614596 0.652701 0.608078 0.655569 0.603566
0 0.428440 0.737062 0.431731 0.739653 0.433941 0.745585 0.434129 0.752772 0.432484 0.759012 0.427782 0.761623 0.422589 0.760864 0.421012 0.756281 0.420683 0.748176 0.421858 0.741658 0.424726 0.737145
0 0.629305 0.942502 0.632596 0.945093 0.634806 0.951026 0.634994 0.958212 0.633349 0.964453 0.628647 0.967064 0.623454 0.966305 0.621877 0.961722 0.621548 0.953617 0.622723 0.947098 0.625591 0.942585
0 0.451884 0.935356 0.455175 0.937947 0.457385 0.943880 0.457573 0.951067 0.455929 0.957306 0.451226 0.959918 0.446033 0.959158 0.444456 0.954576 0.444127 0.946470 0.445303 0.939953 0.448170 0.935440
0 0.485505 0.806305 0.488796 0.808895 0.491005 0.814829 0.491193 0.822016 0.489549 0.828256 0.484846 0.830867 0.479654 0.830107 0.478077 0.825525 0.477747 0.817419 0.478923 0.810901 0.481791 0.806389
0 0.398324 0.782050 0.401615 0.784640 0.403824 0.790573 0.404013 0.797760 0.402369 0.804000 0.397666 0.806611 0.392473 0.805852 0.390896 0.801269 0.390567 0.793164 0.391742 0.786645 0.394610 0.782133
0 0.439164 0.763782 0.442455 0.766373 0.444664 0.772307 0.444852 0.779493 0.443208 0.785733 0.438505 0.788344 0.433312 0.787585 0.431735 0.783003 0.431406 0.774897 0.432582 0.768379 0.435449 0.763867
0 0.433319 0.705736 0.436610 0.708327 0.438820 0.714260 0.439008 0.721446 0.437364 0.727686 0.432661 0.730297 0.427468 0.729538 0.425891 0.724957 0.425562 0.716850 0.426738 0.710332 0.429605 0.705819
0 0.498223 0.624164 0.501514 0.626755 0.503723 0.632688 0.503911 0.639874 0.502267 0.646114 0.497565 0.648725 0.492371 0.647966 0.490795 0.643384 0.490466 0.635278 0.491641 0.628760 0.494509 0.624247
0 0.401898 0.826182 0.405189 0.828772 0.407398 0.834706 0.407586 0.841893 0.405942 0.848132 0.401240 0.850743 0.396046 0.849984 0.394470 0.845402 0.394141 0.837296 0.395316 0.830778 0.398184 0.826266
0 0.617923 0.603029 0.621214 0.605619 0.623423 0.611552 0.623611 0.618739 0.621968 0.624979 0.617265 0.627590 0.612072 0.626831 0.610495 0.622248 0.610166 0.614143 0.611341 0.607625 0.614209 0.603112
0 0.382268 0.886744 0.385558 0.889335 0.387768 0.895269 0.387956 0.902455 0.386312 0.908695 0.381609 0.911307 0.376416 0.910547 0.374840 0.905965 0.374510 0.897859 0.375686 0.891341 0.378554 0.886829
0 0.365594 0.894997 0.368885 0.897588 0.371095 0.903521 0.371283 0.910708 0.369639 0.916948 0.364936 0.919559 0.359743 0.918800 0.358166 0.914218 0.357837 0.906112 0.359012 0.899593 0.361880 0.895081
0 0.398252 0.950302 0.401543 0.952892 0.403753 0.958825 0.403941 0.966012 0.402297 0.972252 0.397594 0.974863 0.392401 0.974104 0.390824 0.969521 0.390495 0.961416 0.391670 0.954897 0.394538 0.950385
0 0.404680 0.923480 0.407971 0.926070 0.410181 0.932004 0.410369 0.939190 0.408725 0.945431 0.404022 0.948042 0.398829 0.947282 0.397252 0.942700 0.396923 0.934594 0.398098 0.928076 0.400966 0.923563
0 0.423622 0.975438 0.426912 0.978029 0.429122 0.983962 0.429310 0.991149 0.427666 0.997389 0.422964 0.999074 0.417770 0.999074 0.416194 0.994658 0.415865 0.986553 0.417040 0.980034 0.419908 0.975522
0 0.461573 0.966526 0.464865 0.969117 0.467074 0.975050 0.467262 0.982237 0.465618 0.988477 0.460916 0.990162 0.455722 0.990162 0.454145 0.985746 0.453817 0.977641 0.454992 0.971122 0.457859 0.966610
0 0.351532 0.822379 0.354823 0.824969 0.357032 0.830902 0.357220 0.838089 0.355577 0.844329 0.350874 0.846014 0.345681 0.846014 0.344104 0.841599 0.343775 0.833493 0.344950 0.826975 0.347818 0.822462
0 0.332452 0.728402 0.335743 0.730993 0.337953 0.736926 0.338141 0.744112 0.336497 0.750353 0.331794 0.752038 0.326601 0.752038 0.325024 0.747622 0.324695 0.739516 0.325870 0.732998 0.328738 0.728485
0 0.352838 0.867970 0.356129 0.870561 0.358338 0.876494 0.358526 0.883681 0.356882 0.889920 0.351968 0.893360 0.346986 0.891606 0.345409 0.887191 0.345080 0.879084 0.346256 0.872567 0.349123 0.868054
0 0.316996 0.911317 0.320287 0.913907 0.322496 0.919841 0.322684 0.927028 0.321041 0.933268 0.316126 0.936706 0.311145 0.934953 0.309568 0.930537 0.309239 0.922431 0.310414 0.915913 0.313282 0.911401
0 0.299046 0.903613 0.302337 0.906203 0.304546 0.912136 0.304734 0.919323 0.303091 0.925563 0.298176 0.929002 0.293195 0.927248 0.291618 0.922832 0.291289 0.914727 0.292464 0.908208 0.295332 0.903696
0 0.279056 0.785157 0.282347 0.787748 0.284556 0.793682 0.284744 0.800868 0.283101 0.807108 0.278186 0.810547 0.273205 0.808794 0.271628 0.804378 0.271298 0.796272 0.272474 0.789754 0.275342 0.785242
0 0.319803 0.771594 0.323094 0.774185 0.325303 0.780119 0.325491 0.787306 0.323847 0.793545 0.318933 0.796984 0.313952 0.795231 0.312375 0.790815 0.312046 0.782709 0.313221 0.776191 0.316089 0.771679
0 0.282392 0.755800 0.285683 0.758391 0.287892 0.764324 0.288080 0.771510 0.286436 0.777751 0.281522 0.781190 0.276541 0.779436 0.274964 0.775020 0.274635 0.766915 0.275810 0.760396 0.278678 0.755884
0 0.220497 0.918824 0.223789 0.921415 0.225998 0.927348 0.226186 0.934534 0.224542 0.940775 0.219628 0.944214 0.214646 0.942460 0.213069 0.938044 0.212741 0.929939 0.213916 0.923420 0.216783 0.918908
0 0.257164 0.889360 0.260455 0.891951 0.262665 0.897884 0.262853 0.905070 0.261209 0.911311 0.256294 0.914750 0.251313 0.912996 0.249736 0.908581 0.249407 0.900475 0.250582 0.893956 0.253450 0.889444
0 0.101417 0.857385 0.104708 0.859976 0.106918 0.865909 0.107106 0.873096 0.105462 0.879336 0.100547 0.882775 0.095566 0.881021 0.093990 0.876606 0.093660 0.868500 0.094835 0.861982 0.097704 0.857469
0 0.099790 0.791656 0.103081 0.794246 0.105290 0.800180 0.105478 0.807366 0.103834 0.813607 0.098920 0.817045 0.093939 0.815292 0.092361 0.810876 0.092032 0.802770 0.093208 0.796252 0.096076 0.791739
0 0.062693 0.855646 0.065983 0.858236 0.068193 0.864169 0.068381 0.871356 0.066737 0.877596 0.061823 0.881035 0.056841 0.879282 0.055265 0.874866 0.054935 0.866760 0.056111 0.860243 0.058979 0.855730
0 0.065930 0.936374 0.069221 0.938965 0.071430 0.944898 0.071619 0.952085 0.069974 0.958325 0.065060 0.961764 0.060079 0.960010 0.058502 0.955594 0.058173 0.947489 0.059348 0.940970 0.062216 0.936458
0 0.021299 0.772727 0.024591 0.775318 0.026800 0.781250 0.026988 0.788437 0.025344 0.794677 0.020430 0.798117 0.015448 0.796362 0.013871 0.791947 0.013542 0.783841 0.014718 0.777323 0.017585 0.772810
0 0.014806 0.974313 0.018097 0.976904 0.020307 0.982837 0.020495 0.990023 0.018851 0.996263 0.013936 0.999074 0.008955 0.997948 0.007379 0.993533 0.007049 0.985427 0.008224 0.978909 0.011092 0.974396
0 0.071740 0.770132 0.075031 0.772723 0.077241 0.778656 0.077429 0.785843 0.075785 0.792083 0.070870 0.795237 0.065889 0.793769 0.064312 0.789353 0.063983 0.781247 0.065158 0.774729 0.068026 0.770217
0 0.042333 0.676506 0.045624 0.679096 0.047834 0.685030 0.048022 0.692217 0.046378 0.698456 0.041464 0.701611 0.036482 0.700142 0.034905 0.695726 0.034576 0.687620 0.035752 0.681102 0.038619 0.676590
0 0.095479 0.590411 0.098770 0.593002 0.100979 0.598935 0.101168 0.606122 0.099523 0.612362 0.094609 0.615516 0.089628 0.614047 0.088051 0.609631 0.087722 0.601526 0.088897 0.595007 0.091765 0.590495
0 0.163534 0.732513 0.166825 0.735104 0.169034 0.741036 0.169223 0.748223 0.167579 0.754463 0.162665 0.757618 0.157683 0.756148 0.156106 0.751733 0.155777 0.743627 0.156952 0.737109 0.159820 0.732596
0 0.007236 0.580861 0.010527 0.583451 0.012737 0.589384 0.012925 0.596571 0.011281 0.602811 0.006367 0.605966 0.001385 0.604496 0.000000 0.600081 0.000000 0.591975 0.000655 0.585456 0.003522 0.580944
0 0.028845 0.655731 0.032135 0.658321 0.034345 0.664255 0.034533 0.671442 0.032889 0.677682 0.027975 0.680835 0.022993 0.679367 0.021608 0.674951 0.021608 0.666845 0.022263 0.660327 0.025131 0.655815
0 0.014504 0.699915 0.017795 0.702505 0.020005 0.708438 0.020193 0.715625 0.018549 0.721865 0.013634 0.725019 0.008653 0.723550 0.007268 0.719134 0.007268 0.711029 0.007922 0.704510 0.010790 0.699998
0 0.030454 0.560816 0.033745 0.563406 0.035955 0.569340 0.036143 0.576526 0.034499 0.582767 0.029584 0.585920 0.024603 0.584452 0.023218 0.580036 0.023218 0.571931 0.023872 0.565412 0.026740 0.560900
0 0.238974 0.806415 0.242265 0.809006 0.244474 0.814938 0.244662 0.822125 0.243019 0.828365 0.238104 0.831519 0.233123 0.830050 0.231738 0.825634 0.231738 0.817529 0.232392 0.811011 0.235260 0.806498
0 0.410926 0.802616 0.414217 0.805206 0.416427 0.811140 0.416615 0.818326 0.414971 0.824566 0.410056 0.827720 0.405075 0.826251 0.403690 0.821836 0.403690 0.813730 0.404344 0.807212 0.407212 0.802699
0 0.490595 0.546630 0.493886 0.549220 0.496096 0.555154 0.496284 0.562340 0.494640 0.568580 0.489726 0.571734 0.484744 0.570265 0.483359 0.565850 0.483359 0.557743 0.484014 0.551226 0.486881 0.546713
0 0.528988 0.515498 0.532279 0.518088 0.534488 0.524021 0.534677 0.531208 0.533466 0.535875 0.525669 0.535100 0.522726 0.532192 0.521826 0.524922 0.522534 0.519593 0.525274 0.515581
0 0.362255 0.532616 0.365546 0.535206 0.367756 0.541139 0.367944 0.548326 0.366300 0.554566 0.361385 0.557720 0.356404 0.556251 0.355019 0.551835 0.355019 0.543730 0.355673 0.537211 0.358541 0.532699
0 0.323589 0.473302 0.326880 0.475893 0.329089 0.481826 0.329277 0.489012 0.327633 0.495252 0.322719 0.498406 0.317738 0.496937 0.316353 0.492522 0.316353 0.484416 0.317007 0.477898 0.319874 0.473385
0 0.262682 0.371747 0.266847 0.374092 0.269694 0.381373 0.270180 0.389580 0.268305 0.396614 0.264808 0.400803 0.259301 0.401578 0.254912 0.397099 0.252775 0.391266 0.252767 0.382672 0.255163 0.375144 0.258446 0.371932
0 0.240160 0.296656 0.244326 0.299000 0.247172 0.306281 0.247658 0.314488 0.245784 0.321522 0.242286 0.325711 0.236780 0.326486 0.232391 0.322007 0.230254 0.316175 0.230245 0.307581 0.232641 0.300053 0.235925 0.296841
0 0.219368 0.239728 0.223534 0.242072 0.226380 0.249353 0.226866 0.257560 0.224992 0.264594 0.221494 0.268783 0.215988 0.269557 0.211598 0.265080 0.209461 0.259246 0.209453 0.250653 0.211848 0.243124 0.215133 0.239913
0 0.340374 0.387903 0.344540 0.390247 0.347387 0.397529 0.347873 0.405735 0.345998 0.412769 0.342501 0.416958 0.336994 0.417733 0.332605 0.413255 0.330468 0.407421 0.330460 0.398828 0.332855 0.391300 0.336140 0.388088
0 0.191146 0.381552 0.195311 0.383896 0.198158 0.391178 0.198644 0.399384 0.196770 0.406419 0.193272 0.410607 0.187766 0.411382 0.183377 0.406904 0.181240 0.401070 0.181231 0.392477 0.183627 0.384949 0.186911 0.381737
0 0.186546 0.441985 0.190711 0.444330 0.193558 0.451611 0.194044 0.459818 0.192170 0.466852 0.188672 0.471041 0.183166 0.471816 0.178777 0.467337 0.176639 0.461504 0.176631 0.452910 0.179027 0.445382 0.182311 0.442170
0 0.166383 0.462181 0.170548 0.464525 0.173395 0.471806 0.173881 0.480013 0.172006 0.487047 0.168509 0.491235 0.163002 0.492010 0.158613 0.487531 0.156476 0.481699 0.156468 0.473105 0.158863 0.465577 0.162147 0.462365
0 0.166498 0.516745 0.170664 0.519090 0.173511 0.526371 0.173997 0.534578 0.172122 0.541612 0.168625 0.545801 0.163118 0.546576 0.158729 0.542097 0.156592 0.536265 0.156584 0.527670 0.158979 0.520143 0.162264 0.516931
0 0.122283 0.417623 0.126448 0.419968 0.129295 0.427249 0.129781 0.435456 0.127907 0.442490 0.124409 0.446679 0.118903 0.447454 0.114514 0.442975 0.112376 0.437142 0.112368 0.428548 0.114764 0.421020 0.118048 0.417808
0 0.125700 0.317942 0.129866 0.320286 0.132712 0.327568 0.133198 0.335774 0.131324 0.342808 0.127827 0.346997 0.122320 0.347772 0.117931 0.343294 0.115794 0.337460 0.115785 0.328867 0.118181 0.321339 0.121465 0.318127
0 0.090131 0.357138 0.094296 0.359482 0.097143 0.366764 0.097629 0.374970 0.095754 0.382005 0.092257 0.386194 0.086751 0.386969 0.082361 0.382490 0.080224 0.376657 0.080216 0.368063 0.082611 0.360535 0.085896 0.357323
0 0.049531 0.395217 0.053696 0.397561 0.056543 0.404843 0.057029 0.413049 0.055154 0.420083 0.051657 0.424272 0.046151 0.425047 0.041761 0.420568 0.039624 0.414736 0.039616 0.406142 0.042011 0.398614 0.045296 0.395402
0 0.038957 0.425192 0.043122 0.427537 0.045969 0.434818 0.046455 0.443024 0.044581 0.450058 0.041083 0.454247 0.035577 0.455022 0.031188 0.450544 0.029050 0.444711 0.029042 0.436117 0.031437 0.428589 0.034722 0.425377
0 0.031999 0.343394 0.036165 0.345739 0.039011 0.353020 0.039497 0.361227 0.037622 0.368261 0.034126 0.372450 0.028618 0.373225 0.024230 0.368746 0.022092 0.362913 0.022084 0.354319 0.024479 0.346792 0.027764 0.343580
0 0.013407 0.366105 0.017573 0.368449 0.020420 0.375731 0.020906 0.383937 0.019031 0.390971 0.015534 0.395160 0.010027 0.395935 0.005638 0.391456 0.003500 0.385623 0.003493 0.377030 0.005888 0.369502 0.009172 0.366290
0 0.031717 0.486895 0.035882 0.489240 0.038729 0.496521 0.039215 0.504728 0.037341 0.511762 0.033843 0.515951 0.028336 0.516726 0.023947 0.512247 0.021810 0.506414 0.021802 0.497820 0.024197 0.490293 0.027482 0.487081
0 0.150837 0.447851 0.155003 0.450195 0.157850 0.457476 0.158335 0.465683 0.156461 0.472718 0.152964 0.476907 0.147457 0.477681 0.143068 0.473203 0.140930 0.467369 0.140922 0.458776 0.143318 0.451247 0.146602 0.448036
0 0.070936 0.514152 0.075102 0.516496 0.077948 0.523778 0.078434 0.531984 0.076559 0.539019 0.073063 0.543207 0.067555 0.543982 0.063167 0.539504 0.061029 0.533671 0.061021 0.525077 0.063417 0.517549 0.066700 0.514337
0 0.152798 0.359143 0.156964 0.361488 0.159810 0.368769 0.160297 0.376975 0.158422 0.384009 0.154925 0.388198 0.149418 0.388973 0.145029 0.384494 0.142892 0.378662 0.142884 0.370068 0.145279 0.362540 0.148564 0.359328
0 0.149299 0.222856 0.153465 0.225201 0.156311 0.232481 0.156797 0.240688 0.154922 0.247722 0.151426 0.251911 0.145918 0.252686 0.141530 0.248207 0.139392 0.242375 0.139384 0.233781 0.141780 0.226253 0.145064 0.223041
0 0.037957 0.128205 0.042122 0.130549 0.044969 0.137831 0.045455 0.146037 0.043580 0.153071 0.040083 0.157260 0.034576 0.158035 0.030187 0.153556 0.028050 0.147723 0.028042 0.139130 0.030437 0.131602 0.033721 0.128390
0 0.114003 0.015110 0.118168 0.017455 0.121015 0.024736 0.121501 0.032943 0.119627 0.039977 0.116129 0.044166 0.110622 0.044941 0.106233 0.040462 0.104096 0.034629 0.104088 0.026035 0.106483 0.018507 0.109768 0.015295
0 0.287988 0.074984 0.292153 0.077330 0.295000 0.084610 0.295485 0.092817 0.293611 0.099851 0.290114 0.104040 0.284607 0.104815 0.280218 0.100336 0.278081 0.094504 0.278073 0.085909 0.280468 0.078381 0.283753 0.075169
0 0.303824 0.013865 0.307990 0.016209 0.310836 0.023491 0.311322 0.031697 0.309447 0.038731 0.305951 0.042920 0.300444 0.043695 0.296055 0.039217 0.293917 0.033384 0.293909 0.024790 0.296305 0.017262 0.299589 0.014050
0 0.353617 0.253135 0.357782 0.255480 0.360629 0.262761 0.361115 0.270968 0.359241 0.278002 0.355743 0.282191 0.350236 0.282966 0.345847 0.278487 0.343710 0.272654 0.343702 0.264060 0.346097 0.256532 0.349382 0.253320
0 0.356877 0.057049 0.361043 0.059394 0.363889 0.066675 0.364375 0.074881 0.362501 0.081916 0.359004 0.086105 0.353496 0.086880 0.349108 0.082401 0.346970 0.076569 0.346962 0.067974 0.349358 0.060446 0.352642 0.057234
0 0.403840 0.083113 0.408006 0.085457 0.410853 0.092739 0.411339 0.100945 0.409464 0.107980 0.405967 0.112169 0.400460 0.112944 0.396071 0.108465 0.393933 0.102631 0.393926 0.094038 0.396321 0.086510 0.399605 0.083298
0 0.475484 0.333560 0.479650 0.335905 0.482497 0.343186 0.482983 0.351393 0.481108 0.358427 0.477611 0.362616 0.472104 0.363391 0.467715 0.358912 0.465578 0.353079 0.465570 0.344485 0.467965 0.336957 0.471249 0.333745
0 0.531880 0.184978 0.536046 0.187323 0.538892 0.194604 0.539378 0.202810 0.537504 0.209844 0.534006 0.214033 0.528499 0.214808 0.524110 0.210330 0.521973 0.204497 0.521965 0.195903 0.524360 0.188375 0.527645 0.185163
0 0.503385 0.198746 0.507551 0.201091 0.510397 0.208372 0.510883 0.216579 0.509008 0.223613 0.505511 0.227802 0.500004 0.228577 0.495616 0.224098 0.493478 0.218265 0.493470 0.209671 0.495866 0.202144 0.499149 0.198931
0 0.587763 0.156348 0.591928 0.158694 0.594775 0.165974 0.595261 0.174181 0.593386 0.181215 0.589889 0.185404 0.584382 0.186179 0.579993 0.181700 0.577856 0.175868 0.577848 0.167273 0.580243 0.159745 0.583528 0.156533
0 0.658778 0.110319 0.662944 0.112663 0.665791 0.119944 0.666277 0.128151 0.664402 0.135185 0.660905 0.139373 0.655398 0.140148 0.651009 0.135669 0.648871 0.129837 0.648864 0.121243 0.651259 0.113715 0.654543 0.110503
0 0.610475 0.270788 0.614641 0.273133 0.617487 0.280414 0.617973 0.288620 0.616099 0.295655 0.612602 0.299844 0.607095 0.300619 0.602706 0.296140 0.600568 0.290307 0.600560 0.281713 0.602956 0.274185 0.606240 0.270973
0 0.548809 0.324236 0.552976 0.326581 0.555822 0.333862 0.556308 0.342069 0.554433 0.349103 0.550936 0.353292 0.545429 0.354067 0.541040 0.349588 0.538903 0.343755 0.538895 0.335161 0.541290 0.327633 0.544574 0.324421
0 0.624227 0.117253 0.628393 0.119597 0.631239 0.126878 0.631725 0.135085 0.629851 0.142119 0.626354 0.146308 0.620846 0.147082 0.616458 0.142605 0.614320 0.136771 0.614312 0.128178 0.616707 0.120649 0.619992 0.117437
0 0.529706 0.412968 0.533871 0.415313 0.536718 0.422594 0.537204 0.430800 0.535329 0.437834 0.531832 0.442023 0.526325 0.442798 0.521936 0.438319 0.519799 0.432487 0.519791 0.423893 0.522186 0.416365 0.525470 0.413153
0 0.672878 0.343744 0.677044 0.346090 0.679890 0.353370 0.680377 0.361577 0.678502 0.368611 0.675005 0.372800 0.669498 0.373575 0.665109 0.369096 0.662971 0.363264 0.662964 0.354669 0.665359 0.347142 0.668643 0.343930
0 0.660575 0.384897 0.664741 0.387242 0.667587 0.394523 0.668073 0.402730 0.666198 0.409764 0.662702 0.413953 0.657195 0.414728 0.652806 0.410249 0.650668 0.404416 0.650660 0.395822 0.653056 0.388294 0.656340 0.385082
0 0.612115 0.476627 0.616280 0.478971 0.619127 0.486253 0.619613 0.494459 0.617739 0.501494 0.614241 0.505682 0.608734 0.506457 0.604345 0.501979 0.602208 0.496146 0.602200 0.487552 0.604595 0.480024 0.607880 0.476812
0 0.619934 0.539575 0.624099 0.541920 0.626946 0.549201 0.627432 0.557407 0.625557 0.564442 0.622060 0.568631 0.616554 0.569406 0.612165 0.564927 0.610027 0.559094 0.610019 0.550500 0.612415 0.542972 0.615699 0.539760
0 0.644889 0.549431 0.649054 0.551776 0.651900 0.559057 0.652386 0.567264 0.650512 0.574298 0.647015 0.578487 0.641508 0.579262 0.637119 0.574783 0.634982 0.568950 0.634974 0.560356 0.637369 0.552829 0.640653 0.549617
0 0.604131 0.581363 0.608297 0.583707 0.611143 0.590989 0.611629 0.599195 0.609755 0.606230 0.606258 0.610419 0.600751 0.611194 0.596362 0.606715 0.594225 0.600882 0.594217 0.592288 0.596612 0.584760 0.599896 0.581548
0 0.596230 0.615530 0.600395 0.617874 0.603242 0.625156 0.603728 0.633362 0.601853 0.640396 0.598356 0.644585 0.592849 0.645360 0.588460 0.640881 0.586323 0.635048 0.586315 0.626455 0.588710 0.618927 0.591995 0.615715
0 0.642879 0.588500 0.647044 0.590845 0.649891 0.598126 0.650377 0.606332 0.648502 0.613367 0.645005 0.617556 0.639498 0.618331 0.635109 0.613852 0.632972 0.608019 0.632964 0.599425 0.635359 0.591897 0.638643 0.588685
0 0.674907 0.624344 0.679073 0.626689 0.681919 0.633969 0.682405 0.642176 0.680531 0.649210 0.677034 0.653399 0.671527 0.654174 0.667138 0.649695 0.665001 0.643863 0.664993 0.635269 0.667388 0.627741 0.670672 0.624529
0 0.507285 0.671365 0.511451 0.673709 0.514298 0.680990 0.514784 0.689197 0.512909 0.696231 0.509412 0.700419 0.503905 0.701194 0.499516 0.696716 0.497379 0.690883 0.497371 0.682289 0.499766 0.674761 0.503051 0.671549
0 0.525088 0.486943 0.529254 0.489287 0.532100 0.496569 0.532586 0.504775 0.530711 0.511809 0.527215 0.515998 0.521707 0.516773 0.517319 0.512294 0.515181 0.506461 0.515173 0.497868 0.517569 0.490340 0.520853 0.487128
0 0.436118 0.460602 0.440284 0.462946 0.443131 0.470228 0.443617 0.478434 0.441742 0.485469 0.438245 0.489657 0.432738 0.490432 0.428349 0.485954 0.426212 0.480121 0.426204 0.471527 0.428599 0.463999 0.431883 0.460787
0 0.391598 0.473665 0.395764 0.476009 0.398610 0.483291 0.399096 0.491497 0.397221 0.498531 0.393725 0.502720 0.388217 0.503495 0.383829 0.499017 0.381691 0.493183 0.381683 0.484590 0.384079 0.477062 0.387362 0.473850
0 0.416422 0.403274 0.420587 0.405619 0.423434 0.412900 0.423920 0.421106 0.422045 0.428141 0.418548 0.432330 0.413042 0.433105 0.408653 0.428626 0.406515 0.422793 0.406507 0.414199 0.408903 0.406671 0.412187 0.403459
0 0.306279 0.557144 0.310445 0.559489 0.313292 0.566770 0.313778 0.574977 0.311903 0.582011 0.308406 0.586200 0.302899 0.586975 0.298510 0.582496 0.296373 0.576664 0.296365 0.568069 0.298760 0.560542 0.302044 0.557330
0 0.266099 0.633377 0.270265 0.635721 0.273112 0.643003 0.273598 0.651209 0.271723 0.658244 0.268226 0.662432 0.262719 0.663207 0.258330 0.658729 0.256193 0.652895 0.256185 0.644302 0.258580 0.636774 0.261865 0.633562
0 0.248726 0.545744 0.252891 0.548088 0.255737 0.555369 0.256223 0.563576 0.254349 0.570610 0.250852 0.574799 0.245345 0.575574 0.240956 0.571095 0.238819 0.565262 0.238811 0.556669 0.241206 0.549141 0.244490 0.545929
0 0.384805 0.324819 0.388971 0.327164 0.391817 0.334445 0.392303 0.342652 0.390429 0.349686 0.386932 0.353875 0.381424 0.354650 0.377036 0.350171 0.374898 0.344338 0.374891 0.335744 0.377286 0.328217 0.380570 0.325005
0 0.379220 0.485217 0.383386 0.487562 0.386232 0.494843 0.386718 0.503049 0.384844 0.510083 0.381347 0.514272 0.375840 0.515047 0.371451 0.510568 0.369314 0.504736 0.369306 0.496142 0.371701 0.488614 0.374985 0.485402
0 0.132244 0.610918 0.136410 0.613263 0.139257 0.620544 0.139743 0.628750 0.137868 0.635784 0.134371 0.639973 0.128864 0.640748 0.124475 0.636269 0.122338 0.630437 0.122330 0.621843 0.124725 0.614315 0.128009 0.611103
0 0.107333 0.613978 0.111498 0.616322 0.114345 0.623603 0.114831 0.631810 0.112956 0.638844 0.109459 0.643032 0.103953 0.643807 0.099564 0.639329 0.097426 0.633496 0.097418 0.624903 0.099814 0.617374 0.103098 0.614162
0 0.075077 0.644863 0.079243 0.647207 0.082089 0.654489 0.082575 0.662695 0.080700 0.669730 0.077204 0.673918 0.071696 0.674694 0.067308 0.670215 0.065170 0.664382 0.065163 0.655788 0.067558 0.648260 0.070842 0.645048
0 0.075677 0.590209 0.079842 0.592554 0.082689 0.599835 0.083174 0.608042 0.081300 0.615076 0.077803 0.619265 0.072296 0.620040 0.067907 0.615561 0.065770 0.609728 0.065762 0.601134 0.068157 0.593606 0.071442 0.590394
0 0.052118 0.609415 0.056283 0.611759 0.059130 0.619041 0.059616 0.627247 0.057741 0.634281 0.054244 0.638470 0.048738 0.639245 0.044348 0.634767 0.042211 0.628933 0.042203 0.620340 0.044598 0.612812 0.047883 0.609600
0 0.009394 0.616940 0.013559 0.619285 0.016406 0.626566 0.016892 0.634772 0.015017 0.641806 0.011520 0.645995 0.006014 0.646770 0.001624 0.642292 0.000000 0.636459 0.000000 0.627865 0.001874 0.620337 0.005159 0.617125
0 0.075550 0.714128 0.079716 0.716472 0.082563 0.723754 0.083048 0.731960 0.081174 0.738994 0.077677 0.743183 0.072170 0.743958 0.067781 0.739480 0.066156 0.733646 0.066156 0.725053 0.068031 0.717525 0.071315 0.714313
0 0.196362 0.731272 0.200528 0.733617 0.203374 0.740898 0.203860 0.749105 0.201985 0.756139 0.198489 0.760328 0.192981 0.761103 0.188593 0.756624 0.186968 0.750791 0.186968 0.742197 0.188842 0.734669 0.192127 0.731457
0 0.164493 0.697573 0.168658 0.699919 0.171505 0.707199 0.171991 0.715406 0.170116 0.722440 0.166619 0.726629 0.161112 0.727404 0.156723 0.722925 0.155099 0.717093 0.155099 0.708498 0.156973 0.700970 0.160257 0.697758
0 0.184612 0.665593 0.188778 0.667938 0.191624 0.675219 0.192110 0.683425 0.190235 0.690459 0.186739 0.694648 0.181232 0.695423 0.176843 0.690944 0.175218 0.685112 0.175218 0.676518 0.177093 0.668990 0.180377 0.665778
0 0.245897 0.438485 0.250063 0.440830 0.252909 0.448111 0.253396 0.456318 0.251521 0.463352 0.248024 0.467541 0.242517 0.468316 0.238128 0.463837 0.236504 0.458005 0.236504 0.449410 0.238378 0.441882 0.241662 0.438670
0 0.114803 0.689361 0.118969 0.691706 0.121815 0.698987 0.122301 0.707193 0.120427 0.714228 0.116930 0.718417 0.111422 0.719192 0.107034 0.714713 0.105409 0.708880 0.105409 0.700286 0.107284 0.692758 0.110568 0.689546
0 0.191743 0.907129 0.195909 0.909473 0.198755 0.916755 0.199241 0.924961 0.197367 0.931995 0.193870 0.936184 0.188363 0.936959 0.183974 0.932481 0.182349 0.926647 0.182349 0.918054 0.184224 0.910526 0.187508 0.907314
0 0.115229 0.939045 0.119395 0.941390 0.122241 0.948670 0.122727 0.956878 0.120853 0.963912 0.117356 0.968101 0.111848 0.968875 0.107460 0.964397 0.105835 0.958564 0.105835 0.949970 0.107710 0.942442 0.110994 0.939231
0 0.221353 0.835953 0.225518 0.838297 0.228365 0.845579 0.228850 0.853785 0.226976 0.860819 0.223479 0.865008 0.217972 0.865783 0.213583 0.861305 0.211959 0.855472 0.211959 0.846878 0.213833 0.839350 0.217117 0.836138
0 0.037772 0.939855 0.041064 0.942445 0.043273 0.948379 0.043461 0.955566 0.041817 0.961806 0.036903 0.964616 0.031921 0.963491 0.030344 0.959075 0.030016 0.950969 0.031191 0.944451 0.034058 0.939939
0 0.033927 0.875926 0.037218 0.878516 0.039428 0.884449 0.039616 0.891636 0.037971 0.897876 0.033057 0.900687 0.028076 0.899561 0.026499 0.895145 0.026170 0.887040 0.027345 0.880521 0.030213 0.876009
0 0.239196 0.933263 0.242488 0.935854 0.244697 0.941787 0.244885 0.948974 0.243241 0.955214 0.238327 0.958024 0.233345 0.956899 0.231768 0.952483 0.231439 0.944378 0.232615 0.937859 0.235482 0.933347
0 0.019797 0.861017 0.023088 0.863607 0.025297 0.869541 0.025485 0.876728 0.023841 0.882968 0.018927 0.886406 0.013945 0.884653 0.012369 0.880237 0.012040 0.872131 0.013215 0.865613 0.016083 0.861101
0 0.015178 0.922133 0.018469 0.924724 0.020679 0.930657 0.020867 0.937844 0.019223 0.944084 0.014308 0.947523 0.009327 0.945769 0.007750 0.941354 0.007421 0.933248 0.008596 0.926730 0.011464 0.922218
0 0.133264 0.683035 0.136555 0.685625 0.138765 0.691558 0.138953 0.698745 0.137309 0.704985 0.132395 0.708424 0.127413 0.706670 0.125836 0.702255 0.125507 0.694149 0.126682 0.687631 0.129551 0.683119
0 0.071204 0.892604 0.075369 0.894948 0.078216 0.902230 0.078702 0.910436 0.076827 0.917470 0.073330 0.921659 0.067823 0.922434 0.063434 0.917956 0.061810 0.912122 0.061810 0.903529 0.063684 0.896001 0.066969 0.892789
0 0.257340 0.789855 0.261505 0.792200 0.264352 0.799481 0.264838 0.807687 0.262964 0.814721 0.259466 0.818910 0.253959 0.819685 0.249570 0.815206 0.247946 0.809374 0.247946 0.800780 0.249820 0.793252 0.253105 0.790040
0 0.287509 0.873644 0.291674 0.875990 0.294521 0.883270 0.295007 0.891477 0.293133 0.898511 0.289635 0.902700 0.284129 0.903475 0.279740 0.898996 0.278115 0.893164 0.278115 0.884569 0.279990 0.877042 0.283274 0.873830
0 0.254094 0.751315 0.258259 0.753659 0.261106 0.760941 0.261592 0.769147 0.259717 0.776181 0.256220 0.780370 0.250713 0.781145 0.246324 0.776667 0.244700 0.770833 0.244700 0.762240 0.246574 0.754712 0.249858 0.751500
0 0.335672 0.800751 0.339838 0.803096 0.342684 0.810377 0.343170 0.818583 0.341296 0.825618 0.337798 0.829806 0.332292 0.830581 0.327903 0.826103 0.326278 0.820270 0.326278 0.811676 0.328153 0.804148 0.331437 0.800936
0 0.414738 0.885571 0.418904 0.887917 0.421751 0.895197 0.422236 0.903404 0.420361 0.910438 0.416865 0.914627 0.411358 0.915402 0.406969 0.910923 0.405344 0.905091 0.405344 0.896496 0.407219 0.888969 0.410503 0.885756
0 0.245456 0.685259 0.249621 0.687605 0.252468 0.694885 0.252954 0.703092 0.251080 0.710126 0.247582 0.714315 0.242076 0.715090 0.237686 0.710611 0.236062 0.704779 0.236062 0.696184 0.237936 0.688657 0.241221 0.685444
0 0.352352 0.714771 0.356518 0.717116 0.359365 0.724397 0.359850 0.732604 0.357976 0.739638 0.354479 0.743827 0.348972 0.744602 0.344583 0.740123 0.342958 0.734290 0.342958 0.725696 0.344833 0.718169 0.348117 0.714957
0 0.337104 0.918797 0.341270 0.921143 0.344116 0.928423 0.344602 0.936630 0.342728 0.943664 0.339231 0.947853 0.333723 0.948628 0.329335 0.944149 0.327710 0.938317 0.327710 0.929722 0.329584 0.922194 0.332869 0.918982
0 0.465840 0.896779 0.470005 0.899124 0.472852 0.906405 0.473338 0.914611 0.471463 0.921645 0.467966 0.925834 0.462459 0.926609 0.458070 0.922131 0.456446 0.916298 0.456446 0.907704 0.458320 0.900176 0.461605 0.896964
0 0.498715 0.757959 0.502880 0.760305 0.505727 0.767585 0.506213 0.775792 0.504339 0.782826 0.500841 0.787015 0.495334 0.787790 0.490945 0.783311 0.489321 0.777479 0.489321 0.768884 0.491195 0.761356 0.494480 0.758144
0 0.502214 0.724605 0.506379 0.726949 0.509226 0.734231 0.509711 0.742437 0.507837 0.749471 0.504340 0.753660 0.498833 0.754435 0.494444 0.749956 0.492820 0.744123 0.492820 0.735530 0.494694 0.728002 0.497978 0.724790
0 0.465319 0.737970 0.469485 0.740315 0.472331 0.747596 0.472817 0.755803 0.470943 0.762837 0.467446 0.767026 0.461939 0.767801 0.457550 0.763322 0.455925 0.757489 0.455925 0.748895 0.457800 0.741368 0.461084 0.738156
0 0.317422 0.626415 0.318216 0.643975 0.314070 0.654323 0.307808 0.658399 0.300222 0.657615 0.295371 0.652284 0.292460 0.644445 0.292548 0.631903 0.295812 0.622182 0.299429 0.616852 0.305515 0.613559 0.312747 0.618106
0 0.351990 0.673469 0.352784 0.691029 0.348638 0.701376 0.342375 0.705453 0.334790 0.704669 0.329939 0.699338 0.327028 0.691499 0.327116 0.678956 0.330380 0.669235 0.333996 0.663905 0.340082 0.660612 0.347315 0.665159
0 0.381794 0.674114 0.382589 0.691673 0.378443 0.702021 0.372180 0.706097 0.364595 0.705314 0.359743 0.699983 0.356833 0.692144 0.356921 0.679601 0.360184 0.669881 0.363801 0.664550 0.369887 0.661257 0.377120 0.665804
0 0.380110 0.582099 0.380904 0.599659 0.376758 0.610007 0.370496 0.614083 0.362910 0.613299 0.358059 0.607969 0.355148 0.600130 0.355236 0.587587 0.358500 0.577867 0.362116 0.572535 0.368203 0.569244 0.375435 0.573790
0 0.136385 0.559272 0.137179 0.576832 0.133033 0.587180 0.126770 0.591256 0.119185 0.590472 0.114334 0.585142 0.111423 0.577303 0.111511 0.564760 0.114774 0.555040 0.118391 0.549708 0.124477 0.546417 0.131710 0.550963
0 0.177423 0.908555 0.178217 0.926114 0.174071 0.936462 0.167809 0.940538 0.160223 0.939755 0.155372 0.934424 0.152461 0.926584 0.152549 0.914042 0.155813 0.904321 0.159429 0.898991 0.165515 0.895698 0.172748 0.900244
0 0.470801 0.786749 0.471595 0.804309 0.467449 0.814656 0.461186 0.818733 0.453601 0.817949 0.448749 0.812618 0.445839 0.804780 0.445927 0.792236 0.449191 0.782516 0.452807 0.777185 0.458893 0.773893 0.466126 0.778440
0 0.494922 0.930974 0.495716 0.948534 0.491570 0.958881 0.485308 0.962958 0.477722 0.962174 0.472871 0.956843 0.469960 0.949005 0.470048 0.936462 0.473312 0.926741 0.476929 0.921410 0.483015 0.918118 0.490247 0.922665
0 0.687251 0.673703 0.688221 0.688899 0.684976 0.697849 0.683814 0.699395 0.678714 0.701925 0.671128 0.701142 0.666277 0.695811 0.663366 0.687971 0.663454 0.675429 0.666718 0.665708 0.670334 0.660378 0.675794 0.658820 0.682228 0.662894
0 0.545280 0.739150 0.546073 0.756709 0.541928 0.767057 0.535666 0.771134 0.528080 0.770350 0.523229 0.765019 0.520318 0.757180 0.520406 0.744637 0.523670 0.734917 0.527286 0.729586 0.533372 0.726294 0.540605 0.730841
0 0.564937 0.415629 0.565731 0.433189 0.561585 0.443537 0.555323 0.447613 0.547737 0.446829 0.542886 0.441498 0.539975 0.433659 0.540064 0.421117 0.543327 0.411396 0.546943 0.406066 0.553030 0.402773 0.560263 0.407319
0 0.425766 0.339345 0.426560 0.356906 0.422415 0.367253 0.416152 0.371330 0.408566 0.370545 0.403715 0.365215 0.400804 0.357376 0.400892 0.344833 0.404156 0.335112 0.407772 0.329781 0.413858 0.326489 0.421091 0.331036
0 0.450828 0.380833 0.451621 0.398394 0.447475 0.408742 0.441213 0.412818 0.433628 0.412033 0.428776 0.406703 0.425866 0.398864 0.425954 0.386321 0.429217 0.376601 0.432834 0.371270 0.438920 0.367978 0.446153 0.372524
0 0.460617 0.516707 0.461410 0.534267 0.457265 0.544614 0.451003 0.548691 0.443417 0.547907 0.438566 0.542576 0.435655 0.534737 0.435743 0.522193 0.439007 0.512473 0.442623 0.507143 0.448709 0.503850 0.455942 0.508397
0 0.735903 0.850536 0.736697 0.868095 0.732552 0.878444 0.726289 0.882519 0.718703 0.881736 0.713852 0.876406 0.710941 0.868566 0.711030 0.856023 0.714293 0.846303 0.717909 0.840972 0.723996 0.837680 0.731229 0.842226
0 0.833565 0.900794 0.834359 0.918354 0.830214 0.928702 0.823951 0.932778 0.816365 0.931994 0.811514 0.926664 0.808603 0.918824 0.808691 0.906281 0.811955 0.896561 0.815571 0.891231 0.821657 0.887938 0.828890 0.892485
0 0.913135 0.847481 0.913929 0.865040 0.909784 0.875388 0.903521 0.879464 0.895935 0.878681 0.891084 0.873350 0.888173 0.865510 0.888262 0.852968 0.891526 0.843247 0.895142 0.837917 0.901228 0.834624 0.908461 0.839170
0 0.992471 0.740710 0.993265 0.758269 0.989119 0.768618 0.982857 0.772694 0.975271 0.771910 0.970420 0.766579 0.967509 0.758740 0.967597 0.746197 0.970861 0.736477 0.974477 0.731146 0.980564 0.727854 0.987796 0.732400
0 0.866927 0.327816 0.867721 0.345376 0.863576 0.355724 0.857313 0.359800 0.849728 0.359016 0.844876 0.353685 0.841966 0.345846 0.842054 0.333304 0.845317 0.323583 0.848933 0.318253 0.855020 0.314960 0.862253 0.319506
0 0.818683 0.324200 0.819477 0.341760 0.815331 0.352107 0.809069 0.356184 0.801483 0.355400 0.796632 0.350069 0.793721 0.342231 0.793809 0.329688 0.797073 0.319967 0.800690 0.314636 0.806776 0.311344 0.814008 0.315891
0 0.742480 0.338543 0.743273 0.356102 0.739128 0.366450 0.732865 0.370527 0.725280 0.369743 0.720429 0.364412 0.717518 0.356572 0.717606 0.344030 0.720869 0.334309 0.724486 0.328979 0.730572 0.325686 0.737805 0.330233
0 0.709272 0.326156 0.710066 0.343716 0.705921 0.354064 0.699658 0.358140 0.692072 0.357356 0.687221 0.352026 0.684310 0.344186 0.684398 0.331644 0.687662 0.321923 0.691279 0.316593 0.697365 0.313300 0.704597 0.317847
0 0.661968 0.267413 0.662762 0.284973 0.658616 0.295320 0.652354 0.299397 0.644768 0.298613 0.639917 0.293282 0.637006 0.285444 0.637094 0.272901 0.640358 0.263180 0.643974 0.257849 0.650060 0.254557 0.657293 0.259104
0 0.735962 0.294284 0.736756 0.311844 0.732610 0.322192 0.726348 0.326269 0.718762 0.325484 0.713911 0.320154 0.711000 0.312315 0.711089 0.299772 0.714352 0.290051 0.717968 0.284720 0.724055 0.281428 0.731287 0.285975
0 0.824633 0.035914 0.825427 0.053474 0.821281 0.063821 0.815019 0.067898 0.807433 0.067114 0.802582 0.061783 0.799671 0.053944 0.799759 0.041401 0.803023 0.031681 0.806640 0.026350 0.812725 0.023057 0.819958 0.027605
0 0.766991 0.062368 0.767785 0.079927 0.763639 0.090275 0.757377 0.094351 0.749791 0.093568 0.744940 0.088237 0.742029 0.080397 0.742117 0.067855 0.745381 0.058134 0.748997 0.052804 0.755083 0.049511 0.762316 0.054058
0 0.584403 0.261055 0.585197 0.278615 0.581051 0.288962 0.574789 0.293039 0.567203 0.292255 0.562352 0.286924 0.559441 0.279085 0.559529 0.266543 0.562793 0.256821 0.566409 0.251491 0.572495 0.248198 0.579728 0.252745
0 0.960435 0.160379 0.961229 0.177938 0.957083 0.188286 0.950821 0.192362 0.943235 0.191579 0.938384 0.186248 0.935473 0.178408 0.935561 0.165866 0.938825 0.156145 0.942441 0.150815 0.948528 0.147522 0.955760 0.152069
0 0.977978 0.019780 0.978772 0.037340 0.974626 0.047687 0.968364 0.051764 0.960778 0.050980 0.955927 0.045649 0.953016 0.037810 0.953104 0.025268 0.956368 0.015546 0.959984 0.010216 0.966070 0.006923 0.973303 0.011470
0 0.690081 0.026187 0.690875 0.043747 0.686730 0.054094 0.680467 0.058171 0.672881 0.057387 0.668030 0.052056 0.665119 0.044218 0.665208 0.031674 0.668471 0.021954 0.672087 0.016623 0.678174 0.013331 0.685406 0.017878
0 0.410643 0.243916 0.411437 0.261475 0.407291 0.271823 0.401029 0.275899 0.393443 0.275116 0.388592 0.269784 0.385681 0.261945 0.385769 0.249403 0.389033 0.239682 0.392649 0.234352 0.398735 0.231059 0.405968 0.235606
0 0.463194 0.233618 0.463988 0.251177 0.459842 0.261525 0.453580 0.265601 0.445994 0.264818 0.441143 0.259487 0.438232 0.251647 0.438320 0.239105 0.441584 0.229384 0.445200 0.224054 0.451286 0.220761 0.458519 0.225307
0 0.450428 0.023274 0.451221 0.040834 0.447076 0.051181 0.440814 0.055258 0.433228 0.054474 0.428377 0.049144 0.425466 0.041305 0.425554 0.028762 0.428818 0.019042 0.432434 0.013710 0.438520 0.010419 0.445753 0.014965
0 0.543860 0.025088 0.544654 0.042647 0.540509 0.052995 0.534246 0.057071 0.526660 0.056288 0.521809 0.050957 0.518898 0.043118 0.518987 0.030575 0.522251 0.020855 0.525867 0.015524 0.531953 0.012231 0.539185 0.016778
0 0.279929 0.191865 0.280723 0.209425 0.276578 0.219772 0.270315 0.223849 0.262729 0.223065 0.257878 0.217734 0.254967 0.209895 0.255056 0.197353 0.258319 0.187631 0.261935 0.182301 0.268021 0.179008 0.275254 0.183556
0 0.305695 0.209131 0.306489 0.226691 0.302344 0.237038 0.296081 0.241115 0.288495 0.240331 0.283644 0.235000 0.280733 0.227161 0.280822 0.214619 0.284085 0.204897 0.287702 0.199567 0.293788 0.196274 0.301020 0.200821
0 0.262620 0.080226 0.263414 0.097785 0.259268 0.108133 0.253006 0.112209 0.245420 0.111426 0.240569 0.106095 0.237658 0.098256 0.237746 0.085713 0.241010 0.075993 0.244627 0.070662 0.250713 0.067369 0.257945 0.071916
0 0.124154 0.210252 0.124948 0.227811 0.120802 0.238159 0.114540 0.242235 0.106954 0.241452 0.102103 0.236121 0.099192 0.228281 0.099280 0.215739 0.102544 0.206019 0.106160 0.200688 0.112246 0.197395 0.119479 0.201942
0 0.098700 0.080094 0.099494 0.097654 0.095348 0.108001 0.089086 0.112078 0.081501 0.111294 0.076649 0.105963 0.073739 0.098124 0.073827 0.085581 0.077090 0.075860 0.080706 0.070530 0.086793 0.067237 0.094026 0.071784
0 0.090633 0.033044 0.091427 0.050604 0.087281 0.060952 0.081019 0.065028 0.073433 0.064244 0.068582 0.058914 0.065671 0.051074 0.065759 0.038531 0.069023 0.028811 0.072640 0.023481 0.078725 0.020188 0.085958 0.024734
0 0.238340 0.581118 0.239134 0.598678 0.234988 0.609026 0.228725 0.613102 0.221140 0.612318 0.216289 0.606987 0.213378 0.599148 0.213466 0.586606 0.216730 0.576885 0.220346 0.571554 0.226432 0.568262 0.233665 0.572808
0 0.324489 0.871931 0.325283 0.889492 0.321137 0.899839 0.314875 0.903916 0.307289 0.903131 0.302438 0.897801 0.299527 0.889962 0.299616 0.877419 0.302879 0.867698 0.306495 0.862368 0.312582 0.859075 0.319814 0.863622
0 0.439772 0.628595 0.440566 0.646156 0.436421 0.656504 0.430158 0.660580 0.422572 0.659795 0.417721 0.654465 0.414810 0.646626 0.414899 0.634083 0.418162 0.624363 0.421779 0.619031 0.427865 0.615740 0.435097 0.620286
0 0.423952 0.489250 0.424746 0.506810 0.420600 0.517157 0.414337 0.521234 0.406752 0.520450 0.401901 0.515119 0.398990 0.507281 0.399078 0.494737 0.402342 0.485017 0.405958 0.479686 0.412044 0.476394 0.419277 0.480941
0 0.378997 0.451806 0.379791 0.469366 0.375645 0.479714 0.369383 0.483790 0.361797 0.483006 0.356946 0.477675 0.354035 0.469836 0.354123 0.457294 0.357387 0.447573 0.361004 0.442243 0.367090 0.438950 0.374322 0.443496
0 0.931529 0.650741 0.932322 0.668301 0.928177 0.678648 0.921914 0.682725 0.914329 0.681941 0.909478 0.676610 0.906567 0.668771 0.906655 0.656229 0.909918 0.646507 0.913535 0.641177 0.919621 0.637884 0.926854 0.642431
0 0.716377 0.644544 0.717356 0.658336 0.715548 0.672264 0.709370 0.681906 0.701674 0.683831 0.695583 0.683110 0.689104 0.674674 0.686016 0.664363 0.686091 0.652043 0.687597 0.641865 0.694905 0.633696 0.701610 0.630617 0.711405 0.635705
0 0.598128 0.482152 0.599108 0.495945 0.597299 0.509872 0.591122 0.519514 0.583426 0.521439 0.577335 0.520719 0.570856 0.512282 0.567767 0.501971 0.567842 0.489651 0.569349 0.479474 0.576657 0.471305 0.583362 0.468225 0.593156 0.473314
0 0.575756 0.110863 0.579047 0.113454 0.581257 0.119387 0.581445 0.126573 0.579801 0.132814 0.575098 0.136351 0.569905 0.134666 0.568328 0.130083 0.567999 0.121977 0.569174 0.115459 0.572042 0.110946
0 0.617015 0.072768 0.621181 0.075113 0.624028 0.082394 0.624514 0.090600 0.622639 0.097634 0.619142 0.101823 0.613635 0.102598 0.609246 0.098119 0.607109 0.092287 0.607101 0.083693 0.609496 0.076165 0.612780 0.072953
0 0.757696 0.135431 0.757842 0.144617 0.756605 0.151215 0.754542 0.155794 0.750345 0.157944 0.743721 0.157167 0.740479 0.152091 0.738989 0.143711 0.739437 0.135424 0.741246 0.128572 0.744646 0.124313 0.749107 0.123656 0.754567 0.127796
0 0.806010 0.190755 0.806156 0.199942 0.804918 0.206540 0.802855 0.211119 0.798658 0.213268 0.792034 0.212492 0.788793 0.207415 0.787303 0.199035 0.787751 0.190748 0.789559 0.183897 0.792959 0.179637 0.797421 0.178981 0.802880 0.183121
0 0.758294 0.207460 0.758439 0.216647 0.757202 0.223245 0.755139 0.227824 0.750942 0.229974 0.744318 0.229197 0.741077 0.224120 0.739586 0.215741 0.740035 0.207454 0.741843 0.200603 0.745243 0.196343 0.749704 0.195686 0.755164 0.199827
0 0.786779 0.280107 0.786925 0.289294 0.785688 0.295893 0.783625 0.300471 0.779428 0.302620 0.772804 0.301844 0.769563 0.296768 0.768072 0.288388 0.768521 0.280101 0.770329 0.273250 0.773729 0.268990 0.778190 0.268333 0.783649 0.272473
0 0.822987 0.270137 0.823133 0.279323 0.821895 0.285922 0.819833 0.290501 0.815635 0.292650 0.809011 0.291874 0.805770 0.286797 0.804280 0.278418 0.804729 0.270131 0.806536 0.263280 0.809937 0.259019 0.814398 0.258363 0.819857 0.262504
0 0.787947 0.096488 0.788093 0.105674 0.786855 0.112273 0.784793 0.116852 0.780595 0.119001 0.773971 0.118225 0.770730 0.113148 0.769240 0.104769 0.769689 0.096481 0.771496 0.089631 0.774897 0.085370 0.779358 0.084714 0.784817 0.088854
0 0.839017 0.073828 0.839162 0.083014 0.837925 0.089613 0.835862 0.094192 0.831665 0.096341 0.825041 0.095565 0.821799 0.090488 0.820309 0.082108 0.820758 0.073821 0.822566 0.066970 0.825966 0.062710 0.830427 0.062054 0.835886 0.066194
0 0.863569 0.189984 0.863714 0.199170 0.862477 0.205769 0.860414 0.210348 0.856217 0.212497 0.849593 0.211720 0.846352 0.206644 0.844861 0.198265 0.845310 0.189978 0.847118 0.183127 0.850518 0.178867 0.854979 0.178210 0.860439 0.182350
0 0.922549 0.093062 0.922695 0.102249 0.921458 0.108847 0.919395 0.113427 0.915197 0.115576 0.908573 0.114799 0.905332 0.109723 0.903842 0.101344 0.904291 0.093056 0.906098 0.086205 0.909499 0.081945 0.913960 0.081288 0.919419 0.085429
0 0.881304 0.108479 0.881449 0.117666 0.880211 0.124264 0.878149 0.128844 0.873952 0.130993 0.867328 0.130216 0.864086 0.125140 0.862596 0.116760 0.863045 0.108473 0.864853 0.101621 0.868253 0.097362 0.872714 0.096705 0.878173 0.100845
0 0.926341 0.199374 0.926486 0.208560 0.925249 0.215159 0.923186 0.219738 0.918989 0.221887 0.912365 0.221111 0.909124 0.216034 0.907633 0.207655 0.908082 0.199368 0.909890 0.192517 0.913291 0.188256 0.917752 0.187600 0.923211 0.191741
0 0.940161 0.113119 0.940307 0.122306 0.939069 0.128905 0.937007 0.133483 0.932809 0.135632 0.926185 0.134856 0.922944 0.129780 0.921454 0.121400 0.921903 0.113113 0.923710 0.106262 0.927111 0.102002 0.931572 0.101345 0.937031 0.105485
0 0.777333 0.154982 0.777479 0.164169 0.776242 0.170768 0.774179 0.175346 0.769982 0.177495 0.763358 0.176719 0.760117 0.171643 0.758626 0.163263 0.759075 0.154976 0.760883 0.148125 0.764283 0.143865 0.768744 0.143208 0.774204 0.147349
0 0.815197 0.376156 0.815342 0.385342 0.814105 0.391940 0.812042 0.396519 0.807845 0.398669 0.801221 0.397892 0.797980 0.392816 0.796490 0.384436 0.796938 0.376149 0.798746 0.369297 0.802146 0.365038 0.806607 0.364381 0.812067 0.368521
0 0.957117 0.076082 0.957262 0.085269 0.956024 0.091868 0.953962 0.096446 0.949765 0.098595 0.943141 0.097819 0.939900 0.092743 0.938409 0.084363 0.938858 0.076076 0.940666 0.069225 0.944066 0.064965 0.948527 0.064308 0.953986 0.068448
0 0.884653 0.012919 0.884799 0.022105 0.883561 0.028704 0.881499 0.033282 0.877302 0.035431 0.870678 0.034656 0.867436 0.029579 0.865946 0.021199 0.866395 0.012912 0.868203 0.006061 0.871603 0.001801 0.876064 0.001144 0.881523 0.005285
0 0.925231 0.416411 0.925377 0.425597 0.924139 0.432196 0.922077 0.436775 0.917879 0.438924 0.911255 0.438148 0.908014 0.433071 0.906524 0.424692 0.906972 0.416405 0.908780 0.409554 0.912181 0.405294 0.916642 0.404637 0.922101 0.408777
0 0.972014 0.412872 0.972159 0.422058 0.970922 0.428656 0.968859 0.433236 0.964662 0.435385 0.958038 0.434608 0.954796 0.429532 0.953306 0.421153 0.953755 0.412866 0.955563 0.406014 0.958963 0.401755 0.963425 0.401097 0.968884 0.405238
0 0.838667 0.399338 0.838813 0.408524 0.837576 0.415123 0.835513 0.419702 0.831316 0.421851 0.824692 0.421075 0.821451 0.415998 0.819960 0.407619 0.820409 0.399332 0.822217 0.392481 0.825617 0.388220 0.830078 0.387564 0.835537 0.391704
0 0.858692 0.419580 0.858838 0.428766 0.857601 0.435365 0.855537 0.439944 0.851340 0.442093 0.844716 0.441317 0.841475 0.436240 0.839985 0.427860 0.840433 0.419573 0.842242 0.412722 0.845642 0.408462 0.850103 0.407806 0.855562 0.411946
0 0.833152 0.551144 0.833297 0.560330 0.832060 0.566929 0.829997 0.571507 0.825800 0.573656 0.819176 0.572881 0.815935 0.567804 0.814444 0.559424 0.814893 0.551137 0.816701 0.544286 0.820102 0.540026 0.824562 0.539369 0.830022 0.543509
0 0.877607 0.614467 0.877753 0.623653 0.876516 0.630251 0.874453 0.634831 0.870256 0.636980 0.863632 0.636203 0.860390 0.631127 0.858900 0.622747 0.859348 0.614460 0.861157 0.607608 0.864557 0.603349 0.869018 0.602692 0.874478 0.606832
0 0.947076 0.596796 0.947221 0.605983 0.945984 0.612581 0.943921 0.617160 0.939724 0.619310 0.933100 0.618533 0.929858 0.613456 0.928368 0.605077 0.928817 0.596790 0.930625 0.589939 0.934025 0.585679 0.938486 0.585022 0.943946 0.589163
0 0.715424 0.457810 0.715570 0.466996 0.714332 0.473595 0.712270 0.478174 0.708072 0.480323 0.701448 0.479547 0.698207 0.474470 0.696717 0.466091 0.697166 0.457804 0.698973 0.450953 0.702374 0.446693 0.706835 0.446036 0.712294 0.450177
0 0.680383 0.425665 0.680529 0.434852 0.679291 0.441450 0.677229 0.446030 0.673031 0.448179 0.666407 0.447402 0.663166 0.442326 0.661676 0.433946 0.662125 0.425659 0.663932 0.418807 0.667333 0.414548 0.671794 0.413891 0.677253 0.418031
0 0.785916 0.595830 0.786061 0.605016 0.784824 0.611615 0.782761 0.616194 0.778564 0.618343 0.771940 0.617567 0.768698 0.612490 0.767208 0.604110 0.767657 0.595823 0.769465 0.588972 0.772865 0.584712 0.777327 0.584056 0.782786 0.588195
0 0.701043 0.604008 0.701189 0.613195 0.699952 0.619794 0.697889 0.624372 0.693691 0.626522 0.687067 0.625745 0.683826 0.620669 0.682336 0.612289 0.682784 0.604002 0.684593 0.597151 0.687993 0.592891 0.692454 0.592234 0.697913 0.596375
0 0.793391 0.721442 0.793536 0.730628 0.792299 0.737227 0.790236 0.741806 0.786039 0.743955 0.779415 0.743179 0.776174 0.738102 0.774684 0.729722 0.775132 0.721435 0.776940 0.714584 0.780341 0.710324 0.784802 0.709668 0.790261 0.713807
0 0.758156 0.768911 0.758302 0.778097 0.757064 0.784695 0.755001 0.789275 0.750804 0.791424 0.744180 0.790647 0.740939 0.785571 0.739448 0.777192 0.739897 0.768905 0.741705 0.762053 0.745105 0.757793 0.749567 0.757136 0.755026 0.761277
0 0.707797 0.752964 0.707942 0.762151 0.706705 0.768749 0.704642 0.773329 0.700445 0.775478 0.693821 0.774701 0.690580 0.769625 0.689090 0.761245 0.689538 0.752958 0.691346 0.746106 0.694746 0.741847 0.699207 0.741190 0.704667 0.745331
0 0.615362 0.826282 0.615508 0.835469 0.614270 0.842068 0.612208 0.846646 0.608010 0.848795 0.601386 0.848019 0.598145 0.842943 0.596655 0.834563 0.597104 0.826276 0.598911 0.819425 0.602312 0.815165 0.606773 0.814508 0.612232 0.818648
0 0.624723 0.792758 0.624869 0.801945 0.623631 0.808544 0.621568 0.813122 0.617371 0.815271 0.610747 0.814495 0.607506 0.809418 0.606016 0.801039 0.606464 0.792752 0.608272 0.785901 0.611672 0.781641 0.616134 0.780984 0.621593 0.785125
0 0.548770 0.898818 0.548915 0.908005 0.547678 0.914603 0.545615 0.919182 0.541418 0.921332 0.534794 0.920555 0.531553 0.915479 0.530062 0.907099 0.530511 0.898812 0.532319 0.891960 0.535719 0.887701 0.540180 0.887044 0.545640 0.891184
0 0.573448 0.874944 0.573594 0.884131 0.572356 0.890730 0.570294 0.895308 0.566096 0.897457 0.559472 0.896681 0.556231 0.891605 0.554741 0.883225 0.555190 0.874938 0.556997 0.868087 0.560398 0.863827 0.564859 0.863170 0.570318 0.867311
0 0.592891 0.897255 0.593037 0.906441 0.591799 0.913040 0.589737 0.917619 0.585540 0.919768 0.578916 0.918991 0.575674 0.913915 0.574184 0.905535 0.574633 0.897248 0.576441 0.890397 0.579841 0.886137 0.584302 0.885481 0.589761 0.889620
0 0.613498 0.911293 0.613643 0.920479 0.612406 0.927078 0.610343 0.931656 0.606146 0.933806 0.599522 0.933030 0.596281 0.927953 0.594791 0.919573 0.595239 0.911286 0.597047 0.904435 0.600447 0.900175 0.604908 0.899518 0.610368 0.903658
0 0.631972 0.894656 0.632117 0.903844 0.630880 0.910442 0.628817 0.915020 0.624620 0.917169 0.617996 0.916394 0.614755 0.911317 0.613265 0.902937 0.613713 0.894650 0.615521 0.887799 0.618921 0.883539 0.623382 0.882882 0.628842 0.887023
0 0.577929 0.932476 0.578074 0.941662 0.576836 0.948261 0.574774 0.952840 0.570577 0.954989 0.563953 0.954212 0.560711 0.949136 0.559221 0.940756 0.559670 0.932469 0.561478 0.925619 0.564878 0.921358 0.569339 0.920702 0.574798 0.924842
0 0.684237 0.903777 0.684382 0.912964 0.683145 0.919562 0.681082 0.924141 0.676885 0.926290 0.670261 0.925514 0.667020 0.920437 0.665530 0.912057 0.665978 0.903770 0.667786 0.896919 0.671186 0.892659 0.675647 0.892003 0.681107 0.896144
0 0.792484 0.899204 0.792630 0.908391 0.791392 0.914989 0.789330 0.919568 0.785132 0.921718 0.778508 0.920941 0.775267 0.915864 0.773777 0.907485 0.774225 0.899197 0.776033 0.892346 0.779434 0.888086 0.783895 0.887430 0.789354 0.891570
0 0.755310 0.877054 0.755455 0.886241 0.754218 0.892839 0.752155 0.897418 0.747958 0.899567 0.741334 0.898791 0.738093 0.893714 0.736603 0.885334 0.737051 0.877047 0.738859 0.870196 0.742259 0.865936 0.746720 0.865280 0.752180 0.869420
0 0.810818 0.781494 0.810963 0.790680 0.809726 0.797279 0.807663 0.801857 0.803466 0.804007 0.796842 0.803231 0.793600 0.798154 0.792110 0.789774 0.792559 0.781487 0.794367 0.774636 0.797767 0.770376 0.802228 0.769719 0.807688 0.773859
0 0.862060 0.821035 0.862205 0.830222 0.860968 0.836820 0.858905 0.841399 0.854708 0.843549 0.848084 0.842772 0.844843 0.837695 0.843353 0.829317 0.843801 0.821029 0.845609 0.814178 0.849009 0.809918 0.853470 0.809261 0.858930 0.813402
0 0.865991 0.877466 0.866137 0.886652 0.864899 0.893251 0.862836 0.897830 0.858640 0.899979 0.852016 0.899203 0.848774 0.894126 0.847284 0.885746 0.847732 0.877459 0.849541 0.870608 0.852941 0.866348 0.857402 0.865692 0.862861 0.869832
0 0.886210 0.950439 0.886356 0.959625 0.885118 0.966224 0.883056 0.970803 0.878858 0.972952 0.872234 0.972176 0.868993 0.967099 0.867503 0.958719 0.867952 0.950432 0.869759 0.943581 0.873160 0.939321 0.877621 0.938665 0.883080 0.942805
0 0.917869 0.924497 0.918014 0.933683 0.916777 0.940282 0.914714 0.944861 0.910517 0.947010 0.903893 0.946234 0.900652 0.941157 0.899161 0.932778 0.899610 0.924491 0.901418 0.917640 0.904818 0.913380 0.909279 0.912723 0.914739 0.916864
0 0.956895 0.735537 0.957041 0.744723 0.955804 0.751322 0.953741 0.755901 0.949543 0.758050 0.942919 0.757274 0.939678 0.752197 0.938188 0.743818 0.938636 0.735531 0.940445 0.728680 0.943845 0.724419 0.948306 0.723763 0.953765 0.727903
0 0.932324 0.789209 0.932470 0.798396 0.931232 0.804994 0.929170 0.809573 0.924972 0.811723 0.918348 0.810946 0.915107 0.805869 0.913617 0.797491 0.914066 0.789203 0.915873 0.782352 0.919274 0.778092 0.923735 0.777435 0.929194 0.781576
0 0.907753 0.780156 0.907899 0.789343 0.906661 0.795942 0.904599 0.800520 0.900402 0.802669 0.893778 0.801893 0.890536 0.796817 0.889046 0.788437 0.889495 0.780150 0.891303 0.773299 0.894703 0.769039 0.899164 0.768382 0.904623 0.772522
0 0.986722 0.875187 0.986868 0.884373 0.985630 0.890972 0.983568 0.895551 0.979370 0.897700 0.972746 0.896924 0.969505 0.891847 0.968015 0.883468 0.968464 0.875181 0.970271 0.868330 0.973672 0.864069 0.978133 0.863413 0.983592 0.867553
0 0.816342 0.714143 0.816487 0.723330 0.815250 0.729928 0.813188 0.734506 0.808990 0.736656 0.802366 0.735880 0.799125 0.730803 0.797635 0.722424 0.798083 0.714136 0.799891 0.707285 0.803292 0.703025 0.807753 0.702368 0.813212 0.706509
0 0.764626 0.632713 0.764771 0.641899 0.763534 0.648498 0.761471 0.653077 0.757274 0.655226 0.750650 0.654450 0.747409 0.649373 0.745918 0.640994 0.746367 0.632706 0.748175 0.625856 0.751576 0.621595 0.756036 0.620939 0.761496 0.625080
0 0.945196 0.011774 0.945342 0.020960 0.944104 0.027559 0.942041 0.032138 0.937844 0.034287 0.931220 0.033511 0.927979 0.028434 0.926489 0.020055 0.926937 0.011768 0.928745 0.004917 0.932145 0.000656 0.936607 0.000000 0.942066 0.004141
0 0.381984 0.089572 0.382129 0.098758 0.380892 0.105357 0.378829 0.109936 0.374632 0.112085 0.368008 0.111309 0.364767 0.106232 0.363277 0.097853 0.363725 0.089566 0.365533 0.082715 0.368933 0.078455 0.373394 0.077798 0.378854 0.081939
0 0.835504 0.110597 0.838795 0.113188 0.841005 0.119121 0.841193 0.126308 0.839549 0.132548 0.834846 0.136085 0.829653 0.134400 0.828077 0.129818 0.827747 0.121712 0.828922 0.115194 0.831790 0.110681
0 0.853784 0.063632 0.857075 0.066223 0.859285 0.072156 0.859473 0.079343 0.857829 0.085583 0.853126 0.089120 0.847933 0.087435 0.846356 0.082853 0.846027 0.074747 0.847203 0.068229 0.850070 0.063716
0 0.620529 0.168060 0.620674 0.177246 0.619436 0.183845 0.617374 0.188424 0.613177 0.190573 0.606553 0.189797 0.603311 0.184720 0.601821 0.176341 0.602270 0.168054 0.604078 0.161203 0.607478 0.156943 0.611939 0.156286 0.617398 0.160426
0 0.666485 0.054541 0.669776 0.057131 0.671986 0.063065 0.672174 0.070251 0.670530 0.076492 0.665827 0.080029 0.660634 0.078344 0.659057 0.073761 0.658728 0.065656 0.659904 0.059137 0.662771 0.054624
0 0.452615 0.170472 0.452761 0.179659 0.451523 0.186257 0.449460 0.190836 0.445264 0.192986 0.438640 0.192209 0.435398 0.187132 0.433908 0.178753 0.434356 0.170466 0.436165 0.163615 0.439565 0.159355 0.444026 0.158698 0.449485 0.162839
0 0.479179 0.397596 0.479324 0.406783 0.478087 0.413381 0.476024 0.417960 0.471827 0.420110 0.465203 0.419333 0.461962 0.414256 0.460471 0.405878 0.460920 0.397590 0.462728 0.390739 0.466129 0.386479 0.470590 0.385822 0.476049 0.389963
0 0.512777 0.512272 0.512922 0.521459 0.511684 0.528057 0.509622 0.532636 0.505424 0.534785 0.498801 0.534009 0.495559 0.528932 0.494069 0.520553 0.494518 0.512266 0.496326 0.505415 0.499726 0.501155 0.504187 0.500498 0.509646 0.504639
0 0.537649 0.589037 0.537794 0.598223 0.536557 0.604822 0.534494 0.609401 0.530297 0.611550 0.523673 0.610773 0.520432 0.605697 0.518942 0.597318 0.519390 0.589031 0.521198 0.582180 0.524598 0.577919 0.529059 0.577263 0.534519 0.581403
0 0.574348 0.618240 0.574494 0.627426 0.573257 0.634024 0.571194 0.638604 0.566997 0.640753 0.560373 0.639976 0.557132 0.634900 0.555641 0.626520 0.556090 0.618233 0.557898 0.611381 0.561298 0.607122 0.565759 0.606465 0.571219 0.610606
0 0.552298 0.686387 0.552444 0.695574 0.551206 0.702172 0.549144 0.706752 0.544946 0.708901 0.538322 0.708124 0.535081 0.703048 0.533591 0.694669 0.534040 0.686381 0.535847 0.679530 0.539248 0.675270 0.543709 0.674613 0.549168 0.678754
0 0.537422 0.787967 0.537568 0.797153 0.536330 0.803752 0.534267 0.808331 0.530070 0.810480 0.523446 0.809704 0.520205 0.804627 0.518715 0.796247 0.519163 0.787960 0.520971 0.781109 0.524371 0.776849 0.528833 0.776193 0.534292 0.780332
0 0.618136 0.966403 0.618282 0.975589 0.617044 0.982188 0.614982 0.986767 0.610784 0.988916 0.604160 0.988139 0.600919 0.983063 0.599429 0.974683 0.599878 0.966396 0.601685 0.959545 0.605086 0.955285 0.609547 0.954629 0.615006 0.958768
0 0.669378 0.834802 0.669524 0.843988 0.668286 0.850587 0.666223 0.855166 0.662026 0.857315 0.655402 0.856539 0.652161 0.851462 0.650671 0.843082 0.651119 0.834795 0.652928 0.827944 0.656328 0.823684 0.660789 0.823028 0.666248 0.827169
0 0.579465 0.977487 0.579610 0.986673 0.578372 0.993272 0.576310 0.997851 0.572113 0.999074 0.565489 0.999074 0.562247 0.994147 0.560757 0.985768 0.561206 0.977481 0.563014 0.970630 0.566414 0.966369 0.570875 0.965713 0.576334 0.969853
0 0.556639 0.977379 0.556784 0.986565 0.555546 0.993164 0.553484 0.997743 0.549286 0.998966 0.542663 0.998966 0.539421 0.994039 0.537931 0.985659 0.538380 0.977372 0.540187 0.970521 0.543588 0.966261 0.548049 0.965605 0.553508 0.969745
0 0.438998 0.680291 0.439143 0.689477 0.437906 0.696076 0.435843 0.700655 0.431646 0.701878 0.425022 0.701878 0.421781 0.696951 0.420291 0.688571 0.420739 0.680284 0.422547 0.673433 0.425947 0.669173 0.430408 0.668517 0.435868 0.672657
0 0.311080 0.945234 0.311226 0.954420 0.309989 0.961019 0.307926 0.965598 0.303729 0.966821 0.297105 0.966821 0.293864 0.961894 0.292373 0.953515 0.292822 0.945228 0.294630 0.938376 0.298030 0.934117 0.302491 0.933459 0.307951 0.937600
0 0.289806 0.931700 0.289951 0.940886 0.288714 0.947485 0.286651 0.952064 0.282454 0.953287 0.275830 0.953287 0.272589 0.948360 0.271098 0.939981 0.271547 0.931693 0.273355 0.924843 0.276755 0.920582 0.281216 0.919926 0.286676 0.924066
0 0.309055 0.803743 0.309201 0.812929 0.307963 0.819528 0.305901 0.824106 0.301703 0.825330 0.295079 0.825330 0.291838 0.820403 0.290348 0.812023 0.290796 0.803736 0.292604 0.796885 0.296005 0.792625 0.300466 0.791969 0.305925 0.796108
0 0.350020 0.770908 0.350166 0.780094 0.348929 0.786694 0.346866 0.791272 0.342669 0.792495 0.336045 0.792495 0.332804 0.787569 0.331314 0.779189 0.331762 0.770902 0.333570 0.764051 0.336970 0.759791 0.341431 0.759134 0.346891 0.763274
0 0.215317 0.702231 0.215462 0.711417 0.214225 0.718016 0.212163 0.722594 0.207965 0.723818 0.201341 0.723818 0.198100 0.718891 0.196610 0.710511 0.197058 0.702224 0.198866 0.695373 0.202267 0.691113 0.206728 0.690456 0.212187 0.694596
0 0.126464 0.748874 0.127179 0.754233 0.126106 0.759866 0.123321 0.762771 0.120919 0.763770 0.117648 0.762681 0.115400 0.756594 0.115732 0.750509 0.117061 0.745968 0.120893 0.743879 0.123959 0.745150
0 0.233110 0.696742 0.233826 0.702101 0.232753 0.707733 0.229968 0.710639 0.227566 0.711638 0.224296 0.710548 0.222047 0.704462 0.222379 0.698377 0.223708 0.693835 0.227541 0.691746 0.230607 0.693018
0 0.218202 0.621866 0.218917 0.627225 0.217844 0.632856 0.215059 0.635763 0.212657 0.636762 0.209387 0.635672 0.207139 0.629586 0.207471 0.623501 0.208799 0.618959 0.212632 0.616870 0.215698 0.618142
0 0.123935 0.668694 0.124651 0.674053 0.123577 0.679684 0.120792 0.682590 0.118391 0.683589 0.115120 0.682499 0.112871 0.676414 0.113204 0.670328 0.114532 0.665786 0.118365 0.663697 0.121431 0.664969
0 0.115560 0.651403 0.116276 0.656761 0.115202 0.662394 0.112417 0.665299 0.110016 0.666298 0.106745 0.665208 0.104497 0.659122 0.104829 0.653037 0.106157 0.648495 0.109990 0.646406 0.113056 0.647678
0 0.128011 0.645725 0.128727 0.651084 0.127654 0.656717 0.124869 0.659622 0.122467 0.660621 0.119197 0.659531 0.116948 0.653445 0.117280 0.647360 0.118609 0.642819 0.122442 0.640730 0.125508 0.642001
0 0.078392 0.844500 0.079108 0.849859 0.078034 0.855492 0.075249 0.858397 0.072848 0.859396 0.069577 0.858306 0.067329 0.852220 0.067661 0.846135 0.068990 0.841594 0.072822 0.839505 0.075888 0.840776
0 0.085399 0.821887 0.086115 0.827245 0.085041 0.832878 0.082256 0.835783 0.079855 0.836782 0.076584 0.835693 0.074335 0.829606 0.074668 0.823521 0.075996 0.818980 0.079829 0.816891 0.082895 0.818162
0 0.093767 0.945656 0.094482 0.951015 0.093409 0.956646 0.090624 0.959553 0.088222 0.960552 0.084952 0.959462 0.082704 0.953376 0.083035 0.947291 0.084364 0.942749 0.088197 0.940660 0.091263 0.941931
0 0.273511 0.965868 0.274227 0.971227 0.273153 0.976858 0.270368 0.979765 0.267967 0.980764 0.264696 0.979674 0.262447 0.973588 0.262780 0.967503 0.264108 0.962961 0.267941 0.960872 0.271007 0.962143
0 0.333060 0.961158 0.333776 0.966518 0.332703 0.972149 0.329918 0.975056 0.327516 0.976055 0.324245 0.974965 0.321997 0.968879 0.322329 0.962794 0.323658 0.958252 0.327490 0.956163 0.330556 0.957434
0 0.388254 0.940722 0.388969 0.946081 0.387896 0.951713 0.385111 0.954619 0.382709 0.955619 0.379439 0.954529 0.377191 0.948443 0.377522 0.942357 0.378851 0.937816 0.382684 0.935727 0.385750 0.936998
0 0.432558 0.841893 0.433273 0.847252 0.432200 0.852883 0.429415 0.855790 0.427013 0.856789 0.423743 0.855699 0.421494 0.849613 0.421827 0.843528 0.423155 0.838986 0.426988 0.836897 0.430054 0.838169
0 0.451271 0.861137 0.451986 0.866496 0.450913 0.872128 0.448128 0.875034 0.445727 0.876033 0.442456 0.874944 0.440207 0.868857 0.440540 0.862772 0.441868 0.858231 0.445701 0.856142 0.448767 0.857413
0 0.554787 0.939660 0.555503 0.945019 0.554430 0.950651 0.551644 0.953557 0.549243 0.954557 0.545972 0.953467 0.543724 0.947381 0.544056 0.941295 0.545384 0.936754 0.549217 0.934665 0.552283 0.935936
0 0.723369 0.892851 0.724085 0.898210 0.723011 0.903842 0.720227 0.906748 0.717825 0.907747 0.714554 0.906657 0.712306 0.900571 0.712638 0.894486 0.713967 0.889944 0.717799 0.887856 0.720865 0.889127
0 0.709958 0.864672 0.710673 0.870031 0.709600 0.875663 0.706815 0.878569 0.704414 0.879569 0.701143 0.878479 0.698894 0.872393 0.699227 0.866307 0.700555 0.861766 0.704388 0.859677 0.707454 0.860948
0 0.906445 0.956745 0.907160 0.962105 0.906087 0.967736 0.903302 0.970642 0.900901 0.971642 0.897630 0.970551 0.895381 0.964466 0.895714 0.958381 0.897042 0.953839 0.900874 0.951749 0.903941 0.953021
0 0.917263 0.885015 0.917978 0.890374 0.916905 0.896006 0.914120 0.898911 0.911718 0.899910 0.908448 0.898820 0.906199 0.892735 0.906532 0.886649 0.907860 0.882107 0.911693 0.880019 0.914759 0.881291
0 0.889559 0.751101 0.890274 0.756460 0.889201 0.762092 0.886416 0.764998 0.884015 0.765997 0.880744 0.764907 0.878495 0.758821 0.878828 0.752736 0.880156 0.748194 0.883989 0.746106 0.887055 0.747377
0 0.984228 0.666789 0.984943 0.672148 0.983870 0.677780 0.981085 0.680686 0.978683 0.681685 0.975412 0.680595 0.973164 0.674509 0.973496 0.668424 0.974825 0.663882 0.978657 0.661794 0.981723 0.663065
0 0.961424 0.626029 0.962139 0.631388 0.961066 0.637019 0.958281 0.639925 0.955879 0.640924 0.952609 0.639834 0.950360 0.633749 0.950693 0.627663 0.952021 0.623122 0.955854 0.621032 0.958920 0.622305
0 0.741796 0.654449 0.742512 0.659808 0.741439 0.665440 0.738654 0.668346 0.736252 0.669345 0.732982 0.668256 0.730733 0.662169 0.731065 0.656084 0.732394 0.651543 0.736226 0.649454 0.739293 0.650725
0 0.773169 0.562878 0.773884 0.568237 0.772811 0.573869 0.770026 0.576775 0.767624 0.577774 0.764354 0.576684 0.762105 0.570598 0.762438 0.564513 0.763766 0.559971 0.767599 0.557882 0.770665 0.559154
0 0.732125 0.467678 0.732841 0.473037 0.731767 0.478668 0.728982 0.481575 0.726581 0.482574 0.723310 0.481484 0.721061 0.475398 0.721394 0.469313 0.722722 0.464771 0.726555 0.462682 0.729621 0.463954
0 0.618517 0.408635 0.619233 0.413994 0.618159 0.419626 0.615375 0.422531 0.612973 0.423531 0.609702 0.422441 0.607454 0.416355 0.607786 0.410269 0.609115 0.405728 0.612947 0.403639 0.616013 0.404910
0 0.663332 0.327230 0.664047 0.332589 0.662974 0.338221 0.660189 0.341127 0.657787 0.342126 0.654517 0.341036 0.652268 0.334950 0.652600 0.328865 0.653929 0.324323 0.657761 0.322234 0.660828 0.323506
0 0.584514 0.303823 0.585230 0.309182 0.584156 0.314814 0.581371 0.317720 0.578970 0.318719 0.575699 0.317630 0.573451 0.311544 0.573783 0.305458 0.575111 0.300917 0.578944 0.298828 0.582010 0.300099
0 0.563287 0.476417 0.564002 0.481776 0.562929 0.487407 0.560144 0.490314 0.557742 0.491313 0.554472 0.490223 0.552223 0.484137 0.552556 0.478052 0.553884 0.473510 0.557717 0.471421 0.560783 0.472693
0 0.505304 0.454058 0.506019 0.459418 0.504946 0.465049 0.502161 0.467956 0.499759 0.468955 0.496489 0.467865 0.494241 0.461779 0.494573 0.455694 0.495902 0.451152 0.499734 0.449063 0.502800 0.450334
0 0.472873 0.584727 0.473589 0.590086 0.472516 0.595718 0.469731 0.598624 0.467329 0.599623 0.464058 0.598532 0.461810 0.592447 0.462142 0.586362 0.463470 0.581820 0.467303 0.579731 0.470369 0.581003
0 0.599171 0.544319 0.599317 0.553505 0.598079 0.560103 0.596017 0.564682 0.591819 0.566831 0.585195 0.566055 0.581954 0.560979 0.580464 0.552599 0.580913 0.544312 0.582720 0.537460 0.586121 0.533201 0.590582 0.532543 0.596041 0.536684
0 0.436314 0.503671 0.437030 0.509031 0.435956 0.514662 0.433171 0.517569 0.430770 0.518568 0.427499 0.517478 0.425251 0.511392 0.425583 0.505306 0.426911 0.500765 0.430744 0.498676 0.433810 0.499947
0 0.396021 0.519045 0.396736 0.524405 0.395664 0.530036 0.392879 0.532943 0.390477 0.533942 0.387206 0.532852 0.384958 0.526766 0.385290 0.520681 0.386618 0.516139 0.390451 0.514050 0.393517 0.515321
0 0.449520 0.561993 0.447854 0.565818 0.445312 0.566667 0.442369 0.566065 0.441015 0.563226 0.440737 0.558783 0.441709 0.555575 0.443167 0.553354 0.444938 0.551873 0.447368 0.551996 0.449693 0.554588 0.449936 0.558783
0 0.407819 0.728051 0.406153 0.731877 0.403612 0.732726 0.400668 0.732123 0.399315 0.729285 0.399037 0.724843 0.400009 0.721633 0.401467 0.719412 0.403237 0.717932 0.405667 0.718055 0.407993 0.720646 0.408236 0.724843
0 0.333420 0.647930 0.331754 0.651756 0.329213 0.652605 0.326269 0.652003 0.324916 0.649164 0.324637 0.644721 0.325610 0.641513 0.327068 0.639292 0.328838 0.637810 0.331268 0.637934 0.333594 0.640525 0.333837 0.644721
0 0.383842 0.926880 0.382176 0.930705 0.379634 0.931554 0.376691 0.930952 0.375337 0.928114 0.375059 0.923670 0.376031 0.920462 0.377490 0.918241 0.379260 0.916760 0.381690 0.916883 0.384016 0.919475 0.384258 0.923670
0 0.388989 0.874143 0.387322 0.877968 0.384781 0.878818 0.381838 0.878215 0.380484 0.875377 0.380206 0.870934 0.381178 0.867726 0.382636 0.865504 0.384406 0.864023 0.386836 0.864146 0.389162 0.866738 0.389405 0.870934
0 0.255952 0.944635 0.254286 0.948461 0.251745 0.949310 0.248801 0.948708 0.247447 0.945869 0.247169 0.941427 0.248142 0.938219 0.249599 0.935997 0.251370 0.934516 0.253800 0.934640 0.256126 0.937231 0.256369 0.941427
0 0.195072 0.873177 0.193406 0.877003 0.190865 0.877852 0.187921 0.877249 0.186568 0.874411 0.186290 0.869968 0.187262 0.866759 0.188720 0.864538 0.190490 0.863057 0.192920 0.863181 0.195246 0.865772 0.195489 0.869968
0 0.103067 0.941155 0.101400 0.944981 0.098859 0.945830 0.095916 0.945228 0.094561 0.942389 0.094284 0.937946 0.095256 0.934738 0.096714 0.932517 0.098484 0.931035 0.100914 0.931159 0.103240 0.933751 0.103483 0.937946
0 0.060580 0.821355 0.058914 0.825180 0.056373 0.826029 0.053429 0.825427 0.052075 0.822589 0.051797 0.818145 0.052769 0.814937 0.054228 0.812716 0.055998 0.811235 0.058428 0.811358 0.060754 0.813950 0.060996 0.818145
0 0.216643 0.452859 0.214977 0.456684 0.212436 0.457533 0.209492 0.456931 0.208139 0.454094 0.207861 0.449650 0.208833 0.446442 0.210291 0.444220 0.212061 0.442740 0.214491 0.442863 0.216817 0.445455 0.217060 0.449650
0 0.268480 0.296453 0.266814 0.300279 0.264272 0.301128 0.261329 0.300525 0.259975 0.297687 0.259697 0.293244 0.260669 0.290035 0.262127 0.287814 0.263898 0.286333 0.266328 0.286456 0.268654 0.289048 0.268896 0.293244
0 0.245172 0.062923 0.243506 0.066749 0.240965 0.067598 0.238021 0.066995 0.236668 0.064157 0.236390 0.059715 0.237362 0.056506 0.238820 0.054284 0.240590 0.052804 0.243020 0.052927 0.245346 0.055519 0.245589 0.059715
0 0.320432 0.132857 0.318766 0.136683 0.316225 0.137531 0.313281 0.136930 0.311928 0.134092 0.311650 0.129649 0.312622 0.126440 0.314080 0.124219 0.315851 0.122738 0.318280 0.122861 0.320606 0.125453 0.320849 0.129649
0 0.620473 0.231806 0.621188 0.237165 0.620115 0.242796 0.617330 0.245703 0.614928 0.246702 0.611658 0.245612 0.609409 0.239526 0.609742 0.233441 0.611070 0.228899 0.614903 0.226810 0.617969 0.228081
0 0.721356 0.743774 0.724647 0.746365 0.726857 0.752298 0.727045 0.759484 0.725401 0.765725 0.720698 0.769262 0.715505 0.767577 0.713928 0.762994 0.713599 0.754888 0.714774 0.748370 0.717642 0.743857
0 0.660553 0.667430 0.661268 0.672789 0.660195 0.678420 0.657410 0.681327 0.655009 0.682326 0.651738 0.681236 0.649490 0.675150 0.649822 0.669065 0.651151 0.664523 0.654983 0.662434 0.658049 0.663706
0 0.328387 0.536542 0.332553 0.538887 0.335400 0.546168 0.335885 0.554374 0.334011 0.561408 0.330514 0.565597 0.325007 0.566372 0.320618 0.561893 0.318481 0.556061 0.318472 0.547467 0.320868 0.539939 0.324152 0.536727
0 0.255947 0.514579 0.254281 0.518404 0.251740 0.519253 0.248796 0.518651 0.247442 0.515813 0.247165 0.511369 0.248136 0.508161 0.249595 0.505940 0.251365 0.504459 0.253795 0.504582 0.256121 0.507174 0.256364 0.511369
0 0.182430 0.133382 0.186595 0.135727 0.189442 0.143008 0.189928 0.151215 0.188053 0.158249 0.184556 0.162438 0.179049 0.163213 0.174660 0.158734 0.172523 0.152901 0.172515 0.144307 0.174910 0.136780 0.178194 0.133568
0 0.216119 0.050014 0.214453 0.053839 0.211911 0.054688 0.208968 0.054086 0.207614 0.051247 0.207336 0.046805 0.208308 0.043596 0.209766 0.041375 0.211536 0.039894 0.213967 0.040018 0.216293 0.042609 0.216535 0.046805
0 0.328748 0.350396 0.332039 0.352987 0.334248 0.358920 0.334436 0.366106 0.332792 0.372347 0.328090 0.375884 0.322896 0.374199 0.321320 0.369617 0.320991 0.361510 0.322166 0.354993 0.325034 0.350480
0 0.775623 0.969636 0.775768 0.978822 0.774531 0.985421 0.772468 0.990000 0.768271 0.992149 0.761647 0.991373 0.758406 0.986296 0.756916 0.977917 0.757364 0.969630 0.759172 0.962779 0.762572 0.958518 0.767033 0.957862 0.772493 0.962002
