0 0.323926 0.598825 0.327305 0.596795 0.329909 0.591292 0.330667 0.584229 0.329583 0.577806 0.325335 0.573562 0.320197 0.574392 0.318310 0.578663 0.317343 0.586612 0.317953 0.593233 0.320354 0.598147
0 0.344446 0.569511 0.347824 0.567482 0.350429 0.561980 0.351187 0.554916 0.350103 0.548493 0.345855 0.544249 0.340716 0.545080 0.338830 0.549350 0.337863 0.557298 0.338472 0.563921 0.340874 0.568834
0 0.288144 0.553045 0.291523 0.551015 0.294128 0.545512 0.294885 0.538449 0.293802 0.532026 0.289554 0.527781 0.284415 0.528612 0.282529 0.532883 0.281561 0.540831 0.282171 0.547453 0.284573 0.552367
0 0.287479 0.586268 0.290857 0.584238 0.293462 0.578735 0.294220 0.571672 0.293136 0.565249 0.288888 0.561004 0.283749 0.561835 0.281863 0.566106 0.280896 0.574055 0.281506 0.580676 0.283907 0.585590
0 0.391527 0.643078 0.394905 0.641048 0.397510 0.635546 0.398268 0.628483 0.397184 0.622060 0.392936 0.617815 0.387797 0.618646 0.385911 0.622917 0.384944 0.630865 0.385554 0.637486 0.387955 0.642400
0 0.326467 0.473589 0.329846 0.471559 0.332451 0.466057 0.333208 0.458993 0.332125 0.452571 0.327877 0.448326 0.322738 0.449157 0.320851 0.453427 0.319885 0.461376 0.320494 0.467997 0.322895 0.472911
0 0.287116 0.404994 0.290494 0.402964 0.293099 0.397462 0.293857 0.390399 0.292773 0.383975 0.288525 0.379730 0.283387 0.380562 0.281500 0.384832 0.280533 0.392780 0.281142 0.399403 0.283544 0.404316
0 0.350544 0.410907 0.353923 0.408877 0.356528 0.403374 0.357285 0.396312 0.356202 0.389888 0.351954 0.385644 0.346816 0.386475 0.344929 0.390745 0.343962 0.398694 0.344571 0.405316 0.346973 0.410230
0 0.381111 0.535447 0.384490 0.533418 0.387094 0.527916 0.387852 0.520852 0.386768 0.514430 0.382521 0.510185 0.377382 0.511016 0.375495 0.515287 0.374528 0.523234 0.375138 0.529857 0.377539 0.534770
0 0.438512 0.646856 0.441891 0.644827 0.444495 0.639324 0.445253 0.632260 0.444170 0.625838 0.439922 0.621593 0.434783 0.622424 0.432896 0.626695 0.431929 0.634643 0.432539 0.641265 0.434940 0.646178
0 0.287093 0.438618 0.290471 0.436589 0.293076 0.431087 0.293834 0.424023 0.292750 0.417600 0.288502 0.413356 0.283363 0.414187 0.281477 0.418457 0.280510 0.426405 0.281119 0.433028 0.283521 0.437941
0 0.489210 0.640470 0.492588 0.638440 0.495193 0.632938 0.495951 0.625874 0.494867 0.619452 0.490620 0.615207 0.485481 0.616038 0.483594 0.620309 0.482627 0.628256 0.483237 0.634878 0.485638 0.639792
0 0.468313 0.632669 0.471692 0.630639 0.474297 0.625136 0.475054 0.618073 0.473971 0.611650 0.469723 0.607405 0.464584 0.608236 0.462698 0.612507 0.461731 0.620455 0.462340 0.627077 0.464741 0.631991
0 0.482024 0.601606 0.485403 0.599576 0.488008 0.594073 0.488765 0.587011 0.487682 0.580587 0.483434 0.576342 0.478295 0.577174 0.476409 0.581444 0.475442 0.589392 0.476051 0.596014 0.478453 0.600929
0 0.480394 0.542371 0.483773 0.540341 0.486378 0.534838 0.487135 0.527775 0.486052 0.521352 0.481804 0.517107 0.476665 0.517939 0.474778 0.522209 0.473811 0.530157 0.474421 0.536779 0.476822 0.541694
0 0.311786 0.681327 0.315165 0.679297 0.317769 0.673795 0.318527 0.666732 0.317443 0.660308 0.313196 0.656064 0.308057 0.656895 0.306170 0.661165 0.305203 0.669114 0.305813 0.675736 0.308214 0.680650
0 0.328929 0.697756 0.332307 0.695726 0.334912 0.690223 0.335670 0.683160 0.334586 0.676737 0.330338 0.672492 0.325199 0.673323 0.323313 0.677594 0.322346 0.685543 0.322955 0.692164 0.325357 0.697078
0 0.261024 0.563292 0.264402 0.561262 0.267007 0.555760 0.267764 0.548697 0.266681 0.542274 0.262433 0.538029 0.257295 0.538860 0.255408 0.543131 0.254440 0.551078 0.255050 0.557701 0.257452 0.562615
0 0.243719 0.544667 0.247097 0.542637 0.249702 0.537134 0.250460 0.530071 0.249376 0.523649 0.245129 0.519404 0.239990 0.520235 0.238103 0.524505 0.237136 0.532454 0.237745 0.539075 0.240147 0.543989
0 0.225349 0.478635 0.228728 0.476605 0.231332 0.471103 0.232090 0.464040 0.231007 0.457616 0.226759 0.453372 0.221620 0.454203 0.219733 0.458473 0.218766 0.466422 0.219376 0.473044 0.221777 0.477958
0 0.229572 0.351536 0.232950 0.349506 0.235555 0.344004 0.236313 0.336941 0.235229 0.330517 0.230981 0.326272 0.225842 0.327104 0.223956 0.331374 0.222989 0.339323 0.223598 0.345945 0.226000 0.350859
0 0.277744 0.367877 0.281123 0.365847 0.283727 0.360345 0.284485 0.353282 0.283401 0.346858 0.279153 0.342613 0.274015 0.343445 0.272128 0.347715 0.271161 0.355663 0.271771 0.362286 0.274172 0.367200
0 0.245255 0.402599 0.248634 0.400569 0.251239 0.395067 0.251996 0.388003 0.250913 0.381581 0.246665 0.377336 0.241526 0.378167 0.239639 0.382437 0.238673 0.390385 0.239282 0.397008 0.241683 0.401921
0 0.218786 0.413318 0.222164 0.411288 0.224769 0.405786 0.225526 0.398723 0.224443 0.392299 0.220195 0.388055 0.215056 0.388886 0.213170 0.393156 0.212202 0.401105 0.212812 0.407727 0.215214 0.412641
0 0.194189 0.394715 0.197568 0.392685 0.200173 0.387183 0.200930 0.380119 0.199847 0.373697 0.195599 0.369452 0.190460 0.370283 0.188573 0.374553 0.187607 0.382502 0.188216 0.389123 0.190617 0.394037
0 0.106367 0.417766 0.109746 0.415736 0.112351 0.410233 0.113108 0.403170 0.112025 0.396747 0.107777 0.392502 0.102638 0.393334 0.100751 0.397604 0.099784 0.405552 0.100394 0.412174 0.102795 0.417089
0 0.150370 0.376924 0.153749 0.374894 0.156354 0.369391 0.157111 0.362328 0.156027 0.355905 0.151780 0.351660 0.146641 0.352491 0.144754 0.356762 0.143787 0.364710 0.144397 0.371332 0.146798 0.376245
0 0.111776 0.328210 0.115155 0.326181 0.117760 0.320679 0.118517 0.313615 0.117434 0.307192 0.113186 0.302948 0.108048 0.303779 0.106161 0.308049 0.105193 0.315997 0.105803 0.322620 0.108205 0.327533
0 0.080065 0.384670 0.083443 0.382640 0.086048 0.377138 0.086806 0.370075 0.085722 0.363652 0.081474 0.359407 0.076336 0.360238 0.074449 0.364508 0.073482 0.372456 0.074092 0.379079 0.076493 0.383992
0 0.060638 0.390078 0.064016 0.388048 0.066621 0.382546 0.067379 0.375483 0.066295 0.369059 0.062047 0.364815 0.056909 0.365646 0.055022 0.369916 0.054055 0.377864 0.054665 0.384487 0.057066 0.389401
0 0.155513 0.574395 0.158892 0.572365 0.161497 0.566862 0.162254 0.559799 0.161171 0.553377 0.156923 0.549132 0.151784 0.549963 0.149897 0.554233 0.148931 0.562182 0.149540 0.568803 0.151941 0.573717
0 0.124584 0.589929 0.127962 0.587899 0.130567 0.582396 0.131324 0.575333 0.130241 0.568910 0.125994 0.564665 0.120855 0.565496 0.118968 0.569767 0.118001 0.577716 0.118610 0.584337 0.121012 0.589251
0 0.071778 0.588860 0.075157 0.586831 0.077762 0.581328 0.078519 0.574264 0.077436 0.567842 0.073188 0.563597 0.068049 0.564428 0.066162 0.568699 0.065195 0.576647 0.065805 0.583269 0.068206 0.588182
0 0.044457 0.570421 0.047835 0.568391 0.050440 0.562889 0.051197 0.555825 0.050114 0.549403 0.045866 0.545158 0.040727 0.545989 0.038841 0.550259 0.037873 0.558208 0.038483 0.564829 0.040885 0.569743
0 0.067954 0.527403 0.071333 0.525373 0.073938 0.519871 0.074695 0.512808 0.073611 0.506384 0.069364 0.502141 0.064225 0.502971 0.062339 0.507241 0.061371 0.515190 0.061981 0.521812 0.064383 0.526726
0 0.093290 0.572359 0.096668 0.570329 0.099273 0.564827 0.100031 0.557763 0.098947 0.551341 0.094699 0.547096 0.089560 0.547927 0.087674 0.552198 0.086707 0.560145 0.087317 0.566767 0.089718 0.571681
0 0.018625 0.427202 0.022003 0.425173 0.024608 0.419670 0.025366 0.412606 0.024282 0.406184 0.020035 0.401939 0.014896 0.402770 0.013009 0.407041 0.012042 0.414989 0.012651 0.421610 0.015053 0.426524
0 0.083103 0.694439 0.086482 0.692409 0.089087 0.686908 0.089844 0.679844 0.088760 0.673421 0.084513 0.669177 0.079374 0.670008 0.077487 0.674278 0.076520 0.682226 0.077130 0.688848 0.079531 0.693762
0 0.022732 0.680074 0.026111 0.678044 0.028716 0.672542 0.029473 0.665479 0.028389 0.659055 0.024142 0.654810 0.019003 0.655642 0.017116 0.659912 0.016149 0.667860 0.016759 0.674483 0.019160 0.679396
0 0.024673 0.643658 0.028051 0.641628 0.030656 0.636126 0.031414 0.629063 0.030330 0.622639 0.026083 0.618395 0.020944 0.619226 0.019057 0.623496 0.018090 0.631445 0.018699 0.638067 0.021101 0.642981
0 0.040230 0.662910 0.043608 0.660880 0.046213 0.655378 0.046971 0.648314 0.045887 0.641891 0.041639 0.637646 0.036501 0.638478 0.034614 0.642748 0.033646 0.650696 0.034256 0.657319 0.036658 0.662232
0 0.086672 0.769409 0.090050 0.767378 0.092655 0.761876 0.093412 0.754813 0.092329 0.748390 0.088081 0.744145 0.082942 0.744976 0.081056 0.749247 0.080088 0.757195 0.080698 0.763817 0.083100 0.768731
0 0.081439 0.794155 0.084817 0.792125 0.087422 0.786622 0.088180 0.779559 0.087097 0.773136 0.082849 0.768891 0.077710 0.769723 0.075823 0.773993 0.074856 0.781942 0.075466 0.788563 0.077867 0.793477
0 0.113318 0.798217 0.116696 0.796187 0.119301 0.790684 0.120059 0.783621 0.118975 0.777198 0.114727 0.772953 0.109588 0.773784 0.107702 0.778055 0.106735 0.786004 0.107345 0.792625 0.109746 0.797539
0 0.001205 0.761355 0.004584 0.759326 0.007188 0.753824 0.007946 0.746760 0.006862 0.740337 0.002615 0.736093 0.000000 0.736924 0.000000 0.741194 0.000000 0.749142 0.000000 0.755764 0.000000 0.760678
0 0.000000 0.745669 0.000000 0.743639 0.000000 0.738137 0.000000 0.731073 0.000000 0.724651 0.000000 0.720406 0.000000 0.721237 0.000000 0.725508 0.000000 0.733456 0.000000 0.740077 0.000000 0.744991
0 0.014998 0.781544 0.018376 0.779514 0.020981 0.774012 0.021739 0.766949 0.020655 0.760525 0.016408 0.756281 0.011269 0.757112 0.009382 0.761382 0.008415 0.769331 0.009025 0.775953 0.011426 0.780867
0 0.000000 0.831477 0.000000 0.829447 0.000141 0.823945 0.000898 0.816881 0.000000 0.810458 0.000000 0.806214 0.000000 0.807045 0.000000 0.811315 0.000000 0.819263 0.000000 0.825886 0.000000 0.830799
0 0.127177 0.819637 0.130555 0.817607 0.133161 0.812105 0.133918 0.805042 0.132834 0.798619 0.128587 0.794374 0.123448 0.795205 0.121561 0.799476 0.120594 0.807424 0.121204 0.814046 0.123605 0.818960
0 0.127132 0.757580 0.130511 0.755550 0.133116 0.750047 0.133873 0.742983 0.132789 0.736561 0.128542 0.732316 0.123403 0.733147 0.121516 0.737418 0.120549 0.745366 0.121159 0.751988 0.123560 0.756901
0 0.248510 0.627570 0.251889 0.625540 0.254493 0.620037 0.255251 0.612974 0.254167 0.606551 0.249920 0.602306 0.244781 0.603138 0.242894 0.607408 0.241927 0.615357 0.242537 0.621979 0.244938 0.626893
0 0.295147 0.758797 0.298525 0.756767 0.301130 0.751264 0.301888 0.744200 0.300804 0.737778 0.296556 0.733533 0.291417 0.734364 0.289531 0.738635 0.288564 0.746583 0.289174 0.753205 0.291575 0.758118
0 0.277601 0.787936 0.280979 0.785907 0.283584 0.780404 0.284342 0.773340 0.283259 0.766918 0.279011 0.762673 0.273872 0.763505 0.271985 0.767775 0.271018 0.775723 0.271628 0.782345 0.274029 0.787258
0 0.285625 0.709048 0.289003 0.707019 0.291608 0.701516 0.292366 0.694452 0.291282 0.688030 0.287034 0.683785 0.281895 0.684616 0.280009 0.688887 0.279041 0.696835 0.279651 0.703457 0.282053 0.708370
0 0.376091 0.793234 0.379469 0.791204 0.382074 0.785702 0.382831 0.778639 0.381748 0.772215 0.377500 0.767970 0.372361 0.768802 0.370475 0.773072 0.369508 0.781020 0.370117 0.787643 0.372519 0.792557
0 0.406418 0.778825 0.409797 0.776795 0.412402 0.771294 0.413159 0.764230 0.412075 0.757807 0.407828 0.753563 0.402689 0.754394 0.400802 0.758663 0.399835 0.766612 0.400445 0.773234 0.402846 0.778148
0 0.401217 0.809442 0.404596 0.807412 0.407201 0.801910 0.407958 0.794847 0.406875 0.788424 0.402627 0.784179 0.397488 0.785010 0.395601 0.789280 0.394634 0.797228 0.395244 0.803851 0.397645 0.808765
0 0.310033 0.794582 0.313412 0.792553 0.316017 0.787051 0.316774 0.779987 0.315691 0.773565 0.311443 0.769320 0.306304 0.770151 0.304418 0.774421 0.303451 0.782370 0.304060 0.788991 0.306461 0.793905
0 0.295448 0.882290 0.298826 0.880260 0.301431 0.874757 0.302189 0.867693 0.301105 0.861271 0.296857 0.857026 0.291719 0.857857 0.289832 0.862128 0.288865 0.870076 0.289474 0.876698 0.291876 0.881611
0 0.312500 0.870613 0.315879 0.868582 0.318484 0.863080 0.319241 0.856017 0.318158 0.849594 0.313910 0.845349 0.308771 0.846180 0.306884 0.850451 0.305917 0.858398 0.306527 0.865021 0.308928 0.869935
0 0.377332 0.844655 0.380711 0.842625 0.383315 0.837123 0.384073 0.830060 0.382989 0.823636 0.378741 0.819392 0.373603 0.820223 0.371716 0.824493 0.370749 0.832442 0.371359 0.839064 0.373760 0.843978
0 0.442087 0.855111 0.445466 0.853081 0.448070 0.847578 0.448828 0.840515 0.447744 0.834092 0.443497 0.829847 0.438358 0.830678 0.436471 0.834949 0.435504 0.842897 0.436114 0.849519 0.438515 0.854433
0 0.410082 0.606647 0.413460 0.604617 0.416065 0.599115 0.416823 0.592052 0.415739 0.585629 0.411491 0.581384 0.406352 0.582215 0.404466 0.586485 0.403499 0.594434 0.404109 0.601056 0.406510 0.605970
0 0.426319 0.621690 0.429698 0.619660 0.432303 0.614159 0.433060 0.607095 0.431977 0.600672 0.427729 0.596427 0.422590 0.597259 0.420703 0.601529 0.419736 0.609477 0.420346 0.616099 0.422747 0.621013
0 0.519347 0.678520 0.522725 0.676490 0.525331 0.670988 0.526088 0.663925 0.525004 0.657501 0.520757 0.653257 0.515618 0.654088 0.513731 0.658358 0.512764 0.666307 0.513374 0.672929 0.515775 0.677843
0 0.513899 0.555678 0.517278 0.553648 0.519883 0.548146 0.520640 0.541083 0.519557 0.534659 0.515309 0.530415 0.510171 0.531246 0.508284 0.535516 0.507316 0.543465 0.507926 0.550087 0.510328 0.555001
0 0.470648 0.566385 0.474026 0.564355 0.476631 0.558853 0.477389 0.551789 0.476305 0.545366 0.472058 0.541122 0.466919 0.541953 0.465032 0.546223 0.464065 0.554171 0.464675 0.560794 0.467076 0.565707
0 0.555515 0.608893 0.558894 0.606863 0.561498 0.601360 0.562256 0.594298 0.561172 0.587874 0.556925 0.583629 0.551786 0.584461 0.549899 0.588731 0.548932 0.596679 0.549542 0.603302 0.551943 0.608215
0 0.566966 0.643205 0.570345 0.641175 0.572950 0.635673 0.573707 0.628609 0.572624 0.622187 0.568376 0.617942 0.563238 0.618773 0.561351 0.623043 0.560383 0.630992 0.560993 0.637613 0.563395 0.642527
0 0.613285 0.751226 0.616663 0.749196 0.619268 0.743694 0.620026 0.736631 0.618942 0.730208 0.614694 0.725963 0.609555 0.726794 0.607669 0.731064 0.606702 0.739013 0.607312 0.745635 0.609713 0.750549
0 0.605654 0.717849 0.609033 0.715820 0.611638 0.710317 0.612395 0.703254 0.611312 0.696831 0.607064 0.692586 0.601925 0.693417 0.600038 0.697688 0.599072 0.705636 0.599681 0.712258 0.602082 0.717172
0 0.524237 0.793516 0.527616 0.791487 0.530221 0.785984 0.530978 0.778920 0.529895 0.772498 0.525647 0.768253 0.520509 0.769084 0.518622 0.773355 0.517654 0.781303 0.518264 0.787925 0.520666 0.792838
0 0.504414 0.803798 0.507793 0.801768 0.510398 0.796265 0.511155 0.789201 0.510072 0.782779 0.505825 0.778534 0.500686 0.779365 0.498799 0.783636 0.497832 0.791584 0.498441 0.798206 0.500843 0.803119
0 0.513517 0.883713 0.516896 0.881684 0.519500 0.876181 0.520258 0.869117 0.519175 0.862695 0.514927 0.858450 0.509788 0.859281 0.507902 0.863552 0.506934 0.871500 0.507544 0.878122 0.509945 0.883035
0 0.613102 0.642824 0.616481 0.640794 0.619085 0.635291 0.619843 0.628228 0.618760 0.621806 0.614512 0.617561 0.609373 0.618392 0.607487 0.622662 0.606519 0.630611 0.607129 0.637232 0.609530 0.642146
0 0.583396 0.630779 0.586774 0.628750 0.589380 0.623248 0.590137 0.616184 0.589053 0.609761 0.584806 0.605516 0.579667 0.606347 0.577780 0.610618 0.576813 0.618566 0.577423 0.625188 0.579824 0.630102
0 0.595429 0.653766 0.598807 0.651737 0.601412 0.646234 0.602170 0.639171 0.601086 0.632748 0.596838 0.628503 0.591699 0.629335 0.589813 0.633605 0.588845 0.641553 0.589455 0.648175 0.591857 0.653089
0 0.524584 0.709892 0.527963 0.707862 0.530568 0.702360 0.531325 0.695297 0.530241 0.688873 0.525994 0.684628 0.520855 0.685460 0.518968 0.689730 0.518001 0.697678 0.518611 0.704300 0.521012 0.709215
0 0.510024 0.772318 0.513402 0.770288 0.516007 0.764786 0.516765 0.757722 0.515681 0.751300 0.511433 0.747055 0.506294 0.747886 0.504408 0.752157 0.503441 0.760105 0.504051 0.766726 0.506452 0.771640
0 0.533697 0.752173 0.537076 0.750143 0.539681 0.744640 0.540438 0.737577 0.539355 0.731154 0.535107 0.726909 0.529968 0.727740 0.528081 0.732011 0.527115 0.739959 0.527724 0.746581 0.530125 0.751494
0 0.559506 0.547169 0.562885 0.545140 0.565490 0.539638 0.566247 0.532574 0.565163 0.526151 0.560916 0.521906 0.555777 0.522738 0.553890 0.527008 0.552923 0.534956 0.553533 0.541579 0.555934 0.546492
0 0.604962 0.542686 0.608341 0.540656 0.610946 0.535153 0.611703 0.528090 0.610620 0.521667 0.606373 0.517422 0.601234 0.518253 0.599347 0.522524 0.598380 0.530472 0.598989 0.537094 0.601391 0.542007
0 0.471946 0.483518 0.475325 0.481488 0.477930 0.475986 0.478687 0.468923 0.477603 0.462500 0.473356 0.458255 0.468217 0.459086 0.466331 0.463356 0.465363 0.471304 0.465973 0.477927 0.468375 0.482840
0 0.477671 0.436001 0.481049 0.433972 0.483654 0.428470 0.484411 0.421406 0.483328 0.414983 0.479080 0.410738 0.473942 0.411570 0.472055 0.415840 0.471087 0.423788 0.471697 0.430410 0.474099 0.435324
0 0.567023 0.369054 0.570402 0.367024 0.573006 0.361521 0.573764 0.354458 0.572680 0.348035 0.568432 0.343790 0.563294 0.344622 0.561407 0.348892 0.560440 0.356840 0.561050 0.363462 0.563451 0.368376
0 0.604937 0.499138 0.608315 0.497108 0.610921 0.491606 0.611678 0.484542 0.610594 0.478119 0.606347 0.473875 0.601208 0.474706 0.599321 0.478976 0.598354 0.486924 0.598964 0.493547 0.601365 0.498460
0 0.451774 0.429211 0.455152 0.427182 0.457757 0.421680 0.458514 0.414616 0.457431 0.408193 0.453184 0.403948 0.448045 0.404780 0.446158 0.409050 0.445191 0.416998 0.445800 0.423621 0.448202 0.428534
0 0.635079 0.491176 0.638457 0.489146 0.641063 0.483645 0.641820 0.476581 0.640736 0.470158 0.636489 0.465914 0.631350 0.466745 0.629463 0.471014 0.628496 0.478963 0.629106 0.485585 0.631507 0.490499
0 0.668265 0.550094 0.671643 0.548064 0.674248 0.542561 0.675006 0.535498 0.673922 0.529075 0.669674 0.524830 0.664535 0.525662 0.662649 0.529932 0.661682 0.537880 0.662292 0.544502 0.664693 0.549416
0 0.699879 0.572015 0.703257 0.569986 0.705862 0.564484 0.706619 0.557420 0.705536 0.550997 0.701289 0.546752 0.696150 0.547584 0.694263 0.551854 0.693296 0.559802 0.693905 0.566425 0.696307 0.571338
0 0.728128 0.583191 0.731506 0.581161 0.734111 0.575659 0.734869 0.568596 0.733785 0.562173 0.729538 0.557928 0.724399 0.558759 0.722512 0.563030 0.721545 0.570977 0.722155 0.577600 0.724556 0.582513
0 0.755225 0.596028 0.758604 0.593998 0.761208 0.588495 0.761966 0.581431 0.760882 0.575009 0.756635 0.570764 0.751496 0.571595 0.749609 0.575866 0.748642 0.583814 0.749252 0.590436 0.751653 0.595349
0 0.705562 0.721117 0.708941 0.719087 0.711546 0.713585 0.712303 0.706522 0.711219 0.700099 0.706972 0.695854 0.701833 0.696686 0.699947 0.700955 0.698979 0.708904 0.699589 0.715526 0.701990 0.720440
0 0.728561 0.755189 0.731939 0.753159 0.734544 0.747656 0.735302 0.740593 0.734218 0.734170 0.729970 0.729925 0.724831 0.730756 0.722945 0.735027 0.721978 0.742975 0.722588 0.749597 0.724989 0.754511
0 0.704355 0.794375 0.707734 0.792345 0.710338 0.786843 0.711096 0.779779 0.710012 0.773357 0.705765 0.769112 0.700626 0.769943 0.698740 0.774213 0.697772 0.782162 0.698382 0.788783 0.700784 0.793698
0 0.689777 0.783921 0.693156 0.781891 0.695760 0.776388 0.696518 0.769324 0.695435 0.762902 0.691187 0.758657 0.686048 0.759488 0.684161 0.763759 0.683194 0.771707 0.683804 0.778329 0.686205 0.783242
0 0.638123 0.885527 0.641501 0.883498 0.644107 0.877995 0.644864 0.870931 0.643780 0.864509 0.639533 0.860264 0.634394 0.861095 0.632507 0.865366 0.631540 0.873314 0.632150 0.879936 0.634551 0.884849
0 0.599836 0.916507 0.603215 0.914477 0.605819 0.908975 0.606577 0.901911 0.605493 0.895488 0.601245 0.891243 0.596107 0.892075 0.594220 0.896345 0.593253 0.904294 0.593863 0.910915 0.596264 0.915830
0 0.555101 0.797318 0.558480 0.795288 0.561085 0.789786 0.561842 0.782723 0.560759 0.776299 0.556511 0.772054 0.551372 0.772886 0.549485 0.777156 0.548518 0.785105 0.549128 0.791727 0.551529 0.796641
0 0.675971 0.935024 0.679350 0.932994 0.681955 0.927492 0.682712 0.920429 0.681629 0.914005 0.677381 0.909761 0.672242 0.910592 0.670355 0.914862 0.669388 0.922810 0.669998 0.929433 0.672399 0.934347
0 0.807545 0.736496 0.810924 0.734467 0.813528 0.728965 0.814286 0.721901 0.813202 0.715478 0.808955 0.711233 0.803816 0.712065 0.801929 0.716335 0.800962 0.724283 0.801572 0.730906 0.803973 0.735819
0 0.847470 0.795918 0.850849 0.793888 0.853454 0.788385 0.854211 0.781321 0.853128 0.774899 0.848881 0.770654 0.843742 0.771485 0.841855 0.775756 0.840888 0.783704 0.841497 0.790326 0.843899 0.795239
0 0.884247 0.723004 0.887625 0.720975 0.890230 0.715473 0.890988 0.708409 0.889904 0.701986 0.885657 0.697741 0.880518 0.698573 0.878631 0.702843 0.877664 0.710791 0.878273 0.717414 0.880675 0.722327
0 0.915922 0.687829 0.919301 0.685800 0.921906 0.680297 0.922663 0.673234 0.921580 0.666811 0.917332 0.662566 0.912194 0.663398 0.910307 0.667668 0.909339 0.675616 0.909949 0.682238 0.912351 0.687152
0 0.920020 0.718757 0.923399 0.716728 0.926004 0.711226 0.926761 0.704162 0.925678 0.697740 0.921430 0.693495 0.916291 0.694326 0.914404 0.698596 0.913437 0.706544 0.914047 0.713166 0.916448 0.718080
0 0.895603 0.695863 0.898982 0.693833 0.901587 0.688330 0.902344 0.681267 0.901261 0.674844 0.897013 0.670599 0.891874 0.671430 0.889987 0.675701 0.889021 0.683650 0.889630 0.690271 0.892031 0.695185
0 0.879139 0.650222 0.882518 0.648192 0.885122 0.642689 0.885880 0.635626 0.884796 0.629203 0.880549 0.624958 0.875410 0.625790 0.873523 0.630060 0.872556 0.638009 0.873166 0.644630 0.875567 0.649544
0 0.934224 0.656600 0.937602 0.654570 0.940207 0.649067 0.940965 0.642004 0.939881 0.635581 0.935633 0.631336 0.930494 0.632167 0.928608 0.636438 0.927641 0.644386 0.928250 0.651008 0.930652 0.655921
0 0.850640 0.729758 0.854018 0.727729 0.856624 0.722227 0.857381 0.715163 0.856297 0.708740 0.852050 0.704496 0.846911 0.705327 0.845024 0.709597 0.844057 0.717545 0.844667 0.724168 0.847068 0.729081
0 0.893178 0.882220 0.896556 0.880190 0.899162 0.874688 0.899919 0.867625 0.898835 0.861201 0.894588 0.856957 0.889449 0.857788 0.887562 0.862058 0.886595 0.870006 0.887205 0.876629 0.889606 0.881543
0 0.908628 0.888181 0.912007 0.886151 0.914611 0.880648 0.915369 0.873584 0.914285 0.867162 0.910038 0.862917 0.904899 0.863748 0.903012 0.868019 0.902045 0.875967 0.902655 0.882589 0.905056 0.887502
0 0.928925 0.913777 0.932303 0.911747 0.934908 0.906244 0.935666 0.899181 0.934582 0.892758 0.930334 0.888513 0.925195 0.889344 0.923309 0.893615 0.922342 0.901563 0.922952 0.908185 0.925353 0.913099
0 0.807119 0.829318 0.810497 0.827289 0.813103 0.821786 0.813860 0.814722 0.812776 0.808300 0.808529 0.804055 0.803390 0.804886 0.801503 0.809157 0.800536 0.817105 0.801146 0.823727 0.803547 0.828640
0 0.820642 0.936208 0.824020 0.934178 0.826625 0.928675 0.827383 0.921612 0.826299 0.915189 0.822051 0.910944 0.816912 0.911775 0.815026 0.916046 0.814059 0.923994 0.814668 0.930616 0.817070 0.935529
0 0.802968 0.947155 0.806347 0.945125 0.808952 0.939623 0.809709 0.932559 0.808625 0.926137 0.804378 0.921892 0.799239 0.922723 0.797353 0.926993 0.796385 0.934942 0.796995 0.941563 0.799397 0.946477
0 0.843560 0.652003 0.846939 0.649974 0.849544 0.644472 0.850301 0.637408 0.849217 0.630985 0.844970 0.626741 0.839831 0.627572 0.837944 0.631842 0.836977 0.639790 0.837587 0.646413 0.839988 0.651326
0 0.951079 0.559678 0.954458 0.557648 0.957062 0.552145 0.957820 0.545083 0.956736 0.538659 0.952489 0.534414 0.947350 0.535246 0.945463 0.539516 0.944496 0.547465 0.945106 0.554087 0.947507 0.559001
0 0.906198 0.519489 0.909577 0.517460 0.912182 0.511957 0.912939 0.504893 0.911856 0.498471 0.907608 0.494226 0.902469 0.495057 0.900583 0.499328 0.899616 0.507276 0.900225 0.513897 0.902626 0.518811
0 0.853864 0.468800 0.857243 0.466770 0.859848 0.461268 0.860605 0.454204 0.859522 0.447782 0.855274 0.443537 0.850135 0.444368 0.848249 0.448639 0.847281 0.456587 0.847891 0.463208 0.850293 0.468122
0 0.928225 0.515425 0.931604 0.513396 0.934209 0.507894 0.934967 0.500830 0.933883 0.494408 0.929635 0.490163 0.924497 0.490994 0.922610 0.495264 0.921643 0.503213 0.922252 0.509834 0.924654 0.514748
0 0.955969 0.597515 0.959347 0.595486 0.961952 0.589984 0.962710 0.582920 0.961626 0.576497 0.957378 0.572252 0.952240 0.573084 0.950353 0.577354 0.949386 0.585302 0.949995 0.591924 0.952397 0.596838
0 0.804088 0.470077 0.807466 0.468047 0.810071 0.462546 0.810829 0.455482 0.809745 0.449060 0.805497 0.444815 0.800358 0.445646 0.798472 0.449916 0.797504 0.457864 0.798114 0.464486 0.800516 0.469400
0 0.777988 0.347937 0.781367 0.345907 0.783972 0.340405 0.784730 0.333342 0.783646 0.326919 0.779399 0.322674 0.774260 0.323506 0.772373 0.327775 0.771406 0.335724 0.772015 0.342346 0.774417 0.347260
0 0.750626 0.287633 0.754005 0.285603 0.756610 0.280101 0.757367 0.273038 0.756283 0.266614 0.752036 0.262370 0.746897 0.263201 0.745010 0.267471 0.744043 0.275419 0.744653 0.282042 0.747054 0.286956
0 0.702997 0.268519 0.706376 0.266490 0.708981 0.260988 0.709738 0.253924 0.708655 0.247501 0.704407 0.243257 0.699269 0.244088 0.697382 0.248358 0.696414 0.256306 0.697024 0.262929 0.699426 0.267842
0 0.904306 0.300528 0.907684 0.298499 0.910289 0.292997 0.911047 0.285933 0.909963 0.279510 0.905715 0.275266 0.900577 0.276097 0.898690 0.280367 0.897722 0.288315 0.898332 0.294938 0.900734 0.299851
0 0.887445 0.385748 0.890823 0.383718 0.893428 0.378216 0.894185 0.371153 0.893102 0.364729 0.888854 0.360484 0.883716 0.361316 0.881829 0.365586 0.880862 0.373534 0.881472 0.380157 0.883873 0.385071
0 0.972550 0.315049 0.975928 0.313020 0.978533 0.307517 0.979291 0.300453 0.978207 0.294031 0.973959 0.289786 0.968821 0.290617 0.966934 0.294888 0.965966 0.302836 0.966576 0.309458 0.968978 0.314371
0 0.957197 0.206929 0.960575 0.204899 0.963180 0.199396 0.963938 0.192333 0.962854 0.185910 0.958606 0.181665 0.953467 0.182497 0.951581 0.186767 0.950614 0.194715 0.951224 0.201337 0.953625 0.206251
0 0.788966 0.133468 0.792344 0.131439 0.794949 0.125936 0.795707 0.118872 0.794623 0.112450 0.790375 0.108205 0.785236 0.109036 0.783350 0.113307 0.782383 0.121255 0.782992 0.127877 0.785394 0.132790
0 0.840388 0.188108 0.843766 0.186078 0.846371 0.180575 0.847129 0.173512 0.846045 0.167089 0.841798 0.162844 0.836659 0.163675 0.834772 0.167946 0.833805 0.175895 0.834415 0.182516 0.836816 0.187430
0 0.823648 0.205310 0.827027 0.203280 0.829631 0.197778 0.830389 0.190714 0.829306 0.184292 0.825058 0.180047 0.819919 0.180878 0.818032 0.185148 0.817065 0.193097 0.817675 0.199718 0.820076 0.204632
0 0.986414 0.188177 0.989793 0.186148 0.992398 0.180645 0.993155 0.173582 0.992072 0.167159 0.987824 0.162914 0.982686 0.163745 0.980799 0.168016 0.979831 0.175963 0.980441 0.182586 0.982843 0.187499
0 0.973432 0.164925 0.976810 0.162895 0.979415 0.157393 0.980172 0.150330 0.979089 0.143906 0.974841 0.139661 0.969702 0.140493 0.967816 0.144763 0.966848 0.152712 0.967458 0.159333 0.969860 0.164248
0 0.882369 0.119274 0.885748 0.117244 0.888353 0.111743 0.889110 0.104679 0.888027 0.098256 0.883779 0.094011 0.878640 0.094843 0.876753 0.099112 0.875787 0.107061 0.876396 0.113683 0.878797 0.118597
0 0.856809 0.042582 0.860187 0.040552 0.862792 0.035049 0.863549 0.027986 0.862466 0.021563 0.858218 0.017318 0.853079 0.018149 0.851193 0.022420 0.850226 0.030368 0.850835 0.036990 0.853237 0.041903
0 0.816029 0.028827 0.819408 0.026798 0.822013 0.021296 0.822770 0.014232 0.821686 0.007809 0.817439 0.003564 0.812300 0.004396 0.810413 0.008666 0.809446 0.016614 0.810056 0.023237 0.812457 0.028150
0 0.857317 0.008632 0.860695 0.006603 0.863300 0.001100 0.864058 0.000000 0.862974 0.000000 0.858726 0.000000 0.853587 0.000000 0.851701 0.000000 0.850734 0.000000 0.851343 0.003041 0.853745 0.007954
0 0.971347 0.082297 0.974725 0.080267 0.977331 0.074764 0.978088 0.067701 0.977004 0.061278 0.972683 0.057947 0.967618 0.057864 0.965731 0.062135 0.964764 0.070084 0.965374 0.076705 0.967775 0.081619
0 0.762895 0.029534 0.766274 0.027504 0.768879 0.022001 0.769636 0.014938 0.768553 0.008515 0.764230 0.005184 0.759166 0.005102 0.757279 0.009372 0.756312 0.017321 0.756922 0.023942 0.759323 0.028856
0 0.715398 0.144747 0.718776 0.142717 0.721381 0.137214 0.722139 0.130151 0.721055 0.123728 0.716733 0.120397 0.711669 0.120314 0.709782 0.124585 0.708815 0.132533 0.709425 0.139155 0.711826 0.144069
0 0.687444 0.166930 0.690822 0.164900 0.693427 0.159398 0.694185 0.152334 0.693101 0.145912 0.688779 0.142581 0.683714 0.142498 0.681828 0.146769 0.680861 0.154717 0.681471 0.161338 0.683872 0.166252
0 0.694724 0.125652 0.698103 0.123623 0.700708 0.118120 0.701465 0.111056 0.700382 0.104634 0.696060 0.101303 0.690995 0.101220 0.689109 0.105491 0.688142 0.113439 0.688751 0.120061 0.691152 0.124974
0 0.843309 0.144245 0.846687 0.142215 0.849292 0.136713 0.850050 0.129649 0.848966 0.123227 0.844644 0.119896 0.839579 0.119813 0.837693 0.124084 0.836726 0.132031 0.837336 0.138654 0.839737 0.143567
0 0.653090 0.112914 0.656469 0.110885 0.659074 0.105382 0.659831 0.098318 0.658747 0.091896 0.654426 0.088565 0.649361 0.088482 0.647474 0.092753 0.646507 0.100701 0.647117 0.107323 0.649518 0.112236
0 0.652043 0.159684 0.655421 0.157654 0.658026 0.152151 0.658784 0.145088 0.657700 0.138665 0.653378 0.135334 0.648314 0.135252 0.646427 0.139522 0.645460 0.147471 0.646070 0.154092 0.648471 0.159006
0 0.665195 0.176294 0.668574 0.174265 0.671179 0.168762 0.671936 0.161699 0.670853 0.155276 0.666531 0.151945 0.661466 0.151862 0.659580 0.156132 0.658613 0.164081 0.659222 0.170703 0.661623 0.175616
0 0.679667 0.087003 0.683046 0.084973 0.685651 0.079470 0.686408 0.072407 0.685325 0.065984 0.681003 0.062653 0.675938 0.062570 0.674052 0.066841 0.673084 0.074790 0.673694 0.081411 0.676095 0.086325
0 0.631208 0.202484 0.634587 0.200454 0.637192 0.194951 0.637949 0.187888 0.636865 0.181465 0.632544 0.178134 0.627479 0.178051 0.625592 0.182322 0.624625 0.190270 0.625235 0.196892 0.627636 0.201806
0 0.945303 0.079274 0.948681 0.077245 0.951286 0.071743 0.952044 0.064679 0.950960 0.058257 0.946638 0.054926 0.941573 0.054843 0.939687 0.059113 0.938720 0.067061 0.939330 0.073683 0.941731 0.078597
0 0.600318 0.159565 0.603697 0.157535 0.606302 0.152033 0.607059 0.144970 0.605975 0.138546 0.601654 0.135215 0.596589 0.135133 0.594702 0.139403 0.593735 0.147351 0.594345 0.153974 0.596746 0.158888
0 0.574090 0.108436 0.577469 0.106406 0.580073 0.100904 0.580831 0.093840 0.579748 0.087417 0.575426 0.084086 0.570361 0.084004 0.568475 0.088274 0.567508 0.096222 0.568117 0.102844 0.570518 0.107758
0 0.557088 0.160682 0.560467 0.158652 0.563072 0.153151 0.563829 0.146087 0.562746 0.139664 0.558423 0.136333 0.553359 0.136251 0.551472 0.140521 0.550505 0.148469 0.551115 0.155091 0.553516 0.160005
0 0.595920 0.202531 0.599299 0.200501 0.601903 0.194998 0.602661 0.187935 0.601577 0.181512 0.597256 0.178181 0.592191 0.178098 0.590304 0.182369 0.589337 0.190318 0.589947 0.196939 0.592348 0.201853
0 0.651904 0.345650 0.655282 0.343620 0.657887 0.338117 0.658644 0.331054 0.657561 0.324631 0.653239 0.321300 0.648174 0.321218 0.646288 0.325488 0.645321 0.333436 0.645930 0.340058 0.648332 0.344972
0 0.440193 0.176810 0.443571 0.174780 0.446176 0.169278 0.446934 0.162214 0.445850 0.155792 0.441528 0.152461 0.436463 0.152378 0.434577 0.156649 0.433610 0.164596 0.434220 0.171218 0.436621 0.176132
0 0.650206 0.006213 0.653585 0.004183 0.656190 0.000000 0.656947 0.000000 0.655864 0.000000 0.651542 0.000000 0.646477 0.000000 0.644591 0.000000 0.643623 0.000000 0.644233 0.000622 0.646634 0.005536
0 0.478684 0.000000 0.482062 0.000000 0.484667 0.000000 0.485425 0.000000 0.484341 0.000000 0.480019 0.000000 0.474954 0.000000 0.473068 0.000000 0.472101 0.000000 0.472711 0.000000 0.475112 0.000000
0 0.500729 0.117607 0.504108 0.115577 0.506712 0.110074 0.507470 0.103010 0.506386 0.096588 0.502064 0.093257 0.497000 0.093174 0.495113 0.097445 0.494146 0.105393 0.494756 0.112015 0.497157 0.116928
0 0.414783 0.127578 0.418161 0.125549 0.420766 0.120047 0.421524 0.112983 0.420440 0.106560 0.416118 0.103229 0.411054 0.103147 0.409167 0.107417 0.408200 0.115365 0.408809 0.121988 0.411211 0.126901
0 0.452668 0.152153 0.456047 0.150123 0.458651 0.144621 0.459409 0.137558 0.458325 0.131134 0.454003 0.127803 0.448939 0.127721 0.447052 0.131991 0.446085 0.139939 0.446695 0.146562 0.449096 0.151475
0 0.442382 0.208512 0.445760 0.206482 0.448365 0.200979 0.449123 0.193916 0.448039 0.187494 0.443717 0.184163 0.438652 0.184080 0.436766 0.188350 0.435799 0.196299 0.436409 0.202920 0.438810 0.207834
0 0.498377 0.299428 0.501755 0.297398 0.504360 0.291896 0.505118 0.284833 0.504034 0.278410 0.499712 0.275079 0.494647 0.274997 0.492761 0.279266 0.491794 0.287215 0.492403 0.293837 0.494805 0.298751
0 0.421765 0.084590 0.425144 0.082561 0.427748 0.077058 0.428506 0.069994 0.427422 0.063572 0.423101 0.060241 0.418036 0.060158 0.416149 0.064429 0.415182 0.072376 0.415792 0.078999 0.418193 0.083912
0 0.612016 0.339470 0.615395 0.337440 0.617999 0.331938 0.618757 0.324874 0.617673 0.318452 0.613352 0.315121 0.608287 0.315038 0.606400 0.319309 0.605433 0.327257 0.606043 0.333878 0.608444 0.338792
0 0.407708 0.021666 0.411086 0.019636 0.413691 0.014133 0.414449 0.007070 0.413365 0.000647 0.409043 0.000000 0.403978 0.000000 0.402092 0.001504 0.401125 0.009452 0.401735 0.016074 0.404136 0.020988
0 0.392304 0.010848 0.395683 0.008818 0.398288 0.003316 0.399045 0.000000 0.397962 0.000000 0.393640 0.000000 0.388575 0.000000 0.386688 0.000000 0.385721 0.000000 0.386331 0.005257 0.388732 0.010170
0 0.428206 0.000000 0.431585 0.000000 0.434189 0.000000 0.434947 0.000000 0.433864 0.000000 0.429541 0.000000 0.424477 0.000000 0.422590 0.000000 0.421623 0.000000 0.422233 0.000000 0.424634 0.000000
0 0.432249 0.000000 0.435628 0.000000 0.438232 0.000000 0.438990 0.000000 0.437906 0.000000 0.433584 0.000000 0.428520 0.000000 0.426633 0.000000 0.425666 0.000000 0.426276 0.000000 0.428677 0.000000
0 0.454666 0.000000 0.458045 0.000000 0.460649 0.000000 0.461407 0.000000 0.460323 0.000000 0.456002 0.000000 0.450937 0.000000 0.449050 0.000000 0.448083 0.000000 0.448693 0.000000 0.451094 0.000000
0 0.490519 0.000000 0.493898 0.000000 0.496502 0.000000 0.497260 0.000000 0.496177 0.000000 0.491781 0.000000 0.486777 0.000000 0.484903 0.000000 0.483936 0.000000 0.484546 0.000000 0.486947 0.000000
0 0.372931 0.080274 0.376310 0.078244 0.378915 0.072742 0.379672 0.065678 0.378589 0.059256 0.374193 0.056839 0.369189 0.056007 0.367316 0.060112 0.366349 0.068061 0.366958 0.074682 0.369359 0.079596
0 0.347011 0.169977 0.350390 0.167947 0.352995 0.162445 0.353752 0.155382 0.352669 0.148958 0.348273 0.146542 0.343269 0.145709 0.341396 0.149815 0.340429 0.157764 0.341038 0.164386 0.343439 0.169300
0 0.377845 0.035481 0.381224 0.033451 0.383829 0.027949 0.384586 0.020886 0.383503 0.014463 0.379043 0.010281 0.374103 0.011214 0.372230 0.015319 0.371262 0.023268 0.371872 0.029890 0.374274 0.034804
0 0.346787 0.000000 0.350166 0.000000 0.352771 0.000000 0.353528 0.000000 0.352445 0.000000 0.347985 0.000000 0.343045 0.000000 0.341171 0.000000 0.340205 0.000000 0.340814 0.000000 0.343215 0.000000
0 0.328874 0.000000 0.332253 0.000000 0.334857 0.000000 0.335615 0.000000 0.334531 0.000000 0.330072 0.000000 0.325132 0.000000 0.323259 0.000000 0.322291 0.000000 0.322901 0.000000 0.325302 0.000000
0 0.300114 0.105400 0.303493 0.103370 0.306097 0.097868 0.306855 0.090805 0.305771 0.084382 0.301312 0.080200 0.296372 0.081133 0.294498 0.085238 0.293531 0.093186 0.294141 0.099809 0.296542 0.104722
0 0.338287 0.125317 0.341666 0.123287 0.344270 0.117784 0.345028 0.110720 0.343944 0.104298 0.339485 0.100116 0.334545 0.101049 0.332671 0.105155 0.331704 0.113103 0.332314 0.119725 0.334715 0.124638
0 0.300974 0.134912 0.304353 0.132882 0.306957 0.127380 0.307715 0.120317 0.306631 0.113894 0.302172 0.109712 0.297232 0.110645 0.295358 0.114751 0.294391 0.122698 0.295001 0.129321 0.297402 0.134234
0 0.254410 0.000000 0.257789 0.000000 0.260394 0.000000 0.261151 0.000000 0.260068 0.000000 0.255608 0.000000 0.250668 0.000000 0.248794 0.000000 0.247828 0.000000 0.248437 0.000000 0.250838 0.000000
0 0.287377 0.000000 0.290755 0.000000 0.293360 0.000000 0.294118 0.000000 0.293034 0.000000 0.288575 0.000000 0.283635 0.000000 0.281761 0.000000 0.280794 0.000000 0.281404 0.000000 0.283805 0.000000
0 0.134746 0.005644 0.138125 0.003614 0.140730 0.000000 0.141487 0.000000 0.140404 0.000000 0.135944 0.000000 0.131004 0.000000 0.129131 0.000000 0.128164 0.000000 0.128773 0.000052 0.131175 0.004966
0 0.127907 0.070262 0.131286 0.068232 0.133891 0.062730 0.134648 0.055667 0.133565 0.049243 0.129105 0.045061 0.124165 0.045994 0.122291 0.050100 0.121324 0.058048 0.121934 0.064671 0.124335 0.069585
0 0.097295 0.001155 0.100673 0.000000 0.103278 0.000000 0.104036 0.000000 0.102952 0.000000 0.098493 0.000000 0.093552 0.000000 0.091679 0.000000 0.090712 0.000000 0.091322 0.000000 0.093723 0.000478
0 0.106888 0.000000 0.110266 0.000000 0.112871 0.000000 0.113629 0.000000 0.112545 0.000000 0.108086 0.000000 0.103145 0.000000 0.101272 0.000000 0.100305 0.000000 0.100914 0.000000 0.103316 0.000000
0 0.050762 0.076369 0.054141 0.074339 0.056745 0.068838 0.057503 0.061774 0.056419 0.055351 0.051960 0.051169 0.047020 0.052102 0.045146 0.056207 0.044179 0.064156 0.044789 0.070778 0.047190 0.075692
0 0.060671 0.000000 0.064050 0.000000 0.066655 0.000000 0.067412 0.000000 0.066329 0.000000 0.061869 0.000000 0.056929 0.000000 0.055056 0.000000 0.054089 0.000000 0.054698 0.000000 0.057099 0.000000
0 0.099155 0.087012 0.102534 0.084982 0.105138 0.079480 0.105896 0.072417 0.104812 0.065993 0.100330 0.062093 0.095412 0.062744 0.093539 0.066850 0.092572 0.074798 0.093182 0.081421 0.095583 0.086334
0 0.063312 0.174716 0.066691 0.172686 0.069296 0.167183 0.070053 0.160119 0.068970 0.153697 0.064487 0.149796 0.059570 0.150448 0.057696 0.154554 0.056729 0.162502 0.057339 0.169124 0.059740 0.174037
0 0.107615 0.268211 0.110994 0.266182 0.113598 0.260679 0.114356 0.253615 0.113273 0.247193 0.108791 0.243292 0.103873 0.243944 0.102000 0.248050 0.101032 0.255998 0.101642 0.262620 0.104044 0.267533
0 0.184584 0.138853 0.187962 0.136823 0.190567 0.131322 0.191325 0.124258 0.190241 0.117835 0.185759 0.113934 0.180841 0.114586 0.178968 0.118691 0.178001 0.126640 0.178610 0.133262 0.181012 0.138176
0 0.021825 0.263499 0.025204 0.261470 0.027809 0.255967 0.028566 0.248903 0.027482 0.242481 0.023001 0.238579 0.018083 0.239232 0.016209 0.243338 0.015242 0.251286 0.015852 0.257908 0.018253 0.262821
0 0.048650 0.193060 0.052028 0.191030 0.054633 0.185528 0.055391 0.178464 0.054307 0.172042 0.049825 0.168141 0.044907 0.168793 0.043218 0.172929 0.042568 0.180930 0.042676 0.187469 0.045078 0.192382
0 0.038375 0.147150 0.041754 0.145121 0.044359 0.139619 0.045116 0.132555 0.044033 0.126132 0.039550 0.122231 0.034633 0.122883 0.032945 0.127020 0.032295 0.135021 0.032402 0.141560 0.034803 0.146473
0 0.042589 0.287005 0.045968 0.284975 0.048572 0.279472 0.049330 0.272409 0.048246 0.265986 0.043764 0.262086 0.038847 0.262737 0.037158 0.266874 0.036508 0.274874 0.036616 0.281413 0.039017 0.286327
0 0.263199 0.077996 0.266577 0.075966 0.269182 0.070464 0.269939 0.063400 0.268856 0.056978 0.264374 0.053076 0.259456 0.053729 0.257768 0.057865 0.257118 0.065866 0.257225 0.072404 0.259627 0.077318
0 0.428574 0.109298 0.431953 0.107268 0.434558 0.101765 0.435315 0.094702 0.434232 0.088280 0.429749 0.084379 0.424832 0.085031 0.423143 0.089167 0.422493 0.097168 0.422601 0.103706 0.425002 0.108620
0 0.484809 0.374737 0.488188 0.372707 0.490793 0.367204 0.491550 0.360141 0.490467 0.353719 0.485985 0.349818 0.481067 0.350470 0.479378 0.354606 0.478728 0.362607 0.478836 0.369145 0.481238 0.374059
0 0.519305 0.411617 0.522684 0.409588 0.525288 0.404086 0.526046 0.397022 0.525254 0.392221 0.517679 0.391737 0.514610 0.394136 0.513160 0.401167 0.513415 0.406542 0.515733 0.410940
0 0.360027 0.368005 0.363405 0.365976 0.366010 0.360474 0.366767 0.353410 0.365684 0.346987 0.361202 0.343086 0.356284 0.343738 0.354596 0.347875 0.353946 0.355876 0.354053 0.362415 0.356455 0.367328
0 0.318014 0.420356 0.321392 0.418326 0.323997 0.412823 0.324755 0.405760 0.323671 0.399338 0.319189 0.395437 0.314271 0.396089 0.312583 0.400225 0.311933 0.408226 0.312040 0.414764 0.314442 0.419678
0 0.251184 0.510837 0.255386 0.509190 0.258713 0.502459 0.259839 0.494437 0.258597 0.487193 0.255563 0.482498 0.250319 0.480851 0.245731 0.484568 0.243204 0.489984 0.242507 0.498465 0.244212 0.506279 0.247118 0.509975
0 0.223462 0.581348 0.227664 0.579702 0.230991 0.572970 0.232117 0.564948 0.230875 0.557704 0.227841 0.553009 0.222597 0.551362 0.218009 0.555079 0.215482 0.560494 0.214785 0.568976 0.216490 0.576790 0.219396 0.580487
0 0.198863 0.634208 0.203065 0.632561 0.206392 0.625831 0.207518 0.617807 0.206276 0.610564 0.203242 0.605869 0.197998 0.604222 0.193410 0.607939 0.190883 0.613355 0.190186 0.621835 0.191890 0.629651 0.194797 0.633346
0 0.327339 0.507339 0.331541 0.505693 0.334868 0.498962 0.335994 0.490939 0.334752 0.483696 0.331718 0.479001 0.326474 0.477353 0.321886 0.481071 0.319359 0.486486 0.318662 0.494967 0.320366 0.502781 0.323273 0.506478
0 0.183044 0.489697 0.187246 0.488050 0.190572 0.481319 0.191699 0.473297 0.190457 0.466053 0.187423 0.461358 0.182179 0.459711 0.177591 0.463428 0.175064 0.468844 0.174367 0.477325 0.176071 0.485139 0.178978 0.488835
0 0.183458 0.429308 0.187660 0.427662 0.190987 0.420931 0.192113 0.412908 0.190871 0.405665 0.187837 0.400970 0.182593 0.399322 0.178005 0.403040 0.175478 0.408455 0.174781 0.416936 0.176485 0.424750 0.179392 0.428447
0 0.165650 0.406144 0.169852 0.404497 0.173178 0.397767 0.174304 0.389743 0.173062 0.382500 0.170028 0.377806 0.164785 0.376158 0.160196 0.379876 0.157670 0.385290 0.156972 0.393772 0.158677 0.401586 0.161584 0.405283
0 0.170137 0.352303 0.174339 0.350657 0.177666 0.343926 0.178792 0.335903 0.177550 0.328660 0.174516 0.323965 0.169272 0.322317 0.164684 0.326035 0.162157 0.331449 0.161460 0.339931 0.163164 0.347745 0.166071 0.351442
0 0.119585 0.443058 0.123787 0.441412 0.127114 0.434681 0.128240 0.426658 0.126998 0.419415 0.123964 0.414719 0.118720 0.413072 0.114132 0.416790 0.111605 0.422205 0.110908 0.430686 0.112612 0.438500 0.115520 0.442197
0 0.114884 0.541997 0.119086 0.540351 0.122413 0.533620 0.123539 0.525597 0.122297 0.518354 0.119263 0.513659 0.114019 0.512011 0.109431 0.515729 0.106904 0.521144 0.106207 0.529625 0.107911 0.537439 0.110818 0.541136
0 0.083755 0.497609 0.087957 0.495962 0.091283 0.489231 0.092410 0.481209 0.091168 0.473965 0.088134 0.469270 0.082891 0.467623 0.078302 0.471340 0.075775 0.476755 0.075078 0.485237 0.076783 0.493051 0.079690 0.496748
0 0.047690 0.453518 0.051891 0.451871 0.055218 0.445140 0.056345 0.437117 0.055102 0.429874 0.052069 0.425179 0.046825 0.423531 0.042237 0.427249 0.039710 0.432663 0.039013 0.441145 0.040717 0.448959 0.043624 0.452656
0 0.039905 0.422236 0.044107 0.420589 0.047434 0.413858 0.048560 0.405836 0.047318 0.398592 0.044284 0.393897 0.039040 0.392250 0.034452 0.395967 0.031925 0.401382 0.031228 0.409864 0.032933 0.417678 0.035840 0.421375
0 0.026642 0.501860 0.030843 0.500213 0.034170 0.493482 0.035296 0.485460 0.034054 0.478216 0.031021 0.473521 0.025776 0.471874 0.021189 0.475591 0.018661 0.481007 0.017965 0.489488 0.019668 0.497302 0.022575 0.500998
0 0.010549 0.476465 0.014751 0.474818 0.018078 0.468087 0.019204 0.460065 0.017962 0.452821 0.014928 0.448126 0.009684 0.446479 0.005096 0.450196 0.002569 0.455611 0.001872 0.464092 0.003577 0.471907 0.006484 0.475603
0 0.037877 0.360171 0.042079 0.358524 0.045406 0.351793 0.046532 0.343771 0.045290 0.336527 0.042256 0.331832 0.037013 0.330185 0.032424 0.333902 0.029898 0.339318 0.029200 0.347799 0.030905 0.355613 0.033812 0.359309
0 0.149522 0.417797 0.153724 0.416150 0.157050 0.409420 0.158177 0.401397 0.156935 0.394153 0.153901 0.389458 0.148657 0.387812 0.144069 0.391528 0.141542 0.396944 0.140845 0.405425 0.142549 0.413240 0.145456 0.416936
0 0.077852 0.339551 0.082054 0.337905 0.085380 0.331174 0.086506 0.323151 0.085264 0.315907 0.082231 0.311212 0.076987 0.309565 0.072399 0.313283 0.069872 0.318697 0.069175 0.327179 0.070879 0.334993 0.073786 0.338690
0 0.144298 0.505672 0.148500 0.504024 0.151826 0.497294 0.152953 0.489271 0.151710 0.482028 0.148677 0.477333 0.143433 0.475686 0.138845 0.479403 0.136318 0.484817 0.135621 0.493299 0.137325 0.501114 0.140232 0.504810
0 0.129997 0.639634 0.134199 0.637987 0.137525 0.631256 0.138651 0.623234 0.137409 0.615990 0.134376 0.611295 0.129132 0.609648 0.124544 0.613366 0.122017 0.618780 0.121320 0.627262 0.123024 0.635076 0.125931 0.638773
0 0.015125 0.715220 0.019327 0.713573 0.022653 0.706842 0.023780 0.698819 0.022538 0.691576 0.019504 0.686881 0.014260 0.685233 0.009672 0.688951 0.007145 0.694366 0.006448 0.702847 0.008152 0.710661 0.011059 0.714358
0 0.079328 0.839036 0.083530 0.837389 0.086857 0.830658 0.087983 0.822635 0.086741 0.815392 0.083707 0.810697 0.078463 0.809049 0.073875 0.812767 0.071348 0.818182 0.070651 0.826663 0.072356 0.834477 0.075263 0.838174
0 0.251769 0.807814 0.255971 0.806167 0.259297 0.799436 0.260423 0.791414 0.259181 0.784171 0.256148 0.779476 0.250904 0.777828 0.246316 0.781546 0.243789 0.786960 0.243092 0.795442 0.244796 0.803256 0.247703 0.806953
0 0.262126 0.870680 0.266328 0.869034 0.269654 0.862302 0.270781 0.854280 0.269539 0.847037 0.266505 0.842342 0.261262 0.840694 0.256673 0.844412 0.254146 0.849826 0.253449 0.858308 0.255154 0.866122 0.258061 0.869819
0 0.329291 0.642485 0.333492 0.640838 0.336819 0.634107 0.337946 0.626085 0.336704 0.618841 0.333670 0.614146 0.328426 0.612499 0.323838 0.616216 0.321311 0.621632 0.320614 0.630112 0.322318 0.637927 0.325225 0.641623
0 0.316707 0.836556 0.320909 0.834908 0.324236 0.828178 0.325362 0.820156 0.324120 0.812912 0.321086 0.808217 0.315842 0.806570 0.311255 0.810287 0.308727 0.815702 0.308031 0.824183 0.309735 0.831998 0.312642 0.835694
0 0.364048 0.818354 0.368249 0.816707 0.371576 0.809976 0.372703 0.801954 0.371460 0.794710 0.368427 0.790015 0.363183 0.788368 0.358595 0.792086 0.356068 0.797501 0.355371 0.805982 0.357075 0.813796 0.359982 0.817493
0 0.453163 0.582628 0.457365 0.580981 0.460692 0.574250 0.461818 0.566228 0.460576 0.558984 0.457542 0.554289 0.452298 0.552641 0.447710 0.556359 0.445183 0.561774 0.444486 0.570255 0.446190 0.578070 0.449097 0.581766
0 0.495587 0.738324 0.499788 0.736676 0.503115 0.729946 0.504241 0.721923 0.502999 0.714680 0.499965 0.709985 0.494721 0.708337 0.490133 0.712055 0.487607 0.717470 0.486909 0.725951 0.488614 0.733766 0.491521 0.737462
0 0.469235 0.720167 0.473436 0.718521 0.476763 0.711790 0.477889 0.703767 0.476647 0.696524 0.473614 0.691829 0.468370 0.690181 0.463782 0.693899 0.461255 0.699314 0.460558 0.707795 0.462262 0.715609 0.465169 0.719306
0 0.547135 0.775537 0.551337 0.773889 0.554663 0.767159 0.555790 0.759137 0.554548 0.751893 0.551514 0.747198 0.546270 0.745551 0.541682 0.749268 0.539155 0.754683 0.538458 0.763165 0.540162 0.770979 0.543069 0.774676
0 0.611869 0.832350 0.616071 0.830703 0.619398 0.823973 0.620524 0.815950 0.619282 0.808706 0.616248 0.804012 0.611004 0.802365 0.606416 0.806082 0.603889 0.811497 0.603192 0.819979 0.604896 0.827793 0.607803 0.831490
0 0.578196 0.666217 0.582398 0.664570 0.585725 0.657840 0.586851 0.649817 0.585609 0.642574 0.582575 0.637879 0.577332 0.636231 0.572743 0.639949 0.570216 0.645363 0.569519 0.653845 0.571224 0.661659 0.574131 0.665356
0 0.523066 0.603580 0.527268 0.601934 0.530595 0.595202 0.531721 0.587180 0.530479 0.579936 0.527445 0.575241 0.522201 0.573594 0.517613 0.577312 0.515086 0.582727 0.514389 0.591208 0.516093 0.599022 0.519000 0.602719
0 0.579134 0.819969 0.583336 0.818323 0.586662 0.811592 0.587789 0.803569 0.586547 0.796325 0.583513 0.791630 0.578269 0.789984 0.573681 0.793701 0.571154 0.799116 0.570457 0.807597 0.572161 0.815412 0.575068 0.819109
0 0.511775 0.512936 0.515976 0.511288 0.519303 0.504558 0.520429 0.496536 0.519187 0.489292 0.516154 0.484597 0.510909 0.482950 0.506322 0.486667 0.503795 0.492082 0.503098 0.500564 0.504802 0.508378 0.507709 0.512074
0 0.644174 0.604204 0.648376 0.602557 0.651702 0.595826 0.652829 0.587804 0.651586 0.580560 0.648553 0.575865 0.643309 0.574218 0.638721 0.577935 0.636194 0.583350 0.635497 0.591832 0.637201 0.599646 0.640108 0.603343
0 0.635620 0.561612 0.639821 0.559966 0.643148 0.553235 0.644275 0.545212 0.643032 0.537969 0.639999 0.533274 0.634755 0.531626 0.630167 0.535344 0.627639 0.540759 0.626943 0.549240 0.628647 0.557054 0.631554 0.560751
0 0.596283 0.463305 0.600485 0.461658 0.603812 0.454927 0.604938 0.446905 0.603696 0.439661 0.600662 0.434966 0.595418 0.433319 0.590830 0.437036 0.588303 0.442451 0.587606 0.450933 0.589310 0.458747 0.592217 0.462444
0 0.608865 0.402424 0.613067 0.400777 0.616393 0.394047 0.617520 0.386024 0.616277 0.378781 0.613244 0.374086 0.608000 0.372438 0.603412 0.376156 0.600885 0.381570 0.600188 0.390052 0.601892 0.397866 0.604799 0.401563
0 0.633700 0.396694 0.637902 0.395047 0.641228 0.388316 0.642354 0.380294 0.641112 0.373050 0.638079 0.368355 0.632835 0.366708 0.628247 0.370425 0.625720 0.375841 0.625023 0.384322 0.626727 0.392136 0.629634 0.395833
0 0.596990 0.358645 0.601191 0.356998 0.604518 0.350267 0.605644 0.342245 0.604402 0.335001 0.601369 0.330306 0.596125 0.328659 0.591537 0.332376 0.589010 0.337792 0.588313 0.346273 0.590017 0.354087 0.592924 0.357784
0 0.592116 0.323654 0.596318 0.322008 0.599645 0.315277 0.600771 0.307254 0.599529 0.300011 0.596495 0.295316 0.591252 0.293668 0.586663 0.297386 0.584136 0.302801 0.583440 0.311282 0.585144 0.319096 0.588051 0.322793
0 0.634896 0.357809 0.639098 0.356161 0.642424 0.349431 0.643551 0.341409 0.642309 0.334165 0.639275 0.329470 0.634031 0.327823 0.629443 0.331540 0.626916 0.336955 0.626219 0.345437 0.627924 0.353251 0.630830 0.356948
0 0.668631 0.327561 0.672833 0.325914 0.676159 0.319184 0.677286 0.311161 0.676044 0.303918 0.673010 0.299222 0.667766 0.297575 0.663178 0.301293 0.660651 0.306707 0.659954 0.315189 0.661659 0.323003 0.664565 0.326700
0 0.510894 0.254290 0.515095 0.252643 0.518422 0.245913 0.519549 0.237890 0.518307 0.230646 0.515273 0.225952 0.510029 0.224305 0.505441 0.228022 0.502914 0.233437 0.502217 0.241919 0.503921 0.249733 0.506828 0.253430
0 0.513258 0.439178 0.517459 0.437532 0.520786 0.430800 0.521912 0.422778 0.520670 0.415534 0.517637 0.410839 0.512392 0.409192 0.507805 0.412910 0.505277 0.418325 0.504581 0.426806 0.506285 0.434620 0.509192 0.438317
0 0.425421 0.450922 0.429622 0.449276 0.432949 0.442545 0.434076 0.434522 0.432834 0.427279 0.429800 0.422584 0.424556 0.420936 0.419968 0.424654 0.417441 0.430068 0.416744 0.438550 0.418448 0.446364 0.421355 0.450061
0 0.383572 0.430895 0.387773 0.429248 0.391100 0.422517 0.392226 0.414495 0.390984 0.407251 0.387951 0.402556 0.382706 0.400909 0.378119 0.404626 0.375591 0.410042 0.374895 0.418523 0.376599 0.426337 0.379505 0.430033
0 0.401845 0.504352 0.406047 0.502706 0.409373 0.495974 0.410500 0.487952 0.409258 0.480708 0.406224 0.476013 0.400981 0.474366 0.396392 0.478084 0.393865 0.483499 0.393168 0.491980 0.394873 0.499794 0.397780 0.503491
0 0.308059 0.334825 0.312261 0.333178 0.315588 0.326447 0.316714 0.318425 0.315472 0.311181 0.312438 0.306486 0.307194 0.304839 0.302606 0.308556 0.300080 0.313971 0.299382 0.322452 0.301087 0.330267 0.303994 0.333963
0 0.275458 0.253141 0.279660 0.251494 0.282987 0.244763 0.284113 0.236741 0.282871 0.229497 0.279837 0.224802 0.274594 0.223155 0.270005 0.226872 0.267478 0.232287 0.266781 0.240768 0.268486 0.248583 0.271393 0.252279
0 0.251690 0.336856 0.255892 0.335209 0.259219 0.328478 0.260345 0.320456 0.259103 0.313212 0.256069 0.308517 0.250825 0.306870 0.246238 0.310587 0.243710 0.316003 0.243014 0.324484 0.244717 0.332298 0.247624 0.335995
0 0.365090 0.576726 0.369292 0.575079 0.372618 0.568348 0.373745 0.560325 0.372503 0.553082 0.369469 0.548387 0.364225 0.546739 0.359637 0.550457 0.357110 0.555872 0.356413 0.564353 0.358118 0.572168 0.361024 0.575864
0 0.372572 0.417509 0.376774 0.415862 0.380100 0.409131 0.381226 0.401109 0.379984 0.393865 0.376951 0.389170 0.371707 0.387523 0.367119 0.391241 0.364592 0.396655 0.363895 0.405137 0.365599 0.412951 0.368506 0.416648
0 0.144684 0.253861 0.148886 0.252214 0.152213 0.245484 0.153339 0.237461 0.152097 0.230218 0.149063 0.225523 0.143819 0.223875 0.139231 0.227593 0.136705 0.233007 0.136007 0.241489 0.137712 0.249303 0.140618 0.253000
0 0.120927 0.246849 0.125128 0.245203 0.128455 0.238472 0.129582 0.230449 0.128339 0.223205 0.125306 0.218511 0.120062 0.216864 0.115474 0.220581 0.112946 0.225996 0.112250 0.234477 0.113954 0.242292 0.116861 0.245989
0 0.092324 0.211195 0.096526 0.209549 0.099852 0.202817 0.100979 0.194795 0.099737 0.187551 0.096703 0.182857 0.091459 0.181209 0.086871 0.184927 0.084344 0.190341 0.083647 0.198823 0.085352 0.206637 0.088258 0.210334
0 0.088519 0.265238 0.092721 0.263591 0.096047 0.256860 0.097173 0.248838 0.095931 0.241594 0.092898 0.236899 0.087654 0.235252 0.083066 0.238969 0.080539 0.244384 0.079842 0.252865 0.081546 0.260680 0.084453 0.264376
0 0.067360 0.242506 0.071561 0.240859 0.074888 0.234128 0.076014 0.226106 0.074772 0.218862 0.071739 0.214167 0.066495 0.212520 0.061907 0.216237 0.059379 0.221653 0.058683 0.230134 0.060387 0.237948 0.063294 0.241644
0 0.026797 0.228232 0.030999 0.226585 0.034325 0.219855 0.035452 0.211832 0.034210 0.204589 0.031176 0.199894 0.025933 0.198246 0.021344 0.201964 0.018817 0.207378 0.018120 0.215860 0.019825 0.223674 0.022732 0.227371
0 0.098334 0.142903 0.102536 0.141256 0.105863 0.134525 0.106989 0.126502 0.105747 0.119259 0.102713 0.114564 0.097470 0.112916 0.092882 0.116634 0.090849 0.122131 0.090159 0.130614 0.091362 0.138344 0.094269 0.142041
0 0.216115 0.145338 0.220316 0.143691 0.223643 0.136960 0.224769 0.128938 0.223527 0.121694 0.220494 0.116999 0.215250 0.115352 0.210662 0.119069 0.208629 0.124567 0.207940 0.133049 0.209142 0.140780 0.212049 0.144477
0 0.182706 0.173494 0.186907 0.171847 0.190234 0.165117 0.191360 0.157094 0.190118 0.149851 0.187085 0.145156 0.181840 0.143508 0.177253 0.147226 0.175220 0.152722 0.174531 0.161206 0.175732 0.168936 0.178639 0.172633
0 0.199526 0.208285 0.203728 0.206637 0.207054 0.199907 0.208181 0.191885 0.206939 0.184641 0.203905 0.179946 0.198662 0.178299 0.194073 0.182016 0.192041 0.187513 0.191351 0.195996 0.192554 0.203727 0.195461 0.207424
0 0.240364 0.442273 0.244566 0.440627 0.247892 0.433895 0.249019 0.425873 0.247777 0.418629 0.244743 0.413934 0.239499 0.412287 0.234911 0.416005 0.232878 0.421501 0.232189 0.429984 0.233391 0.437715 0.236298 0.441412
0 0.134170 0.173638 0.138371 0.171992 0.141698 0.165261 0.142824 0.157238 0.141582 0.149995 0.138549 0.145300 0.133305 0.143652 0.128717 0.147370 0.126684 0.152867 0.125995 0.161350 0.127197 0.169080 0.130104 0.172777
0 0.225767 0.000000 0.229969 0.000000 0.233295 0.000000 0.234421 0.000000 0.233179 0.000000 0.230146 0.000000 0.224902 0.000000 0.220314 0.000000 0.218281 0.000000 0.217592 0.000000 0.218794 0.000000 0.221701 0.000000
0 0.154603 0.000000 0.158805 0.000000 0.162131 0.000000 0.163258 0.000000 0.162016 0.000000 0.158982 0.000000 0.153738 0.000000 0.149150 0.000000 0.147117 0.000000 0.146428 0.000000 0.147630 0.000000 0.150538 0.000000
0 0.248589 0.046016 0.252790 0.044370 0.256117 0.037639 0.257243 0.029616 0.256001 0.022373 0.252968 0.017678 0.247723 0.016030 0.243136 0.019748 0.241103 0.025244 0.240414 0.033728 0.241616 0.041458 0.244523 0.045155
0 0.080036 0.000000 0.083415 0.000000 0.086020 0.000000 0.086777 0.000000 0.085694 0.000000 0.081184 0.000000 0.076294 0.000000 0.074421 0.000000 0.073454 0.000000 0.074063 0.000000 0.076465 0.000000
0 0.071205 0.000000 0.074583 0.000000 0.077188 0.000000 0.077946 0.000000 0.076862 0.000000 0.072352 0.000000 0.067462 0.000000 0.065589 0.000000 0.064622 0.000000 0.065232 0.000000 0.067633 0.000000
0 0.273585 0.000000 0.276964 0.000000 0.279569 0.000000 0.280326 0.000000 0.279243 0.000000 0.274733 0.000000 0.269843 0.000000 0.267969 0.000000 0.267002 0.000000 0.267612 0.000000 0.270013 0.000000
0 0.056394 0.000000 0.059773 0.000000 0.062378 0.000000 0.063135 0.000000 0.062051 0.000000 0.057592 0.000000 0.052652 0.000000 0.050778 0.000000 0.049811 0.000000 0.050421 0.000000 0.052822 0.000000
0 0.056845 0.000000 0.060224 0.000000 0.062829 0.000000 0.063586 0.000000 0.062503 0.000000 0.058043 0.000000 0.053103 0.000000 0.051229 0.000000 0.050262 0.000000 0.050872 0.000000 0.053273 0.000000
0 0.151450 0.182840 0.154829 0.180812 0.157433 0.175309 0.158191 0.168245 0.157108 0.161823 0.152648 0.157641 0.147708 0.158574 0.145835 0.162680 0.144867 0.170627 0.145477 0.177250 0.147879 0.182163
0 0.108459 0.000000 0.112661 0.000000 0.115987 0.000000 0.117114 0.000000 0.115872 0.000000 0.112838 0.000000 0.107594 0.000000 0.103006 0.000000 0.100973 0.000000 0.100284 0.000000 0.101487 0.000000 0.104393 0.000000
0 0.279566 0.097284 0.283768 0.095637 0.287095 0.088907 0.288221 0.080884 0.286979 0.073641 0.283945 0.068945 0.278702 0.067298 0.274113 0.071016 0.272080 0.076512 0.271391 0.084995 0.272594 0.092726 0.275501 0.096423
0 0.315355 0.019413 0.319556 0.017765 0.322883 0.011035 0.324010 0.003013 0.322768 0.000000 0.319734 0.000000 0.314490 0.000000 0.309902 0.000000 0.307869 0.000000 0.307180 0.007124 0.308382 0.014855 0.311289 0.018551
0 0.273348 0.134805 0.277550 0.133159 0.280876 0.126427 0.282003 0.118405 0.280761 0.111161 0.277727 0.106466 0.272483 0.104819 0.267895 0.108537 0.265862 0.114034 0.265173 0.122516 0.266376 0.130247 0.269282 0.133944
0 0.355915 0.099080 0.360117 0.097433 0.363444 0.090703 0.364570 0.082680 0.363328 0.075437 0.360294 0.070742 0.355051 0.069094 0.350462 0.072812 0.348430 0.078308 0.347740 0.086792 0.348943 0.094522 0.351850 0.098219
0 0.438900 0.028027 0.443102 0.026379 0.446428 0.019649 0.447555 0.011626 0.446312 0.004383 0.443279 0.000000 0.438035 0.000000 0.433447 0.001758 0.431414 0.007255 0.430725 0.015738 0.431927 0.023468 0.434834 0.027165
0 0.259728 0.198622 0.263930 0.196974 0.267257 0.190244 0.268383 0.182222 0.267141 0.174978 0.264107 0.170283 0.258863 0.168636 0.254275 0.172353 0.252242 0.177850 0.251553 0.186333 0.252755 0.194064 0.255663 0.197761
0 0.365092 0.186620 0.369294 0.184973 0.372621 0.178242 0.373747 0.170220 0.372505 0.162976 0.369471 0.158281 0.364228 0.156634 0.359639 0.160351 0.357606 0.165849 0.356917 0.174331 0.358120 0.182062 0.361027 0.185759
0 0.366762 0.000000 0.370964 0.000000 0.374290 0.000000 0.375416 0.000000 0.374174 0.000000 0.371141 0.000000 0.365897 0.000000 0.361309 0.000000 0.359276 0.000000 0.358587 0.000000 0.359789 0.000000 0.362696 0.000000
0 0.489036 0.025152 0.493238 0.023505 0.496564 0.016775 0.497691 0.008752 0.496449 0.001509 0.493415 0.000000 0.488171 0.000000 0.483583 0.000000 0.481550 0.004380 0.480861 0.012864 0.482064 0.020594 0.484971 0.024291
0 0.509580 0.167443 0.513782 0.165795 0.517108 0.159065 0.518235 0.151043 0.516993 0.143799 0.513959 0.139104 0.508715 0.137457 0.504127 0.141174 0.502094 0.146671 0.501405 0.155154 0.502607 0.162885 0.505514 0.166582
0 0.510276 0.200927 0.514478 0.199280 0.517805 0.192549 0.518931 0.184526 0.517689 0.177283 0.514655 0.172588 0.509411 0.170940 0.504824 0.174658 0.502790 0.180155 0.502101 0.188638 0.503303 0.196368 0.506210 0.200065
0 0.475800 0.181822 0.480001 0.180176 0.483328 0.173444 0.484454 0.165422 0.483212 0.158178 0.480179 0.153483 0.474934 0.151836 0.470347 0.155553 0.468314 0.161051 0.467625 0.169533 0.468827 0.177264 0.471733 0.180961
0 0.324351 0.268236 0.326524 0.251030 0.323359 0.240152 0.317652 0.235125 0.310280 0.234684 0.305178 0.239168 0.301745 0.246439 0.300824 0.258834 0.303189 0.268951 0.306247 0.274792 0.311847 0.279017 0.319180 0.275689
0 0.361431 0.227330 0.363604 0.210125 0.360439 0.199247 0.354732 0.194219 0.347361 0.193778 0.342259 0.198262 0.338826 0.205533 0.337905 0.217929 0.340270 0.228046 0.343327 0.233887 0.348927 0.238112 0.356260 0.234783
0 0.390200 0.231469 0.392374 0.214264 0.389209 0.203386 0.383502 0.198359 0.376130 0.197917 0.371028 0.202401 0.367595 0.209673 0.366674 0.222067 0.369039 0.232185 0.372096 0.238026 0.377696 0.242251 0.385030 0.238923
0 0.381198 0.322023 0.383372 0.304817 0.380207 0.293939 0.374500 0.288912 0.367128 0.288471 0.362026 0.292955 0.358593 0.300226 0.357672 0.312621 0.360037 0.322738 0.363094 0.328580 0.368694 0.332804 0.376028 0.329476
0 0.144532 0.305502 0.146705 0.288296 0.143540 0.277419 0.137833 0.272391 0.130461 0.271950 0.125360 0.276434 0.121927 0.283705 0.121005 0.296099 0.123370 0.306217 0.126428 0.312059 0.132028 0.316283 0.139361 0.312955
0 0.212083 0.000000 0.214256 0.000000 0.211092 0.000000 0.205385 0.000000 0.198013 0.000000 0.192911 0.000000 0.189478 0.000000 0.188557 0.000000 0.190922 0.000000 0.193979 0.000000 0.199579 0.000000 0.206912 0.000000
0 0.484993 0.134553 0.487166 0.117347 0.484001 0.106470 0.478294 0.101442 0.470922 0.101001 0.465820 0.105485 0.462387 0.112756 0.461466 0.125151 0.463831 0.135269 0.466889 0.141110 0.472489 0.145335 0.479822 0.142006
0 0.519800 0.000000 0.521973 0.000000 0.518809 0.000000 0.513102 0.000000 0.505730 0.000000 0.500628 0.000000 0.497195 0.000000 0.496274 0.000000 0.498639 0.000000 0.501696 0.002616 0.507296 0.006842 0.514630 0.003512
0 0.684483 0.280819 0.686636 0.265974 0.684227 0.256620 0.683232 0.254908 0.678520 0.251594 0.671148 0.251152 0.666046 0.255636 0.662613 0.262908 0.661692 0.275302 0.664057 0.285420 0.667114 0.291261 0.672250 0.293673 0.678776 0.290683
0 0.552938 0.193470 0.555111 0.176265 0.551947 0.165387 0.546240 0.160359 0.538868 0.159918 0.533766 0.164402 0.530332 0.171674 0.529412 0.184068 0.531777 0.194186 0.534834 0.200027 0.540434 0.204252 0.547768 0.200923
0 0.545934 0.515954 0.548108 0.498749 0.544943 0.487870 0.539236 0.482844 0.531864 0.482402 0.526762 0.486886 0.523329 0.494158 0.522408 0.506552 0.524773 0.516670 0.527830 0.522510 0.533430 0.526736 0.540764 0.523407
0 0.405722 0.568951 0.407895 0.551745 0.404731 0.540868 0.399024 0.535840 0.391651 0.535399 0.386550 0.539883 0.383116 0.547154 0.382195 0.559548 0.384561 0.569667 0.387618 0.575508 0.393218 0.579733 0.400551 0.576403
0 0.433197 0.532015 0.435370 0.514810 0.432205 0.503931 0.426498 0.498905 0.419126 0.498463 0.414024 0.502947 0.410591 0.510219 0.409670 0.522613 0.412035 0.532730 0.415092 0.538571 0.420692 0.542797 0.428026 0.539468
0 0.453525 0.399469 0.455698 0.382263 0.452533 0.371386 0.446826 0.366358 0.439454 0.365917 0.434352 0.370401 0.430919 0.377672 0.429998 0.390068 0.432363 0.400185 0.435420 0.406026 0.441020 0.410251 0.448354 0.406922
0 0.745541 0.114069 0.747714 0.096865 0.744550 0.085986 0.738843 0.080960 0.731471 0.080517 0.726369 0.085001 0.722936 0.092273 0.722015 0.104668 0.724380 0.114785 0.727437 0.120626 0.733037 0.124852 0.740371 0.121523
0 0.843672 0.080110 0.845845 0.062905 0.842680 0.052027 0.836973 0.047000 0.829601 0.046558 0.824499 0.051042 0.821066 0.058314 0.820145 0.070708 0.822510 0.080826 0.825567 0.086667 0.831167 0.090892 0.838501 0.087563
0 0.916064 0.145484 0.918237 0.128279 0.915073 0.117400 0.909366 0.112374 0.901994 0.111932 0.896892 0.116416 0.893459 0.123688 0.892538 0.136082 0.894903 0.146200 0.897960 0.152041 0.903560 0.156266 0.910894 0.152937
0 0.983944 0.263584 0.986117 0.246380 0.982953 0.235501 0.977245 0.230475 0.969874 0.230032 0.964772 0.234517 0.961339 0.241789 0.960418 0.254183 0.962783 0.264300 0.965840 0.270141 0.971440 0.274367 0.978773 0.271038
0 0.829868 0.651020 0.832041 0.633814 0.828877 0.622935 0.823169 0.617909 0.815798 0.617467 0.810696 0.621952 0.807263 0.629223 0.806342 0.641617 0.808707 0.651735 0.811764 0.657576 0.817364 0.661801 0.824698 0.658472
0 0.783094 0.646858 0.785267 0.629653 0.782102 0.618775 0.776395 0.613747 0.769023 0.613306 0.763921 0.617790 0.760488 0.625061 0.759567 0.637456 0.761932 0.647574 0.764989 0.653415 0.770589 0.657640 0.777923 0.654311
0 0.710820 0.620491 0.712993 0.603286 0.709828 0.592408 0.704121 0.587380 0.696749 0.586939 0.691648 0.591423 0.688214 0.598695 0.687293 0.611089 0.689658 0.621207 0.692715 0.627048 0.698315 0.631273 0.705649 0.627944
0 0.677830 0.627396 0.680003 0.610191 0.676839 0.599313 0.671132 0.594286 0.663760 0.593844 0.658658 0.598328 0.655225 0.605600 0.654304 0.617994 0.656669 0.628112 0.659726 0.633953 0.665326 0.638178 0.672660 0.634849
0 0.627541 0.677800 0.629714 0.660594 0.626549 0.649716 0.620842 0.644689 0.613470 0.644247 0.608368 0.648732 0.604935 0.656003 0.604014 0.668397 0.606379 0.678515 0.609436 0.684357 0.615036 0.688581 0.622370 0.685252
0 0.700991 0.663132 0.703164 0.645927 0.699999 0.635049 0.694292 0.630022 0.686920 0.629580 0.681818 0.634064 0.678385 0.641335 0.677464 0.653730 0.679829 0.663848 0.682886 0.669689 0.688487 0.673914 0.695820 0.670585
0 0.765708 0.932367 0.767881 0.915161 0.764716 0.904284 0.759009 0.899256 0.751638 0.898815 0.746536 0.903299 0.743103 0.910570 0.742182 0.922965 0.744547 0.933083 0.747604 0.938924 0.753204 0.943149 0.760537 0.939820
0 0.712290 0.897020 0.714463 0.879815 0.711298 0.868936 0.705591 0.863910 0.698219 0.863467 0.693117 0.867951 0.689684 0.875224 0.688763 0.887618 0.691128 0.897735 0.694185 0.903576 0.699785 0.907802 0.707119 0.904472
0 0.552294 0.671647 0.554468 0.654442 0.551303 0.643564 0.545596 0.638536 0.538224 0.638095 0.533122 0.642579 0.529689 0.649850 0.528768 0.662245 0.531133 0.672363 0.534190 0.678204 0.539790 0.682429 0.547124 0.679100
0 0.906538 0.831273 0.908711 0.814068 0.905547 0.803189 0.899839 0.798163 0.892468 0.797721 0.887366 0.802205 0.883933 0.809477 0.883012 0.821871 0.885377 0.831989 0.888434 0.837830 0.894034 0.842055 0.901368 0.838726
0 0.912166 0.972863 0.914339 0.955657 0.911174 0.944780 0.905467 0.939752 0.898096 0.939311 0.892994 0.943795 0.889561 0.951066 0.888640 0.963461 0.891005 0.973579 0.894062 0.979420 0.899662 0.983645 0.906995 0.980316
0 0.635284 0.920408 0.637457 0.903203 0.634292 0.892325 0.628585 0.887298 0.621213 0.886856 0.616111 0.891340 0.612678 0.898612 0.611757 0.911007 0.614123 0.921124 0.617179 0.926965 0.622780 0.931191 0.630113 0.927861
0 0.383498 0.660722 0.385671 0.643517 0.382506 0.632639 0.376799 0.627612 0.369427 0.627170 0.364326 0.631655 0.360892 0.638926 0.359971 0.651321 0.362336 0.661438 0.365394 0.667279 0.370993 0.671504 0.378327 0.668176
0 0.433306 0.679308 0.435479 0.662103 0.432315 0.651224 0.426607 0.646198 0.419236 0.645755 0.414134 0.650240 0.410701 0.657512 0.409780 0.669906 0.412145 0.680024 0.415202 0.685865 0.420802 0.690090 0.428136 0.686761
0 0.404137 0.884884 0.406310 0.867678 0.403146 0.856800 0.397439 0.851773 0.390067 0.851331 0.384965 0.855816 0.381532 0.863087 0.380611 0.875481 0.382976 0.885599 0.386033 0.891440 0.391633 0.895665 0.398967 0.892336
0 0.494308 0.898064 0.496481 0.880859 0.493317 0.869981 0.487609 0.864954 0.480237 0.864512 0.475136 0.868996 0.471702 0.876268 0.470782 0.888662 0.473147 0.898780 0.476203 0.904621 0.481804 0.908846 0.489137 0.905518
0 0.253377 0.691155 0.255550 0.673949 0.252386 0.663072 0.246679 0.658044 0.239307 0.657603 0.234205 0.662087 0.230772 0.669358 0.229851 0.681753 0.232216 0.691871 0.235273 0.697712 0.240873 0.701937 0.248207 0.698608
0 0.279588 0.678241 0.281761 0.661036 0.278597 0.650158 0.272890 0.645131 0.265518 0.644689 0.260416 0.649173 0.256983 0.656444 0.256062 0.668839 0.258427 0.678957 0.261484 0.684798 0.267084 0.689023 0.274417 0.685694
0 0.227747 0.798576 0.229920 0.781371 0.226755 0.770492 0.221048 0.765466 0.213677 0.765024 0.208574 0.769508 0.205141 0.776780 0.204220 0.789174 0.206585 0.799292 0.209643 0.805133 0.215243 0.809358 0.222576 0.806029
0 0.104758 0.648046 0.106931 0.630841 0.103767 0.619962 0.098059 0.614936 0.090688 0.614494 0.085586 0.618978 0.082153 0.626250 0.081232 0.638644 0.083597 0.648762 0.086654 0.654603 0.092254 0.658828 0.099588 0.655499
0 0.069795 0.772441 0.071968 0.755236 0.068804 0.744358 0.063096 0.739330 0.055725 0.738889 0.050623 0.743373 0.047190 0.750644 0.046269 0.763039 0.048634 0.773157 0.051691 0.778998 0.057291 0.783223 0.064625 0.779894
0 0.058249 0.817589 0.060422 0.800384 0.057258 0.789505 0.051550 0.784479 0.044179 0.784037 0.039077 0.788521 0.035644 0.795793 0.034723 0.808187 0.037088 0.818305 0.040145 0.824146 0.045745 0.828371 0.053079 0.825042
0 0.244521 0.300276 0.246694 0.283070 0.243529 0.272191 0.237822 0.267165 0.230450 0.266723 0.225348 0.271208 0.221915 0.278479 0.220994 0.290873 0.223359 0.300991 0.226416 0.306833 0.232016 0.311057 0.239350 0.307728
0 0.350849 0.027029 0.353022 0.009823 0.349857 0.000000 0.344150 0.000000 0.336778 0.000000 0.331676 0.000000 0.328243 0.005232 0.327322 0.017628 0.329687 0.027745 0.332744 0.033586 0.338345 0.037811 0.345678 0.034482
0 0.442413 0.285688 0.444586 0.268483 0.441422 0.257604 0.435715 0.252577 0.428343 0.252136 0.423241 0.256620 0.419808 0.263891 0.418887 0.276286 0.421252 0.286403 0.424309 0.292245 0.429909 0.296470 0.437242 0.293141
0 0.415996 0.420695 0.418169 0.403490 0.415004 0.392612 0.409296 0.387585 0.401925 0.387143 0.396823 0.391627 0.393390 0.398899 0.392469 0.411294 0.394834 0.421411 0.397891 0.427252 0.403491 0.431478 0.410825 0.428148
0 0.369677 0.450451 0.371851 0.433246 0.368686 0.422368 0.362979 0.417341 0.355607 0.416899 0.350505 0.421384 0.347072 0.428655 0.346151 0.441050 0.348516 0.451167 0.351573 0.457008 0.357173 0.461233 0.364507 0.457905
0 0.918010 0.342625 0.920183 0.325419 0.917018 0.314541 0.911311 0.309514 0.903939 0.309073 0.898837 0.313557 0.895404 0.320828 0.894483 0.333222 0.896848 0.343341 0.899905 0.349182 0.905505 0.353407 0.912839 0.350077
0 0.710208 0.314267 0.712258 0.300810 0.711632 0.286773 0.706453 0.276266 0.699192 0.273133 0.693266 0.272868 0.686346 0.280157 0.682544 0.289840 0.681628 0.302013 0.682263 0.312300 0.688650 0.321534 0.694863 0.325648 0.704708 0.322195
0 0.583250 0.455610 0.585300 0.442152 0.584674 0.428116 0.579495 0.417609 0.572234 0.414476 0.566308 0.414210 0.559388 0.421500 0.555585 0.431183 0.554670 0.443356 0.555305 0.453642 0.561692 0.462877 0.567905 0.466991 0.577750 0.463537
0 0.531919 0.818510 0.535297 0.816480 0.537902 0.810977 0.538660 0.803914 0.537576 0.797491 0.533329 0.793246 0.528190 0.794077 0.526303 0.798348 0.525336 0.806297 0.525946 0.812918 0.528347 0.817832
0 0.568618 0.862723 0.572820 0.861076 0.576147 0.854346 0.577273 0.846323 0.576031 0.839079 0.572997 0.834384 0.567753 0.832737 0.563165 0.836455 0.560638 0.841869 0.559941 0.850351 0.561645 0.858165 0.564552 0.861862
0 0.709193 0.823413 0.710070 0.814369 0.709407 0.807658 0.707787 0.802807 0.703915 0.800013 0.697470 0.799719 0.693940 0.804209 0.691832 0.812242 0.691600 0.820493 0.692793 0.827546 0.695727 0.832295 0.699973 0.833659 0.705566 0.830447
0 0.760181 0.776546 0.761059 0.767501 0.760395 0.760790 0.758775 0.755940 0.754903 0.753146 0.748458 0.752851 0.744928 0.757343 0.742820 0.765375 0.742588 0.773627 0.743781 0.780679 0.746715 0.785429 0.750961 0.786792 0.756553 0.783579
0 0.715545 0.752411 0.716422 0.743366 0.715759 0.736655 0.714138 0.731805 0.710267 0.729010 0.703822 0.728716 0.700292 0.733208 0.698184 0.741240 0.697952 0.749492 0.699144 0.756544 0.702079 0.761294 0.706325 0.762656 0.711917 0.759444
0 0.748817 0.685268 0.749695 0.676224 0.749031 0.669512 0.747411 0.664662 0.743539 0.661869 0.737095 0.661574 0.733565 0.666065 0.731456 0.674097 0.731224 0.682349 0.732417 0.689401 0.735352 0.694151 0.739597 0.695514 0.745190 0.692302
0 0.782906 0.700911 0.783782 0.691867 0.783119 0.685155 0.781499 0.680305 0.777627 0.677512 0.771182 0.677216 0.767652 0.681708 0.765545 0.689740 0.765312 0.697992 0.766505 0.705044 0.769439 0.709794 0.773685 0.711157 0.779277 0.707944
0 0.735217 0.866699 0.736095 0.857655 0.735431 0.850943 0.733811 0.846093 0.729939 0.843299 0.723495 0.843003 0.719965 0.847495 0.717857 0.855528 0.717625 0.863779 0.718817 0.870831 0.721752 0.875581 0.725998 0.876944 0.731590 0.873733
0 0.782607 0.897248 0.783484 0.888205 0.782821 0.881493 0.781201 0.876643 0.777329 0.873849 0.770884 0.873553 0.767354 0.878045 0.765247 0.886078 0.765014 0.894329 0.766207 0.901381 0.769141 0.906131 0.773387 0.907494 0.778979 0.904282
0 0.815579 0.786529 0.816456 0.777485 0.815792 0.770773 0.814172 0.765923 0.810300 0.763130 0.803856 0.762835 0.800326 0.767326 0.798218 0.775358 0.797985 0.783610 0.799178 0.790662 0.802113 0.795412 0.806358 0.796775 0.811951 0.793563
0 0.864636 0.891648 0.865513 0.882603 0.864850 0.875892 0.863230 0.871041 0.859357 0.868247 0.852913 0.867953 0.849383 0.872444 0.847275 0.880476 0.847043 0.888728 0.848235 0.895780 0.851170 0.900530 0.855415 0.901893 0.861008 0.898681
0 0.826131 0.869822 0.827008 0.860777 0.826344 0.854066 0.824724 0.849215 0.820852 0.846421 0.814408 0.846127 0.810878 0.850617 0.808770 0.858650 0.808537 0.866902 0.809730 0.873954 0.812665 0.878703 0.816910 0.880067 0.822503 0.876855
0 0.876814 0.787319 0.877692 0.778275 0.877028 0.771563 0.875408 0.766713 0.871536 0.763919 0.865092 0.763624 0.861562 0.768116 0.859453 0.776148 0.859221 0.784400 0.860414 0.791452 0.863349 0.796202 0.867594 0.797564 0.873187 0.794352
0 0.883214 0.874672 0.884091 0.865628 0.883428 0.858916 0.881807 0.854066 0.877936 0.851272 0.871491 0.850978 0.867961 0.855469 0.865853 0.863501 0.865621 0.871753 0.866813 0.878805 0.869748 0.883555 0.873994 0.884917 0.879586 0.881706
0 0.729682 0.807260 0.730559 0.798216 0.729896 0.791505 0.728276 0.786655 0.724404 0.783861 0.717959 0.783565 0.714429 0.788057 0.712321 0.796090 0.712089 0.804341 0.713282 0.811393 0.716216 0.816143 0.720462 0.817506 0.726054 0.814294
0 0.783901 0.595016 0.784778 0.585973 0.784114 0.579261 0.782494 0.574411 0.778622 0.571617 0.772178 0.571322 0.768648 0.575813 0.766540 0.583845 0.766308 0.592097 0.767500 0.599150 0.770435 0.603899 0.774680 0.605263 0.780273 0.602050
0 0.896581 0.913946 0.897457 0.904903 0.896794 0.898191 0.895174 0.893341 0.891302 0.890547 0.884857 0.890252 0.881328 0.894743 0.879220 0.902776 0.878987 0.911027 0.880180 0.918079 0.883115 0.922829 0.887360 0.924192 0.892953 0.920980
0 0.821695 0.964682 0.822572 0.955638 0.821909 0.948926 0.820289 0.944076 0.816417 0.941282 0.809972 0.940987 0.806442 0.945479 0.804334 0.953511 0.804102 0.961763 0.805294 0.968815 0.808229 0.973565 0.812475 0.974927 0.818067 0.971715
0 0.893150 0.572913 0.894027 0.563869 0.893364 0.557157 0.891744 0.552307 0.887872 0.549513 0.881427 0.549218 0.877897 0.553709 0.875789 0.561742 0.875557 0.569994 0.876749 0.577046 0.879684 0.581795 0.883930 0.583158 0.889522 0.579947
0 0.937942 0.583902 0.938820 0.574858 0.938156 0.568147 0.936536 0.563296 0.932664 0.560502 0.926220 0.560208 0.922689 0.564699 0.920582 0.572731 0.920349 0.580983 0.921542 0.588036 0.924476 0.592785 0.928722 0.594148 0.934315 0.590936
0 0.808374 0.575895 0.809252 0.566851 0.808588 0.560139 0.806968 0.555289 0.803096 0.552495 0.796652 0.552200 0.793122 0.556691 0.791013 0.564724 0.790781 0.572976 0.791974 0.580027 0.794909 0.584777 0.799154 0.586140 0.804747 0.582929
0 0.829292 0.559124 0.830169 0.550080 0.829506 0.543368 0.827886 0.538518 0.824014 0.535724 0.817569 0.535429 0.814039 0.539920 0.811931 0.547953 0.811699 0.556204 0.812892 0.563256 0.815826 0.568006 0.820072 0.569369 0.825664 0.566157
0 0.815234 0.425170 0.816111 0.416126 0.815448 0.409414 0.813828 0.404564 0.809956 0.401770 0.803511 0.401475 0.799981 0.405967 0.797873 0.413999 0.797641 0.422251 0.798833 0.429303 0.801768 0.434053 0.806014 0.435415 0.811606 0.432204
0 0.863146 0.369789 0.864023 0.360746 0.863360 0.354035 0.861739 0.349184 0.857868 0.346390 0.851423 0.346095 0.847893 0.350586 0.845785 0.358619 0.845553 0.366870 0.846745 0.373923 0.849680 0.378672 0.853926 0.380036 0.859518 0.376823
0 0.928663 0.398362 0.929541 0.389317 0.928878 0.382606 0.927257 0.377756 0.923386 0.374962 0.916941 0.374667 0.913410 0.379159 0.911303 0.387191 0.911070 0.395443 0.912263 0.402495 0.915197 0.407245 0.919443 0.408608 0.925036 0.405395
0 0.694316 0.498432 0.695192 0.489388 0.694529 0.482676 0.692909 0.477826 0.689037 0.475032 0.682593 0.474737 0.679063 0.479228 0.676955 0.487261 0.676722 0.495512 0.677915 0.502564 0.680850 0.507314 0.685095 0.508677 0.690688 0.505465
0 0.657974 0.524546 0.658852 0.515502 0.658188 0.508791 0.656568 0.503940 0.652696 0.501146 0.646252 0.500851 0.642722 0.505342 0.640613 0.513375 0.640382 0.521626 0.641574 0.528679 0.644509 0.533428 0.648754 0.534792 0.654347 0.531579
0 0.773304 0.373493 0.774181 0.364449 0.773518 0.357738 0.771897 0.352888 0.768026 0.350094 0.761581 0.349798 0.758051 0.354290 0.755943 0.362322 0.755711 0.370574 0.756904 0.377626 0.759838 0.382376 0.764084 0.383739 0.769676 0.380527
0 0.692183 0.351821 0.693060 0.342776 0.692397 0.336065 0.690777 0.331215 0.686905 0.328421 0.680460 0.328126 0.676930 0.332618 0.674822 0.340650 0.674590 0.348902 0.675783 0.355954 0.678717 0.360704 0.682963 0.362067 0.688555 0.358854
0 0.790580 0.250705 0.791457 0.241661 0.790794 0.234949 0.789174 0.230099 0.785302 0.227305 0.778857 0.227010 0.775327 0.231501 0.773219 0.239534 0.772987 0.247785 0.774179 0.254837 0.777114 0.259587 0.781360 0.260950 0.786952 0.257739
0 0.760437 0.198204 0.761314 0.189160 0.760651 0.182449 0.759030 0.177598 0.755158 0.174804 0.748714 0.174510 0.745183 0.179000 0.743076 0.187033 0.742843 0.195284 0.744036 0.202337 0.746970 0.207086 0.751217 0.208450 0.756809 0.205238
0 0.710636 0.205875 0.711512 0.196831 0.710849 0.190119 0.709229 0.185269 0.705357 0.182475 0.698913 0.182180 0.695383 0.186671 0.693275 0.194704 0.693042 0.202955 0.694235 0.210008 0.697170 0.214757 0.701415 0.216121 0.707007 0.212908
0 0.627452 0.118695 0.628329 0.109651 0.627666 0.102939 0.626046 0.098089 0.622174 0.095295 0.615729 0.095001 0.612199 0.099491 0.610091 0.107524 0.609859 0.115775 0.611051 0.122827 0.613986 0.127577 0.618232 0.128940 0.623824 0.125729
0 0.633783 0.153285 0.634660 0.144240 0.633997 0.137529 0.632376 0.132679 0.628504 0.129885 0.622060 0.129590 0.618530 0.134081 0.616422 0.142114 0.616189 0.150366 0.617382 0.157418 0.620317 0.162167 0.624563 0.163530 0.630155 0.160318
0 0.569105 0.036427 0.569982 0.027383 0.569319 0.020672 0.567699 0.015821 0.563827 0.013027 0.557382 0.012733 0.553852 0.017224 0.551744 0.025256 0.551512 0.033508 0.552704 0.040561 0.555639 0.045310 0.559885 0.046673 0.565477 0.043461
0 0.590969 0.063946 0.591846 0.054902 0.591183 0.048191 0.589563 0.043341 0.585691 0.040547 0.579246 0.040251 0.575716 0.044743 0.573608 0.052775 0.573376 0.061027 0.574568 0.068079 0.577503 0.072829 0.581749 0.074192 0.587341 0.070979
0 0.611492 0.045040 0.612369 0.035996 0.611706 0.029284 0.610086 0.024435 0.606214 0.021641 0.599769 0.021346 0.596239 0.025837 0.594131 0.033869 0.593899 0.042121 0.595092 0.049173 0.598026 0.053923 0.602272 0.055286 0.607864 0.052074
0 0.632473 0.034486 0.633350 0.025442 0.632687 0.018730 0.631066 0.013880 0.627194 0.011086 0.620750 0.010791 0.617220 0.015283 0.615112 0.023315 0.614879 0.031567 0.616072 0.038619 0.619007 0.043368 0.623252 0.044731 0.628845 0.041520
0 0.648939 0.053867 0.649816 0.044822 0.649153 0.038111 0.647532 0.033261 0.643660 0.030467 0.637216 0.030172 0.633686 0.034664 0.631578 0.042696 0.631346 0.050948 0.632538 0.058000 0.635473 0.062749 0.639718 0.064112 0.645311 0.060900
0 0.599900 0.007877 0.600776 0.000000 0.600113 0.000000 0.598493 0.000000 0.594621 0.000000 0.588177 0.000000 0.584646 0.000000 0.582539 0.000000 0.582306 0.004958 0.583499 0.012010 0.586434 0.016760 0.590679 0.018123 0.596271 0.014911
0 0.700029 0.053239 0.700906 0.044194 0.700243 0.037483 0.698623 0.032633 0.694751 0.029839 0.688306 0.029544 0.684776 0.034036 0.682668 0.042068 0.682436 0.050320 0.683628 0.057372 0.686563 0.062122 0.690809 0.063484 0.696401 0.060272
0 0.803961 0.075098 0.804838 0.066053 0.804175 0.059342 0.802555 0.054492 0.798683 0.051697 0.792239 0.051403 0.788709 0.055894 0.786601 0.063926 0.786368 0.072178 0.787561 0.079230 0.790496 0.083980 0.794741 0.085343 0.800334 0.082131
0 0.766367 0.091005 0.767244 0.081960 0.766581 0.075249 0.764960 0.070399 0.761088 0.067605 0.754644 0.067309 0.751114 0.071801 0.749006 0.079834 0.748773 0.088085 0.749966 0.095137 0.752901 0.099887 0.757146 0.101250 0.762739 0.098038
0 0.812187 0.194222 0.813064 0.185178 0.812400 0.178466 0.810780 0.173616 0.806908 0.170823 0.800464 0.170527 0.796934 0.175019 0.794826 0.183051 0.794593 0.191303 0.795786 0.198355 0.798721 0.203105 0.802966 0.204468 0.808559 0.201256
0 0.864731 0.163403 0.865608 0.154358 0.864945 0.147647 0.863324 0.142797 0.859453 0.140002 0.853008 0.139708 0.849478 0.144200 0.847370 0.152231 0.847138 0.160484 0.848330 0.167536 0.851265 0.172286 0.855511 0.173648 0.861103 0.170436
0 0.873044 0.108333 0.873921 0.099289 0.873258 0.092577 0.871638 0.087727 0.867766 0.084933 0.861322 0.084638 0.857791 0.089129 0.855683 0.097162 0.855451 0.105413 0.856644 0.112465 0.859578 0.117215 0.863824 0.118578 0.869416 0.115367
0 0.898377 0.039543 0.899255 0.030500 0.898591 0.023788 0.896971 0.018938 0.893099 0.016144 0.886655 0.015848 0.883125 0.020340 0.881017 0.028373 0.880785 0.036624 0.881977 0.043676 0.884912 0.048426 0.889157 0.049789 0.894750 0.046577
0 0.926801 0.070222 0.927678 0.061178 0.927015 0.054466 0.925395 0.049616 0.921523 0.046823 0.915078 0.046527 0.911548 0.051019 0.909440 0.059051 0.909208 0.067303 0.910400 0.074355 0.913335 0.079105 0.917581 0.080468 0.923173 0.077255
0 0.949251 0.262990 0.950128 0.253946 0.949465 0.247235 0.947845 0.242385 0.943973 0.239591 0.937528 0.239295 0.933998 0.243787 0.931890 0.251819 0.931658 0.260071 0.932851 0.267123 0.935785 0.271873 0.940031 0.273236 0.945623 0.270024
0 0.929881 0.206076 0.930757 0.197031 0.930094 0.190320 0.928474 0.185470 0.924602 0.182675 0.918157 0.182381 0.914627 0.186872 0.912520 0.194904 0.912287 0.203156 0.913480 0.210208 0.916414 0.214958 0.920660 0.216321 0.926252 0.213109
0 0.905479 0.211074 0.906357 0.202030 0.905693 0.195318 0.904073 0.190468 0.900201 0.187675 0.893757 0.187380 0.890227 0.191871 0.888119 0.199903 0.887887 0.208155 0.889079 0.215207 0.892014 0.219957 0.896259 0.221320 0.901852 0.218108
0 0.989189 0.129927 0.990066 0.120883 0.989403 0.114171 0.987783 0.109321 0.983911 0.106527 0.977466 0.106232 0.973936 0.110723 0.971828 0.118756 0.971596 0.127008 0.972788 0.134059 0.975723 0.138809 0.979969 0.140172 0.985561 0.136961
0 0.812109 0.261587 0.812985 0.252542 0.812322 0.245831 0.810702 0.240981 0.806830 0.238186 0.800386 0.237892 0.796856 0.242383 0.794748 0.250415 0.794515 0.258667 0.795708 0.265720 0.798643 0.270469 0.802888 0.271832 0.808481 0.268620
0 0.755748 0.333676 0.756625 0.324632 0.755962 0.317920 0.754342 0.313070 0.750470 0.310276 0.744026 0.309981 0.740496 0.314473 0.738387 0.322505 0.738155 0.330757 0.739348 0.337809 0.742283 0.342559 0.746528 0.343921 0.752121 0.340709
0 0.879938 0.975513 0.880815 0.966469 0.880152 0.959757 0.878531 0.954907 0.874659 0.952113 0.868214 0.951817 0.864684 0.956309 0.862577 0.964342 0.862344 0.972593 0.863537 0.979645 0.866472 0.984395 0.870718 0.985758 0.876309 0.982545
0 0.343507 0.808476 0.344383 0.799432 0.343720 0.792720 0.342100 0.787871 0.338228 0.785077 0.331783 0.784781 0.328253 0.789273 0.326146 0.797306 0.325913 0.805557 0.327106 0.812609 0.330041 0.817359 0.334286 0.818722 0.339878 0.815509
0 0.782172 0.860392 0.785551 0.858362 0.788155 0.852860 0.788913 0.845796 0.787829 0.839373 0.783582 0.835129 0.778443 0.835960 0.776556 0.840230 0.775589 0.848178 0.776199 0.854801 0.778600 0.859714
0 0.796019 0.909678 0.799397 0.907648 0.802002 0.902146 0.802760 0.895083 0.801676 0.888659 0.797428 0.884415 0.792290 0.885246 0.790403 0.889516 0.789436 0.897464 0.790046 0.904087 0.792447 0.909001
0 0.579645 0.769227 0.580522 0.760183 0.579859 0.753471 0.578238 0.748621 0.574367 0.745827 0.567922 0.745532 0.564392 0.750023 0.562284 0.758056 0.562052 0.766307 0.563244 0.773359 0.566179 0.778109 0.570425 0.779472 0.576017 0.776261
0 0.614822 0.888641 0.618201 0.886611 0.620806 0.881108 0.621563 0.874045 0.620479 0.867622 0.616232 0.863377 0.611093 0.864208 0.609206 0.868479 0.608239 0.876427 0.608849 0.883049 0.611250 0.887964
0 0.418049 0.739941 0.418927 0.730896 0.418263 0.724185 0.416643 0.719335 0.412771 0.716540 0.406327 0.716246 0.402796 0.720737 0.400688 0.728770 0.400456 0.737021 0.401649 0.744074 0.404583 0.748823 0.408829 0.750186 0.414422 0.746974
0 0.461858 0.520012 0.462735 0.510967 0.462072 0.504256 0.460452 0.499406 0.456580 0.496612 0.450135 0.496317 0.446605 0.500809 0.444497 0.508840 0.444265 0.517093 0.445457 0.524145 0.448392 0.528895 0.452638 0.530258 0.458230 0.527045
0 0.503426 0.412204 0.504303 0.403159 0.503640 0.396448 0.502020 0.391598 0.498148 0.388804 0.491703 0.388509 0.488173 0.393000 0.486066 0.401033 0.485833 0.409285 0.487026 0.416336 0.489960 0.421086 0.494206 0.422449 0.499798 0.419237
0 0.533548 0.340418 0.534424 0.331374 0.533761 0.324662 0.532141 0.319812 0.528269 0.317018 0.521825 0.316723 0.518295 0.321214 0.516187 0.329247 0.515954 0.337498 0.517147 0.344550 0.520082 0.349300 0.524327 0.350663 0.529919 0.347452
0 0.571251 0.317473 0.572128 0.308429 0.571465 0.301718 0.569844 0.296867 0.565973 0.294074 0.559528 0.293779 0.555998 0.298270 0.553890 0.306302 0.553658 0.314554 0.554850 0.321607 0.557785 0.326356 0.562030 0.327720 0.567623 0.324507
0 0.555470 0.246675 0.556346 0.237630 0.555683 0.230919 0.554063 0.226068 0.550191 0.223274 0.543747 0.222980 0.540217 0.227471 0.538109 0.235503 0.537876 0.243755 0.539069 0.250807 0.542004 0.255557 0.546249 0.256920 0.551842 0.253708
0 0.549282 0.144026 0.550159 0.134982 0.549496 0.128270 0.547875 0.123420 0.544004 0.120626 0.537559 0.120331 0.534028 0.124823 0.531921 0.132855 0.531688 0.141107 0.532881 0.148159 0.535816 0.152909 0.540062 0.154271 0.545654 0.151060
0 0.641361 0.000000 0.642238 0.000000 0.641575 0.000000 0.639955 0.000000 0.636083 0.000000 0.629638 0.000000 0.626109 0.000000 0.624000 0.000000 0.623768 0.000000 0.624961 0.000000 0.627896 0.000000 0.632141 0.000000 0.637733 0.000000
0 0.680181 0.118941 0.681058 0.109897 0.680395 0.103185 0.678774 0.098335 0.674902 0.095541 0.668458 0.095245 0.664928 0.099737 0.662820 0.107770 0.662587 0.116021 0.663780 0.123073 0.666715 0.127823 0.670961 0.129186 0.676553 0.125974
0 0.604989 0.000000 0.605866 0.000000 0.605203 0.000000 0.603583 0.000000 0.599711 0.000000 0.593266 0.000000 0.589736 0.000000 0.587628 0.000000 0.587396 0.000000 0.588588 0.000000 0.591523 0.000000 0.595769 0.000000 0.601361 0.000000
0 0.582987 0.000000 0.583864 0.000000 0.583200 0.000000 0.581580 0.000000 0.577634 0.000000 0.571252 0.000000 0.567734 0.000000 0.565626 0.000000 0.565394 0.000000 0.566586 0.000000 0.569521 0.000000 0.573767 0.000000 0.579359 0.000000
0 0.445813 0.234538 0.446689 0.225494 0.446026 0.218782 0.444406 0.213932 0.440460 0.212052 0.434078 0.210991 0.430560 0.215335 0.428452 0.223367 0.428219 0.231619 0.429412 0.238671 0.432347 0.243420 0.436592 0.244783 0.442185 0.241571
0 0.343807 0.000000 0.344684 0.000000 0.344021 0.000000 0.342401 0.000000 0.338455 0.000000 0.332073 0.000000 0.328555 0.000000 0.326447 0.000000 0.326214 0.000000 0.327407 0.000000 0.330342 0.000000 0.334587 0.000000 0.340179 0.000000
0 0.322223 0.000000 0.323100 0.000000 0.322437 0.000000 0.320817 0.000000 0.316871 0.000000 0.310488 0.000000 0.306970 0.000000 0.304862 0.000000 0.304630 0.000000 0.305822 0.000000 0.308757 0.000000 0.313003 0.000000 0.318595 0.000000
0 0.330509 0.091863 0.331386 0.082819 0.330723 0.076107 0.329103 0.071257 0.325157 0.069377 0.318774 0.068315 0.315256 0.072659 0.313148 0.080692 0.312916 0.088943 0.314108 0.095995 0.317043 0.100745 0.321289 0.102108 0.326881 0.098896
0 0.367347 0.130836 0.368224 0.121792 0.367561 0.115080 0.365941 0.110230 0.361995 0.108350 0.355613 0.107289 0.352095 0.111633 0.349987 0.119665 0.349754 0.127917 0.350947 0.134969 0.353882 0.139719 0.358127 0.141081 0.363720 0.137870
0 0.232050 0.177041 0.232926 0.167997 0.232263 0.161285 0.230643 0.156435 0.226697 0.154555 0.220315 0.153494 0.216797 0.157838 0.214689 0.165870 0.214456 0.174122 0.215649 0.181174 0.218584 0.185924 0.222829 0.187286 0.228422 0.184075
0 0.150177 0.116764 0.151296 0.111589 0.150714 0.105857 0.148264 0.102543 0.146029 0.101172 0.142791 0.101724 0.140136 0.107371 0.139969 0.113430 0.140885 0.118126 0.144410 0.120802 0.147466 0.120039
0 0.248754 0.185310 0.249873 0.180135 0.249291 0.174403 0.246840 0.171089 0.244606 0.169718 0.241368 0.170270 0.238713 0.175917 0.238545 0.181976 0.239461 0.186672 0.242987 0.189348 0.246043 0.188585
0 0.228385 0.256828 0.229504 0.251653 0.228921 0.245922 0.226471 0.242607 0.224237 0.241236 0.220998 0.241788 0.218344 0.247435 0.218176 0.253495 0.219092 0.258190 0.222617 0.260866 0.225673 0.260103
0 0.141311 0.195502 0.142430 0.190326 0.141848 0.184596 0.139397 0.181282 0.137164 0.179911 0.133925 0.180462 0.131270 0.186109 0.131102 0.192169 0.132018 0.196865 0.135543 0.199541 0.138600 0.198776
0 0.131855 0.211227 0.132974 0.206052 0.132391 0.200321 0.129941 0.197007 0.127707 0.195636 0.124469 0.196187 0.121814 0.201835 0.121646 0.207894 0.122562 0.212590 0.126088 0.215266 0.129144 0.214502
0 0.143397 0.218826 0.144516 0.213651 0.143934 0.207919 0.141483 0.204605 0.139249 0.203234 0.136011 0.203786 0.133357 0.209433 0.133188 0.215493 0.134104 0.220188 0.137630 0.222864 0.140686 0.222101
0 0.111528 0.014673 0.112647 0.009498 0.112065 0.003766 0.109614 0.000452 0.107380 0.000000 0.104141 0.000000 0.101487 0.005280 0.101319 0.011339 0.102235 0.016035 0.105761 0.018711 0.108816 0.017948
0 0.116466 0.038116 0.117585 0.032942 0.117002 0.027210 0.114552 0.023896 0.112318 0.022525 0.109079 0.023077 0.106425 0.028724 0.106257 0.034783 0.107173 0.039479 0.110698 0.042155 0.113754 0.041391
0 0.134454 0.000000 0.135573 0.000000 0.134991 0.000000 0.132540 0.000000 0.130306 0.000000 0.127068 0.000000 0.124413 0.000000 0.124245 0.000000 0.125161 0.000000 0.128686 0.000000 0.131743 0.000000
0 0.309263 0.000000 0.310382 0.000000 0.309799 0.000000 0.307349 0.000000 0.305115 0.000000 0.301876 0.000000 0.299222 0.000000 0.299054 0.000000 0.299970 0.000000 0.303495 0.000000 0.306551 0.000000
0 0.366263 0.000000 0.367382 0.000000 0.366799 0.000000 0.364349 0.000000 0.362115 0.000000 0.358876 0.000000 0.356222 0.000000 0.356054 0.000000 0.356970 0.000000 0.360495 0.000000 0.363551 0.000000
0 0.417804 0.000000 0.418923 0.000000 0.418341 0.000000 0.415890 0.000000 0.413657 0.000000 0.410418 0.000000 0.407764 0.000000 0.407595 0.000000 0.408511 0.000000 0.412037 0.000000 0.415093 0.000000
0 0.452567 0.073995 0.453686 0.068820 0.453103 0.063089 0.450653 0.059774 0.448419 0.058403 0.445180 0.058955 0.442526 0.064602 0.442358 0.070662 0.443274 0.075358 0.446799 0.078034 0.449855 0.077270
0 0.472141 0.057998 0.473260 0.052823 0.472677 0.047093 0.470227 0.043777 0.467993 0.042406 0.464754 0.042958 0.462100 0.048605 0.461932 0.054665 0.462848 0.059361 0.466373 0.062037 0.469429 0.061273
0 0.578178 0.000000 0.579297 0.000000 0.578715 0.000000 0.576265 0.000000 0.574031 0.000000 0.570792 0.000000 0.568138 0.000000 0.567969 0.000000 0.568885 0.000000 0.572411 0.001116 0.575467 0.000353
0 0.736858 0.070294 0.737977 0.065119 0.737395 0.059388 0.734944 0.056073 0.732711 0.054702 0.729472 0.055254 0.726817 0.060901 0.726649 0.066960 0.727565 0.071656 0.731090 0.074332 0.734147 0.073568
0 0.721676 0.095959 0.722795 0.090784 0.722213 0.085053 0.719762 0.081738 0.717528 0.080367 0.714290 0.080919 0.711635 0.086566 0.711467 0.092625 0.712383 0.097321 0.715909 0.099997 0.718965 0.099234
0 0.918380 0.036561 0.919499 0.031386 0.918917 0.025655 0.916466 0.022341 0.914233 0.020969 0.910994 0.021522 0.908339 0.027168 0.908171 0.033227 0.909087 0.037923 0.912612 0.040600 0.915669 0.039836
0 0.923051 0.109097 0.924170 0.103921 0.923588 0.098191 0.921138 0.094877 0.918903 0.093506 0.915665 0.094057 0.913011 0.099703 0.912843 0.105764 0.913759 0.110460 0.917284 0.113136 0.920340 0.112371
0 0.885619 0.236838 0.886738 0.231663 0.886155 0.225933 0.883705 0.222617 0.881471 0.221247 0.878232 0.221798 0.875578 0.227445 0.875410 0.233505 0.876326 0.238201 0.879852 0.240877 0.882908 0.240113
0 0.970073 0.335228 0.971192 0.330053 0.970610 0.324323 0.968160 0.321007 0.965925 0.319636 0.962687 0.320188 0.960032 0.325835 0.959865 0.331895 0.960781 0.336591 0.964306 0.339267 0.967362 0.338503
0 0.944833 0.371807 0.945952 0.366632 0.945369 0.360901 0.942919 0.357587 0.940685 0.356216 0.937446 0.356768 0.934792 0.362414 0.934624 0.368475 0.935540 0.373169 0.939065 0.375846 0.942121 0.375082
0 0.735495 0.308563 0.736614 0.303388 0.736031 0.297657 0.733581 0.294342 0.731347 0.292971 0.728109 0.293523 0.725454 0.299170 0.725286 0.305230 0.726202 0.309925 0.729728 0.312601 0.732784 0.311838
0 0.758380 0.403976 0.759499 0.398801 0.758916 0.393070 0.756466 0.389755 0.754232 0.388384 0.750994 0.388936 0.748339 0.394583 0.748171 0.400643 0.749087 0.405339 0.752612 0.408015 0.755669 0.407251
0 0.711198 0.491368 0.712318 0.486193 0.711735 0.480462 0.709285 0.477147 0.707051 0.475776 0.703812 0.476328 0.701158 0.481975 0.700990 0.488034 0.701906 0.492730 0.705431 0.495406 0.708487 0.494642
0 0.596999 0.531443 0.598119 0.526268 0.597536 0.520537 0.595086 0.517223 0.592852 0.515852 0.589613 0.516403 0.586959 0.522050 0.586791 0.528110 0.587707 0.532806 0.591232 0.535482 0.594288 0.534718
0 0.633651 0.618976 0.634770 0.613800 0.634188 0.608069 0.631738 0.604755 0.629503 0.603384 0.626265 0.603935 0.623610 0.609582 0.623443 0.615642 0.624359 0.620338 0.627884 0.623014 0.630940 0.622250
0 0.555831 0.629450 0.556951 0.624275 0.556368 0.618544 0.553918 0.615229 0.551684 0.613858 0.548445 0.614410 0.545790 0.620057 0.545623 0.626116 0.546539 0.630812 0.550064 0.633488 0.553120 0.632725
0 0.549219 0.455689 0.550338 0.450513 0.549756 0.444783 0.547306 0.441468 0.545071 0.440097 0.541833 0.440648 0.539178 0.446295 0.539011 0.452355 0.539927 0.457051 0.543451 0.459727 0.546508 0.458963
0 0.491558 0.468467 0.492677 0.463292 0.492095 0.457561 0.489645 0.454246 0.487410 0.452875 0.484172 0.453427 0.481517 0.459074 0.481350 0.465133 0.482266 0.469829 0.485791 0.472505 0.488847 0.471742
0 0.470789 0.334293 0.471908 0.329118 0.471326 0.323387 0.468875 0.320072 0.466641 0.318701 0.463403 0.319254 0.460748 0.324900 0.460580 0.330959 0.461496 0.335655 0.465021 0.338332 0.468078 0.337568
0 0.589240 0.394415 0.590117 0.385371 0.589454 0.378660 0.587834 0.373810 0.583962 0.371016 0.577517 0.370721 0.573987 0.375212 0.571879 0.383244 0.571647 0.391496 0.572839 0.398549 0.575774 0.403298 0.580020 0.404662 0.585612 0.401449
0 0.429063 0.408442 0.430182 0.403266 0.429600 0.397536 0.427149 0.394221 0.424916 0.392850 0.421677 0.393401 0.419022 0.399048 0.418854 0.405108 0.419770 0.409804 0.423295 0.412480 0.426352 0.411716
0 0.391472 0.386810 0.392592 0.381635 0.392009 0.375904 0.389559 0.372589 0.387325 0.371218 0.384087 0.371770 0.381432 0.377417 0.381264 0.383477 0.382180 0.388172 0.385705 0.390848 0.388761 0.390085
0 0.446464 0.352991 0.445166 0.348949 0.442785 0.347703 0.439900 0.347826 0.438369 0.350411 0.437745 0.354751 0.438424 0.358074 0.439650 0.360500 0.441237 0.362245 0.443589 0.362513 0.446037 0.360328 0.446608 0.356225
0 0.419601 0.182400 0.418303 0.178356 0.415922 0.177111 0.413038 0.177235 0.411506 0.179819 0.410882 0.184159 0.411561 0.187483 0.412788 0.189909 0.414375 0.191654 0.416726 0.191922 0.419175 0.189737 0.419745 0.185633
0 0.341491 0.249563 0.340192 0.245520 0.337812 0.244275 0.334927 0.244397 0.333395 0.246982 0.332771 0.251323 0.333451 0.254645 0.334677 0.257071 0.336264 0.258817 0.338616 0.259084 0.341064 0.256900 0.341635 0.252797
0 0.412443 0.000000 0.411144 0.000000 0.408764 0.000000 0.405880 0.000000 0.404347 0.000000 0.403724 0.000000 0.404403 0.000000 0.405630 0.000000 0.407217 0.000000 0.409568 0.000000 0.412017 0.000000 0.412587 0.000000
0 0.413173 0.035182 0.411874 0.031138 0.409494 0.029893 0.406609 0.030016 0.405077 0.032600 0.404454 0.036941 0.405133 0.040264 0.406359 0.042691 0.407946 0.044436 0.410298 0.044704 0.412746 0.042518 0.413317 0.038415
0 0.290642 0.000000 0.289343 0.000000 0.286963 0.000000 0.284078 0.000000 0.282546 0.000000 0.281922 0.000000 0.282602 0.000000 0.283828 0.000000 0.285415 0.000000 0.287767 0.000000 0.290215 0.000000 0.290786 0.000000
0 0.226252 0.005063 0.224953 0.001020 0.222573 0.000000 0.219688 0.000000 0.218157 0.002482 0.217533 0.006823 0.218212 0.010146 0.219438 0.012572 0.221025 0.014317 0.223377 0.014585 0.225826 0.012400 0.226396 0.008297
0 0.143053 0.000000 0.141754 0.000000 0.139374 0.000000 0.136490 0.000000 0.134957 0.000000 0.134334 0.000000 0.135013 0.000000 0.136240 0.000000 0.137827 0.000000 0.140178 0.000000 0.142627 0.000000 0.143198 0.000000
0 0.092509 0.034665 0.091210 0.030622 0.088830 0.029377 0.085946 0.029499 0.084413 0.032084 0.083790 0.036425 0.084469 0.039748 0.085696 0.042174 0.087283 0.043919 0.089634 0.044187 0.092083 0.042001 0.092653 0.037899
0 0.213330 0.423398 0.212031 0.419355 0.209651 0.418110 0.206766 0.418232 0.205234 0.420817 0.204610 0.425158 0.205289 0.428481 0.206516 0.430907 0.208103 0.432652 0.210454 0.432920 0.212903 0.430734 0.213474 0.426632
0 0.250733 0.586086 0.249434 0.582043 0.247054 0.580797 0.244170 0.580921 0.242637 0.583505 0.242013 0.587846 0.242693 0.591169 0.243919 0.593595 0.245507 0.595340 0.247857 0.595608 0.250306 0.593423 0.250877 0.589320
0 0.209548 0.812859 0.208249 0.808816 0.205869 0.807570 0.202984 0.807694 0.201453 0.810278 0.200829 0.814619 0.201508 0.817941 0.202734 0.820368 0.204321 0.822113 0.206673 0.822381 0.209121 0.820195 0.209692 0.816093
0 0.287671 0.755889 0.286373 0.751845 0.283992 0.750601 0.281108 0.750723 0.279576 0.753308 0.278952 0.757648 0.279631 0.760972 0.280858 0.763398 0.282445 0.765143 0.284796 0.765411 0.287245 0.763226 0.287815 0.759122
0 0.584703 0.706297 0.585822 0.701122 0.585240 0.695392 0.582790 0.692076 0.580555 0.690705 0.577317 0.691257 0.574662 0.696904 0.574495 0.702964 0.575411 0.707660 0.578936 0.710335 0.581992 0.709572
0 0.722963 0.217119 0.726342 0.215089 0.728947 0.209587 0.729704 0.202524 0.728621 0.196100 0.724373 0.191855 0.719235 0.192687 0.717348 0.196957 0.716380 0.204906 0.716990 0.211528 0.719392 0.216442
0 0.658256 0.282733 0.659375 0.277557 0.658792 0.271827 0.656342 0.268512 0.654108 0.267141 0.650869 0.267693 0.648215 0.273340 0.648047 0.279399 0.648963 0.284095 0.652488 0.286771 0.655544 0.286007
0 0.327708 0.358703 0.331910 0.357056 0.335237 0.350325 0.336363 0.342303 0.335121 0.335059 0.332088 0.330364 0.326844 0.328717 0.322256 0.332435 0.319729 0.337849 0.319032 0.346331 0.320736 0.354145 0.323643 0.357842
0 0.256150 0.368775 0.254851 0.364732 0.252471 0.363487 0.249586 0.363609 0.248054 0.366194 0.247430 0.370535 0.248109 0.373858 0.249336 0.376284 0.250923 0.378029 0.253274 0.378297 0.255723 0.376111 0.256294 0.372009
0 0.154744 0.733258 0.158946 0.731611 0.162272 0.724880 0.163399 0.716858 0.162157 0.709614 0.159123 0.704919 0.153879 0.703272 0.149291 0.706990 0.146764 0.712405 0.146067 0.720886 0.147772 0.728700 0.150678 0.732397
0 0.180519 0.820946 0.179220 0.816903 0.176840 0.815658 0.173955 0.815781 0.172423 0.818366 0.171800 0.822706 0.172479 0.826029 0.173705 0.828455 0.175292 0.830200 0.177644 0.830468 0.180093 0.828283 0.180663 0.824180
0 0.313129 0.542498 0.316507 0.540468 0.319112 0.534965 0.319870 0.527902 0.318786 0.521479 0.314538 0.517234 0.309399 0.518065 0.307513 0.522336 0.306546 0.530285 0.307155 0.536906 0.309557 0.541820
0 0.793363 0.002875 0.794240 0.000000 0.793577 0.000000 0.791957 0.000000 0.788085 0.000000 0.781640 0.000000 0.778110 0.000000 0.776003 0.000000 0.775770 0.000000 0.776962 0.007008 0.779897 0.011758 0.784143 0.013120 0.789735 0.009909
