0 0.669792 0.254630 0.666667 0.256481 0.664062 0.261111 0.663021 0.267593 0.664062 0.273148 0.667708 0.276852 0.672396 0.276852 0.674479 0.273148 0.675521 0.265741 0.675000 0.260185 0.672917 0.255556
0 0.650000 0.279630 0.646875 0.281481 0.644271 0.286111 0.643750 0.292593 0.644271 0.298148 0.648438 0.301852 0.653125 0.301852 0.654688 0.298148 0.655729 0.290741 0.655208 0.285185 0.653125 0.280556
0 0.701563 0.297222 0.698438 0.298148 0.695833 0.302778 0.694792 0.309259 0.695833 0.314815 0.699479 0.318519 0.704167 0.318519 0.706250 0.314815 0.707292 0.307407 0.706771 0.301852 0.704687 0.297222
0 0.702604 0.267593 0.699479 0.269444 0.697396 0.274074 0.696354 0.280556 0.697396 0.286111 0.701042 0.289815 0.705729 0.288889 0.707292 0.285185 0.708854 0.278704 0.708333 0.273148 0.706250 0.268519
0 0.608333 0.212963 0.605208 0.214815 0.602604 0.219444 0.602083 0.225926 0.602604 0.231481 0.606771 0.235185 0.611458 0.235185 0.613021 0.231481 0.614062 0.224074 0.613542 0.218519 0.611458 0.213889
0 0.664583 0.364815 0.661458 0.366667 0.658854 0.371296 0.657812 0.376852 0.658854 0.383333 0.662500 0.387037 0.667708 0.386111 0.669271 0.382407 0.670313 0.375926 0.669792 0.370370 0.667708 0.365741
0 0.699479 0.426852 0.696354 0.428704 0.693750 0.433333 0.692708 0.438889 0.693750 0.444444 0.697396 0.449074 0.702083 0.448148 0.704167 0.444444 0.705208 0.437963 0.704687 0.431481 0.702604 0.427778
0 0.641146 0.418519 0.638021 0.420370 0.635417 0.425000 0.634375 0.431481 0.635417 0.437037 0.639063 0.440741 0.643750 0.440741 0.645833 0.437037 0.646875 0.429630 0.646354 0.424074 0.644271 0.419444
0 0.615625 0.308333 0.612500 0.310185 0.609896 0.314815 0.609375 0.320370 0.609896 0.325926 0.614062 0.330556 0.618750 0.329630 0.620313 0.325926 0.621354 0.319444 0.620833 0.312963 0.618750 0.309259
0 0.565104 0.208333 0.561979 0.209259 0.559375 0.213889 0.558854 0.220370 0.559375 0.225926 0.563542 0.229630 0.568229 0.229630 0.569792 0.225926 0.570833 0.218519 0.570833 0.212963 0.568750 0.208333
0 0.700000 0.397222 0.696875 0.399074 0.694271 0.403704 0.693750 0.409259 0.694271 0.415741 0.698438 0.419444 0.703125 0.418519 0.704687 0.414815 0.705729 0.408333 0.705208 0.402778 0.703125 0.398148
0 0.518750 0.211111 0.515104 0.212963 0.513021 0.217593 0.511979 0.224074 0.513021 0.229630 0.516667 0.233333 0.521354 0.233333 0.523438 0.229630 0.524479 0.222222 0.523958 0.216667 0.521875 0.212037
0 0.537500 0.219444 0.534375 0.220370 0.531771 0.225000 0.531250 0.231481 0.531771 0.237037 0.535937 0.240741 0.540625 0.240741 0.542188 0.237037 0.543229 0.229630 0.542708 0.224074 0.540625 0.219444
0 0.524479 0.245370 0.521354 0.247222 0.518750 0.251852 0.517708 0.258333 0.518750 0.263889 0.522396 0.267593 0.527083 0.267593 0.529167 0.263889 0.530208 0.256481 0.529688 0.250926 0.527604 0.246296
0 0.524479 0.298148 0.521354 0.299074 0.518750 0.303704 0.518229 0.310185 0.518750 0.315741 0.522917 0.319444 0.527604 0.319444 0.529167 0.315741 0.530208 0.308333 0.529688 0.302778 0.527604 0.298148
0 0.682292 0.183333 0.679167 0.185185 0.677083 0.189815 0.676042 0.195370 0.677083 0.201852 0.680729 0.205556 0.685417 0.204630 0.686979 0.200926 0.688542 0.194444 0.688021 0.187963 0.685938 0.184259
0 0.667188 0.168519 0.664062 0.169444 0.661458 0.174074 0.660417 0.180556 0.661458 0.186111 0.665104 0.189815 0.669792 0.189815 0.671875 0.186111 0.672917 0.178704 0.672396 0.173148 0.670313 0.168519
0 0.726562 0.288889 0.723437 0.290741 0.720833 0.295370 0.720312 0.301852 0.720833 0.307407 0.725000 0.311111 0.729688 0.310185 0.731250 0.306481 0.732292 0.300000 0.731771 0.294444 0.729688 0.289815
0 0.742188 0.306481 0.739062 0.307407 0.736458 0.312037 0.735417 0.318519 0.736458 0.324074 0.740104 0.327778 0.745313 0.327778 0.746875 0.324074 0.747917 0.316667 0.747396 0.311111 0.745313 0.306481
0 0.757812 0.364815 0.754687 0.366667 0.752083 0.371296 0.751042 0.376852 0.752083 0.383333 0.755729 0.387037 0.760417 0.386111 0.762500 0.382407 0.763542 0.375926 0.763021 0.370370 0.760938 0.365741
0 0.751042 0.475926 0.747917 0.477778 0.745313 0.482407 0.744792 0.488889 0.745313 0.494444 0.748958 0.498148 0.754167 0.497222 0.755729 0.494444 0.756771 0.487037 0.756250 0.481481 0.754167 0.476852
0 0.707292 0.459259 0.704167 0.461111 0.701563 0.465741 0.700521 0.472222 0.701563 0.477778 0.705208 0.481481 0.709896 0.481481 0.711979 0.477778 0.713021 0.470370 0.712500 0.464815 0.710417 0.460185
0 0.737500 0.430556 0.734375 0.432407 0.732292 0.437037 0.731250 0.443519 0.732292 0.449074 0.735937 0.452778 0.740625 0.451852 0.742188 0.448148 0.743750 0.441667 0.743229 0.436111 0.741146 0.431481
0 0.762500 0.422222 0.759375 0.424074 0.756771 0.428704 0.755729 0.435185 0.756771 0.440741 0.760417 0.444444 0.765104 0.443519 0.767187 0.440741 0.768229 0.433333 0.767708 0.427778 0.765625 0.423148
0 0.784375 0.439815 0.781250 0.441667 0.778646 0.446296 0.778125 0.451852 0.778646 0.458333 0.782812 0.462037 0.787500 0.461111 0.789062 0.457407 0.790104 0.450926 0.790104 0.445370 0.788021 0.440741
0 0.865625 0.423148 0.862500 0.425000 0.859896 0.429630 0.859375 0.436111 0.859896 0.441667 0.864062 0.445370 0.868750 0.445370 0.870313 0.441667 0.871354 0.434259 0.871354 0.428704 0.868750 0.424074
0 0.824479 0.457407 0.821354 0.459259 0.818750 0.463889 0.817708 0.469444 0.818750 0.475000 0.822396 0.479630 0.827083 0.478704 0.829167 0.475000 0.830208 0.468519 0.829687 0.462037 0.827604 0.458333
0 0.858854 0.501852 0.855729 0.503704 0.853125 0.508333 0.852083 0.513889 0.853125 0.519444 0.856771 0.524074 0.861979 0.523148 0.863542 0.519444 0.864583 0.512963 0.864062 0.506481 0.861979 0.502778
0 0.889063 0.453704 0.885938 0.455556 0.883333 0.460185 0.882812 0.465741 0.883333 0.471296 0.887500 0.475926 0.892187 0.475000 0.893750 0.471296 0.894792 0.464815 0.894792 0.458333 0.892708 0.454630
0 0.907292 0.450000 0.904167 0.450926 0.901563 0.455556 0.900521 0.462037 0.901563 0.467593 0.905208 0.471296 0.909896 0.471296 0.911979 0.467593 0.913021 0.460185 0.912500 0.454630 0.910417 0.450000
0 0.823958 0.284259 0.820833 0.285185 0.818229 0.289815 0.817187 0.296296 0.818229 0.301852 0.821875 0.305556 0.826563 0.305556 0.828646 0.301852 0.829687 0.294444 0.829167 0.288889 0.827083 0.284259
0 0.852604 0.271296 0.849479 0.273148 0.846875 0.277778 0.846354 0.284259 0.846875 0.289815 0.851042 0.293519 0.855729 0.293519 0.857292 0.289815 0.858333 0.282407 0.857813 0.276852 0.855729 0.272222
0 0.901042 0.275000 0.897917 0.276852 0.895312 0.281481 0.894792 0.287037 0.895312 0.292593 0.899479 0.297222 0.904167 0.296296 0.905729 0.292593 0.906771 0.286111 0.906771 0.279630 0.904688 0.275926
0 0.926042 0.292593 0.922917 0.293519 0.920313 0.298148 0.919271 0.304630 0.920313 0.310185 0.923958 0.313889 0.928646 0.313889 0.930729 0.310185 0.931771 0.302778 0.931250 0.297222 0.929167 0.292593
0 0.903125 0.328704 0.900000 0.330556 0.897917 0.335185 0.896875 0.341667 0.897917 0.347222 0.901563 0.350926 0.906250 0.350926 0.908333 0.347222 0.909375 0.339815 0.908854 0.334259 0.906771 0.329630
0 0.881250 0.287963 0.878125 0.289815 0.875521 0.294444 0.874479 0.300926 0.875521 0.306481 0.879167 0.310185 0.883854 0.310185 0.885938 0.306481 0.886979 0.299074 0.886458 0.293519 0.884375 0.288889
0 0.946354 0.418519 0.943229 0.420370 0.941146 0.425000 0.940104 0.431481 0.941146 0.437037 0.944792 0.440741 0.949479 0.440741 0.951563 0.437037 0.952604 0.429630 0.952083 0.424074 0.950000 0.419444
0 0.893229 0.181481 0.890104 0.183333 0.887500 0.187963 0.886458 0.194444 0.887500 0.200000 0.891146 0.203704 0.895833 0.203704 0.897917 0.200000 0.898958 0.192593 0.898438 0.187037 0.896354 0.182407
0 0.948438 0.197222 0.945312 0.198148 0.942708 0.203704 0.941667 0.209259 0.942708 0.214815 0.946354 0.219444 0.951042 0.218519 0.953125 0.214815 0.954167 0.208333 0.953646 0.201852 0.951563 0.198148
0 0.945833 0.228704 0.942708 0.230556 0.940104 0.235185 0.939062 0.241667 0.940104 0.247222 0.943750 0.250926 0.948438 0.250000 0.950521 0.246296 0.951563 0.239815 0.951042 0.234259 0.948958 0.229630
0 0.931771 0.211111 0.928646 0.212963 0.926042 0.217593 0.925000 0.224074 0.926042 0.229630 0.929688 0.233333 0.934896 0.232407 0.936458 0.229630 0.937500 0.222222 0.936979 0.216667 0.934896 0.212037
0 0.891146 0.115741 0.888021 0.117593 0.885417 0.122222 0.884896 0.128704 0.885938 0.134259 0.889583 0.137963 0.894271 0.137037 0.895833 0.133333 0.896875 0.126852 0.896875 0.121296 0.896875 0.094444
0 0.893750 0.096296 0.891146 0.100926 0.890104 0.106481 0.891146 0.112963 0.894792 0.116667 0.899479 0.115741 0.901563 0.112037 0.902604 0.105556 0.902083 0.099074 0.900000 0.095370 0.867188 0.089815
0 0.864062 0.090741 0.861979 0.095370 0.860937 0.101852 0.861979 0.107407 0.865625 0.111111 0.870313 0.111111 0.872396 0.107407 0.873438 0.100000 0.872917 0.094444 0.870833 0.089815 0.969792 0.126852
0 0.966667 0.128704 0.964063 0.133333 0.963021 0.138889 0.964063 0.144444 0.967708 0.149074 0.972396 0.148148 0.974479 0.144444 0.975521 0.137963 0.975000 0.131481 0.972917 0.127778 0.981250 0.140741
0 0.977604 0.142593 0.975521 0.147222 0.974479 0.153704 0.975521 0.159259 0.979167 0.162963 0.983854 0.162963 0.985937 0.159259 0.986979 0.151852 0.986458 0.146296 0.984375 0.141667 0.957292 0.108333
0 0.954167 0.110185 0.951563 0.114815 0.951042 0.120370 0.952083 0.126852 0.955729 0.130556 0.960417 0.129630 0.961979 0.125926 0.963021 0.119444 0.963021 0.113889 0.960938 0.109259 0.977604 0.065741
0 0.974479 0.066667 0.971875 0.072222 0.971354 0.077778 0.971875 0.083333 0.976042 0.087963 0.980729 0.087037 0.982292 0.083333 0.983333 0.076852 0.983333 0.070370 0.980729 0.065741 0.855208 0.070370
0 0.852083 0.071296 0.849479 0.075926 0.848437 0.082407 0.849479 0.087963 0.853125 0.091667 0.857813 0.091667 0.859896 0.087963 0.860937 0.080556 0.860417 0.075000 0.858333 0.070370 0.853646 0.124074
0 0.850521 0.125926 0.848437 0.130556 0.847396 0.137037 0.848437 0.142593 0.852083 0.146296 0.856771 0.146296 0.858854 0.142593 0.859896 0.135185 0.859375 0.129630 0.857292 0.125000 0.739583 0.233333
0 0.736458 0.235185 0.733854 0.239815 0.732813 0.245370 0.733854 0.250926 0.737500 0.255556 0.742188 0.254630 0.744271 0.250926 0.745313 0.244444 0.744792 0.237963 0.742708 0.234259 0.699479 0.115741
0 0.696354 0.117593 0.693750 0.122222 0.692708 0.128704 0.693750 0.134259 0.697396 0.137963 0.702604 0.137963 0.704167 0.134259 0.705208 0.126852 0.704687 0.121296 0.702604 0.116667 0.716146 0.091667
0 0.713021 0.092593 0.710417 0.097222 0.709896 0.103704 0.710417 0.109259 0.714583 0.112963 0.719271 0.112963 0.720833 0.109259 0.721875 0.101852 0.721354 0.096296 0.719271 0.091667 0.707292 0.160185
0 0.704167 0.162037 0.701563 0.166667 0.700521 0.172222 0.701563 0.178704 0.705208 0.182407 0.709896 0.181481 0.711979 0.177778 0.713021 0.171296 0.712500 0.164815 0.710417 0.161111 0.625521 0.082407
0 0.622396 0.084259 0.620313 0.088889 0.619271 0.094444 0.620313 0.100926 0.623958 0.104630 0.628646 0.103704 0.630729 0.100000 0.631771 0.093519 0.631250 0.087037 0.629167 0.083333 0.597396 0.093519
0 0.594271 0.095370 0.591667 0.100000 0.591146 0.106481 0.591667 0.112037 0.595833 0.115741 0.600521 0.114815 0.602083 0.111111 0.603125 0.104630 0.603125 0.099074 0.601042 0.094444 0.603125 0.066667
0 0.600000 0.068519 0.597396 0.073148 0.596354 0.079630 0.597396 0.085185 0.601042 0.088889 0.605729 0.088889 0.607813 0.085185 0.608854 0.077778 0.608333 0.072222 0.606250 0.067593 0.686458 0.084259
0 0.683333 0.085185 0.680729 0.090741 0.680208 0.096296 0.680729 0.101852 0.684896 0.106481 0.689583 0.105556 0.691146 0.101852 0.692187 0.095370 0.691667 0.088889 0.689583 0.085185 0.701563 0.007407
0 0.698438 0.009259 0.696354 0.013889 0.695312 0.020370 0.696354 0.025926 0.700000 0.029630 0.704687 0.029630 0.706771 0.025926 0.707812 0.018519 0.707292 0.012963 0.705208 0.008333 0.685938 0.017593
0 0.682813 0.018519 0.680208 0.023148 0.679167 0.029630 0.680208 0.035185 0.683854 0.038889 0.688542 0.038889 0.690625 0.035185 0.691667 0.027778 0.691146 0.022222 0.689062 0.017593 0.625521 0.037037
0 0.622396 0.038889 0.620313 0.043519 0.619271 0.050000 0.620313 0.055556 0.623958 0.059259 0.628646 0.058333 0.630208 0.054630 0.631250 0.048148 0.631250 0.042593 0.629167 0.037963 0.566667 0.025000
0 0.563021 0.026852 0.560938 0.031481 0.559896 0.037963 0.560938 0.043519 0.564583 0.047222 0.569271 0.046296 0.571354 0.043519 0.572396 0.036111 0.571875 0.030556 0.569792 0.025926 0.590625 0.244444
0 0.587500 0.246296 0.584896 0.250926 0.583854 0.257407 0.584896 0.262963 0.588542 0.266667 0.593229 0.265741 0.595312 0.262037 0.596354 0.255556 0.595833 0.250000 0.593750 0.245370 0.576042 0.230556
0 0.572917 0.232407 0.570312 0.237037 0.569271 0.243519 0.570312 0.249074 0.573958 0.252778 0.578646 0.251852 0.580729 0.248148 0.581771 0.241667 0.581250 0.236111 0.579167 0.231481 0.491667 0.176852
0 0.488542 0.178704 0.485938 0.183333 0.484896 0.188889 0.485938 0.194444 0.489583 0.199074 0.494271 0.198148 0.496354 0.194444 0.497396 0.187963 0.496875 0.181481 0.494792 0.177778 0.493750 0.284259
0 0.490625 0.286111 0.488542 0.290741 0.487500 0.297222 0.488542 0.302778 0.492188 0.306481 0.496875 0.306481 0.498958 0.302778 0.500000 0.295370 0.499479 0.289815 0.497396 0.285185 0.533854 0.276852
0 0.530729 0.278704 0.528125 0.283333 0.527604 0.289815 0.528125 0.295370 0.532292 0.299074 0.536979 0.299074 0.538542 0.295370 0.539583 0.287963 0.539583 0.282407 0.537500 0.277778 0.456771 0.236111
0 0.453646 0.237963 0.451042 0.242593 0.450521 0.249074 0.451042 0.254630 0.455208 0.258333 0.459896 0.257407 0.461458 0.253704 0.462500 0.247222 0.462500 0.241667 0.459896 0.237037 0.446875 0.205556
0 0.443750 0.207407 0.441667 0.212037 0.440625 0.217593 0.441667 0.224074 0.445312 0.227778 0.450000 0.226852 0.451562 0.223148 0.453125 0.216667 0.452604 0.211111 0.450521 0.206481 0.406771 0.108333
0 0.403646 0.110185 0.401042 0.114815 0.400521 0.121296 0.401042 0.126852 0.405208 0.130556 0.409896 0.130556 0.411458 0.126852 0.412500 0.119444 0.411979 0.113889 0.409896 0.109259 0.413021 0.137963
0 0.409896 0.139815 0.407292 0.144444 0.406771 0.150926 0.407292 0.156481 0.411458 0.160185 0.416146 0.160185 0.417708 0.156481 0.418750 0.149074 0.418229 0.143519 0.416146 0.138889 0.489583 0.075926
0 0.486458 0.076852 0.483854 0.081481 0.482812 0.087963 0.483854 0.093519 0.487500 0.097222 0.492708 0.097222 0.494271 0.093519 0.495313 0.087037 0.494792 0.080556 0.492708 0.075926 0.507812 0.067593
0 0.504687 0.069444 0.502604 0.074074 0.501562 0.079630 0.502604 0.085185 0.506250 0.089815 0.510938 0.088889 0.512500 0.085185 0.514063 0.078704 0.513542 0.072222 0.511458 0.068519 0.495833 0.003704
0 0.494792 0.009259 0.495833 0.014815 0.499479 0.019444 0.504167 0.018519 0.506250 0.014815 0.507292 0.008333 0.506771 0.001852 0.404687 0.204630 0.401563 0.205556 0.398958 0.210185 0.397917 0.216667
0 0.398958 0.222222 0.402604 0.225926 0.407813 0.225000 0.409375 0.222222 0.410417 0.214815 0.409896 0.209259 0.407813 0.204630 0.431771 0.215741 0.428646 0.217593 0.426042 0.222222 0.425000 0.227778
0 0.426042 0.234259 0.429688 0.237963 0.434375 0.237037 0.436458 0.233333 0.437500 0.226852 0.436979 0.221296 0.434896 0.216667 0.421354 0.195370 0.418229 0.196296 0.415625 0.200926 0.414583 0.207407
0 0.415625 0.212963 0.419271 0.217593 0.423958 0.216667 0.426042 0.212963 0.427083 0.206481 0.426562 0.200000 0.424479 0.195370 0.487500 0.149074 0.484375 0.150926 0.481771 0.155556 0.480729 0.161111
0 0.481771 0.166667 0.485417 0.171296 0.490625 0.170370 0.492188 0.166667 0.493229 0.160185 0.492708 0.153704 0.490625 0.150000 0.502083 0.094444 0.498958 0.096296 0.496354 0.100926 0.495833 0.107407
0 0.496354 0.112963 0.500521 0.116667 0.505208 0.116667 0.506771 0.112963 0.507812 0.105556 0.507812 0.100000 0.505208 0.095370 0.480208 0.111111 0.477083 0.112963 0.474479 0.117593 0.473437 0.124074
0 0.474479 0.129630 0.478125 0.133333 0.482812 0.133333 0.484896 0.129630 0.485938 0.122222 0.485417 0.116667 0.483333 0.112037 0.452083 0.289815 0.448958 0.291667 0.446354 0.296296 0.445312 0.302778
0 0.446354 0.308333 0.450000 0.312037 0.454688 0.312037 0.456771 0.308333 0.457812 0.300926 0.457292 0.295370 0.455208 0.290741 0.409896 0.291667 0.406771 0.293519 0.404167 0.298148 0.403646 0.304630
0 0.404167 0.310185 0.408333 0.313889 0.413021 0.313889 0.414583 0.310185 0.415625 0.302778 0.415625 0.297222 0.413021 0.292593 0.531250 0.350000 0.528125 0.350926 0.525521 0.356481 0.524479 0.362037
0 0.525521 0.367593 0.529167 0.372222 0.533854 0.371296 0.535937 0.367593 0.536979 0.361111 0.536458 0.354630 0.534375 0.350926 0.525000 0.390741 0.521354 0.392593 0.519271 0.397222 0.518229 0.403704
0 0.519271 0.409259 0.522917 0.412963 0.527604 0.412963 0.529688 0.409259 0.530729 0.401852 0.530208 0.396296 0.528125 0.391667 0.441146 0.446296 0.438021 0.447222 0.435417 0.452778 0.434896 0.458333
0 0.435417 0.463889 0.439583 0.468519 0.444271 0.467593 0.445833 0.463889 0.446875 0.457407 0.446354 0.450926 0.444271 0.446296 0.408854 0.330556 0.405729 0.331481 0.403646 0.337037 0.402604 0.342593
0 0.403646 0.348148 0.407292 0.352778 0.411979 0.351852 0.414062 0.348148 0.415104 0.341667 0.414583 0.335185 0.412500 0.330556 0.548437 0.398148 0.545313 0.400000 0.542708 0.404630 0.541667 0.411111
0 0.542708 0.416667 0.546354 0.420370 0.551562 0.419444 0.553125 0.415741 0.554167 0.409259 0.553646 0.403704 0.551562 0.399074 0.381250 0.336111 0.378125 0.337963 0.375521 0.342593 0.374479 0.348148
0 0.375521 0.353704 0.379167 0.358333 0.384375 0.357407 0.385938 0.353704 0.386979 0.347222 0.386458 0.340741 0.384375 0.337037 0.352083 0.282407 0.348958 0.284259 0.346354 0.288889 0.345313 0.295370
0 0.346354 0.300926 0.350000 0.304630 0.354688 0.304630 0.356771 0.300926 0.357812 0.293519 0.357292 0.287963 0.355208 0.283333 0.323438 0.262037 0.320312 0.263889 0.317708 0.268519 0.316667 0.275000
0 0.317708 0.280556 0.321354 0.284259 0.326042 0.283333 0.328125 0.280556 0.329167 0.273148 0.328646 0.267593 0.326562 0.262963 0.297396 0.250926 0.294271 0.252778 0.292188 0.257407 0.291146 0.263889
0 0.292188 0.269444 0.295833 0.273148 0.300521 0.273148 0.302604 0.269444 0.303646 0.262037 0.303125 0.256481 0.301042 0.251852 0.272917 0.238889 0.269792 0.240741 0.267188 0.245370 0.266667 0.250926
0 0.267188 0.256481 0.271354 0.261111 0.276042 0.260185 0.277604 0.256481 0.278646 0.250000 0.278125 0.243519 0.276042 0.239815 0.321354 0.131481 0.318229 0.132407 0.315625 0.137963 0.314583 0.143519
0 0.315625 0.149074 0.319271 0.153704 0.324479 0.152778 0.326042 0.149074 0.327083 0.142593 0.326562 0.136111 0.324479 0.131481 0.301042 0.100000 0.297917 0.101852 0.295312 0.106481 0.294271 0.112963
0 0.295312 0.118519 0.298958 0.122222 0.303646 0.122222 0.305729 0.118519 0.306771 0.111111 0.306250 0.105556 0.304167 0.100926 0.323958 0.066667 0.320833 0.068519 0.318229 0.073148 0.317708 0.079630
0 0.318229 0.085185 0.322396 0.088889 0.327083 0.088889 0.328646 0.085185 0.329688 0.077778 0.329167 0.072222 0.327083 0.067593 0.336979 0.076852 0.333854 0.078704 0.331771 0.083333 0.330729 0.088889
0 0.331771 0.095370 0.335417 0.099074 0.340104 0.098148 0.341667 0.094444 0.343229 0.087963 0.342708 0.081481 0.340625 0.077778 0.380208 0.002778 0.381250 0.008333 0.384896 0.012037 0.389583 0.011111
0 0.391667 0.007407 0.392708 0.000926 0.461458 0.071296 0.458333 0.072222 0.455729 0.076852 0.454688 0.083333 0.455729 0.088889 0.459375 0.092593 0.463542 0.093519 0.466146 0.088889 0.467187 0.081481
0 0.466667 0.075926 0.464583 0.071296 0.228125 0.112963 0.225000 0.114815 0.222396 0.119444 0.221354 0.125926 0.222396 0.131481 0.226042 0.135185 0.230729 0.135185 0.232812 0.131481 0.233854 0.124074
0 0.233333 0.118519 0.231250 0.113889 0.192708 0.059259 0.189063 0.061111 0.186979 0.065741 0.185937 0.072222 0.186979 0.077778 0.190625 0.081481 0.195312 0.080556 0.197396 0.076852 0.198437 0.070370
0 0.197917 0.064815 0.195833 0.060185 0.157292 0.121296 0.154167 0.123148 0.151562 0.127778 0.150521 0.134259 0.151562 0.139815 0.155208 0.143519 0.159896 0.143519 0.161979 0.139815 0.163021 0.132407
0 0.162500 0.126852 0.160417 0.122222 0.127083 0.150926 0.123958 0.152778 0.121354 0.157407 0.120833 0.163889 0.121354 0.169444 0.125521 0.173148 0.130208 0.173148 0.131771 0.169444 0.132812 0.162037
0 0.132812 0.156481 0.130729 0.151852 0.123958 0.124074 0.120833 0.125926 0.118229 0.130556 0.117708 0.136111 0.118229 0.141667 0.122396 0.146296 0.127083 0.145370 0.128646 0.141667 0.129688 0.135185
0 0.129688 0.128704 0.127604 0.125000 0.145833 0.145370 0.142708 0.146296 0.140625 0.150926 0.139583 0.157407 0.140625 0.162963 0.144271 0.166667 0.148958 0.166667 0.151042 0.162963 0.152083 0.155556
0 0.151562 0.150000 0.149479 0.145370 0.160417 0.186111 0.157292 0.187037 0.154687 0.191667 0.153646 0.198148 0.154687 0.203704 0.158333 0.207407 0.163021 0.207407 0.165104 0.203704 0.166146 0.197222
0 0.165625 0.190741 0.163542 0.186111 0.109896 0.177778 0.106771 0.179630 0.104167 0.184259 0.103125 0.189815 0.104167 0.196296 0.107813 0.200000 0.112500 0.199074 0.114583 0.195370 0.115625 0.188889
0 0.115104 0.183333 0.113021 0.178704 0.188021 0.117593 0.184896 0.118519 0.182292 0.123148 0.181771 0.129630 0.182292 0.135185 0.186458 0.138889 0.191146 0.138889 0.192708 0.135185 0.193750 0.128704
0 0.193750 0.122222 0.191146 0.117593 0.146875 0.000000 0.150521 0.003704 0.155208 0.003704 0.156771 0.000000 0.230208 0.031481 0.227083 0.033333 0.224479 0.037963 0.223958 0.044444 0.224479 0.050000
0 0.228646 0.053704 0.233333 0.053704 0.234896 0.050000 0.235938 0.042593 0.235417 0.037037 0.233333 0.032407 0.193229 0.186111 0.189583 0.187037 0.187500 0.191667 0.186458 0.198148 0.187500 0.203704
0 0.191146 0.207407 0.195833 0.207407 0.197917 0.203704 0.198958 0.196296 0.198437 0.190741 0.196354 0.186111 0.092188 0.262037 0.089062 0.263889 0.086458 0.268519 0.085417 0.275000 0.086458 0.280556
0 0.090104 0.284259 0.095312 0.283333 0.096875 0.279630 0.097917 0.273148 0.097396 0.267593 0.095312 0.262963 0.132812 0.299074 0.129167 0.300926 0.127083 0.305556 0.126042 0.312037 0.127083 0.317593
0 0.130729 0.321296 0.135417 0.320370 0.137500 0.317593 0.138542 0.310185 0.138021 0.304630 0.135937 0.300000 0.179688 0.346296 0.176563 0.347222 0.173958 0.352778 0.172917 0.358333 0.173958 0.363889
0 0.177604 0.368519 0.182292 0.367593 0.184375 0.363889 0.185417 0.357407 0.184896 0.350926 0.182812 0.346296 0.111979 0.301852 0.108854 0.303704 0.106771 0.308333 0.105729 0.313889 0.106771 0.320370
0 0.110417 0.324074 0.115104 0.323148 0.117188 0.319444 0.118229 0.312963 0.117708 0.307407 0.115625 0.302778 0.088542 0.228704 0.085417 0.230556 0.082813 0.235185 0.081771 0.240741 0.082813 0.247222
0 0.086458 0.250926 0.091146 0.250000 0.093229 0.246296 0.094271 0.239815 0.093750 0.234259 0.091667 0.229630 0.225521 0.347222 0.222396 0.349074 0.219792 0.353704 0.218750 0.359259 0.219792 0.364815
0 0.223438 0.369444 0.228125 0.368519 0.230208 0.364815 0.231250 0.358333 0.230729 0.351852 0.228646 0.348148 0.246875 0.455556 0.243750 0.456481 0.241146 0.462037 0.240104 0.467593 0.241146 0.473148
0 0.244792 0.477778 0.249479 0.476852 0.251563 0.473148 0.252604 0.466667 0.252083 0.460185 0.250000 0.456481 0.270833 0.509259 0.267708 0.511111 0.265104 0.515741 0.264062 0.522222 0.265104 0.527778
0 0.268750 0.531482 0.273438 0.530556 0.275521 0.526852 0.276563 0.520370 0.276042 0.514815 0.273958 0.510185 0.314063 0.527778 0.310937 0.529630 0.308333 0.534259 0.307292 0.540741 0.308333 0.546296
0 0.311979 0.550000 0.317187 0.550000 0.318750 0.546296 0.319792 0.538889 0.319271 0.533333 0.317187 0.528704 0.129688 0.491667 0.126563 0.492593 0.123958 0.498148 0.122917 0.503704 0.123958 0.509259
0 0.127604 0.513889 0.132292 0.512963 0.134375 0.509259 0.135417 0.502778 0.134896 0.496296 0.132812 0.491667 0.146875 0.417593 0.143750 0.419444 0.141146 0.424074 0.140625 0.429630 0.141146 0.435185
0 0.145313 0.439815 0.150000 0.438889 0.151562 0.435185 0.152604 0.428704 0.152083 0.422222 0.150000 0.418519 0.067188 0.475926 0.064062 0.476852 0.061458 0.482407 0.060938 0.487963 0.061458 0.493519
0 0.065625 0.498148 0.070312 0.497222 0.071875 0.493519 0.072917 0.487037 0.072396 0.480556 0.070312 0.476852 0.079167 0.571296 0.076042 0.573148 0.073437 0.577778 0.072396 0.583333 0.073437 0.588889
0 0.077083 0.593518 0.081771 0.592593 0.083854 0.588889 0.084896 0.582407 0.084375 0.575926 0.082292 0.572222 0.232292 0.642593 0.229167 0.644444 0.226562 0.649074 0.225521 0.655556 0.226562 0.661111
0 0.230208 0.664815 0.234896 0.664815 0.236979 0.661111 0.238021 0.653704 0.237500 0.648148 0.235417 0.643519 0.185937 0.592593 0.182812 0.594444 0.180208 0.599074 0.179688 0.605556 0.180208 0.611111
0 0.184375 0.614815 0.189063 0.613889 0.190625 0.611111 0.191667 0.603704 0.191146 0.598148 0.189063 0.593518 0.201562 0.578704 0.198437 0.579630 0.196354 0.585185 0.195312 0.590741 0.196354 0.596296
0 0.200000 0.600926 0.204688 0.600000 0.206250 0.596296 0.207813 0.589815 0.207292 0.583333 0.205208 0.578704 0.051562 0.586111 0.048437 0.587963 0.046354 0.592593 0.045313 0.599074 0.046354 0.604630
0 0.050000 0.608333 0.054688 0.608333 0.056250 0.604630 0.057813 0.597222 0.057292 0.591667 0.055208 0.587037 0.063021 0.607407 0.059896 0.609259 0.057292 0.613889 0.056771 0.619444 0.057813 0.625000
0 0.061458 0.629630 0.066146 0.628704 0.067708 0.625000 0.068750 0.618519 0.068750 0.612037 0.066667 0.608333 0.145833 0.650926 0.142708 0.652778 0.140104 0.657407 0.139583 0.663889 0.140104 0.669444
0 0.144271 0.673148 0.148958 0.673148 0.150521 0.669444 0.151562 0.662037 0.151562 0.656482 0.148958 0.651852 0.167708 0.719444 0.164583 0.721296 0.161979 0.725926 0.161458 0.732407 0.161979 0.737963
0 0.166146 0.741667 0.170833 0.741667 0.172396 0.737963 0.173438 0.730556 0.173438 0.725000 0.170833 0.720370 0.205208 0.733333 0.202083 0.735185 0.199479 0.739815 0.198437 0.746296 0.199479 0.751852
0 0.203125 0.755556 0.207813 0.755556 0.209896 0.751852 0.210938 0.744444 0.210417 0.738889 0.208333 0.734259 0.166667 0.749074 0.163542 0.750926 0.160938 0.755556 0.159896 0.762037 0.160938 0.767593
0 0.164583 0.771296 0.169271 0.771296 0.171354 0.767593 0.172396 0.760185 0.171875 0.754630 0.169792 0.750000 0.063542 0.679630 0.060417 0.681481 0.057813 0.686111 0.056771 0.692593 0.057813 0.698148
0 0.061458 0.700926 0.066146 0.701852 0.068229 0.698148 0.069271 0.690741 0.068750 0.685185 0.066667 0.680556 0.253646 0.735185 0.250521 0.737037 0.248437 0.741667 0.247396 0.748148 0.248437 0.753704
0 0.252083 0.756481 0.256771 0.756481 0.258854 0.752778 0.259896 0.746296 0.259375 0.740741 0.257292 0.736111 0.300000 0.636111 0.296875 0.637963 0.294271 0.642593 0.293229 0.649074 0.294271 0.654630
0 0.298438 0.657407 0.303125 0.657407 0.304688 0.653704 0.305729 0.647222 0.305208 0.641667 0.303125 0.637037 0.326042 0.617593 0.322917 0.619444 0.320312 0.624074 0.319792 0.630556 0.320312 0.636111
0 0.324479 0.638889 0.329167 0.639815 0.330729 0.636111 0.331771 0.628704 0.331771 0.623148 0.329688 0.618519 0.318750 0.653704 0.315625 0.655556 0.313021 0.660185 0.311979 0.666667 0.313021 0.672222
0 0.316667 0.675000 0.321354 0.675926 0.323438 0.672222 0.324479 0.664815 0.323958 0.659259 0.321875 0.654630 0.182292 0.631481 0.179167 0.632407 0.176563 0.637037 0.176042 0.643519 0.176563 0.649074
0 0.180729 0.652778 0.185417 0.652778 0.186979 0.649074 0.188021 0.641667 0.188021 0.636111 0.185417 0.631481 0.356771 0.666667 0.353646 0.668519 0.351042 0.673148 0.350000 0.679630 0.351042 0.685185
0 0.354688 0.687963 0.359375 0.688889 0.361458 0.685185 0.362500 0.677778 0.361979 0.672222 0.359896 0.667593 0.358333 0.625926 0.355208 0.627778 0.353125 0.632407 0.352083 0.637963 0.353125 0.644444
0 0.356771 0.647222 0.361458 0.647222 0.363542 0.643519 0.364583 0.637037 0.364062 0.631481 0.361979 0.626852 0.346875 0.611111 0.343750 0.612037 0.341146 0.616667 0.340104 0.623148 0.341146 0.628704
0 0.345313 0.632407 0.349479 0.632407 0.351562 0.628704 0.352604 0.621296 0.352083 0.615741 0.350000 0.611111 0.331771 0.688889 0.328646 0.689815 0.326042 0.694444 0.325000 0.700926 0.326042 0.706481
0 0.329688 0.710185 0.334375 0.710185 0.336458 0.706481 0.337500 0.699074 0.336979 0.693519 0.334896 0.688889 0.378646 0.588889 0.375521 0.590741 0.372917 0.595370 0.371875 0.601852 0.372917 0.607407
0 0.377083 0.610185 0.381771 0.611111 0.383333 0.607407 0.384375 0.600000 0.383854 0.594444 0.381771 0.589815 0.086979 0.683333 0.083854 0.685185 0.081771 0.689815 0.080729 0.696296 0.081771 0.701852
0 0.085417 0.704630 0.090104 0.705556 0.092188 0.701852 0.093229 0.694444 0.092708 0.688889 0.090625 0.684259 0.406250 0.628704 0.403125 0.629630 0.400521 0.634259 0.399479 0.640741 0.400521 0.646296
0 0.404167 0.650000 0.408854 0.650000 0.410937 0.646296 0.411979 0.638889 0.411458 0.633333 0.409375 0.628704 0.429167 0.674074 0.426042 0.675926 0.423438 0.680556 0.422396 0.687037 0.423438 0.692593
0 0.427604 0.695370 0.432292 0.696296 0.433854 0.692593 0.434896 0.685185 0.434375 0.679630 0.432292 0.675000 0.445833 0.628704 0.442708 0.630556 0.440104 0.635185 0.439583 0.641667 0.440104 0.647222
0 0.444271 0.650000 0.448958 0.650926 0.450521 0.647222 0.451562 0.639815 0.451042 0.634259 0.448958 0.629630 0.410937 0.590741 0.407813 0.592593 0.405208 0.597222 0.404687 0.603704 0.405208 0.609259
0 0.409375 0.612037 0.414062 0.612037 0.415625 0.608333 0.416667 0.601852 0.416667 0.596296 0.414583 0.591667 0.362500 0.462963 0.359375 0.464815 0.356771 0.469444 0.356250 0.475000 0.356771 0.480556
0 0.360938 0.484259 0.365625 0.484259 0.367188 0.480556 0.368229 0.474074 0.368229 0.467593 0.366146 0.463889 0.553646 0.620370 0.550521 0.621296 0.547917 0.626852 0.547396 0.632407 0.547917 0.637963
0 0.552083 0.641667 0.556771 0.641667 0.558333 0.637963 0.559375 0.631481 0.558854 0.625000 0.556771 0.621296 0.356771 0.760185 0.353646 0.762037 0.351562 0.766667 0.350521 0.773148 0.351562 0.778704
0 0.355208 0.781482 0.359896 0.782407 0.361458 0.778704 0.363021 0.771296 0.362500 0.765741 0.360417 0.761111 0.514063 0.787037 0.510938 0.788889 0.508333 0.793519 0.507812 0.799074 0.508333 0.804630
0 0.512500 0.808333 0.517187 0.808333 0.518750 0.804630 0.519792 0.798148 0.519792 0.791667 0.517708 0.787963 0.496875 0.669444 0.493750 0.671296 0.491146 0.675926 0.490104 0.681481 0.491146 0.687963
0 0.494792 0.690741 0.499479 0.690741 0.501562 0.687037 0.502604 0.680556 0.502083 0.675000 0.500000 0.670370 0.576042 0.664815 0.572917 0.665741 0.570312 0.670370 0.569271 0.676852 0.570312 0.682407
0 0.574479 0.686111 0.578646 0.686111 0.580729 0.682407 0.581771 0.675000 0.581250 0.669444 0.579167 0.664815 0.541667 0.640741 0.538542 0.642593 0.535937 0.647222 0.535417 0.653704 0.535937 0.659259
0 0.540104 0.662963 0.544792 0.662963 0.546354 0.659259 0.547396 0.651852 0.546875 0.646296 0.544792 0.641667 0.552604 0.592593 0.548958 0.593518 0.546875 0.598148 0.545833 0.604630 0.546875 0.610185
0 0.550521 0.613889 0.555208 0.613889 0.557292 0.610185 0.558333 0.602778 0.557813 0.597222 0.555729 0.592593 0.502604 0.510185 0.499479 0.512037 0.497396 0.516667 0.496354 0.522222 0.497396 0.527778
0 0.501042 0.531482 0.505729 0.531482 0.507292 0.527778 0.508854 0.521296 0.508333 0.514815 0.506250 0.511111 0.568750 0.701852 0.565625 0.703704 0.563021 0.708333 0.561979 0.713889 0.563021 0.720370
0 0.566667 0.723148 0.571354 0.723148 0.573438 0.719444 0.574479 0.712963 0.573958 0.707407 0.571875 0.702778 0.398958 0.470370 0.395833 0.471296 0.393750 0.475926 0.392708 0.482407 0.393750 0.487963
0 0.397396 0.491667 0.402083 0.491667 0.404167 0.487963 0.405208 0.480556 0.404687 0.475000 0.402604 0.470370 0.580208 0.757407 0.577083 0.759259 0.574479 0.763889 0.573958 0.770370 0.574479 0.775926
0 0.578646 0.778704 0.583333 0.779630 0.584896 0.775926 0.585938 0.768519 0.585417 0.762963 0.583333 0.758333 0.594271 0.767593 0.591146 0.769444 0.588542 0.774074 0.587500 0.780556 0.588542 0.786111
0 0.592188 0.788889 0.596875 0.789815 0.598958 0.786111 0.600000 0.778704 0.599479 0.773148 0.597396 0.768519 0.559896 0.809259 0.556771 0.811111 0.554688 0.815741 0.553646 0.822222 0.554688 0.827778
0 0.558333 0.830556 0.563021 0.831481 0.565104 0.827778 0.566146 0.820370 0.565625 0.814815 0.563542 0.810185 0.556771 0.785185 0.553646 0.787037 0.551562 0.791667 0.550521 0.798148 0.551562 0.803704
0 0.555208 0.806481 0.559896 0.806481 0.561458 0.802778 0.563021 0.796296 0.562500 0.790741 0.560417 0.786111 0.535417 0.826852 0.532292 0.827778 0.529688 0.833333 0.528646 0.838889 0.529688 0.844444
0 0.533854 0.848148 0.538021 0.848148 0.540104 0.844444 0.541146 0.837963 0.540625 0.831481 0.538542 0.826852 0.502604 0.812037 0.499479 0.813889 0.496875 0.818519 0.496354 0.824074 0.496875 0.830556
0 0.501042 0.832407 0.505729 0.833333 0.507292 0.829630 0.508333 0.823148 0.507812 0.816667 0.505729 0.812963 0.613542 0.707407 0.610417 0.709259 0.607813 0.713889 0.606771 0.720370 0.607813 0.725926
0 0.611979 0.727778 0.616146 0.729630 0.618229 0.725926 0.619271 0.718518 0.618750 0.712963 0.616667 0.708333 0.639063 0.630556 0.635938 0.631481 0.633333 0.636111 0.632812 0.642593 0.633333 0.648148
0 0.637500 0.650926 0.642187 0.651852 0.643750 0.648148 0.644792 0.640741 0.644792 0.635185 0.642708 0.630556 0.607813 0.747222 0.604688 0.748148 0.602083 0.752778 0.601562 0.759259 0.602083 0.764815
0 0.606250 0.768519 0.610937 0.768519 0.612500 0.764815 0.613542 0.757407 0.613542 0.751852 0.611458 0.747222 0.635417 0.790741 0.632292 0.792593 0.629687 0.797222 0.629167 0.802778 0.629687 0.809259
0 0.633854 0.812963 0.638542 0.812037 0.640104 0.808333 0.641146 0.801852 0.640625 0.796296 0.638542 0.791667 0.652083 0.787037 0.648958 0.788889 0.646354 0.793519 0.645312 0.800000 0.646354 0.805556
0 0.650521 0.809259 0.655208 0.808333 0.656771 0.805556 0.657812 0.798148 0.657292 0.792593 0.655208 0.787963 0.680729 0.688889 0.677604 0.690741 0.675521 0.695370 0.674479 0.700926 0.675521 0.707407
0 0.679167 0.711111 0.683854 0.710185 0.685417 0.706481 0.686979 0.700000 0.686458 0.694444 0.684375 0.689815 0.646354 0.669444 0.643229 0.671296 0.640625 0.675926 0.639583 0.682407 0.640625 0.687963
0 0.644792 0.691667 0.648958 0.690741 0.651042 0.687963 0.652083 0.680556 0.651563 0.675000 0.649479 0.670370 0.680729 0.662963 0.677604 0.664815 0.675000 0.669444 0.674479 0.675000 0.675000 0.681481
0 0.679167 0.685185 0.683854 0.684259 0.685417 0.680556 0.686458 0.674074 0.685938 0.668519 0.683854 0.663889 0.719792 0.814815 0.716667 0.816667 0.714063 0.821296 0.713542 0.826852 0.714063 0.833333
0 0.718229 0.837037 0.722917 0.836111 0.724479 0.832407 0.725521 0.825926 0.725521 0.820370 0.723437 0.815741 0.690625 0.782407 0.686979 0.784259 0.684896 0.788889 0.683854 0.795370 0.684896 0.800926
0 0.688542 0.804630 0.693229 0.803704 0.695312 0.800926 0.696354 0.793519 0.695833 0.787963 0.693750 0.783333 0.830729 0.783333 0.827604 0.785185 0.825000 0.789815 0.824479 0.796296 0.825000 0.801852
0 0.829167 0.805556 0.833854 0.804630 0.835417 0.801852 0.836458 0.794444 0.836458 0.788889 0.833854 0.784259 0.838542 0.726852 0.835417 0.728704 0.832812 0.733333 0.831771 0.739815 0.832812 0.745370
0 0.836979 0.749074 0.841667 0.749074 0.843229 0.745370 0.844271 0.737963 0.843750 0.732407 0.841667 0.727778 0.865104 0.788889 0.861979 0.790741 0.859375 0.795370 0.858854 0.801852 0.859375 0.807407
0 0.863542 0.811111 0.868229 0.810185 0.869792 0.807407 0.870833 0.800000 0.870313 0.794444 0.868229 0.789815 0.854688 0.858333 0.851562 0.860185 0.848958 0.864815 0.847917 0.870370 0.848958 0.875926
0 0.853125 0.880556 0.857813 0.879630 0.859375 0.875926 0.860417 0.869444 0.859896 0.862963 0.857813 0.859259 0.909375 0.725000 0.906250 0.726852 0.903646 0.731481 0.903125 0.737963 0.904167 0.743519
0 0.907812 0.747222 0.912500 0.746296 0.914062 0.743519 0.915104 0.736111 0.915104 0.730556 0.913021 0.725926 0.896354 0.900000 0.893229 0.901852 0.890625 0.906482 0.889583 0.912963 0.890625 0.918519
0 0.894792 0.922222 0.898958 0.921296 0.901042 0.918519 0.902083 0.911111 0.901563 0.905556 0.899479 0.900926 0.865104 0.713889 0.861979 0.715741 0.859896 0.720370 0.858854 0.725926 0.859896 0.732407
0 0.863542 0.735185 0.868229 0.735185 0.869792 0.731481 0.870833 0.725000 0.870833 0.718518 0.868750 0.714815 0.900000 0.637963 0.896875 0.639815 0.894271 0.644444 0.893750 0.650926 0.894271 0.656482
0 0.898438 0.660185 0.903125 0.660185 0.904688 0.656482 0.905729 0.649074 0.905729 0.643519 0.903646 0.638889 0.861458 0.554630 0.858333 0.556481 0.855729 0.561111 0.854688 0.566667 0.855729 0.572222
0 0.859896 0.575926 0.864062 0.575926 0.866146 0.572222 0.867188 0.565741 0.866667 0.559259 0.864583 0.555556 0.788021 0.664815 0.784896 0.665741 0.782292 0.671296 0.781250 0.676852 0.782292 0.682407
0 0.786458 0.686111 0.790625 0.686111 0.792708 0.682407 0.793750 0.675926 0.793229 0.669444 0.791146 0.665741 0.940104 0.562037 0.936979 0.563889 0.934375 0.568519 0.933854 0.575000 0.934375 0.580556
0 0.938542 0.584259 0.943229 0.584259 0.944792 0.580556 0.945833 0.573148 0.945312 0.567593 0.943229 0.562963 0.914062 0.623148 0.910937 0.625000 0.908333 0.629630 0.907292 0.635185 0.908333 0.640741
0 0.912500 0.644444 0.916667 0.644444 0.918750 0.640741 0.919271 0.634259 0.919271 0.627778 0.917188 0.624074 0.922396 0.663889 0.919271 0.665741 0.916667 0.670370 0.916146 0.675926 0.916667 0.681481
0 0.920833 0.685185 0.925521 0.685185 0.927083 0.681481 0.927604 0.675000 0.927604 0.668519 0.925521 0.664815 0.921354 0.540741 0.918229 0.542593 0.916146 0.547222 0.915104 0.553704 0.916146 0.559259
0 0.919792 0.562963 0.924479 0.562037 0.926042 0.558333 0.927083 0.551852 0.927083 0.546296 0.925000 0.541667 0.714063 0.714815 0.710938 0.715741 0.708854 0.721296 0.707812 0.726852 0.708854 0.732407
0 0.712500 0.736111 0.717188 0.736111 0.718750 0.732407 0.719792 0.725000 0.719792 0.719444 0.717708 0.714815 0.563021 0.679630 0.559896 0.681481 0.557292 0.686111 0.556250 0.692593 0.557292 0.698148
0 0.561458 0.701852 0.565625 0.700926 0.567708 0.698148 0.568229 0.690741 0.568229 0.685185 0.566146 0.680556 0.516667 0.444444 0.513542 0.446296 0.511458 0.450926 0.510417 0.457407 0.511458 0.462963
0 0.515104 0.466667 0.519792 0.465741 0.521354 0.462037 0.522396 0.455556 0.522396 0.450000 0.520312 0.445370 0.485938 0.411111 0.482812 0.412037 0.480208 0.416667 0.479688 0.423148 0.480208 0.427778
0 0.486979 0.428704 0.490104 0.425926 0.491146 0.420370 0.491146 0.415741 0.489062 0.411111 0.631250 0.455556 0.628125 0.457407 0.626042 0.462037 0.625000 0.468519 0.626042 0.474074 0.629687 0.477778
0 0.634375 0.477778 0.635938 0.474074 0.636979 0.466667 0.636979 0.461111 0.634896 0.456481 0.671354 0.412037 0.668229 0.413889 0.665625 0.418519 0.664583 0.424074 0.665625 0.429630 0.669792 0.433333
0 0.673958 0.433333 0.675521 0.429630 0.676562 0.423148 0.676562 0.416667 0.674479 0.412963 0.734375 0.335185 0.730729 0.337037 0.727604 0.342593 0.726042 0.349074 0.727083 0.355556 0.729688 0.360185
0 0.734896 0.362037 0.739062 0.358333 0.741667 0.353704 0.742188 0.346296 0.740625 0.339815 0.738542 0.336111 0.761458 0.275000 0.757812 0.275926 0.754687 0.281481 0.753125 0.288889 0.754167 0.295370
0 0.756771 0.299074 0.761458 0.300926 0.766146 0.298148 0.768229 0.293519 0.769271 0.286111 0.767708 0.278704 0.765104 0.275926 0.785417 0.229630 0.781250 0.230556 0.778125 0.236111 0.777083 0.243519
0 0.778125 0.250000 0.780729 0.253704 0.785417 0.255556 0.789583 0.252778 0.792188 0.248148 0.793229 0.240741 0.791667 0.234259 0.789062 0.230556 0.664583 0.335185 0.660417 0.336111 0.657292 0.342593
0 0.656250 0.349074 0.657292 0.355556 0.659896 0.360185 0.664583 0.361111 0.668750 0.358333 0.671354 0.353704 0.672396 0.346296 0.670833 0.339815 0.668229 0.336111 0.796875 0.356481 0.792708 0.358333
0 0.789583 0.363889 0.788542 0.371296 0.789583 0.377778 0.792188 0.381481 0.796875 0.383333 0.801042 0.380556 0.803646 0.375926 0.804688 0.368519 0.803125 0.361111 0.800521 0.357407
0 0.795313 0.410185 0.791146 0.411111 0.788021 0.416667 0.786979 0.424074 0.788021 0.430556 0.790625 0.434259 0.795313 0.436111 0.799479 0.433333 0.802083 0.428704 0.802604 0.421296 0.801562 0.413889
0 0.798958 0.411111 0.810938 0.430556 0.807292 0.432407 0.803646 0.437963 0.802604 0.445370 0.803646 0.450926 0.806250 0.455556 0.810938 0.457407 0.815625 0.454630 0.817708 0.450000 0.818229 0.443519
0 0.817187 0.435185 0.814583 0.431481 0.805729 0.477778 0.801562 0.479630 0.798437 0.485185 0.797396 0.491667 0.798437 0.498148 0.801042 0.502778 0.805729 0.504630 0.809896 0.500926 0.812500 0.496296 0.813542 0.488889
0 0.811979 0.482407 0.809375 0.478704 0.854167 0.400926 0.850000 0.401852 0.846875 0.407407 0.845833 0.414815 0.846875 0.421296 0.849479 0.425000 0.854167 0.426852 0.858333 0.424074 0.860937 0.419444 0.861979 0.412037
0 0.860417 0.404630 0.857813 0.401852 0.860417 0.313889 0.856771 0.315741 0.853646 0.321296 0.852083 0.327778 0.853125 0.334259 0.855729 0.338889 0.860937 0.340741 0.865104 0.337037 0.867188 0.332407 0.868229 0.325000
0 0.866667 0.318519 0.864062 0.314815 0.888021 0.354630 0.884375 0.355556 0.881250 0.361111 0.879687 0.368519 0.880729 0.375000 0.883333 0.378704 0.888542 0.380556 0.892708 0.377778 0.895312 0.373148 0.895833 0.365741
0 0.894271 0.358333 0.892187 0.355556 0.920313 0.394444 0.916667 0.395370 0.913542 0.401852 0.911979 0.408333 0.913021 0.414815 0.915625 0.419444 0.920833 0.421296 0.925000 0.417593 0.927083 0.412963 0.928125 0.405556
0 0.926562 0.399074 0.923958 0.395370 0.927083 0.422222 0.922917 0.423148 0.919792 0.429630 0.918750 0.436111 0.919792 0.442593 0.922396 0.447222 0.927083 0.449074 0.931250 0.445370 0.933854 0.440741 0.934375 0.433333
0 0.933333 0.426852 0.930729 0.423148 0.940625 0.352778 0.936979 0.354630 0.933854 0.360185 0.932292 0.366667 0.933333 0.373148 0.935938 0.377778 0.941146 0.379630 0.945312 0.375926 0.947917 0.371296 0.948438 0.363889
0 0.946875 0.357407 0.944271 0.353704 0.955208 0.375926 0.951042 0.377778 0.947917 0.383333 0.946875 0.389815 0.947917 0.396296 0.950521 0.400926 0.955208 0.402778 0.959375 0.399074 0.961979 0.394444 0.963021 0.387037
0 0.961458 0.380556 0.958854 0.376852 0.927604 0.476852 0.923437 0.477778 0.920313 0.484259 0.919271 0.490741 0.920313 0.497222 0.922917 0.501852 0.927604 0.502778 0.931771 0.500000 0.934375 0.495370 0.935417 0.487963
0 0.933854 0.481481 0.931250 0.477778 0.826042 0.421296 0.822396 0.423148 0.818750 0.428704 0.817708 0.435185 0.818750 0.441667 0.821354 0.446296 0.826042 0.448148 0.830729 0.444444 0.832812 0.439815 0.833854 0.432407
0 0.832292 0.425926 0.829687 0.422222 0.890104 0.493519 0.886458 0.494444 0.883333 0.500000 0.881771 0.507407 0.882812 0.513889 0.885417 0.517593 0.890625 0.519444 0.894792 0.516667 0.897396 0.512037 0.897917 0.504630
0 0.896354 0.497222 0.893750 0.494444 0.832812 0.344444 0.828646 0.346296 0.825521 0.351852 0.824479 0.358333 0.825521 0.364815 0.828125 0.369444 0.832812 0.371296 0.836979 0.367593 0.839583 0.362963 0.840625 0.355556
0 0.839063 0.349074 0.836458 0.345370 0.848958 0.227778 0.844792 0.228704 0.841667 0.235185 0.840625 0.241667 0.841667 0.248148 0.844271 0.252778 0.848958 0.253704 0.853125 0.250926 0.855729 0.246296 0.856250 0.238889
0 0.855208 0.232407 0.852604 0.228704 0.955729 0.166667 0.952083 0.167593 0.948958 0.173148 0.947396 0.180556 0.948438 0.187037 0.951563 0.190741 0.956250 0.192593 0.960417 0.189815 0.963021 0.185185 0.963542 0.177778
0 0.962500 0.170370 0.959896 0.167593 0.899479 0.054630 0.895833 0.056481 0.892708 0.062037 0.891146 0.069444 0.892187 0.075926 0.894792 0.079630 0.899479 0.081481 0.904167 0.078704 0.906250 0.074074 0.907292 0.066667
0 0.905729 0.059259 0.903125 0.055556 0.740625 0.075000 0.736458 0.075926 0.733333 0.082407 0.732292 0.088889 0.732813 0.095370 0.735937 0.100000 0.740625 0.100926 0.744792 0.098148 0.747396 0.093519 0.747917 0.086111
0 0.746875 0.079630 0.744271 0.075926 0.732292 0.019444 0.728125 0.020370 0.725000 0.025926 0.723958 0.033333 0.725000 0.039815 0.727604 0.044444 0.732292 0.045370 0.736458 0.042593 0.739062 0.037963 0.740104 0.030556
0 0.738542 0.024074 0.735937 0.020370 0.665625 0.216667 0.661458 0.217593 0.658333 0.223148 0.657292 0.230556 0.658333 0.237037 0.660937 0.241667 0.665625 0.242593 0.669792 0.239815 0.672396 0.235185 0.673437 0.227778
0 0.671875 0.221296 0.669271 0.217593 0.681250 0.047222 0.677604 0.048148 0.673958 0.053704 0.672917 0.061111 0.673958 0.067593 0.676562 0.071296 0.681250 0.073148 0.685938 0.070370 0.688021 0.065741 0.689062 0.058333
0 0.687500 0.050926 0.684896 0.048148 0.637500 0.061111 0.633333 0.062037 0.630208 0.067593 0.629167 0.075000 0.630208 0.081481 0.632812 0.085185 0.637500 0.087037 0.641667 0.084259 0.644271 0.079630 0.645312 0.072222
0 0.643750 0.064815 0.641146 0.062037 0.550521 0.263889 0.546354 0.264815 0.543229 0.270370 0.542188 0.277778 0.543229 0.284259 0.545833 0.287963 0.550521 0.289815 0.554688 0.287037 0.557292 0.282407 0.558333 0.275000
0 0.556771 0.267593 0.554167 0.264815 0.514583 0.125000 0.510938 0.126852 0.507812 0.132407 0.506250 0.138889 0.507292 0.145370 0.509896 0.150000 0.515104 0.151852 0.519271 0.148148 0.521875 0.143519 0.522396 0.136111
0 0.520833 0.129630 0.518229 0.125926 0.538542 0.142593 0.534896 0.143519 0.531250 0.149074 0.530208 0.156481 0.531250 0.162963 0.533854 0.166667 0.538542 0.168519 0.543229 0.165741 0.545313 0.161111 0.546354 0.153704
0 0.544792 0.146296 0.542188 0.143519 0.468229 0.090741 0.464063 0.091667 0.460938 0.097222 0.459896 0.104630 0.460938 0.111111 0.463542 0.114815 0.468229 0.116667 0.472396 0.113889 0.475000 0.109259 0.476042 0.101852
0 0.474479 0.094444 0.471875 0.091667 0.409896 0.037963 0.405729 0.038889 0.402604 0.044444 0.401563 0.051852 0.402604 0.058333 0.405208 0.062037 0.409896 0.063889 0.414062 0.061111 0.416667 0.056481 0.417708 0.049074
0 0.416146 0.041667 0.413542 0.038889 0.437500 0.185185 0.433333 0.186111 0.430208 0.191667 0.429167 0.199074 0.429688 0.205556 0.432813 0.209259 0.437500 0.211111 0.441667 0.208333 0.444271 0.203704 0.444792 0.196296
0 0.443750 0.188889 0.441146 0.186111 0.486458 0.242593 0.482812 0.243519 0.479688 0.249074 0.478125 0.256481 0.479167 0.262963 0.481771 0.266667 0.486979 0.268519 0.491146 0.265741 0.493229 0.261111 0.494271 0.253704
0 0.492708 0.246296 0.490104 0.243519 0.439583 0.050000 0.435937 0.050926 0.432813 0.057407 0.431250 0.063889 0.432292 0.070370 0.434896 0.075000 0.439583 0.075926 0.444271 0.073148 0.446354 0.068519 0.447396 0.061111
0 0.445833 0.054630 0.443229 0.050926 0.494792 0.322222 0.491146 0.323148 0.488021 0.329630 0.486979 0.336111 0.487500 0.342593 0.490625 0.347222 0.495313 0.348148 0.499479 0.345370 0.502083 0.340741 0.502604 0.333333
0 0.501562 0.326852 0.498958 0.323148 0.375521 0.236111 0.371354 0.237963 0.368229 0.243519 0.367188 0.250000 0.367708 0.256481 0.370833 0.261111 0.375521 0.262963 0.379687 0.259259 0.382292 0.254630 0.382812 0.247222
0 0.381771 0.240741 0.379167 0.237037 0.382292 0.274074 0.378125 0.275000 0.375000 0.281481 0.373958 0.287963 0.375000 0.294444 0.377604 0.299074 0.382292 0.300000 0.386458 0.297222 0.389062 0.292593 0.390104 0.285185
0 0.388542 0.278704 0.385938 0.275000 0.416146 0.362037 0.412500 0.362963 0.409375 0.369444 0.407813 0.375926 0.408854 0.382407 0.411458 0.387037 0.416667 0.387963 0.420833 0.385185 0.423438 0.380556 0.423958 0.373148
0 0.422396 0.366667 0.419792 0.362963 0.403646 0.414815 0.399479 0.415741 0.396354 0.422222 0.395312 0.428704 0.396354 0.435185 0.398958 0.439815 0.403646 0.441667 0.407813 0.437963 0.410417 0.433333 0.410937 0.425926
0 0.409896 0.419444 0.407292 0.415741 0.380729 0.418519 0.376563 0.420370 0.373437 0.425926 0.372396 0.432407 0.372917 0.438889 0.376042 0.443519 0.380729 0.445370 0.384896 0.441667 0.387500 0.437037 0.388021 0.429630
0 0.386979 0.423148 0.384375 0.419444 0.413542 0.453704 0.409375 0.454630 0.406250 0.461111 0.405208 0.467593 0.406250 0.474074 0.408854 0.478704 0.413542 0.480556 0.417708 0.476852 0.420312 0.472222 0.421354 0.464815
0 0.419792 0.458333 0.417188 0.454630 0.417188 0.484259 0.413021 0.486111 0.409896 0.491667 0.408854 0.499074 0.409896 0.505556 0.412500 0.509259 0.417188 0.511111 0.421354 0.508333 0.423958 0.503704 0.425000 0.496296
0 0.423438 0.488889 0.420833 0.485185 0.378646 0.452778 0.374479 0.453704 0.371354 0.460185 0.370313 0.466667 0.371354 0.473148 0.373958 0.477778 0.378646 0.479630 0.382812 0.475926 0.385417 0.471296 0.386458 0.463889
0 0.384896 0.457407 0.382292 0.453704 0.346875 0.477778 0.343229 0.479630 0.339583 0.485185 0.338542 0.491667 0.339583 0.498148 0.342187 0.502778 0.346875 0.504630 0.351562 0.500926 0.353646 0.496296 0.354688 0.488889
0 0.353125 0.482407 0.350521 0.478704 0.490104 0.549074 0.486458 0.550000 0.483333 0.556481 0.482292 0.562963 0.482812 0.569444 0.485938 0.574074 0.490625 0.575000 0.494792 0.572222 0.497396 0.567593 0.497917 0.560185
0 0.496875 0.553704 0.494271 0.550000 0.492188 0.387037 0.488021 0.387963 0.484896 0.393519 0.483854 0.400926 0.484896 0.407407 0.487500 0.411111 0.492188 0.412963 0.496354 0.410185 0.498958 0.405556 0.500000 0.398148
0 0.498437 0.390741 0.495833 0.387963 0.572917 0.380556 0.569271 0.381481 0.566146 0.387037 0.564583 0.394444 0.565625 0.400926 0.568229 0.404630 0.573438 0.406481 0.577604 0.403704 0.580208 0.399074 0.580729 0.391667
0 0.579167 0.384259 0.577083 0.381481 0.610937 0.400000 0.607292 0.400926 0.604167 0.406481 0.602604 0.413889 0.603646 0.420370 0.606771 0.424074 0.611458 0.425926 0.615625 0.423148 0.618229 0.418519 0.618750 0.411111
0 0.617708 0.403704 0.615104 0.400926 0.595833 0.334259 0.592188 0.336111 0.589063 0.341667 0.587500 0.348148 0.588542 0.354630 0.591146 0.359259 0.595833 0.361111 0.600521 0.357407 0.602604 0.352778 0.603646 0.345370
0 0.602083 0.338889 0.599479 0.335185 0.678646 0.487037 0.674479 0.488889 0.671354 0.494444 0.670313 0.500926 0.671354 0.507407 0.673958 0.512037 0.678646 0.513889 0.682813 0.510185 0.685417 0.505556 0.686458 0.498148
0 0.684896 0.491667 0.682292 0.487963 0.706771 0.560185 0.702604 0.562037 0.699479 0.567593 0.698438 0.574074 0.699479 0.580556 0.702083 0.585185 0.706771 0.587037 0.711458 0.583333 0.713542 0.578704 0.714583 0.571296
0 0.713021 0.564815 0.710417 0.561111 0.730208 0.487963 0.726562 0.488889 0.723437 0.495370 0.721875 0.501852 0.722917 0.508333 0.725521 0.512963 0.730729 0.513889 0.734896 0.511111 0.737500 0.506481 0.738021 0.499074
0 0.736458 0.492593 0.734375 0.488889 0.631250 0.272222 0.627604 0.274074 0.623958 0.279630 0.622917 0.287037 0.623958 0.293519 0.626562 0.297222 0.631250 0.299074 0.635938 0.296296 0.638021 0.291667 0.639063 0.284259
0 0.637500 0.276852 0.634896 0.273148 0.620833 0.412037 0.617188 0.412963 0.614062 0.419444 0.612500 0.425926 0.613542 0.432407 0.616146 0.437037 0.621354 0.437963 0.625521 0.435185 0.628125 0.430556 0.628646 0.423148
0 0.627083 0.416667 0.624479 0.412963 0.827083 0.565741 0.822917 0.566667 0.819792 0.572222 0.818750 0.579630 0.819792 0.586111 0.822396 0.589815 0.827083 0.591667 0.831250 0.588889 0.833854 0.584259 0.834896 0.576852
0 0.833333 0.569444 0.830729 0.566667 0.848437 0.572222 0.844792 0.574074 0.841667 0.579630 0.840625 0.587037 0.841146 0.592593 0.844271 0.597222 0.848958 0.599074 0.853125 0.596296 0.855729 0.591667 0.856250 0.584259
0 0.855208 0.576852 0.852604 0.573148 0.874479 0.605556 0.870313 0.606481 0.867188 0.612037 0.866146 0.619444 0.866667 0.625926 0.869792 0.629630 0.874479 0.631481 0.878646 0.628704 0.881250 0.624074 0.881771 0.616667
0 0.880729 0.609259 0.878125 0.606481 0.878646 0.558333 0.875000 0.559259 0.871875 0.564815 0.870313 0.572222 0.871354 0.578704 0.874479 0.582407 0.879167 0.584259 0.883333 0.581481 0.885938 0.576852 0.886458 0.569444
0 0.885417 0.562037 0.882812 0.559259 0.897917 0.578704 0.893750 0.579630 0.890625 0.586111 0.889583 0.592593 0.890625 0.599074 0.893229 0.603704 0.897917 0.605556 0.902083 0.601852 0.904688 0.597222 0.905729 0.589815
0 0.904167 0.583333 0.901563 0.579630 0.934896 0.593518 0.930729 0.594444 0.927604 0.600000 0.926562 0.607407 0.927604 0.613889 0.930208 0.617593 0.934896 0.619444 0.939062 0.616667 0.941667 0.612037 0.942708 0.604630
0 0.941146 0.597222 0.938542 0.594444 0.867188 0.664815 0.863542 0.665741 0.859896 0.672222 0.858854 0.678704 0.859896 0.685185 0.862500 0.689815 0.867188 0.690741 0.871875 0.687963 0.873438 0.683333 0.874479 0.675926
0 0.873438 0.669444 0.870833 0.665741 0.758854 0.657407 0.755208 0.658333 0.752083 0.664815 0.750521 0.671296 0.751562 0.677778 0.754167 0.682407 0.759375 0.684259 0.763542 0.680556 0.765625 0.675926 0.766146 0.668519
0 0.765104 0.662037 0.762500 0.658333 0.790104 0.634259 0.786458 0.635185 0.783333 0.641667 0.781771 0.648148 0.782812 0.654630 0.785937 0.659259 0.790625 0.660185 0.794792 0.657407 0.796875 0.652778 0.797396 0.645370
0 0.796875 0.638889 0.794271 0.635185 0.775521 0.602778 0.771875 0.604630 0.768750 0.610185 0.767187 0.616667 0.768229 0.623148 0.770833 0.627778 0.775521 0.629630 0.780208 0.625926 0.782292 0.621296 0.782812 0.613889
0 0.781771 0.607407 0.779167 0.603704 0.743229 0.396296 0.739062 0.397222 0.735937 0.402778 0.734896 0.410185 0.735937 0.416667 0.738542 0.420370 0.743229 0.422222 0.747396 0.419444 0.749479 0.414815 0.750521 0.407407
0 0.749479 0.400000 0.746875 0.397222 0.834896 0.636111 0.831250 0.637963 0.827604 0.643519 0.826563 0.650000 0.827604 0.656482 0.830208 0.661111 0.834896 0.662963 0.839583 0.659259 0.841146 0.654630 0.842188 0.647222
0 0.841146 0.640741 0.838542 0.637037 0.746354 0.810185 0.742708 0.811111 0.739583 0.816667 0.738021 0.824074 0.739062 0.830556 0.741667 0.834259 0.746354 0.836111 0.751042 0.833333 0.753125 0.828704 0.753646 0.821296
0 0.752604 0.813889 0.750000 0.811111 0.810938 0.851852 0.806771 0.852778 0.803646 0.858333 0.802604 0.865741 0.803646 0.872222 0.806250 0.875926 0.810938 0.877778 0.815625 0.875000 0.817187 0.870370 0.818229 0.862963
0 0.817187 0.855556 0.814583 0.852778 0.727083 0.743519 0.722917 0.744444 0.719792 0.750000 0.718750 0.757407 0.719792 0.763889 0.722396 0.767593 0.727083 0.769444 0.731250 0.766667 0.733333 0.762037 0.734375 0.754630
0 0.733333 0.747222 0.730729 0.744444 0.879167 0.866667 0.876042 0.867593 0.873438 0.872222 0.872917 0.878704 0.873438 0.884259 0.877604 0.887963 0.882292 0.887963 0.883854 0.884259 0.884896 0.876852 0.884375 0.871296
0 0.882292 0.866667 0.888542 0.812037 0.885417 0.813889 0.882812 0.818519 0.882292 0.824074 0.882812 0.829630 0.886979 0.833333 0.891667 0.833333 0.893229 0.829630 0.894271 0.823148 0.894271 0.816667 0.891667 0.812963
0 0.702083 0.824074 0.698958 0.825926 0.696354 0.830556 0.695312 0.836111 0.696354 0.841667 0.700521 0.845370 0.705208 0.845370 0.706771 0.841667 0.707812 0.835185 0.707292 0.828704 0.705208 0.825000 0.902604 0.801852
0 0.899479 0.802778 0.896875 0.808333 0.895833 0.813889 0.896875 0.819444 0.901042 0.824074 0.905208 0.823148 0.907292 0.819444 0.908333 0.812963 0.907812 0.806481 0.905729 0.802778 0.901042 0.855556 0.897396 0.856481
0 0.895312 0.861111 0.894271 0.867593 0.895312 0.873148 0.898958 0.876852 0.903646 0.876852 0.905729 0.873148 0.906771 0.865741 0.906250 0.860185 0.904167 0.855556 0.819271 0.627778 0.816146 0.628704 0.813542 0.633333
0 0.812500 0.639815 0.813542 0.645370 0.817708 0.649074 0.822396 0.649074 0.823958 0.645370 0.825000 0.638889 0.824479 0.632407 0.822396 0.627778 0.854167 0.819444 0.850521 0.820370 0.846875 0.826852 0.845833 0.833333
0 0.846875 0.839815 0.849479 0.844444 0.854167 0.845370 0.858854 0.842593 0.860417 0.837963 0.861458 0.830556 0.860417 0.824074 0.857813 0.820370 0.699479 0.697222 0.695833 0.698148 0.692708 0.703704 0.691146 0.711111
0 0.692187 0.717593 0.694792 0.721296 0.700000 0.723148 0.704167 0.720370 0.706250 0.715741 0.706771 0.708333 0.705729 0.700926 0.703125 0.698148 0.665104 0.763889 0.661458 0.764815 0.657812 0.770370
0 0.656771 0.777778 0.657812 0.784259 0.660417 0.787963 0.665104 0.789815 0.669792 0.787037 0.671354 0.782407 0.672396 0.775000 0.671354 0.767593 0.668750 0.764815 0.706250 0.663889 0.702083 0.665741
0 0.698958 0.671296 0.697917 0.678704 0.698958 0.684259 0.701563 0.688889 0.706250 0.690741 0.710417 0.687963 0.712500 0.682407 0.713542 0.675000 0.712500 0.668519 0.709896 0.664815 0.629687 0.691667
0 0.625521 0.693519 0.622396 0.699074 0.621354 0.705556 0.622396 0.712037 0.625000 0.716667 0.629687 0.718518 0.633854 0.714815 0.635938 0.710185 0.636979 0.702778 0.635938 0.696296 0.633333 0.692593
0 0.551562 0.750926 0.547917 0.751852 0.544792 0.757407 0.543229 0.764815 0.544271 0.771296 0.546875 0.775000 0.552083 0.776852 0.556250 0.774074 0.558333 0.769444 0.558854 0.762037 0.557813 0.754630
0 0.555208 0.751852 0.720312 0.609259 0.716146 0.610185 0.713021 0.615741 0.711979 0.623148 0.712500 0.629630 0.715625 0.633333 0.720312 0.635185 0.724479 0.632407 0.726562 0.627778 0.727083 0.620370
0 0.726562 0.612963 0.723958 0.610185 0.622917 0.614815 0.619271 0.615741 0.615625 0.622222 0.614583 0.628704 0.615625 0.635185 0.618229 0.639815 0.622917 0.640741 0.627604 0.637963 0.629167 0.633333 0.630208 0.625926
0 0.629167 0.619444 0.626562 0.615741 0.617188 0.793519 0.613021 0.794444 0.609896 0.800926 0.608854 0.807407 0.609896 0.813889 0.612500 0.818519 0.617188 0.819444 0.621354 0.816667 0.623438 0.812037 0.624479 0.804630
0 0.623438 0.798148 0.620833 0.794444 0.505729 0.750926 0.501562 0.751852 0.498437 0.758333 0.497396 0.764815 0.498437 0.771296 0.501042 0.775926 0.505729 0.777778 0.509896 0.774074 0.511979 0.769444 0.513021 0.762037
0 0.511979 0.755556 0.509375 0.751852 0.489583 0.625000 0.485938 0.626852 0.482812 0.632407 0.481250 0.638889 0.482292 0.645370 0.484896 0.650000 0.490104 0.651852 0.494271 0.648148 0.496354 0.643519 0.496875 0.636111
0 0.495833 0.629630 0.493229 0.625926 0.489583 0.596296 0.485938 0.597222 0.482812 0.602778 0.481250 0.610185 0.482292 0.616667 0.484896 0.620370 0.490104 0.622222 0.494271 0.619444 0.496354 0.614815 0.496875 0.607407
0 0.495833 0.600000 0.493229 0.597222 0.520833 0.613889 0.517187 0.615741 0.514063 0.621296 0.512500 0.627778 0.513542 0.634259 0.516667 0.638889 0.521354 0.640741 0.525521 0.637037 0.527604 0.632407 0.528125 0.625000
0 0.527604 0.618519 0.525000 0.614815 0.661979 0.545370 0.659896 0.560185 0.662500 0.569444 0.667708 0.574074 0.674479 0.575000 0.679167 0.571296 0.682292 0.564815 0.683333 0.554630 0.681771 0.545370 0.679167 0.539815
0 0.673958 0.536111 0.667188 0.538889 0.627083 0.579630 0.625000 0.594444 0.627604 0.603704 0.632812 0.608333 0.639583 0.609259 0.644271 0.605556 0.647396 0.599074 0.648438 0.588889 0.646875 0.579630 0.643750 0.574074
0 0.639063 0.570370 0.632292 0.573148 0.601042 0.574074 0.598437 0.589815 0.601042 0.599074 0.606250 0.603704 0.613021 0.604630 0.617708 0.600926 0.621354 0.594444 0.622396 0.583333 0.620313 0.575000 0.617708 0.569444
0 0.612500 0.565741 0.605729 0.568519 0.610937 0.495370 0.608854 0.510185 0.611458 0.520370 0.616667 0.525000 0.623438 0.525000 0.628125 0.521296 0.631250 0.515741 0.632292 0.504630 0.630729 0.495370 0.627604 0.490741
0 0.622917 0.486111 0.616146 0.488889 0.828125 0.520370 0.826042 0.535185 0.828646 0.544444 0.833854 0.549074 0.840625 0.550000 0.845312 0.546296 0.848437 0.539815 0.849479 0.529630 0.847917 0.520370 0.844792 0.514815
0 0.840104 0.511111 0.833333 0.513889 0.758854 0.813889 0.756771 0.828704 0.759375 0.838889 0.764583 0.843518 0.771354 0.843518 0.776042 0.839815 0.779167 0.834259 0.780208 0.823148 0.778646 0.813889 0.775521 0.809259
0 0.770833 0.804630 0.764063 0.807407 0.511458 0.655556 0.509375 0.670370 0.511979 0.679630 0.517187 0.684259 0.523958 0.685185 0.528646 0.681481 0.531771 0.675000 0.532812 0.664815 0.531250 0.655556 0.528125 0.650000
0 0.523438 0.646296 0.516667 0.649074 0.476562 0.775000 0.474479 0.789815 0.477083 0.800000 0.482292 0.804630 0.489062 0.805556 0.493750 0.801852 0.496875 0.795370 0.497917 0.784259 0.496354 0.775926 0.493229 0.770370
0 0.488542 0.766667 0.481771 0.768519 0.331250 0.518519 0.329167 0.531482 0.331250 0.539815 0.331771 0.540741 0.335938 0.544444 0.342708 0.544444 0.347917 0.540741 0.351042 0.535185 0.352083 0.524074 0.350000 0.514815
0 0.347396 0.510185 0.342708 0.507407 0.336979 0.510185 0.450521 0.600926 0.447917 0.615741 0.450521 0.625000 0.455729 0.629630 0.462500 0.630556 0.467187 0.626852 0.470833 0.620370 0.471875 0.610185 0.469792 0.600926
0 0.467187 0.595370 0.461979 0.591667 0.455208 0.594444 0.463542 0.318519 0.461458 0.333333 0.464063 0.342593 0.469271 0.347222 0.476042 0.348148 0.480729 0.344444 0.483854 0.337963 0.484896 0.327778 0.483333 0.318519
0 0.480729 0.312963 0.475521 0.309259 0.468750 0.312037 0.593750 0.277778 0.591146 0.292593 0.594271 0.302778 0.598958 0.307407 0.605729 0.307407 0.610937 0.303704 0.614062 0.298148 0.615104 0.287037 0.613021 0.277778
0 0.610417 0.273148 0.605208 0.268519 0.598437 0.271296 0.567708 0.309259 0.565104 0.324074 0.568229 0.333333 0.572917 0.337963 0.579687 0.338889 0.584896 0.335185 0.588021 0.328704 0.589063 0.318519 0.586979 0.309259
0 0.584375 0.303704 0.579167 0.300000 0.572396 0.302778 0.546354 0.424074 0.543750 0.438889 0.546354 0.449074 0.551562 0.453704 0.558333 0.454630 0.563021 0.450926 0.566667 0.444444 0.567708 0.433333 0.565625 0.425000
0 0.563021 0.419444 0.557813 0.415741 0.551042 0.417593 0.271875 0.662037 0.269271 0.676852 0.271875 0.686111 0.277083 0.690741 0.283854 0.691667 0.288542 0.687963 0.292188 0.681481 0.293229 0.671296 0.291146 0.662037
0 0.288542 0.656482 0.283333 0.652778 0.276563 0.655556 0.180729 0.687037 0.178125 0.702778 0.181250 0.712037 0.185937 0.716667 0.192708 0.717593 0.197917 0.713889 0.201042 0.707407 0.202083 0.696296 0.200000 0.687963 0.197396 0.682407
0 0.192188 0.678704 0.185417 0.680556 0.115625 0.626852 0.113021 0.641667 0.115625 0.651852 0.120833 0.656482 0.127604 0.656482 0.132292 0.652778 0.135937 0.647222 0.136979 0.636111 0.134896 0.626852 0.132292 0.622222
0 0.127083 0.617593 0.120312 0.620370 0.055729 0.520370 0.053125 0.535185 0.055729 0.545370 0.060938 0.550000 0.067708 0.550000 0.072396 0.546296 0.076042 0.540741 0.077083 0.529630 0.075000 0.520370 0.072396 0.515741
0 0.067188 0.511111 0.060417 0.513889 0.205729 0.187037 0.203125 0.201852 0.205729 0.212037 0.210938 0.216667 0.217708 0.217593 0.222396 0.213889 0.226042 0.207407 0.227083 0.196296 0.225000 0.187963 0.222396 0.182407
0 0.217187 0.178704 0.210417 0.180556 0.248437 0.192593 0.246354 0.208333 0.248958 0.217593 0.254167 0.222222 0.260938 0.223148 0.265625 0.219444 0.268750 0.212963 0.269792 0.201852 0.267708 0.193519 0.265104 0.187963
0 0.260417 0.184259 0.253125 0.187037 0.314583 0.219444 0.311979 0.234259 0.314583 0.243519 0.319792 0.248148 0.326562 0.249074 0.331250 0.245370 0.334896 0.238889 0.335938 0.228704 0.333854 0.219444 0.331250 0.213889
0 0.326042 0.210185 0.319271 0.212963 0.344792 0.214815 0.342708 0.229630 0.345313 0.238889 0.350521 0.243519 0.357292 0.244444 0.361979 0.240741 0.365104 0.234259 0.366146 0.224074 0.364062 0.214815 0.361458 0.209259
0 0.356771 0.205556 0.349479 0.208333 0.392188 0.172222 0.389583 0.187963 0.392188 0.197222 0.397396 0.201852 0.404167 0.202778 0.409375 0.199074 0.412500 0.192593 0.413542 0.181481 0.411458 0.173148 0.408854 0.167593
0 0.403646 0.163889 0.396875 0.166667 0.324479 0.182407 0.321875 0.197222 0.324479 0.206481 0.329688 0.211111 0.336458 0.212037 0.341146 0.208333 0.344792 0.202778 0.345833 0.191667 0.343750 0.182407 0.341146 0.176852
0 0.335938 0.173148 0.329167 0.175926 0.319271 0.000926 0.324479 0.005556 0.331250 0.006481 0.335938 0.002778 0.460938 0.181481 0.458854 0.196296 0.461458 0.205556 0.466667 0.210185 0.473437 0.211111 0.478125 0.207407
0 0.481250 0.200926 0.482812 0.190741 0.480729 0.181481 0.478125 0.175926 0.472917 0.172222 0.466146 0.175000 0.139062 0.025926 0.136458 0.040741 0.139062 0.050000 0.144271 0.055556 0.151042 0.055556 0.155729 0.051852
0 0.159375 0.046296 0.160417 0.035185 0.158333 0.025926 0.155729 0.020370 0.150521 0.016667 0.143750 0.019444 0.616146 0.198148 0.613542 0.212963 0.616667 0.223148 0.621354 0.227778 0.628125 0.227778 0.633333 0.224074
0 0.636458 0.218519 0.637500 0.207407 0.635417 0.198148 0.632812 0.193519 0.627604 0.188889 0.620833 0.191667 0.570833 0.179630 0.568229 0.194444 0.570833 0.204630 0.576042 0.209259 0.582812 0.210185 0.587500 0.206481
0 0.591146 0.200000 0.592188 0.188889 0.590104 0.179630 0.587500 0.175000 0.582292 0.170370 0.575521 0.173148 0.602083 0.000926 0.599479 0.015741 0.602083 0.025000 0.607292 0.029630 0.614062 0.030556 0.618750 0.026852
0 0.622396 0.020370 0.623438 0.010185 0.621354 0.000926 0.517187 0.000000 0.519792 0.010185 0.525000 0.014815 0.531771 0.014815 0.536458 0.011111 0.539583 0.005556 0.736458 0.176852 0.733854 0.192593 0.736458 0.201852
0 0.741667 0.206481 0.748438 0.207407 0.753646 0.203704 0.756771 0.197222 0.757812 0.186111 0.755729 0.177778 0.753125 0.172222 0.747917 0.168519 0.741146 0.171296 0.711979 0.187037 0.709896 0.202778 0.712500 0.212037
0 0.717708 0.216667 0.724479 0.217593 0.729167 0.213889 0.732292 0.207407 0.733333 0.196296 0.731250 0.187963 0.728646 0.182407 0.723958 0.178704 0.717188 0.181481 0.762500 0.084259 0.759896 0.099074 0.762500 0.108333
0 0.767708 0.112963 0.774479 0.113889 0.779167 0.110185 0.782812 0.104630 0.783854 0.093519 0.781771 0.084259 0.779167 0.078704 0.773958 0.075000 0.767187 0.077778 0.871875 0.221296 0.869792 0.236111 0.872396 0.246296
0 0.877604 0.250926 0.884375 0.251852 0.889063 0.248148 0.892187 0.241667 0.893750 0.230556 0.891667 0.222222 0.889063 0.216667 0.883854 0.212963 0.877083 0.214815 0.906771 0.113889 0.904688 0.128704 0.907292 0.138889
0 0.912500 0.143519 0.919271 0.143519 0.923958 0.139815 0.927083 0.134259 0.928125 0.123148 0.926562 0.113889 0.923437 0.109259 0.918750 0.104630 0.911979 0.107407 0.918229 0.075000 0.916146 0.089815 0.918750 0.099074
0 0.923958 0.103704 0.930729 0.104630 0.935417 0.100926 0.939062 0.095370 0.940104 0.084259 0.938021 0.075000 0.935417 0.069444 0.930208 0.065741 0.923437 0.068519 0.736458 0.520370 0.733854 0.535185 0.736458 0.545370
0 0.741667 0.550000 0.748438 0.550000 0.753125 0.546296 0.756771 0.540741 0.757812 0.529630 0.755729 0.520370 0.753125 0.515741 0.747917 0.511111 0.741146 0.513889 0.632812 0.755556 0.630208 0.770370 0.632812 0.779630
0 0.638021 0.784259 0.644792 0.785185 0.649479 0.781482 0.653125 0.775926 0.654167 0.764815 0.652083 0.755556 0.649479 0.750000 0.644271 0.746296 0.637500 0.749074 0.554167 0.524074 0.551562 0.539815 0.554167 0.549074
0 0.559375 0.553704 0.566146 0.554630 0.570833 0.550926 0.574479 0.544444 0.575521 0.534259 0.573438 0.525000 0.570833 0.519444 0.565625 0.515741 0.558854 0.518519 0.581250 0.407407 0.578646 0.422222 0.581250 0.432407
0 0.586458 0.437037 0.593229 0.437037 0.597917 0.433333 0.601562 0.427778 0.602604 0.416667 0.600521 0.407407 0.597917 0.402778 0.592708 0.398148 0.585938 0.400926 0.624479 0.383333 0.621875 0.398148 0.624479 0.408333
0 0.629687 0.412963 0.636458 0.412963 0.641146 0.409259 0.644792 0.403704 0.645833 0.392593 0.643750 0.383333 0.641146 0.378704 0.635938 0.374074 0.629167 0.376852 0.117708 0.453704 0.115625 0.468519 0.118229 0.478704
0 0.123438 0.483333 0.130208 0.484259 0.134896 0.480556 0.138021 0.474074 0.139583 0.462963 0.137500 0.453704 0.134896 0.449074 0.129688 0.445370 0.122917 0.447222 0.308333 0.487963 0.306250 0.499074 0.306250 0.512037
0 0.310937 0.521296 0.317708 0.524074 0.322917 0.525000 0.329688 0.518519 0.333333 0.510185 0.334375 0.500000 0.333854 0.490741 0.328125 0.482407 0.322917 0.478704 0.313542 0.481481 0.428125 0.369444 0.426042 0.381481
0 0.426042 0.393519 0.430729 0.402778 0.437500 0.405556 0.442708 0.406481 0.449479 0.400000 0.453125 0.391667 0.454167 0.381481 0.453646 0.372222 0.447917 0.363889 0.442708 0.360185 0.433333 0.362963 0.482812 0.053704
0 0.479688 0.054630 0.477604 0.059259 0.476562 0.065741 0.477604 0.071296 0.481250 0.075000 0.485938 0.075000 0.488021 0.071296 0.489062 0.063889 0.488542 0.058333 0.486458 0.053704 0.450000 0.012963 0.446354 0.013889
0 0.443229 0.020370 0.442187 0.026852 0.442708 0.033333 0.445833 0.037963 0.450521 0.038889 0.454688 0.036111 0.457292 0.031481 0.457812 0.024074 0.456771 0.017593 0.454167 0.013889 0.320312 0.041667 0.319271 0.049074
0 0.319792 0.055556 0.320833 0.059259 0.324479 0.062037 0.330208 0.062963 0.333854 0.058333 0.335938 0.051852 0.336458 0.044444 0.335417 0.037963 0.332812 0.034259 0.328646 0.032407 0.323438 0.035185 0.272396 0.080556
0 0.271354 0.087963 0.271875 0.093519 0.272917 0.098148 0.276563 0.100926 0.282813 0.101852 0.285937 0.097222 0.288021 0.090741 0.288542 0.083333 0.287500 0.076852 0.284896 0.073148 0.280729 0.071296 0.275521 0.074074
0 0.313021 0.103704 0.311979 0.111111 0.312500 0.116667 0.313542 0.121296 0.317187 0.124074 0.322917 0.125000 0.326562 0.120370 0.328646 0.113889 0.329167 0.106481 0.328125 0.100000 0.325521 0.096296 0.321354 0.094444
0 0.316146 0.097222 0.280729 0.161111 0.279687 0.168519 0.280208 0.174074 0.281771 0.178704 0.284896 0.181481 0.291146 0.182407 0.294271 0.177778 0.296354 0.171296 0.296875 0.163889 0.295833 0.157407 0.293229 0.153704
0 0.289583 0.151852 0.284375 0.154630 0.250000 0.145370 0.248958 0.153704 0.249479 0.159259 0.250521 0.163889 0.254167 0.166667 0.259896 0.166667 0.263542 0.162963 0.265625 0.156481 0.266146 0.149074 0.265104 0.142593
0 0.262500 0.137963 0.258333 0.137037 0.253125 0.139815 0.297396 0.001852 0.296354 0.010185 0.296875 0.015741 0.297917 0.020370 0.301562 0.023148 0.307292 0.023148 0.310937 0.019444 0.313021 0.012963 0.313021 0.005556
0 0.311979 0.000000 0.221354 0.069444 0.220833 0.076852 0.220833 0.082407 0.222396 0.087037 0.226042 0.089815 0.231771 0.090741 0.235417 0.086111 0.237500 0.079630 0.237500 0.072222 0.236979 0.065741 0.234375 0.062037
0 0.230208 0.060185 0.225000 0.062963 0.212500 0.003704 0.213021 0.009259 0.214583 0.013889 0.218229 0.016667 0.223958 0.016667 0.227083 0.012963 0.229167 0.006481 0.229167 0.000000 0.165104 0.065741 0.164062 0.073148 0.164583 0.079630
0 0.166146 0.083333 0.169792 0.086111 0.175521 0.087037 0.179167 0.083333 0.181250 0.075926 0.181250 0.068519 0.180208 0.062963 0.178125 0.058333 0.173958 0.057407 0.168750 0.059259 0.160938 0.002778 0.161979 0.006481 0.165625 0.009259
0 0.171354 0.010185 0.175000 0.006481 0.176563 0.000000 0.301042 0.054630 0.300000 0.062037 0.300521 0.068519 0.302083 0.073148 0.305208 0.075000 0.311458 0.075926 0.314583 0.072222 0.316667 0.064815
0 0.317187 0.058333 0.316146 0.051852 0.313542 0.047222 0.309896 0.046296 0.304688 0.048148 0.246875 0.237963 0.245833 0.246296 0.245833 0.251852 0.247396 0.256481 0.251042 0.259259 0.256771 0.259259 0.260417 0.255556
0 0.262500 0.249074 0.262500 0.241667 0.261979 0.235185 0.259375 0.231481 0.255208 0.229630 0.250000 0.232407 0.145833 0.252778 0.144792 0.261111 0.145313 0.266667 0.146354 0.271296 0.150000 0.274074 0.155729 0.274074 0.159375 0.270370
0 0.161458 0.263889 0.161979 0.256481 0.160938 0.250000 0.158333 0.245370 0.154167 0.244444 0.148958 0.247222 0.104687 0.241667 0.103646 0.249074 0.104167 0.255556 0.105729 0.259259 0.109375 0.262037 0.115104 0.262963 0.118229 0.259259
0 0.120312 0.251852 0.120833 0.244444 0.119792 0.238889 0.117188 0.234259 0.113542 0.232407 0.108333 0.235185 0.223958 0.253704 0.222917 0.262037 0.223438 0.267593 0.224479 0.272222 0.228125 0.275000 0.233854 0.275000 0.237500 0.271296
0 0.239583 0.264815 0.239583 0.257407 0.239063 0.250926 0.236458 0.247222 0.232292 0.245370 0.227083 0.248148 0.204167 0.267593 0.203125 0.275926 0.203646 0.281481 0.205208 0.286111 0.208333 0.288889 0.214583 0.288889 0.217708 0.285185
0 0.219792 0.278704 0.220313 0.271296 0.219271 0.264815 0.216667 0.260185 0.213021 0.259259 0.207813 0.262037 0.214062 0.386111 0.213021 0.393519 0.213542 0.400000 0.215104 0.403704 0.218750 0.406481 0.224479 0.407407 0.227604 0.403704
0 0.229687 0.396296 0.230208 0.388889 0.229167 0.383333 0.226562 0.378704 0.222917 0.377778 0.217708 0.379630 0.168750 0.432407 0.167708 0.440741 0.168229 0.446296 0.169792 0.450926 0.173438 0.452778 0.179167 0.453704 0.182812 0.450000
0 0.184896 0.442593 0.184896 0.436111 0.184375 0.429630 0.181771 0.425000 0.177604 0.424074 0.172396 0.426852 0.109375 0.404630 0.108333 0.412037 0.108854 0.418519 0.110417 0.422222 0.113542 0.425000 0.119792 0.425926 0.122917 0.422222
0 0.125000 0.414815 0.125521 0.407407 0.124479 0.401852 0.121875 0.397222 0.118229 0.396296 0.113021 0.398148 0.327083 0.326852 0.326042 0.335185 0.326562 0.340741 0.327604 0.345370 0.331250 0.348148 0.336979 0.348148 0.340625 0.344444
0 0.342708 0.337963 0.343229 0.330556 0.342187 0.324074 0.339583 0.319444 0.335417 0.318519 0.330208 0.321296 0.360938 0.305556 0.359896 0.313889 0.360417 0.319444 0.361979 0.324074 0.365104 0.326852 0.371354 0.326852 0.374479 0.323148
0 0.376563 0.315741 0.377083 0.309259 0.376042 0.302778 0.373437 0.298148 0.369792 0.297222 0.364583 0.300000 0.251563 0.433333 0.250521 0.440741 0.251042 0.447222 0.252604 0.450926 0.255729 0.453704 0.261979 0.454630 0.265104 0.450926
0 0.267188 0.443519 0.267708 0.436111 0.266667 0.430556 0.264062 0.425926 0.260417 0.424074 0.255208 0.426852 0.325521 0.455556 0.325000 0.463889 0.325000 0.469444 0.326562 0.474074 0.330208 0.475926 0.335938 0.476852 0.339583 0.473148
0 0.341667 0.465741 0.341667 0.459259 0.341146 0.452778 0.338542 0.448148 0.334375 0.447222 0.329167 0.450000 0.233333 0.539815 0.232292 0.548148 0.232812 0.553704 0.233854 0.558333 0.237500 0.561111 0.243229 0.561111 0.246875 0.557407
0 0.248958 0.550926 0.249479 0.543519 0.248437 0.537037 0.245833 0.532407 0.241667 0.531482 0.236458 0.534259 0.259896 0.587037 0.258854 0.595370 0.259375 0.600926 0.260417 0.605556 0.264062 0.608333 0.269792 0.608333 0.273438 0.604630
0 0.275521 0.598148 0.276042 0.590741 0.275000 0.584259 0.272396 0.580556 0.268229 0.578704 0.263021 0.581481 0.305729 0.582407 0.304688 0.590741 0.305208 0.596296 0.306771 0.600926 0.309896 0.603704 0.316146 0.603704 0.319271 0.600000
0 0.321354 0.593518 0.321875 0.586111 0.320833 0.579630 0.318229 0.575926 0.314583 0.574074 0.309375 0.576852 0.380208 0.662963 0.379167 0.670370 0.379687 0.676852 0.381250 0.681481 0.384896 0.683333 0.390625 0.684259 0.393750 0.680556
0 0.395833 0.673148 0.396354 0.666667 0.395312 0.660185 0.392708 0.655556 0.389062 0.654630 0.383854 0.656482 0.375000 0.632407 0.373958 0.639815 0.374479 0.646296 0.376042 0.650000 0.379687 0.652778 0.385417 0.653704 0.389062 0.650000
0 0.391146 0.642593 0.391146 0.635185 0.390625 0.629630 0.388021 0.625000 0.383854 0.624074 0.378646 0.625926 0.432292 0.737963 0.431250 0.745370 0.431771 0.751852 0.432813 0.755556 0.436458 0.758333 0.442708 0.759259 0.445833 0.755556
0 0.447917 0.748148 0.448438 0.740741 0.447396 0.734259 0.444792 0.730556 0.440625 0.728704 0.435417 0.731481 0.412500 0.712963 0.411458 0.720370 0.411979 0.725926 0.413542 0.730556 0.417188 0.733333 0.422917 0.734259 0.426042 0.729630
0 0.428125 0.723148 0.428646 0.715741 0.427604 0.709259 0.425000 0.705556 0.421354 0.703704 0.416146 0.706481 0.393229 0.727778 0.392188 0.736111 0.392708 0.741667 0.394271 0.746296 0.397917 0.749074 0.403646 0.749074 0.406771 0.745370
0 0.408854 0.738889 0.409375 0.731481 0.408333 0.725000 0.405729 0.721296 0.402083 0.719444 0.396875 0.722222 0.373958 0.736111 0.372917 0.744444 0.373437 0.750000 0.374479 0.754630 0.378125 0.757407 0.384375 0.757407 0.387500 0.753704
0 0.389583 0.747222 0.390104 0.739815 0.389062 0.733333 0.386458 0.729630 0.382812 0.727778 0.377604 0.730556 0.359375 0.718518 0.358333 0.726852 0.358854 0.732407 0.359896 0.737037 0.363542 0.739815 0.369271 0.739815 0.372917 0.736111
0 0.375000 0.729630 0.375521 0.722222 0.374479 0.715741 0.371875 0.712037 0.367708 0.710185 0.362500 0.712963 0.403125 0.761111 0.402083 0.769444 0.402604 0.775000 0.404167 0.779630 0.407813 0.782407 0.413542 0.782407 0.416667 0.778704
0 0.418750 0.772222 0.419271 0.764815 0.418229 0.758333 0.415625 0.753704 0.411979 0.752778 0.406771 0.755556 0.311979 0.717593 0.310937 0.725000 0.311458 0.730556 0.313021 0.735185 0.316667 0.737963 0.322396 0.738889 0.326042 0.734259
0 0.328125 0.727778 0.328125 0.720370 0.327083 0.713889 0.325000 0.710185 0.320833 0.708333 0.315625 0.711111 0.217187 0.693519 0.216146 0.700926 0.216667 0.707407 0.217708 0.712037 0.221354 0.713889 0.227604 0.714815 0.230729 0.711111
0 0.232812 0.703704 0.233333 0.697222 0.232292 0.690741 0.229687 0.686111 0.226042 0.685185 0.220833 0.687037 0.252083 0.681481 0.251042 0.688889 0.251563 0.695370 0.252604 0.699074 0.256250 0.701852 0.262500 0.702778 0.265625 0.699074
0 0.267708 0.691667 0.268229 0.684259 0.267188 0.677778 0.264583 0.674074 0.260938 0.672222 0.255729 0.675000 0.211979 0.588889 0.210938 0.596296 0.211458 0.602778 0.213021 0.606481 0.216667 0.609259 0.222396 0.610185 0.225521 0.606481
0 0.227604 0.599074 0.228125 0.591667 0.227083 0.586111 0.224479 0.581481 0.220833 0.579630 0.215625 0.582407 0.163021 0.612963 0.161979 0.621296 0.162500 0.626852 0.164062 0.631481 0.167708 0.634259 0.173438 0.634259 0.176563 0.630556
0 0.178646 0.624074 0.179167 0.616667 0.178125 0.610185 0.175521 0.606481 0.171875 0.604630 0.166667 0.607407 0.154167 0.661111 0.153125 0.669444 0.153646 0.675000 0.155208 0.679630 0.158854 0.682407 0.164583 0.682407 0.167708 0.678704
0 0.169792 0.672222 0.170312 0.664815 0.169271 0.658333 0.166667 0.653704 0.163021 0.652778 0.157813 0.655556 0.129688 0.720370 0.128646 0.728704 0.129167 0.734259 0.130208 0.738889 0.133854 0.741667 0.139583 0.741667 0.143229 0.737963
0 0.145313 0.731481 0.145833 0.724074 0.144792 0.717593 0.142188 0.712963 0.138021 0.712037 0.132812 0.714815 0.104167 0.692593 0.103125 0.700000 0.103646 0.706481 0.104687 0.710185 0.108333 0.712963 0.114583 0.713889 0.117708 0.710185
0 0.119792 0.702778 0.120312 0.695370 0.119271 0.689815 0.116667 0.685185 0.112500 0.683333 0.107292 0.686111 0.087500 0.522222 0.086458 0.530556 0.086979 0.536111 0.088542 0.540741 0.091667 0.543519 0.097917 0.543519 0.101042 0.539815
0 0.103125 0.533333 0.103646 0.525926 0.102604 0.519444 0.100000 0.514815 0.096354 0.513889 0.091146 0.516667 0.104167 0.573148 0.103125 0.580556 0.103646 0.587037 0.105208 0.591667 0.108333 0.593518 0.114583 0.594444 0.117708 0.590741
0 0.119792 0.583333 0.120312 0.576852 0.119271 0.570370 0.116667 0.565741 0.113021 0.564815 0.107813 0.566667 0.126563 0.569444 0.125521 0.577778 0.126042 0.583333 0.127604 0.587963 0.131250 0.590741 0.136979 0.590741 0.140104 0.587037
0 0.142188 0.580556 0.142708 0.573148 0.141667 0.566667 0.139062 0.562963 0.135417 0.561111 0.130208 0.563889 0.047917 0.637037 0.046875 0.645370 0.047396 0.650926 0.048958 0.655556 0.052083 0.658333 0.058333 0.658333 0.061458 0.654630
0 0.063542 0.648148 0.064062 0.640741 0.063021 0.634259 0.060417 0.629630 0.056771 0.628704 0.051562 0.631481 0.213542 0.529630 0.212500 0.537037 0.213021 0.543519 0.214583 0.547222 0.217708 0.550000 0.223958 0.550926 0.227083 0.547222
0 0.229167 0.539815 0.229687 0.532407 0.228646 0.526852 0.226042 0.522222 0.222396 0.521296 0.217187 0.523148 0.266667 0.468519 0.266146 0.476852 0.266146 0.482407 0.267708 0.487037 0.271354 0.489815 0.277083 0.489815 0.280729 0.486111
0 0.282813 0.479630 0.282813 0.472222 0.282292 0.465741 0.279687 0.461111 0.275521 0.460185 0.270312 0.462963 0.656250 0.070370 0.655208 0.078704 0.655729 0.084259 0.656771 0.088889 0.660417 0.090741 0.666146 0.091667 0.669792 0.087963
0 0.671875 0.080556 0.672396 0.074074 0.671354 0.067593 0.668750 0.062963 0.664583 0.062037 0.659375 0.063889 0.253646 0.005556 0.250521 0.007407 0.248437 0.012037 0.247396 0.018519 0.248437 0.024074 0.252083 0.027778 0.256771 0.026852
0 0.258854 0.023148 0.259896 0.016667 0.259375 0.011111 0.257292 0.006481 0.438021 0.094444 0.436979 0.102778 0.437500 0.108333 0.439063 0.112963 0.442708 0.114815 0.448438 0.115741 0.451562 0.112037 0.453646 0.104630 0.454167 0.098148
0 0.453125 0.091667 0.450521 0.087037 0.446875 0.086111 0.441667 0.088889 0.401563 0.000926 0.402604 0.006481 0.406250 0.010185 0.411458 0.010185 0.413021 0.006481 0.413542 0.000000 0.585938 0.126852 0.584896 0.135185 0.585417 0.140741
0 0.586979 0.145370 0.590625 0.148148 0.596354 0.148148 0.599479 0.144444 0.601562 0.137963 0.602083 0.130556 0.601042 0.124074 0.598437 0.120370 0.594792 0.118519 0.589583 0.121296 0.541146 0.318519 0.540104 0.325926 0.540625 0.332407
0 0.542188 0.336111 0.545313 0.338889 0.551562 0.339815 0.554688 0.336111 0.556771 0.328704 0.557292 0.321296 0.556250 0.314815 0.553646 0.311111 0.550000 0.309259 0.544792 0.312037 0.500521 0.411111 0.499479 0.418519 0.500000 0.425000
0 0.501562 0.428704 0.504687 0.431481 0.510938 0.432407 0.514063 0.428704 0.516146 0.421296 0.516667 0.413889 0.515625 0.408333 0.513021 0.403704 0.509375 0.402778 0.504167 0.404630 0.471354 0.472222 0.470313 0.480556 0.470833 0.486111
0 0.472396 0.490741 0.475521 0.493519 0.481771 0.493519 0.484896 0.489815 0.486979 0.483333 0.487500 0.475926 0.486458 0.469444 0.483854 0.465741 0.480208 0.463889 0.475000 0.466667 0.435937 0.490741 0.435417 0.499074 0.435417 0.504630
0 0.436979 0.509259 0.440625 0.512037 0.446354 0.512037 0.450000 0.508333 0.452083 0.501852 0.452083 0.494444 0.451562 0.487963 0.448958 0.484259 0.444792 0.482407 0.439583 0.485185 0.448958 0.553704 0.448438 0.562037 0.448438 0.567593
0 0.450000 0.572222 0.453646 0.575000 0.459375 0.575000 0.463021 0.571296 0.465104 0.564815 0.465104 0.557407 0.464583 0.550926 0.461979 0.546296 0.457812 0.545370 0.452604 0.548148 0.452604 0.644444 0.451562 0.651852 0.452083 0.658333
0 0.453646 0.662037 0.457292 0.664815 0.463021 0.665741 0.466146 0.662037 0.468229 0.654630 0.468750 0.647222 0.467708 0.641667 0.465104 0.637037 0.461458 0.635185 0.456250 0.637963 0.364583 0.783333 0.363542 0.790741 0.364062 0.797222
0 0.365625 0.800926 0.368750 0.803704 0.375000 0.804630 0.378125 0.800926 0.380208 0.793519 0.380729 0.786111 0.379687 0.780556 0.377083 0.775926 0.373437 0.775000 0.368229 0.776852 0.331771 0.660185 0.330729 0.668519 0.331250 0.674074
0 0.332812 0.678704 0.335938 0.681481 0.342187 0.681481 0.345313 0.677778 0.347396 0.671296 0.347917 0.663889 0.346875 0.657407 0.344271 0.652778 0.340625 0.651852 0.335417 0.654630 0.397396 0.800000 0.396875 0.807407 0.396875 0.813889
0 0.398438 0.817593 0.402083 0.820370 0.407813 0.821296 0.411458 0.817593 0.413542 0.810185 0.413542 0.802778 0.413021 0.797222 0.410417 0.792593 0.406250 0.791667 0.401042 0.793519 0.417708 0.803704 0.416667 0.812037 0.417188 0.817593
0 0.418750 0.822222 0.422396 0.824074 0.428125 0.825000 0.431250 0.821296 0.433333 0.814815 0.433854 0.807407 0.432813 0.800926 0.430208 0.796296 0.426562 0.795370 0.421354 0.798148 0.550000 0.569444 0.548958 0.576852 0.548958 0.583333
0 0.550521 0.587037 0.554167 0.588889 0.559896 0.590741 0.563542 0.587037 0.565625 0.579630 0.565625 0.572222 0.565104 0.566667 0.562500 0.562037 0.558333 0.561111 0.553125 0.562963 0.637500 0.821296 0.636458 0.828704 0.636979 0.835185
0 0.638542 0.838889 0.642187 0.840741 0.647917 0.842593 0.651042 0.838889 0.653125 0.831481 0.653646 0.824074 0.652604 0.818519 0.650000 0.813889 0.646354 0.812037 0.641146 0.814815 0.657812 0.812963 0.656771 0.821296 0.657292 0.826852
0 0.658333 0.831481 0.661979 0.833333 0.667708 0.834259 0.671354 0.830556 0.673437 0.824074 0.673437 0.816667 0.672917 0.810185 0.670313 0.806481 0.666146 0.804630 0.660937 0.807407 0.652604 0.699074 0.651563 0.707407 0.652083 0.712963
0 0.653646 0.717593 0.657292 0.719444 0.663021 0.720370 0.666146 0.716667 0.668229 0.710185 0.668750 0.702778 0.667708 0.696296 0.665104 0.692593 0.661458 0.690741 0.656250 0.693519 0.619792 0.663889
0 0.618750 0.671296 0.619271 0.677778 0.620313 0.681481 0.623958 0.683333 0.630208 0.685185 0.633333 0.681481 0.635417 0.674074 0.635938 0.666667 0.634896 0.661111 0.632292 0.656482 0.628125 0.654630
0 0.622917 0.657407 0.744792 0.628704 0.744271 0.637037 0.744271 0.642593 0.745833 0.647222 0.749479 0.649074 0.755208 0.650000 0.758854 0.646296 0.760938 0.639815 0.760938 0.632407 0.760417 0.625926 0.757812 0.622222 0.753646 0.620370
0 0.748438 0.623148 0.819271 0.685185 0.817708 0.689815 0.818229 0.695370 0.820312 0.698148 0.822396 0.699074 0.825521 0.699074 0.828125 0.694444 0.828125 0.688889 0.827604 0.684259 0.824479 0.682407
0 0.821354 0.682407 0.729688 0.621296 0.728646 0.625926 0.729167 0.630556 0.731250 0.633333 0.733333 0.635185 0.736458 0.634259 0.739062 0.629630 0.739062 0.624074 0.738542 0.620370 0.735417 0.617593 0.732292 0.618519 0.750000 0.559259
0 0.748958 0.563889 0.749479 0.568519 0.751562 0.571296 0.753646 0.573148 0.756771 0.573148 0.759375 0.567593 0.759375 0.562963 0.758854 0.558333 0.755729 0.555556 0.752604 0.556481 0.828646 0.616667 0.827604 0.621296 0.828125 0.625926
0 0.830208 0.629630 0.832292 0.630556 0.835417 0.630556 0.838021 0.625000 0.838021 0.620370 0.837500 0.615741 0.834375 0.613889 0.831250 0.613889 0.838021 0.603704 0.836979 0.608333 0.836979 0.612963 0.839583 0.615741 0.841146 0.617593
0 0.844271 0.616667 0.846875 0.612037 0.847396 0.606481 0.846354 0.602778 0.843229 0.600000 0.840625 0.600926 0.827604 0.596296 0.826042 0.600926 0.826563 0.605556 0.828646 0.608333 0.830729 0.610185 0.833854 0.610185 0.836458 0.604630
0 0.836979 0.600000 0.835938 0.595370 0.832812 0.592593 0.830208 0.593518 0.852604 0.776852 0.851042 0.781482 0.851562 0.786111 0.853646 0.788889 0.855729 0.790741 0.858854 0.789815 0.861458 0.785185 0.861458 0.779630 0.860937 0.775926
0 0.857813 0.773148 0.854688 0.774074 0.848437 0.755556 0.847396 0.760185 0.847396 0.765741 0.850000 0.768519 0.851562 0.769444 0.854688 0.769444 0.857292 0.764815 0.857813 0.759259 0.856771 0.755556 0.853646 0.752778 0.851042 0.752778
0 0.829167 0.861111 0.828125 0.865741 0.828646 0.870370 0.830729 0.874074 0.832812 0.875000 0.835938 0.875000 0.838021 0.869444 0.838542 0.864815 0.838021 0.860185 0.834375 0.857407 0.831771 0.858333 0.668750 0.845370 0.667708 0.850000
0 0.668229 0.855556 0.670313 0.858333 0.672396 0.859259 0.675000 0.859259 0.677604 0.854630 0.678125 0.849074 0.677083 0.844444 0.673958 0.842593 0.671354 0.842593 0.616667 0.830556 0.615625 0.835185 0.615625 0.840741 0.618229 0.843518
0 0.620313 0.844444 0.622917 0.844444 0.625521 0.839815 0.626042 0.834259 0.625000 0.829630 0.621875 0.827778 0.619271 0.827778 0.569792 0.802778 0.568750 0.807407 0.569271 0.812963 0.571354 0.815741 0.573438 0.816667 0.576563 0.816667
0 0.578646 0.812037 0.579167 0.806481 0.578646 0.801852 0.575000 0.800000 0.572396 0.800000 0.540104 0.710185 0.539062 0.713889 0.539583 0.719444 0.541667 0.722222 0.543750 0.723148 0.546354 0.723148 0.548958 0.718518 0.549479 0.712963
0 0.548437 0.709259 0.545313 0.706481 0.542708 0.707407 0.521875 0.723148 0.520833 0.727778 0.520833 0.732407 0.523438 0.735185 0.525000 0.737037 0.528125 0.736111 0.530729 0.731481 0.531250 0.725926 0.530208 0.722222 0.527083 0.719444
0 0.524479 0.720370 0.422917 0.771296 0.421875 0.775926 0.422396 0.781482 0.424479 0.784259 0.426562 0.785185 0.429688 0.785185 0.431771 0.780556 0.432292 0.775000 0.431771 0.771296 0.428125 0.768519 0.425521 0.768519 0.278646 0.700926
0 0.277604 0.704630 0.278125 0.710185 0.280208 0.712963 0.282292 0.714815 0.284896 0.713889 0.287500 0.709259 0.288021 0.703704 0.287500 0.700000 0.283854 0.697222 0.281250 0.698148 0.293229 0.678704 0.292188 0.683333 0.292708 0.687963
0 0.294792 0.691667 0.296875 0.692593 0.299479 0.692593 0.302083 0.687037 0.302604 0.682407 0.301562 0.677778 0.298438 0.675000 0.295833 0.675926 0.110937 0.722222 0.109896 0.726852 0.110417 0.731481 0.112500 0.735185 0.114583 0.736111
0 0.117708 0.736111 0.120312 0.730556 0.120312 0.725926 0.119792 0.721296 0.116667 0.718518 0.113542 0.719444 0.108333 0.658333 0.107292 0.662963 0.107813 0.667593 0.109896 0.671296 0.111979 0.672222 0.114583 0.672222 0.117188 0.666667
0 0.117708 0.662037 0.116667 0.657407 0.113542 0.655556 0.110937 0.655556 0.145313 0.548148 0.144271 0.552778 0.144792 0.557407 0.146875 0.560185 0.148958 0.562037 0.152083 0.561111 0.154687 0.556481 0.154687 0.551852 0.154167 0.547222
0 0.151042 0.544444 0.147917 0.545370 0.069792 0.458333 0.068750 0.462963 0.069271 0.467593 0.071354 0.470370 0.073437 0.472222 0.076563 0.471296 0.079167 0.466667 0.079167 0.461111 0.078646 0.457407 0.075521 0.454630 0.072396 0.455556
0 0.093750 0.426852 0.092708 0.431481 0.093229 0.437037 0.095312 0.439815 0.097396 0.440741 0.100521 0.440741 0.103125 0.436111 0.103125 0.430556 0.102604 0.425926 0.099479 0.424074 0.096354 0.424074
0 0.284896 0.491667 0.283854 0.496296 0.284375 0.500926 0.286458 0.504630 0.288542 0.505556 0.291667 0.505556 0.294271 0.500000 0.294271 0.495370 0.293750 0.490741 0.290625 0.487963 0.287500 0.488889
0 0.266146 0.407407 0.265104 0.411111 0.265104 0.416667 0.267708 0.419444 0.269271 0.421296 0.272396 0.420370 0.275000 0.415741 0.275521 0.410185 0.274479 0.406481 0.271354 0.403704 0.268750 0.404630
0 0.311458 0.332407 0.309896 0.337037 0.310417 0.341667 0.312500 0.345370 0.314583 0.346296 0.317708 0.346296 0.320312 0.340741 0.320312 0.336111 0.319792 0.331481 0.316667 0.328704 0.314063 0.329630
0 0.417188 0.301852 0.416146 0.306481 0.416146 0.312037 0.418750 0.314815 0.420312 0.315741 0.423438 0.315741 0.426042 0.311111 0.426562 0.305556 0.425521 0.301852 0.422396 0.299074 0.419792 0.299074
0 0.385417 0.224074 0.384375 0.228704 0.384375 0.233333 0.386458 0.236111 0.388542 0.237963 0.391667 0.237037 0.394271 0.232407 0.394792 0.226852 0.393750 0.223148 0.390625 0.220370 0.388021 0.221296
0 0.456771 0.218519 0.455729 0.222222 0.456250 0.227778 0.458333 0.230556 0.460417 0.232407 0.463542 0.231481 0.466146 0.226852 0.466146 0.221296 0.465625 0.217593 0.462500 0.214815 0.459375 0.215741
0 0.459375 0.370370 0.458333 0.375000 0.458854 0.380556 0.460938 0.383333 0.463021 0.384259 0.465625 0.384259 0.468229 0.379630 0.468750 0.374074 0.468229 0.370370 0.464583 0.367593 0.461979 0.367593
0 0.512500 0.362037 0.511458 0.366667 0.511979 0.371296 0.514063 0.375000 0.516146 0.375926 0.519271 0.375926 0.521875 0.370370 0.521875 0.365741 0.521354 0.361111 0.518229 0.359259 0.515104 0.359259
0 0.529167 0.480556 0.527604 0.485185 0.528125 0.489815 0.530208 0.493519 0.532292 0.494444 0.535417 0.494444 0.538021 0.488889 0.538021 0.484259 0.537500 0.479630 0.534375 0.477778 0.531250 0.477778
0 0.421354 0.423148 0.420312 0.430556 0.420833 0.437037 0.422396 0.440741 0.425521 0.443519 0.431771 0.444444 0.434896 0.440741 0.436979 0.433333 0.437500 0.425926 0.436458 0.419444 0.433854 0.415741
0 0.430208 0.413889 0.425000 0.416667 0.568750 0.417593 0.567708 0.422222 0.568229 0.426852 0.570312 0.429630 0.572396 0.431481 0.575521 0.430556 0.578125 0.425926 0.578125 0.420370 0.577604 0.416667
0 0.574479 0.413889 0.571354 0.414815 0.603125 0.437963 0.601562 0.442593 0.602083 0.447222 0.604167 0.450926 0.606250 0.451852 0.609375 0.451852 0.611979 0.446296 0.612500 0.441667 0.611458 0.437037
0 0.608333 0.435185 0.605729 0.435185 0.551562 0.465741 0.552604 0.468519 0.554688 0.470370 0.557813 0.470370 0.558854 0.467593 0.559896 0.463889 0.559375 0.461111 0.558333 0.459259 0.556771 0.457407
0 0.554688 0.457407 0.552083 0.459259 0.551562 0.462037 0.572917 0.615741 0.573958 0.619444 0.576042 0.621296 0.578646 0.621296 0.580208 0.618519 0.580729 0.614815 0.580208 0.612037 0.579167 0.610185
0 0.577604 0.608333 0.575521 0.608333 0.573438 0.609259 0.572917 0.612963 0.645833 0.560185 0.646875 0.563889 0.649479 0.565741 0.652083 0.565741 0.653125 0.562963 0.654167 0.559259 0.653646 0.556481
0 0.652604 0.554630 0.651042 0.552778 0.648958 0.552778 0.646354 0.554630 0.645833 0.557407 0.575000 0.791667 0.576042 0.795370 0.578125 0.796296 0.580729 0.796296 0.582292 0.794444 0.583333 0.790741
0 0.582292 0.787963 0.581250 0.785185 0.580208 0.784259 0.578125 0.783333 0.575521 0.785185 0.575000 0.788889 0.575521 0.745370 0.576563 0.749074 0.578646 0.750000 0.581250 0.750000 0.582812 0.748148
0 0.583333 0.744444 0.582812 0.741667 0.581771 0.738889 0.580729 0.737963 0.578125 0.737037 0.576042 0.738889 0.575521 0.742593 0.686458 0.830556 0.687500 0.834259 0.689583 0.835185 0.692187 0.835185
0 0.693750 0.833333 0.694271 0.829630 0.693750 0.826852 0.692708 0.824074 0.691146 0.823148 0.689062 0.822222 0.686979 0.824074 0.685938 0.827778 0.746875 0.779630 0.747917 0.783333 0.750000 0.785185
0 0.752604 0.785185 0.754167 0.782407 0.754687 0.778704 0.754167 0.775926 0.753125 0.774074 0.751562 0.772222 0.749479 0.772222 0.747396 0.774074 0.746875 0.776852 0.821354 0.855556 0.822396 0.859259
0 0.824479 0.860185 0.827604 0.860185 0.828646 0.858333 0.829687 0.854630 0.829167 0.851852 0.828125 0.849074 0.826563 0.847222 0.824479 0.847222 0.821875 0.849074 0.821354 0.852778 0.870313 0.760185
0 0.871354 0.763889 0.873438 0.764815 0.876042 0.764815 0.877604 0.762963 0.878125 0.759259 0.877604 0.755556 0.876562 0.753704 0.875521 0.751852 0.872917 0.751852 0.870833 0.753704 0.870313 0.757407
0 0.767708 0.413889 0.768750 0.417593 0.770833 0.418519 0.773438 0.418519 0.775000 0.416667 0.775521 0.412963 0.775000 0.409259 0.773958 0.407407 0.772396 0.405556 0.770312 0.405556 0.768229 0.407407
0 0.767187 0.411111 0.736458 0.269444 0.737500 0.273148 0.740104 0.274074 0.742708 0.274074 0.743750 0.272222 0.744792 0.268519 0.744271 0.265741 0.743229 0.262963 0.741667 0.261111 0.739583 0.261111
0 0.736979 0.262963 0.736458 0.266667 0.779167 0.072222 0.780208 0.075926 0.782812 0.076852 0.785417 0.076852 0.786458 0.075000 0.787500 0.071296 0.786979 0.068519 0.785937 0.065741 0.784375 0.064815
0 0.782292 0.063889 0.779688 0.065741 0.779167 0.069444 0.706250 0.118519 0.707292 0.122222 0.709375 0.124074 0.711979 0.124074 0.713542 0.121296 0.714063 0.117593 0.713542 0.114815 0.712500 0.112963
0 0.711458 0.111111 0.708854 0.111111 0.706771 0.112037 0.706250 0.115741 0.432292 0.149074 0.430729 0.153704 0.431250 0.159259 0.433333 0.162037 0.435417 0.162963 0.438542 0.162963 0.441146 0.158333
0 0.441667 0.152778 0.440625 0.149074 0.437500 0.146296 0.434896 0.146296 0.294792 0.572222 0.291667 0.574074 0.289062 0.578704 0.288021 0.585185 0.289062 0.590741 0.292708 0.594444 0.297396 0.594444
0 0.299479 0.590741 0.300521 0.583333 0.300000 0.577778 0.297917 0.573148 0.355208 0.517593 0.354167 0.522222 0.354688 0.526852 0.356771 0.530556 0.358854 0.531482 0.361979 0.531482 0.364583 0.525926
0 0.364583 0.521296 0.364062 0.516667 0.360938 0.514815 0.357812 0.514815 0.660937 0.465741 0.657292 0.466667 0.653646 0.472222 0.652604 0.479630 0.653646 0.486111 0.656250 0.489815 0.660937 0.491667
0 0.665625 0.488889 0.667708 0.484259 0.668750 0.476852 0.667188 0.469444 0.664583 0.466667 0.727083 0.460185 0.728125 0.462963 0.730208 0.464815 0.732813 0.464815 0.734375 0.462037 0.734896 0.458333 0.734375 0.455556 0.733333 0.453704
0 0.731771 0.451852 0.729688 0.451852 0.727604 0.453704 0.727083 0.457407 0.828125 0.144444 0.823958 0.145370 0.820833 0.151852 0.819792 0.158333 0.820833 0.164815 0.823438 0.169444 0.828125 0.171296
0 0.832292 0.167593 0.834896 0.162963 0.835938 0.155556 0.834375 0.149074 0.831771 0.145370 0.806250 0.066667 0.807292 0.070370 0.809375 0.071296 0.811979 0.071296 0.813542 0.069444 0.814062 0.065741
0 0.813542 0.062037 0.812500 0.060185 0.810938 0.058333 0.808854 0.058333 0.806771 0.060185 0.806250 0.063889 0.678125 0.304630 0.675000 0.306481 0.672396 0.311111 0.671875 0.317593 0.672396 0.323148 0.676562 0.326852
0 0.681250 0.326852 0.682813 0.323148 0.683854 0.315741 0.683854 0.310185 0.681771 0.305556 0.225521 0.757407 0.224479 0.764815 0.225000 0.771296 0.226042 0.775000 0.229687 0.777778 0.235417 0.778704 0.239063 0.775000
