0 0.654989 0.295886 0.651697 0.298477 0.649488 0.304410 0.649300 0.311596 0.650944 0.317837 0.655647 0.321373 0.660840 0.319689 0.662417 0.315106 0.662746 0.307000 0.661570 0.300482 0.658703 0.295969
0 0.636415 0.328599 0.633124 0.331189 0.630914 0.337122 0.630726 0.344309 0.632370 0.350549 0.637073 0.354086 0.642266 0.352401 0.643843 0.347819 0.644172 0.339713 0.642996 0.333194 0.640129 0.328682
0 0.695438 0.335700 0.692147 0.338291 0.689938 0.344224 0.689749 0.351410 0.691394 0.357651 0.696096 0.361188 0.701290 0.359503 0.702866 0.354920 0.703195 0.346815 0.702020 0.340296 0.699152 0.335783
0 0.693356 0.302380 0.690065 0.304970 0.687855 0.310904 0.687667 0.318090 0.689311 0.324331 0.694014 0.327868 0.699207 0.326182 0.700784 0.321600 0.701113 0.313494 0.699938 0.306976 0.697070 0.302463
0 0.582082 0.262888 0.578792 0.265479 0.576582 0.271411 0.576394 0.278598 0.578038 0.284838 0.582741 0.288375 0.587934 0.286690 0.589510 0.282107 0.589840 0.274002 0.588664 0.267484 0.585796 0.262971
0 0.662805 0.421495 0.659514 0.424086 0.657305 0.430019 0.657117 0.437206 0.658760 0.443445 0.663463 0.446982 0.668656 0.445297 0.670233 0.440716 0.670562 0.432609 0.669387 0.426092 0.666519 0.421579
0 0.708809 0.483521 0.705518 0.486112 0.703308 0.492045 0.703120 0.499231 0.704764 0.505472 0.709467 0.509009 0.714660 0.507324 0.716237 0.502742 0.716566 0.494636 0.715391 0.488118 0.712523 0.483606
0 0.643365 0.488155 0.640073 0.490745 0.637864 0.496679 0.637676 0.503865 0.639320 0.510106 0.644022 0.513642 0.649216 0.511957 0.650792 0.507375 0.651121 0.499269 0.649946 0.492751 0.647078 0.488238
0 0.601703 0.368744 0.598411 0.371334 0.596202 0.377268 0.596014 0.384455 0.597658 0.390694 0.602361 0.394231 0.607554 0.392546 0.609131 0.387964 0.609459 0.379858 0.608284 0.373340 0.605417 0.368828
0 0.533654 0.266922 0.530363 0.269512 0.528154 0.275445 0.527966 0.282632 0.529609 0.288872 0.534312 0.292409 0.539505 0.290724 0.541082 0.286142 0.541411 0.278036 0.540236 0.271518 0.537368 0.267006
0 0.706035 0.449906 0.702744 0.452496 0.700534 0.458430 0.700346 0.465617 0.701991 0.471857 0.706693 0.475394 0.711886 0.473708 0.713463 0.469126 0.713792 0.461020 0.712617 0.454502 0.709749 0.449990
0 0.482270 0.281733 0.478979 0.284323 0.476769 0.290256 0.476581 0.297444 0.478226 0.303683 0.482928 0.307220 0.488121 0.305535 0.489698 0.300953 0.490027 0.292847 0.488852 0.286330 0.485984 0.281817
0 0.504318 0.286057 0.501027 0.288648 0.498817 0.294582 0.498629 0.301768 0.500273 0.308008 0.504975 0.311545 0.510169 0.309860 0.511745 0.305278 0.512074 0.297172 0.510899 0.290654 0.508032 0.286141
0 0.492861 0.319387 0.489570 0.321978 0.487361 0.327911 0.487173 0.335097 0.488817 0.341338 0.493519 0.344875 0.498713 0.343190 0.500289 0.338607 0.500618 0.330502 0.499443 0.323983 0.496575 0.319470
0 0.499459 0.378328 0.496168 0.380919 0.493958 0.386852 0.493770 0.394038 0.495414 0.400279 0.500117 0.403816 0.505310 0.402131 0.506887 0.397548 0.507216 0.389443 0.506041 0.382924 0.503173 0.378411
0 0.660556 0.211398 0.657265 0.213989 0.655056 0.219922 0.654868 0.227108 0.656511 0.233349 0.661214 0.236886 0.666407 0.235201 0.667984 0.230619 0.668313 0.222512 0.667138 0.215994 0.664270 0.211481
0 0.641635 0.197826 0.638344 0.200417 0.636135 0.206350 0.635946 0.213536 0.637591 0.219777 0.642293 0.223314 0.647486 0.221629 0.649063 0.217046 0.649392 0.208940 0.648217 0.202422 0.645349 0.197909
0 0.722358 0.320948 0.719067 0.323539 0.716857 0.329472 0.716669 0.336658 0.718313 0.342899 0.723016 0.346436 0.728209 0.344751 0.729786 0.340169 0.730115 0.332063 0.728940 0.325544 0.726072 0.321031
0 0.741628 0.336690 0.738337 0.339281 0.736128 0.345214 0.735939 0.352400 0.737583 0.358640 0.742286 0.362177 0.747479 0.360492 0.749056 0.355910 0.749385 0.347804 0.748210 0.341286 0.745342 0.336773
0 0.765932 0.399642 0.762641 0.402232 0.760432 0.408166 0.760244 0.415352 0.761887 0.421593 0.766590 0.425130 0.771783 0.423444 0.773360 0.418862 0.773689 0.410756 0.772514 0.404238 0.769646 0.399725
0 0.772182 0.527393 0.768892 0.529983 0.766682 0.535917 0.766494 0.543103 0.768138 0.549344 0.772841 0.552881 0.778034 0.551195 0.779610 0.546613 0.779940 0.538506 0.778765 0.531989 0.775896 0.527476
0 0.721494 0.519066 0.718203 0.521656 0.715993 0.527590 0.715805 0.534776 0.717449 0.541017 0.722152 0.544554 0.727345 0.542868 0.728922 0.538286 0.729251 0.530181 0.728076 0.523662 0.725208 0.519149
0 0.751874 0.478956 0.748583 0.481547 0.746373 0.487481 0.746185 0.494668 0.747829 0.500907 0.752532 0.504444 0.757725 0.502759 0.759302 0.498177 0.759631 0.490071 0.758456 0.483553 0.755588 0.479041
0 0.778087 0.463842 0.774797 0.466432 0.772587 0.472366 0.772399 0.479552 0.774043 0.485793 0.778746 0.489330 0.783939 0.487644 0.785516 0.483062 0.785845 0.474956 0.784669 0.468438 0.781802 0.463925
0 0.804822 0.478349 0.801531 0.480940 0.799322 0.486872 0.799134 0.494059 0.800778 0.500299 0.805480 0.503836 0.810673 0.502151 0.812250 0.497569 0.812579 0.489463 0.811404 0.482945 0.808536 0.478432
0 0.892836 0.440708 0.889545 0.443299 0.887335 0.449232 0.887147 0.456419 0.888791 0.462659 0.893494 0.466196 0.898687 0.464511 0.900264 0.459929 0.900593 0.451823 0.899418 0.445305 0.896550 0.440792
0 0.851174 0.488849 0.847883 0.491440 0.845673 0.497373 0.845485 0.504559 0.847130 0.510800 0.851832 0.514337 0.857026 0.512652 0.858602 0.508069 0.858931 0.499964 0.857756 0.493445 0.854888 0.488933
0 0.894747 0.531128 0.891457 0.533718 0.889247 0.539651 0.889059 0.546838 0.890703 0.553078 0.895406 0.556615 0.900598 0.554930 0.902176 0.550347 0.902505 0.542242 0.901329 0.535723 0.898461 0.531211
0 0.922523 0.469418 0.919233 0.472009 0.917023 0.477943 0.916835 0.485129 0.918479 0.491369 0.923182 0.494907 0.928375 0.493221 0.929952 0.488639 0.930281 0.480533 0.929105 0.474015 0.926237 0.469503
0 0.941967 0.460783 0.938677 0.463374 0.936467 0.469307 0.936279 0.476494 0.937922 0.482734 0.942625 0.486271 0.947818 0.484586 0.949395 0.480004 0.949724 0.471898 0.948549 0.465380 0.945681 0.460867
0 0.829479 0.292311 0.826187 0.294902 0.823978 0.300835 0.823790 0.308021 0.825434 0.314261 0.830137 0.317798 0.835330 0.316113 0.836907 0.311531 0.837235 0.303425 0.836060 0.296907 0.833193 0.292394
0 0.859859 0.271642 0.856568 0.274232 0.854358 0.280166 0.854170 0.287352 0.855814 0.293593 0.860517 0.297130 0.865710 0.295444 0.867286 0.290862 0.867616 0.282756 0.866441 0.276238 0.863573 0.271725
0 0.914021 0.263932 0.910730 0.266522 0.908521 0.272456 0.908333 0.279643 0.909977 0.285882 0.914680 0.289419 0.919872 0.287734 0.921449 0.283152 0.921779 0.275046 0.920603 0.268528 0.917735 0.264016
0 0.943533 0.277822 0.940243 0.280413 0.938033 0.286345 0.937845 0.293532 0.939489 0.299772 0.944192 0.303309 0.949385 0.301624 0.950961 0.297043 0.951291 0.288936 0.950115 0.282419 0.947247 0.277906
0 0.923050 0.324729 0.919759 0.327319 0.917549 0.333253 0.917361 0.340439 0.919006 0.346680 0.923708 0.350216 0.928902 0.348531 0.930478 0.343949 0.930807 0.335843 0.929632 0.329325 0.926764 0.324812
0 0.893366 0.284003 0.890076 0.286594 0.887866 0.292526 0.887678 0.299713 0.889322 0.305953 0.894024 0.309490 0.899218 0.307805 0.900794 0.303222 0.901123 0.295117 0.899948 0.288599 0.897080 0.284086
0 0.981901 0.416691 0.978610 0.419281 0.976400 0.425214 0.976212 0.432401 0.977856 0.438641 0.982559 0.442178 0.987752 0.440493 0.989329 0.435910 0.989658 0.427805 0.988483 0.421287 0.985615 0.416774
0 0.893641 0.160277 0.890350 0.162868 0.888140 0.168800 0.887952 0.175987 0.889596 0.182227 0.894299 0.185764 0.899492 0.184079 0.901069 0.179497 0.901398 0.171391 0.900222 0.164873 0.897355 0.160360
0 0.956657 0.164601 0.953366 0.167192 0.951156 0.173125 0.950968 0.180311 0.952613 0.186552 0.957315 0.190089 0.962508 0.188404 0.964085 0.183821 0.964414 0.175716 0.963239 0.169197 0.960371 0.164685
0 0.957699 0.201325 0.954408 0.203916 0.952199 0.209849 0.952011 0.217035 0.953655 0.223276 0.958357 0.226813 0.963551 0.225128 0.965128 0.220545 0.965456 0.212439 0.964281 0.205921 0.961414 0.201408
0 0.940167 0.184667 0.936876 0.187257 0.934667 0.193191 0.934479 0.200378 0.936122 0.206618 0.940826 0.210155 0.946018 0.208469 0.947595 0.203887 0.947924 0.195781 0.946749 0.189263 0.943881 0.184751
0 0.883749 0.085931 0.880459 0.088521 0.878249 0.094455 0.878061 0.101641 0.879705 0.107881 0.884408 0.111419 0.889601 0.109733 0.891178 0.105151 0.891507 0.097044 0.890332 0.090527 0.887464 0.086014
0 0.887049 0.060324 0.883758 0.062915 0.881548 0.068848 0.881360 0.076034 0.883004 0.082275 0.887707 0.085812 0.892900 0.084127 0.894477 0.079544 0.894806 0.071438 0.893631 0.064920 0.890763 0.060407
0 0.854067 0.061563 0.850776 0.064154 0.848566 0.070087 0.848378 0.077273 0.850022 0.083514 0.854725 0.087051 0.859918 0.085366 0.861495 0.080783 0.861824 0.072677 0.860648 0.066159 0.857781 0.061646
0 0.971939 0.079773 0.968648 0.082364 0.966439 0.088296 0.966251 0.095483 0.967894 0.101723 0.972597 0.105260 0.977790 0.103575 0.979367 0.098993 0.979696 0.090887 0.978521 0.084369 0.975653 0.079856
0 0.986174 0.093355 0.982884 0.095945 0.980674 0.101878 0.980486 0.109065 0.982130 0.115305 0.986833 0.118842 0.992026 0.117156 0.993603 0.112574 0.993932 0.104469 0.992756 0.097951 0.989889 0.093438
0 0.956135 0.061885 0.952844 0.064476 0.950634 0.070409 0.950446 0.077595 0.952091 0.083836 0.956793 0.087373 0.961986 0.085688 0.963563 0.081106 0.963892 0.072999 0.962717 0.066481 0.959849 0.061969
0 0.973322 0.008507 0.970031 0.011098 0.967821 0.017031 0.967633 0.024219 0.969278 0.030458 0.973980 0.033995 0.979173 0.032310 0.980750 0.027728 0.981079 0.019622 0.979904 0.013104 0.977036 0.008592
0 0.838092 0.042455 0.834802 0.045045 0.832592 0.050979 0.832404 0.058165 0.834048 0.064406 0.838751 0.067943 0.843944 0.066257 0.845520 0.061675 0.845849 0.053569 0.844674 0.047051 0.841806 0.042538
0 0.843301 0.104481 0.840010 0.107071 0.837801 0.113005 0.837612 0.120192 0.839257 0.126431 0.843959 0.129969 0.849153 0.128283 0.850729 0.123701 0.851058 0.115595 0.849883 0.109077 0.847015 0.104565
0 0.729824 0.254616 0.726533 0.257206 0.724324 0.263140 0.724136 0.270326 0.725780 0.276567 0.730482 0.280104 0.735676 0.278419 0.737253 0.273836 0.737581 0.265730 0.736406 0.259212 0.733539 0.254699
0 0.671150 0.131194 0.667859 0.133784 0.665649 0.139718 0.665461 0.146905 0.667106 0.153144 0.671808 0.156681 0.677002 0.154996 0.678578 0.150414 0.678907 0.142308 0.677732 0.135790 0.674864 0.131278
0 0.686693 0.099149 0.683402 0.101739 0.681192 0.107672 0.681004 0.114859 0.682648 0.121099 0.687351 0.124636 0.692544 0.122951 0.694121 0.118369 0.694450 0.110263 0.693274 0.103744 0.690407 0.099232
0 0.685040 0.179340 0.681749 0.181930 0.679539 0.187863 0.679351 0.195050 0.680995 0.201290 0.685698 0.204827 0.690891 0.203142 0.692468 0.198559 0.692797 0.190454 0.691621 0.183935 0.688754 0.179423
0 0.585397 0.110225 0.582106 0.112816 0.579896 0.118749 0.579708 0.125935 0.581353 0.132176 0.586055 0.135713 0.591248 0.134028 0.592825 0.129445 0.593154 0.121340 0.591979 0.114821 0.589111 0.110308
0 0.555540 0.129669 0.552249 0.132260 0.550039 0.138193 0.549851 0.145380 0.551495 0.151619 0.556198 0.155156 0.561391 0.153471 0.562968 0.148890 0.563297 0.140783 0.562121 0.134266 0.559254 0.129753
0 0.558318 0.098200 0.555027 0.100791 0.552818 0.106724 0.552630 0.113910 0.554273 0.120151 0.558977 0.123688 0.564169 0.122003 0.565746 0.117420 0.566076 0.109315 0.564900 0.102796 0.562032 0.098283
0 0.652929 0.097896 0.649637 0.100487 0.647428 0.106419 0.647240 0.113606 0.648884 0.119846 0.653586 0.123383 0.658780 0.121698 0.660356 0.117117 0.660685 0.109010 0.659510 0.102493 0.656643 0.097980
0 0.660568 0.007799 0.657277 0.010390 0.655067 0.016323 0.654879 0.023510 0.656523 0.029750 0.661226 0.033287 0.666419 0.031602 0.667996 0.027019 0.668324 0.018914 0.667149 0.012395 0.664282 0.007883
0 0.644077 0.022306 0.640786 0.024897 0.638577 0.030831 0.638389 0.038017 0.640032 0.044257 0.644735 0.047794 0.649928 0.046109 0.651505 0.041527 0.651834 0.033421 0.650659 0.026903 0.647791 0.022390
0 0.579848 0.059031 0.576557 0.061621 0.574347 0.067555 0.574159 0.074741 0.575803 0.080981 0.580506 0.084518 0.585699 0.082833 0.587276 0.078251 0.587605 0.070144 0.586430 0.063627 0.583562 0.059114
0 0.512668 0.059344 0.509377 0.061934 0.507167 0.067868 0.506979 0.075054 0.508623 0.081294 0.513326 0.084831 0.518519 0.083146 0.520095 0.078564 0.520424 0.070458 0.519249 0.063940 0.516381 0.059427
0 0.566113 0.302389 0.562822 0.304980 0.560612 0.310912 0.560424 0.318099 0.562068 0.324339 0.566771 0.327876 0.571964 0.326191 0.573541 0.321609 0.573870 0.313503 0.572694 0.306985 0.569827 0.302472
0 0.548233 0.290051 0.544942 0.292642 0.542733 0.298574 0.542545 0.305761 0.544189 0.312001 0.548892 0.315538 0.554084 0.313853 0.555661 0.309270 0.555991 0.301165 0.554815 0.294647 0.551947 0.290134
0 0.448243 0.248707 0.444953 0.251298 0.442743 0.257231 0.442555 0.264418 0.444199 0.270658 0.448902 0.274194 0.454095 0.272510 0.455671 0.267928 0.456001 0.259821 0.454825 0.253304 0.451957 0.248791
0 0.464042 0.370595 0.460751 0.373186 0.458541 0.379119 0.458353 0.386306 0.459997 0.392546 0.464700 0.396083 0.469893 0.394398 0.471470 0.389816 0.471799 0.381709 0.470623 0.375192 0.467756 0.370679
0 0.507441 0.352703 0.504151 0.355294 0.501941 0.361227 0.501753 0.368414 0.503397 0.374654 0.508099 0.378191 0.513293 0.376506 0.514869 0.371923 0.515198 0.363818 0.514023 0.357299 0.511155 0.352787
0 0.416999 0.324319 0.413708 0.326910 0.411499 0.332844 0.411310 0.340030 0.412955 0.346270 0.417657 0.349807 0.422851 0.348122 0.424427 0.343540 0.424756 0.335434 0.423581 0.328916 0.420713 0.324404
0 0.402418 0.291925 0.399127 0.294516 0.396918 0.300448 0.396730 0.307635 0.398373 0.313875 0.403077 0.317412 0.408269 0.315727 0.409846 0.311145 0.410176 0.303039 0.409000 0.296521 0.406132 0.292008
0 0.346001 0.191645 0.342710 0.194236 0.340500 0.200169 0.340312 0.207356 0.341956 0.213596 0.346659 0.217133 0.351852 0.215448 0.353429 0.210866 0.353758 0.202759 0.352582 0.196242 0.349715 0.191729
0 0.356591 0.223741 0.353300 0.226331 0.351091 0.232265 0.350903 0.239451 0.352546 0.245692 0.357249 0.249229 0.362442 0.247543 0.364019 0.242961 0.364348 0.234856 0.363173 0.228337 0.360305 0.223824
0 0.433668 0.134569 0.430377 0.137160 0.428168 0.143094 0.427980 0.150281 0.429623 0.156520 0.434327 0.160057 0.439519 0.158372 0.441096 0.153790 0.441426 0.145684 0.440250 0.139166 0.437382 0.134654
0 0.453112 0.120997 0.449821 0.123588 0.447611 0.129521 0.447423 0.136708 0.449067 0.142948 0.453770 0.146485 0.458963 0.144800 0.460540 0.140218 0.460869 0.132112 0.459694 0.125594 0.456826 0.121081
0 0.437142 0.042626 0.433851 0.045217 0.431642 0.051150 0.431454 0.058337 0.433097 0.064577 0.437800 0.068114 0.442993 0.066429 0.444570 0.061846 0.444899 0.053741 0.443724 0.047222 0.440856 0.042710
0 0.355206 0.299975 0.351915 0.302566 0.349706 0.308499 0.349518 0.315685 0.351161 0.321925 0.355864 0.325462 0.361057 0.323777 0.362634 0.319195 0.362963 0.311089 0.361788 0.304571 0.358920 0.300058
0 0.386628 0.307077 0.383337 0.309667 0.381127 0.315600 0.380939 0.322787 0.382583 0.329027 0.387286 0.332564 0.392479 0.330879 0.394056 0.326296 0.394385 0.318191 0.393209 0.311672 0.390342 0.307160
0 0.372394 0.286099 0.369103 0.288689 0.366893 0.294622 0.366705 0.301809 0.368349 0.308049 0.373052 0.311586 0.378245 0.309901 0.379822 0.305319 0.380151 0.297213 0.378976 0.290694 0.376108 0.286182
0 0.440270 0.218219 0.436980 0.220809 0.434770 0.226743 0.434582 0.233929 0.436226 0.240169 0.440929 0.243706 0.446122 0.242021 0.447698 0.237439 0.448028 0.229333 0.446853 0.222815 0.443984 0.218302
0 0.449987 0.153397 0.446696 0.155988 0.444486 0.161920 0.444298 0.169107 0.445943 0.175347 0.450645 0.178884 0.455839 0.177199 0.457415 0.172617 0.457744 0.164511 0.456569 0.157994 0.453701 0.153481
0 0.427421 0.177469 0.424130 0.180060 0.421920 0.185994 0.421732 0.193180 0.423376 0.199420 0.428079 0.202957 0.433272 0.201272 0.434849 0.196690 0.435178 0.188584 0.434003 0.182066 0.431135 0.177554
0 0.418047 0.386682 0.414757 0.389272 0.412547 0.395206 0.412359 0.402393 0.414003 0.408632 0.418706 0.412169 0.423899 0.410484 0.425476 0.405902 0.425805 0.397796 0.424629 0.391278 0.421761 0.386766
0 0.371872 0.398720 0.368581 0.401311 0.366372 0.407244 0.366184 0.414431 0.367828 0.420671 0.372530 0.424208 0.377723 0.422523 0.379300 0.417941 0.379629 0.409835 0.378454 0.403317 0.375586 0.398805
0 0.513006 0.435753 0.509715 0.438344 0.507505 0.444277 0.507317 0.451463 0.508961 0.457704 0.513664 0.461241 0.518857 0.459556 0.520434 0.454973 0.520763 0.446868 0.519588 0.440349 0.516720 0.435837
0 0.511097 0.484203 0.507806 0.486793 0.505597 0.492726 0.505409 0.499913 0.507053 0.506153 0.511756 0.509690 0.516948 0.508005 0.518525 0.503422 0.518855 0.495317 0.517679 0.488799 0.514811 0.484286
0 0.425169 0.565977 0.421878 0.568568 0.419668 0.574501 0.419480 0.581687 0.421124 0.587928 0.425827 0.591465 0.431020 0.589780 0.432597 0.585197 0.432926 0.577092 0.431751 0.570573 0.428883 0.566060
0 0.375521 0.442246 0.372231 0.444837 0.370021 0.450770 0.369833 0.457957 0.371477 0.464197 0.376180 0.467734 0.381373 0.466049 0.382949 0.461467 0.383279 0.453361 0.382103 0.446843 0.379235 0.442331
0 0.538181 0.486685 0.534890 0.489275 0.532681 0.495208 0.532493 0.502395 0.534136 0.508635 0.538839 0.512172 0.544032 0.510487 0.545609 0.505905 0.545938 0.497799 0.544763 0.491281 0.541895 0.486769
0 0.345318 0.455216 0.342027 0.457806 0.339817 0.463739 0.339629 0.470926 0.341273 0.477166 0.345976 0.480703 0.351169 0.479018 0.352746 0.474436 0.353075 0.466330 0.351899 0.459812 0.349032 0.455299
0 0.306433 0.401838 0.303143 0.404429 0.300933 0.410362 0.300745 0.417548 0.302389 0.423789 0.307092 0.427326 0.312285 0.425641 0.313861 0.421058 0.314191 0.412953 0.313015 0.406434 0.310147 0.401922
0 0.272236 0.385181 0.268945 0.387770 0.266736 0.393704 0.266548 0.400891 0.268192 0.407131 0.272894 0.410668 0.278087 0.408982 0.279664 0.404400 0.279993 0.396294 0.278818 0.389776 0.275951 0.385264
0 0.242379 0.378705 0.239088 0.381295 0.236878 0.387229 0.236690 0.394415 0.238334 0.400656 0.243037 0.404193 0.248230 0.402507 0.249807 0.397925 0.250136 0.389819 0.248960 0.383301 0.246093 0.378789
0 0.213563 0.370378 0.210272 0.372969 0.208062 0.378902 0.207874 0.386089 0.209518 0.392329 0.214221 0.395866 0.219414 0.394181 0.220991 0.389598 0.221320 0.381493 0.220145 0.374974 0.217277 0.370462
0 0.254011 0.237082 0.250721 0.239673 0.248511 0.245606 0.248323 0.252793 0.249967 0.259032 0.254670 0.262569 0.259863 0.260884 0.261440 0.256303 0.261769 0.248196 0.260593 0.241679 0.257726 0.237166
0 0.227626 0.206847 0.224335 0.209438 0.222126 0.215371 0.221937 0.222557 0.223582 0.228798 0.228284 0.232335 0.233478 0.230650 0.235054 0.226068 0.235383 0.217962 0.234208 0.211444 0.231340 0.206931
0 0.249153 0.163653 0.245862 0.166244 0.243653 0.172176 0.243465 0.179363 0.245108 0.185603 0.249811 0.189140 0.255004 0.187455 0.256581 0.182873 0.256910 0.174767 0.255735 0.168249 0.252867 0.163736
0 0.264951 0.171680 0.261660 0.174270 0.259451 0.180204 0.259263 0.187391 0.260906 0.193631 0.265609 0.197168 0.270802 0.195482 0.272379 0.190900 0.272708 0.182794 0.271533 0.176276 0.268665 0.171764
0 0.309392 0.061527 0.306102 0.064117 0.303892 0.070050 0.303704 0.077237 0.305348 0.083477 0.310051 0.087014 0.315244 0.085329 0.316820 0.080746 0.317149 0.072641 0.315974 0.066122 0.313106 0.061610
0 0.346022 0.024194 0.342731 0.026785 0.340521 0.032719 0.340333 0.039905 0.341977 0.046145 0.346680 0.049682 0.351873 0.047997 0.353450 0.043415 0.353779 0.035308 0.352604 0.028791 0.349736 0.024278
0 0.401747 0.135900 0.398456 0.138491 0.396246 0.144424 0.396058 0.151610 0.397702 0.157851 0.402405 0.161388 0.407598 0.159703 0.409175 0.155120 0.409504 0.147014 0.408329 0.140496 0.405461 0.135983
0 0.266517 0.018341 0.263226 0.020931 0.261017 0.026865 0.260829 0.034051 0.262472 0.040292 0.267176 0.043829 0.272368 0.042144 0.273945 0.037561 0.274274 0.029456 0.273099 0.022937 0.270231 0.018424
0 0.148300 0.238662 0.145009 0.241252 0.142799 0.247185 0.142611 0.254372 0.144255 0.260612 0.148958 0.264149 0.154151 0.262464 0.155728 0.257881 0.156057 0.249776 0.154882 0.243257 0.152014 0.238745
0 0.102472 0.185901 0.099181 0.188492 0.096971 0.194425 0.096783 0.201612 0.098427 0.207852 0.103130 0.211389 0.108323 0.209704 0.109900 0.205121 0.110229 0.197016 0.109054 0.190497 0.106186 0.185985
0 0.070878 0.264899 0.067588 0.267489 0.065378 0.273422 0.065190 0.280609 0.066834 0.286849 0.071536 0.290386 0.076730 0.288701 0.078306 0.284119 0.078635 0.276013 0.077460 0.269494 0.074592 0.264982
0 0.041368 0.305326 0.038077 0.307916 0.035868 0.313849 0.035680 0.321036 0.037323 0.327276 0.042027 0.330813 0.047219 0.329128 0.048796 0.324545 0.049126 0.316440 0.047950 0.309921 0.045082 0.305409
0 0.034599 0.275091 0.031308 0.277681 0.029098 0.283614 0.028910 0.290801 0.030554 0.297041 0.035257 0.300578 0.040450 0.298893 0.042027 0.294311 0.042356 0.286205 0.041181 0.279687 0.038313 0.275174
0 0.061507 0.293918 0.058216 0.296508 0.056007 0.302442 0.055819 0.309628 0.057463 0.315869 0.062165 0.319406 0.067358 0.317720 0.068935 0.313138 0.069264 0.305031 0.068089 0.298514 0.065221 0.294001
0 0.082164 0.336804 0.078873 0.339394 0.076664 0.345328 0.076476 0.352514 0.078119 0.358755 0.082822 0.362292 0.088015 0.360606 0.089592 0.356024 0.089921 0.347918 0.088746 0.341400 0.085878 0.336887
0 0.025226 0.339585 0.021935 0.342176 0.019725 0.348109 0.019537 0.355295 0.021181 0.361536 0.025884 0.365073 0.031077 0.363388 0.032654 0.358806 0.032983 0.350700 0.031808 0.344181 0.028940 0.339669
0 0.104730 0.252561 0.101440 0.255151 0.099230 0.261084 0.099042 0.268271 0.100686 0.274511 0.105389 0.278048 0.110582 0.276363 0.112158 0.271781 0.112488 0.263675 0.111312 0.257156 0.108444 0.252644
0 0.048486 0.107231 0.045196 0.109821 0.042986 0.115755 0.042798 0.122941 0.044442 0.129181 0.049145 0.132719 0.054338 0.131033 0.055915 0.126451 0.056244 0.118345 0.055068 0.111827 0.052201 0.107314
0 0.032170 0.103841 0.028879 0.106431 0.026669 0.112365 0.026481 0.119552 0.028125 0.125792 0.032828 0.129329 0.038021 0.127644 0.039597 0.123061 0.039927 0.114956 0.038752 0.108437 0.035883 0.103925
0 0.009256 0.081629 0.005965 0.084219 0.003755 0.090153 0.003567 0.097339 0.005211 0.103580 0.009914 0.107117 0.015107 0.105431 0.016684 0.100849 0.017013 0.092744 0.015837 0.086225 0.012970 0.081712
0 0.141014 0.145806 0.137723 0.148396 0.135513 0.154330 0.135325 0.161517 0.136969 0.167756 0.141672 0.171294 0.146865 0.169608 0.148442 0.165026 0.148771 0.156920 0.147595 0.150402 0.144728 0.145890
0 0.118273 0.041206 0.114983 0.043797 0.112773 0.049731 0.112585 0.056917 0.114229 0.063157 0.118932 0.066694 0.124125 0.065009 0.125702 0.060427 0.126031 0.052321 0.124856 0.045803 0.121987 0.041291
0 0.135460 0.027326 0.132170 0.029917 0.129960 0.035849 0.129772 0.043036 0.131416 0.049276 0.136119 0.052813 0.141312 0.051128 0.142889 0.046546 0.143218 0.038440 0.142042 0.031922 0.139174 0.027409
0 0.118449 0.329108 0.115158 0.331698 0.112948 0.337631 0.112760 0.344819 0.114405 0.351058 0.119107 0.354595 0.124301 0.352910 0.125877 0.348328 0.126206 0.340222 0.125031 0.333704 0.122163 0.329192
0 0.016029 0.439270 0.012738 0.441861 0.010529 0.447794 0.010341 0.454981 0.011984 0.461221 0.016687 0.464758 0.021880 0.463073 0.023457 0.458491 0.023786 0.450384 0.022611 0.443867 0.019743 0.439354
0 0.065331 0.471983 0.062040 0.474573 0.059831 0.480507 0.059643 0.487694 0.061286 0.493933 0.065989 0.497470 0.071182 0.495785 0.072759 0.491203 0.073088 0.483097 0.071913 0.476580 0.069045 0.472067
0 0.123139 0.513953 0.119848 0.516544 0.117639 0.522476 0.117451 0.529663 0.119095 0.535903 0.123797 0.539440 0.128991 0.537755 0.130567 0.533172 0.130896 0.525067 0.129721 0.518549 0.126853 0.514036
0 0.043113 0.479706 0.039822 0.482297 0.037613 0.488230 0.037424 0.495417 0.039068 0.501656 0.043771 0.505194 0.048964 0.503508 0.050541 0.498927 0.050870 0.490820 0.049695 0.484303 0.046827 0.479790
0 0.007874 0.402261 0.004583 0.404851 0.002373 0.410784 0.002185 0.417971 0.003829 0.424211 0.008532 0.427748 0.013725 0.426063 0.015302 0.421481 0.015631 0.413375 0.014456 0.406856 0.011588 0.402344
0 0.174005 0.504401 0.170715 0.506992 0.168505 0.512924 0.168317 0.520111 0.169961 0.526351 0.174664 0.529888 0.179857 0.528203 0.181433 0.523620 0.181763 0.515515 0.180587 0.508997 0.177719 0.504484
0 0.210893 0.622155 0.207602 0.624745 0.205392 0.630679 0.205204 0.637865 0.206848 0.644105 0.211551 0.647642 0.216744 0.645956 0.218320 0.641375 0.218649 0.633269 0.217474 0.626751 0.214606 0.622238
0 0.243929 0.677886 0.240639 0.680477 0.238429 0.686410 0.238241 0.693596 0.239885 0.699837 0.244587 0.703374 0.249781 0.701689 0.251357 0.697106 0.251686 0.689001 0.250511 0.682482 0.247643 0.677969
0 0.294292 0.689075 0.291001 0.691665 0.288792 0.697598 0.288604 0.704785 0.290247 0.711025 0.294951 0.714562 0.300143 0.712877 0.301720 0.708294 0.302049 0.700189 0.300874 0.693670 0.298006 0.689158
0 0.085486 0.690543 0.082195 0.693132 0.079985 0.699066 0.079797 0.706253 0.081441 0.712493 0.086144 0.716030 0.091337 0.714344 0.092914 0.709762 0.093243 0.701656 0.092068 0.695138 0.089200 0.690626
0 0.095662 0.602554 0.092371 0.605145 0.090161 0.611078 0.089973 0.618264 0.091617 0.624505 0.096320 0.628042 0.101513 0.626356 0.103090 0.621774 0.103419 0.613669 0.102244 0.607150 0.099376 0.602637
0 0.014395 0.687372 0.011104 0.689962 0.008894 0.695895 0.008706 0.703082 0.010350 0.709322 0.015053 0.712859 0.020246 0.711174 0.021823 0.706592 0.022152 0.698486 0.020977 0.691968 0.018109 0.687456
0 0.039111 0.792897 0.035821 0.795488 0.033611 0.801421 0.033423 0.808607 0.035067 0.814848 0.039770 0.818385 0.044963 0.816700 0.046540 0.812118 0.046869 0.804012 0.045693 0.797494 0.042826 0.792981
0 0.217495 0.838364 0.214204 0.840954 0.211994 0.846887 0.211806 0.854074 0.213451 0.860314 0.218153 0.863851 0.223346 0.862166 0.224923 0.857583 0.225252 0.849478 0.224077 0.842959 0.221209 0.838447
0 0.160292 0.792294 0.157001 0.794884 0.154791 0.800818 0.154603 0.808004 0.156247 0.814244 0.160950 0.817781 0.166143 0.816096 0.167720 0.811514 0.168049 0.803407 0.166873 0.796890 0.164006 0.792377
0 0.176003 0.772316 0.172711 0.774906 0.170502 0.780839 0.170314 0.788026 0.171958 0.794266 0.176660 0.797803 0.181854 0.796118 0.183431 0.791536 0.183759 0.783430 0.182584 0.776912 0.179717 0.772399
0 0.010752 0.816498 0.007461 0.819089 0.005252 0.825022 0.005064 0.832208 0.006707 0.838449 0.011410 0.841986 0.016603 0.840301 0.018180 0.835719 0.018509 0.827613 0.017334 0.821094 0.014466 0.816582
0 0.025981 0.837583 0.022691 0.840174 0.020481 0.846107 0.020293 0.853294 0.021937 0.859534 0.026640 0.863071 0.031833 0.861386 0.033409 0.856804 0.033739 0.848697 0.032563 0.842180 0.029695 0.837667
0 0.123029 0.868079 0.119737 0.870669 0.117528 0.876602 0.117340 0.883789 0.118984 0.890029 0.123686 0.893566 0.128880 0.891881 0.130457 0.887299 0.130785 0.879193 0.129610 0.872675 0.126743 0.868162
0 0.155584 0.940492 0.152293 0.943082 0.150083 0.949016 0.149895 0.956203 0.151540 0.962443 0.156242 0.965980 0.161435 0.964294 0.163012 0.959712 0.163341 0.951606 0.162166 0.945088 0.159298 0.940576
0 0.198487 0.947462 0.195196 0.950052 0.192986 0.955985 0.192798 0.963172 0.194443 0.969412 0.199145 0.972949 0.204339 0.971264 0.205915 0.966681 0.206244 0.958576 0.205069 0.952057 0.202201 0.947545
0 0.157888 0.974512 0.154597 0.977103 0.152388 0.983036 0.152199 0.990223 0.153844 0.996463 0.158546 1.000000 0.163740 0.998315 0.165316 0.993732 0.165645 0.985627 0.164470 0.979108 0.161602 0.974596
0 0.034990 0.919832 0.031699 0.922423 0.029490 0.928356 0.029302 0.935543 0.030946 0.941783 0.035648 0.944394 0.040842 0.943635 0.042418 0.939053 0.042747 0.930946 0.041572 0.924429 0.038704 0.919916
0 0.252839 0.937923 0.249547 0.940514 0.247338 0.946447 0.247150 0.953633 0.248794 0.959874 0.253497 0.962485 0.258690 0.961726 0.260267 0.957143 0.260596 0.949037 0.259420 0.942519 0.256553 0.938006
0 0.291891 0.814860 0.288601 0.817451 0.286391 0.823384 0.286203 0.830570 0.287847 0.836811 0.292549 0.839422 0.297743 0.838663 0.299319 0.834081 0.299648 0.825975 0.298473 0.819456 0.295605 0.814943
0 0.318671 0.788039 0.315381 0.790630 0.313171 0.796562 0.312983 0.803749 0.314627 0.809989 0.319330 0.812600 0.324523 0.811841 0.326099 0.807258 0.326429 0.799153 0.325253 0.792635 0.322385 0.788122
0 0.314650 0.830510 0.311359 0.833101 0.309149 0.839034 0.308961 0.846221 0.310605 0.852461 0.315308 0.855072 0.320501 0.854313 0.322078 0.849731 0.322407 0.841625 0.321232 0.835106 0.318364 0.830594
0 0.160950 0.836625 0.157659 0.839215 0.155449 0.845148 0.155261 0.852335 0.156906 0.858575 0.161608 0.861186 0.166802 0.860427 0.168378 0.855844 0.168707 0.847739 0.167532 0.841220 0.164664 0.836708
0 0.358344 0.836323 0.355053 0.838913 0.352843 0.844846 0.352655 0.852033 0.354299 0.858273 0.359002 0.860884 0.364195 0.860125 0.365772 0.855543 0.366101 0.847437 0.364926 0.840919 0.362058 0.836406
0 0.355526 0.789397 0.352234 0.791988 0.350025 0.797921 0.349837 0.805107 0.351481 0.811348 0.356184 0.813959 0.361377 0.813200 0.362954 0.808618 0.363282 0.800511 0.362107 0.793994 0.359240 0.789481
0 0.340675 0.774980 0.337384 0.777570 0.335174 0.783504 0.334986 0.790690 0.336630 0.796931 0.341333 0.799542 0.346526 0.798782 0.348103 0.794200 0.348432 0.786094 0.347257 0.779576 0.344389 0.775064
0 0.333284 0.866642 0.329993 0.869232 0.327784 0.875166 0.327596 0.882352 0.329240 0.888593 0.333942 0.891204 0.339135 0.890444 0.340712 0.885862 0.341041 0.877756 0.339866 0.871238 0.336998 0.866725
0 0.373299 0.743151 0.370009 0.745742 0.367799 0.751675 0.367611 0.758861 0.369255 0.765102 0.373958 0.767713 0.379151 0.766954 0.380728 0.762371 0.381057 0.754266 0.379881 0.747747 0.377014 0.743234
0 0.061911 0.918524 0.058621 0.921114 0.056411 0.927047 0.056223 0.934234 0.057867 0.940474 0.062570 0.943085 0.067763 0.942326 0.069340 0.937744 0.069669 0.929638 0.068493 0.923120 0.065626 0.918607
0 0.408502 0.780918 0.405211 0.783508 0.403002 0.789442 0.402814 0.796628 0.404458 0.802869 0.409160 0.805480 0.414354 0.804720 0.415930 0.800138 0.416259 0.792032 0.415084 0.785514 0.412216 0.781001
0 0.439614 0.827667 0.436323 0.830257 0.434114 0.836191 0.433926 0.843378 0.435569 0.849618 0.440272 0.852229 0.445465 0.851469 0.447042 0.846887 0.447371 0.838781 0.446196 0.832263 0.443328 0.827751
0 0.452678 0.772615 0.449386 0.775206 0.447177 0.781138 0.446989 0.788325 0.448633 0.794565 0.453336 0.797176 0.458529 0.796417 0.460106 0.791834 0.460435 0.783729 0.459259 0.777211 0.456392 0.772698
0 0.409432 0.737238 0.406141 0.739829 0.403931 0.745762 0.403743 0.752948 0.405387 0.759189 0.410090 0.761800 0.415283 0.761041 0.416859 0.756458 0.417189 0.748352 0.416014 0.741834 0.413145 0.737321
0 0.340196 0.603481 0.336906 0.606072 0.334696 0.612006 0.334508 0.619192 0.336152 0.625432 0.340855 0.628044 0.346048 0.627284 0.347624 0.622702 0.347954 0.614596 0.346778 0.608078 0.343910 0.603566
0 0.571039 0.737062 0.567748 0.739653 0.565539 0.745585 0.565351 0.752772 0.566995 0.759012 0.571697 0.761623 0.576891 0.760864 0.578467 0.756281 0.578796 0.748176 0.577621 0.741658 0.574753 0.737145
0 0.370174 0.942502 0.366883 0.945093 0.364673 0.951026 0.364485 0.958212 0.366130 0.964453 0.370832 0.967064 0.376026 0.966305 0.377602 0.961722 0.377931 0.953617 0.376756 0.947098 0.373888 0.942585
0 0.547595 0.935356 0.544304 0.937947 0.542094 0.943880 0.541906 0.951067 0.543550 0.957306 0.548253 0.959918 0.553446 0.959158 0.555023 0.954576 0.555352 0.946470 0.554177 0.939953 0.551309 0.935440
0 0.513974 0.806305 0.510683 0.808895 0.508474 0.814829 0.508286 0.822016 0.509930 0.828256 0.514633 0.830867 0.519826 0.830107 0.521403 0.825525 0.521732 0.817419 0.520556 0.810901 0.517689 0.806389
0 0.601155 0.782050 0.597864 0.784640 0.595655 0.790573 0.595467 0.797760 0.597110 0.804000 0.601814 0.806611 0.607006 0.805852 0.608583 0.801269 0.608913 0.793164 0.607737 0.786645 0.604869 0.782133
0 0.560316 0.763782 0.557025 0.766373 0.554815 0.772307 0.554627 0.779493 0.556271 0.785733 0.560974 0.788344 0.566167 0.787585 0.567744 0.783003 0.568073 0.774897 0.566897 0.768379 0.564030 0.763867
0 0.566160 0.705736 0.562869 0.708327 0.560659 0.714260 0.560471 0.721446 0.562116 0.727686 0.566818 0.730297 0.572011 0.729538 0.573588 0.724957 0.573917 0.716850 0.572742 0.710332 0.569874 0.705819
0 0.501256 0.624164 0.497966 0.626755 0.495756 0.632688 0.495568 0.639874 0.497212 0.646114 0.501915 0.648725 0.507108 0.647966 0.508684 0.643384 0.509014 0.635278 0.507838 0.628760 0.504970 0.624247
0 0.597581 0.826182 0.594291 0.828772 0.592081 0.834706 0.591893 0.841893 0.593537 0.848132 0.598240 0.850743 0.603433 0.849984 0.605009 0.845402 0.605339 0.837296 0.604164 0.830778 0.601295 0.826266
0 0.381556 0.603029 0.378265 0.605619 0.376056 0.611552 0.375868 0.618739 0.377511 0.624979 0.382214 0.627590 0.387407 0.626831 0.388984 0.622248 0.389313 0.614143 0.388138 0.607625 0.385270 0.603112
0 0.617211 0.886744 0.613921 0.889335 0.611711 0.895269 0.611523 0.902455 0.613167 0.908695 0.617870 0.911307 0.623063 0.910547 0.624640 0.905965 0.624969 0.897859 0.623793 0.891341 0.620926 0.886829
0 0.633885 0.894997 0.630594 0.897588 0.628384 0.903521 0.628196 0.910708 0.629840 0.916948 0.634543 0.919559 0.639736 0.918800 0.641313 0.914218 0.641642 0.906112 0.640467 0.899593 0.637599 0.895081
0 0.601227 0.950302 0.597936 0.952892 0.595727 0.958825 0.595538 0.966012 0.597182 0.972252 0.601885 0.974863 0.607078 0.974104 0.608655 0.969521 0.608984 0.961416 0.607809 0.954897 0.604941 0.950385
0 0.594799 0.923480 0.591508 0.926070 0.589298 0.932004 0.589110 0.939190 0.590754 0.945431 0.595457 0.948042 0.600650 0.947282 0.602227 0.942700 0.602556 0.934594 0.601381 0.928076 0.598513 0.923563
0 0.575857 0.975438 0.572567 0.978029 0.570357 0.983962 0.570169 0.991149 0.571813 0.997389 0.576516 1.000000 0.581709 0.999241 0.583285 0.994658 0.583615 0.986553 0.582440 0.980034 0.579571 0.975522
0 0.537906 0.966526 0.534615 0.969117 0.532405 0.975050 0.532217 0.982237 0.533861 0.988477 0.538564 0.990162 0.543757 0.990162 0.545334 0.985746 0.545663 0.977641 0.544488 0.971122 0.541620 0.966610
0 0.647947 0.822379 0.644656 0.824969 0.642447 0.830902 0.642259 0.838089 0.643903 0.844329 0.648605 0.846014 0.653798 0.846014 0.655375 0.841599 0.655704 0.833493 0.654529 0.826975 0.651661 0.822462
0 0.667027 0.728402 0.663736 0.730993 0.661527 0.736926 0.661339 0.744112 0.662982 0.750353 0.667685 0.752038 0.672878 0.752038 0.674455 0.747622 0.674784 0.739516 0.673609 0.732998 0.670741 0.728485
0 0.646642 0.867970 0.643351 0.870561 0.641141 0.876494 0.640953 0.883681 0.642597 0.889920 0.647511 0.893360 0.652493 0.891606 0.654070 0.887191 0.654399 0.879084 0.653223 0.872567 0.650356 0.868054
0 0.682483 0.911317 0.679192 0.913907 0.676983 0.919841 0.676795 0.927028 0.678439 0.933268 0.683353 0.936706 0.688334 0.934953 0.689911 0.930537 0.690240 0.922431 0.689065 0.915913 0.686197 0.911401
0 0.700433 0.903613 0.697142 0.906203 0.694933 0.912136 0.694745 0.919323 0.696389 0.925563 0.701303 0.929002 0.706284 0.927248 0.707861 0.922832 0.708190 0.914727 0.707015 0.908208 0.704147 0.903696
0 0.720423 0.785157 0.717132 0.787748 0.714923 0.793682 0.714735 0.800868 0.716379 0.807108 0.721293 0.810547 0.726274 0.808794 0.727852 0.804378 0.728181 0.796272 0.727005 0.789754 0.724137 0.785242
0 0.679677 0.771594 0.676385 0.774185 0.674176 0.780119 0.673988 0.787306 0.675632 0.793545 0.680546 0.796984 0.685528 0.795231 0.687105 0.790815 0.687433 0.782709 0.686258 0.776191 0.683391 0.771679
0 0.717088 0.755800 0.713796 0.758391 0.711587 0.764324 0.711399 0.771510 0.713043 0.777751 0.717957 0.781190 0.722939 0.779436 0.724516 0.775020 0.724844 0.766915 0.723669 0.760396 0.720802 0.755884
0 0.778982 0.918824 0.775691 0.921415 0.773481 0.927348 0.773293 0.934534 0.774937 0.940775 0.779852 0.944214 0.784833 0.942460 0.786410 0.938044 0.786739 0.929939 0.785564 0.923420 0.782696 0.918908
0 0.742315 0.889360 0.739024 0.891951 0.736815 0.897884 0.736627 0.905070 0.738270 0.911311 0.743185 0.914750 0.748166 0.912996 0.749743 0.908581 0.750072 0.900475 0.748897 0.893956 0.746029 0.889444
0 0.898062 0.857385 0.894771 0.859976 0.892561 0.865909 0.892373 0.873096 0.894017 0.879336 0.898932 0.882775 0.903913 0.881021 0.905490 0.876606 0.905819 0.868500 0.904644 0.861982 0.901776 0.857469
0 0.899690 0.791656 0.896398 0.794246 0.894189 0.800180 0.894001 0.807366 0.895645 0.813607 0.900559 0.817045 0.905541 0.815292 0.907118 0.810876 0.907447 0.802770 0.906271 0.796252 0.903404 0.791739
0 0.936786 0.855646 0.933496 0.858236 0.931286 0.864169 0.931098 0.871356 0.932742 0.877596 0.937656 0.881035 0.942638 0.879282 0.944215 0.874866 0.944544 0.866760 0.943368 0.860243 0.940500 0.855730
0 0.933550 0.936374 0.930258 0.938965 0.928049 0.944898 0.927860 0.952085 0.929505 0.958325 0.934419 0.961764 0.939401 0.960010 0.940977 0.955594 0.941306 0.947489 0.940131 0.940970 0.937263 0.936458
0 0.978180 0.772727 0.974889 0.775318 0.972679 0.781250 0.972491 0.788437 0.974135 0.794677 0.979050 0.798117 0.984031 0.796362 0.985608 0.791947 0.985937 0.783841 0.984761 0.777323 0.981894 0.772810
0 0.984673 0.974313 0.981382 0.976904 0.979172 0.982837 0.978984 0.990023 0.980628 0.996263 0.985543 0.999703 0.990524 0.997948 0.992101 0.993533 0.992430 0.985427 0.991255 0.978909 0.988387 0.974396
0 0.927739 0.770132 0.924448 0.772723 0.922239 0.778656 0.922051 0.785843 0.923694 0.792083 0.928609 0.795237 0.933590 0.793769 0.935167 0.789353 0.935496 0.781247 0.934321 0.774729 0.931453 0.770217
0 0.957146 0.676506 0.953855 0.679096 0.951645 0.685030 0.951457 0.692217 0.953101 0.698456 0.958016 0.701611 0.962997 0.700142 0.964574 0.695726 0.964903 0.687620 0.963728 0.681102 0.960860 0.676590
0 0.904001 0.590411 0.900709 0.593002 0.898500 0.598935 0.898311 0.606122 0.899956 0.612362 0.904870 0.615516 0.909852 0.614047 0.911428 0.609631 0.911757 0.601526 0.910582 0.595007 0.907714 0.590495
0 0.835945 0.732513 0.832654 0.735104 0.830445 0.741036 0.830256 0.748223 0.831901 0.754463 0.836815 0.757618 0.841796 0.756148 0.843373 0.751733 0.843702 0.743627 0.842527 0.737109 0.839659 0.732596
0 0.992243 0.580861 0.988952 0.583451 0.986742 0.589384 0.986554 0.596571 0.988198 0.602811 0.993113 0.605966 0.998094 0.604496 0.999671 0.600081 1.000000 0.591975 0.998824 0.585456 0.995957 0.580944
0 0.970634 0.655731 0.967344 0.658321 0.965134 0.664255 0.964946 0.671442 0.966590 0.677682 0.971504 0.680835 0.976486 0.679367 0.977871 0.674951 0.977871 0.666845 0.977217 0.660327 0.974348 0.655815
0 0.984975 0.699915 0.981684 0.702505 0.979474 0.708438 0.979286 0.715625 0.980930 0.721865 0.985845 0.725019 0.990826 0.723550 0.992211 0.719134 0.992211 0.711029 0.991557 0.704510 0.988689 0.699998
0 0.969025 0.560816 0.965734 0.563406 0.963525 0.569340 0.963336 0.576526 0.964980 0.582767 0.969895 0.585920 0.974876 0.584452 0.976261 0.580036 0.976261 0.571931 0.975607 0.565412 0.972739 0.560900
0 0.760505 0.806415 0.757214 0.809006 0.755005 0.814938 0.754817 0.822125 0.756460 0.828365 0.761375 0.831519 0.766356 0.830050 0.767741 0.825634 0.767741 0.817529 0.767087 0.811011 0.764219 0.806498
0 0.588553 0.802616 0.585262 0.805206 0.583053 0.811140 0.582865 0.818326 0.584508 0.824566 0.589423 0.827720 0.594404 0.826251 0.595790 0.821836 0.595790 0.813730 0.595135 0.807212 0.592267 0.802699
0 0.508884 0.546630 0.505593 0.549220 0.503383 0.555154 0.503195 0.562340 0.504840 0.568580 0.509754 0.571734 0.514735 0.570265 0.516120 0.565850 0.516120 0.557743 0.515466 0.551226 0.512598 0.546713
0 0.470492 0.515498 0.467201 0.518088 0.464991 0.524021 0.464803 0.531208 0.466014 0.535875 0.473810 0.535100 0.476754 0.532192 0.477654 0.524922 0.476945 0.519593 0.474205 0.515581
0 0.637224 0.532616 0.633933 0.535206 0.631723 0.541139 0.631535 0.548326 0.633179 0.554566 0.638094 0.557720 0.643075 0.556251 0.644460 0.551835 0.644460 0.543730 0.643806 0.537211 0.640938 0.532699
0 0.675891 0.473302 0.672599 0.475893 0.670390 0.481826 0.670202 0.489012 0.671846 0.495252 0.676760 0.498406 0.681742 0.496937 0.683127 0.492522 0.683127 0.484416 0.682472 0.477898 0.679605 0.473385
0 0.736797 0.371747 0.732632 0.374092 0.729785 0.381373 0.729299 0.389580 0.731174 0.396614 0.734671 0.400803 0.740178 0.401578 0.744567 0.397099 0.746704 0.391266 0.746712 0.382672 0.744317 0.375144 0.741033 0.371932
0 0.759319 0.296656 0.755153 0.299000 0.752307 0.306281 0.751821 0.314488 0.753695 0.321522 0.757193 0.325711 0.762699 0.326486 0.767089 0.322007 0.769225 0.316175 0.769234 0.307581 0.766838 0.300053 0.763554 0.296841
0 0.780111 0.239728 0.775945 0.242072 0.773099 0.249353 0.772613 0.257560 0.774487 0.264594 0.777985 0.268783 0.783492 0.269557 0.787881 0.265080 0.790018 0.259246 0.790026 0.250653 0.787631 0.243124 0.784346 0.239913
0 0.659105 0.387903 0.654939 0.390247 0.652092 0.397529 0.651606 0.405735 0.653481 0.412769 0.656978 0.416958 0.662485 0.417733 0.666874 0.413255 0.669011 0.407421 0.669019 0.398828 0.666624 0.391300 0.663340 0.388088
0 0.808333 0.381552 0.804168 0.383896 0.801321 0.391178 0.800835 0.399384 0.802709 0.406419 0.806207 0.410607 0.811714 0.411382 0.816103 0.406904 0.818240 0.401070 0.818248 0.392477 0.815853 0.384949 0.812568 0.381737
0 0.812933 0.441985 0.808768 0.444330 0.805921 0.451611 0.805435 0.459818 0.807309 0.466852 0.810807 0.471041 0.816314 0.471816 0.820703 0.467337 0.822840 0.461504 0.822848 0.452910 0.820453 0.445382 0.817168 0.442170
0 0.833096 0.462181 0.828931 0.464525 0.826084 0.471806 0.825598 0.480013 0.827473 0.487047 0.830970 0.491235 0.836477 0.492010 0.840866 0.487531 0.843003 0.481699 0.843011 0.473105 0.840616 0.465577 0.837332 0.462365
0 0.832981 0.516745 0.828815 0.519090 0.825968 0.526371 0.825482 0.534578 0.827357 0.541612 0.830854 0.545801 0.836361 0.546576 0.840750 0.542097 0.842887 0.536265 0.842895 0.527670 0.840500 0.520143 0.837216 0.516931
0 0.877196 0.417623 0.873031 0.419968 0.870184 0.427249 0.869698 0.435456 0.871572 0.442490 0.875070 0.446679 0.880577 0.447454 0.884966 0.442975 0.887103 0.437142 0.887111 0.428548 0.884716 0.421020 0.881431 0.417808
0 0.873779 0.317942 0.869613 0.320286 0.866767 0.327568 0.866281 0.335774 0.868155 0.342808 0.871653 0.346997 0.877159 0.347772 0.881548 0.343294 0.883685 0.337460 0.883694 0.328867 0.881298 0.321339 0.878014 0.318127
0 0.909348 0.357138 0.905183 0.359482 0.902336 0.366764 0.901850 0.374970 0.903725 0.382005 0.907222 0.386194 0.912729 0.386969 0.917118 0.382490 0.919255 0.376657 0.919263 0.368063 0.916868 0.360535 0.913583 0.357323
0 0.949948 0.395217 0.945783 0.397561 0.942936 0.404843 0.942450 0.413049 0.944325 0.420083 0.947822 0.424272 0.953329 0.425047 0.957718 0.420568 0.959855 0.414736 0.959863 0.406142 0.957468 0.398614 0.954183 0.395402
0 0.960522 0.425192 0.956357 0.427537 0.953510 0.434818 0.953024 0.443024 0.954898 0.450058 0.958396 0.454247 0.963903 0.455022 0.968292 0.450544 0.970429 0.444711 0.970437 0.436117 0.968042 0.428589 0.964757 0.425377
0 0.967480 0.343394 0.963315 0.345739 0.960468 0.353020 0.959982 0.361227 0.961857 0.368261 0.965354 0.372450 0.970861 0.373225 0.975249 0.368746 0.977387 0.362913 0.977395 0.354319 0.975000 0.346792 0.971716 0.343580
0 0.986072 0.366105 0.981906 0.368449 0.979059 0.375731 0.978573 0.383937 0.980448 0.390971 0.983945 0.395160 0.989452 0.395935 0.993841 0.391456 0.995979 0.385623 0.995986 0.377030 0.993591 0.369502 0.990307 0.366290
0 0.967763 0.486895 0.963597 0.489240 0.960750 0.496521 0.960264 0.504728 0.962139 0.511762 0.965636 0.515951 0.971143 0.516726 0.975532 0.512247 0.977669 0.506414 0.977677 0.497820 0.975282 0.490293 0.971997 0.487081
0 0.848642 0.447851 0.844477 0.450195 0.841630 0.457476 0.841144 0.465683 0.843018 0.472718 0.846516 0.476907 0.852022 0.477681 0.856412 0.473203 0.858549 0.467369 0.858557 0.458776 0.856161 0.451247 0.852877 0.448036
0 0.928543 0.514152 0.924378 0.516496 0.921531 0.523778 0.921045 0.531984 0.922920 0.539019 0.926417 0.543207 0.931924 0.543982 0.936312 0.539504 0.938450 0.533671 0.938458 0.525077 0.936063 0.517549 0.932779 0.514337
0 0.846681 0.359143 0.842515 0.361488 0.839669 0.368769 0.839182 0.376975 0.841057 0.384009 0.844554 0.388198 0.850061 0.388973 0.854450 0.384494 0.856587 0.378662 0.856595 0.370068 0.854200 0.362540 0.850916 0.359328
0 0.850180 0.222856 0.846015 0.225201 0.843168 0.232481 0.842682 0.240688 0.844557 0.247722 0.848054 0.251911 0.853561 0.252686 0.857949 0.248207 0.860087 0.242375 0.860095 0.233781 0.857699 0.226253 0.854416 0.223041
0 0.961522 0.128205 0.957357 0.130549 0.954510 0.137831 0.954024 0.146037 0.955899 0.153071 0.959396 0.157260 0.964903 0.158035 0.969292 0.153556 0.971429 0.147723 0.971437 0.139130 0.969042 0.131602 0.965758 0.128390
0 0.885477 0.015110 0.881311 0.017455 0.878464 0.024736 0.877978 0.032943 0.879853 0.039977 0.883350 0.044166 0.888857 0.044941 0.893246 0.040462 0.895383 0.034629 0.895391 0.026035 0.892996 0.018507 0.889711 0.015295
0 0.711492 0.074984 0.707326 0.077330 0.704480 0.084610 0.703994 0.092817 0.705868 0.099851 0.709365 0.104040 0.714872 0.104815 0.719261 0.100336 0.721398 0.094504 0.721406 0.085909 0.719011 0.078381 0.715727 0.075169
0 0.695655 0.013865 0.691490 0.016209 0.688643 0.023491 0.688157 0.031697 0.690032 0.038731 0.693529 0.042920 0.699035 0.043695 0.703424 0.039217 0.705562 0.033384 0.705570 0.024790 0.703174 0.017262 0.699890 0.014050
0 0.645863 0.253135 0.641697 0.255480 0.638850 0.262761 0.638364 0.270968 0.640239 0.278002 0.643736 0.282191 0.649243 0.282966 0.653632 0.278487 0.655769 0.272654 0.655777 0.264060 0.653382 0.256532 0.650097 0.253320
0 0.642602 0.057049 0.638436 0.059394 0.635590 0.066675 0.635104 0.074881 0.636979 0.081916 0.640476 0.086105 0.645983 0.086880 0.650371 0.082401 0.652509 0.076569 0.652517 0.067974 0.650121 0.060446 0.646837 0.057234
0 0.595639 0.083113 0.591473 0.085457 0.588627 0.092739 0.588141 0.100945 0.590016 0.107980 0.593512 0.112169 0.599019 0.112944 0.603408 0.108465 0.605546 0.102631 0.605554 0.094038 0.603158 0.086510 0.599874 0.083298
0 0.523995 0.333560 0.519829 0.335905 0.516982 0.343186 0.516496 0.351393 0.518371 0.358427 0.521868 0.362616 0.527375 0.363391 0.531764 0.358912 0.533902 0.353079 0.533909 0.344485 0.531514 0.336957 0.528230 0.333745
0 0.467599 0.184978 0.463433 0.187323 0.460587 0.194604 0.460101 0.202810 0.461976 0.209844 0.465473 0.214033 0.470980 0.214808 0.475369 0.210330 0.477506 0.204497 0.477514 0.195903 0.475119 0.188375 0.471834 0.185163
0 0.496094 0.198746 0.491929 0.201091 0.489082 0.208372 0.488596 0.216579 0.490471 0.223613 0.493968 0.227802 0.499475 0.228577 0.503864 0.224098 0.506001 0.218265 0.506009 0.209671 0.503614 0.202144 0.500330 0.198931
0 0.411717 0.156348 0.407551 0.158694 0.404704 0.165974 0.404218 0.174181 0.406093 0.181215 0.409590 0.185404 0.415097 0.186179 0.419486 0.181700 0.421623 0.175868 0.421631 0.167273 0.419236 0.159745 0.415952 0.156533
0 0.340701 0.110319 0.336535 0.112663 0.333689 0.119944 0.333203 0.128151 0.335078 0.135185 0.338574 0.139373 0.344081 0.140148 0.348470 0.135669 0.350608 0.129837 0.350616 0.121243 0.348220 0.113715 0.344936 0.110503
0 0.389004 0.270788 0.384839 0.273133 0.381992 0.280414 0.381506 0.288620 0.383380 0.295655 0.386878 0.299844 0.392384 0.300619 0.396773 0.296140 0.398911 0.290307 0.398919 0.281713 0.396523 0.274185 0.393239 0.270973
0 0.450670 0.324236 0.446504 0.326581 0.443657 0.333862 0.443171 0.342069 0.445046 0.349103 0.448543 0.353292 0.454050 0.354067 0.458439 0.349588 0.460576 0.343755 0.460584 0.335161 0.458189 0.327633 0.454905 0.324421
0 0.375252 0.117253 0.371086 0.119597 0.368240 0.126878 0.367754 0.135085 0.369629 0.142119 0.373126 0.146308 0.378633 0.147082 0.383021 0.142605 0.385159 0.136771 0.385167 0.128178 0.382772 0.120649 0.379488 0.117437
0 0.469773 0.412968 0.465608 0.415313 0.462761 0.422594 0.462276 0.430800 0.464150 0.437834 0.467647 0.442023 0.473154 0.442798 0.477543 0.438319 0.479680 0.432487 0.479688 0.423893 0.477293 0.416365 0.474009 0.413153
0 0.326601 0.343744 0.322435 0.346090 0.319589 0.353370 0.319103 0.361577 0.320978 0.368611 0.324474 0.372800 0.329981 0.373575 0.334370 0.369096 0.336508 0.363264 0.336516 0.354669 0.334120 0.347142 0.330836 0.343930
0 0.338904 0.384897 0.334739 0.387242 0.331892 0.394523 0.331406 0.402730 0.333281 0.409764 0.336778 0.413953 0.342284 0.414728 0.346673 0.410249 0.348811 0.404416 0.348819 0.395822 0.346423 0.388294 0.343139 0.385082
0 0.387365 0.476627 0.383199 0.478971 0.380352 0.486253 0.379866 0.494459 0.381741 0.501494 0.385238 0.505682 0.390745 0.506457 0.395134 0.501979 0.397271 0.496146 0.397279 0.487552 0.394884 0.480024 0.391599 0.476812
0 0.379545 0.539575 0.375380 0.541920 0.372533 0.549201 0.372047 0.557407 0.373922 0.564442 0.377419 0.568631 0.382926 0.569406 0.387315 0.564927 0.389452 0.559094 0.389460 0.550500 0.387065 0.542972 0.383780 0.539760
0 0.354591 0.549431 0.350425 0.551776 0.347579 0.559057 0.347093 0.567264 0.348967 0.574298 0.352464 0.578487 0.357971 0.579262 0.362360 0.574783 0.364497 0.568950 0.364505 0.560356 0.362110 0.552829 0.358826 0.549617
0 0.395348 0.581363 0.391182 0.583707 0.388336 0.590989 0.387850 0.599195 0.389724 0.606230 0.393221 0.610419 0.398729 0.611194 0.403117 0.606715 0.405255 0.600882 0.405263 0.592288 0.402867 0.584760 0.399583 0.581548
0 0.403249 0.615530 0.399084 0.617874 0.396237 0.625156 0.395751 0.633362 0.397626 0.640396 0.401123 0.644585 0.406630 0.645360 0.411019 0.640881 0.413156 0.635048 0.413164 0.626455 0.410769 0.618927 0.407484 0.615715
0 0.356600 0.588500 0.352435 0.590845 0.349589 0.598126 0.349103 0.606332 0.350977 0.613367 0.354474 0.617556 0.359981 0.618331 0.364370 0.613852 0.366507 0.608019 0.366515 0.599425 0.364120 0.591897 0.360836 0.588685
0 0.324572 0.624344 0.320406 0.626689 0.317560 0.633969 0.317074 0.642176 0.318948 0.649210 0.322445 0.653399 0.327953 0.654174 0.332341 0.649695 0.334479 0.643863 0.334486 0.635269 0.332091 0.627741 0.328807 0.624529
0 0.492194 0.671365 0.488028 0.673709 0.485181 0.680990 0.484695 0.689197 0.486570 0.696231 0.490067 0.700419 0.495574 0.701194 0.499963 0.696716 0.502101 0.690883 0.502108 0.682289 0.499713 0.674761 0.496429 0.671549
0 0.474391 0.486943 0.470226 0.489287 0.467379 0.496569 0.466893 0.504775 0.468768 0.511809 0.472265 0.515998 0.477772 0.516773 0.482160 0.512294 0.484298 0.506461 0.484306 0.497868 0.481910 0.490340 0.478627 0.487128
0 0.563361 0.460602 0.559195 0.462946 0.556348 0.470228 0.555862 0.478434 0.557737 0.485469 0.561234 0.489657 0.566741 0.490432 0.571130 0.485954 0.573267 0.480121 0.573276 0.471527 0.570880 0.463999 0.567596 0.460787
0 0.607881 0.473665 0.603716 0.476009 0.600869 0.483291 0.600383 0.491497 0.602258 0.498531 0.605755 0.502720 0.611262 0.503495 0.615650 0.499017 0.617788 0.493183 0.617796 0.484590 0.615400 0.477062 0.612117 0.473850
0 0.583057 0.403274 0.578892 0.405619 0.576045 0.412900 0.575559 0.421106 0.577434 0.428141 0.580931 0.432330 0.586437 0.433105 0.590827 0.428626 0.592964 0.422793 0.592972 0.414199 0.590577 0.406671 0.587292 0.403459
0 0.693200 0.557144 0.689034 0.559489 0.686188 0.566770 0.685702 0.574977 0.687576 0.582011 0.691073 0.586200 0.696580 0.586975 0.700969 0.582496 0.703106 0.576664 0.703115 0.568069 0.700719 0.560542 0.697435 0.557330
0 0.733380 0.633377 0.729214 0.635721 0.726367 0.643003 0.725881 0.651209 0.727756 0.658244 0.731253 0.662432 0.736760 0.663207 0.741149 0.658729 0.743286 0.652895 0.743294 0.644302 0.740899 0.636774 0.737615 0.633562
0 0.750754 0.545744 0.746588 0.548088 0.743742 0.555369 0.743256 0.563576 0.745130 0.570610 0.748627 0.574799 0.754134 0.575574 0.758523 0.571095 0.760660 0.565262 0.760668 0.556669 0.758273 0.549141 0.754989 0.545929
0 0.614674 0.324819 0.610508 0.327164 0.607662 0.334445 0.607176 0.342652 0.609051 0.349686 0.612547 0.353875 0.618055 0.354650 0.622443 0.350171 0.624581 0.344338 0.624589 0.335744 0.622193 0.328217 0.618909 0.325005
0 0.620259 0.485217 0.616093 0.487562 0.613247 0.494843 0.612761 0.503049 0.614635 0.510083 0.618132 0.514272 0.623640 0.515047 0.628028 0.510568 0.630166 0.504736 0.630173 0.496142 0.627778 0.488614 0.624494 0.485402
0 0.867235 0.610918 0.863069 0.613263 0.860222 0.620544 0.859736 0.628750 0.861611 0.635784 0.865108 0.639973 0.870615 0.640748 0.875004 0.636269 0.877141 0.630437 0.877149 0.621843 0.874754 0.614315 0.871470 0.611103
0 0.892146 0.613978 0.887981 0.616322 0.885134 0.623603 0.884648 0.631810 0.886523 0.638844 0.890020 0.643032 0.895527 0.643807 0.899916 0.639329 0.902053 0.633496 0.902061 0.624903 0.899666 0.617374 0.896381 0.614162
0 0.924402 0.644863 0.920236 0.647207 0.917390 0.654489 0.916904 0.662695 0.918779 0.669730 0.922276 0.673918 0.927783 0.674694 0.932171 0.670215 0.934309 0.664382 0.934317 0.655788 0.931921 0.648260 0.928638 0.645048
0 0.923803 0.590209 0.919637 0.592554 0.916791 0.599835 0.916305 0.608042 0.918179 0.615076 0.921676 0.619265 0.927183 0.620040 0.931572 0.615561 0.933709 0.609728 0.933717 0.601134 0.931322 0.593606 0.928038 0.590394
0 0.947361 0.609415 0.943196 0.611759 0.940349 0.619041 0.939863 0.627247 0.941738 0.634281 0.945235 0.638470 0.950742 0.639245 0.955131 0.634767 0.957268 0.628933 0.957276 0.620340 0.954881 0.612812 0.951596 0.609600
0 0.990085 0.616940 0.985920 0.619285 0.983073 0.626566 0.982587 0.634772 0.984462 0.641806 0.987959 0.645995 0.993466 0.646770 0.997855 0.642292 0.999992 0.636459 1.000000 0.627865 0.997605 0.620337 0.994320 0.617125
0 0.923929 0.714128 0.919764 0.716472 0.916917 0.723754 0.916431 0.731960 0.918305 0.738994 0.921803 0.743183 0.927309 0.743958 0.931698 0.739480 0.933323 0.733646 0.933323 0.725053 0.931448 0.717525 0.928164 0.714313
0 0.803117 0.731272 0.798952 0.733617 0.796105 0.740898 0.795619 0.749105 0.797494 0.756139 0.800991 0.760328 0.806498 0.761103 0.810886 0.756624 0.812511 0.750791 0.812511 0.742197 0.810637 0.734669 0.807353 0.731457
0 0.834986 0.697573 0.830821 0.699919 0.827974 0.707199 0.827489 0.715406 0.829363 0.722440 0.832860 0.726629 0.838367 0.727404 0.842756 0.722925 0.844380 0.717093 0.844380 0.708498 0.842506 0.700970 0.839222 0.697758
0 0.814867 0.665593 0.810702 0.667938 0.807855 0.675219 0.807369 0.683425 0.809244 0.690459 0.812741 0.694648 0.818247 0.695423 0.822636 0.690944 0.824261 0.685112 0.824261 0.676518 0.822387 0.668990 0.819102 0.665778
0 0.753582 0.438485 0.749416 0.440830 0.746570 0.448111 0.746083 0.456318 0.747958 0.463352 0.751455 0.467541 0.756962 0.468316 0.761351 0.463837 0.762976 0.458005 0.762976 0.449410 0.761101 0.441882 0.757817 0.438670
0 0.884676 0.689361 0.880510 0.691706 0.877664 0.698987 0.877178 0.707193 0.879053 0.714228 0.882549 0.718417 0.888057 0.719192 0.892445 0.714713 0.894070 0.708880 0.894070 0.700286 0.892195 0.692758 0.888911 0.689546
0 0.807736 0.907129 0.803570 0.909473 0.800724 0.916755 0.800238 0.924961 0.802113 0.931995 0.805609 0.936184 0.811117 0.936959 0.815505 0.932481 0.817130 0.926647 0.817130 0.918054 0.815255 0.910526 0.811971 0.907314
0 0.884250 0.939045 0.880084 0.941390 0.877238 0.948670 0.876752 0.956878 0.878627 0.963912 0.882123 0.968101 0.887631 0.968875 0.892019 0.964397 0.893644 0.958564 0.893644 0.949970 0.891769 0.942442 0.888485 0.939231
0 0.778127 0.835953 0.773961 0.838297 0.771115 0.845579 0.770629 0.853785 0.772503 0.860819 0.776000 0.865008 0.781507 0.865783 0.785896 0.861305 0.787520 0.855472 0.787520 0.846878 0.785646 0.839350 0.782362 0.836138
0 0.961707 0.939855 0.958416 0.942445 0.956206 0.948379 0.956018 0.955566 0.957662 0.961806 0.962577 0.964616 0.967558 0.963491 0.969135 0.959075 0.969464 0.950969 0.968289 0.944451 0.965421 0.939939
0 0.965552 0.875926 0.962261 0.878516 0.960052 0.884449 0.959864 0.891636 0.961508 0.897876 0.966422 0.900687 0.971404 0.899561 0.972980 0.895145 0.973309 0.887040 0.972134 0.880521 0.969266 0.876009
0 0.760283 0.933263 0.756992 0.935854 0.754782 0.941787 0.754594 0.948974 0.756238 0.955214 0.761153 0.958024 0.766134 0.956899 0.767711 0.952483 0.768040 0.944378 0.766865 0.937859 0.763997 0.933347
0 0.979682 0.861017 0.976392 0.863607 0.974182 0.869541 0.973994 0.876728 0.975638 0.882968 0.980552 0.886406 0.985534 0.884653 0.987110 0.880237 0.987440 0.872131 0.986264 0.865613 0.983396 0.861101
0 0.984301 0.922133 0.981010 0.924724 0.978801 0.930657 0.978613 0.937844 0.980256 0.944084 0.985171 0.947523 0.990152 0.945769 0.991729 0.941354 0.992058 0.933248 0.990883 0.926730 0.988015 0.922218
0 0.866215 0.683035 0.862924 0.685625 0.860715 0.691558 0.860526 0.698745 0.862170 0.704985 0.867084 0.708424 0.872066 0.706670 0.873643 0.702255 0.873972 0.694149 0.872797 0.687631 0.869929 0.683119
0 0.928275 0.892604 0.924110 0.894948 0.921264 0.902230 0.920777 0.910436 0.922652 0.917470 0.926149 0.921659 0.931656 0.922434 0.936045 0.917956 0.937669 0.912122 0.937669 0.903529 0.935795 0.896001 0.932510 0.892789
0 0.742140 0.789855 0.737974 0.792200 0.735127 0.799481 0.734641 0.807687 0.736516 0.814721 0.740013 0.818910 0.745520 0.819685 0.749909 0.815206 0.751533 0.809374 0.751533 0.800780 0.749659 0.793252 0.746374 0.790040
0 0.711970 0.873644 0.707805 0.875990 0.704958 0.883270 0.704472 0.891477 0.706346 0.898511 0.709844 0.902700 0.715351 0.903475 0.719740 0.898996 0.721364 0.893164 0.721364 0.884569 0.719490 0.877042 0.716205 0.873830
0 0.745385 0.751315 0.741220 0.753659 0.738373 0.760941 0.737888 0.769147 0.739762 0.776181 0.743259 0.780370 0.748766 0.781145 0.753155 0.776667 0.754779 0.770833 0.754779 0.762240 0.752905 0.754712 0.749621 0.751500
0 0.663807 0.800751 0.659642 0.803096 0.656795 0.810377 0.656309 0.818583 0.658183 0.825618 0.661681 0.829806 0.667188 0.830581 0.671577 0.826103 0.673201 0.820270 0.673201 0.811676 0.671327 0.804148 0.668042 0.800936
0 0.584741 0.885571 0.580576 0.887917 0.577729 0.895197 0.577243 0.903404 0.579118 0.910438 0.582615 0.914627 0.588121 0.915402 0.592510 0.910923 0.594135 0.905091 0.594135 0.896496 0.592260 0.888969 0.588976 0.885756
0 0.754023 0.685259 0.749858 0.687605 0.747011 0.694885 0.746525 0.703092 0.748399 0.710126 0.751897 0.714315 0.757404 0.715090 0.761793 0.710611 0.763417 0.704779 0.763417 0.696184 0.761543 0.688657 0.758258 0.685444
0 0.647127 0.714771 0.642961 0.717116 0.640115 0.724397 0.639629 0.732604 0.641503 0.739638 0.645001 0.743827 0.650507 0.744602 0.654896 0.740123 0.656521 0.734290 0.656521 0.725696 0.654646 0.718169 0.651362 0.714957
0 0.662375 0.918797 0.658209 0.921143 0.655363 0.928423 0.654877 0.936630 0.656752 0.943664 0.660248 0.947853 0.665756 0.948628 0.670144 0.944149 0.671769 0.938317 0.671769 0.929722 0.669895 0.922194 0.666610 0.918982
0 0.533640 0.896779 0.529474 0.899124 0.526628 0.906405 0.526141 0.914611 0.528016 0.921645 0.531513 0.925834 0.537020 0.926609 0.541409 0.922131 0.543033 0.916298 0.543033 0.907704 0.541159 0.900176 0.537874 0.896964
0 0.500765 0.757959 0.496599 0.760305 0.493752 0.767585 0.493266 0.775792 0.495141 0.782826 0.498638 0.787015 0.504145 0.787790 0.508534 0.783311 0.510158 0.777479 0.510158 0.768884 0.508284 0.761356 0.504999 0.758144
0 0.497266 0.724605 0.493100 0.726949 0.490254 0.734231 0.489768 0.742437 0.491642 0.749471 0.495139 0.753660 0.500646 0.754435 0.505035 0.749956 0.506659 0.744123 0.506659 0.735530 0.504785 0.728002 0.501501 0.724790
0 0.534160 0.737970 0.529994 0.740315 0.527148 0.747596 0.526662 0.755803 0.528536 0.762837 0.532033 0.767026 0.537541 0.767801 0.541929 0.763322 0.543554 0.757489 0.543554 0.748895 0.541679 0.741368 0.538395 0.738156
0 0.682057 0.626415 0.681263 0.643975 0.685409 0.654323 0.691671 0.658399 0.699257 0.657615 0.704108 0.652284 0.707019 0.644445 0.706931 0.631903 0.703667 0.622182 0.700051 0.616852 0.693965 0.613559 0.686732 0.618106
0 0.647489 0.673469 0.646695 0.691029 0.650841 0.701376 0.657104 0.705453 0.664689 0.704669 0.669541 0.699338 0.672451 0.691499 0.672363 0.678956 0.669100 0.669235 0.665483 0.663905 0.659397 0.660612 0.652164 0.665159
0 0.617685 0.674114 0.616891 0.691673 0.621036 0.702021 0.627299 0.706097 0.634884 0.705314 0.639736 0.699983 0.642646 0.692144 0.642558 0.679601 0.639295 0.669881 0.635678 0.664550 0.629592 0.661257 0.622359 0.665804
0 0.619369 0.582099 0.618575 0.599659 0.622721 0.610007 0.628983 0.614083 0.636569 0.613299 0.641420 0.607969 0.644331 0.600130 0.644243 0.587587 0.640979 0.577867 0.637363 0.572535 0.631277 0.569244 0.624044 0.573790
0 0.863094 0.559272 0.862301 0.576832 0.866446 0.587180 0.872709 0.591256 0.880294 0.590472 0.885145 0.585142 0.888056 0.577303 0.887968 0.564760 0.884705 0.555040 0.881088 0.549708 0.875002 0.546417 0.867769 0.550963
0 0.822056 0.908555 0.821262 0.926114 0.825408 0.936462 0.831670 0.940538 0.839256 0.939755 0.844107 0.934424 0.847018 0.926584 0.846930 0.914042 0.843666 0.904321 0.840050 0.898991 0.833964 0.895698 0.826731 0.900244
0 0.528678 0.786749 0.527884 0.804309 0.532030 0.814656 0.538293 0.818733 0.545878 0.817949 0.550730 0.812618 0.553640 0.804780 0.553552 0.792236 0.550288 0.782516 0.546672 0.777185 0.540586 0.773893 0.533353 0.778440
0 0.504557 0.930974 0.503763 0.948534 0.507909 0.958881 0.514171 0.962958 0.521757 0.962174 0.526608 0.956843 0.529519 0.949005 0.529431 0.936462 0.526167 0.926741 0.522551 0.921410 0.516465 0.918118 0.509232 0.922665
0 0.312228 0.673703 0.311258 0.688899 0.314503 0.697849 0.315665 0.699395 0.320766 0.701925 0.328351 0.701142 0.333203 0.695811 0.336114 0.687971 0.336025 0.675429 0.332761 0.665708 0.329145 0.660378 0.323685 0.658820 0.317252 0.662894
0 0.454199 0.739150 0.453406 0.756709 0.457551 0.767057 0.463814 0.771134 0.471399 0.770350 0.476251 0.765019 0.479161 0.757180 0.479073 0.744637 0.475809 0.734917 0.472193 0.729586 0.466107 0.726294 0.458874 0.730841
0 0.434542 0.415629 0.433748 0.433189 0.437894 0.443537 0.444156 0.447613 0.451742 0.446829 0.456593 0.441498 0.459504 0.433659 0.459416 0.421117 0.456152 0.411396 0.452536 0.406066 0.446449 0.402773 0.439217 0.407319
0 0.573713 0.339345 0.572919 0.356906 0.577065 0.367253 0.583327 0.371330 0.590913 0.370545 0.595764 0.365215 0.598675 0.357376 0.598587 0.344833 0.595323 0.335112 0.591707 0.329781 0.585621 0.326489 0.578388 0.331036
0 0.548652 0.380833 0.547858 0.398394 0.552004 0.408742 0.558266 0.412818 0.565852 0.412033 0.570703 0.406703 0.573614 0.398864 0.573525 0.386321 0.570262 0.376601 0.566645 0.371270 0.560559 0.367978 0.553327 0.372524
0 0.538862 0.516707 0.538069 0.534267 0.542214 0.544614 0.548477 0.548691 0.556063 0.547907 0.560914 0.542576 0.563824 0.534737 0.563736 0.522193 0.560472 0.512473 0.556856 0.507143 0.550770 0.503850 0.543537 0.508397
0 0.263576 0.850536 0.262782 0.868095 0.266928 0.878444 0.273190 0.882519 0.280776 0.881736 0.285627 0.876406 0.288538 0.868566 0.288449 0.856023 0.285186 0.846303 0.281570 0.840972 0.275483 0.837680 0.268251 0.842226
0 0.165914 0.900794 0.165120 0.918354 0.169266 0.928702 0.175528 0.932778 0.183114 0.931994 0.187965 0.926664 0.190876 0.918824 0.190788 0.906281 0.187524 0.896561 0.183908 0.891231 0.177822 0.887938 0.170589 0.892485
0 0.086344 0.847481 0.085550 0.865040 0.089695 0.875388 0.095958 0.879464 0.103544 0.878681 0.108395 0.873350 0.111306 0.865510 0.111217 0.852968 0.107954 0.843247 0.104337 0.837917 0.098251 0.834624 0.091018 0.839170
0 0.007008 0.740710 0.006214 0.758269 0.010360 0.768618 0.016622 0.772694 0.024208 0.771910 0.029059 0.766579 0.031970 0.758740 0.031882 0.746197 0.028618 0.736477 0.025002 0.731146 0.018916 0.727854 0.011683 0.732400
0 0.132552 0.327816 0.131758 0.345376 0.135904 0.355724 0.142166 0.359800 0.149752 0.359016 0.154603 0.353685 0.157514 0.345846 0.157426 0.333304 0.154162 0.323583 0.150546 0.318253 0.144459 0.314960 0.137227 0.319506
0 0.180796 0.324200 0.180002 0.341760 0.184148 0.352107 0.190410 0.356184 0.197996 0.355400 0.202847 0.350069 0.205758 0.342231 0.205670 0.329688 0.202406 0.319967 0.198790 0.314636 0.192704 0.311344 0.185471 0.315891
0 0.256999 0.338543 0.256206 0.356102 0.260352 0.366450 0.266614 0.370527 0.274199 0.369743 0.279050 0.364412 0.281961 0.356572 0.281873 0.344030 0.278610 0.334309 0.274993 0.328979 0.268907 0.325686 0.261674 0.330233
0 0.290207 0.326156 0.289413 0.343716 0.293558 0.354064 0.299821 0.358140 0.307407 0.357356 0.312258 0.352026 0.315169 0.344186 0.315081 0.331644 0.311817 0.321923 0.308201 0.316593 0.302115 0.313300 0.294882 0.317847
0 0.337511 0.267413 0.336717 0.284973 0.340863 0.295320 0.347126 0.299397 0.354711 0.298613 0.359562 0.293282 0.362473 0.285444 0.362385 0.272901 0.359121 0.263180 0.355505 0.257849 0.349419 0.254557 0.342186 0.259104
0 0.263517 0.294284 0.262723 0.311844 0.266869 0.322192 0.273131 0.326269 0.280717 0.325484 0.285568 0.320154 0.288479 0.312315 0.288391 0.299772 0.285127 0.290051 0.281511 0.284720 0.275424 0.281428 0.268192 0.285975
0 0.174846 0.035914 0.174052 0.053474 0.178198 0.063821 0.184460 0.067898 0.192046 0.067114 0.196897 0.061783 0.199808 0.053944 0.199720 0.041401 0.196456 0.031681 0.192840 0.026350 0.186754 0.023057 0.179521 0.027605
0 0.232488 0.062368 0.231694 0.079927 0.235840 0.090275 0.242103 0.094351 0.249688 0.093568 0.254540 0.088237 0.257450 0.080397 0.257362 0.067855 0.254098 0.058134 0.250482 0.052804 0.244396 0.049511 0.237163 0.054058
0 0.415077 0.261055 0.414282 0.278615 0.418428 0.288962 0.424691 0.293039 0.432276 0.292255 0.437128 0.286924 0.440038 0.279085 0.439950 0.266543 0.436686 0.256821 0.433070 0.251491 0.426984 0.248198 0.419751 0.252745
0 0.039044 0.160379 0.038250 0.177938 0.042396 0.188286 0.048658 0.192362 0.056244 0.191579 0.061095 0.186248 0.064006 0.178408 0.063918 0.165866 0.060654 0.156145 0.057038 0.150815 0.050952 0.147522 0.043719 0.152069
0 0.021501 0.019780 0.020707 0.037340 0.024853 0.047687 0.031116 0.051764 0.038701 0.050980 0.043553 0.045649 0.046463 0.037810 0.046375 0.025268 0.043111 0.015546 0.039495 0.010216 0.033409 0.006923 0.026176 0.011470
0 0.309398 0.026187 0.308604 0.043747 0.312749 0.054094 0.319012 0.058171 0.326598 0.057387 0.331449 0.052056 0.334360 0.044218 0.334271 0.031674 0.331008 0.021954 0.327392 0.016623 0.321305 0.013331 0.314073 0.017878
0 0.588836 0.243916 0.588042 0.261475 0.592188 0.271823 0.598451 0.275899 0.606036 0.275116 0.610887 0.269784 0.613798 0.261945 0.613710 0.249403 0.610446 0.239682 0.606830 0.234352 0.600744 0.231059 0.593511 0.235606
0 0.536285 0.233618 0.535491 0.251177 0.539637 0.261525 0.545899 0.265601 0.553485 0.264818 0.558336 0.259487 0.561247 0.251647 0.561159 0.239105 0.557895 0.229384 0.554279 0.224054 0.548193 0.220761 0.540960 0.225307
0 0.549052 0.023274 0.548258 0.040834 0.552403 0.051181 0.558666 0.055258 0.566251 0.054474 0.571103 0.049144 0.574014 0.041305 0.573925 0.028762 0.570661 0.019042 0.567045 0.013710 0.560959 0.010419 0.553726 0.014965
0 0.455619 0.025088 0.454825 0.042647 0.458970 0.052995 0.465233 0.057071 0.472819 0.056288 0.477670 0.050957 0.480581 0.043118 0.480492 0.030575 0.477229 0.020855 0.473612 0.015524 0.467526 0.012231 0.460294 0.016778
0 0.719550 0.191865 0.718756 0.209425 0.722902 0.219772 0.729164 0.223849 0.736750 0.223065 0.741601 0.217734 0.744512 0.209895 0.744423 0.197353 0.741160 0.187631 0.737544 0.182301 0.731458 0.179008 0.724225 0.183556
0 0.693784 0.209131 0.692990 0.226691 0.697135 0.237038 0.703398 0.241115 0.710984 0.240331 0.715835 0.235000 0.718746 0.227161 0.718657 0.214619 0.715394 0.204897 0.711778 0.199567 0.705692 0.196274 0.698459 0.200821
0 0.736859 0.080226 0.736065 0.097785 0.740211 0.108133 0.746473 0.112209 0.754059 0.111426 0.758910 0.106095 0.761821 0.098256 0.761733 0.085713 0.758469 0.075993 0.754853 0.070662 0.748767 0.067369 0.741534 0.071916
0 0.875326 0.210252 0.874531 0.227811 0.878677 0.238159 0.884940 0.242235 0.892525 0.241452 0.897377 0.236121 0.900287 0.228281 0.900199 0.215739 0.896935 0.206019 0.893319 0.200688 0.887233 0.197395 0.880000 0.201942
0 0.900779 0.080094 0.899985 0.097654 0.904131 0.108001 0.910393 0.112078 0.917979 0.111294 0.922830 0.105963 0.925741 0.098124 0.925653 0.085581 0.922389 0.075860 0.918773 0.070530 0.912686 0.067237 0.905454 0.071784
0 0.908846 0.033044 0.908052 0.050604 0.912198 0.060952 0.918460 0.065028 0.926046 0.064244 0.930897 0.058914 0.933808 0.051074 0.933720 0.038531 0.930456 0.028811 0.926840 0.023481 0.920754 0.020188 0.913521 0.024734
0 0.761139 0.581118 0.760345 0.598678 0.764491 0.609026 0.770754 0.613102 0.778339 0.612318 0.783190 0.606987 0.786101 0.599148 0.786013 0.586606 0.782749 0.576885 0.779133 0.571554 0.773047 0.568262 0.765814 0.572808
0 0.674990 0.871931 0.674196 0.889492 0.678342 0.899839 0.684604 0.903916 0.692190 0.903131 0.697041 0.897801 0.699952 0.889962 0.699864 0.877419 0.696600 0.867698 0.692984 0.862368 0.686897 0.859075 0.679665 0.863622
0 0.559707 0.628595 0.558913 0.646156 0.563058 0.656504 0.569321 0.660580 0.576907 0.659795 0.581758 0.654465 0.584669 0.646626 0.584580 0.634083 0.581317 0.624363 0.577701 0.619031 0.571614 0.615740 0.564382 0.620286
0 0.575527 0.489250 0.574733 0.506810 0.578879 0.517157 0.585142 0.521234 0.592727 0.520450 0.597579 0.515119 0.600489 0.507281 0.600401 0.494737 0.597138 0.485017 0.593521 0.479686 0.587435 0.476394 0.580202 0.480941
0 0.620482 0.451806 0.619688 0.469366 0.623834 0.479714 0.630096 0.483790 0.637682 0.483006 0.642533 0.477675 0.645444 0.469836 0.645356 0.457294 0.642092 0.447573 0.638476 0.442243 0.632390 0.438950 0.625157 0.443496
0 0.067951 0.650741 0.067157 0.668301 0.071303 0.678648 0.077565 0.682725 0.085151 0.681941 0.090002 0.676610 0.092913 0.668771 0.092824 0.656229 0.089561 0.646507 0.085944 0.641177 0.079858 0.637884 0.072626 0.642431
0 0.283103 0.644544 0.282123 0.658336 0.283931 0.672264 0.290109 0.681906 0.297805 0.683831 0.303896 0.683110 0.310375 0.674674 0.313464 0.664363 0.313389 0.652043 0.311882 0.641865 0.304574 0.633696 0.297869 0.630617 0.288074 0.635705
0 0.401351 0.482152 0.400371 0.495945 0.402180 0.509872 0.408357 0.519514 0.416054 0.521439 0.422144 0.520719 0.428623 0.512282 0.431712 0.501971 0.431637 0.489651 0.430130 0.479474 0.422822 0.471305 0.416117 0.468225 0.406323 0.473314
0 0.423723 0.110863 0.420432 0.113454 0.418222 0.119387 0.418034 0.126573 0.419679 0.132814 0.424381 0.136351 0.429574 0.134666 0.431151 0.130083 0.431480 0.121977 0.430305 0.115459 0.427437 0.110946
0 0.382464 0.072768 0.378298 0.075113 0.375452 0.082394 0.374966 0.090600 0.376840 0.097634 0.380338 0.101823 0.385844 0.102598 0.390233 0.098119 0.392370 0.092287 0.392379 0.083693 0.389983 0.076165 0.386699 0.072953
0 0.241783 0.135431 0.241637 0.144617 0.242874 0.151215 0.244937 0.155794 0.249134 0.157944 0.255758 0.157167 0.259000 0.152091 0.260490 0.143711 0.260042 0.135424 0.258233 0.128572 0.254833 0.124313 0.250372 0.123656 0.244912 0.127796
0 0.193469 0.190755 0.193323 0.199942 0.194561 0.206540 0.196624 0.211119 0.200821 0.213268 0.207445 0.212492 0.210686 0.207415 0.212177 0.199035 0.211728 0.190748 0.209920 0.183897 0.206520 0.179637 0.202058 0.178981 0.196599 0.183121
0 0.241185 0.207460 0.241040 0.216647 0.242278 0.223245 0.244340 0.227824 0.248537 0.229974 0.255161 0.229197 0.258403 0.224120 0.259893 0.215741 0.259444 0.207454 0.257636 0.200603 0.254236 0.196343 0.249775 0.195686 0.244316 0.199827
0 0.212700 0.280107 0.212554 0.289294 0.213792 0.295893 0.215854 0.300471 0.220052 0.302620 0.226676 0.301844 0.229917 0.296768 0.231407 0.288388 0.230958 0.280101 0.229151 0.273250 0.225750 0.268990 0.221289 0.268333 0.215830 0.272473
0 0.176492 0.270137 0.176346 0.279323 0.177584 0.285922 0.179646 0.290501 0.183844 0.292650 0.190468 0.291874 0.193709 0.286797 0.195199 0.278418 0.194751 0.270131 0.192943 0.263280 0.189542 0.259019 0.185081 0.258363 0.179622 0.262504
0 0.211532 0.096488 0.211386 0.105674 0.212624 0.112273 0.214686 0.116852 0.218884 0.119001 0.225508 0.118225 0.228749 0.113148 0.230240 0.104769 0.229791 0.096481 0.227983 0.089631 0.224582 0.085370 0.220121 0.084714 0.214662 0.088854
0 0.160463 0.073828 0.160317 0.083014 0.161554 0.089613 0.163617 0.094192 0.167815 0.096341 0.174439 0.095565 0.177680 0.090488 0.179170 0.082108 0.178721 0.073821 0.176913 0.066970 0.173513 0.062710 0.169052 0.062054 0.163593 0.066194
0 0.135910 0.189984 0.135765 0.199170 0.137003 0.205769 0.139065 0.210348 0.143262 0.212497 0.149886 0.211720 0.153128 0.206644 0.154618 0.198265 0.154169 0.189978 0.152361 0.183127 0.148961 0.178867 0.144500 0.178210 0.139041 0.182350
0 0.076930 0.093062 0.076784 0.102249 0.078021 0.108847 0.080084 0.113427 0.084282 0.115576 0.090906 0.114799 0.094147 0.109723 0.095637 0.101344 0.095189 0.093056 0.093381 0.086205 0.089980 0.081945 0.085519 0.081288 0.080060 0.085429
0 0.118176 0.108479 0.118030 0.117666 0.119268 0.124264 0.121330 0.128844 0.125528 0.130993 0.132152 0.130216 0.135393 0.125140 0.136883 0.116760 0.136434 0.108473 0.134627 0.101621 0.131226 0.097362 0.126765 0.096705 0.121306 0.100845
0 0.073139 0.199374 0.072993 0.208560 0.074230 0.215159 0.076293 0.219738 0.080490 0.221887 0.087114 0.221111 0.090355 0.216034 0.091846 0.207655 0.091397 0.199368 0.089589 0.192517 0.086189 0.188256 0.081728 0.187600 0.076268 0.191741
0 0.059318 0.113119 0.059172 0.122306 0.060410 0.128905 0.062472 0.133483 0.066670 0.135632 0.073294 0.134856 0.076535 0.129780 0.078026 0.121400 0.077577 0.113113 0.075769 0.106262 0.072368 0.102002 0.067907 0.101345 0.062448 0.105485
0 0.222146 0.154982 0.222000 0.164169 0.223237 0.170768 0.225300 0.175346 0.229497 0.177495 0.236121 0.176719 0.239362 0.171643 0.240853 0.163263 0.240404 0.154976 0.238596 0.148125 0.235196 0.143865 0.230735 0.143208 0.225276 0.147349
0 0.184282 0.376156 0.184137 0.385342 0.185374 0.391940 0.187437 0.396519 0.191634 0.398669 0.198258 0.397892 0.201499 0.392816 0.202990 0.384436 0.202541 0.376149 0.200733 0.369297 0.197333 0.365038 0.192872 0.364381 0.187413 0.368521
0 0.042362 0.076082 0.042217 0.085269 0.043455 0.091868 0.045517 0.096446 0.049715 0.098595 0.056339 0.097819 0.059580 0.092743 0.061070 0.084363 0.060621 0.076076 0.058814 0.069225 0.055413 0.064965 0.050952 0.064308 0.045493 0.068448
0 0.114826 0.012919 0.114680 0.022105 0.115918 0.028704 0.117980 0.033282 0.122178 0.035431 0.128802 0.034656 0.132043 0.029579 0.133533 0.021199 0.133084 0.012912 0.131277 0.006061 0.127876 0.001801 0.123415 0.001144 0.117956 0.005285
0 0.074248 0.416411 0.074103 0.425597 0.075340 0.432196 0.077403 0.436775 0.081600 0.438924 0.088224 0.438148 0.091465 0.433071 0.092955 0.424692 0.092507 0.416405 0.090699 0.409554 0.087298 0.405294 0.082837 0.404637 0.077378 0.408777
0 0.027466 0.412872 0.027320 0.422058 0.028557 0.428656 0.030620 0.433236 0.034817 0.435385 0.041441 0.434608 0.044683 0.429532 0.046173 0.421153 0.045724 0.412866 0.043916 0.406014 0.040516 0.401755 0.036055 0.401097 0.030595 0.405238
0 0.160812 0.399338 0.160666 0.408524 0.161904 0.415123 0.163966 0.419702 0.168164 0.421851 0.174788 0.421075 0.178029 0.415998 0.179519 0.407619 0.179070 0.399332 0.177262 0.392481 0.173862 0.388220 0.169401 0.387564 0.163942 0.391704
0 0.140787 0.419580 0.140641 0.428766 0.141879 0.435365 0.143942 0.439944 0.148139 0.442093 0.154763 0.441317 0.158004 0.436240 0.159494 0.427860 0.159046 0.419573 0.157237 0.412722 0.153838 0.408462 0.149377 0.407806 0.143917 0.411946
0 0.166328 0.551144 0.166182 0.560330 0.167419 0.566929 0.169482 0.571507 0.173679 0.573656 0.180303 0.572881 0.183544 0.567804 0.185035 0.559424 0.184586 0.551137 0.182778 0.544286 0.179378 0.540026 0.174917 0.539369 0.169457 0.543509
0 0.121872 0.614467 0.121726 0.623653 0.122964 0.630251 0.125027 0.634831 0.129223 0.636980 0.135847 0.636203 0.139089 0.631127 0.140579 0.622747 0.140131 0.614460 0.138322 0.607608 0.134922 0.603349 0.130461 0.602692 0.125002 0.606832
0 0.052404 0.596796 0.052258 0.605983 0.053495 0.612581 0.055558 0.617160 0.059755 0.619310 0.066379 0.618533 0.069621 0.613456 0.071111 0.605077 0.070662 0.596790 0.068854 0.589939 0.065454 0.585679 0.060993 0.585022 0.055533 0.589163
0 0.284055 0.457810 0.283909 0.466996 0.285147 0.473595 0.287209 0.478174 0.291407 0.480323 0.298031 0.479547 0.301272 0.474470 0.302762 0.466091 0.302314 0.457804 0.300506 0.450953 0.297105 0.446693 0.292644 0.446036 0.287185 0.450177
0 0.319096 0.425665 0.318951 0.434852 0.320188 0.441450 0.322251 0.446030 0.326448 0.448179 0.333072 0.447402 0.336313 0.442326 0.337804 0.433946 0.337355 0.425659 0.335547 0.418807 0.332146 0.414548 0.327685 0.413891 0.322226 0.418031
0 0.213564 0.595830 0.213418 0.605016 0.214655 0.611615 0.216718 0.616194 0.220915 0.618343 0.227539 0.617567 0.230781 0.612490 0.232271 0.604110 0.231822 0.595823 0.230014 0.588972 0.226614 0.584712 0.222153 0.584056 0.216693 0.588195
0 0.298436 0.604008 0.298290 0.613195 0.299528 0.619794 0.301591 0.624372 0.305788 0.626522 0.312412 0.625745 0.315653 0.620669 0.317143 0.612289 0.316695 0.604002 0.314886 0.597151 0.311486 0.592891 0.307025 0.592234 0.301566 0.596375
0 0.206088 0.721442 0.205943 0.730628 0.207180 0.737227 0.209243 0.741806 0.213440 0.743955 0.220064 0.743179 0.223305 0.738102 0.224795 0.729722 0.224347 0.721435 0.222539 0.714584 0.219139 0.710324 0.214678 0.709668 0.209218 0.713807
0 0.241323 0.768911 0.241178 0.778097 0.242415 0.784695 0.244478 0.789275 0.248675 0.791424 0.255299 0.790647 0.258541 0.785571 0.260031 0.777192 0.259582 0.768905 0.257774 0.762053 0.254374 0.757793 0.249913 0.757136 0.244453 0.761277
0 0.291682 0.752964 0.291537 0.762151 0.292774 0.768749 0.294837 0.773329 0.299034 0.775478 0.305658 0.774701 0.308899 0.769625 0.310390 0.761245 0.309941 0.752958 0.308133 0.746106 0.304733 0.741847 0.300272 0.741190 0.294813 0.745331
0 0.384117 0.826282 0.383971 0.835469 0.385209 0.842068 0.387271 0.846646 0.391469 0.848795 0.398093 0.848019 0.401334 0.842943 0.402824 0.834563 0.402376 0.826276 0.400568 0.819425 0.397167 0.815165 0.392706 0.814508 0.387247 0.818648
0 0.374756 0.792758 0.374610 0.801945 0.375848 0.808544 0.377911 0.813122 0.382108 0.815271 0.388732 0.814495 0.391973 0.809418 0.393464 0.801039 0.393015 0.792752 0.391207 0.785901 0.387807 0.781641 0.383345 0.780984 0.377886 0.785125
0 0.450709 0.898818 0.450564 0.908005 0.451802 0.914603 0.453864 0.919182 0.458061 0.921332 0.464685 0.920555 0.467927 0.915479 0.469417 0.907099 0.468968 0.898812 0.467160 0.891960 0.463760 0.887701 0.459299 0.887044 0.453840 0.891184
0 0.426031 0.874944 0.425885 0.884131 0.427123 0.890730 0.429185 0.895308 0.433383 0.897457 0.440007 0.896681 0.443248 0.891605 0.444739 0.883225 0.444290 0.874938 0.442482 0.868087 0.439081 0.863827 0.434620 0.863170 0.429161 0.867311
0 0.406588 0.897255 0.406442 0.906441 0.407680 0.913040 0.409742 0.917619 0.413940 0.919768 0.420564 0.918991 0.423805 0.913915 0.425295 0.905535 0.424846 0.897248 0.423039 0.890397 0.419638 0.886137 0.415177 0.885481 0.409718 0.889620
0 0.385981 0.911293 0.385836 0.920479 0.387073 0.927078 0.389136 0.931656 0.393333 0.933806 0.399957 0.933030 0.403198 0.927953 0.404689 0.919573 0.404240 0.911286 0.402432 0.904435 0.399032 0.900175 0.394571 0.899518 0.389111 0.903658
0 0.367507 0.894656 0.367362 0.903844 0.368599 0.910442 0.370662 0.915020 0.374859 0.917169 0.381483 0.916394 0.384724 0.911317 0.386215 0.902937 0.385766 0.894650 0.383958 0.887799 0.380558 0.883539 0.376097 0.882882 0.370638 0.887023
0 0.421551 0.932476 0.421405 0.941662 0.422643 0.948261 0.424705 0.952840 0.428903 0.954989 0.435527 0.954212 0.438768 0.949136 0.440258 0.940756 0.439809 0.932469 0.438002 0.925619 0.434601 0.921358 0.430140 0.920702 0.424681 0.924842
0 0.315242 0.903777 0.315097 0.912964 0.316334 0.919562 0.318397 0.924141 0.322594 0.926290 0.329218 0.925514 0.332459 0.920437 0.333949 0.912057 0.333501 0.903770 0.331693 0.896919 0.328293 0.892659 0.323832 0.892003 0.318372 0.896144
0 0.206995 0.899204 0.206849 0.908391 0.208087 0.914989 0.210149 0.919568 0.214347 0.921718 0.220971 0.920941 0.224212 0.915864 0.225702 0.907485 0.225254 0.899197 0.223446 0.892346 0.220045 0.888086 0.215584 0.887430 0.210125 0.891570
0 0.244169 0.877054 0.244024 0.886241 0.245261 0.892839 0.247324 0.897418 0.251521 0.899567 0.258145 0.898791 0.261386 0.893714 0.262877 0.885334 0.262428 0.877047 0.260620 0.870196 0.257220 0.865936 0.252759 0.865280 0.247299 0.869420
0 0.188661 0.781494 0.188516 0.790680 0.189754 0.797279 0.191816 0.801857 0.196014 0.804007 0.202637 0.803231 0.205879 0.798154 0.207369 0.789774 0.206920 0.781487 0.205113 0.774636 0.201712 0.770376 0.197251 0.769719 0.191792 0.773859
0 0.137419 0.821035 0.137274 0.830222 0.138511 0.836820 0.140574 0.841399 0.144771 0.843549 0.151395 0.842772 0.154636 0.837695 0.156127 0.829317 0.155678 0.821029 0.153870 0.814178 0.150470 0.809918 0.146009 0.809261 0.140549 0.813402
0 0.133488 0.877466 0.133342 0.886652 0.134580 0.893251 0.136643 0.897830 0.140840 0.899979 0.147464 0.899203 0.150705 0.894126 0.152195 0.885746 0.151747 0.877459 0.149939 0.870608 0.146539 0.866348 0.142077 0.865692 0.136618 0.869832
0 0.113269 0.950439 0.113123 0.959625 0.114361 0.966224 0.116423 0.970803 0.120621 0.972952 0.127245 0.972176 0.130486 0.967099 0.131977 0.958719 0.131528 0.950432 0.129720 0.943581 0.126319 0.939321 0.121858 0.938665 0.116399 0.942805
0 0.081610 0.924497 0.081465 0.933683 0.082703 0.940282 0.084765 0.944861 0.088963 0.947010 0.095586 0.946234 0.098828 0.941157 0.100318 0.932778 0.099869 0.924491 0.098061 0.917640 0.094661 0.913380 0.090200 0.912723 0.084741 0.916864
0 0.042584 0.735537 0.042439 0.744723 0.043676 0.751322 0.045739 0.755901 0.049936 0.758050 0.056560 0.757274 0.059801 0.752197 0.061291 0.743818 0.060843 0.735531 0.059034 0.728680 0.055634 0.724419 0.051173 0.723763 0.045714 0.727903
0 0.067155 0.789209 0.067009 0.798396 0.068247 0.804994 0.070309 0.809573 0.074507 0.811723 0.081131 0.810946 0.084372 0.805869 0.085862 0.797491 0.085414 0.789203 0.083606 0.782352 0.080205 0.778092 0.075744 0.777435 0.070285 0.781576
0 0.091726 0.780156 0.091580 0.789343 0.092818 0.795942 0.094880 0.800520 0.099078 0.802669 0.105702 0.801893 0.108943 0.796817 0.110433 0.788437 0.109984 0.780150 0.108177 0.773299 0.104776 0.769039 0.100315 0.768382 0.094856 0.772522
0 0.012757 0.875187 0.012611 0.884373 0.013849 0.890972 0.015911 0.895551 0.020109 0.897700 0.026733 0.896924 0.029974 0.891847 0.031464 0.883468 0.031016 0.875181 0.029208 0.868330 0.025807 0.864069 0.021346 0.863413 0.015887 0.867553
0 0.183137 0.714143 0.182992 0.723330 0.184229 0.729928 0.186292 0.734506 0.190489 0.736656 0.197113 0.735880 0.200354 0.730803 0.201844 0.722424 0.201396 0.714136 0.199588 0.707285 0.196187 0.703025 0.191727 0.702368 0.186267 0.706509
0 0.234854 0.632713 0.234708 0.641899 0.235945 0.648498 0.238008 0.653077 0.242205 0.655226 0.248829 0.654450 0.252070 0.649373 0.253561 0.640994 0.253112 0.632706 0.251304 0.625856 0.247904 0.621595 0.243443 0.620939 0.237983 0.625080
0 0.054283 0.011774 0.054138 0.020960 0.055375 0.027559 0.057438 0.032138 0.061635 0.034287 0.068259 0.033511 0.071501 0.028434 0.072991 0.020055 0.072542 0.011768 0.070734 0.004917 0.067334 0.000656 0.062872 0.000000 0.057414 0.004141
0 0.617495 0.089572 0.617350 0.098758 0.618587 0.105357 0.620650 0.109936 0.624847 0.112085 0.631471 0.111309 0.634712 0.106232 0.636203 0.097853 0.635754 0.089566 0.633946 0.082715 0.630546 0.078455 0.626085 0.077798 0.620625 0.081939
0 0.163975 0.110597 0.160684 0.113188 0.158474 0.119121 0.158286 0.126308 0.159930 0.132548 0.164633 0.136085 0.169826 0.134400 0.171403 0.129818 0.171732 0.121712 0.170557 0.115194 0.167689 0.110681
0 0.145695 0.063632 0.142404 0.066223 0.140194 0.072156 0.140006 0.079343 0.141651 0.085583 0.146353 0.089120 0.151546 0.087435 0.153123 0.082853 0.153452 0.074747 0.152277 0.068229 0.149409 0.063716
0 0.378951 0.168060 0.378805 0.177246 0.380043 0.183845 0.382105 0.188424 0.386303 0.190573 0.392927 0.189797 0.396168 0.184720 0.397658 0.176341 0.397209 0.168054 0.395402 0.161203 0.392001 0.156943 0.387540 0.156286 0.382081 0.160426
0 0.332994 0.054541 0.329703 0.057131 0.327493 0.063065 0.327305 0.070251 0.328949 0.076492 0.333652 0.080029 0.338845 0.078344 0.340422 0.073761 0.340751 0.065656 0.339575 0.059137 0.336708 0.054624
0 0.546864 0.170472 0.546718 0.179659 0.547956 0.186257 0.550019 0.190836 0.554216 0.192986 0.560840 0.192209 0.564081 0.187132 0.565571 0.178753 0.565123 0.170466 0.563315 0.163615 0.559915 0.159355 0.555453 0.158698 0.549994 0.162839
0 0.520301 0.397596 0.520155 0.406783 0.521392 0.413381 0.523455 0.417960 0.527652 0.420110 0.534276 0.419333 0.537517 0.414256 0.539008 0.405878 0.538559 0.397590 0.536751 0.390739 0.533351 0.386479 0.528890 0.385822 0.523430 0.389963
0 0.486703 0.512272 0.486557 0.521459 0.487795 0.528057 0.489857 0.532636 0.494055 0.534785 0.500679 0.534009 0.503920 0.528932 0.505410 0.520553 0.504961 0.512266 0.503154 0.505415 0.499753 0.501155 0.495292 0.500498 0.489833 0.504639
0 0.461830 0.589037 0.461685 0.598223 0.462922 0.604822 0.464985 0.609401 0.469182 0.611550 0.475806 0.610773 0.479047 0.605697 0.480538 0.597318 0.480089 0.589031 0.478281 0.582180 0.474881 0.577919 0.470420 0.577263 0.464960 0.581403
0 0.425131 0.618240 0.424985 0.627426 0.426222 0.634024 0.428285 0.638604 0.432482 0.640753 0.439106 0.639976 0.442347 0.634900 0.443838 0.626520 0.443389 0.618233 0.441581 0.611381 0.438181 0.607122 0.433720 0.606465 0.428260 0.610606
0 0.447181 0.686387 0.447035 0.695574 0.448273 0.702172 0.450335 0.706752 0.454533 0.708901 0.461157 0.708124 0.464398 0.703048 0.465888 0.694669 0.465440 0.686381 0.463632 0.679530 0.460231 0.675270 0.455770 0.674613 0.450311 0.678754
0 0.462057 0.787967 0.461911 0.797153 0.463149 0.803752 0.465212 0.808331 0.469409 0.810480 0.476033 0.809704 0.479274 0.804627 0.480765 0.796247 0.480316 0.787960 0.478508 0.781109 0.475108 0.776849 0.470646 0.776193 0.465187 0.780332
0 0.381343 0.966403 0.381197 0.975589 0.382435 0.982188 0.384497 0.986767 0.388695 0.988916 0.395319 0.988139 0.398560 0.983063 0.400051 0.974683 0.399602 0.966396 0.397794 0.959545 0.394393 0.955285 0.389932 0.954629 0.384473 0.958768
0 0.330101 0.834802 0.329955 0.843988 0.331193 0.850587 0.333256 0.855166 0.337453 0.857315 0.344077 0.856539 0.347318 0.851462 0.348808 0.843082 0.348360 0.834795 0.346552 0.827944 0.343152 0.823684 0.338690 0.823028 0.333231 0.827169
0 0.420015 0.977487 0.419869 0.986673 0.421107 0.993272 0.423169 0.997851 0.427367 1.000000 0.433991 0.999224 0.437232 0.994147 0.438722 0.985768 0.438273 0.977481 0.436466 0.970630 0.433065 0.966369 0.428604 0.965713 0.423145 0.969853
0 0.442841 0.977379 0.442695 0.986565 0.443933 0.993164 0.445995 0.997743 0.450193 0.998966 0.456817 0.998966 0.460058 0.994039 0.461548 0.985659 0.461099 0.977372 0.459292 0.970521 0.455891 0.966261 0.451430 0.965605 0.445971 0.969745
0 0.560481 0.680291 0.560336 0.689477 0.561573 0.696076 0.563636 0.700655 0.567833 0.701878 0.574457 0.701878 0.577698 0.696951 0.579189 0.688571 0.578740 0.680284 0.576932 0.673433 0.573532 0.669173 0.569071 0.668517 0.563611 0.672657
0 0.688399 0.945234 0.688253 0.954420 0.689491 0.961019 0.691553 0.965598 0.695750 0.966821 0.702374 0.966821 0.705616 0.961894 0.707106 0.953515 0.706657 0.945228 0.704849 0.938376 0.701449 0.934117 0.696988 0.933459 0.691529 0.937600
0 0.709673 0.931700 0.709528 0.940886 0.710765 0.947485 0.712828 0.952064 0.717026 0.953287 0.723649 0.953287 0.726891 0.948360 0.728381 0.939981 0.727932 0.931693 0.726125 0.924843 0.722724 0.920582 0.718263 0.919926 0.712804 0.924066
0 0.690424 0.803743 0.690279 0.812929 0.691516 0.819528 0.693579 0.824106 0.697776 0.825330 0.704400 0.825330 0.707641 0.820403 0.709131 0.812023 0.708683 0.803736 0.706875 0.796885 0.703474 0.792625 0.699014 0.791969 0.693554 0.796108
0 0.649459 0.770908 0.649313 0.780094 0.650551 0.786694 0.652613 0.791272 0.656810 0.792495 0.663434 0.792495 0.666676 0.787569 0.668166 0.779189 0.667717 0.770902 0.665909 0.764051 0.662509 0.759791 0.658048 0.759134 0.652589 0.763274
0 0.784162 0.702231 0.784017 0.711417 0.785254 0.718016 0.787317 0.722594 0.791514 0.723818 0.798138 0.723818 0.801379 0.718891 0.802869 0.710511 0.802421 0.702224 0.800613 0.695373 0.797212 0.691113 0.792752 0.690456 0.787292 0.694596
0 0.873016 0.748874 0.872301 0.754233 0.873373 0.759866 0.876158 0.762771 0.878560 0.763770 0.881831 0.762681 0.884079 0.756594 0.883747 0.750509 0.882418 0.745968 0.878586 0.743879 0.875520 0.745150
0 0.766369 0.696742 0.765653 0.702101 0.766726 0.707733 0.769511 0.710639 0.771913 0.711638 0.775183 0.710548 0.777432 0.704462 0.777100 0.698377 0.775771 0.693835 0.771939 0.691746 0.768872 0.693018
0 0.781277 0.621866 0.780562 0.627225 0.781635 0.632856 0.784420 0.635763 0.786822 0.636762 0.790092 0.635672 0.792341 0.629586 0.792008 0.623501 0.790680 0.618959 0.786847 0.616870 0.783781 0.618142
0 0.875544 0.668694 0.874829 0.674053 0.875902 0.679684 0.878687 0.682590 0.881088 0.683589 0.884359 0.682499 0.886608 0.676414 0.886276 0.670328 0.884947 0.665786 0.881115 0.663697 0.878048 0.664969
0 0.883919 0.651403 0.883204 0.656761 0.884277 0.662394 0.887062 0.665299 0.889464 0.666298 0.892734 0.665208 0.894982 0.659122 0.894651 0.653037 0.893322 0.648495 0.889489 0.646406 0.886423 0.647678
0 0.871468 0.645725 0.870752 0.651084 0.871825 0.656717 0.874610 0.659622 0.877012 0.660621 0.880282 0.659531 0.882531 0.653445 0.882199 0.647360 0.880870 0.642819 0.877037 0.640730 0.873971 0.642001
0 0.921087 0.844500 0.920371 0.849859 0.921445 0.855492 0.924230 0.858397 0.926631 0.859396 0.929902 0.858306 0.932151 0.852220 0.931818 0.846135 0.930490 0.841594 0.926657 0.839505 0.923591 0.840776
0 0.914080 0.821887 0.913365 0.827245 0.914438 0.832878 0.917223 0.835783 0.919624 0.836782 0.922895 0.835693 0.925144 0.829606 0.924811 0.823521 0.923483 0.818980 0.919650 0.816891 0.916584 0.818162
0 0.905712 0.945656 0.904997 0.951015 0.906070 0.956646 0.908855 0.959553 0.911257 0.960552 0.914527 0.959462 0.916776 0.953376 0.916444 0.947291 0.915115 0.942749 0.911282 0.940660 0.908216 0.941931
0 0.725968 0.965868 0.725253 0.971227 0.726326 0.976858 0.729111 0.979765 0.731512 0.980764 0.734783 0.979674 0.737032 0.973588 0.736699 0.967503 0.735371 0.962961 0.731539 0.960872 0.728472 0.962143
0 0.666419 0.961158 0.665704 0.966518 0.666777 0.972149 0.669561 0.975056 0.671964 0.976055 0.675234 0.974965 0.677482 0.968879 0.677150 0.962794 0.675821 0.958252 0.671989 0.956163 0.668923 0.957434
0 0.611225 0.940722 0.610510 0.946081 0.611583 0.951713 0.614368 0.954619 0.616770 0.955619 0.620040 0.954529 0.622289 0.948443 0.621957 0.942357 0.620628 0.937816 0.616795 0.935727 0.613729 0.936998
0 0.566921 0.841893 0.566206 0.847252 0.567279 0.852883 0.570064 0.855790 0.572466 0.856789 0.575736 0.855699 0.577985 0.849613 0.577653 0.843528 0.576324 0.838986 0.572492 0.836897 0.569426 0.838169
0 0.548208 0.861137 0.547493 0.866496 0.548566 0.872128 0.551351 0.875034 0.553753 0.876033 0.557023 0.874944 0.559272 0.868857 0.558940 0.862772 0.557611 0.858231 0.553778 0.856142 0.550713 0.857413
0 0.444692 0.939660 0.443977 0.945019 0.445049 0.950651 0.447835 0.953557 0.450236 0.954557 0.453507 0.953467 0.455755 0.947381 0.455423 0.941295 0.454095 0.936754 0.450262 0.934665 0.447196 0.935936
0 0.276110 0.892851 0.275394 0.898210 0.276468 0.903842 0.279253 0.906748 0.281654 0.907747 0.284925 0.906657 0.287173 0.900571 0.286841 0.894486 0.285513 0.889944 0.281680 0.887856 0.278614 0.889127
0 0.289521 0.864672 0.288806 0.870031 0.289879 0.875663 0.292664 0.878569 0.295066 0.879569 0.298336 0.878479 0.300585 0.872393 0.300253 0.866307 0.298924 0.861766 0.295091 0.859677 0.292025 0.860948
0 0.093034 0.956745 0.092319 0.962105 0.093392 0.967736 0.096177 0.970642 0.098579 0.971642 0.101849 0.970551 0.104098 0.964466 0.103766 0.958381 0.102437 0.953839 0.098605 0.951749 0.095539 0.953021
0 0.082216 0.885015 0.081501 0.890374 0.082574 0.896006 0.085359 0.898911 0.087761 0.899910 0.091031 0.898820 0.093280 0.892735 0.092947 0.886649 0.091619 0.882107 0.087786 0.880019 0.084720 0.881291
0 0.109920 0.751101 0.109205 0.756460 0.110278 0.762092 0.113063 0.764998 0.115465 0.765997 0.118735 0.764907 0.120984 0.758821 0.120652 0.752736 0.119323 0.748194 0.115490 0.746106 0.112424 0.747377
0 0.015252 0.666789 0.014536 0.672148 0.015609 0.677780 0.018394 0.680686 0.020796 0.681685 0.024067 0.680595 0.026315 0.674509 0.025983 0.668424 0.024654 0.663882 0.020822 0.661794 0.017756 0.663065
0 0.038055 0.626029 0.037340 0.631388 0.038413 0.637019 0.041198 0.639925 0.043600 0.640924 0.046870 0.639834 0.049119 0.633749 0.048786 0.627663 0.047458 0.623122 0.043626 0.621032 0.040559 0.622305
0 0.257683 0.654449 0.256967 0.659808 0.258041 0.665440 0.260826 0.668346 0.263227 0.669345 0.266497 0.668256 0.268746 0.662169 0.268414 0.656084 0.267085 0.651543 0.263253 0.649454 0.260186 0.650725
0 0.226310 0.562878 0.225595 0.568237 0.226668 0.573869 0.229453 0.576775 0.231855 0.577774 0.235125 0.576684 0.237374 0.570598 0.237042 0.564513 0.235713 0.559971 0.231880 0.557882 0.228814 0.559154
0 0.267354 0.467678 0.266639 0.473037 0.267712 0.478668 0.270497 0.481575 0.272898 0.482574 0.276169 0.481484 0.278418 0.475398 0.278085 0.469313 0.276757 0.464771 0.272924 0.462682 0.269858 0.463954
0 0.380962 0.408635 0.380246 0.413994 0.381320 0.419626 0.384105 0.422531 0.386506 0.423531 0.389777 0.422441 0.392026 0.416355 0.391693 0.410269 0.390365 0.405728 0.386532 0.403639 0.383466 0.404910
0 0.336147 0.327230 0.335432 0.332589 0.336505 0.338221 0.339290 0.341127 0.341692 0.342126 0.344963 0.341036 0.347211 0.334950 0.346879 0.328865 0.345550 0.324323 0.341718 0.322234 0.338652 0.323506
0 0.414965 0.303823 0.414249 0.309182 0.415323 0.314814 0.418108 0.317720 0.420509 0.318719 0.423780 0.317630 0.426029 0.311544 0.425696 0.305458 0.424368 0.300917 0.420535 0.298828 0.417469 0.300099
0 0.436192 0.476417 0.435477 0.481776 0.436550 0.487407 0.439335 0.490314 0.441737 0.491313 0.445007 0.490223 0.447256 0.484137 0.446923 0.478052 0.445595 0.473510 0.441763 0.471421 0.438696 0.472693
0 0.494175 0.454058 0.493460 0.459418 0.494533 0.465049 0.497318 0.467956 0.499720 0.468955 0.502990 0.467865 0.505239 0.461779 0.504906 0.455694 0.503578 0.451152 0.499745 0.449063 0.496679 0.450334
0 0.526606 0.584727 0.525891 0.590086 0.526964 0.595718 0.529748 0.598624 0.532151 0.599623 0.535421 0.598532 0.537669 0.592447 0.537337 0.586362 0.536009 0.581820 0.532176 0.579731 0.529110 0.581003
0 0.400308 0.544319 0.400163 0.553505 0.401400 0.560103 0.403462 0.564682 0.407660 0.566831 0.414284 0.566055 0.417525 0.560979 0.419016 0.552599 0.418567 0.544312 0.416759 0.537460 0.413358 0.533201 0.408897 0.532543 0.403438 0.536684
0 0.563165 0.503671 0.562449 0.509031 0.563523 0.514662 0.566308 0.517569 0.568709 0.518568 0.571980 0.517478 0.574229 0.511392 0.573896 0.505306 0.572568 0.500765 0.568735 0.498676 0.565669 0.499947
0 0.603458 0.519045 0.602743 0.524405 0.603816 0.530036 0.606601 0.532943 0.609003 0.533942 0.612273 0.532852 0.614521 0.526766 0.614190 0.520681 0.612861 0.516139 0.609028 0.514050 0.605962 0.515321
0 0.549959 0.561993 0.551625 0.565818 0.554167 0.566667 0.557110 0.566065 0.558464 0.563226 0.558742 0.558783 0.557770 0.555575 0.556312 0.553354 0.554542 0.551873 0.552111 0.551996 0.549786 0.554588 0.549543 0.558783
0 0.591660 0.728051 0.593326 0.731877 0.595867 0.732726 0.598811 0.732123 0.600165 0.729285 0.600442 0.724843 0.599470 0.721633 0.598013 0.719412 0.596242 0.717932 0.593812 0.718055 0.591487 0.720646 0.591243 0.724843
0 0.666059 0.647930 0.667725 0.651756 0.670266 0.652605 0.673210 0.652003 0.674564 0.649164 0.674842 0.644721 0.673869 0.641513 0.672412 0.639292 0.670641 0.637810 0.668211 0.637934 0.665885 0.640525 0.665642 0.644721
0 0.615637 0.926880 0.617304 0.930705 0.619845 0.931554 0.622788 0.930952 0.624142 0.928114 0.624420 0.923670 0.623448 0.920462 0.621990 0.918241 0.620219 0.916760 0.617790 0.916883 0.615463 0.919475 0.615221 0.923670
0 0.610491 0.874143 0.612157 0.877968 0.614698 0.878818 0.617642 0.878215 0.618995 0.875377 0.619273 0.870934 0.618301 0.867726 0.616843 0.865504 0.615073 0.864023 0.612643 0.864146 0.610317 0.866738 0.610074 0.870934
0 0.743527 0.944635 0.745193 0.948461 0.747734 0.949310 0.750678 0.948708 0.752032 0.945869 0.752310 0.941427 0.751337 0.938219 0.749880 0.935997 0.748109 0.934516 0.745679 0.934640 0.743354 0.937231 0.743110 0.941427
0 0.804407 0.873177 0.806073 0.877003 0.808614 0.877852 0.811558 0.877249 0.812911 0.874411 0.813189 0.869968 0.812217 0.866759 0.810759 0.864538 0.808989 0.863057 0.806559 0.863181 0.804233 0.865772 0.803990 0.869968
0 0.896413 0.941155 0.898079 0.944981 0.900620 0.945830 0.903564 0.945228 0.904918 0.942389 0.905195 0.937946 0.904223 0.934738 0.902765 0.932517 0.900995 0.931035 0.898565 0.931159 0.896239 0.933751 0.895996 0.937946
0 0.938899 0.821355 0.940566 0.825180 0.943106 0.826029 0.946050 0.825427 0.947404 0.822589 0.947682 0.818145 0.946710 0.814937 0.945252 0.812716 0.943481 0.811235 0.941052 0.811358 0.938726 0.813950 0.938483 0.818145
0 0.782836 0.452859 0.784502 0.456684 0.787043 0.457533 0.789987 0.456931 0.791341 0.454094 0.791618 0.449650 0.790646 0.446442 0.789189 0.444220 0.787418 0.442740 0.784988 0.442863 0.782662 0.445455 0.782419 0.449650
0 0.730999 0.296453 0.732666 0.300279 0.735207 0.301128 0.738150 0.300525 0.739504 0.297687 0.739782 0.293244 0.738810 0.290035 0.737352 0.287814 0.735581 0.286333 0.733152 0.286456 0.730826 0.289048 0.730583 0.293244
0 0.754307 0.062923 0.755973 0.066749 0.758514 0.067598 0.761458 0.066995 0.762811 0.064157 0.763089 0.059715 0.762117 0.056506 0.760659 0.054284 0.758889 0.052804 0.756459 0.052927 0.754133 0.055519 0.753890 0.059715
0 0.679047 0.132857 0.680713 0.136683 0.683254 0.137531 0.686198 0.136930 0.687552 0.134092 0.687829 0.129649 0.686857 0.126440 0.685399 0.124219 0.683629 0.122738 0.681199 0.122861 0.678873 0.125453 0.678630 0.129649
0 0.379006 0.231806 0.378291 0.237165 0.379364 0.242796 0.382149 0.245703 0.384551 0.246702 0.387821 0.245612 0.390070 0.239526 0.389738 0.233441 0.388409 0.228899 0.384577 0.226810 0.381510 0.228081
0 0.278123 0.743774 0.274832 0.746365 0.272622 0.752298 0.272434 0.759484 0.274078 0.765725 0.278781 0.769262 0.283974 0.767577 0.285551 0.762994 0.285880 0.754888 0.284705 0.748370 0.281837 0.743857
0 0.338926 0.667430 0.338211 0.672789 0.339284 0.678420 0.342069 0.681327 0.344470 0.682326 0.347741 0.681236 0.349990 0.675150 0.349657 0.669065 0.348329 0.664523 0.344496 0.662434 0.341430 0.663706
0 0.671092 0.536542 0.666927 0.538887 0.664080 0.546168 0.663594 0.554374 0.665468 0.561408 0.668966 0.565597 0.674472 0.566372 0.678861 0.561893 0.680998 0.556061 0.681007 0.547467 0.678611 0.539939 0.675327 0.536727
0 0.743532 0.514579 0.745198 0.518404 0.747739 0.519253 0.750683 0.518651 0.752037 0.515813 0.752315 0.511369 0.751343 0.508161 0.749884 0.505940 0.748114 0.504459 0.745684 0.504582 0.743358 0.507174 0.743115 0.511369
0 0.817049 0.133382 0.812884 0.135727 0.810037 0.143008 0.809552 0.151215 0.811426 0.158249 0.814923 0.162438 0.820430 0.163213 0.824819 0.158734 0.826956 0.152901 0.826964 0.144307 0.824569 0.136780 0.821285 0.133568
0 0.783360 0.050014 0.785027 0.053839 0.787568 0.054688 0.790511 0.054086 0.791865 0.051247 0.792143 0.046805 0.791171 0.043596 0.789713 0.041375 0.787943 0.039894 0.785513 0.040018 0.783186 0.042609 0.782944 0.046805
0 0.670731 0.350396 0.667441 0.352987 0.665231 0.358920 0.665043 0.366106 0.666687 0.372347 0.671390 0.375884 0.676583 0.374199 0.678159 0.369617 0.678489 0.361510 0.677313 0.354993 0.674445 0.350480
0 0.223856 0.969636 0.223711 0.978822 0.224948 0.985421 0.227011 0.990000 0.231208 0.992149 0.237832 0.991373 0.241073 0.986296 0.242564 0.977917 0.242115 0.969630 0.240307 0.962779 0.236907 0.958518 0.232446 0.957862 0.226986 0.962002
