0 0.388542 0.225926 0.394271 0.236111 0.402083 0.240741 0.407813 0.238889 0.413021 0.228704 0.413021 0.215741 0.409375 0.202778 0.398958 0.196296 0.391667 0.201852 0.388542 0.212963
0 0.432813 0.165741 0.438542 0.175926 0.446354 0.180556 0.453125 0.175000 0.455729 0.166667 0.456771 0.155556 0.452083 0.141667 0.443750 0.135185 0.436458 0.141667 0.432813 0.152778
0 0.390104 0.081481 0.395833 0.091667 0.403646 0.096296 0.409375 0.094444 0.414583 0.084259 0.414583 0.071296 0.410937 0.058333 0.400521 0.050926 0.393229 0.057407 0.390104 0.068519
0 0.280208 0.093519 0.285937 0.103704 0.293750 0.108333 0.299479 0.106481 0.304688 0.095370 0.304688 0.083333 0.301042 0.069444 0.290625 0.062963 0.283854 0.068519 0.280208 0.080556
0 0.236458 0.223148 0.242188 0.233333 0.250000 0.237963 0.255729 0.236111 0.260938 0.225926 0.260938 0.212963 0.257292 0.200000 0.246875 0.192593 0.239583 0.198148 0.236458 0.210185
0 0.226562 0.335185 0.231771 0.345370 0.240104 0.350000 0.245833 0.348148 0.250521 0.337963 0.250521 0.325000 0.247396 0.312037 0.236979 0.304630 0.229687 0.311111 0.226562 0.322222
0 0.477083 0.344444 0.482812 0.354630 0.490625 0.358333 0.496354 0.357407 0.501562 0.346296 0.501562 0.334259 0.497917 0.320370 0.487500 0.313889 0.480208 0.319444 0.477083 0.331481
0 0.588542 0.006481 0.596354 0.011111 0.602083 0.009259 0.606771 0.000000 0.724479 0.225000 0.730208 0.235185 0.738021 0.239815 0.743750 0.237963 0.748958 0.227778 0.748958 0.214815
0 0.745313 0.201852 0.734896 0.194444 0.728125 0.200000 0.724479 0.212037 0.755208 0.193519 0.760938 0.203704 0.768750 0.208333 0.774479 0.206481 0.779688 0.196296 0.779688 0.183333
0 0.776042 0.170370 0.765625 0.162963 0.758333 0.169444 0.755208 0.180556 0.793750 0.103704 0.798958 0.113889 0.806771 0.117593 0.813021 0.116667 0.817708 0.105556 0.817708 0.093519
0 0.814583 0.079630 0.804167 0.073148 0.796875 0.078704 0.793229 0.089815 0.706771 0.000000 0.955208 0.473148 0.960938 0.483333 0.968750 0.487963 0.974479 0.486111 0.979688 0.475926
0 0.979688 0.462963 0.976042 0.450000 0.965625 0.443519 0.958333 0.449074 0.955208 0.460185 0.800000 0.617593 0.805208 0.627778 0.813021 0.632407 0.819271 0.630556 0.823958 0.620370
0 0.823958 0.607407 0.820833 0.594444 0.810417 0.587037 0.803125 0.592593 0.799479 0.604630 0.942708 0.817593 0.948438 0.826852 0.956250 0.831481 0.961979 0.829630 0.967188 0.819444
0 0.967188 0.806481 0.963542 0.793519 0.953125 0.787037 0.946354 0.792593 0.942708 0.803704 0.635938 0.762037 0.641667 0.772222 0.649479 0.776852 0.655208 0.775000 0.660417 0.764815
0 0.660417 0.751852 0.656771 0.738889 0.646354 0.731481 0.639063 0.737963 0.635938 0.749074 0.769271 0.640741 0.775000 0.650926 0.782812 0.654630 0.788542 0.653704 0.793750 0.642593
0 0.793750 0.630556 0.790104 0.616667 0.779688 0.610185 0.772917 0.615741 0.769271 0.626852 0.698958 0.849074 0.704687 0.858333 0.712500 0.862963 0.718229 0.861111 0.722917 0.850926
0 0.723437 0.837963 0.719792 0.825000 0.709375 0.818519 0.702083 0.824074 0.698958 0.835185 0.572917 0.612037 0.578125 0.622222 0.586458 0.625926 0.592188 0.625000 0.596875 0.613889
0 0.596875 0.601852 0.593750 0.587963 0.583333 0.581481 0.576042 0.587037 0.572396 0.599074 0.613021 0.598148 0.618229 0.607407 0.626562 0.612037 0.632292 0.611111 0.636979 0.600000
0 0.636979 0.587963 0.633854 0.574074 0.623438 0.567593 0.616146 0.573148 0.612500 0.584259 0.466667 0.518519 0.471875 0.528704 0.480208 0.533333 0.485938 0.531482 0.490625 0.521296
0 0.490625 0.508333 0.487500 0.495370 0.477083 0.488889 0.469792 0.494444 0.466146 0.505556 0.557292 0.950926 0.562500 0.961111 0.570833 0.964815 0.576563 0.963889 0.581250 0.952778
0 0.581250 0.940741 0.578125 0.926852 0.567708 0.920370 0.560417 0.925926 0.556771 0.937037 0.374479 0.698148 0.379687 0.708333 0.388021 0.712037 0.393750 0.711111 0.398438 0.700000
0 0.398438 0.687963 0.395312 0.674074 0.384896 0.667593 0.377604 0.673148 0.373958 0.685185 0.429688 0.818519 0.435417 0.828704 0.443229 0.833333 0.448958 0.831481 0.454167 0.821296
0 0.454167 0.808333 0.450521 0.795370 0.440104 0.787963 0.433333 0.794444 0.429688 0.805556 0.469792 0.758333 0.475521 0.768519 0.483333 0.773148 0.489062 0.771296 0.494271 0.760185
0 0.494271 0.748148 0.490625 0.735185 0.480208 0.727778 0.472917 0.733333 0.469792 0.745370 0.475521 0.975926 0.480729 0.986111 0.489062 0.990741 0.494792 0.988889 0.499479 0.978704
0 0.499479 0.965741 0.496354 0.952778 0.485938 0.946296 0.478646 0.951852 0.475000 0.962963 0.660417 0.542593 0.665625 0.551852 0.673958 0.556481 0.679688 0.555556 0.684375 0.544444
0 0.684375 0.532407 0.681250 0.518519 0.670833 0.512037 0.663542 0.517593 0.660417 0.528704 0.458333 0.575926 0.464063 0.586111 0.471875 0.590741 0.477604 0.588889 0.482812 0.578704
0 0.482812 0.565741 0.479167 0.552778 0.469271 0.545370 0.461979 0.550926 0.458333 0.562963 0.592188 0.484259 0.597396 0.494444 0.605729 0.499074 0.611458 0.497222 0.616146 0.487037
0 0.616146 0.474074 0.613021 0.461111 0.602604 0.453704 0.595312 0.460185 0.592188 0.471296 0.443229 0.678704 0.448958 0.688889 0.456771 0.693519 0.462500 0.691667 0.467708 0.681481
0 0.467708 0.668519 0.464063 0.655556 0.453646 0.649074 0.446354 0.654630 0.443229 0.665741 0.631250 0.714815 0.636979 0.725000 0.644792 0.729630 0.651042 0.727778 0.655729 0.717593
0 0.655729 0.704630 0.652604 0.691667 0.642187 0.684259 0.634896 0.689815 0.631250 0.701852 0.720833 0.562963 0.726042 0.573148 0.733854 0.576852 0.740104 0.575926 0.744792 0.564815
0 0.744792 0.552778 0.741667 0.538889 0.731250 0.532407 0.723958 0.537963 0.720312 0.550000 0.989583 0.766667 0.995313 0.776852 0.993229 0.741667 0.989583 0.753704 0.908854 0.358333
0 0.914583 0.368519 0.922396 0.372222 0.928125 0.371296 0.933333 0.360185 0.933333 0.348148 0.929688 0.334259 0.919271 0.327778 0.911979 0.333333 0.908854 0.345370 0.232292 0.395370
0 0.237500 0.405556 0.245833 0.409259 0.251563 0.408333 0.256250 0.397222 0.256250 0.385185 0.253125 0.371296 0.242708 0.364815 0.235417 0.370370 0.232292 0.381481 0.342187 0.358333
0 0.347396 0.368519 0.355729 0.372222 0.361458 0.371296 0.366146 0.360185 0.366146 0.348148 0.363021 0.334259 0.352604 0.327778 0.345313 0.333333 0.342187 0.345370 0.333333 0.208333
0 0.339063 0.218519 0.346875 0.223148 0.352604 0.221296 0.357812 0.211111 0.357812 0.198148 0.354167 0.185185 0.343750 0.177778 0.336979 0.184259 0.333333 0.195370 0.284375 0.418519
0 0.289583 0.428704 0.297917 0.433333 0.303646 0.431481 0.308333 0.421296 0.308333 0.408333 0.305208 0.395370 0.294792 0.387963 0.287500 0.393519 0.284375 0.405556 0.272396 0.474074
0 0.278125 0.484259 0.285937 0.488889 0.291667 0.487037 0.296875 0.476852 0.296875 0.463889 0.293229 0.450926 0.282813 0.444444 0.276042 0.450000 0.272396 0.461111 0.280208 0.522222
0 0.285937 0.532407 0.293750 0.537037 0.299479 0.535185 0.304688 0.525000 0.304688 0.512037 0.301042 0.499074 0.290625 0.491667 0.283333 0.497222 0.280208 0.509259 0.177083 0.625000
0 0.179688 0.637037 0.187500 0.641667 0.193750 0.639815 0.198437 0.628704 0.198437 0.616667 0.195312 0.602778 0.189063 0.598148 0.183333 0.601852 0.178646 0.612963 0.169271 0.725926
0 0.172396 0.737963 0.180208 0.742593 0.185937 0.740741 0.191146 0.730556 0.191146 0.717593 0.187500 0.704630 0.181771 0.699074 0.175521 0.703704 0.171354 0.714815 0.174479 0.769444
0 0.177604 0.782407 0.185417 0.787037 0.191146 0.785185 0.196354 0.775000 0.196354 0.762037 0.192708 0.749074 0.186979 0.743519 0.180729 0.747222 0.176563 0.758333 0.293229 0.787963
0 0.296354 0.800000 0.304167 0.804630 0.309896 0.802778 0.315104 0.792593 0.315104 0.779630 0.311458 0.766667 0.305729 0.761111 0.299479 0.765741 0.295312 0.776852 0.233854 0.813889
0 0.236979 0.826852 0.244792 0.830556 0.250521 0.829630 0.255729 0.818519 0.255729 0.806481 0.252083 0.792593 0.246354 0.788889 0.240104 0.791667 0.235938 0.802778 0.263542 0.925926
0 0.266146 0.937963 0.273958 0.942593 0.280208 0.941667 0.284896 0.930556 0.284896 0.918519 0.281771 0.904630 0.275521 0.899074 0.269792 0.903704 0.265104 0.914815 0.111458 0.998148
0 0.108333 0.985185 0.102083 0.979630 0.096354 0.984259 0.091667 0.995370 0.005729 0.836111 0.011458 0.834259 0.016667 0.823148 0.016667 0.811111 0.011979 0.801852 0.006250 0.796296
0 0.000000 0.800000 0.207292 0.931481 0.209896 0.944444 0.217708 0.948148 0.223438 0.947222 0.228646 0.936111 0.228646 0.924074 0.223958 0.913889 0.218229 0.909259 0.211979 0.912963
0 0.208854 0.920370 0.018750 0.692593 0.021354 0.705556 0.029687 0.710185 0.035417 0.708333 0.040104 0.698148 0.040104 0.685185 0.035417 0.675926 0.029687 0.670370 0.023438 0.674074
0 0.020312 0.681481 0.014583 0.553704 0.017188 0.566667 0.025521 0.570370 0.031250 0.569444 0.035937 0.558333 0.035937 0.546296 0.031250 0.536111 0.025521 0.531482 0.019271 0.535185
0 0.016146 0.542593 0.036458 0.389815 0.039062 0.402778 0.047396 0.406481 0.053125 0.405556 0.057813 0.394444 0.057813 0.382407 0.053646 0.372222 0.047917 0.367593 0.041667 0.371296
0 0.038021 0.378704 0.039062 0.099074 0.041667 0.111111 0.049479 0.115741 0.055729 0.113889 0.060417 0.103704 0.060417 0.090741 0.055729 0.081481 0.050000 0.076852 0.043750 0.080556
0 0.040625 0.087963 0.164583 0.162963 0.167708 0.175000 0.175521 0.179630 0.181250 0.177778 0.186458 0.167593 0.186458 0.154630 0.181771 0.145370 0.176042 0.140741 0.169792 0.144444
0 0.166667 0.151852 0.220833 0.095370 0.223438 0.108333 0.231250 0.112037 0.237500 0.111111 0.242188 0.100000 0.242188 0.087963 0.237500 0.077778 0.231771 0.073148 0.225521 0.076852
0 0.222396 0.084259 0.163542 0.026852 0.166146 0.039815 0.174479 0.044444 0.180208 0.042593 0.184896 0.032407 0.184896 0.019444 0.180208 0.010185 0.175000 0.004630 0.168750 0.008333
0 0.165104 0.015741 0.271354 0.027778 0.273958 0.039815 0.281771 0.044444 0.288021 0.043519 0.292708 0.032407 0.292708 0.019444 0.288021 0.010185 0.282292 0.005556 0.276042 0.009259
0 0.272917 0.016667 0.332812 0.025000 0.335417 0.037963 0.343750 0.041667 0.349479 0.040741 0.354167 0.029630 0.354167 0.017593 0.349479 0.007407 0.343750 0.002778 0.337500 0.006481
0 0.334375 0.013889 0.364062 0.000926 0.366667 0.013889 0.374479 0.018519 0.380208 0.016667 0.385417 0.005556 0.273438 0.000000 0.278646 0.000000 0.458854 0.137963 0.461979 0.150926
0 0.469792 0.155556 0.473437 0.151852 0.477083 0.142593 0.476042 0.133333 0.473958 0.125000 0.468750 0.121296 0.463021 0.123148 0.460938 0.126852 0.487500 0.153704 0.490104 0.166667
0 0.497917 0.170370 0.504167 0.167593 0.507812 0.157407 0.506771 0.144444 0.504167 0.136111 0.498437 0.131481 0.492188 0.135185 0.489062 0.142593 0.531250 0.142593 0.533854 0.154630
0 0.542188 0.159259 0.547917 0.156481 0.551562 0.146296 0.550521 0.133333 0.547917 0.125000 0.542708 0.120370 0.536458 0.124074 0.532812 0.131481 0.471875 0.279630 0.474479 0.292593
0 0.482292 0.296296 0.488021 0.293519 0.492188 0.283333 0.491146 0.270370 0.488542 0.262037 0.482812 0.257407 0.476562 0.261111 0.473437 0.268519 0.485938 0.250926 0.489062 0.263889
0 0.496875 0.267593 0.502604 0.264815 0.506771 0.254630 0.505208 0.241667 0.503125 0.233333 0.497396 0.228704 0.491146 0.232407 0.488021 0.239815 0.608333 0.140741 0.610937 0.153704
0 0.619271 0.158333 0.625000 0.154630 0.628646 0.145370 0.627604 0.132407 0.625000 0.124074 0.619271 0.118519 0.613021 0.122222 0.609896 0.129630 0.582292 0.095370 0.584896 0.108333
0 0.592708 0.112037 0.598437 0.109259 0.602604 0.099074 0.601562 0.086111 0.598958 0.077778 0.593229 0.073148 0.586979 0.076852 0.583854 0.084259 0.689583 0.054630 0.692187 0.067593
0 0.700000 0.072222 0.705729 0.068519 0.709896 0.058333 0.708854 0.045370 0.706250 0.037963 0.700521 0.032407 0.694271 0.036111 0.691146 0.043519 0.616146 0.199074 0.619271 0.211111
0 0.627083 0.215741 0.632812 0.212963 0.636979 0.202778 0.635938 0.189815 0.633333 0.181481 0.627604 0.176852 0.621354 0.180556 0.618229 0.187963 0.590625 0.197222 0.593229 0.210185
0 0.601042 0.213889 0.607292 0.211111 0.610937 0.200926 0.609896 0.187963 0.607292 0.179630 0.601562 0.175000 0.595312 0.178704 0.592188 0.186111 0.625000 0.022222 0.627604 0.035185
0 0.635417 0.039815 0.641146 0.036111 0.645312 0.026852 0.644271 0.013889 0.641667 0.005556 0.635938 0.000000 0.629687 0.003704 0.626562 0.011111 0.772396 0.024074 0.775000 0.036111
0 0.783333 0.040741 0.789062 0.037963 0.792708 0.027778 0.791667 0.014815 0.789062 0.006481 0.783333 0.001852 0.777083 0.005556 0.773958 0.012963 0.781250 0.216667 0.783854 0.228704
0 0.792188 0.233333 0.797917 0.230556 0.801562 0.220370 0.800521 0.207407 0.797917 0.199074 0.792188 0.194444 0.785937 0.197222 0.782812 0.205556 0.829167 0.370370 0.831771 0.382407
0 0.839583 0.387037 0.845312 0.384259 0.849479 0.374074 0.848437 0.361111 0.845833 0.352778 0.840104 0.348148 0.833854 0.351852 0.830729 0.359259 0.975000 0.648148 0.978125 0.661111
0 0.985937 0.665741 0.991667 0.662037 0.995313 0.652778 0.994271 0.639815 0.992188 0.631481 0.986458 0.625926 0.980208 0.629630 0.976562 0.637037 0.971354 0.529630 0.973958 0.542593
0 0.981771 0.547222 0.987500 0.543519 0.991667 0.534259 0.990625 0.521296 0.988021 0.512963 0.982292 0.507407 0.976042 0.511111 0.972917 0.518519 0.950000 0.510185 0.953125 0.523148
0 0.960938 0.526852 0.966667 0.524074 0.970833 0.513889 0.969792 0.500926 0.967188 0.492593 0.961458 0.487963 0.955208 0.491667 0.952083 0.499074 0.982813 0.567593 0.984896 0.577778
0 0.990625 0.582407 0.995313 0.581481 0.999479 0.574074 0.998438 0.561111 0.995833 0.552778 0.990625 0.547222 0.984375 0.550926 0.982292 0.558333 0.882292 0.587037 0.884896 0.599074
0 0.893229 0.603704 0.898958 0.600926 0.902083 0.590741 0.901042 0.577778 0.898958 0.569444 0.893229 0.563889 0.886979 0.567593 0.883854 0.575000 0.983854 0.854630 0.986458 0.867593
0 0.994792 0.872222 0.995313 0.832407 0.989062 0.836111 0.985417 0.843518 0.670833 0.897222 0.674479 0.908333 0.679688 0.912963 0.685938 0.912037 0.689062 0.901852 0.688021 0.888889
0 0.685938 0.880556 0.680208 0.875926 0.673958 0.879630 0.670833 0.887037 0.628125 0.850000 0.631250 0.861111 0.636979 0.865741 0.643229 0.864815 0.646354 0.855556 0.645312 0.842593
0 0.643229 0.834259 0.637500 0.828704 0.631250 0.832407 0.628125 0.839815 0.564062 0.871296 0.567187 0.882407 0.572396 0.887037 0.578646 0.886111 0.581771 0.876852 0.580729 0.863889
0 0.578646 0.855556 0.573438 0.850000 0.567187 0.853704 0.563542 0.861111 0.529167 0.834259 0.532292 0.845370 0.537500 0.850000 0.543750 0.849074 0.547396 0.839815 0.546354 0.826852
0 0.544271 0.817593 0.538542 0.812963 0.532292 0.816667 0.529167 0.824074 0.576563 0.752778 0.579687 0.763889 0.584896 0.768519 0.591146 0.767593 0.594792 0.757407 0.593229 0.744444
0 0.591667 0.736111 0.585938 0.731481 0.579687 0.735185 0.576563 0.742593 0.570833 0.800926 0.573958 0.812037 0.579167 0.816667 0.585417 0.815741 0.589063 0.805556 0.587500 0.792593
0 0.585938 0.784259 0.580208 0.779630 0.573958 0.783333 0.570833 0.790741 0.498437 0.828704 0.501562 0.839815 0.506771 0.844444 0.513021 0.843518 0.516667 0.834259 0.515625 0.821296
0 0.513542 0.812963 0.507812 0.807407 0.501562 0.811111 0.498437 0.818519 0.727083 0.616667 0.730208 0.627778 0.735417 0.632407 0.741667 0.631481 0.745313 0.621296 0.743750 0.608333
0 0.742188 0.600000 0.736458 0.595370 0.730208 0.599074 0.727083 0.606481 0.665104 0.468519 0.668229 0.479630 0.673437 0.484259 0.679688 0.483333 0.682813 0.473148 0.681771 0.460185
0 0.679688 0.451852 0.674479 0.447222 0.668229 0.450926 0.664583 0.458333 0.814062 0.496296 0.815625 0.503704 0.819792 0.509259 0.825521 0.508333 0.829167 0.498148 0.827083 0.486111
0 0.825000 0.481481 0.820833 0.477778 0.815625 0.479630 0.813542 0.486111 0.798958 0.525926 0.800521 0.533333 0.804167 0.538889 0.810417 0.537963 0.814062 0.528704 0.811979 0.515741
0 0.809896 0.511111 0.805729 0.507407 0.800521 0.509259 0.798437 0.515741 0.769792 0.560185 0.771354 0.567593 0.775521 0.573148 0.781771 0.572222 0.784896 0.562963 0.782812 0.550000
0 0.780729 0.545370 0.776563 0.541667 0.771354 0.543519 0.769271 0.550926 0.734896 0.653704 0.736458 0.662037 0.740625 0.667593 0.746875 0.666667 0.750000 0.656482 0.747917 0.643519
0 0.745833 0.638889 0.741667 0.636111 0.736458 0.637963 0.734375 0.644444 0.678125 0.502778 0.680208 0.511111 0.683854 0.516667 0.690104 0.515741 0.693750 0.505556 0.691667 0.493519
0 0.689583 0.487963 0.685417 0.485185 0.679688 0.487037 0.678125 0.493519 0.647917 0.566667 0.649479 0.575000 0.653646 0.580556 0.659375 0.579630 0.663021 0.569444 0.660937 0.557407
0 0.658854 0.551852 0.654688 0.549074 0.649479 0.550926 0.647396 0.557407 0.647917 0.469444 0.649479 0.476852 0.653646 0.482407 0.659896 0.481481 0.663021 0.472222 0.660937 0.459259
0 0.658854 0.454630 0.654688 0.450926 0.649479 0.452778 0.647917 0.459259 0.709375 0.719444 0.710938 0.726852 0.715104 0.732407 0.720833 0.731481 0.724479 0.722222 0.722396 0.709259
0 0.720312 0.704630 0.716146 0.700926 0.710938 0.702778 0.708854 0.709259 0.779167 0.806481 0.780729 0.813889 0.784896 0.819444 0.791146 0.818519 0.794792 0.809259 0.792708 0.796296
0 0.790104 0.791667 0.785937 0.787963 0.780729 0.789815 0.779167 0.796296 0.849479 0.797222 0.851042 0.805556 0.855208 0.811111 0.861458 0.810185 0.864583 0.800000 0.862500 0.787963
0 0.860417 0.782407 0.856250 0.779630 0.851042 0.781482 0.848958 0.787963 0.818750 0.873148 0.820312 0.880556 0.824479 0.886111 0.830729 0.885185 0.833854 0.875000 0.831771 0.862963
0 0.829687 0.858333 0.825521 0.854630 0.820312 0.856481 0.818750 0.862963 0.894792 0.694444 0.898958 0.698148 0.902083 0.699074 0.906250 0.698148 0.908333 0.694444 0.909896 0.686111
0 0.909375 0.677778 0.908333 0.672222 0.903646 0.667593 0.897917 0.668519 0.894792 0.673148 0.892708 0.679630 0.892187 0.687963 0.870313 0.622222 0.873958 0.625926 0.877083 0.626852
0 0.881771 0.625926 0.883333 0.622222 0.885417 0.613889 0.884375 0.605556 0.883333 0.600000 0.879167 0.595370 0.873438 0.596296 0.870313 0.600926 0.867708 0.607407 0.867708 0.615741
0 0.840625 0.614815 0.844271 0.618519 0.847396 0.618519 0.851562 0.617593 0.853646 0.613889 0.855208 0.605556 0.854688 0.598148 0.853646 0.592593 0.849479 0.587963 0.843229 0.588889
0 0.840625 0.592593 0.838021 0.599074 0.837500 0.607407 0.811458 0.743519 0.815104 0.748148 0.818229 0.748148 0.822396 0.747222 0.824479 0.743519 0.826563 0.735185 0.825521 0.726852
0 0.824479 0.722222 0.820312 0.717593 0.814062 0.717593 0.811458 0.722222 0.808854 0.728704 0.808333 0.737037 0.789062 0.709259 0.792708 0.712963 0.796354 0.712963 0.800521 0.712037
0 0.802083 0.708333 0.804167 0.700000 0.803646 0.692593 0.802083 0.687037 0.797917 0.682407 0.792188 0.683333 0.789062 0.687037 0.786979 0.693519 0.786458 0.701852 0.789062 0.752778
0 0.792708 0.756481 0.795833 0.756481 0.800000 0.755556 0.802083 0.752778 0.804167 0.743519 0.803125 0.736111 0.802083 0.730556 0.797917 0.725926 0.792188 0.726852 0.789062 0.730556
0 0.786458 0.737037 0.786458 0.745370 0.920833 0.813889 0.924479 0.817593 0.928125 0.817593 0.932292 0.816667 0.934375 0.812963 0.935938 0.804630 0.935417 0.796296 0.934375 0.791667
0 0.929688 0.787037 0.923958 0.787963 0.920833 0.791667 0.918750 0.798148 0.918229 0.806481 0.747917 0.742593 0.751562 0.746296 0.755208 0.747222 0.759375 0.745370 0.760938 0.742593
0 0.763021 0.733333 0.762500 0.725926 0.760938 0.720370 0.756771 0.715741 0.751042 0.716667 0.747917 0.720370 0.745833 0.726852 0.745313 0.735185 0.717188 0.890741 0.720833 0.894444
0 0.723958 0.895370 0.728125 0.893519 0.730208 0.890741 0.731771 0.882407 0.731250 0.874074 0.730208 0.868519 0.726042 0.863889 0.719792 0.864815 0.717188 0.869444 0.714583 0.875000
0 0.714063 0.883333 0.682292 0.862963 0.685938 0.866667 0.689062 0.867593 0.693229 0.866667 0.695312 0.862963 0.697396 0.854630 0.696354 0.846296 0.695312 0.840741 0.691146 0.836111
0 0.685417 0.837037 0.682292 0.841667 0.679688 0.848148 0.679688 0.856481 0.586458 0.725926 0.590104 0.729630 0.593750 0.729630 0.597917 0.728704 0.599479 0.725000 0.601562 0.716667
0 0.601042 0.708333 0.600000 0.703704 0.595312 0.699074 0.589583 0.700000 0.586458 0.703704 0.584375 0.710185 0.583854 0.718518 0.602604 0.860185 0.606250 0.863889 0.609896 0.864815
0 0.614062 0.863889 0.615625 0.860185 0.617708 0.851852 0.617188 0.843518 0.615625 0.837963 0.611458 0.833333 0.605729 0.834259 0.602604 0.838889 0.600521 0.845370 0.600000 0.853704
0 0.506771 0.897222 0.510417 0.900926 0.513542 0.901852 0.517708 0.900926 0.519792 0.897222 0.521354 0.888889 0.520833 0.880556 0.519792 0.875000 0.515625 0.870370 0.509375 0.871296 0.506771 0.875926 0.504167 0.882407 0.503646 0.890741
0 0.542188 0.878704 0.545833 0.883333 0.549479 0.883333 0.553646 0.882407 0.555208 0.878704 0.557292 0.870370 0.556771 0.862037 0.555208 0.857407 0.551042 0.852778 0.545313 0.852778 0.542188 0.857407 0.540104 0.863889 0.539583 0.872222
0 0.486979 0.925926 0.490625 0.929630 0.494271 0.930556 0.498437 0.928704 0.500000 0.925926 0.502083 0.917593 0.501042 0.909259 0.500000 0.903704 0.495833 0.899074 0.490104 0.900000 0.486979 0.904630 0.484896 0.910185 0.484375 0.918519
0 0.484896 0.809259 0.488542 0.812963 0.491667 0.813889 0.495833 0.812963 0.497917 0.809259 0.500000 0.800926 0.498958 0.792593 0.497917 0.787037 0.493750 0.783333 0.488021 0.783333 0.484896 0.787963 0.482292 0.794444 0.482292 0.802778
0 0.469792 0.891667 0.473437 0.895370 0.476562 0.895370 0.480729 0.894444 0.482812 0.890741 0.484896 0.882407 0.483854 0.875000 0.482812 0.869444 0.478646 0.864815 0.472917 0.865741 0.469792 0.869444 0.467187 0.875926 0.467187 0.884259
0 0.460938 0.945370 0.464583 0.949074 0.467708 0.949074 0.471875 0.948148 0.473958 0.944444 0.476042 0.936111 0.475000 0.928704 0.473958 0.923148 0.469792 0.918519 0.463542 0.919444 0.460938 0.923148 0.458333 0.929630 0.457812 0.937963
0 0.428125 0.900000 0.431771 0.903704 0.434896 0.903704 0.439583 0.902778 0.441146 0.899074 0.443229 0.890741 0.442187 0.883333 0.441146 0.877778 0.436979 0.873148 0.431250 0.874074 0.428125 0.877778 0.425521 0.884259 0.425521 0.892593
0 0.446354 0.868519 0.450521 0.872222 0.453646 0.873148 0.457812 0.872222 0.459896 0.868519 0.461458 0.860185 0.460938 0.851852 0.459896 0.846296 0.455208 0.841667 0.449479 0.842593 0.446354 0.847222 0.444271 0.853704 0.443750 0.862037
0 0.462500 0.836111 0.466146 0.840741 0.469271 0.840741 0.473958 0.839815 0.475521 0.836111 0.477604 0.827778 0.476562 0.819444 0.475521 0.814815 0.471354 0.810185 0.465625 0.811111 0.462500 0.814815 0.459896 0.821296 0.459896 0.829630
0 0.360417 0.913889 0.367188 0.917593 0.371875 0.916667 0.373437 0.913889 0.375521 0.904630 0.374479 0.897222 0.373437 0.891667 0.369271 0.887037 0.363542 0.887963 0.360417 0.891667 0.357812 0.898148 0.357812 0.906482 0.356250 0.940741
0 0.358333 0.943519 0.361458 0.945370 0.365104 0.945370 0.367708 0.942593 0.370313 0.936111 0.369271 0.927778 0.368229 0.922222 0.364062 0.917593 0.358333 0.918519 0.355208 0.923148 0.353646 0.928704 0.354167 0.936111 0.379687 0.917593
0 0.381771 0.921296 0.384896 0.923148 0.388542 0.922222 0.391146 0.920370 0.393750 0.912963 0.392708 0.905556 0.391667 0.900000 0.387500 0.895370 0.381771 0.896296 0.378646 0.900000 0.377083 0.906482 0.377604 0.912963 0.322396 0.951852
0 0.326042 0.955556 0.329167 0.956481 0.333333 0.955556 0.335417 0.951852 0.336979 0.943519 0.336458 0.935185 0.335417 0.929630 0.331250 0.925000 0.325000 0.925926 0.322396 0.930556 0.319792 0.937037 0.319271 0.945370 0.290625 0.833333
0 0.294271 0.837037 0.297396 0.837963 0.301562 0.836111 0.303646 0.833333 0.305208 0.824074 0.304688 0.816667 0.303646 0.811111 0.299479 0.806481 0.293229 0.807407 0.290625 0.811111 0.288021 0.817593 0.287500 0.825926 0.326042 0.831481
0 0.328125 0.835185 0.331250 0.836111 0.334896 0.836111 0.337500 0.834259 0.340104 0.826852 0.339583 0.819444 0.338021 0.813889 0.333854 0.809259 0.328125 0.810185 0.325000 0.813889 0.323438 0.820370 0.323958 0.826852 0.265625 0.870370
0 0.269792 0.874074 0.272917 0.874074 0.277083 0.873148 0.279167 0.869444 0.280729 0.861111 0.280208 0.852778 0.279167 0.848148 0.274479 0.843518 0.268750 0.844444 0.265625 0.848148 0.263542 0.854630 0.263021 0.862963 0.246354 0.946296
0 0.250000 0.950926 0.253646 0.950926 0.257812 0.950000 0.259375 0.946296 0.261458 0.937963 0.260938 0.929630 0.259375 0.925000 0.255208 0.920370 0.249479 0.920370 0.246354 0.925000 0.244271 0.931481 0.243750 0.939815 0.186979 0.989815
0 0.190625 0.993519 0.194271 0.993519 0.198437 0.992593 0.200000 0.988889 0.202083 0.980556 0.201562 0.972222 0.200000 0.967593 0.195833 0.962963 0.190104 0.963889 0.186979 0.967593 0.184896 0.974074 0.184375 0.982407 0.207813 0.882407
0 0.210417 0.894444 0.218229 0.899074 0.223958 0.897222 0.229167 0.887037 0.229167 0.874074 0.225521 0.861111 0.219792 0.855556 0.214062 0.859259 0.209375 0.870370 0.174479 0.938889 0.177083 0.951852 0.184896 0.955556 0.191146 0.954630
0 0.195833 0.943519 0.195833 0.931481 0.192708 0.917593 0.185937 0.913889 0.179688 0.916667 0.175000 0.925926 0.109375 0.944444 0.111979 0.957407 0.120312 0.962037 0.126042 0.960185 0.130729 0.950000 0.130729 0.937037 0.127604 0.924074
0 0.120833 0.920370 0.114583 0.922222 0.110417 0.931481 0.146354 0.885185 0.149479 0.897222 0.157292 0.901852 0.163021 0.900926 0.168229 0.889815 0.168229 0.877778 0.164583 0.863889 0.157813 0.860185 0.152083 0.862963 0.147396 0.871296
0 0.150521 0.955556 0.153646 0.968518 0.161458 0.972222 0.167187 0.971296 0.172396 0.960185 0.172396 0.948148 0.168750 0.934259 0.161979 0.930556 0.156250 0.933333 0.151562 0.942593 0.144792 0.986111 0.138021 0.981481 0.131771 0.984259
0 0.127083 0.993519 0.081250 0.749074 0.084375 0.761111 0.092188 0.765741 0.097917 0.764815 0.103125 0.753704 0.103125 0.741667 0.099479 0.727778 0.092708 0.724074 0.086979 0.726852 0.082292 0.735185 0.123438 0.769444 0.126042 0.782407
0 0.133854 0.786111 0.139583 0.785185 0.144792 0.774074 0.144792 0.762037 0.141146 0.748148 0.134375 0.744444 0.128646 0.747222 0.123958 0.756481 0.000000 0.600926 0.004688 0.589815 0.004688 0.577778 0.000000 0.567593 0.100521 0.580556
0 0.103125 0.592593 0.110937 0.597222 0.116667 0.595370 0.121875 0.585185 0.121875 0.572222 0.117188 0.562963 0.111458 0.558333 0.105208 0.562037 0.102083 0.569444 0.155208 0.630556 0.157813 0.643519 0.165625 0.648148 0.171875 0.646296
0 0.176563 0.635185 0.176563 0.623148 0.171875 0.613889 0.166146 0.608333 0.159896 0.612037 0.156771 0.619444 0.183333 0.444444 0.189063 0.454630 0.196875 0.459259 0.202604 0.457407 0.207813 0.446296 0.207813 0.434259 0.204167 0.421296
0 0.193750 0.413889 0.186458 0.419444 0.183333 0.431481 0.064062 0.340741 0.069271 0.350926 0.077604 0.355556 0.083333 0.353704 0.088021 0.343519 0.088021 0.330556 0.084896 0.317593 0.074479 0.310185 0.067188 0.316667 0.063542 0.327778
0 0.119792 0.443519 0.125000 0.453704 0.132812 0.458333 0.139062 0.456481 0.143750 0.446296 0.143750 0.433333 0.140625 0.420370 0.130208 0.412963 0.122917 0.418519 0.119271 0.430556 0.002083 0.398148 0.009896 0.401852 0.015625 0.400926
0 0.020833 0.389815 0.020833 0.377778 0.017188 0.363889 0.006771 0.357407 0.000000 0.362963 0.298438 0.996296 0.288021 0.989815 0.281250 0.995370 0.350000 0.100000 0.346875 0.116667 0.348437 0.131481 0.353646 0.142593 0.361458 0.144444
0 0.368229 0.144444 0.373958 0.137037 0.377604 0.125926 0.377083 0.114815 0.375000 0.101852 0.370833 0.093519 0.363021 0.090741 0.356250 0.092593 0.445833 0.300000 0.442708 0.315741 0.444271 0.331481 0.449479 0.342593 0.457812 0.344444
0 0.464063 0.343519 0.469792 0.336111 0.473437 0.325000 0.473437 0.314815 0.470833 0.300926 0.466667 0.292593 0.459375 0.289815 0.452083 0.291667 0.192708 0.319444 0.189583 0.335185
0 0.191146 0.350926 0.196354 0.361111 0.204167 0.363889 0.210938 0.362963 0.216667 0.355556 0.220313 0.344444 0.219792 0.333333 0.217708 0.320370 0.213542 0.312037 0.205729 0.309259
0 0.198958 0.311111 0.255208 0.602778 0.252083 0.618519 0.256771 0.635185 0.268750 0.642593 0.276563 0.640741 0.281250 0.628704 0.281771 0.617593 0.280208 0.604630 0.276042 0.596296
0 0.268750 0.592593 0.261458 0.594444 0.866667 0.759259 0.864062 0.775000 0.865625 0.790741 0.870313 0.801852 0.878646 0.803704 0.884896 0.802778 0.890625 0.795370 0.894271 0.784259
0 0.894271 0.774074 0.891667 0.760185 0.887500 0.751852 0.880208 0.749074 0.872917 0.750926 0.717708 0.776852 0.715625 0.791667 0.717188 0.803704 0.721354 0.814815 0.727604 0.819444
0 0.734375 0.818519 0.740104 0.811111 0.742188 0.800926 0.742708 0.788889 0.741146 0.776852 0.737500 0.771296 0.730729 0.767593 0.722917 0.770370 0.221354 0.437037 0.218750 0.452778
0 0.220313 0.468519 0.225521 0.478704 0.233333 0.481481 0.240104 0.480556 0.245833 0.473148 0.248958 0.462037 0.248958 0.450926 0.246875 0.437963 0.242708 0.429630 0.234896 0.426852
0 0.228125 0.428704 0.259375 0.550926 0.257292 0.563889 0.260417 0.579630 0.268229 0.589815 0.275521 0.590741 0.282292 0.584259 0.285417 0.573148 0.285417 0.562037 0.283333 0.549074
0 0.279167 0.540741 0.271354 0.537963 0.264583 0.539815 0.183854 0.823148 0.182292 0.836111 0.184896 0.851852 0.193229 0.862037 0.200521 0.862963 0.206771 0.856481 0.209896 0.845370
0 0.209896 0.834259 0.207813 0.821296 0.203646 0.812963 0.195833 0.810185 0.189063 0.812037 0.073437 0.279630 0.075000 0.289815 0.078646 0.297222 0.082813 0.298148 0.086979 0.297222
0 0.091146 0.293519 0.093229 0.287963 0.093229 0.277778 0.090104 0.268519 0.086458 0.263889 0.079167 0.264815 0.075521 0.269444 0.041146 0.344444 0.042708 0.353704 0.045833 0.362037
0 0.050000 0.362963 0.054688 0.362037 0.058333 0.358333 0.060938 0.351852 0.060417 0.341667 0.057813 0.333333 0.053646 0.328704 0.046354 0.328704 0.043229 0.334259 0.071354 0.433333
0 0.072396 0.442593 0.076042 0.450000 0.080208 0.451852 0.084375 0.450926 0.088542 0.447222 0.090625 0.440741 0.090625 0.430556 0.087500 0.422222 0.083854 0.417593 0.076563 0.417593
0 0.072917 0.423148 0.147396 0.313889 0.148438 0.324074 0.152083 0.331481 0.156250 0.332407 0.160417 0.331481 0.164583 0.328704 0.167187 0.322222 0.166667 0.312037 0.164062 0.302778
0 0.159896 0.298148 0.152604 0.299074 0.149479 0.304630 0.167187 0.344444 0.168750 0.353704 0.172396 0.362037 0.176563 0.362963 0.180729 0.362037 0.184375 0.358333 0.186979 0.352778
0 0.186979 0.341667 0.183854 0.333333 0.179688 0.328704 0.172396 0.328704 0.169271 0.334259 0.171354 0.478704 0.172396 0.488889 0.176042 0.496296 0.180208 0.497222 0.184375 0.496296
0 0.188542 0.492593 0.190625 0.487037 0.190625 0.476852 0.187500 0.467593 0.183854 0.462963 0.176563 0.463889 0.172917 0.468519 0.086979 0.087037 0.088542 0.096296 0.091667 0.103704
0 0.095833 0.105556 0.100000 0.104630 0.104167 0.100926 0.106771 0.094444 0.106250 0.084259 0.103646 0.075000 0.099479 0.071296 0.092188 0.071296 0.089062 0.076852 0.211979 0.050000
0 0.213542 0.060185 0.217187 0.067593 0.221354 0.068519 0.225521 0.067593 0.229167 0.063889 0.231771 0.058333 0.231771 0.048148 0.228646 0.038889 0.224479 0.034259 0.217708 0.035185
0 0.214062 0.039815 0.240625 0.000000 0.244271 0.007407 0.248437 0.008333 0.252604 0.007407 0.256771 0.003704 0.188542 0.057407 0.190104 0.067593 0.193750 0.075000 0.197917 0.076852
0 0.202083 0.075926 0.205729 0.072222 0.208333 0.065741 0.208333 0.055556 0.205208 0.046296 0.201042 0.042593 0.193750 0.042593 0.190625 0.048148 0.104167 0.379630 0.105208 0.389815 0.108854 0.397222 0.113021 0.398148 0.117188 0.397222
0 0.121354 0.393519 0.123958 0.387963 0.123438 0.377778 0.120312 0.368519 0.116667 0.363889 0.109375 0.364815 0.106250 0.369444 0.133854 0.388889 0.134896 0.399074 0.138542 0.406481 0.142708 0.407407 0.146875 0.406481 0.151042 0.402778
0 0.153646 0.397222 0.153125 0.387037 0.150000 0.377778 0.146354 0.373148 0.139062 0.374074 0.135937 0.378704 0.154167 0.388889 0.155729 0.399074 0.159375 0.406481 0.163542 0.408333 0.167708 0.407407 0.171354 0.403704 0.173958 0.397222
0 0.173958 0.387037 0.170833 0.377778 0.166667 0.373148 0.159896 0.374074 0.156250 0.379630 0.240625 0.271296 0.241667 0.280556 0.245312 0.288889 0.249479 0.289815 0.253646 0.288889 0.257812 0.285185
0 0.259896 0.278704 0.259896 0.268519 0.256771 0.260185 0.253125 0.255556 0.245833 0.255556 0.242188 0.261111 0.036979 0.617593 0.038542 0.627778 0.041667 0.635185 0.045833 0.636111 0.050000 0.635185 0.054167 0.631481 0.056771 0.625926
0 0.056250 0.615741 0.053646 0.606481 0.049479 0.601852 0.042188 0.602778 0.039062 0.607407 0.152604 0.575000 0.153646 0.584259 0.157292 0.592593 0.161458 0.593518 0.165625 0.592593 0.169792 0.588889 0.172396 0.583333 0.171875 0.572222
0 0.168750 0.563889 0.165104 0.559259 0.157813 0.559259 0.154167 0.564815 0.217708 0.612037 0.219271 0.622222 0.222917 0.629630 0.227083 0.630556 0.231250 0.629630 0.234896 0.626852 0.237500 0.620370 0.237500 0.610185 0.234375 0.600926
0 0.230208 0.596296 0.223438 0.597222 0.219792 0.602778 0.320312 0.585185 0.321875 0.595370 0.325521 0.602778 0.329688 0.603704 0.333854 0.602778 0.337500 0.599074 0.340104 0.593518 0.340104 0.583333 0.336979 0.574074
0 0.332812 0.569444 0.326042 0.570370 0.322396 0.575000 0.131250 0.855556 0.132812 0.864815 0.135937 0.872222 0.140104 0.874074 0.144271 0.873148 0.148438 0.869444 0.151042 0.862963 0.150521 0.852778 0.147917 0.843518
0 0.143750 0.839815 0.136458 0.839815 0.133333 0.845370 0.211979 0.543519 0.213021 0.553704 0.216667 0.561111 0.220833 0.562037 0.225000 0.561111 0.229167 0.557407 0.231771 0.551852 0.231250 0.541667 0.228646 0.532407
0 0.224479 0.527778 0.217187 0.528704 0.214062 0.533333 0.440104 0.613889 0.441667 0.623148 0.445312 0.631481 0.449479 0.632407 0.453646 0.631481 0.457812 0.627778 0.459896 0.622222 0.459896 0.612037 0.456771 0.602778
0 0.453125 0.598148 0.445833 0.599074 0.442187 0.603704 0.410937 0.689815 0.412500 0.699074 0.415625 0.707407 0.419792 0.708333 0.424479 0.707407 0.428125 0.703704 0.430729 0.697222 0.430208 0.687037 0.427604 0.678704
0 0.423438 0.674074 0.416146 0.674074 0.413021 0.679630 0.365625 0.636111 0.367188 0.645370 0.370313 0.653704 0.374479 0.654630 0.378646 0.653704 0.382812 0.650000 0.385417 0.644444 0.384896 0.634259 0.382292 0.625000
0 0.378125 0.620370 0.370833 0.621296 0.367708 0.625926 0.403646 0.525926 0.405208 0.536111 0.408333 0.543519 0.413021 0.544444 0.417188 0.543519 0.420833 0.539815 0.423438 0.534259 0.422917 0.524074 0.420312 0.514815
0 0.416146 0.510185 0.408854 0.511111 0.405729 0.515741 0.450000 0.409259 0.451562 0.418519 0.455208 0.426852 0.459375 0.427778 0.463542 0.426852 0.467187 0.423148 0.469792 0.416667 0.469792 0.406481 0.466667 0.398148
0 0.462500 0.393519 0.455729 0.393519 0.452083 0.399074 0.496354 0.436111 0.497917 0.445370 0.501042 0.453704 0.505208 0.454630 0.509375 0.453704 0.513542 0.450000 0.516146 0.444444 0.515625 0.433333 0.513021 0.425000
0 0.508854 0.420370 0.501562 0.420370 0.498437 0.425926 0.475521 0.452778 0.477083 0.462963 0.480729 0.470370 0.484896 0.471296 0.489062 0.470370 0.492708 0.466667 0.495313 0.461111 0.495313 0.450926 0.492188 0.441667
0 0.488542 0.437037 0.481250 0.437963 0.477604 0.442593 0.472396 0.382407 0.473958 0.392593 0.477083 0.400000 0.481250 0.400926 0.485938 0.400000 0.489583 0.396296 0.492188 0.390741 0.491667 0.380556 0.489062 0.371296
0 0.484896 0.366667 0.477604 0.367593 0.474479 0.372222 0.314063 0.356481 0.315625 0.365741 0.319271 0.374074 0.323438 0.375000 0.327604 0.374074 0.331250 0.370370 0.333854 0.364815 0.333854 0.354630 0.330729 0.345370
0 0.327083 0.340741 0.319792 0.341667 0.316146 0.346296 0.342708 0.437037 0.344271 0.447222 0.347396 0.454630 0.351562 0.456481 0.356250 0.455556 0.359896 0.451852 0.362500 0.445370 0.361979 0.435185 0.359375 0.425926
0 0.355208 0.422222 0.347917 0.422222 0.344792 0.427778 0.327083 0.413889 0.328646 0.424074 0.331771 0.431481 0.335938 0.432407 0.340625 0.431481 0.344271 0.427778 0.346875 0.422222 0.346354 0.412037 0.343750 0.402778
0 0.339583 0.398148 0.332292 0.399074 0.329167 0.403704 0.337500 0.251852 0.339063 0.262037 0.342187 0.269444 0.346354 0.270370 0.350521 0.269444 0.354688 0.265741 0.357292 0.260185 0.356771 0.250000 0.354167 0.240741
0 0.350000 0.236111 0.342708 0.237037 0.339583 0.241667 0.431250 0.248148 0.432813 0.258333 0.436458 0.265741 0.440625 0.266667 0.444792 0.265741 0.448438 0.262037 0.451042 0.256481 0.451042 0.246296 0.447917 0.237037
0 0.443750 0.232407 0.436458 0.233333 0.433333 0.237963 0.405729 0.346296 0.406771 0.356481 0.410417 0.363889 0.414583 0.365741 0.418750 0.364815 0.422917 0.361111 0.425521 0.354630 0.425000 0.344444 0.422396 0.335185
0 0.418229 0.331481 0.410937 0.331481 0.407813 0.337037 0.423958 0.316667 0.425000 0.325926 0.428646 0.334259 0.432813 0.335185 0.436979 0.334259 0.441146 0.330556 0.443750 0.325000 0.443229 0.313889 0.440104 0.305556
0 0.436458 0.300926 0.429167 0.300926 0.425521 0.306481 0.315625 0.125926 0.316667 0.135185 0.320312 0.142593 0.324479 0.144444 0.328646 0.143519 0.332812 0.139815 0.335417 0.133333 0.334896 0.123148 0.331771 0.114815
0 0.328125 0.110185 0.320833 0.110185 0.317187 0.115741 0.507812 0.002778 0.511979 0.003704 0.516146 0.002778 0.483854 0.000926 0.487500 0.008333 0.491667 0.009259 0.495833 0.008333 0.498958 0.003704 0.633854 0.284259
0 0.635417 0.294444 0.639063 0.301852 0.643229 0.302778 0.647396 0.301852 0.650000 0.297222 0.651042 0.290741 0.651042 0.281481 0.647917 0.273148 0.643750 0.269444 0.639063 0.269444 0.635938 0.274074 0.689583 0.294444
0 0.691146 0.304630 0.694271 0.312037 0.698438 0.313889 0.702604 0.312963 0.705729 0.307407 0.706771 0.300926 0.706771 0.291667 0.703646 0.283333 0.698958 0.279630 0.694792 0.279630 0.691667 0.285185 0.661458 0.306481
0 0.663021 0.315741 0.666146 0.323148 0.670313 0.325000 0.674479 0.324074 0.677604 0.318519 0.678646 0.312963 0.678646 0.302778 0.675521 0.294444 0.670833 0.290741 0.666667 0.290741 0.663542 0.296296 0.622917 0.371296
0 0.624479 0.381481 0.627604 0.388889 0.631771 0.389815 0.635938 0.388889 0.639063 0.384259 0.640104 0.377778 0.640104 0.368519 0.636979 0.360185 0.632292 0.356481 0.628125 0.356481 0.625000 0.361111 0.670833 0.190741
0 0.671875 0.200926 0.675521 0.208333 0.679688 0.209259 0.683854 0.208333 0.686979 0.203704 0.688021 0.197222 0.687500 0.187963 0.684375 0.179630 0.680208 0.175926 0.676042 0.175926 0.672396 0.180556 0.636458 0.166667
0 0.638021 0.176852 0.641146 0.184259 0.645312 0.186111 0.649479 0.185185 0.652604 0.179630 0.653646 0.173148 0.653646 0.163889 0.650521 0.155556 0.645833 0.151852 0.641667 0.151852 0.638542 0.157407 0.670313 0.232407
0 0.671875 0.242593 0.675000 0.250000 0.679167 0.250926 0.683333 0.250000 0.686458 0.245370 0.687500 0.238889 0.687500 0.229630 0.684375 0.221296 0.679688 0.217593 0.675521 0.217593 0.672396 0.222222 0.575000 0.224074
0 0.576563 0.234259 0.579687 0.241667 0.583854 0.242593 0.588021 0.241667 0.591146 0.237037 0.592188 0.230556 0.592188 0.221296 0.589063 0.212963 0.584375 0.209259 0.580208 0.209259 0.577083 0.213889 0.798437 0.304630
0 0.799479 0.313889 0.803125 0.321296 0.807292 0.323148 0.811458 0.322222 0.814583 0.316667 0.815625 0.311111 0.815625 0.300926 0.812500 0.292593 0.807813 0.288889 0.803646 0.288889 0.800521 0.294444 0.616146 0.503704
0 0.617708 0.513889 0.621354 0.521296 0.625521 0.522222 0.629687 0.521296 0.632812 0.516667 0.633333 0.510185 0.633333 0.500926 0.630208 0.492593 0.626042 0.488889 0.621875 0.488889 0.618229 0.493519 0.569792 0.543519
0 0.571354 0.552778 0.575000 0.561111 0.579167 0.562037 0.583333 0.561111 0.585938 0.556481 0.586979 0.550000 0.586979 0.539815 0.583854 0.532407 0.579687 0.528704 0.575000 0.527778 0.571875 0.533333 0.569271 0.492593
0 0.570833 0.502778 0.574479 0.510185 0.578646 0.511111 0.582812 0.510185 0.585938 0.505556 0.586979 0.499074 0.586458 0.489815 0.583333 0.481481 0.579167 0.477778 0.575000 0.477778 0.571354 0.483333 0.536979 0.540741
0 0.538021 0.550926 0.541667 0.558333 0.545833 0.559259 0.550000 0.558333 0.553125 0.553704 0.554167 0.547222 0.554167 0.537963 0.551042 0.529630 0.546354 0.525926 0.542188 0.525926 0.539062 0.530556 0.558333 0.440741
0 0.559896 0.450926 0.563542 0.458333 0.567708 0.459259 0.571875 0.458333 0.575000 0.453704 0.576042 0.447222 0.575521 0.437963 0.572396 0.429630 0.568229 0.425926 0.564062 0.425926 0.560417 0.431481 0.548437 0.380556
0 0.550000 0.389815 0.553646 0.397222 0.557813 0.399074 0.561979 0.398148 0.564583 0.392593 0.565625 0.387037 0.565625 0.376852 0.562500 0.368519 0.558333 0.364815 0.553646 0.364815 0.550521 0.370370 0.524479 0.411111
0 0.526042 0.420370 0.529167 0.427778 0.533333 0.429630 0.537500 0.428704 0.540625 0.423148 0.541667 0.417593 0.541667 0.407407 0.538542 0.399074 0.533854 0.395370 0.529688 0.395370 0.526563 0.400926 0.522396 0.322222
0 0.523958 0.332407 0.527604 0.339815 0.531771 0.341667 0.535937 0.340741 0.539062 0.335185 0.539583 0.328704 0.539583 0.319444 0.536458 0.311111 0.532292 0.307407 0.528125 0.307407 0.524479 0.312963 0.560938 0.299074
0 0.562500 0.309259 0.565625 0.316667 0.569792 0.317593 0.574479 0.316667 0.577083 0.312037 0.578125 0.305556 0.578125 0.296296 0.575000 0.287963 0.570312 0.284259 0.566146 0.284259 0.563021 0.288889 0.645833 0.362963
0 0.646354 0.371296 0.650000 0.378704 0.654167 0.379630 0.657812 0.375926 0.658854 0.368519 0.658333 0.362963 0.655729 0.356481 0.652083 0.353704 0.647917 0.355556 0.716667 0.311111 0.717188 0.319444 0.720833 0.326852
0 0.725000 0.328704 0.728646 0.325000 0.729688 0.317593 0.729167 0.311111 0.726562 0.304630 0.722917 0.301852 0.718750 0.304630 0.602604 0.413889 0.603646 0.422222 0.606771 0.429630 0.610937 0.430556 0.615104 0.426852
0 0.615625 0.420370 0.615104 0.413889 0.612500 0.407407 0.609375 0.404630 0.604688 0.407407 0.580729 0.414815 0.581250 0.423148 0.584896 0.430556 0.589063 0.432407 0.592708 0.428704 0.593750 0.421296 0.593229 0.414815
0 0.590625 0.408333 0.586979 0.405556 0.582812 0.408333 0.496875 0.368519 0.497396 0.376852 0.501042 0.384259 0.505208 0.386111 0.508854 0.382407 0.509896 0.375000 0.509375 0.368519 0.506771 0.362037 0.503125 0.359259
0 0.498958 0.362037 0.548958 0.475000 0.549479 0.481481 0.552604 0.486111 0.557292 0.485185 0.558854 0.479630 0.558333 0.474074 0.556771 0.470370 0.554167 0.468519 0.551042 0.469444 0.696354 0.380556 0.696875 0.388889
0 0.700521 0.396296 0.704687 0.397222 0.708333 0.393519 0.709375 0.387037 0.708854 0.380556 0.706250 0.374074 0.702604 0.371296 0.698438 0.374074 0.750521 0.285185 0.751562 0.294444 0.755208 0.301852 0.759375 0.303704
0 0.763542 0.302778 0.766667 0.297222 0.767708 0.291667 0.767187 0.281481 0.764583 0.273148 0.759896 0.269444 0.755729 0.269444 0.752083 0.275000 0.755208 0.397222 0.756771 0.406481 0.760417 0.414815 0.764583 0.415741
0 0.768750 0.414815 0.771875 0.410185 0.772396 0.403704 0.772396 0.393519 0.769271 0.386111 0.765104 0.382407 0.760938 0.381481 0.757292 0.387037 0.847396 0.331481 0.848958 0.341667 0.852083 0.349074 0.856250 0.350000
0 0.860937 0.349074 0.863542 0.344444 0.864583 0.337963 0.864583 0.328704 0.861458 0.320370 0.856771 0.316667 0.852604 0.316667 0.849479 0.321296 0.822917 0.453704 0.823958 0.463889 0.827604 0.471296 0.831771 0.472222
0 0.835938 0.471296 0.839063 0.466667 0.840104 0.460185 0.840104 0.450926 0.836979 0.442593 0.832292 0.438889 0.828125 0.438889 0.825000 0.444444 0.769792 0.139815 0.770833 0.149074 0.774479 0.157407 0.778646 0.158333
0 0.782812 0.157407 0.785937 0.152778 0.786979 0.146296 0.786458 0.136111 0.783333 0.128704 0.779167 0.125000 0.775000 0.125000 0.771354 0.129630 0.809896 0.147222 0.811458 0.156481 0.815104 0.164815 0.819271 0.165741
0 0.823438 0.164815 0.826042 0.160185 0.827083 0.153704 0.827083 0.143519 0.823958 0.136111 0.819271 0.132407 0.815104 0.131481 0.811979 0.137037 0.832292 0.162037 0.833333 0.171296 0.836979 0.179630 0.841146 0.180556
0 0.845312 0.179630 0.848437 0.175000 0.849479 0.168519 0.848958 0.158333 0.845833 0.150926 0.841667 0.146296 0.837500 0.146296 0.833854 0.151852 0.869792 0.162037 0.871354 0.171296 0.875000 0.178704 0.879167 0.180556
0 0.883333 0.179630 0.885938 0.174074 0.886979 0.168519 0.886979 0.158333 0.883854 0.150000 0.879687 0.146296 0.875521 0.146296 0.871875 0.151852 0.889583 0.194444 0.891146 0.203704 0.894271 0.211111 0.898438 0.212963
0 0.902604 0.212037 0.905729 0.206481 0.906771 0.200926 0.906771 0.190741 0.903646 0.182407 0.898958 0.178704 0.894792 0.178704 0.891667 0.184259 0.851562 0.115741 0.853125 0.125000 0.856250 0.133333 0.860417 0.134259
0 0.864583 0.133333 0.867708 0.128704 0.868750 0.122222 0.868750 0.112037 0.865625 0.104630 0.860937 0.100000 0.856771 0.100000 0.853646 0.105556 0.869271 0.094444 0.870833 0.104630 0.874479 0.112037 0.878646 0.113889
0 0.882812 0.112963 0.885938 0.107407 0.886458 0.100926 0.886458 0.091667 0.883333 0.083333 0.879167 0.079630 0.875000 0.079630 0.871354 0.085185 0.865625 0.054630 0.866667 0.063889 0.870313 0.072222 0.874479 0.073148
0 0.878646 0.072222 0.881771 0.067593 0.882812 0.061111 0.882292 0.050926 0.879167 0.043519 0.875000 0.039815 0.870833 0.038889 0.867188 0.044444 0.831250 0.110185 0.832812 0.120370 0.835938 0.127778 0.840104 0.128704
0 0.844271 0.127778 0.847396 0.123148 0.848437 0.116667 0.848437 0.107407 0.845312 0.099074 0.840625 0.095370 0.836458 0.095370 0.833333 0.100000 0.817708 0.075000 0.818750 0.085185 0.822396 0.092593 0.826563 0.093519
0 0.830729 0.092593 0.833854 0.087963 0.834896 0.081481 0.834375 0.072222 0.831250 0.063889 0.827083 0.060185 0.822917 0.060185 0.819271 0.065741 0.814062 0.000000 0.818750 0.000000 0.822396 0.000000 0.751042 0.092593
0 0.752604 0.102778 0.756250 0.110185 0.760417 0.111111 0.764583 0.110185 0.767187 0.105556 0.768229 0.099074 0.768229 0.089815 0.765104 0.081481 0.760938 0.077778 0.756250 0.077778 0.753125 0.083333 0.962500 0.416667
0 0.964063 0.426852 0.967708 0.434259 0.971875 0.435185 0.976042 0.434259 0.979167 0.429630 0.979688 0.423148 0.979688 0.413889 0.976562 0.405556 0.972396 0.401852 0.968229 0.401852 0.964583 0.406481 0.928125 0.497222
0 0.929167 0.506481 0.932813 0.514815 0.936979 0.515741 0.941146 0.514815 0.944271 0.510185 0.945312 0.503704 0.945312 0.493519 0.942187 0.486111 0.937500 0.481481 0.933333 0.481481 0.930208 0.487037 0.911458 0.480556
0 0.913021 0.490741 0.916667 0.498148 0.920833 0.499074 0.925000 0.498148 0.928125 0.493519 0.929167 0.487037 0.928646 0.477778 0.925521 0.469444 0.921354 0.465741 0.917188 0.465741 0.913542 0.470370 0.849479 0.531482
0 0.850521 0.541667 0.854167 0.549074 0.858333 0.550000 0.862500 0.549074 0.865625 0.544444 0.866667 0.537963 0.866667 0.528704 0.863542 0.520370 0.858854 0.516667 0.854688 0.516667 0.851562 0.521296 0.936458 0.558333
0 0.938021 0.568519 0.941146 0.575926 0.945312 0.577778 0.950000 0.576852 0.952604 0.571296 0.953646 0.565741 0.953646 0.555556 0.950521 0.547222 0.945833 0.543519 0.941667 0.543519 0.938542 0.549074 0.639583 0.593518
0 0.641146 0.603704 0.644792 0.611111 0.648958 0.612037 0.653125 0.611111 0.656250 0.606481 0.656771 0.600000 0.656771 0.590741 0.653646 0.582407 0.649479 0.578704 0.645312 0.578704 0.641667 0.583333 0.582812 0.647222
0 0.583854 0.657407 0.587500 0.664815 0.591667 0.666667 0.595833 0.665741 0.598958 0.660185 0.600000 0.654630 0.599479 0.644444 0.596354 0.636111 0.592188 0.632407 0.588021 0.632407
0 0.584375 0.637963 0.438021 0.571296 0.439063 0.581481 0.442708 0.588889 0.446875 0.590741 0.451042 0.589815 0.454167 0.584259 0.455208 0.577778 0.454688 0.568519 0.451562 0.560185
0 0.447396 0.556481 0.443229 0.556481 0.439583 0.562037 0.446354 0.530556 0.447396 0.540741 0.451042 0.548148 0.455208 0.549074 0.459375 0.548148 0.462500 0.543519 0.463542 0.537037
0 0.463021 0.527778 0.460417 0.519444 0.455729 0.515741 0.451562 0.515741 0.447917 0.520370 0.700521 0.575926 0.703646 0.587037 0.709375 0.591667 0.715625 0.590741 0.718750 0.580556
0 0.717708 0.567593 0.715625 0.559259 0.709896 0.554630 0.703646 0.558333 0.700521 0.565741 0.662500 0.603704 0.663542 0.613889 0.667188 0.621296 0.671354 0.622222 0.675521 0.621296
0 0.678646 0.616667 0.679688 0.610185 0.679167 0.600926 0.676042 0.592593 0.671875 0.588889 0.667708 0.588889 0.664062 0.594444 0.938021 0.076852 0.939062 0.086111
0 0.942708 0.094444 0.946875 0.095370 0.951042 0.094444 0.954167 0.089815 0.955208 0.083333 0.955208 0.074074 0.952083 0.065741 0.947396 0.062037 0.943229 0.062037 0.940104 0.066667
0 0.906250 0.129630 0.907292 0.139815 0.910937 0.147222 0.915104 0.148148 0.919271 0.147222 0.922396 0.142593 0.923437 0.136111 0.922917 0.126852 0.919792 0.118519 0.915625 0.114815 0.911458 0.114815 0.907812 0.119444
0 0.923437 0.221296 0.925000 0.231481 0.928646 0.238889 0.932813 0.240741 0.936979 0.239815 0.939583 0.234259 0.940625 0.228704 0.940625 0.218519 0.937500 0.210185 0.933333 0.206481 0.928646 0.206481 0.925521 0.212037
0 0.892708 0.272222 0.893750 0.281481 0.897396 0.288889 0.901563 0.290741 0.905729 0.289815 0.908854 0.284259 0.909896 0.278704 0.909375 0.268519 0.906250 0.260185 0.902083 0.256481 0.897917 0.256481 0.894271 0.262037
0 0.856771 0.251852 0.857813 0.261111 0.861458 0.269444 0.865625 0.270370 0.869792 0.269444 0.872917 0.264815 0.873958 0.258333 0.873958 0.248148 0.870833 0.240741 0.866146 0.236111 0.861979 0.236111 0.858854 0.241667
0 0.932813 0.007407 0.936458 0.014815 0.940625 0.016667 0.944792 0.015741 0.947396 0.010185 0.948438 0.004630 0.923437 0.117593 0.924479 0.127778 0.928125 0.135185 0.932292 0.136111 0.936458 0.135185 0.939583 0.130556
0 0.940625 0.124074 0.940625 0.114815 0.937500 0.106481 0.932813 0.102778 0.928646 0.102778 0.925521 0.108333 0.945312 0.179630 0.946354 0.188889 0.950000 0.197222 0.954167 0.198148 0.958333 0.197222 0.961458 0.192593
0 0.962500 0.186111 0.961979 0.176852 0.958854 0.168519 0.954687 0.164815 0.950521 0.164815 0.946875 0.169444 0.942187 0.250926 0.943750 0.261111 0.947396 0.268519 0.951563 0.269444 0.955729 0.268519 0.958333 0.263889
0 0.959375 0.257407 0.959375 0.248148 0.956250 0.239815 0.952083 0.236111 0.947396 0.236111 0.944271 0.240741 0.926042 0.385185 0.927083 0.395370 0.930729 0.402778 0.934896 0.403704 0.939062 0.402778 0.942187 0.398148
0 0.943229 0.391667 0.942708 0.382407 0.939583 0.374074 0.935417 0.370370 0.931250 0.370370 0.927604 0.375000 0.835417 0.637037 0.836979 0.644444 0.839583 0.650000 0.842708 0.650926 0.846875 0.650000 0.848958 0.646296
0 0.850521 0.640741 0.850521 0.633333 0.847917 0.625926 0.843750 0.621296 0.840104 0.622222 0.836458 0.628704 0.902083 0.571296 0.903646 0.578704 0.906250 0.584259 0.909375 0.585185 0.913542 0.584259 0.916146 0.580556
0 0.917708 0.574074 0.917188 0.567593 0.915104 0.560185 0.910417 0.555556 0.906771 0.556481 0.903646 0.562963 0.967188 0.611111 0.968750 0.618519 0.971354 0.624074 0.974479 0.625926 0.978646 0.625000 0.980729 0.620370
0 0.982292 0.614815 0.982292 0.607407 0.980208 0.600000 0.975521 0.596296 0.971875 0.596296 0.968750 0.603704 0.815104 0.409259 0.816667 0.416667 0.819271 0.422222 0.822396 0.424074 0.826563 0.423148 0.829167 0.418519
0 0.830729 0.412963 0.830208 0.405556 0.828125 0.398148 0.823438 0.394444 0.819792 0.394444 0.816667 0.400926 0.872396 0.384259 0.873438 0.391667 0.876042 0.397222 0.879167 0.399074 0.883333 0.398148 0.885938 0.393519
0 0.887500 0.387963 0.886979 0.380556 0.884896 0.373148 0.880729 0.369444 0.877083 0.369444 0.873438 0.375926 0.907292 0.634259 0.908854 0.641667 0.910937 0.647222 0.914062 0.649074 0.918750 0.648148 0.920833 0.643519
0 0.922396 0.637963 0.922396 0.630556 0.919792 0.623148 0.915625 0.619444 0.911979 0.619444 0.908333 0.626852 0.954687 0.771296 0.956250 0.778704 0.958854 0.784259 0.961458 0.784259 0.966146 0.784259 0.968229 0.780556
0 0.969792 0.775000 0.969792 0.767593 0.967708 0.760185 0.963021 0.756481 0.959375 0.756481 0.955729 0.762963 0.794271 0.571296 0.795313 0.577778 0.797917 0.583333 0.801042 0.584259 0.805208 0.583333 0.807813 0.579630
0 0.809375 0.574074 0.808854 0.567593 0.806771 0.559259 0.802604 0.555556 0.798958 0.556481 0.795313 0.562963 0.742188 0.880556 0.744271 0.887037 0.748438 0.888889 0.753125 0.887963 0.755208 0.884259 0.756250 0.875926
0 0.754167 0.868519 0.751042 0.864815 0.745833 0.865741 0.742708 0.872222 0.656250 0.814815 0.658333 0.821296 0.662500 0.824074 0.667188 0.822222 0.668750 0.818519 0.670313 0.810185 0.668229 0.803704 0.665104 0.799074
0 0.659896 0.800926 0.656250 0.806481 0.744792 0.851852 0.746875 0.858333 0.751042 0.861111 0.755729 0.859259 0.757812 0.855556 0.758854 0.847222 0.756771 0.840741 0.753646 0.836111 0.748438 0.837963 0.745313 0.843518
0 0.742708 0.809259 0.745313 0.815741 0.748958 0.814815 0.751562 0.812037 0.752604 0.806481 0.751562 0.799074 0.748958 0.796296 0.745313 0.796296 0.743229 0.801852 0.967708 0.840741 0.969271 0.848148 0.971354 0.853704
0 0.974479 0.854630 0.978646 0.853704 0.981250 0.850000 0.982813 0.844444 0.982813 0.837037 0.980208 0.829630 0.976042 0.825926 0.972396 0.825926 0.968750 0.832407 0.699479 0.888889 0.701563 0.896296 0.706250 0.898148
0 0.710417 0.897222 0.712500 0.892593 0.713542 0.885185 0.711979 0.877778 0.708854 0.873148 0.703646 0.875000 0.700000 0.881481 0.588021 0.785185 0.590104 0.792593 0.594792 0.794444 0.598958 0.793519 0.601042 0.788889
0 0.602083 0.780556 0.600521 0.774074 0.597396 0.769444 0.592188 0.771296 0.588542 0.777778 0.628646 0.634259 0.630729 0.640741 0.634896 0.642593 0.639583 0.641667 0.641667 0.637963 0.642708 0.629630 0.640625 0.622222
0 0.637500 0.617593 0.632292 0.619444 0.629167 0.625926 0.637500 0.886111 0.639583 0.893519 0.643750 0.895370 0.648438 0.893519 0.650521 0.889815 0.651563 0.881481 0.649479 0.875000 0.646354 0.870370 0.641146 0.872222
0 0.638021 0.877778 0.440104 0.770370 0.442187 0.776852 0.446354 0.779630 0.451042 0.777778 0.453125 0.774074 0.454167 0.765741 0.452083 0.758333 0.448958 0.754630 0.443750 0.755556 0.440625 0.762037 0.448958 0.745370
0 0.451042 0.751852 0.455729 0.754630 0.459896 0.752778 0.461979 0.749074 0.463021 0.740741 0.460938 0.733333 0.458333 0.729630 0.453125 0.730556 0.449479 0.737037 0.508333 0.777778
0 0.510417 0.784259 0.515104 0.786111 0.519271 0.785185 0.521354 0.781482 0.522396 0.773148 0.520833 0.765741 0.517708 0.761111 0.512500 0.762963 0.508854 0.769444 0.565625 0.690741 0.567708 0.697222 0.572396 0.699074
0 0.576563 0.698148 0.578646 0.694444 0.579687 0.686111 0.578125 0.678704 0.575000 0.675000 0.569792 0.675926 0.566146 0.682407 0.557292 0.714815 0.559375 0.721296 0.563542 0.723148 0.568229 0.722222 0.570312 0.718518
0 0.571354 0.710185 0.569271 0.702778 0.566146 0.698148 0.560938 0.700000 0.557292 0.706481 0.497917 0.726852 0.500000 0.734259 0.504167 0.736111 0.508854 0.735185 0.510417 0.730556 0.511979 0.723148 0.509896 0.715741
0 0.506771 0.711111 0.501562 0.712963 0.497917 0.719444 0.486979 0.701852 0.489062 0.708333 0.494271 0.709259 0.496875 0.705556 0.497396 0.699074 0.496354 0.691667 0.493229 0.687963 0.489583 0.687963 0.487500 0.693519
0 0.475521 0.700000 0.477604 0.706481 0.482812 0.707407 0.485417 0.703704 0.485938 0.697222 0.484896 0.689815 0.481771 0.685185 0.478125 0.686111 0.476042 0.691667 0.619792 0.875926 0.621875 0.882407 0.627083 0.883333
0 0.629687 0.879630 0.630208 0.873148 0.629167 0.865741 0.626042 0.862037 0.622396 0.862037 0.619792 0.867593 0.604167 0.910185 0.606250 0.917593 0.611458 0.917593 0.614062 0.913889 0.614583 0.907407 0.613542 0.900926
0 0.610417 0.896296 0.606771 0.896296 0.604167 0.902778 0.614062 0.826852 0.616146 0.833333 0.621354 0.834259 0.623958 0.830556 0.624479 0.824074 0.623438 0.816667 0.620833 0.812037 0.617188 0.812963 0.614583 0.818519
0 0.625521 0.819444 0.627604 0.825926 0.632812 0.826852 0.635417 0.823148 0.635938 0.816667 0.634896 0.809259 0.631771 0.804630 0.628125 0.805556 0.625521 0.811111 0.606250 0.883333 0.608333 0.890741 0.613542 0.890741
0 0.616146 0.887037 0.616667 0.880556 0.615625 0.874074 0.613021 0.869444 0.609375 0.870370 0.606771 0.875926 0.541667 0.978704 0.543229 0.985185 0.548958 0.986111 0.551042 0.982407 0.552083 0.975926 0.550521 0.968518
0 0.547917 0.964815 0.544271 0.964815 0.541667 0.970370 0.523958 0.931481 0.526042 0.938889 0.531250 0.938889 0.533854 0.935185 0.534375 0.928704 0.533333 0.922222 0.530208 0.917593 0.526563 0.917593 0.523958 0.923148
0 0.404167 0.833333 0.406250 0.839815 0.411458 0.840741 0.414062 0.837037 0.414583 0.830556 0.413542 0.823148 0.410417 0.818519 0.406771 0.819444 0.404167 0.825000 0.358854 0.752778 0.360938 0.759259 0.366146 0.760185
0 0.368750 0.756481 0.369271 0.750000 0.368229 0.742593 0.365104 0.737963 0.361458 0.738889 0.359375 0.744444 0.343750 0.865741 0.345833 0.872222 0.351042 0.872222 0.353646 0.868519 0.354167 0.862037 0.353125 0.855556
0 0.350521 0.850926 0.346875 0.851852 0.344271 0.857407 0.340625 0.939815 0.342708 0.947222 0.347917 0.947222 0.350521 0.943519 0.351042 0.937037 0.350000 0.930556 0.347396 0.925926 0.343750 0.925926 0.341146 0.932407
0 0.337500 0.962037 0.339583 0.968518 0.344792 0.969444 0.347396 0.965741 0.347917 0.959259 0.346875 0.951852 0.344271 0.948148 0.340625 0.948148 0.338021 0.953704 0.359896 0.869444 0.361979 0.876852 0.367708 0.876852
0 0.369792 0.873148 0.370833 0.866667 0.369271 0.860185 0.366667 0.855556 0.363021 0.855556 0.360417 0.862037 0.314063 0.764815 0.316146 0.772222 0.321354 0.772222 0.323958 0.768519 0.324479 0.762037 0.323438 0.755556
0 0.320833 0.750926 0.317187 0.750926 0.314583 0.757407 0.495833 0.769444 0.497396 0.775926 0.503125 0.776852 0.505208 0.773148 0.506250 0.766667 0.504687 0.759259 0.502083 0.754630 0.498437 0.755556 0.495833 0.761111
0 0.229687 0.996296 0.226562 0.991667 0.222917 0.992593 0.220833 0.998148 0.165104 0.997222 0.162500 0.992593 0.158854 0.993519 0.216146 0.998148 0.213542 0.993519 0.209375 0.994444 0.235938 0.739815 0.238021 0.746296
0 0.243229 0.747222 0.245833 0.743519 0.246354 0.737037 0.245312 0.729630 0.242188 0.725000 0.238542 0.725926 0.236458 0.731481 0.273958 0.677778 0.276042 0.684259 0.281250 0.685185 0.283854 0.681481 0.284375 0.675000
0 0.282813 0.667593 0.280208 0.662963 0.276563 0.663889 0.273958 0.669444 0.127604 0.824074 0.131250 0.827778 0.134896 0.827778 0.139062 0.826852 0.140625 0.823148 0.142708 0.814815 0.142188 0.806481 0.140625 0.801852
0 0.136458 0.797222 0.130729 0.798148 0.127604 0.801852 0.125521 0.808333 0.125000 0.816667 0.035937 0.762037 0.040104 0.765741 0.043229 0.766667 0.047396 0.765741 0.049479 0.762037 0.051042 0.753704 0.050521 0.745370
0 0.049479 0.739815 0.044792 0.736111 0.039062 0.736111 0.035937 0.740741 0.033854 0.747222 0.033333 0.755556 0.060417 0.995370 0.056250 0.990741 0.050521 0.991667 0.047396 0.996296 0.028125 0.995370 0.022396 0.995370
0 0.001042 0.990741 0.005208 0.989815 0.007292 0.986111 0.009375 0.977778 0.008333 0.969444 0.007292 0.964815 0.003125 0.960185 0.071354 0.821296 0.075000 0.825000 0.078125 0.825000
0 0.082292 0.824074 0.084375 0.820370 0.085938 0.812037 0.085417 0.803704 0.084375 0.799074 0.080208 0.794444 0.073958 0.795370 0.071354 0.799074 0.068750 0.805556 0.068229 0.813889
0 0.001042 0.713889 0.004688 0.717593 0.008333 0.718518 0.012500 0.716667 0.014583 0.713889 0.016146 0.704630 0.015625 0.697222 0.014583 0.691667 0.009896 0.687037 0.004167 0.687963
0 0.001042 0.691667 0.016146 0.768519 0.020312 0.772222 0.023438 0.773148 0.027604 0.772222 0.029687 0.768519 0.031250 0.760185 0.030729 0.751852 0.029687 0.746296
0 0.025521 0.741667 0.019271 0.742593 0.016667 0.747222 0.014062 0.753704 0.013542 0.762037 0.127604 0.900000 0.131250 0.903704 0.134896 0.904630 0.139062 0.903704 0.140625 0.900000 0.142708 0.891667 0.142188 0.883333
0 0.140625 0.877778 0.136458 0.873148 0.130729 0.874074 0.127604 0.878704 0.125521 0.885185 0.125000 0.893519 0.170312 0.813889 0.173958 0.818519 0.177083 0.818519 0.181771 0.817593
0 0.183333 0.813889 0.185417 0.805556 0.184375 0.797222 0.183333 0.792593 0.179167 0.787963 0.173438 0.787963 0.170312 0.792593 0.167708 0.799074 0.167708 0.807407 0.222396 0.845370
0 0.226042 0.849074 0.229687 0.849074 0.233854 0.848148 0.235417 0.844444 0.237500 0.836111 0.236979 0.827778 0.235417 0.823148 0.231250 0.818519 0.225521 0.819444 0.222396 0.823148
0 0.220313 0.829630 0.219792 0.837963 0.152604 0.788889 0.156250 0.793519 0.159896 0.793519 0.164062 0.792593 0.165625 0.788889 0.167708 0.780556 0.167187 0.772222 0.165625 0.767593
0 0.161458 0.762963 0.155729 0.762963 0.152604 0.767593 0.150521 0.774074 0.150000 0.782407 0.106250 0.780556 0.109896 0.785185 0.113542 0.785185 0.117708 0.784259 0.119271 0.780556
0 0.121354 0.772222 0.120312 0.763889 0.119271 0.759259 0.115104 0.754630 0.109375 0.755556 0.106250 0.759259 0.104167 0.765741 0.103646 0.774074 0.051562 0.736111 0.055208 0.739815
0 0.058854 0.740741 0.063021 0.739815 0.065104 0.736111 0.066667 0.727778 0.066146 0.719444 0.065104 0.713889 0.060417 0.709259 0.054688 0.710185 0.051562 0.714815 0.049479 0.721296
0 0.048958 0.729630 0.060417 0.633333 0.064062 0.637037 0.067188 0.637963 0.071354 0.636111 0.073437 0.633333 0.075000 0.625000 0.074479 0.616667 0.073437 0.611111 0.069271 0.606481
0 0.063021 0.607407 0.060417 0.611111 0.057813 0.617593 0.057292 0.625926 0.254687 0.723148 0.258333 0.726852 0.261979 0.726852 0.266146 0.725926 0.267708 0.722222 0.269792 0.713889
0 0.269271 0.706481 0.267708 0.700926 0.263542 0.696296 0.257812 0.697222 0.254687 0.700926 0.252604 0.707407 0.252083 0.715741 0.270312 0.818519 0.273958 0.822222 0.277604 0.823148
0 0.281771 0.822222 0.283333 0.818519 0.285417 0.810185 0.284896 0.801852 0.283333 0.796296 0.279167 0.791667 0.273438 0.792593 0.270312 0.797222 0.268229 0.803704
0 0.267708 0.812037 0.307292 0.649074 0.310937 0.652778 0.314583 0.653704 0.318750 0.652778 0.320833 0.649074 0.322396 0.640741 0.321875 0.632407 0.320833 0.626852
0 0.316146 0.622222 0.310417 0.623148 0.307292 0.627778 0.305208 0.634259 0.304688 0.642593 0.331250 0.688889 0.333333 0.690741 0.335938 0.693519 0.338542 0.692593
0 0.341146 0.690741 0.342708 0.685185 0.342187 0.678704 0.341146 0.673148 0.337500 0.670370 0.332292 0.671296 0.329688 0.675926 0.329688 0.682407 0.286979 0.562963
0 0.290625 0.566667 0.294271 0.567593 0.298438 0.565741 0.300000 0.562963 0.302083 0.553704 0.301042 0.546296 0.300000 0.540741 0.295833 0.536111 0.290104 0.537037
0 0.286979 0.540741 0.284896 0.547222 0.284375 0.555556 0.361458 0.515741 0.365104 0.519444 0.368750 0.520370 0.372917 0.519444 0.374479 0.515741 0.376563 0.507407
0 0.375521 0.499074 0.374479 0.493519 0.370313 0.488889 0.364583 0.489815 0.361458 0.494444 0.359375 0.500926 0.358854 0.509259 0.409375 0.628704 0.413021 0.632407
0 0.416667 0.633333 0.420833 0.631481 0.422917 0.628704 0.424479 0.620370 0.423958 0.612037 0.422917 0.606481 0.418229 0.601852 0.412500 0.602778 0.409375 0.607407
0 0.407292 0.612963 0.406771 0.621296 0.309375 0.678704 0.311458 0.680556 0.314063 0.682407 0.317187 0.682407 0.319792 0.680556 0.320833 0.675000 0.320833 0.667593
0 0.319271 0.662963 0.316146 0.659259 0.310417 0.660185 0.308333 0.665741 0.307813 0.672222 0.351562 0.651852 0.353646 0.653704 0.356250 0.655556 0.359375 0.655556
0 0.361979 0.653704 0.363021 0.648148 0.362500 0.641667 0.361458 0.636111 0.357812 0.633333 0.352604 0.634259 0.350521 0.638889 0.350000 0.645370 0.366667 0.741667
0 0.368750 0.743519 0.370833 0.745370 0.373958 0.745370 0.376563 0.743519 0.378125 0.737963 0.377604 0.730556 0.376563 0.725926 0.372917 0.722222 0.367708 0.723148
0 0.365104 0.728704 0.364583 0.735185 0.352604 0.602778 0.354688 0.604630 0.357292 0.606481 0.360417 0.606481 0.363021 0.604630 0.364062 0.599074 0.364062 0.591667
0 0.362500 0.587037 0.359375 0.583333 0.353646 0.584259 0.351562 0.589815 0.351042 0.596296 0.243750 0.643519 0.245833 0.646296 0.248437 0.648148 0.251042 0.648148
0 0.253646 0.645370 0.255208 0.639815 0.254687 0.633333 0.253646 0.627778 0.250000 0.625000 0.244792 0.625926 0.242188 0.631481 0.242188 0.637963 0.482292 0.557407
0 0.484375 0.560185 0.486979 0.562037 0.490104 0.562037 0.492708 0.560185 0.493750 0.554630 0.493750 0.547222 0.492188 0.542593 0.489062 0.538889 0.483333 0.539815
0 0.481250 0.545370 0.480729 0.551852 0.496875 0.534259 0.498958 0.536111 0.501562 0.537963 0.504687 0.537963 0.507292 0.536111 0.508333 0.530556 0.507812 0.524074
0 0.506771 0.518519 0.503125 0.514815 0.497917 0.515741 0.495833 0.521296 0.495313 0.527778 0.490104 0.869444 0.492188 0.872222 0.494792 0.874074 0.497917 0.874074
0 0.500521 0.871296 0.501562 0.866667 0.501562 0.859259 0.500000 0.853704 0.496875 0.850926 0.491146 0.851852 0.489062 0.857407 0.488542 0.863889 0.505729 0.931481
0 0.507812 0.934259 0.510417 0.936111 0.513021 0.936111 0.516146 0.933333 0.517187 0.927778 0.516667 0.921296 0.515625 0.915741 0.511979 0.912963 0.506771 0.913889
0 0.504687 0.919444 0.504167 0.925926 0.405208 0.418519 0.407292 0.420370 0.409896 0.422222 0.412500 0.422222 0.415104 0.420370 0.416667 0.414815 0.416146 0.407407
0 0.415104 0.402778 0.411458 0.399074 0.406250 0.400000 0.403646 0.405556 0.403646 0.412037 0.691667 0.231481 0.693750 0.234259 0.695833 0.236111 0.698958 0.236111
0 0.701563 0.233333 0.703125 0.227778 0.702604 0.221296 0.701563 0.215741 0.697917 0.212963 0.692708 0.213889 0.690104 0.219444 0.690104 0.225926 0.658854 0.160185
0 0.661458 0.162963 0.663542 0.164815 0.666667 0.164815 0.669271 0.162037 0.670833 0.156481 0.670313 0.150000 0.669271 0.144444 0.665625 0.141667 0.660417 0.142593 0.657812 0.147222 0.657292 0.153704 0.660417 0.138889 0.662500 0.141667
0 0.665104 0.143519 0.668229 0.143519 0.670833 0.140741 0.671875 0.135185 0.671875 0.128704 0.670313 0.123148 0.667188 0.120370 0.661458 0.121296 0.659375 0.125926 0.658854 0.132407 0.680729 0.128704 0.682813 0.131481 0.684896 0.133333
0 0.688021 0.133333 0.690625 0.130556 0.692187 0.125926 0.691667 0.118519 0.690625 0.113889 0.686979 0.110185 0.681771 0.111111 0.679167 0.116667 0.678646 0.123148 0.797917 0.245370 0.800521 0.247222 0.802604 0.250000 0.805729 0.249074
0 0.808333 0.247222 0.809375 0.241667 0.809375 0.235185 0.807813 0.229630 0.804688 0.226852 0.799479 0.227778 0.796875 0.232407 0.796354 0.238889 0.790625 0.148148 0.793229 0.150926 0.795313 0.152778 0.798437 0.152778 0.801042 0.150000
0 0.802604 0.144444 0.802083 0.137963 0.801042 0.132407 0.797396 0.129630 0.792188 0.130556 0.789583 0.135185 0.789062 0.141667 0.676042 0.081481 0.678125 0.083333 0.682292 0.083333 0.685417 0.080556 0.686458 0.075000 0.684896 0.067593
0 0.682292 0.064815 0.677604 0.064815 0.674479 0.070370 0.673958 0.075926 0.741667 0.001852 0.743750 0.004630 0.747917 0.004630 0.751042 0.000926 0.876042 0.136111 0.878125 0.138889 0.882292 0.138889 0.885417 0.135185 0.886979 0.130556
0 0.884896 0.123148 0.882292 0.120370 0.878125 0.120370 0.874479 0.125000 0.873958 0.131481 0.798958 0.061111 0.801562 0.062963 0.805729 0.062963 0.808854 0.060185 0.809896 0.054630 0.808333 0.047222 0.805208 0.044444 0.801042 0.044444
0 0.797917 0.049074 0.797396 0.055556 0.813542 0.045370 0.815625 0.047222 0.819792 0.047222 0.822917 0.044444 0.823958 0.038889 0.822396 0.031481 0.819792 0.028704 0.815104 0.028704 0.811979 0.033333 0.811458 0.039815 0.882292 0.312963
0 0.879687 0.328704 0.881250 0.344444 0.886458 0.354630 0.894271 0.357407 0.901042 0.356481 0.906771 0.349074 0.909896 0.337963 0.909896 0.326852 0.907812 0.313889 0.903646 0.305556 0.895833 0.302778 0.889063 0.304630 0.860417 0.424074
0 0.857813 0.440741 0.859375 0.455556 0.864583 0.466667 0.872396 0.468519 0.879167 0.467593 0.884896 0.461111 0.888021 0.450000 0.888021 0.438889 0.885938 0.425926 0.881771 0.417593 0.873958 0.413889 0.867188 0.416667 0.838542 0.514815
0 0.838542 0.523148 0.840625 0.528704 0.842708 0.529630 0.844792 0.529630 0.847396 0.526852 0.848437 0.521296 0.847917 0.515741 0.845833 0.512037 0.844271 0.511111 0.841146 0.511111 0.831771 0.400000 0.831250 0.408333 0.833854 0.412037
0 0.836979 0.412037 0.839063 0.409259 0.838542 0.402778 0.837500 0.398148 0.834375 0.397222 0.808854 0.423148 0.808854 0.431481 0.810938 0.435185 0.814062 0.435185 0.816146 0.432407 0.816146 0.425000 0.814583 0.421296 0.811458 0.420370
0 0.794271 0.412037 0.794271 0.420370 0.796875 0.424074 0.800000 0.424074 0.802083 0.421296 0.801562 0.414815 0.800000 0.410185 0.797396 0.409259 0.789062 0.383333 0.788542 0.391667 0.791146 0.395370 0.794271 0.395370 0.796354 0.392593
0 0.795833 0.386111 0.794792 0.381481 0.791667 0.380556 0.734375 0.407407 0.734375 0.415741 0.736979 0.420370 0.740104 0.419444 0.742188 0.416667 0.741667 0.410185 0.740104 0.405556 0.737500 0.404630 0.722396 0.404630 0.722396 0.412963
0 0.724479 0.416667 0.728125 0.416667 0.730208 0.413889 0.729688 0.407407 0.728125 0.402778 0.725521 0.401852 0.651042 0.265741 0.653646 0.278704 0.661979 0.282407 0.667708 0.279630 0.671354 0.269444 0.670313 0.256481 0.667708 0.248148
0 0.661979 0.243519 0.655729 0.247222 0.652604 0.254630 0.597917 0.270370 0.600521 0.282407 0.608854 0.287037 0.614583 0.284259 0.618229 0.274074 0.617188 0.261111 0.614583 0.252778 0.609375 0.248148 0.603125 0.250926 0.599479 0.258333
0 0.598958 0.932407 0.601042 0.938889 0.606250 0.939815 0.608854 0.936111 0.609375 0.928704 0.608333 0.922222 0.605208 0.917593 0.601562 0.918519 0.599479 0.924074 0.605729 0.964815 0.607292 0.972222 0.613021 0.972222 0.615104 0.968518
0 0.616146 0.962037 0.614583 0.955556 0.611979 0.950926 0.608333 0.950926 0.605729 0.957407 0.744792 0.904630 0.747396 0.908333 0.750521 0.910185 0.753125 0.909259 0.754167 0.902778 0.753125 0.895370 0.750521 0.892593 0.746875 0.892593
0 0.744271 0.899074 0.381250 0.772222 0.383333 0.778704 0.388542 0.779630 0.391146 0.775926 0.391667 0.769444 0.390625 0.762037 0.387500 0.758333 0.383854 0.758333 0.381771 0.763889 0.450000 0.976852 0.452083 0.980556 0.455208 0.981481
0 0.458333 0.981481 0.460938 0.979630 0.463542 0.972222 0.463021 0.963889 0.461979 0.959259 0.457292 0.954630 0.451562 0.955556 0.448438 0.959259 0.447396 0.965741 0.447396 0.972222 0.305729 0.878704 0.308854 0.889815 0.316146 0.895370
0 0.321875 0.893519 0.326562 0.883333 0.326562 0.870370 0.323438 0.858333 0.316146 0.855556 0.310417 0.859259 0.306771 0.866667 0.232292 0.969444 0.234375 0.976852 0.239583 0.976852 0.242188 0.973148 0.242708 0.966667 0.241667 0.960185
0 0.239063 0.955556 0.234896 0.956481 0.232812 0.962037 0.235417 0.902778 0.236979 0.909259 0.242708 0.910185 0.244792 0.906482 0.245833 0.900000 0.244271 0.892593 0.241667 0.888889 0.238021 0.888889 0.235417 0.894444
0 0.093750 0.860185 0.095833 0.866667 0.101042 0.867593 0.103646 0.863889 0.104167 0.856481 0.103125 0.850000 0.100000 0.845370 0.096354 0.846296 0.094271 0.851852 0.097396 0.817593 0.101042 0.821296 0.104167 0.821296 0.108333 0.820370
0 0.110417 0.816667 0.112500 0.808333 0.111458 0.800926 0.110417 0.795370 0.106250 0.790741 0.100521 0.791667 0.097396 0.795370 0.094792 0.801852 0.094792 0.810185 0.010937 0.857407 0.013542 0.862037 0.017188 0.862963 0.019792 0.861111
0 0.021354 0.855556 0.019792 0.849074 0.017188 0.844444 0.013542 0.844444 0.010937 0.850000 0.092708 0.637037 0.095312 0.641667 0.098958 0.642593 0.101562 0.640741 0.103125 0.635185 0.102083 0.628704 0.098958 0.624074 0.095312 0.624074
0 0.092708 0.630556 0.083854 0.650926 0.085938 0.656482 0.089583 0.657407 0.092708 0.654630 0.093750 0.650000 0.092708 0.642593 0.090625 0.640741 0.086458 0.641667 0.083854 0.645370 0.079687 0.635185 0.081771 0.639815
0 0.085417 0.640741 0.088542 0.638889 0.089583 0.633333 0.088542 0.626852 0.085938 0.622222 0.082292 0.622222 0.079687 0.628704 0.016667 0.621296 0.019271 0.626852 0.022917 0.627778 0.026042 0.625926 0.027083 0.620370
0 0.026042 0.612963 0.022917 0.608333 0.019271 0.609259 0.017188 0.614815 0.000000 0.637037 0.002604 0.641667 0.006250 0.642593 0.008854 0.640741 0.010417 0.635185 0.009375 0.628704 0.006250 0.624074 0.002604 0.624074
0 0.000000 0.630556 0.131250 0.602778 0.133333 0.607407 0.136979 0.608333 0.140104 0.606481 0.141146 0.600926 0.140104 0.594444 0.137500 0.589815 0.133854 0.589815 0.131250 0.595370 0.079167 0.716667 0.082813 0.720370
0 0.085938 0.721296 0.090625 0.719444 0.092188 0.716667 0.094271 0.708333 0.093229 0.700000 0.092188 0.694444 0.088021 0.689815 0.082292 0.690741 0.079167 0.695370 0.076563 0.700926 0.076563 0.709259 0.115104 0.732407
0 0.118750 0.736111 0.122396 0.737037 0.126563 0.735185 0.128125 0.732407 0.130208 0.723148 0.129688 0.715741 0.128125 0.710185 0.123958 0.705556 0.118229 0.706481 0.115104 0.710185 0.113021 0.716667 0.112500 0.725000
0 0.059896 0.530556 0.063542 0.534259 0.067188 0.535185 0.071354 0.533333 0.072917 0.530556 0.075000 0.521296 0.074479 0.513889 0.072917 0.508333 0.068750 0.503704 0.063021 0.504630 0.059896 0.508333 0.057813 0.514815
0 0.057292 0.523148 0.095312 0.493519 0.098958 0.497222 0.102604 0.498148 0.106771 0.497222 0.108333 0.493519 0.110417 0.485185 0.109896 0.476852 0.108333 0.471296 0.104167 0.466667 0.098438 0.467593 0.095312 0.472222
0 0.093229 0.478704 0.092708 0.487037 0.007292 0.449074 0.010937 0.452778 0.014583 0.453704 0.018750 0.452778 0.020833 0.449074 0.022396 0.440741 0.021875 0.432407 0.020833 0.426852 0.016146 0.422222 0.010417 0.423148
0 0.007292 0.427778 0.005208 0.434259 0.004688 0.442593 0.002083 0.251852 0.005729 0.255556 0.009375 0.256481 0.013542 0.255556 0.015625 0.251852 0.017188 0.243519 0.016667 0.235185 0.015625 0.229630 0.010937 0.225000
0 0.005208 0.225926 0.002083 0.230556 0.000000 0.237037 0.033854 0.219444 0.037500 0.223148 0.041146 0.224074 0.045313 0.223148 0.046875 0.219444 0.048958 0.211111 0.048437 0.202778 0.046875 0.197222 0.042708 0.192593
0 0.036979 0.193519 0.033854 0.198148 0.031771 0.204630 0.031250 0.212963 0.012500 0.146296 0.016146 0.150000 0.019271 0.150926 0.023438 0.149074 0.025521 0.146296 0.027604 0.137037 0.026563 0.129630 0.025521 0.124074
0 0.021354 0.119444 0.015625 0.120370 0.012500 0.124074 0.009896 0.130556 0.009896 0.138889 0.003646 0.216667 0.007292 0.220370 0.010937 0.220370 0.015104 0.219444 0.017188 0.215741 0.018750 0.207407 0.018229 0.199074
0 0.017188 0.194444 0.012500 0.189815 0.006771 0.190741 0.003646 0.194444 0.001563 0.200926 0.001042 0.209259 0.054688 0.495370 0.056771 0.500926 0.060938 0.501852 0.063542 0.500000 0.065104 0.494444 0.063542 0.487037
0 0.060938 0.482407 0.057292 0.483333 0.054688 0.488889 0.086979 0.512037 0.089062 0.517593 0.092708 0.518519 0.095833 0.516667 0.096875 0.511111 0.095833 0.503704 0.093229 0.499074 0.089583 0.500000 0.086979 0.505556
0 0.105208 0.457407 0.107813 0.462963 0.111458 0.462963 0.114583 0.461111 0.115625 0.456481 0.114583 0.449074 0.111458 0.444444 0.107813 0.445370 0.105729 0.450926 0.064583 0.373148 0.067188 0.377778 0.070833 0.378704
0 0.073958 0.376852 0.075000 0.371296 0.073958 0.364815 0.070833 0.360185 0.067188 0.361111 0.065104 0.366667 0.043229 0.180556 0.046875 0.184259 0.050521 0.185185 0.054688 0.183333
0 0.056250 0.180556 0.058333 0.171296 0.057292 0.163889 0.056250 0.158333 0.052083 0.153704 0.046354 0.154630 0.043229 0.158333 0.041146 0.164815 0.040625 0.173148 0.156250 0.103704
0 0.159896 0.107407 0.163542 0.107407 0.167708 0.106481 0.169271 0.103704 0.171354 0.094444 0.170833 0.087037 0.169271 0.081481 0.165104 0.076852 0.159375 0.077778 0.156250 0.081481
0 0.154167 0.087963 0.153646 0.096296 0.194271 0.150000 0.197917 0.154630 0.201562 0.154630 0.205729 0.153704 0.207292 0.150000 0.209375 0.141667 0.208854 0.133333 0.207292 0.128704
0 0.203125 0.124074 0.197396 0.125000 0.194271 0.128704 0.192188 0.135185 0.191667 0.143519 0.206771 0.249074 0.209375 0.251852 0.212500 0.252778 0.216667 0.251852 0.218750 0.248148
0 0.220833 0.239815 0.219792 0.231481 0.218750 0.225926 0.214583 0.222222 0.208333 0.222222 0.205729 0.226852 0.204167 0.233333 0.204688 0.240741 0.125521 0.339815 0.129167 0.343519
0 0.132812 0.343519 0.136979 0.342593 0.138542 0.338889 0.140625 0.330556 0.139583 0.323148 0.138542 0.317593 0.134375 0.312963 0.128646 0.313889 0.125521 0.317593 0.123438 0.324074
0 0.122917 0.332407 0.103646 0.341667 0.107292 0.345370 0.110937 0.345370 0.115104 0.344444 0.116667 0.340741 0.118750 0.332407 0.118229 0.325000 0.116667 0.319444 0.112500 0.314815
0 0.106771 0.315741 0.103646 0.319444 0.101562 0.325926 0.101042 0.334259 0.090104 0.265741 0.094271 0.269444 0.097396 0.269444 0.101562 0.268519 0.103646 0.265741 0.105208 0.256481
0 0.104687 0.249074 0.103646 0.243519 0.098958 0.238889 0.093229 0.239815 0.090104 0.243519 0.088021 0.250000 0.087500 0.258333 0.262500 0.381481 0.266146 0.386111 0.269792 0.386111
0 0.273958 0.385185 0.276042 0.381481 0.277604 0.373148 0.277083 0.364815 0.276042 0.359259 0.271354 0.355556 0.265625 0.355556 0.262500 0.360185 0.260417 0.366667 0.259896 0.375000
0 0.213021 0.388889 0.215104 0.391667 0.217187 0.393519 0.220313 0.393519 0.222917 0.390741 0.224479 0.385185 0.223958 0.378704 0.222917 0.373148 0.219271 0.370370 0.214062 0.371296
0 0.211458 0.375926 0.210938 0.382407 0.197917 0.550926 0.200000 0.553704 0.202604 0.555556 0.205729 0.555556 0.208333 0.552778 0.209375 0.548148 0.208854 0.540741 0.207813 0.536111
0 0.204167 0.532407 0.198958 0.533333 0.196875 0.538889 0.196354 0.545370 0.198437 0.581481 0.201042 0.584259 0.203125 0.586111 0.206250 0.586111 0.208854 0.584259 0.210417 0.578704
0 0.209896 0.571296 0.208854 0.566667 0.205208 0.562963 0.200000 0.563889 0.197396 0.569444 0.196875 0.575926 0.145833 0.355556 0.147917 0.357407 0.150521 0.360185 0.153125 0.359259
0 0.155729 0.357407 0.157292 0.351852 0.156771 0.345370 0.155729 0.339815 0.152083 0.337037 0.146875 0.337963 0.144792 0.342593 0.144271 0.349074 0.157292 0.268519 0.159896 0.270370
0 0.161979 0.272222 0.165104 0.272222 0.167708 0.270370 0.169271 0.264815 0.168750 0.257407 0.167708 0.252778 0.164062 0.249074 0.158854 0.250000 0.156250 0.255556 0.155729 0.262037
0 0.142188 0.249074 0.144271 0.250926 0.146875 0.253704 0.149479 0.252778 0.152083 0.250926 0.153646 0.245370 0.153125 0.238889 0.152083 0.233333 0.148438 0.230556 0.143229 0.231481
0 0.140625 0.236111 0.140625 0.242593 0.213021 0.132407 0.215104 0.134259 0.217708 0.136111 0.220313 0.136111 0.223438 0.134259 0.224479 0.128704 0.223958 0.121296 0.222917 0.116667
0 0.219271 0.112963 0.214062 0.113889 0.211979 0.119444 0.211458 0.125926 0.172396 0.078704 0.174479 0.080556 0.177083 0.083333 0.180208 0.082407 0.182812 0.080556 0.183854 0.075000
0 0.183333 0.068519 0.182292 0.062963 0.178646 0.060185 0.173438 0.061111 0.171354 0.065741 0.170833 0.072222 0.111458 0.116667 0.113542 0.119444 0.116146 0.121296 0.119271 0.121296 0.121875 0.118519 0.122917 0.112963 0.122917 0.106481
0 0.121354 0.100926 0.118229 0.098148 0.112500 0.099074 0.110417 0.104630 0.109896 0.111111 0.083333 0.134259 0.085417 0.136111 0.088021 0.137963 0.091146 0.137963 0.093750 0.136111 0.094792 0.130556 0.094792 0.124074 0.093229 0.118519
0 0.090104 0.115741 0.084375 0.116667 0.082292 0.121296 0.081771 0.127778 0.268229 0.172222 0.270312 0.174074 0.272396 0.176852 0.275521 0.175926 0.278125 0.174074 0.279687 0.168519 0.279167 0.162037
0 0.278125 0.156481 0.274479 0.153704 0.269271 0.154630 0.266667 0.159259 0.266667 0.165741 0.641667 0.519444 0.643750 0.521296 0.646354 0.523148
0 0.648958 0.523148 0.652083 0.521296 0.653125 0.515741 0.652604 0.509259 0.651563 0.503704 0.647917 0.500926 0.642708 0.501852 0.640625 0.506481
0 0.640104 0.512963 0.321875 0.234259 0.323958 0.237037 0.326042 0.238889 0.329167 0.237963 0.331771 0.236111 0.333333 0.230556 0.332812 0.224074
0 0.331771 0.218519 0.328125 0.215741 0.322917 0.216667 0.320312 0.221296 0.319792 0.227778 0.292708 0.306481 0.294792 0.308333 0.297396 0.311111
0 0.300000 0.310185 0.302604 0.308333 0.304167 0.302778 0.303646 0.296296 0.302604 0.290741 0.298958 0.287963 0.293750 0.288889 0.291146 0.293519
0 0.291146 0.300000 0.237500 0.050000 0.239583 0.051852 0.242188 0.053704 0.244792 0.053704 0.247396 0.051852 0.248958 0.046296 0.248437 0.039815
0 0.247396 0.034259 0.243750 0.031481 0.238542 0.032407 0.235938 0.037037 0.235938 0.043519 0.001563 0.086111 0.004167 0.086111 0.006771 0.084259 0.008333 0.078704 0.007812 0.071296
0 0.006771 0.066667 0.003125 0.062963 0.052083 0.029630 0.054167 0.031481 0.056771 0.034259 0.059896 0.033333 0.062500 0.031481 0.063542 0.025926 0.063021 0.019444 0.061979 0.013889
0 0.058333 0.011111 0.053125 0.012037 0.051042 0.016667 0.050521 0.023148 0.058854 0.076852 0.060938 0.079630 0.063542 0.081481 0.066667 0.081481 0.069271 0.078704
0 0.070312 0.074074 0.070312 0.066667 0.068750 0.061111 0.065625 0.058333 0.059896 0.059259 0.057813 0.064815 0.057292 0.071296 0.130729 0.065741 0.132812 0.067593
0 0.135417 0.069444 0.138021 0.069444 0.141146 0.067593 0.142188 0.062037 0.141667 0.054630 0.140625 0.050000 0.136979 0.046296 0.131771 0.047222 0.129688 0.052778
0 0.129167 0.059259 0.143750 0.083333 0.145833 0.086111 0.147917 0.087963 0.151042 0.087963 0.153646 0.085185 0.155208 0.079630 0.154687 0.073148 0.153646 0.067593
0 0.150000 0.064815 0.144792 0.065741 0.142188 0.071296 0.142188 0.077778 0.387500 0.023148 0.389583 0.025000 0.392188 0.027778 0.395312 0.026852 0.397917 0.025000 0.398958 0.019444 0.398958 0.012963 0.397396 0.007407 0.394271 0.004630
0 0.388542 0.005556 0.386458 0.010185 0.385938 0.016667 0.481771 0.065741 0.484375 0.067593 0.486458 0.070370 0.489583 0.069444 0.492188 0.067593 0.493750 0.062037 0.493229 0.055556
0 0.492188 0.050000 0.488542 0.047222 0.483333 0.048148 0.480729 0.052778 0.480208 0.059259 0.489583 0.036111 0.491667 0.037963 0.493750 0.039815 0.496875 0.039815
0 0.499479 0.037963 0.501042 0.032407 0.500521 0.025000 0.499479 0.020370 0.495833 0.016667 0.490625 0.017593 0.488021 0.023148 0.488021 0.029630 0.484896 0.122222
0 0.486979 0.125000 0.489583 0.126852 0.492188 0.126852 0.494792 0.124074 0.496354 0.118519 0.495833 0.112037 0.494792 0.106481 0.491146 0.103704 0.485938 0.104630
0 0.483854 0.110185 0.483333 0.115741 0.426562 0.127778 0.428646 0.129630 0.431250 0.131481 0.434375 0.131481 0.436979 0.129630 0.438021 0.124074 0.437500 0.117593 0.436458 0.112037 0.432813 0.109259 0.427604 0.109259 0.425521 0.114815
0 0.425000 0.121296 0.461979 0.171296 0.465625 0.172222 0.468750 0.168519 0.469271 0.162963 0.468229 0.158333 0.465625 0.155556 0.461979 0.156481 0.459375 0.161111
0 0.459896 0.167593 0.403125 0.128704 0.405208 0.131481 0.407813 0.133333 0.410417 0.133333 0.413021 0.130556 0.414583 0.125000 0.414062 0.118519 0.413021 0.112963
0 0.409375 0.110185 0.404167 0.111111 0.401563 0.116667 0.401563 0.123148 0.404687 0.176852 0.407292 0.179630 0.409375 0.181481 0.412500 0.181481 0.415104 0.178704
0 0.416146 0.173148 0.416146 0.166667 0.414583 0.161111 0.411458 0.158333 0.406250 0.159259 0.403646 0.164815 0.403125 0.171296 0.567187 0.059259 0.569271 0.061111
0 0.571875 0.062963 0.575000 0.062963 0.577604 0.061111 0.578646 0.055556 0.578646 0.048148 0.577083 0.043519 0.573958 0.039815 0.568229 0.040741 0.566146 0.046296
0 0.565625 0.052778 0.509896 0.350000 0.511979 0.351852 0.514583 0.353704 0.517187 0.353704 0.520312 0.351852 0.521354 0.346296 0.520833 0.338889 0.519792 0.334259
0 0.516146 0.330556 0.510938 0.331481 0.508854 0.337037 0.508333 0.343519 0.552083 0.423148 0.555729 0.423148 0.558854 0.420370 0.559375 0.414815 0.558333 0.410185
0 0.555729 0.407407 0.552083 0.407407 0.549479 0.412963 0.550000 0.418519 0.508854 0.537963 0.509375 0.544444 0.512500 0.549074 0.517187 0.547222 0.518750 0.542593 0.518229 0.536111 0.516667 0.533333 0.514063 0.530556 0.510938 0.532407
0 0.508854 0.570370 0.509375 0.576852 0.512500 0.581481 0.517187 0.579630 0.518750 0.575000 0.518229 0.568519 0.516667 0.565741 0.514063 0.562963 0.510938 0.564815 0.219792 0.799074 0.223438 0.802778 0.227083 0.803704 0.231250 0.801852
0 0.233333 0.799074 0.234896 0.789815 0.234375 0.782407 0.233333 0.776852 0.228646 0.772222 0.222917 0.773148 0.219792 0.776852 0.217708 0.783333 0.217187 0.791667 0.406771 0.993519 0.403646 0.980556 0.393229 0.974074 0.385938 0.979630
0 0.382292 0.990741 0.161458 0.490741 0.163542 0.495370 0.167708 0.496296 0.170312 0.494444 0.171875 0.488889 0.170312 0.482407 0.167708 0.477778 0.164062 0.477778 0.161458 0.484259 0.297917 0.345370 0.300000 0.347222 0.302083 0.349074
0 0.305208 0.349074 0.307813 0.347222 0.309375 0.341667 0.308854 0.334259 0.307813 0.329630 0.304167 0.325926 0.298958 0.326852 0.296354 0.332407 0.296354 0.338889 0.741667 0.506481 0.741667 0.513889 0.744271 0.518519 0.747396 0.518519
