0 0.492708 0.809259 0.497917 0.798148 0.505729 0.793519 0.510938 0.795370 0.515104 0.806481 0.515104 0.820370 0.511979 0.833333 0.502604 0.840741 0.495833 0.834259 0.492708 0.822222
0 0.532812 0.873148 0.538021 0.863889 0.545833 0.859259 0.551562 0.864815 0.554167 0.874074 0.554688 0.886111 0.550521 0.900926 0.542708 0.906482 0.536458 0.900000 0.532812 0.887963
0 0.493750 0.962963 0.498958 0.951852 0.506250 0.948148 0.511458 0.950000 0.516146 0.961111 0.516146 0.975000 0.513021 0.989815 0.503646 0.997222 0.496354 0.989815 0.493750 0.976852
0 0.393229 0.946296 0.398438 0.936111 0.405729 0.931481 0.410937 0.933333 0.415625 0.945370 0.415625 0.958333 0.411979 0.973148 0.402604 0.980556 0.395312 0.973148 0.393229 0.961111
0 0.354688 0.807407 0.360417 0.797222 0.367708 0.792593 0.372917 0.794444 0.377083 0.805556 0.377083 0.818519 0.373437 0.832407 0.364062 0.838889 0.357812 0.833333 0.354688 0.821296
0 0.347396 0.691667 0.352604 0.680556 0.359375 0.675926 0.364583 0.677778 0.369271 0.688889 0.369271 0.702778 0.366146 0.715741 0.356771 0.722222 0.350521 0.716667 0.347396 0.704630
0 0.573438 0.688889 0.578125 0.679630 0.585417 0.675000 0.590625 0.676852 0.594792 0.687963 0.594792 0.700926 0.591667 0.714815 0.582292 0.721296 0.576042 0.715741 0.572917 0.702778
0 0.800521 0.825000 0.805208 0.813889 0.813021 0.809259 0.818229 0.811111 0.822917 0.823148 0.823438 0.837037 0.820833 0.850926 0.811458 0.857407 0.804167 0.850926 0.800521 0.837963
0 0.830208 0.860185 0.835417 0.849074 0.842188 0.845370 0.848437 0.847222 0.853125 0.858333 0.853646 0.872222 0.851042 0.887037 0.841146 0.893519 0.834375 0.887037 0.830729 0.873148
0 0.870833 0.962037 0.876042 0.950926 0.883854 0.947222 0.889583 0.950000 0.894792 0.962963 0.895833 0.975926 0.893229 0.991667 0.883333 0.998148 0.876042 0.990741 0.871875 0.977778
0 0.868750 0.420370 0.873438 0.410185 0.881250 0.406481 0.886458 0.408333 0.891667 0.419444 0.890625 0.431481 0.888021 0.446296 0.878125 0.452778 0.870833 0.446296 0.867708 0.435185
0 0.719271 0.267593 0.723958 0.257407 0.731250 0.253704 0.736979 0.255556 0.741667 0.265741 0.741146 0.278704 0.738021 0.292593 0.728125 0.300000 0.721354 0.293519 0.718750 0.281481
0 0.840625 0.396296 0.845312 0.386111 0.853125 0.382407 0.858333 0.384259 0.862500 0.395370 0.862500 0.407407 0.859896 0.421296 0.850000 0.428704 0.842708 0.421296 0.839583 0.410185
0 0.778646 0.178704 0.783854 0.167593 0.791667 0.163889 0.796875 0.164815 0.801562 0.175926 0.801562 0.189815 0.797917 0.203704 0.788021 0.211111 0.781250 0.204630 0.778125 0.192593
0 0.659896 0.420370 0.665625 0.410185 0.672396 0.405556 0.677604 0.407407 0.682292 0.418519 0.682292 0.431481 0.679167 0.444444 0.669271 0.450926 0.663021 0.445370 0.659896 0.433333
0 0.696354 0.436111 0.701042 0.425926 0.708333 0.421296 0.713542 0.423148 0.718750 0.434259 0.718229 0.447222 0.715104 0.460185 0.705729 0.466667 0.698958 0.461111 0.696354 0.449074
0 0.564583 0.512037 0.569271 0.501852 0.576563 0.497222 0.581771 0.498148 0.585938 0.510185 0.585938 0.523148 0.582812 0.536111 0.573438 0.543519 0.567187 0.537037 0.564062 0.525000
0 0.650521 0.066667 0.655729 0.055556 0.663021 0.051852 0.668229 0.053704 0.672396 0.065741 0.672396 0.078704 0.668750 0.093519 0.658854 0.100000 0.652604 0.093519 0.649479 0.081481
0 0.481771 0.325926 0.486458 0.316667 0.493750 0.312037 0.498958 0.313889 0.504167 0.325000 0.504167 0.337963 0.501042 0.350926 0.491146 0.357407 0.484375 0.351852 0.481771 0.339815
0 0.532292 0.203704 0.537500 0.193519 0.544792 0.188889 0.550000 0.190741 0.554167 0.202778 0.554167 0.214815 0.551042 0.228704 0.541667 0.236111 0.535417 0.228704 0.532292 0.217593
0 0.568229 0.267593 0.572917 0.257407 0.580208 0.253704 0.585938 0.254630 0.590104 0.265741 0.589583 0.278704 0.586979 0.291667 0.577604 0.299074 0.570833 0.293519 0.567708 0.280556
0 0.575521 0.037037 0.580208 0.025926 0.588021 0.021296 0.593229 0.023148 0.597917 0.035185 0.597917 0.048148 0.594271 0.063889 0.584896 0.070370 0.578125 0.063889 0.575521 0.051852
0 0.739062 0.493519 0.744271 0.483333 0.751562 0.479630 0.757292 0.481481 0.761458 0.491667 0.761458 0.505556 0.758333 0.519444 0.748438 0.525926 0.742188 0.519444 0.739062 0.507407
0 0.557292 0.452778 0.562500 0.442593 0.569271 0.438889 0.574479 0.440741 0.579167 0.450926 0.579167 0.463889 0.576042 0.477778 0.566667 0.484259 0.560417 0.477778 0.557292 0.466667
0 0.677083 0.550926 0.682292 0.540741 0.689583 0.537037 0.694792 0.538889 0.698958 0.549074 0.698958 0.562037 0.695833 0.575926 0.686458 0.582407 0.680208 0.575926 0.677083 0.563889
0 0.543750 0.348148 0.548958 0.337963 0.556250 0.333333 0.561458 0.335185 0.565625 0.346296 0.565625 0.359259 0.562500 0.372222 0.553125 0.378704 0.546875 0.373148 0.543750 0.361111
0 0.714583 0.316667 0.719271 0.306481 0.726562 0.302778 0.731771 0.304630 0.736458 0.314815 0.735937 0.327778 0.733333 0.341667 0.723437 0.348148 0.716667 0.341667 0.713542 0.330556
0 0.794271 0.475000 0.799479 0.464815 0.806771 0.460185 0.812500 0.462037 0.816667 0.473148 0.816667 0.486111 0.813542 0.499074 0.804167 0.506481 0.797396 0.500926 0.794271 0.487963
0 0.973958 0.694444 0.978646 0.683333 0.986458 0.679630 0.992708 0.682407 0.997917 0.693519 0.998438 0.706481 0.995313 0.720370 0.985417 0.726852 0.977604 0.720370 0.974479 0.708333
0 0.353125 0.629630 0.358333 0.620370 0.365625 0.615741 0.370833 0.617593 0.375000 0.628704 0.375000 0.640741 0.371875 0.654630 0.361979 0.661111 0.355729 0.655556 0.352604 0.643519
0 0.451562 0.671296 0.456771 0.661111 0.463542 0.656482 0.469271 0.658333 0.473437 0.669444 0.473437 0.682407 0.470313 0.695370 0.460938 0.701852 0.454688 0.696296 0.451562 0.684259
0 0.442708 0.825000 0.448438 0.814815 0.455729 0.811111 0.460938 0.812963 0.465104 0.824074 0.465104 0.837037 0.461979 0.850926 0.452083 0.857407 0.445833 0.850926 0.442708 0.839815
0 0.400000 0.607407 0.405208 0.598148 0.411979 0.593518 0.417188 0.595370 0.421875 0.606481 0.421875 0.619444 0.418750 0.632407 0.409375 0.638889 0.403125 0.633333 0.400000 0.621296
0 0.389583 0.550926 0.394792 0.540741 0.402083 0.537037 0.407292 0.537963 0.411458 0.549074 0.411458 0.562037 0.408333 0.575000 0.398958 0.581481 0.392708 0.575926 0.389583 0.563889
0 0.396875 0.502778 0.401563 0.491667 0.408854 0.487037 0.414062 0.488889 0.418750 0.500926 0.418229 0.513889 0.415625 0.526852 0.406250 0.533333 0.399479 0.527778 0.396354 0.515741
0 0.304167 0.394444 0.306771 0.382407 0.313542 0.377778 0.318750 0.379630 0.323438 0.390741 0.323438 0.403704 0.320312 0.416667 0.315104 0.422222 0.309375 0.417593 0.305729 0.406481
0 0.296354 0.290741 0.298958 0.276852 0.306250 0.273148 0.311979 0.275926 0.316146 0.287037 0.316146 0.299074 0.313542 0.312963 0.307813 0.317593 0.302604 0.313889 0.298438 0.302778
0 0.301562 0.245370 0.303646 0.231481 0.310937 0.227778 0.316146 0.229630 0.320833 0.240741 0.320833 0.253704 0.318229 0.267593 0.313021 0.272222 0.306771 0.268519 0.303125 0.256481
0 0.408854 0.230556 0.411458 0.218519 0.418750 0.213889 0.423958 0.215741 0.428125 0.226852 0.428646 0.240741 0.425521 0.253704 0.420312 0.259259 0.414583 0.254630 0.410417 0.243519
0 0.355208 0.201852 0.356771 0.189815 0.365104 0.185185 0.370313 0.186111 0.374479 0.197222 0.374479 0.211111 0.371354 0.224074 0.366146 0.227778 0.360938 0.225000 0.356771 0.212963
0 0.381250 0.084259 0.383854 0.071296 0.390625 0.066667 0.395833 0.068519 0.401042 0.080556 0.401042 0.093519 0.397917 0.107407 0.392708 0.113889 0.386979 0.108333 0.382812 0.097222
0 0.234896 0.010185 0.229687 0.014815 0.223438 0.010185 0.218750 0.000000 0.133333 0.184259 0.135417 0.170370 0.143229 0.166667 0.148958 0.169444 0.153646 0.180556 0.153646 0.193519
0 0.150000 0.203704 0.144271 0.208333 0.138021 0.204630 0.135417 0.197222 0.329167 0.075000 0.331771 0.061111 0.338542 0.057407 0.344271 0.058333 0.348958 0.070370 0.349479 0.084259
0 0.345313 0.094444 0.340104 0.100000 0.333854 0.095370 0.331250 0.087037 0.158333 0.318519 0.160417 0.304630 0.167708 0.300926 0.172917 0.301852 0.178125 0.313889 0.178125 0.326852
0 0.173958 0.336111 0.168750 0.340741 0.162500 0.337037 0.159896 0.329630 0.155208 0.461111 0.157292 0.448148 0.164583 0.444444 0.170312 0.446296 0.175000 0.456481 0.175000 0.469444
0 0.170312 0.478704 0.165104 0.484259 0.159375 0.480556 0.156250 0.472222 0.083333 0.443519 0.085417 0.431481 0.093229 0.426852 0.098438 0.428704 0.103646 0.439815 0.103125 0.452778
0 0.098958 0.462963 0.093750 0.467593 0.088021 0.463889 0.084375 0.456481 0.117188 0.532407 0.119792 0.519444 0.127604 0.515741 0.132812 0.516667 0.136979 0.527778 0.136979 0.540741
0 0.132812 0.550000 0.127083 0.555556 0.121354 0.550926 0.118750 0.543519 0.072396 0.533333 0.075000 0.520370 0.082813 0.516667 0.088542 0.518519 0.092708 0.528704 0.092708 0.541667
0 0.088542 0.551852 0.083333 0.557407 0.077083 0.553704 0.073958 0.544444 0.173958 0.629630 0.176563 0.617593 0.184375 0.612963 0.189583 0.614815 0.193750 0.625926 0.193750 0.638889
0 0.189583 0.648148 0.183854 0.653704 0.178646 0.649074 0.175521 0.641667 0.070312 0.842593 0.073958 0.828704 0.081771 0.824074 0.087500 0.825000 0.091667 0.837037 0.091146 0.850926
0 0.085938 0.861111 0.080208 0.866667 0.074479 0.862963 0.071354 0.854630 0.167187 0.938889 0.170833 0.924074 0.178646 0.920370 0.184375 0.922222 0.188021 0.934259 0.187500 0.947222
0 0.182812 0.958333 0.177604 0.963889 0.171354 0.960185 0.168750 0.950926 0.288542 0.869444 0.290625 0.856481 0.298438 0.851852 0.303646 0.853704 0.308333 0.864815 0.307813 0.878704
0 0.303125 0.888889 0.298438 0.893519 0.292188 0.889815 0.289062 0.882407 0.338021 0.943519 0.341146 0.929630 0.348437 0.925000 0.353646 0.926852 0.357812 0.938889 0.357812 0.951852
0 0.353125 0.962963 0.347917 0.968518 0.342708 0.964815 0.339583 0.955556 0.556771 0.904630 0.559375 0.890741 0.566667 0.886111 0.570312 0.889815 0.573438 0.900926 0.572396 0.910185
0 0.570312 0.918519 0.566146 0.923148 0.560938 0.920370 0.558854 0.916667 0.582812 0.888889 0.585417 0.875926 0.592188 0.870370 0.597396 0.875000 0.601562 0.885185 0.600521 0.899074
0 0.598437 0.907407 0.593229 0.912963 0.587500 0.908333 0.584375 0.900926 0.622917 0.901852 0.625521 0.889815 0.632812 0.885185 0.638021 0.888889 0.642187 0.900000 0.641146 0.912963
0 0.638542 0.922222 0.633854 0.926852 0.628125 0.923148 0.624479 0.914815 0.568229 0.755556 0.570833 0.742593 0.577604 0.738889 0.582812 0.741667 0.586979 0.751852 0.585938 0.766667
0 0.583333 0.775926 0.578646 0.779630 0.572917 0.775926 0.569792 0.767593 0.581250 0.786111 0.583854 0.773148 0.591146 0.769444 0.596354 0.772222 0.600000 0.782407 0.598958 0.795370
0 0.596354 0.804630 0.591146 0.810185 0.585938 0.806481 0.582812 0.797222 0.694271 0.908333 0.696354 0.894444 0.703646 0.889815 0.708854 0.893519 0.713021 0.904630 0.711979 0.918519
0 0.709896 0.927778 0.704687 0.932407 0.698958 0.928704 0.695833 0.920370 0.670313 0.956481 0.672917 0.942593 0.680208 0.938889 0.685417 0.941667 0.689583 0.952778 0.689062 0.967593
0 0.686458 0.975926 0.681771 0.981481 0.675521 0.976852 0.672396 0.968518 0.775000 0.994444 0.782812 0.990741 0.788542 0.994444 0.700521 0.847222 0.702604 0.833333 0.710417 0.828704
0 0.715625 0.832407 0.719271 0.843518 0.718229 0.856481 0.716146 0.865741 0.710938 0.870370 0.705729 0.866667 0.702083 0.858333 0.677083 0.846296 0.679167 0.834259 0.686458 0.829630
0 0.691667 0.833333 0.695312 0.843518 0.694792 0.857407 0.692708 0.865741 0.687500 0.871296 0.681250 0.866667 0.678646 0.859259 0.854167 0.837037 0.856771 0.823148 0.864062 0.819444
0 0.869792 0.824074 0.873438 0.834259 0.872917 0.848148 0.870833 0.857407 0.865625 0.862037 0.859375 0.857407 0.856250 0.850000 0.895833 0.676852 0.898438 0.664815 0.906250 0.660185
0 0.911979 0.663889 0.915625 0.675000 0.914583 0.687963 0.912500 0.696296 0.906771 0.700926 0.901563 0.697222 0.897917 0.689815 0.946875 0.454630 0.949479 0.442593 0.956771 0.437963
0 0.962500 0.441667 0.965625 0.450926 0.964583 0.465741 0.963021 0.474074 0.957292 0.478704 0.951042 0.475000 0.948438 0.467593 0.754167 0.126852 0.757812 0.114815 0.762500 0.110185
0 0.768750 0.110185 0.770833 0.121296 0.769792 0.135185 0.767708 0.144444 0.762500 0.150000 0.756250 0.146296 0.753646 0.137037 0.713542 0.175926 0.716667 0.163889 0.721875 0.158333
0 0.727604 0.160185 0.730208 0.171296 0.728646 0.184259 0.727083 0.193519 0.721354 0.198148 0.715625 0.194444 0.713021 0.187037 0.654688 0.151852 0.657812 0.139815 0.663021 0.135185
0 0.668750 0.136111 0.671875 0.147222 0.670313 0.160185 0.668229 0.170370 0.663021 0.175000 0.657292 0.171296 0.654688 0.162963 0.622396 0.190741 0.625521 0.178704 0.630729 0.174074
0 0.636458 0.175000 0.639583 0.186111 0.638021 0.199074 0.635938 0.207407 0.630729 0.212963 0.625521 0.208333 0.622396 0.200926 0.664583 0.276852 0.667708 0.265741 0.672396 0.260185
0 0.678125 0.261111 0.681250 0.272222 0.680208 0.285185 0.678125 0.293519 0.672917 0.299074 0.667708 0.294444 0.664583 0.287037 0.659896 0.226852 0.663021 0.214815 0.668229 0.210185
0 0.673437 0.211111 0.676562 0.221296 0.675521 0.235185 0.673958 0.243519 0.668229 0.248148 0.662500 0.244444 0.659896 0.237037 0.594792 0.194444 0.597396 0.183333 0.602604 0.178704
0 0.608333 0.180556 0.611458 0.189815 0.610417 0.203704 0.607813 0.212963 0.603125 0.217593 0.597396 0.213889 0.594271 0.206481 0.801042 0.420370 0.803646 0.409259 0.808333 0.403704
0 0.814583 0.404630 0.817708 0.415741 0.816667 0.429630 0.814062 0.437963 0.809375 0.442593 0.803646 0.438889 0.800521 0.430556 0.743229 0.569444 0.745833 0.558333 0.750521 0.553704
0 0.756771 0.555556 0.759896 0.564815 0.758854 0.578704 0.756771 0.587037 0.752083 0.591667 0.746354 0.587963 0.742708 0.580556 0.880729 0.546296 0.882292 0.537963 0.886458 0.533333
0 0.892187 0.534259 0.895833 0.544444 0.893750 0.556481 0.891146 0.562963 0.887500 0.565741 0.882812 0.563889 0.880729 0.556481 0.866667 0.515741 0.868229 0.507407 0.871875 0.501852
0 0.878125 0.503704 0.881250 0.513889 0.879167 0.525926 0.877083 0.531482 0.873438 0.534259 0.868229 0.532407 0.866667 0.525000 0.840104 0.478704 0.841667 0.471296 0.845312 0.465741
0 0.851042 0.466667 0.854167 0.476852 0.852083 0.489815 0.850521 0.494444 0.845833 0.498148 0.841146 0.495370 0.839583 0.488889 0.808333 0.381481 0.809896 0.374074 0.813542 0.368519
0 0.819792 0.369444 0.822917 0.379630 0.820312 0.392593 0.818229 0.397222 0.814583 0.400926 0.809896 0.398148 0.808333 0.391667 0.755729 0.535185 0.757292 0.526852 0.760938 0.521296
0 0.766667 0.522222 0.769271 0.532407 0.767708 0.545370 0.765625 0.550000 0.761979 0.553704 0.757292 0.550926 0.755729 0.544444 0.728125 0.468519 0.729688 0.460185 0.732813 0.455556
0 0.738542 0.455556 0.741667 0.465741 0.739583 0.478704 0.738021 0.483333 0.733854 0.487037 0.729167 0.484259 0.727604 0.477778 0.727604 0.568519 0.729167 0.560185 0.732813 0.554630
0 0.738542 0.555556 0.741667 0.565741 0.739583 0.578704 0.737500 0.583333 0.733854 0.587037 0.729167 0.584259 0.727604 0.577778 0.785937 0.313889 0.787500 0.305556 0.790625 0.300000
0 0.796875 0.301852 0.800000 0.312037 0.797396 0.324074 0.795833 0.329630 0.791667 0.333333 0.786458 0.331481 0.784896 0.323148 0.853125 0.224074 0.854688 0.215741 0.858854 0.210185
0 0.864583 0.211111 0.867188 0.222222 0.864583 0.234259 0.863021 0.240741 0.858333 0.243519 0.853646 0.241667 0.852083 0.235185 0.919792 0.234259 0.921354 0.225000 0.925521 0.220370
0 0.931771 0.221296 0.934375 0.231481 0.931771 0.244444 0.929688 0.250000 0.925521 0.252778 0.920313 0.251852 0.918750 0.244444 0.893229 0.153704 0.894792 0.144444 0.898958 0.138889
0 0.905208 0.139815 0.908333 0.150000 0.905729 0.163889 0.903125 0.169444 0.898958 0.173148 0.894271 0.170370 0.892708 0.163889 0.960417 0.342593 0.964583 0.338889 0.967708 0.338889
0 0.971875 0.339815 0.973437 0.343519 0.975000 0.351852 0.974479 0.360185 0.972917 0.366667 0.968229 0.371296 0.963021 0.370370 0.959896 0.365741 0.957812 0.359259 0.957812 0.350000
0 0.935417 0.418519 0.938542 0.413889 0.942187 0.413889 0.946354 0.413889 0.947917 0.418519 0.949479 0.427778 0.948958 0.435185 0.947917 0.440741 0.943229 0.445370 0.938021 0.444444
0 0.934896 0.439815 0.932813 0.433333 0.932292 0.425000 0.906771 0.425000 0.910417 0.421296 0.913542 0.421296 0.917188 0.422222 0.919271 0.425926 0.921354 0.434259 0.919792 0.442593
0 0.918750 0.448148 0.915104 0.453704 0.909375 0.452778 0.906771 0.448148 0.904688 0.440741 0.904167 0.432407 0.881771 0.289815 0.884896 0.286111 0.888542 0.286111 0.892187 0.287037
0 0.893750 0.290741 0.895312 0.300000 0.894792 0.307407 0.893229 0.313889 0.889583 0.318519 0.883854 0.317593 0.880729 0.312963 0.879167 0.306481 0.878646 0.297222 0.859896 0.325926
0 0.863021 0.322222 0.866146 0.321296 0.870833 0.323148 0.872396 0.326852 0.873958 0.335185 0.872917 0.344444 0.871875 0.350000 0.867708 0.353704 0.861979 0.352778 0.859375 0.349074
0 0.857292 0.342593 0.856771 0.333333 0.860417 0.280556 0.864583 0.276852 0.867188 0.276852 0.871354 0.277778 0.872917 0.281481 0.874479 0.289815 0.873958 0.298148 0.872917 0.304630
0 0.868229 0.309259 0.862500 0.308333 0.859896 0.303704 0.857813 0.297222 0.857813 0.287963 0.990625 0.216667 0.994271 0.212963 0.997917 0.211111 0.998438 0.245370 0.992708 0.244444
0 0.989583 0.240741 0.988021 0.233333 0.987500 0.225000 0.822396 0.290741 0.825521 0.287037 0.828646 0.286111 0.832812 0.287963 0.834375 0.291667 0.835417 0.300000 0.834896 0.308333
0 0.833854 0.314815 0.829687 0.318519 0.824479 0.317593 0.821354 0.313889 0.819792 0.307407 0.819271 0.297222 0.796875 0.133333 0.801042 0.129630 0.803646 0.129630 0.807813 0.130556
0 0.809375 0.134259 0.810938 0.142593 0.809896 0.151852 0.808854 0.157407 0.804167 0.162963 0.798958 0.162037 0.796354 0.156481 0.794271 0.150000 0.793750 0.142593 0.763542 0.162963
0 0.766667 0.158333 0.770312 0.158333 0.774479 0.159259 0.776042 0.162963 0.777604 0.173148 0.776563 0.180556 0.775521 0.186111 0.770833 0.191667 0.765625 0.190741 0.763021 0.186111
0 0.760938 0.178704 0.760938 0.170370 0.673958 0.304630 0.677083 0.300926 0.680208 0.300000 0.683854 0.301852 0.685417 0.304630 0.686979 0.313889 0.686458 0.322222 0.685417 0.326852
0 0.681250 0.331481 0.676042 0.330556 0.672917 0.326852 0.671354 0.319444 0.670833 0.311111 0.690104 0.164815 0.693750 0.161111 0.696354 0.160185 0.700521 0.162037 0.702083 0.164815
0 0.703646 0.174074 0.703125 0.183333 0.702083 0.187963 0.697917 0.192593 0.692187 0.191667 0.689583 0.187963 0.687500 0.180556 0.687500 0.171296 0.603125 0.123148 0.606250 0.119444
0 0.609375 0.118519 0.613021 0.120370 0.615104 0.123148 0.616667 0.133333 0.616146 0.141667 0.614583 0.146296 0.610417 0.151852 0.605208 0.150926 0.602604 0.146296 0.600521 0.138889
0 0.600000 0.130556 0.634896 0.143519 0.638542 0.139815 0.642187 0.139815 0.645833 0.140741 0.647396 0.144444 0.648958 0.152778 0.647917 0.162037 0.646875 0.167593 0.642708 0.172222
0 0.637500 0.170370 0.634896 0.166667 0.632812 0.160185 0.632812 0.150926 0.584896 0.092593 0.589063 0.087963 0.592188 0.087037 0.595833 0.088889 0.597396 0.093519 0.598958 0.101852
0 0.598437 0.111111 0.596875 0.116667 0.592708 0.120370 0.587500 0.119444 0.584896 0.115741 0.582812 0.109259 0.582812 0.099074 0.582292 0.214815 0.585417 0.211111 0.588542 0.211111
0 0.592188 0.212037 0.593750 0.215741 0.595833 0.224074 0.594792 0.232407 0.593750 0.237963 0.590104 0.243519 0.584896 0.242593 0.582292 0.237037 0.580208 0.230556 0.579687 0.222222
0 0.568750 0.128704 0.572917 0.125000 0.576042 0.125000 0.579687 0.125926 0.581250 0.129630 0.582812 0.137963 0.582292 0.147222 0.580729 0.152778 0.577083 0.157407 0.571354 0.155556
0 0.568750 0.151852 0.566667 0.145370 0.566667 0.136111 0.561458 0.070370 0.565104 0.066667 0.568229 0.065741 0.571875 0.067593 0.573438 0.071296 0.575000 0.080556 0.574479 0.089815
0 0.573438 0.095370 0.569792 0.099074 0.564583 0.098148 0.561458 0.094444 0.559375 0.087963 0.559375 0.078704 0.531250 0.117593 0.534896 0.113889 0.538021 0.113889 0.541667 0.114815
0 0.543229 0.118519 0.545313 0.128704 0.544271 0.136111 0.543229 0.142593 0.539062 0.147222 0.533854 0.146296 0.531250 0.141667 0.529167 0.134259 0.528646 0.125926 0.548437 0.151852
0 0.551562 0.148148 0.554688 0.148148 0.558333 0.149074 0.559896 0.152778 0.561458 0.161111 0.560938 0.170370 0.559896 0.175926 0.556250 0.180556 0.550521 0.178704 0.547396 0.175000
0 0.545833 0.168519 0.545833 0.159259 0.562500 0.186111 0.565625 0.182407 0.568750 0.181481 0.572396 0.183333 0.573958 0.187037 0.575521 0.195370 0.575000 0.204630 0.573958 0.210185 0.570312 0.213889 0.565104 0.212963 0.561458 0.209259
0 0.560417 0.202778 0.559896 0.192593 0.469792 0.101852 0.472917 0.098148 0.476562 0.096296 0.480208 0.098148 0.481771 0.102778 0.483333 0.111111 0.482812 0.120370 0.481771 0.125926 0.477604 0.129630 0.472396 0.128704 0.469792 0.125000
0 0.467708 0.117593 0.467708 0.108333 0.466146 0.072222 0.467708 0.068519 0.470833 0.066667 0.474479 0.067593 0.476562 0.070370 0.478646 0.077778 0.478125 0.087037 0.477083 0.091667 0.473437 0.096296 0.467708 0.095370 0.464583 0.091667
0 0.463542 0.085185 0.464063 0.076852 0.487500 0.097222 0.489062 0.093519 0.492188 0.092593 0.495313 0.092593 0.497396 0.095370 0.500521 0.102778 0.498958 0.111111 0.497917 0.116667 0.494271 0.122222 0.489062 0.121296 0.486458 0.115741
0 0.484896 0.109259 0.485417 0.102778 0.434896 0.058333 0.438021 0.053704 0.441146 0.053704 0.444792 0.054630 0.446875 0.059259 0.448958 0.068519 0.447917 0.076852 0.446875 0.082407 0.443229 0.087963 0.437500 0.086111 0.434896 0.081481
0 0.432813 0.075000 0.432292 0.065741 0.406250 0.183333 0.409896 0.179630 0.413021 0.179630 0.416667 0.180556 0.418229 0.184259 0.419792 0.193519 0.419271 0.201852 0.418229 0.207407 0.414583 0.212037 0.408854 0.211111 0.406250 0.206481
0 0.404167 0.199074 0.404167 0.190741 0.438542 0.187037 0.440625 0.183333 0.443229 0.181481 0.446354 0.182407 0.449479 0.184259 0.451562 0.191667 0.451042 0.200926 0.450000 0.205556 0.445833 0.210185 0.440625 0.209259 0.437500 0.205556
0 0.436458 0.199074 0.436458 0.191667 0.383333 0.143519 0.386979 0.139815 0.390625 0.139815 0.394271 0.140741 0.395833 0.144444 0.397396 0.153704 0.396875 0.162037 0.395833 0.167593 0.392188 0.172222 0.386458 0.171296 0.383854 0.166667
0 0.381771 0.160185 0.381250 0.150926 0.365625 0.061111 0.368750 0.057407 0.371875 0.056481 0.375521 0.058333 0.377083 0.061111 0.379167 0.071296 0.378646 0.079630 0.377604 0.085185 0.373958 0.089815 0.368750 0.088889 0.365104 0.085185
0 0.363542 0.076852 0.363021 0.067593 0.309375 0.010185 0.312500 0.006481 0.316146 0.005556 0.319792 0.007407 0.321354 0.012037 0.323438 0.021296 0.322917 0.030556 0.321875 0.035185 0.318229 0.039815 0.313021 0.038889 0.309375 0.035185
0 0.307813 0.027778 0.306771 0.017593 0.330208 0.128704 0.332812 0.115741 0.340104 0.111111 0.345313 0.112963 0.350000 0.125000 0.350000 0.137037 0.346875 0.151852 0.341667 0.157407 0.336458 0.152778 0.331771 0.140741 0.298958 0.065741
0 0.301042 0.051852 0.308333 0.047222 0.313542 0.049074 0.318750 0.061111 0.318750 0.075000 0.316146 0.088889 0.309896 0.092593 0.303646 0.089815 0.300000 0.079630 0.238021 0.054630 0.240104 0.040741 0.246875 0.037037 0.252604 0.038889
0 0.257812 0.050926 0.258333 0.064815 0.255729 0.079630 0.248958 0.083333 0.243750 0.080556 0.239063 0.070370 0.273958 0.122222 0.276042 0.108333 0.283854 0.104630 0.289062 0.106481 0.293750 0.117593 0.293750 0.131481 0.291146 0.145370
0 0.284375 0.149074 0.279167 0.146296 0.274479 0.136111 0.276042 0.046296 0.278646 0.031481 0.285417 0.027778 0.291667 0.029630 0.296354 0.041667 0.296354 0.055556 0.293750 0.069444 0.287500 0.073148 0.281771 0.070370 0.277083 0.060185
0 0.269792 0.011111 0.263542 0.014815 0.257292 0.012963 0.253125 0.000926 0.110937 0.088889 0.113021 0.075926 0.120833 0.071296 0.126563 0.073148 0.131771 0.086111 0.132292 0.099074 0.129688 0.113889 0.123438 0.117593 0.117188 0.114815
0 0.113021 0.104630 0.215625 0.262963 0.218229 0.250000 0.225521 0.245370 0.231250 0.247222 0.235417 0.258333 0.235417 0.272222 0.232812 0.285185 0.226042 0.288889 0.220833 0.286111 0.216146 0.275926 0.254167 0.242593 0.256250 0.230556
0 0.264062 0.225926 0.269271 0.227778 0.273438 0.238889 0.273958 0.252778 0.270833 0.265741 0.264583 0.269444 0.258854 0.266667 0.254687 0.256481 0.081250 0.319444 0.083854 0.306481 0.090625 0.302778 0.096875 0.303704 0.101562 0.314815
0 0.102083 0.328704 0.097396 0.337963 0.092188 0.342593 0.085938 0.338889 0.083333 0.331481 0.125521 0.426852 0.128125 0.414815 0.135937 0.410185 0.141146 0.412037 0.145833 0.423148 0.145833 0.437037 0.141667 0.446296 0.135937 0.450926
0 0.130208 0.447222 0.127083 0.439815 0.098438 0.399074 0.101042 0.386111 0.108333 0.381481 0.113542 0.383333 0.118750 0.395370 0.118750 0.408333 0.114583 0.417593 0.108854 0.422222 0.103125 0.418519 0.100000 0.411111 0.233854 0.437037
0 0.236458 0.424074 0.243750 0.420370 0.248958 0.422222 0.253646 0.432407 0.253646 0.445370 0.249479 0.454630 0.243750 0.460185 0.238542 0.456481 0.235417 0.448148 0.283854 0.387963 0.286458 0.375000 0.293750 0.370370 0.298958 0.372222
0 0.303646 0.383333 0.303646 0.396296 0.299479 0.405556 0.294271 0.410185 0.288021 0.406481 0.285417 0.399074 0.309375 0.578704 0.314063 0.568519 0.321354 0.563889 0.326562 0.565741 0.330729 0.576852 0.330729 0.589815 0.327604 0.602778
0 0.318229 0.609259 0.311979 0.603704 0.308854 0.591667 0.198437 0.681481 0.204167 0.671296 0.211458 0.665741 0.216667 0.667593 0.221354 0.679630 0.220833 0.692593 0.217708 0.705556 0.207813 0.712037 0.201562 0.706481 0.198437 0.694444
0 0.251042 0.576852 0.256250 0.567593 0.263542 0.562963 0.268750 0.564815 0.272917 0.575926 0.272917 0.587963 0.269792 0.601852 0.260417 0.608333 0.253646 0.601852 0.250521 0.590741 0.136458 0.631481 0.142188 0.620370 0.149479 0.616667
0 0.155208 0.618519 0.159375 0.628704 0.159375 0.642593 0.155729 0.656482 0.145833 0.662963 0.139583 0.656482 0.136458 0.645370 0.413021 0.008333 0.403646 0.015741 0.396354 0.008333 0.457292 0.940741 0.454688 0.924074 0.456250 0.907407
0 0.460938 0.895370 0.468229 0.893519 0.473958 0.894444 0.479167 0.902778 0.482292 0.913889 0.482292 0.925926 0.480208 0.940741 0.476562 0.950000 0.469271 0.952778 0.463021 0.950000 0.544792 0.734259 0.542188 0.717593 0.543750 0.700926
0 0.548437 0.690741 0.555729 0.688889 0.561458 0.689815 0.566667 0.697222 0.569792 0.709259 0.569792 0.720370 0.567708 0.733333 0.563542 0.741667 0.556771 0.744444 0.550521 0.742593 0.316146 0.706481 0.314063 0.690741 0.315104 0.675000
0 0.320312 0.662963 0.327604 0.661111 0.333333 0.662037 0.338542 0.669444 0.341667 0.681481 0.341667 0.692593 0.339583 0.706481 0.334896 0.714815 0.328125 0.717593 0.322396 0.714815 0.374479 0.419444 0.371875 0.402778 0.376042 0.386111
0 0.386979 0.378704 0.393750 0.381481 0.397917 0.394444 0.398438 0.404630 0.396875 0.418519 0.393229 0.426852 0.386458 0.429630 0.380208 0.427778 0.934896 0.275000 0.932813 0.257407 0.934896 0.241667 0.940104 0.229630 0.948438 0.226852
0 0.954687 0.227778 0.959896 0.235185 0.963021 0.248148 0.961979 0.260185 0.959375 0.273148 0.955208 0.282407 0.947917 0.285185 0.941146 0.283333 0.794271 0.254630 0.792708 0.238889 0.794792 0.225926 0.798958 0.213889 0.804688 0.210185
0 0.811458 0.211111 0.816667 0.218519 0.817708 0.229630 0.818229 0.241667 0.816146 0.254630 0.813021 0.260185 0.806250 0.264815 0.798958 0.262037 0.343750 0.587037 0.341146 0.571296 0.342708 0.555556 0.347396 0.544444 0.354688 0.542593
0 0.360417 0.543519 0.365625 0.550926 0.368750 0.562963 0.368750 0.573148 0.366146 0.587037 0.362500 0.595370 0.355729 0.598148 0.349479 0.595370 0.378125 0.472222 0.376563 0.458333
0 0.379167 0.442593 0.386458 0.433333 0.393229 0.432407 0.398438 0.438889 0.401563 0.450000 0.401563 0.461111 0.399479 0.474074 0.395833 0.482407 0.389062 0.485185 0.382812 0.483333
0 0.309375 0.189815 0.307292 0.175926 0.309896 0.159259 0.317187 0.150000 0.323958 0.149074 0.329688 0.155556 0.332812 0.167593 0.332812 0.178704 0.331250 0.193519 0.327604 0.201852
0 0.320312 0.204630 0.314063 0.201852 0.206771 0.744444 0.208333 0.734259 0.211458 0.726852 0.215104 0.725926 0.219271 0.726852 0.222917 0.730556 0.225521 0.737037 0.224479 0.747222
0 0.221875 0.756481 0.217708 0.762037 0.211458 0.761111 0.208333 0.755556 0.177604 0.676852 0.178646 0.667593 0.182292 0.659259 0.186458 0.658333 0.190104 0.659259 0.194271 0.663889
0 0.196354 0.669444 0.195312 0.679630 0.192708 0.688889 0.189583 0.693519 0.182292 0.692593 0.179167 0.687037 0.085417 0.653704 0.087500 0.643519 0.090625 0.635185 0.094792 0.633333
0 0.098438 0.635185 0.102604 0.638889 0.104687 0.644444 0.104167 0.656482 0.101562 0.664815 0.097396 0.669444 0.090104 0.668519 0.087500 0.662963 0.206250 0.586111 0.208333 0.576852
0 0.211458 0.568519 0.215104 0.567593 0.218750 0.568519 0.222396 0.572222 0.224479 0.578704 0.224479 0.588889 0.221875 0.598148 0.218229 0.602778 0.211458 0.601852 0.207813 0.596296
0 0.275000 0.711111 0.276563 0.700000 0.279687 0.692593 0.283333 0.691667 0.286979 0.692593 0.290625 0.696296 0.292708 0.702778 0.292708 0.712963 0.290104 0.723148 0.286458 0.727778
0 0.279167 0.726852 0.276563 0.721296 0.293750 0.680556 0.295312 0.670370 0.298438 0.662963 0.302083 0.662037 0.305729 0.662963 0.309375 0.666667 0.311458 0.673148 0.311458 0.683333
0 0.308854 0.692593 0.305208 0.696296 0.298438 0.695370 0.295312 0.690741 0.298438 0.543519 0.299479 0.533333 0.302604 0.525926 0.306250 0.525000 0.310417 0.525926 0.313542 0.529630
0 0.316146 0.536111 0.315625 0.546296 0.313021 0.555556 0.309375 0.559259 0.303125 0.558333 0.300000 0.553704 0.213021 0.951852 0.214583 0.940741 0.218750 0.932407 0.222396 0.931481
0 0.226042 0.932407 0.229687 0.936111 0.231771 0.943519 0.231250 0.954630 0.227604 0.964815 0.224479 0.970370 0.217187 0.969444 0.214062 0.962963 0.328646 0.994444 0.330729 0.983333
0 0.334375 0.975000 0.338021 0.972222 0.341667 0.975000 0.345313 0.978704 0.347396 0.984259 0.347396 0.997222 0.307292 0.984259 0.308854 0.974074 0.312500 0.964815 0.316667 0.963889
0 0.320312 0.964815 0.323958 0.968518 0.326042 0.975926 0.325521 0.987037 0.322396 0.997222 0.308854 0.995370 0.235938 0.642593 0.237500 0.632407 0.241146 0.625000 0.244792 0.624074
0 0.248437 0.624074 0.252083 0.628704 0.254167 0.635185 0.254167 0.645370 0.251563 0.654630 0.247396 0.658333 0.240625 0.658333 0.238021 0.652778 0.263542 0.633333 0.265104 0.623148
0 0.268229 0.615741 0.271875 0.613889 0.276042 0.615741 0.279167 0.619444 0.281771 0.625000 0.281250 0.636111 0.278646 0.645370 0.275000 0.650000 0.268229 0.649074 0.265104 0.644444
0 0.282292 0.633333 0.283854 0.623148 0.286979 0.615741 0.290625 0.614815 0.294271 0.615741 0.298438 0.619444 0.300521 0.625926 0.300000 0.636111 0.297396 0.645370 0.293750 0.650000
0 0.286979 0.650000 0.283854 0.643519 0.358854 0.757407 0.360417 0.748148 0.364062 0.739815 0.367708 0.737963 0.371354 0.738889 0.375000 0.743519 0.377083 0.749074 0.377083 0.761111
0 0.373958 0.769444 0.370313 0.774074 0.363542 0.773148 0.360938 0.767593 0.175521 0.396296 0.176563 0.386111 0.179688 0.378704 0.183854 0.377778 0.188021 0.378704 0.191146 0.382407
0 0.193229 0.389815 0.193750 0.399074 0.191146 0.409259 0.186979 0.412963 0.180729 0.412037 0.177604 0.406481 0.281771 0.444444 0.283333 0.434259 0.286458 0.426852 0.290104 0.425926 0.293750 0.426852 0.297396 0.430556 0.299479 0.437037
0 0.299479 0.447222 0.296875 0.456481 0.293229 0.460185 0.286458 0.459259 0.283333 0.454630 0.341146 0.408333 0.342187 0.398148 0.345833 0.390741 0.349479 0.389815 0.353125 0.390741 0.356771 0.394444 0.358854 0.400926 0.358854 0.411111
0 0.355729 0.420370 0.352604 0.425000 0.345833 0.424074 0.342708 0.418519 0.433333 0.438889 0.434375 0.429630 0.437500 0.421296 0.441146 0.420370 0.444792 0.421296 0.448438 0.425000 0.451042 0.431481 0.450521 0.441667 0.447917 0.450926
0 0.444271 0.455556 0.438021 0.454630 0.434896 0.449074 0.259896 0.153704 0.261458 0.142593 0.264062 0.136111 0.268229 0.134259 0.271875 0.135185 0.275521 0.138889 0.278125 0.146296 0.278125 0.156481
0 0.275521 0.166667 0.271875 0.171296 0.265625 0.170370 0.262500 0.163889 0.335417 0.477778 0.336979 0.467593 0.340104 0.460185 0.343750 0.459259 0.347396 0.460185 0.351042 0.463889 0.353125 0.470370 0.353125 0.480556 0.350521 0.489815
0 0.346875 0.493519 0.340104 0.493519 0.337500 0.487963 0.541146 0.413889 0.542708 0.403704 0.545833 0.396296 0.549479 0.395370 0.553125 0.396296 0.556771 0.400000 0.558854 0.406481 0.558854 0.416667 0.555729 0.425926 0.552604 0.430556
0 0.545833 0.429630 0.542708 0.424074 0.515104 0.336111 0.516146 0.325926 0.519792 0.318519 0.523438 0.317593 0.527083 0.318519 0.530729 0.322222 0.532812 0.328704 0.532812 0.338889 0.529688 0.348148 0.526563 0.352778 0.519792 0.351852
0 0.516667 0.346296 0.473437 0.388889 0.475000 0.378704 0.478125 0.371296 0.481771 0.370370 0.485417 0.371296 0.489062 0.375000 0.491667 0.381481 0.491146 0.391667 0.488542 0.400926 0.484896 0.405556 0.478646 0.404630
0 0.475521 0.399074 0.507292 0.502778 0.509375 0.491667 0.512500 0.484259 0.516146 0.483333 0.519792 0.484259 0.523438 0.487963 0.525521 0.494444 0.525521 0.505556 0.522917 0.514815 0.519271 0.519444 0.512500 0.518519
0 0.509896 0.512963 0.549479 0.623148 0.550521 0.612963 0.553646 0.605556 0.557292 0.604630 0.561458 0.605556 0.564583 0.609259 0.567187 0.615741 0.566667 0.625926 0.564062 0.635185 0.560417 0.638889 0.554167 0.637963
0 0.551042 0.633333 0.590625 0.597222 0.592188 0.587037 0.595312 0.579630 0.598958 0.578704 0.602604 0.579630 0.606250 0.583333 0.608333 0.589815 0.608333 0.600000 0.605729 0.609259 0.602083 0.612963 0.595312 0.612963
0 0.592708 0.607407 0.572396 0.579630 0.573438 0.569444 0.576563 0.562037 0.580729 0.561111 0.584375 0.562037 0.588021 0.565741 0.590104 0.572222 0.589583 0.582407 0.586979 0.591667 0.583333 0.595370 0.577083 0.594444
0 0.573958 0.589815 0.569271 0.650926 0.570312 0.640741 0.573438 0.633333 0.577083 0.631481 0.581250 0.633333 0.584375 0.637037 0.586979 0.642593 0.586458 0.653704 0.583854 0.662037 0.580208 0.666667 0.573958 0.665741
0 0.570833 0.660185 0.426562 0.672222 0.428125 0.662037 0.431250 0.654630 0.434896 0.652778 0.438542 0.654630 0.442187 0.658333 0.444271 0.663889 0.444271 0.675000 0.441667 0.683333 0.438021 0.687963 0.431250 0.687037
0 0.428646 0.681481 0.452604 0.590741 0.453646 0.580556 0.456771 0.573148 0.460938 0.572222 0.464583 0.573148 0.468229 0.576852 0.470313 0.583333 0.469792 0.593518 0.467187 0.602778 0.463542 0.606481 0.457292 0.606481
0 0.454167 0.601852 0.438542 0.613889 0.439583 0.603704 0.442708 0.596296 0.446354 0.595370 0.450521 0.596296 0.453646 0.600000 0.456250 0.606481 0.455729 0.616667 0.453125 0.625926 0.449479 0.629630 0.443229 0.629630
0 0.440104 0.624074 0.446875 0.780556 0.448438 0.770370 0.451562 0.762037 0.455208 0.761111 0.458854 0.762037 0.462500 0.765741 0.464583 0.773148 0.464583 0.783333 0.461979 0.792593 0.458333 0.796296 0.451562 0.796296
0 0.448958 0.790741 0.531771 0.787037 0.532812 0.777778 0.535937 0.769444 0.540104 0.767593 0.543750 0.769444 0.547396 0.773148 0.549479 0.779630 0.548958 0.789815 0.546354 0.799074 0.543229 0.803704 0.536458 0.802778
0 0.533333 0.797222 0.508854 0.684259 0.510417 0.675000 0.513542 0.666667 0.517187 0.665741 0.520833 0.666667 0.524479 0.670370 0.526563 0.676852 0.526563 0.687037 0.523958 0.696296 0.520312 0.700926 0.513542 0.700000
0 0.510938 0.694444 0.525000 0.716667 0.526563 0.705556 0.529688 0.698148 0.533333 0.697222 0.536979 0.698148 0.540625 0.701852 0.542708 0.708333 0.542708 0.719444 0.540104 0.728704 0.536458 0.733333 0.530208 0.732407
0 0.527083 0.726852 0.426042 0.912963 0.427083 0.902778 0.430208 0.893519 0.433854 0.892593 0.438542 0.893519 0.441667 0.898148 0.444271 0.904630 0.443750 0.915741 0.440625 0.925000 0.436979 0.930556 0.430729 0.929630
0 0.427604 0.923148 0.715625 0.758333 0.717188 0.747222 0.720312 0.739815 0.723958 0.738889 0.727604 0.739815 0.730208 0.744444 0.731771 0.751852 0.731250 0.762037 0.728646 0.770370 0.724479 0.774074 0.720833 0.773148
0 0.717188 0.768519 0.766667 0.749074 0.767708 0.738889 0.770833 0.731481 0.775000 0.730556 0.778646 0.731481 0.781771 0.737037 0.782812 0.743519 0.782292 0.752778 0.779688 0.762037 0.775521 0.765741 0.771875 0.765741
0 0.768750 0.759259 0.740625 0.736111 0.741667 0.725926 0.744792 0.718518 0.748958 0.717593 0.752604 0.718518 0.755208 0.723148 0.756250 0.729630 0.756250 0.740741 0.753646 0.748148 0.749479 0.752778 0.745313 0.751852
0 0.742708 0.747222 0.705208 0.667593 0.706250 0.657407 0.709375 0.649074 0.713021 0.649074 0.717188 0.650000 0.719792 0.655556 0.720312 0.661111 0.720833 0.671296 0.718229 0.679630 0.714063 0.683333 0.709896 0.683333
0 0.706771 0.677778 0.750521 0.857407 0.752083 0.848148 0.755208 0.838889 0.758854 0.837963 0.762500 0.838889 0.766146 0.845370 0.766667 0.851852 0.766667 0.862037 0.764063 0.870370 0.759896 0.874074 0.756250 0.874074
0 0.753125 0.868519 0.719792 0.881481 0.720833 0.870370 0.723958 0.862963 0.727604 0.862037 0.731771 0.862963 0.734375 0.868519 0.735417 0.875926 0.735417 0.885185 0.732292 0.894444 0.728646 0.898148 0.725000 0.898148
0 0.721875 0.892593 0.749479 0.813889 0.751042 0.803704 0.754167 0.795370 0.757812 0.793519 0.761458 0.796296 0.764583 0.800926 0.765625 0.807407 0.766146 0.818519 0.763021 0.825926 0.759375 0.829630 0.754687 0.829630
0 0.752083 0.824074 0.661979 0.818519 0.663542 0.807407 0.666667 0.800000 0.670313 0.798148 0.673958 0.800000 0.677083 0.805556 0.678125 0.812037 0.677604 0.822222 0.675000 0.829630 0.670833 0.834259 0.667188 0.834259
0 0.664062 0.827778 0.868229 0.745370 0.869792 0.735185 0.872917 0.726852 0.876562 0.725000 0.880729 0.727778 0.883333 0.732407 0.884375 0.738889 0.884896 0.750000 0.881771 0.757407 0.878125 0.761111 0.873438 0.761111
0 0.870833 0.754630 0.698958 0.532407 0.700521 0.522222 0.703646 0.514815 0.707292 0.512963 0.710938 0.514815 0.713542 0.519444 0.714583 0.525926 0.714583 0.536111 0.711458 0.543519 0.707812 0.547222 0.703646 0.547222
0 0.701042 0.541667 0.657292 0.489815 0.658333 0.479630 0.661458 0.472222 0.665104 0.471296 0.669271 0.472222 0.671875 0.476852 0.672396 0.483333 0.672396 0.493519 0.669792 0.502778 0.665625 0.506481 0.661979 0.505556
0 0.658854 0.500926 0.656771 0.541667 0.657812 0.531482 0.660937 0.524074 0.664583 0.523148 0.668750 0.524074 0.671354 0.529630 0.671875 0.535185 0.671875 0.545370 0.669271 0.553704 0.665104 0.557407 0.661458 0.557407
0 0.658333 0.551852 0.627604 0.490741 0.628646 0.481481 0.631771 0.473148 0.635417 0.472222 0.639583 0.473148 0.642187 0.478704 0.642708 0.485185 0.642708 0.494444 0.640104 0.503704 0.635938 0.507407 0.632292 0.507407
0 0.629167 0.501852 0.646354 0.593518 0.647917 0.584259 0.651042 0.575926 0.654688 0.575000 0.658333 0.575926 0.660937 0.581481 0.661979 0.587963 0.662500 0.597222 0.659375 0.605556 0.655208 0.609259 0.651042 0.609259
0 0.648438 0.603704 0.638021 0.655556 0.638542 0.645370 0.641667 0.637963 0.645833 0.637037 0.650000 0.637963 0.652604 0.642593 0.653125 0.649074 0.653125 0.659259 0.650521 0.667593 0.646354 0.671296 0.642708 0.670370
0 0.639583 0.665741 0.615625 0.623148 0.617188 0.613889 0.620313 0.605556 0.623958 0.604630 0.627604 0.605556 0.630208 0.611111 0.631250 0.617593 0.631250 0.626852 0.628125 0.635185 0.624479 0.638889 0.620313 0.638889
0 0.617708 0.633333 0.614583 0.713889 0.615625 0.703704 0.618750 0.696296 0.622396 0.695370 0.626562 0.696296 0.629167 0.700926 0.629687 0.707407 0.629687 0.717593 0.627083 0.725926 0.622917 0.729630 0.619271 0.729630
0 0.616146 0.724074 0.649479 0.738889 0.650521 0.728704 0.653646 0.721296 0.657292 0.720370 0.661458 0.721296 0.664062 0.726852 0.664583 0.732407 0.664583 0.743519 0.661979 0.751852 0.657812 0.755556 0.654167 0.755556
0 0.651042 0.750000 0.726042 0.676852 0.726562 0.668519 0.729688 0.661111 0.733333 0.660185 0.736979 0.663889 0.738021 0.671296 0.736979 0.677778 0.734896 0.684259 0.731771 0.687037 0.727604 0.684259 0.791667 0.733333
0 0.792188 0.725000 0.795313 0.717593 0.798958 0.716667 0.803125 0.720370 0.803646 0.727778 0.803125 0.733333 0.801042 0.739815 0.797917 0.742593 0.793750 0.739815 0.686458 0.623148 0.686979 0.614815 0.690104 0.607407
0 0.694271 0.605556 0.697396 0.610185 0.698438 0.616667 0.697917 0.623148 0.695312 0.629630 0.692187 0.632407 0.688542 0.629630 0.666667 0.621296 0.667188 0.612963 0.670313 0.604630 0.674479 0.603704 0.677604 0.607407
0 0.678646 0.614815 0.678125 0.621296 0.675521 0.627778 0.672396 0.630556 0.668750 0.627778 0.591146 0.664815 0.591667 0.656482 0.594792 0.649074 0.598437 0.648148 0.602083 0.651852 0.602604 0.659259 0.602083 0.665741
0 0.600000 0.672222 0.596875 0.675000 0.592708 0.672222 0.638021 0.559259 0.638542 0.551852 0.641667 0.548148 0.645312 0.549074 0.646875 0.554630 0.646354 0.560185 0.644792 0.563889 0.642708 0.565741 0.640104 0.564815
0 0.772396 0.660185 0.772396 0.651852 0.775521 0.644444 0.779688 0.643519 0.783333 0.647222 0.784375 0.654630 0.783854 0.661111 0.781250 0.667593 0.778125 0.670370 0.773958 0.667593 0.823438 0.762963 0.824479 0.751852
0 0.827604 0.744444 0.831771 0.743519 0.835417 0.744444 0.838542 0.750000 0.839583 0.757407 0.839583 0.766667 0.836458 0.775000 0.832812 0.778704 0.829167 0.778704 0.825521 0.773148 0.826563 0.645370 0.827604 0.636111
0 0.830729 0.627778 0.835417 0.626852 0.839063 0.627778 0.841667 0.633333 0.843229 0.640741 0.842708 0.650000 0.840104 0.658333 0.835417 0.662037 0.831771 0.662037 0.828646 0.656482 0.914583 0.718518 0.915625 0.709259
0 0.918750 0.700000 0.922917 0.700000 0.927083 0.700926 0.930208 0.706481 0.931250 0.712963 0.931250 0.723148 0.928646 0.731481 0.923958 0.735185 0.920313 0.735185 0.916667 0.729630 0.889583 0.589815 0.891146 0.580556
0 0.894271 0.572222 0.897917 0.571296 0.902083 0.572222 0.904688 0.577778 0.905729 0.584259 0.905729 0.593518 0.902604 0.601852 0.898958 0.605556 0.894271 0.605556 0.891667 0.600000 0.846354 0.920370 0.846875 0.909259
0 0.850000 0.900926 0.853646 0.900000 0.858333 0.901852 0.861458 0.906482 0.861979 0.913889 0.862500 0.925000 0.860417 0.934259 0.856250 0.937963 0.852083 0.937037 0.848437 0.931481 0.884896 0.914815 0.885938 0.903704
0 0.889063 0.896296 0.892708 0.895370 0.896875 0.896296 0.900000 0.902778 0.901563 0.909259 0.902083 0.919444 0.898958 0.928704 0.894792 0.932407 0.890625 0.932407 0.886979 0.925926 0.905729 0.900926 0.906771 0.889815
0 0.909896 0.881481 0.913542 0.880556 0.917708 0.882407 0.920833 0.887037 0.922396 0.894444 0.922917 0.905556 0.920313 0.913889 0.916146 0.918519 0.911458 0.917593 0.908333 0.912037 0.943229 0.903704 0.944271 0.892593
0 0.947396 0.885185 0.951042 0.884259 0.955208 0.885185 0.959375 0.891667 0.960417 0.899074 0.960938 0.909259 0.958333 0.918519 0.954167 0.922222 0.950000 0.921296 0.946354 0.914815 0.960938 0.869444 0.961979 0.859259
0 0.965104 0.850926 0.969271 0.850000 0.973437 0.850926 0.976562 0.857407 0.978125 0.863889 0.978646 0.874074 0.975521 0.883333 0.971875 0.887037 0.967188 0.887037 0.964063 0.880556 0.927604 0.954630 0.928646 0.942593
0 0.931771 0.935185 0.935938 0.934259 0.940104 0.935185 0.943750 0.941667 0.944792 0.948148 0.945833 0.960185 0.942708 0.969444 0.939062 0.973148 0.934896 0.973148 0.930729 0.965741 0.947917 0.979630 0.948958 0.969444
0 0.951563 0.960185 0.955729 0.959259 0.959896 0.961111 0.963542 0.967593 0.965104 0.975000 0.966146 0.986111 0.963542 0.995370 0.958854 0.999074 0.954687 0.999074 0.951042 0.991667 0.907812 0.958333 0.908854 0.947222
0 0.911979 0.938889 0.915625 0.937963 0.919792 0.938889 0.923958 0.945370 0.925000 0.952778 0.925521 0.963889 0.922917 0.973148 0.918750 0.976852 0.914583 0.976852 0.910937 0.970370 0.896875 0.997222 0.897396 0.986111
0 0.900521 0.977778 0.904167 0.976852 0.908854 0.977778 0.912500 0.983333 0.913542 0.990741 0.830729 0.970370 0.831250 0.960185 0.834375 0.950926 0.838021 0.950000 0.842188 0.951852 0.845833 0.957407 0.846875 0.964815
0 0.847396 0.975000 0.844271 0.984259 0.840625 0.988889 0.836458 0.987963 0.832812 0.981481 0.990625 0.550000 0.991667 0.539815 0.995313 0.531482 0.999479 0.531482 0.999479 0.567593 0.996354 0.565741 0.992708 0.560185
0 0.975000 0.565741 0.976042 0.556481 0.979688 0.548148 0.983333 0.547222 0.988021 0.548148 0.990625 0.553704 0.991667 0.560185 0.991667 0.570370 0.989062 0.578704 0.984375 0.582407 0.980208 0.582407 0.977083 0.576852
0 0.915104 0.511111 0.916146 0.501852 0.919271 0.492593 0.922917 0.491667 0.927604 0.492593 0.930208 0.498148 0.930729 0.505556 0.930729 0.514815 0.928125 0.523148 0.923958 0.526852 0.919792 0.526852 0.916667 0.521296
0 0.999479 0.486111 0.720833 0.440741 0.722396 0.431481 0.725521 0.423148 0.729167 0.422222 0.732813 0.423148 0.735417 0.428704 0.736458 0.435185 0.736458 0.444444 0.733333 0.452778 0.729688 0.456481 0.725521 0.456481
0 0.722917 0.450926 0.669271 0.384259 0.670833 0.374074 0.673958 0.366667 0.677604 0.365741 0.681250 0.366667 0.683854 0.371296 0.684896 0.377778 0.684896 0.387963 0.681771 0.396296 0.677604 0.400000 0.673958 0.400000
0 0.670833 0.394444 0.538542 0.456481 0.540104 0.446296 0.543229 0.438889 0.546875 0.437963 0.550521 0.438889 0.553646 0.444444 0.554167 0.450926 0.554167 0.460185 0.551042 0.468519 0.547396 0.472222 0.543750 0.472222
0 0.540625 0.466667 0.546354 0.498148 0.547396 0.488889 0.550521 0.480556 0.554167 0.479630 0.558333 0.480556 0.560938 0.486111 0.561458 0.492593 0.561458 0.502778 0.558854 0.511111 0.554688 0.514815 0.551042 0.514815
0 0.547917 0.509259 0.776042 0.461111 0.779688 0.450000 0.784375 0.445370 0.789583 0.446296 0.792708 0.456481 0.791667 0.469444 0.790104 0.477778 0.784896 0.482407 0.778646 0.478704 0.776042 0.471296 0.741146 0.431481
0 0.742188 0.421296 0.745833 0.413889 0.750000 0.412037 0.753646 0.413889 0.756250 0.418519 0.757292 0.425000 0.756771 0.435185 0.754167 0.442593 0.749479 0.446296 0.745833 0.446296 0.742708 0.440741 0.982292 0.943519
0 0.983333 0.933333 0.986458 0.924074 0.990625 0.923148 0.994792 0.925000 0.998438 0.931481 0.999479 0.939815 0.997917 0.958333 0.994271 0.962963 0.989583 0.962037 0.985937 0.955556 0.993750 0.841667 0.995313 0.832407
0 0.997917 0.823148 0.999479 0.860185 0.996875 0.853704 0.960417 0.785185 0.961458 0.775000 0.964583 0.766667 0.968750 0.765741 0.972917 0.766667 0.976042 0.773148 0.977604 0.779630 0.977083 0.789815 0.974479 0.798148
0 0.970312 0.801852 0.966146 0.801852 0.962500 0.795370 0.925521 0.804630 0.927083 0.793519 0.930208 0.786111 0.933854 0.785185 0.938021 0.786111 0.941146 0.791667 0.942708 0.799074 0.942708 0.808333 0.940104 0.817593
0 0.935938 0.821296 0.931771 0.821296 0.928646 0.814815 0.989583 0.666667 0.991146 0.655556 0.994792 0.648148 0.998438 0.647222 0.999479 0.684259 0.995313 0.683333 0.992188 0.676852 0.902083 0.401852 0.903646 0.394444
0 0.906250 0.388889 0.909375 0.387037 0.913542 0.387963 0.915625 0.392593 0.917188 0.398148 0.916667 0.406481 0.914062 0.413889 0.910417 0.417593 0.906250 0.417593 0.903125 0.410185 0.965625 0.472222 0.966667 0.464815
0 0.969792 0.458333 0.972396 0.456481 0.976562 0.457407 0.979167 0.462037 0.980729 0.469444 0.980208 0.475926 0.978125 0.483333 0.973437 0.487963 0.970312 0.487037 0.966667 0.480556
0 0.882812 0.636111 0.884375 0.628704 0.886458 0.623148 0.889063 0.622222 0.893750 0.623148 0.895833 0.627778 0.896875 0.633333 0.896875 0.639815 0.894792 0.648148 0.890625 0.651852
0 0.887500 0.650926 0.883854 0.644444 0.937500 0.664815 0.938542 0.657407 0.941146 0.651852 0.943750 0.650000 0.947917 0.650926 0.950521 0.656482 0.952083 0.662037 0.952083 0.669444
0 0.950000 0.676852 0.945833 0.680556 0.942187 0.680556 0.939062 0.673148 0.971354 0.405556 0.972396 0.399074 0.975521 0.393519 0.978125 0.390741 0.982292 0.391667 0.984896 0.397222
0 0.985937 0.402778 0.985937 0.410185 0.983854 0.417593 0.979167 0.422222 0.975521 0.421296 0.972396 0.413889 0.863021 0.468519 0.864062 0.462037 0.866667 0.456481 0.869271 0.455556
0 0.873438 0.456481 0.875521 0.460185 0.877083 0.465741 0.877083 0.473148 0.875000 0.480556 0.870313 0.485185 0.867188 0.484259 0.864062 0.476852 0.820312 0.145370
0 0.822396 0.137963 0.827083 0.135185 0.830729 0.137037 0.832812 0.140741 0.833333 0.150000 0.831250 0.158333 0.828125 0.162037 0.823438 0.161111 0.820312 0.154630 0.738542 0.212963
0 0.740104 0.206481 0.744271 0.204630 0.748958 0.205556 0.750521 0.210185 0.751042 0.218519 0.749479 0.225000 0.746875 0.230556 0.742188 0.228704 0.738542 0.221296 0.821875 0.175926 0.823958 0.167593 0.828125 0.165741
0 0.831771 0.167593 0.833854 0.171296 0.834896 0.180556 0.832292 0.187963 0.829687 0.192593 0.825000 0.190741 0.821875 0.184259 0.818750 0.220370 0.820833 0.214815 0.825000 0.215741 0.827083 0.217593 0.827604 0.224074
0 0.826563 0.231481 0.824479 0.234259 0.820833 0.234259 0.819271 0.228704 0.780729 0.135185 0.782812 0.127778 0.787500 0.125926 0.791146 0.126852 0.793229 0.131481 0.793229 0.140741 0.791667 0.148148 0.788542 0.151852
0 0.783854 0.150000 0.780729 0.143519 0.676042 0.242593 0.677604 0.236111 0.681771 0.234259 0.685938 0.235185 0.687500 0.239815 0.688542 0.248148 0.686979 0.254630 0.683854 0.259259 0.678646 0.257407 0.675521 0.250926
0 0.710938 0.400000 0.713021 0.392593 0.716667 0.390741 0.720833 0.392593 0.722396 0.396296 0.723437 0.404630 0.721875 0.412037 0.719271 0.415741 0.714583 0.413889 0.710938 0.407407 0.722396 0.137963 0.725000 0.130556
0 0.728646 0.128704 0.732813 0.129630 0.734375 0.134259 0.735417 0.142593 0.733854 0.150926 0.730729 0.154630 0.726042 0.152778 0.722917 0.146296 0.541667 0.254630 0.543229 0.247222 0.547396 0.245370 0.551042 0.247222
0 0.553125 0.250926 0.554167 0.259259 0.552083 0.266667 0.549479 0.270370 0.544792 0.269444 0.541667 0.262963 0.549479 0.279630 0.551042 0.273148 0.555208 0.271296 0.559375 0.272222 0.560938 0.276852 0.561979 0.285185
0 0.560417 0.292593 0.557813 0.297222 0.553125 0.295370 0.549479 0.288889 0.603646 0.249074 0.605208 0.241667 0.609375 0.239815 0.613021 0.240741 0.615104 0.245370 0.616146 0.254630 0.614062 0.261111 0.611458 0.265741
0 0.606771 0.263889 0.603646 0.257407 0.654688 0.339815 0.656250 0.333333 0.660417 0.331481 0.664062 0.332407 0.666146 0.337037 0.667188 0.345370 0.665104 0.351852 0.662500 0.356481 0.657812 0.354630 0.654688 0.348148
0 0.646875 0.314815 0.648438 0.307407 0.652604 0.305556 0.656771 0.307407 0.658333 0.311111 0.659375 0.319444 0.657812 0.327778 0.655208 0.332407 0.650521 0.330556 0.646875 0.324074 0.593229 0.300926 0.594792 0.292593
0 0.598958 0.290741 0.602604 0.292593 0.604688 0.296296 0.605729 0.305556 0.603646 0.312963 0.601042 0.317593 0.596354 0.315741 0.593229 0.309259 0.583333 0.325926 0.584896 0.319444 0.590104 0.319444 0.592188 0.323148
0 0.592708 0.329630 0.591667 0.336111 0.589063 0.340741 0.585938 0.339815 0.583333 0.334259 0.572917 0.327778 0.575000 0.321296 0.579687 0.320370 0.581771 0.325000 0.582292 0.331481 0.581250 0.337963 0.578646 0.342593
0 0.575521 0.341667 0.573438 0.336111 0.706250 0.148148 0.708333 0.141667 0.713021 0.140741 0.715625 0.145370 0.716146 0.151852 0.714583 0.158333 0.711979 0.163889 0.708333 0.162963 0.706250 0.156481 0.692708 0.111111
0 0.694271 0.103704 0.699479 0.103704 0.701563 0.107407 0.702083 0.114815 0.701042 0.122222 0.697917 0.126852 0.694792 0.125926 0.692187 0.120370 0.700000 0.200000 0.702083 0.193519 0.707292 0.192593 0.709375 0.196296
0 0.709896 0.203704 0.708333 0.211111 0.705729 0.215741 0.702083 0.214815 0.700000 0.209259 0.710417 0.207407 0.712500 0.200926 0.717188 0.200926 0.719271 0.204630 0.719792 0.211111 0.718750 0.218519 0.716146 0.223148
0 0.712500 0.222222 0.710417 0.216667 0.694271 0.139815 0.695833 0.132407 0.700521 0.132407 0.703125 0.137037 0.703646 0.143519 0.702604 0.150000 0.700000 0.155556 0.695833 0.154630 0.694271 0.148148 0.636458 0.036111
0 0.638021 0.027778 0.643229 0.027778 0.645833 0.031481 0.646354 0.039815 0.644792 0.047222 0.642187 0.051852 0.638542 0.050926 0.636458 0.045370 0.619271 0.087037 0.620833 0.078704 0.626042 0.078704 0.628125 0.083333
0 0.628646 0.089815 0.627604 0.098148 0.625000 0.102778 0.621875 0.101852 0.619792 0.096296 0.509375 0.187963 0.511458 0.180556 0.516146 0.180556 0.518229 0.184259 0.518750 0.190741 0.517708 0.199074 0.515104 0.202778
0 0.511979 0.202778 0.509896 0.196296 0.468229 0.269444 0.469792 0.262963 0.474479 0.262037 0.477083 0.266667 0.477604 0.273148 0.473958 0.285185 0.470313 0.283333 0.468229 0.277778 0.454688 0.151852 0.456250 0.145370
0 0.461458 0.145370 0.464063 0.149074 0.464583 0.155556 0.463542 0.162037 0.460938 0.167593 0.457292 0.166667 0.455208 0.160185 0.452083 0.072222 0.453646 0.064815 0.458854 0.064815 0.460938 0.068519 0.461458 0.075926
0 0.460417 0.082407 0.457812 0.087963 0.454688 0.087037 0.452083 0.080556 0.448958 0.048148 0.450521 0.040741 0.455729 0.039815 0.457812 0.045370 0.458854 0.051852 0.457292 0.059259 0.455208 0.063889 0.451562 0.062963
0 0.448958 0.057407 0.469792 0.148148 0.471354 0.141667 0.476042 0.140741 0.478646 0.144444 0.479167 0.151852 0.478125 0.158333 0.475521 0.162963 0.471875 0.162037 0.469792 0.156481 0.428125 0.255556 0.429688 0.249074
0 0.434896 0.248148 0.436979 0.251852 0.437500 0.259259 0.436458 0.265741 0.433854 0.270370 0.430729 0.269444 0.428125 0.263889 0.591667 0.257407 0.593750 0.250000 0.598437 0.250000 0.600521 0.253704 0.601042 0.260185
0 0.600000 0.267593 0.597396 0.272222 0.594271 0.271296 0.592188 0.265741 0.350000 0.000000 0.348958 0.005556 0.346354 0.010185 0.343229 0.009259 0.340104 0.002778 0.288542 0.000926 0.285937 0.004630 0.282813 0.004630
0 0.336458 0.001852 0.333854 0.007407 0.330208 0.005556 0.327604 0.000000 0.357292 0.278704 0.358854 0.272222 0.364062 0.271296 0.366146 0.275000 0.366667 0.282407 0.365625 0.288889 0.363021 0.293519 0.359896 0.292593
0 0.357292 0.287037 0.391667 0.343519 0.393229 0.337037 0.398438 0.337037 0.400521 0.340741 0.401042 0.347222 0.400000 0.353704 0.397396 0.358333 0.393750 0.358333 0.391667 0.351852
0 0.257292 0.186111 0.260938 0.182407 0.264062 0.182407 0.268229 0.183333 0.269792 0.187037 0.271354 0.196296 0.270833 0.204630 0.270312 0.210185 0.265625 0.214815 0.260417 0.213889 0.257812 0.209259 0.255729 0.202778
0 0.255208 0.193519 0.173438 0.246296 0.177083 0.242593 0.180208 0.242593 0.183854 0.243519 0.185937 0.247222 0.187500 0.255556 0.186979 0.264815 0.185937 0.270370 0.181771 0.275000 0.176563 0.274074 0.173438 0.268519
0 0.171354 0.262037 0.171354 0.253704 0.184896 0.000000 0.123958 0.000000 0.136979 0.000000 0.139583 0.010185 0.139583 0.018519 0.138542 0.025000 0.134375 0.029630 0.128646 0.028704 0.125521 0.023148 0.122917 0.015741
0 0.122396 0.006481 0.107813 0.025000 0.111458 0.021296 0.114583 0.020370 0.119271 0.022222 0.121354 0.025926 0.123438 0.036111 0.123438 0.045370 0.122396 0.050926 0.118229 0.055556 0.112500 0.054630 0.109375 0.049074
0 0.106771 0.041667 0.105729 0.032407 0.205208 0.186111 0.208333 0.182407 0.211458 0.182407 0.215104 0.183333 0.217187 0.187037 0.219271 0.197222 0.218229 0.204630 0.217187 0.210185 0.213542 0.214815 0.208333 0.213889
0 0.205729 0.209259 0.203125 0.202778 0.202604 0.193519 0.141667 0.295370 0.144792 0.291667 0.147917 0.291667 0.151562 0.292593 0.153646 0.296296 0.155729 0.304630 0.154687 0.312963 0.153646 0.318519 0.150000 0.324074
0 0.144792 0.322222 0.141667 0.317593 0.139583 0.311111 0.139062 0.302778 0.090104 0.210185 0.093229 0.206481 0.096875 0.206481 0.100521 0.207407 0.102604 0.211111 0.104167 0.220370 0.104167 0.228704 0.103125 0.235185
0 0.099479 0.239815 0.093750 0.237963 0.090104 0.233333 0.088542 0.226852 0.087500 0.217593 0.154687 0.238889 0.158333 0.235185 0.161458 0.234259 0.165104 0.236111 0.167187 0.238889 0.168750 0.249074 0.168750 0.257407
0 0.167708 0.262037 0.163021 0.266667 0.157813 0.265741 0.155208 0.261111 0.152604 0.254630 0.152604 0.245370 0.256250 0.104630 0.259375 0.100926 0.262500 0.100926 0.266146 0.101852 0.268229 0.105556 0.270312 0.115741
0 0.269792 0.123148 0.268750 0.129630 0.265104 0.134259 0.259375 0.133333 0.256771 0.127778 0.254167 0.121296 0.253646 0.112037 0.296354 0.198148 0.300000 0.194444 0.303646 0.194444 0.307292 0.195370 0.308854 0.199074
0 0.310417 0.208333 0.309896 0.216667 0.308854 0.222222 0.304688 0.226852 0.299479 0.225926 0.296875 0.221296 0.294792 0.214815 0.294271 0.205556 0.344271 0.168519 0.347917 0.164815 0.351042 0.164815 0.354688 0.165741
0 0.356250 0.169444 0.357812 0.177778 0.357292 0.187037 0.356250 0.192593 0.352604 0.197222 0.347396 0.196296 0.344271 0.191667 0.342187 0.184259 0.342187 0.175926 0.280729 0.224074 0.283854 0.220370 0.287500 0.219444
0 0.291146 0.221296 0.293229 0.225000 0.294792 0.233333 0.293750 0.242593 0.292708 0.248148 0.289062 0.251852 0.283854 0.250926 0.281250 0.247222 0.279167 0.239815 0.278125 0.231481 0.238021 0.229630 0.241146 0.225926
0 0.244792 0.225926 0.248437 0.226852 0.250521 0.231481 0.252083 0.239815 0.252083 0.248148 0.250521 0.253704 0.246875 0.258333 0.241146 0.257407 0.238542 0.252778 0.236458 0.246296 0.235938 0.237963 0.188542 0.274074
0 0.191667 0.270370 0.194792 0.270370 0.198437 0.271296 0.200521 0.275000 0.202604 0.284259 0.201562 0.292593 0.200521 0.298148 0.196875 0.302778 0.191667 0.301852 0.188542 0.296296 0.186458 0.289815 0.185937 0.281481
0 0.197396 0.380556 0.200521 0.376852 0.203646 0.376852 0.207292 0.377778 0.208854 0.381481 0.210938 0.390741 0.209896 0.399074 0.209375 0.404630 0.205208 0.409259 0.200000 0.408333 0.197396 0.402778 0.195312 0.396296
0 0.194792 0.387963 0.373958 0.296296 0.377604 0.292593 0.380729 0.292593 0.384375 0.293519 0.385938 0.297222 0.388021 0.306481 0.387500 0.314815 0.386458 0.320370 0.382292 0.325000 0.377083 0.324074 0.373958 0.319444
0 0.371875 0.312963 0.371875 0.303704 0.388021 0.198148 0.391146 0.194444 0.394271 0.193519 0.398438 0.195370 0.400000 0.198148 0.402083 0.208333 0.401042 0.216667 0.400000 0.221296 0.396354 0.225926 0.391146 0.225000
0 0.388542 0.220370 0.386458 0.213889 0.385417 0.204630 0.421875 0.374074 0.425000 0.369444 0.428125 0.369444 0.431771 0.370370 0.433333 0.374074 0.434896 0.383333 0.434375 0.390741 0.433333 0.396296 0.429688 0.400926
0 0.424479 0.400000 0.421354 0.395370 0.419792 0.388889 0.419271 0.380556 0.443229 0.334259 0.444792 0.332407 0.447396 0.330556 0.450000 0.330556 0.452083 0.332407 0.453125 0.337963 0.453125 0.345370 0.452083 0.350926
0 0.448438 0.353704 0.443750 0.352778 0.441667 0.347222 0.441667 0.340741 0.403125 0.460185 0.406250 0.456481 0.409375 0.456481 0.413021 0.457407 0.414583 0.461111 0.416146 0.470370 0.415625 0.477778 0.414583 0.483333
0 0.410937 0.487963 0.405729 0.487037 0.402604 0.482407 0.401042 0.475926 0.400521 0.467593 0.469792 0.512037 0.472917 0.508333 0.476042 0.507407 0.479688 0.509259 0.481250 0.512037
0 0.482812 0.521296 0.482292 0.529630 0.481250 0.534259 0.477604 0.538889 0.472396 0.537963 0.469271 0.533333 0.467187 0.526852 0.467187 0.518519 0.513542 0.398148 0.517187 0.394444
0 0.519792 0.393519 0.523958 0.395370 0.525521 0.398148 0.527083 0.407407 0.526563 0.415741 0.525521 0.420370 0.521354 0.425000 0.516146 0.424074 0.513542 0.419444 0.511458 0.412963
0 0.510938 0.404630 0.423438 0.344444 0.425521 0.342593 0.427604 0.339815 0.430208 0.340741 0.432813 0.342593 0.433854 0.348148 0.433333 0.355556 0.432292 0.360185
0 0.429167 0.363889 0.424479 0.362963 0.422396 0.357407 0.421875 0.350926 0.461458 0.372222 0.463021 0.370370 0.465625 0.368519 0.468229 0.368519 0.470313 0.371296 0.471354 0.376852 0.471354 0.383333 0.470313 0.388889
0 0.467187 0.391667 0.461979 0.390741 0.459896 0.385185 0.459896 0.378704 0.475000 0.281481 0.476562 0.279630 0.479167 0.276852 0.481771 0.277778 0.483854 0.279630 0.484896 0.286111
0 0.484896 0.293519 0.483854 0.298148 0.480729 0.301852 0.476042 0.300926 0.473437 0.295370 0.473437 0.288889 0.461979 0.422222 0.464063 0.420370 0.466146 0.418519 0.468750 0.418519
0 0.471354 0.421296 0.472396 0.426852 0.471875 0.433333 0.470833 0.438889 0.467708 0.441667 0.463021 0.440741 0.460938 0.435185 0.460417 0.428704 0.364583 0.376852 0.366146 0.375000
0 0.368750 0.373148 0.371354 0.373148 0.373437 0.375926 0.374479 0.381481 0.374479 0.387963 0.373437 0.393519 0.369792 0.396296 0.365104 0.395370 0.363021 0.389815 0.363021 0.383333
0 0.578646 0.472222 0.580729 0.469444 0.582812 0.467593 0.585417 0.468519 0.588021 0.470370 0.589063 0.475926 0.588542 0.483333 0.587500 0.487963 0.584375 0.491667 0.579687 0.489815
0 0.577604 0.485185 0.577083 0.478704 0.591667 0.496296 0.593750 0.494444 0.595833 0.492593 0.598437 0.492593 0.600521 0.495370 0.602083 0.501852 0.601562 0.508333 0.600521 0.513889
0 0.597396 0.516667 0.592708 0.515741 0.590625 0.510185 0.590104 0.503704 0.588021 0.151852 0.589583 0.150000 0.592188 0.148148 0.594792 0.147222 0.596875 0.150926 0.598437 0.156481
0 0.597917 0.162963 0.596875 0.168519 0.593750 0.171296 0.588542 0.170370 0.586458 0.164815 0.586458 0.158333 0.602604 0.086111 0.604167 0.084259 0.606771 0.082407 0.609896 0.082407
0 0.611979 0.084259 0.613542 0.090741 0.612500 0.098148 0.611458 0.103704 0.608333 0.106481 0.603646 0.105556 0.601562 0.100000 0.601042 0.093519 0.508854 0.612037 0.510938 0.610185
0 0.513021 0.608333 0.515625 0.608333 0.517708 0.610185 0.519271 0.615741 0.518750 0.623148 0.517708 0.628704 0.514583 0.631481 0.509896 0.630556 0.507812 0.625000 0.507292 0.618519
0 0.769792 0.815741 0.771354 0.812963 0.773958 0.811111 0.776563 0.811111 0.778646 0.814815 0.780729 0.820370 0.780208 0.826852 0.779167 0.833333 0.776042 0.836111
0 0.771354 0.834259 0.768750 0.828704 0.768229 0.822222 0.741146 0.889815 0.742708 0.887963 0.744792 0.886111 0.747396 0.886111 0.750000 0.887963 0.751562 0.894444
0 0.751562 0.901852 0.750000 0.907407 0.746354 0.911111 0.742188 0.909259 0.739583 0.903704 0.739583 0.896296 0.742708 0.913889 0.744792 0.910185 0.746875 0.908333
0 0.749479 0.908333 0.752083 0.912037 0.753646 0.917593 0.753125 0.925000 0.752604 0.930556 0.749479 0.933333 0.744271 0.932407 0.742188 0.926852 0.741146 0.919444
0 0.761458 0.925000 0.763542 0.923148 0.765625 0.921296 0.768750 0.921296 0.771354 0.923148 0.772396 0.930556 0.772396 0.937037 0.771354 0.943519 0.768229 0.946296
0 0.763542 0.945370 0.760938 0.938889 0.759896 0.931481 0.869271 0.807407 0.871354 0.805556 0.873438 0.802778 0.876562 0.803704 0.879167 0.805556 0.880729 0.811111
0 0.880208 0.819444 0.879167 0.824074 0.876042 0.827778 0.870833 0.826852 0.868750 0.820370 0.868229 0.813889 0.866146 0.912037 0.868229 0.910185 0.870313 0.907407
0 0.873438 0.908333 0.876042 0.910185 0.877604 0.916667 0.877604 0.925000 0.876562 0.930556 0.873438 0.933333 0.868229 0.932407 0.865625 0.925926 0.864583 0.918519
0 0.758854 0.977778 0.760938 0.975926 0.765104 0.975926 0.767708 0.979630 0.769271 0.985185 0.767708 0.993519 0.765625 0.997222 0.761458 0.996296 0.757812 0.990741
0 0.757292 0.983333 0.951563 0.933333 0.953646 0.931481 0.957812 0.931481 0.960938 0.935185 0.962500 0.940741 0.961458 0.949074 0.959375 0.952778 0.954687 0.951852
0 0.950521 0.945370 0.950000 0.937963 0.948958 0.740741 0.945833 0.724074 0.946875 0.707407 0.951563 0.696296 0.959896 0.694444 0.966146 0.695370 0.971875 0.703704
0 0.975521 0.715741 0.976042 0.726852 0.973958 0.741667 0.969792 0.750000 0.962500 0.752778 0.955729 0.750000 0.925521 0.622222 0.922917 0.605556 0.923958 0.589815
0 0.929167 0.578704 0.936979 0.576852 0.943229 0.577778 0.948438 0.586111 0.952083 0.597222 0.952083 0.608333 0.950521 0.622222 0.945833 0.630556 0.938542 0.634259
0 0.931771 0.631481 0.904167 0.527778 0.904167 0.519444 0.906771 0.513889 0.908333 0.512963 0.910417 0.513889 0.912500 0.516667 0.913542 0.521296 0.913021 0.527778
0 0.911458 0.531482 0.909375 0.532407 0.906771 0.531482 0.898438 0.646296 0.897917 0.637963 0.900521 0.633333 0.903646 0.634259 0.905208 0.637037 0.904688 0.643519
0 0.903646 0.649074 0.901042 0.650000 0.876562 0.622222 0.876562 0.612963 0.878646 0.609259 0.881250 0.609259 0.883333 0.612037 0.883333 0.619444 0.882292 0.624074
0 0.879167 0.625000 0.863021 0.632407 0.863021 0.623148 0.865104 0.619444 0.868229 0.619444 0.869792 0.623148 0.870313 0.630556 0.868229 0.634259 0.865625 0.636111
0 0.857813 0.661111 0.857813 0.652778 0.859896 0.649074 0.863021 0.649074 0.865104 0.652778 0.865104 0.659259 0.863542 0.663889 0.860937 0.664815 0.807292 0.634259
0 0.807292 0.625926 0.809375 0.622222 0.812500 0.622222 0.814062 0.625000 0.814062 0.631481 0.812500 0.636111 0.809896 0.637037 0.795833 0.637037 0.795833 0.628704
0 0.797917 0.625000 0.801042 0.625000 0.803125 0.627778 0.803125 0.634259 0.801562 0.638889 0.798958 0.639815 0.731250 0.776852 0.733854 0.764815 0.741146 0.760185
0 0.746875 0.763889 0.750000 0.775000 0.748958 0.787963 0.747396 0.796296 0.741667 0.800926 0.736458 0.797222 0.733333 0.789815 0.682813 0.771296 0.685417 0.757407
0 0.692708 0.753704 0.697917 0.756481 0.701563 0.767593 0.700521 0.781482 0.698438 0.789815 0.693229 0.794444 0.687500 0.790741 0.684375 0.782407 0.688021 0.087963
0 0.690625 0.080556 0.695312 0.079630 0.697396 0.083333 0.697917 0.091667 0.696354 0.098148 0.693750 0.103704 0.690625 0.102778 0.688542 0.096296 0.695312 0.051852
0 0.697396 0.044444 0.702604 0.043519 0.704687 0.048148 0.705208 0.055556 0.703646 0.062963 0.701042 0.067593 0.697396 0.066667 0.695312 0.061111 0.823438 0.118519 0.826042 0.114815 0.829167 0.113889 0.831771 0.114815 0.832292 0.120370
0 0.831250 0.129630 0.828646 0.131481 0.825521 0.131481 0.822917 0.125000 0.488021 0.250000 0.490104 0.243519 0.494792 0.243519 0.496875 0.247222 0.497396 0.253704 0.496354 0.261111 0.493750 0.264815 0.490625 0.264815 0.488542 0.258333
0 0.552083 0.036111 0.553646 0.032407 0.556771 0.030556 0.559896 0.030556 0.561979 0.034259 0.564583 0.040741 0.563542 0.050000 0.562500 0.055556 0.558854 0.061111 0.553646 0.060185 0.551042 0.054630 0.549479 0.048148 0.550000 0.040741
0 0.419792 0.136111 0.422917 0.125000 0.429167 0.119444 0.434896 0.120370 0.439063 0.132407 0.439063 0.146296 0.436458 0.158333 0.429167 0.161111 0.424479 0.156481 0.421354 0.149074 0.351562 0.035185 0.353646 0.027778 0.358333 0.026852
0 0.360938 0.030556 0.361979 0.038889 0.360417 0.046296 0.357812 0.050926 0.354688 0.050000 0.352604 0.043519 0.355729 0.107407 0.356771 0.100000 0.362500 0.100926 0.364583 0.104630 0.365104 0.111111 0.364062 0.118519 0.361458 0.123148
0 0.358333 0.123148 0.355729 0.115741 0.225000 0.146296 0.227083 0.138889 0.232292 0.138889 0.234375 0.143519 0.234896 0.150000 0.234375 0.157407 0.231771 0.161111 0.228125 0.161111 0.226042 0.154630 0.229687 0.191667 0.232812 0.187963
0 0.235938 0.187963 0.239583 0.188889 0.241146 0.192593 0.243750 0.200926 0.242708 0.210185 0.241667 0.215741 0.238021 0.220370 0.232812 0.219444 0.229687 0.214815 0.227604 0.207407 0.227083 0.199074 0.147396 0.144444 0.149479 0.138889
0 0.152604 0.138889 0.155729 0.140741 0.156771 0.146296 0.156250 0.153704 0.153125 0.158333 0.150000 0.157407 0.147396 0.150926 0.227083 0.378704 0.229167 0.373148 0.232292 0.373148 0.234896 0.375000 0.236979 0.380556 0.235417 0.387963
0 0.232292 0.392593 0.229167 0.391667 0.227083 0.385185 0.218229 0.363889 0.220313 0.358333 0.224479 0.358333 0.227083 0.360185 0.228125 0.365741 0.227083 0.372222 0.225000 0.375000 0.221354 0.374074 0.218750 0.369444 0.214583 0.379630
0 0.217187 0.375000 0.220313 0.374074 0.222917 0.375926 0.224479 0.381481 0.223438 0.388889 0.220833 0.394444 0.217187 0.392593 0.215104 0.387037 0.156771 0.391667 0.158854 0.386111 0.162500 0.386111 0.165625 0.387963 0.166667 0.393519
0 0.165625 0.400000 0.163021 0.404630 0.159375 0.403704 0.156771 0.398148 0.141146 0.375926 0.143229 0.369444 0.146875 0.369444 0.149479 0.372222 0.150521 0.377778 0.149479 0.384259 0.146875 0.388889 0.143750 0.387963 0.141146 0.382407
0 0.262500 0.415741 0.264583 0.410185 0.267708 0.410185 0.270312 0.412037 0.271354 0.417593 0.270312 0.424074 0.267708 0.428704 0.264583 0.427778 0.262500 0.422222 0.214062 0.296296 0.217187 0.292593 0.220313 0.291667 0.223958 0.293519
0 0.226042 0.297222 0.228125 0.305556 0.227083 0.313889 0.226042 0.318519 0.222396 0.324074 0.217187 0.322222 0.214062 0.318519 0.211979 0.312037 0.211458 0.302778 0.246875 0.281481 0.250000 0.277778 0.253125 0.276852 0.257812 0.278704
0 0.259375 0.282407 0.260938 0.290741 0.260417 0.299074 0.259375 0.305556 0.255208 0.309259 0.250000 0.308333 0.247396 0.303704 0.244792 0.297222 0.244271 0.288889 0.196875 0.486111 0.200521 0.482407 0.203646 0.482407 0.207292 0.483333
0 0.208854 0.487037 0.210417 0.495370 0.209896 0.504630 0.208854 0.510185 0.205208 0.514815 0.200000 0.512963 0.196875 0.509259 0.194792 0.502778 0.194271 0.493519 0.229167 0.525926 0.232812 0.522222 0.235938 0.521296 0.239583 0.523148
0 0.241146 0.525926 0.242708 0.535185 0.242188 0.543519 0.241146 0.548148 0.236979 0.552778 0.231771 0.551852 0.229167 0.547222 0.227083 0.540741 0.227083 0.532407 0.147917 0.567593 0.151042 0.563889 0.154167 0.563889 0.158333 0.564815
0 0.159896 0.568519 0.161979 0.576852 0.160938 0.586111 0.159896 0.591667 0.155729 0.596296 0.150521 0.595370 0.147917 0.590741 0.145833 0.584259 0.145313 0.575926 0.066667 0.752778 0.070312 0.749074 0.073958 0.749074 0.077604 0.750000
0 0.079167 0.753704 0.080729 0.762037 0.080208 0.770370 0.078646 0.776852 0.074479 0.781482 0.068229 0.780556 0.065625 0.775926 0.063542 0.769444 0.064062 0.760185 0.120833 0.684259 0.125000 0.680556 0.128125 0.680556 0.131771 0.681481
0 0.133333 0.685185 0.134896 0.693519 0.134375 0.701852 0.133333 0.708333 0.129167 0.712963 0.123958 0.712037 0.120312 0.707407 0.118229 0.700926 0.118750 0.691667 0.079167 0.681481 0.082813 0.677778 0.086458 0.676852 0.090104 0.678704
0 0.091667 0.681481 0.093229 0.690741 0.092708 0.699074 0.091146 0.703704 0.086458 0.709259 0.081250 0.708333 0.078646 0.703704 0.076563 0.696296 0.076563 0.687963 0.139062 0.773148 0.142708 0.769444 0.146354 0.768519 0.150000 0.769444
0 0.151562 0.774074 0.152604 0.782407 0.152083 0.790741 0.151042 0.797222 0.146354 0.801852 0.140625 0.800000 0.138021 0.796296 0.135937 0.789815 0.136458 0.780556 0.034375 0.823148 0.038542 0.819444 0.042188 0.819444 0.046354 0.820370
0 0.047917 0.824074 0.048958 0.832407 0.047917 0.841667 0.046354 0.848148 0.041667 0.852778 0.035937 0.852778 0.033333 0.847222 0.031250 0.840741 0.031771 0.831481 0.016667 0.946296 0.020312 0.930556 0.029167 0.925926
0 0.034896 0.926852 0.039583 0.938889 0.038021 0.953704 0.031771 0.964815 0.026042 0.970370 0.019792 0.966667 0.017188 0.958333 0.076563 0.911111 0.080208 0.906482 0.083854 0.905556 0.087500 0.907407 0.089062 0.911111 0.090625 0.920370
0 0.089583 0.929630 0.088021 0.936111 0.083333 0.939815 0.077604 0.939815 0.075000 0.935185 0.073437 0.928704 0.073437 0.919444 0.051562 0.962037 0.056250 0.957407 0.059375 0.956481 0.063542 0.958333 0.065104 0.961111 0.066146 0.971296
0 0.065104 0.981481 0.063542 0.986111 0.058333 0.992593 0.052604 0.991667 0.049479 0.987963 0.047917 0.979630 0.048437 0.969444 0.099479 0.751852 0.103125 0.748148 0.106250 0.748148 0.109896 0.749074 0.112500 0.752778 0.113542 0.761111
0 0.112500 0.769444 0.110937 0.775926 0.107292 0.779630 0.101562 0.778704 0.098958 0.775000 0.096875 0.768519 0.096354 0.759259 0.168229 0.808333 0.171354 0.803704 0.175000 0.802778 0.178646 0.804630 0.180208 0.807407
0 0.181250 0.817593 0.180729 0.825926 0.179688 0.831481 0.175521 0.836111 0.170312 0.835185 0.166667 0.831481 0.165625 0.824074 0.165104 0.814815 0.118229 0.803704 0.121875 0.799074 0.125521 0.798148 0.129167 0.799074
0 0.130729 0.803704 0.132292 0.812963 0.131250 0.820370 0.130208 0.826852 0.125521 0.831481 0.119792 0.830556 0.117188 0.825926 0.115104 0.819444 0.115625 0.810185 0.144792 0.886111 0.147917 0.882407 0.151562 0.882407
0 0.155208 0.883333 0.157292 0.887037 0.158854 0.895370 0.157813 0.904630 0.155729 0.911111 0.151562 0.915741 0.145833 0.915741 0.143750 0.910185 0.141667 0.903704 0.141667 0.894444 0.139583 0.811111 0.142708 0.806481
0 0.146354 0.806481 0.150000 0.807407 0.151562 0.811111 0.153646 0.820370 0.152083 0.828704 0.151042 0.835185 0.146875 0.839815 0.141146 0.838889 0.138542 0.834259 0.136458 0.827778 0.136458 0.818519 0.121354 0.606481
0 0.125521 0.602778 0.128646 0.602778 0.132292 0.603704 0.133854 0.607407 0.135417 0.616667 0.134896 0.625000 0.133854 0.630556 0.129167 0.635185 0.123958 0.634259 0.121354 0.629630 0.119271 0.623148 0.119271 0.613889
0 0.095833 0.572222 0.099479 0.568519 0.102604 0.568519 0.106250 0.569444 0.107813 0.573148 0.109896 0.582407 0.108854 0.589815 0.107813 0.595370 0.104167 0.600000 0.098438 0.599074 0.095833 0.594444 0.093750 0.587963
0 0.093229 0.579630 0.071354 0.625926 0.075521 0.622222 0.078646 0.621296 0.082813 0.623148 0.084375 0.625926 0.085938 0.635185 0.084896 0.644444 0.083854 0.649074 0.079687 0.653704 0.073958 0.652778 0.071354 0.649074
0 0.069271 0.641667 0.069271 0.633333 0.191667 0.522222 0.193750 0.516667 0.197396 0.516667 0.200521 0.518519 0.201562 0.524074 0.200521 0.530556 0.197396 0.535185 0.194271 0.534259 0.191667 0.528704 0.221875 0.506481
0 0.223958 0.500926 0.227083 0.500926 0.229687 0.502778 0.230729 0.508333 0.229687 0.514815 0.227083 0.519444 0.223958 0.518519 0.221875 0.512963 0.238021 0.562963 0.240625 0.557407 0.243750 0.556481 0.246354 0.559259
0 0.247396 0.564815 0.246354 0.571296 0.243750 0.575926 0.240625 0.575000 0.238542 0.569444 0.200000 0.648148 0.202083 0.642593 0.205729 0.642593 0.208333 0.644444 0.209896 0.650000 0.208333 0.656482 0.205208 0.661111
0 0.202083 0.660185 0.200000 0.654630 0.175000 0.850000 0.179167 0.845370 0.182292 0.844444 0.185937 0.846296 0.187500 0.850000 0.189063 0.859259 0.188542 0.867593 0.186979 0.874074 0.182292 0.877778 0.177083 0.876852
0 0.174479 0.873148 0.172396 0.866667 0.172917 0.856481 0.279167 0.933333 0.282292 0.929630 0.285417 0.929630 0.289062 0.930556 0.290625 0.934259 0.292188 0.943519 0.291667 0.952778 0.290104 0.958333 0.286458 0.963889
0 0.280729 0.962037 0.277604 0.958333 0.276042 0.950926 0.276042 0.941667 0.315104 0.883333 0.318750 0.879630 0.321875 0.878704 0.325521 0.880556 0.327083 0.884259 0.328646 0.893519 0.328125 0.901852 0.327083 0.908333
0 0.322396 0.912037 0.317187 0.911111 0.314583 0.907407 0.312500 0.900000 0.312500 0.891667 0.328125 0.780556 0.330729 0.776852 0.333854 0.775926 0.337500 0.776852 0.339063 0.781482 0.340625 0.789815 0.340104 0.798148
0 0.339063 0.803704 0.334896 0.809259 0.329688 0.807407 0.327083 0.802778 0.326042 0.795370 0.326042 0.787963 0.255208 0.683333 0.259375 0.679630 0.261979 0.679630 0.266146 0.680556 0.267708 0.684259 0.269271 0.693519
0 0.268750 0.700926 0.267188 0.707407 0.263021 0.712037 0.257812 0.711111 0.255208 0.706481 0.253125 0.700000 0.252604 0.690741 0.235417 0.681481 0.239063 0.677778 0.242188 0.676852
0 0.245833 0.678704 0.247396 0.681481 0.248958 0.690741 0.248437 0.700000 0.247396 0.704630 0.243229 0.709259 0.238021 0.708333 0.235417 0.703704 0.233333 0.697222 0.232812 0.688889
0 0.221875 0.760185 0.225000 0.755556 0.228125 0.755556 0.232292 0.756481 0.233854 0.760185 0.235417 0.769444 0.234896 0.777778 0.233854 0.783333 0.229167 0.787963 0.223958 0.787037
0 0.221354 0.782407 0.219271 0.775926 0.218750 0.767593 0.380729 0.644444 0.383854 0.640741 0.386979 0.639815 0.390625 0.641667 0.392188 0.645370 0.393750 0.653704 0.393229 0.662037
0 0.392188 0.667593 0.388542 0.671296 0.383333 0.670370 0.380208 0.666667 0.378646 0.660185 0.378125 0.651852 0.335417 0.635185 0.336979 0.633333 0.339583 0.631481 0.342187 0.631481
0 0.344271 0.634259 0.345313 0.639815 0.345313 0.646296 0.344271 0.651852 0.341146 0.654630 0.336458 0.653704 0.334375 0.648148 0.333854 0.641667 0.322917 0.469444 0.325000 0.467593
0 0.327083 0.465741 0.329688 0.465741 0.332292 0.467593 0.333333 0.473148 0.332812 0.480556 0.331771 0.486111 0.328646 0.488889 0.323958 0.487963 0.321875 0.482407 0.321875 0.475926
0 0.323438 0.438889 0.325000 0.436111 0.327604 0.434259 0.330729 0.434259 0.332812 0.437037 0.334375 0.442593 0.333854 0.449074 0.332812 0.454630 0.329688 0.457407 0.325000 0.456481
0 0.322396 0.450926 0.321875 0.444444 0.273958 0.668519 0.276042 0.665741 0.278125 0.663889 0.281250 0.664815 0.283854 0.666667 0.284896 0.672222 0.283854 0.678704 0.282813 0.684259
0 0.279687 0.687963 0.275000 0.686111 0.272917 0.681481 0.272396 0.674074 0.283854 0.759259 0.285417 0.755556 0.288021 0.753704 0.290625 0.754630 0.292708 0.756481 0.294271 0.762963
0 0.293750 0.770370 0.292708 0.775000 0.289583 0.778704 0.284375 0.776852 0.282813 0.772222 0.282292 0.765741 0.269271 0.777778 0.271354 0.775926 0.273438 0.774074 0.276042 0.774074
0 0.278646 0.775926 0.279687 0.782407 0.279167 0.789815 0.278125 0.795370 0.274479 0.798148 0.269792 0.797222 0.267708 0.791667 0.267188 0.785185 0.331771 0.903704 0.333854 0.900926
0 0.335938 0.899074 0.339063 0.899074 0.341667 0.901852 0.342187 0.907407 0.341667 0.914815 0.340625 0.920370 0.337500 0.923148 0.332292 0.922222 0.330729 0.916667 0.330729 0.910185
0 0.292708 0.961111 0.295312 0.958333 0.297396 0.956481 0.300000 0.957407 0.302604 0.959259 0.303646 0.965741 0.303125 0.973148 0.301562 0.978704 0.298438 0.982407 0.293229 0.980556
0 0.291146 0.975926 0.291146 0.968518 0.237500 0.919444 0.239063 0.915741 0.242188 0.913889 0.244792 0.914815 0.246875 0.916667 0.247917 0.922222 0.247396 0.930556 0.246354 0.936111
0 0.242708 0.939815 0.238021 0.937963 0.235417 0.933333 0.235938 0.925926 0.211458 0.900000 0.213542 0.898148 0.216146 0.894444 0.218750 0.895370 0.221354 0.897222 0.222396 0.903704
0 0.221354 0.911111 0.220313 0.916667 0.216667 0.920370 0.211979 0.919444 0.209896 0.913889 0.209375 0.906482 0.382812 0.862037 0.384896 0.859259 0.386979 0.857407 0.390104 0.858333
0 0.392708 0.860185 0.393750 0.865741 0.392708 0.874074 0.391667 0.878704 0.388542 0.882407 0.383854 0.880556 0.381771 0.875926 0.381771 0.869444 0.721875 0.516667 0.723958 0.514815
0 0.726562 0.512963 0.729167 0.512963 0.731771 0.515741 0.732813 0.521296 0.732292 0.527778 0.731250 0.533333 0.728125 0.536111 0.723437 0.535185 0.720833 0.529630 0.720312 0.523148
0 0.432292 0.797222 0.434375 0.795370 0.436458 0.793519 0.439583 0.793519 0.442187 0.796296 0.443229 0.801852 0.442187 0.809259 0.441146 0.814815 0.438021 0.817593 0.433333 0.816667
0 0.431250 0.811111 0.430729 0.804630 0.407292 0.722222 0.408854 0.720370 0.410937 0.718518 0.413542 0.718518 0.416146 0.721296 0.417188 0.726852 0.417188 0.733333 0.415625 0.738889 0.411979 0.741667 0.407292 0.740741 0.405208 0.735185
0 0.405208 0.728704 0.352604 0.994444 0.354167 0.991667 0.357292 0.989815 0.359896 0.989815 0.361979 0.992593 0.363021 0.998148 0.126042 0.958333 0.127604 0.956481 0.130729 0.952778 0.133333 0.953704 0.135937 0.955556 0.136458 0.962037
0 0.135937 0.970370 0.134896 0.975000 0.130729 0.979630 0.126042 0.978704 0.123438 0.973148 0.123958 0.965741 0.120312 0.869444 0.121875 0.867593 0.125000 0.863889 0.127604 0.864815 0.129688 0.866667
0 0.130729 0.873148 0.130208 0.880556 0.128646 0.887037 0.125521 0.889815 0.120312 0.889815 0.117708 0.883333 0.118229 0.876852 0.079167 0.965741
0 0.081250 0.962963 0.083854 0.961111 0.086979 0.960185 0.089583 0.963889 0.090104 0.969444 0.089062 0.976852 0.087500 0.983333 0.083854 0.987037
0 0.078646 0.986111 0.076563 0.980556 0.076563 0.973148 0.185937 0.962037 0.188021 0.960185 0.190625 0.958333 0.193229 0.958333 0.195312 0.961111
0 0.196875 0.966667 0.195833 0.974074 0.194271 0.980556 0.191146 0.983333 0.185937 0.983333 0.183854 0.976852 0.183854 0.969444 0.079687 0.876852
0 0.081771 0.874074 0.084375 0.872222 0.086979 0.873148 0.089583 0.875000 0.090625 0.880556 0.090104 0.887963 0.088542 0.893519 0.084896 0.898148
0 0.079687 0.896296 0.077604 0.891667 0.077604 0.883333 0.253125 0.975926 0.255208 0.974074 0.257812 0.970370 0.260417 0.971296 0.263021 0.974074
0 0.264062 0.979630 0.263021 0.987963 0.261979 0.993519 0.258333 0.997222 0.253646 0.996296 0.251563 0.990741 0.251563 0.983333 0.265625 0.955556 0.268229 0.952778 0.270312 0.950926
0 0.272917 0.950926 0.275521 0.953704 0.276563 0.960185 0.276042 0.966667 0.274479 0.973148 0.271354 0.976852 0.266146 0.975926 0.264583 0.969444 0.264583 0.962037 0.578125 0.984259
0 0.580208 0.981481 0.582812 0.979630 0.585417 0.979630 0.588021 0.982407 0.589063 0.988889 0.588542 0.995370 0.577604 0.997222 0.576563 0.990741 0.580208 0.922222
0 0.582292 0.919444 0.584896 0.917593 0.587500 0.918519 0.590104 0.920370 0.591146 0.926852 0.590625 0.934259 0.589583 0.939815 0.586458 0.943519 0.581771 0.941667
0 0.579687 0.936111 0.578646 0.928704 0.527083 0.913889 0.529167 0.912037 0.531771 0.910185 0.534375 0.910185 0.536979 0.912037 0.538021 0.918519 0.537500 0.925926
0 0.536458 0.932407 0.533333 0.935185 0.528646 0.934259 0.526042 0.927778 0.525521 0.921296 0.559375 0.868519 0.563021 0.867593 0.565625 0.871296 0.566146 0.876852
0 0.565104 0.882407 0.563021 0.886111 0.559375 0.885185 0.557292 0.879630 0.557813 0.873148 0.505729 0.912037 0.507812 0.909259 0.509896 0.907407 0.512500 0.908333 0.515104 0.910185 0.516146 0.915741 0.516146 0.923148 0.514583 0.928704
0 0.511458 0.933333 0.506771 0.930556 0.504687 0.925926 0.504687 0.918519 0.507812 0.861111 0.509896 0.858333 0.511979 0.856481 0.514583 0.856481 0.517187 0.858333 0.518229 0.864815
0 0.517708 0.872222 0.516667 0.877778 0.513542 0.880556 0.508854 0.879630 0.506771 0.874074 0.506250 0.867593 0.657812 0.996296 0.659375 0.993519 0.661979 0.991667
0 0.664583 0.991667 0.666667 0.995370 0.602604 0.685185 0.604688 0.682407 0.606771 0.680556 0.609375 0.681481 0.611458 0.683333 0.613021 0.688889 0.613021 0.697222
0 0.611979 0.701852 0.608854 0.705556 0.603646 0.703704 0.601562 0.698148 0.601042 0.691667 0.640625 0.612037 0.643750 0.611111 0.646354 0.614815 0.646875 0.620370
0 0.646354 0.625000 0.643750 0.628704 0.640625 0.627778 0.638542 0.622222 0.638542 0.616667 0.602604 0.493519 0.603125 0.486111 0.605729 0.482407 0.609375 0.483333 0.610937 0.488889 0.610417 0.495370 0.609375 0.498148 0.606771 0.500926
0 0.604167 0.499074 0.602604 0.460185 0.603125 0.453704 0.605729 0.449074 0.609896 0.450926 0.611458 0.456481 0.610937 0.462037 0.609375 0.465741 0.607292 0.467593
0 0.604167 0.465741 0.342187 0.216667 0.345313 0.212963 0.348958 0.212037 0.352604 0.212963 0.354688 0.217593 0.356250 0.226852 0.355208 0.234259 0.354167 0.239815
0 0.350521 0.244444 0.345313 0.243519 0.342708 0.238889 0.340625 0.232407 0.339583 0.224074 0.490104 0.002778 0.512500 0.001852 0.512500 0.015741 0.509375 0.030556
0 0.499479 0.037037 0.493229 0.031481 0.490104 0.017593 0.289583 0.530556 0.291667 0.525926 0.295312 0.525000 0.297917 0.527778 0.298958 0.533333 0.297917 0.539815
0 0.295312 0.544444 0.291667 0.543519 0.289583 0.537963 0.114583 0.797222 0.113021 0.793519 0.113021 0.787037 0.114583 0.781482 0.118229 0.780556 0.121354 0.781482
0 0.122917 0.787037 0.121354 0.793519 0.117708 0.798148 0.411979 0.682407 0.413542 0.680556 0.416146 0.678704 0.418750 0.678704 0.420833 0.681481 0.421875 0.687037
0 0.421875 0.693519 0.420833 0.699074 0.417708 0.701852 0.413021 0.700926 0.410417 0.695370 0.410417 0.688889 0.813542 0.534259 0.813542 0.525000 0.815625 0.521296
