0 0.730769 0.626603 0.727564 0.625000 0.724359 0.623397 0.725962 0.618590 0.727564 0.615385 0.730769 0.612179 0.737179 0.613782 0.738782 0.615385 0.738782 0.620192 0.737179 0.623397 0.735577 0.626603
0 0.713141 0.608974 0.709936 0.608974 0.706731 0.605769 0.706731 0.600962 0.708333 0.597756 0.713141 0.596154 0.717949 0.596154 0.719551 0.599359 0.719551 0.604167 0.719551 0.607372 0.716346 0.608974
0 0.769231 0.604167 0.766026 0.602564 0.762821 0.600962 0.764423 0.596154 0.766026 0.592949 0.769231 0.591346 0.775641 0.591346 0.777244 0.594551 0.775641 0.599359 0.775641 0.602564 0.774038 0.604167
0 0.769231 0.621795 0.764423 0.621795 0.762821 0.618590 0.762821 0.613782 0.764423 0.610577 0.769231 0.608974 0.774038 0.608974 0.774038 0.612179 0.774038 0.615385 0.772436 0.620192 0.770833 0.621795
0 0.661859 0.645833 0.658654 0.644231 0.653846 0.642628 0.655449 0.637821 0.657051 0.634615 0.661859 0.631410 0.666667 0.633013 0.668269 0.634615 0.668269 0.639423 0.668269 0.642628 0.665064 0.645833
0 0.737179 0.559295 0.732372 0.559295 0.730769 0.556090 0.730769 0.551282 0.732372 0.548077 0.737179 0.546474 0.741987 0.546474 0.743590 0.549679 0.743590 0.552885 0.741987 0.557692 0.740385 0.559295
0 0.780449 0.525641 0.777244 0.524038 0.772436 0.522436 0.774038 0.517628 0.775641 0.514423 0.780449 0.512821 0.785256 0.512821 0.786859 0.516026 0.786859 0.519231 0.785256 0.524038 0.783654 0.525641
0 0.716346 0.524038 0.713141 0.524038 0.709936 0.520833 0.709936 0.516026 0.711538 0.512821 0.716346 0.511218 0.721154 0.512821 0.722756 0.514423 0.722756 0.519231 0.722756 0.522436 0.719551 0.524038
0 0.677885 0.589744 0.674679 0.588141 0.673077 0.584936 0.671474 0.581731 0.673077 0.576923 0.677885 0.575321 0.682692 0.576923 0.684295 0.578526 0.685897 0.583333 0.684295 0.586538 0.681090 0.588141
0 0.613782 0.644231 0.610577 0.642628 0.607372 0.641026 0.608974 0.636218 0.610577 0.633013 0.613782 0.631410 0.620192 0.631410 0.621795 0.634615 0.621795 0.637821 0.620192 0.642628 0.618590 0.644231
0 0.777244 0.543269 0.774038 0.543269 0.772436 0.540064 0.772436 0.535256 0.774038 0.532051 0.777244 0.530449 0.783654 0.530449 0.785256 0.533654 0.785256 0.538462 0.783654 0.541667 0.782051 0.543269
0 0.564103 0.637821 0.560897 0.636218 0.559295 0.633013 0.557692 0.629808 0.559295 0.626603 0.564103 0.623397 0.568910 0.625000 0.570513 0.626603 0.572115 0.631410 0.570513 0.634615 0.567308 0.637821
0 0.584936 0.634615 0.581731 0.633013 0.578526 0.631410 0.580128 0.626603 0.581731 0.623397 0.584936 0.621795 0.591346 0.621795 0.592949 0.625000 0.592949 0.628205 0.591346 0.633013 0.589744 0.634615
0 0.573718 0.616987 0.570513 0.616987 0.568910 0.613782 0.567308 0.608974 0.568910 0.605769 0.573718 0.604167 0.578526 0.604167 0.580128 0.607372 0.581731 0.612179 0.580128 0.615385 0.576923 0.616987
0 0.578526 0.586538 0.575321 0.584936 0.572115 0.583333 0.572115 0.580128 0.573718 0.575321 0.578526 0.572115 0.583333 0.573718 0.584936 0.575321 0.586538 0.580128 0.584936 0.583333 0.581731 0.586538
0 0.738782 0.671474 0.735577 0.669872 0.730769 0.668269 0.732372 0.663462 0.733974 0.660256 0.738782 0.657051 0.743590 0.658654 0.745192 0.660256 0.745192 0.665064 0.745192 0.668269 0.741987 0.671474
0 0.721154 0.679487 0.717949 0.677885 0.714744 0.674679 0.714744 0.669872 0.716346 0.666667 0.721154 0.665064 0.725962 0.666667 0.727564 0.668269 0.727564 0.673077 0.725962 0.676282 0.724359 0.677885
0 0.794872 0.612179 0.791667 0.610577 0.786859 0.608974 0.788462 0.604167 0.790064 0.600962 0.794872 0.597756 0.799679 0.599359 0.801282 0.600962 0.801282 0.605769 0.801282 0.608974 0.798077 0.612179
0 0.812500 0.602564 0.809295 0.602564 0.807692 0.599359 0.807692 0.594551 0.809295 0.591346 0.812500 0.589744 0.818910 0.589744 0.820513 0.592949 0.820513 0.596154 0.818910 0.600962 0.817308 0.602564
0 0.834936 0.568910 0.831731 0.567308 0.828526 0.565705 0.828526 0.562500 0.830128 0.557692 0.834936 0.556090 0.839744 0.556090 0.841346 0.559295 0.842949 0.562500 0.841346 0.567308 0.838141 0.568910
0 0.838141 0.501603 0.834936 0.500000 0.833333 0.500000 0.833333 0.495192 0.834936 0.491987 0.838141 0.488782 0.844551 0.490385 0.846154 0.491987 0.846154 0.496795 0.842949 0.500000 0.842949 0.501603
0 0.790064 0.506410 0.786859 0.506410 0.783654 0.503205 0.783654 0.500000 0.786859 0.496795 0.790064 0.495192 0.794872 0.495192 0.796474 0.498397 0.796474 0.500000 0.796474 0.504808 0.793269 0.506410
0 0.820513 0.527244 0.817308 0.525641 0.812500 0.524038 0.814103 0.519231 0.817308 0.517628 0.820513 0.514423 0.825321 0.514423 0.826923 0.517628 0.826923 0.520833 0.826923 0.524038 0.823718 0.527244
0 0.846154 0.535256 0.842949 0.533654 0.838141 0.532051 0.839744 0.527244 0.841346 0.524038 0.846154 0.520833 0.850962 0.522436 0.852564 0.524038 0.852564 0.528846 0.852564 0.532051 0.849359 0.535256
0 0.870192 0.527244 0.866987 0.525641 0.863782 0.522436 0.863782 0.517628 0.865385 0.514423 0.870192 0.512821 0.875000 0.514423 0.876603 0.516026 0.876603 0.520833 0.876603 0.524038 0.873397 0.525641
0 0.951923 0.544872 0.948718 0.543269 0.945513 0.541667 0.947115 0.536859 0.948718 0.533654 0.953526 0.530449 0.958333 0.532051 0.959936 0.533654 0.959936 0.538462 0.958333 0.541667 0.956731 0.544872
0 0.913462 0.519231 0.910256 0.519231 0.907051 0.516026 0.907051 0.511218 0.908654 0.508013 0.913462 0.506410 0.918269 0.508013 0.919872 0.509615 0.919872 0.514423 0.919872 0.517628 0.916667 0.519231
0 0.951923 0.498397 0.948718 0.496795 0.945513 0.495192 0.947115 0.490385 0.948718 0.487179 0.953526 0.483974 0.958333 0.485577 0.959936 0.487179 0.959936 0.491987 0.958333 0.495192 0.956731 0.498397
0 0.979167 0.528846 0.975962 0.527244 0.974359 0.524038 0.972756 0.522436 0.974359 0.517628 0.979167 0.514423 0.983974 0.516026 0.985577 0.517628 0.987179 0.522436 0.985577 0.525641 0.982372 0.528846
0 0.895833 0.625000 0.892628 0.625000 0.892628 0.620192 0.891026 0.616987 0.892628 0.613782 0.895833 0.610577 0.900641 0.612179 0.902244 0.613782 0.903846 0.618590 0.902244 0.621795 0.899038 0.625000
0 0.926282 0.633013 0.923077 0.631410 0.918269 0.629808 0.919872 0.625000 0.921474 0.621795 0.926282 0.620192 0.931090 0.620192 0.931090 0.623397 0.931090 0.626603 0.931090 0.631410 0.927885 0.634615
0 0.975962 0.636218 0.972756 0.634615 0.967949 0.633013 0.969551 0.628205 0.971154 0.625000 0.975962 0.623397 0.980769 0.623397 0.982372 0.626603 0.982372 0.629808 0.980769 0.633013 0.979167 0.636218
0 0.982372 0.604167 0.979167 0.602564 0.975962 0.600962 0.975962 0.597756 0.977564 0.592949 0.982372 0.589744 0.987179 0.591346 0.988782 0.592949 0.988782 0.600962 0.985577 0.604167 0.956731 0.626603
0 0.953526 0.625000 0.948718 0.623397 0.950321 0.618590 0.951923 0.613782 0.956731 0.612179 0.961538 0.613782 0.963141 0.615385 0.961538 0.621795 0.961538 0.625000 0.959936 0.626603 0.958333 0.690705
0 0.955128 0.689103 0.951923 0.685897 0.951923 0.681090 0.953526 0.677885 0.958333 0.676282 0.963141 0.677885 0.964744 0.679487 0.964744 0.684295 0.963141 0.687500 0.961538 0.689103 0.948718 0.729167
0 0.945513 0.729167 0.943910 0.725962 0.943910 0.721154 0.945513 0.717949 0.950321 0.716346 0.955128 0.716346 0.956731 0.719551 0.956731 0.724359 0.955128 0.727564 0.953526 0.741987 0.950321 0.740385
0 0.945513 0.740385 0.947115 0.735577 0.948718 0.732372 0.953526 0.729167 0.958333 0.730769 0.959936 0.732372 0.959936 0.735577 0.958333 0.740385 0.956731 0.741987 0.923077 0.743590 0.919872 0.741987
0 0.915064 0.740385 0.916667 0.735577 0.918269 0.732372 0.923077 0.729167 0.927885 0.730769 0.929487 0.732372 0.929487 0.737179 0.929487 0.740385 0.926282 0.743590 0.907051 0.753205 0.903846 0.753205
0 0.902244 0.750000 0.902244 0.745192 0.903846 0.741987 0.907051 0.740385 0.913462 0.740385 0.915064 0.743590 0.915064 0.748397 0.913462 0.751603 0.911859 0.753205 0.911859 0.721154 0.908654 0.719551
0 0.905449 0.717949 0.905449 0.714744 0.907051 0.709936 0.911859 0.706731 0.916667 0.708333 0.918269 0.709936 0.918269 0.714744 0.918269 0.717949 0.915064 0.721154 0.802885 0.647436 0.799679 0.645833
0 0.798077 0.642628 0.796474 0.639423 0.798077 0.634615 0.802885 0.633013 0.807692 0.634615 0.809295 0.636218 0.810897 0.641026 0.809295 0.644231 0.806090 0.645833 0.748397 0.713141 0.745192 0.711538
0 0.741987 0.709936 0.743590 0.705128 0.745192 0.701923 0.748397 0.700321 0.754808 0.700321 0.756410 0.703526 0.756410 0.706731 0.754808 0.711538 0.753205 0.713141 0.764423 0.729167 0.761218 0.727564
0 0.759615 0.724359 0.756410 0.721154 0.759615 0.716346 0.769231 0.716346 0.770833 0.717949 0.772436 0.722756 0.770833 0.725962 0.767628 0.727564 0.761218 0.687500 0.758013 0.685897 0.756410 0.682692
0 0.754808 0.679487 0.756410 0.676282 0.761218 0.674679 0.766026 0.674679 0.767628 0.677885 0.769231 0.681090 0.767628 0.684295 0.764423 0.687500 0.668269 0.725962 0.665064 0.724359 0.661859 0.722756
0 0.661859 0.717949 0.663462 0.714744 0.668269 0.713141 0.673077 0.713141 0.674679 0.716346 0.674679 0.719551 0.674679 0.724359 0.671474 0.725962 0.637821 0.716346 0.634615 0.714744 0.631410 0.713141
0 0.633013 0.708333 0.634615 0.705128 0.636218 0.705128 0.644231 0.703526 0.645833 0.706731 0.645833 0.709936 0.644231 0.714744 0.642628 0.716346 0.641026 0.733974 0.637821 0.732372 0.636218 0.729167
0 0.636218 0.724359 0.637821 0.721154 0.641026 0.719551 0.647436 0.721154 0.649038 0.722756 0.649038 0.727564 0.647436 0.730769 0.645833 0.733974 0.732372 0.729167 0.729167 0.729167 0.727564 0.727564
0 0.727564 0.722756 0.729167 0.719551 0.732372 0.717949 0.737179 0.717949 0.738782 0.721154 0.738782 0.724359 0.738782 0.727564 0.735577 0.729167 0.740385 0.777244 0.737179 0.775641 0.733974 0.774038
0 0.735577 0.769231 0.737179 0.766026 0.741987 0.764423 0.746795 0.764423 0.748397 0.767628 0.748397 0.770833 0.746795 0.775641 0.745192 0.777244 0.724359 0.770833 0.721154 0.769231 0.719551 0.766026
0 0.719551 0.761218 0.721154 0.758013 0.724359 0.756410 0.730769 0.758013 0.732372 0.759615 0.732372 0.764423 0.730769 0.767628 0.729167 0.769231 0.663462 0.753205 0.660256 0.753205 0.658654 0.750000
0 0.657051 0.745192 0.658654 0.741987 0.663462 0.740385 0.668269 0.740385 0.669872 0.743590 0.671474 0.746795 0.669872 0.751603 0.666667 0.753205 0.597756 0.754808 0.594551 0.753205 0.591346 0.751603
0 0.592949 0.746795 0.594551 0.743590 0.597756 0.741987 0.604167 0.741987 0.605769 0.745192 0.605769 0.748397 0.604167 0.751603 0.602564 0.754808 0.645833 0.625000 0.641026 0.623397 0.637821 0.621795
0 0.639423 0.616987 0.641026 0.613782 0.645833 0.612179 0.650641 0.612179 0.652244 0.615385 0.652244 0.618590 0.650641 0.621795 0.649038 0.625000 0.628205 0.631410 0.625000 0.629808 0.621795 0.628205
0 0.621795 0.623397 0.623397 0.620192 0.628205 0.618590 0.633013 0.618590 0.634615 0.621795 0.634615 0.626603 0.634615 0.629808 0.631410 0.631410 0.532051 0.655449 0.528846 0.653846 0.525641 0.652244
0 0.525641 0.647436 0.527244 0.644231 0.532051 0.642628 0.536859 0.642628 0.538462 0.645833 0.538462 0.650641 0.538462 0.653846 0.535256 0.655449 0.544872 0.591346 0.541667 0.589744 0.536859 0.588141
0 0.538462 0.583333 0.540064 0.580128 0.544872 0.576923 0.549679 0.578526 0.551282 0.580128 0.551282 0.584936 0.551282 0.588141 0.548077 0.591346 0.586538 0.599359 0.583333 0.597756 0.580128 0.596154
0 0.581731 0.591346 0.583333 0.588141 0.586538 0.586538 0.592949 0.586538 0.594551 0.589744 0.594551 0.592949 0.592949 0.596154 0.591346 0.599359 0.500000 0.616987 0.498397 0.615385 0.496795 0.612179
0 0.495192 0.608974 0.496795 0.605769 0.500000 0.602564 0.504808 0.604167 0.506410 0.605769 0.508013 0.610577 0.506410 0.613782 0.503205 0.616987 0.488782 0.634615 0.485577 0.633013 0.482372 0.629808
0 0.482372 0.625000 0.483974 0.621795 0.488782 0.620192 0.493590 0.621795 0.495192 0.623397 0.495192 0.628205 0.495192 0.631410 0.491987 0.634615 0.435897 0.689103 0.432692 0.687500 0.429487 0.684295
0 0.429487 0.679487 0.431090 0.676282 0.435897 0.674679 0.440705 0.676282 0.442308 0.677885 0.442308 0.682692 0.442308 0.685897 0.439103 0.687500 0.445513 0.671474 0.442308 0.669872 0.437500 0.668269
0 0.439103 0.663462 0.440705 0.660256 0.445513 0.657051 0.450321 0.658654 0.451923 0.660256 0.451923 0.665064 0.451923 0.668269 0.448718 0.671474 0.520833 0.716346 0.517628 0.714744 0.512821 0.713141
0 0.514423 0.708333 0.516026 0.705128 0.520833 0.703526 0.525641 0.703526 0.527244 0.706731 0.527244 0.709936 0.525641 0.714744 0.524038 0.716346 0.538462 0.722756 0.535256 0.722756 0.533654 0.719551
0 0.533654 0.714744 0.535256 0.711538 0.540064 0.709936 0.544872 0.711538 0.546474 0.713141 0.546474 0.717949 0.544872 0.721154 0.543269 0.722756 0.525641 0.766026 0.522436 0.764423 0.519231 0.761218
0 0.519231 0.756410 0.520833 0.753205 0.525641 0.751603 0.530449 0.753205 0.532051 0.754808 0.532051 0.759615 0.532051 0.762821 0.528846 0.766026 0.439103 0.629808 0.435897 0.626603 0.435897 0.621795
0 0.437500 0.618590 0.442308 0.616987 0.447115 0.618590 0.448718 0.620192 0.448718 0.625000 0.448718 0.628205 0.445513 0.631410 0.472756 0.626603 0.469551 0.625000 0.464744 0.623397 0.466346 0.618590
0 0.467949 0.615385 0.472756 0.612179 0.477564 0.613782 0.479167 0.615385 0.479167 0.620192 0.479167 0.623397 0.475962 0.626603 0.459936 0.637821 0.455128 0.636218 0.451923 0.634615 0.453526 0.629808
0 0.455128 0.626603 0.459936 0.625000 0.464744 0.625000 0.466346 0.626603 0.466346 0.631410 0.464744 0.634615 0.463141 0.637821 0.524038 0.671474 0.520833 0.671474 0.519231 0.668269 0.519231 0.663462
0 0.520833 0.660256 0.525641 0.658654 0.530449 0.660256 0.532051 0.661859 0.532051 0.666667 0.530449 0.669872 0.528846 0.671474 0.535256 0.706731 0.532051 0.705128 0.528846 0.703526 0.528846 0.700321
0 0.530449 0.695513 0.535256 0.692308 0.540064 0.693910 0.541667 0.695513 0.543269 0.700321 0.541667 0.703526 0.538462 0.706731 0.512821 0.693910 0.509615 0.692308 0.506410 0.690705 0.506410 0.687500
0 0.508013 0.682692 0.512821 0.681090 0.517628 0.681090 0.519231 0.684295 0.520833 0.687500 0.519231 0.692308 0.516026 0.693910 0.500000 0.583333 0.498397 0.581731 0.493590 0.580128 0.495192 0.575321
0 0.496795 0.572115 0.500000 0.570513 0.504808 0.570513 0.506410 0.573718 0.506410 0.576923 0.506410 0.580128 0.503205 0.583333 0.456731 0.578526 0.453526 0.576923 0.448718 0.575321 0.450321 0.570513
0 0.451923 0.567308 0.456731 0.564103 0.461538 0.565705 0.463141 0.567308 0.461538 0.573718 0.463141 0.575321 0.459936 0.578526 0.591346 0.556090 0.588141 0.554487 0.584936 0.551282 0.584936 0.548077
0 0.586538 0.543269 0.591346 0.541667 0.596154 0.543269 0.597756 0.544872 0.597756 0.549679 0.597756 0.552885 0.594551 0.554487 0.588141 0.530449 0.584936 0.528846 0.581731 0.525641 0.581731 0.522436
0 0.583333 0.517628 0.588141 0.516026 0.592949 0.517628 0.594551 0.519231 0.594551 0.524038 0.594551 0.527244 0.591346 0.528846 0.501603 0.491987 0.498397 0.490385 0.496795 0.487179 0.496795 0.483974
0 0.498397 0.477564 0.503205 0.475962 0.508013 0.477564 0.509615 0.479167 0.509615 0.483974 0.509615 0.487179 0.506410 0.490385 0.458333 0.554487 0.455128 0.554487 0.453526 0.551282 0.453526 0.546474
0 0.455128 0.543269 0.458333 0.541667 0.464744 0.541667 0.466346 0.544872 0.466346 0.548077 0.464744 0.552885 0.463141 0.554487 0.613782 0.527244 0.610577 0.527244 0.608974 0.524038 0.608974 0.519231
0 0.610577 0.516026 0.612179 0.516026 0.618590 0.514423 0.621795 0.517628 0.621795 0.522436 0.620192 0.525641 0.618590 0.527244 0.429487 0.548077 0.426282 0.548077 0.424679 0.544872 0.423077 0.540064
0 0.424679 0.536859 0.429487 0.535256 0.434295 0.535256 0.435897 0.538462 0.437500 0.543269 0.435897 0.546474 0.432692 0.548077 0.392628 0.578526 0.389423 0.576923 0.387821 0.573718 0.386218 0.568910
0 0.387821 0.565705 0.392628 0.564103 0.397436 0.565705 0.399038 0.567308 0.400641 0.572115 0.399038 0.575321 0.395833 0.576923 0.360577 0.588141 0.357372 0.586538 0.354167 0.583333 0.354167 0.578526
0 0.355769 0.575321 0.360577 0.573718 0.365385 0.575321 0.366987 0.576923 0.366987 0.581731 0.366987 0.584936 0.363782 0.586538 0.331731 0.591346 0.328526 0.589744 0.323718 0.588141 0.325321 0.583333
0 0.326923 0.580128 0.331731 0.578526 0.336538 0.578526 0.338141 0.581731 0.338141 0.584936 0.338141 0.588141 0.334936 0.591346 0.302885 0.596154 0.299679 0.594551 0.296474 0.592949 0.298077 0.588141
0 0.299679 0.584936 0.302885 0.583333 0.309295 0.583333 0.310897 0.586538 0.310897 0.589744 0.309295 0.594551 0.307692 0.596154 0.346154 0.666667 0.341346 0.665064 0.338141 0.663462 0.339744 0.658654
0 0.341346 0.655449 0.346154 0.652244 0.350962 0.653846 0.352564 0.655449 0.352564 0.660256 0.350962 0.663462 0.349359 0.666667 0.320513 0.682692 0.317308 0.681090 0.312500 0.679487 0.314103 0.674679
0 0.315705 0.671474 0.320513 0.669872 0.325321 0.669872 0.326923 0.673077 0.326923 0.676282 0.326923 0.679487 0.323718 0.682692 0.342949 0.705128 0.338141 0.703526 0.334936 0.701923 0.336538 0.697115
0 0.338141 0.693910 0.342949 0.692308 0.347756 0.692308 0.349359 0.695513 0.349359 0.698718 0.347756 0.701923 0.346154 0.705128 0.357372 0.700321 0.354167 0.698718 0.352564 0.695513 0.350962 0.692308
0 0.352564 0.689103 0.357372 0.687500 0.362179 0.687500 0.363782 0.690705 0.365385 0.693910 0.363782 0.698718 0.360577 0.700321 0.402244 0.758013 0.399038 0.756410 0.395833 0.754808 0.397436 0.750000
0 0.399038 0.746795 0.402244 0.745192 0.408654 0.745192 0.410256 0.748397 0.410256 0.751603 0.408654 0.754808 0.407051 0.758013 0.439103 0.777244 0.435897 0.775641 0.431090 0.774038 0.432692 0.769231
0 0.434295 0.766026 0.439103 0.762821 0.443910 0.764423 0.445513 0.766026 0.445513 0.770833 0.445513 0.774038 0.442308 0.777244 0.490385 0.716346 0.487179 0.714744 0.483974 0.713141 0.483974 0.709936
0 0.485577 0.706731 0.490385 0.703526 0.495192 0.703526 0.496795 0.708333 0.498397 0.709936 0.496795 0.714744 0.493590 0.716346 0.362179 0.780449 0.358974 0.778846 0.354167 0.777244 0.355769 0.772436
0 0.357372 0.769231 0.360577 0.767628 0.365385 0.769231 0.368590 0.769231 0.368590 0.774038 0.368590 0.777244 0.365385 0.780449 0.243590 0.669872 0.240385 0.666667 0.237179 0.665064 0.238782 0.660256
0 0.238782 0.657051 0.243590 0.653846 0.248397 0.655449 0.250000 0.657051 0.250000 0.661859 0.248397 0.665064 0.246795 0.668269 0.200321 0.695513 0.197115 0.693910 0.193910 0.692308 0.195513 0.687500
0 0.195513 0.685897 0.201923 0.682692 0.206731 0.684295 0.208333 0.685897 0.206731 0.690705 0.206731 0.692308 0.205128 0.695513 0.168269 0.655449 0.165064 0.653846 0.163462 0.652244 0.163462 0.647436
0 0.165064 0.644231 0.168269 0.642628 0.174679 0.642628 0.176282 0.645833 0.176282 0.649038 0.174679 0.652244 0.173077 0.655449 0.141026 0.634615 0.137821 0.633013 0.136218 0.629808 0.134615 0.626603
0 0.136218 0.623397 0.141026 0.621795 0.145833 0.621795 0.147436 0.625000 0.149038 0.628205 0.147436 0.631410 0.144231 0.634615 0.134615 0.649038 0.131410 0.647436 0.128205 0.645833 0.128205 0.642628
0 0.131410 0.639423 0.134615 0.637821 0.139423 0.637821 0.142628 0.641026 0.142628 0.644231 0.139423 0.649038 0.137821 0.649038 0.158654 0.642628 0.157051 0.639423 0.155449 0.636218 0.155449 0.631410
0 0.155449 0.629808 0.158654 0.626603 0.165064 0.628205 0.166667 0.629808 0.166667 0.634615 0.165064 0.637821 0.163462 0.639423 0.177885 0.616987 0.174679 0.615385 0.171474 0.613782 0.173077 0.608974
0 0.174679 0.605769 0.177885 0.604167 0.182692 0.604167 0.184295 0.607372 0.185897 0.610577 0.184295 0.613782 0.181090 0.616987 0.125000 0.616987 0.121795 0.615385 0.116987 0.613782 0.118590 0.608974
0 0.120192 0.605769 0.125000 0.602564 0.129808 0.604167 0.131410 0.605769 0.131410 0.610577 0.131410 0.613782 0.128205 0.616987 0.201923 0.661859 0.198718 0.660256 0.197115 0.657051 0.195513 0.653846
0 0.197115 0.649038 0.201923 0.647436 0.206731 0.649038 0.208333 0.650641 0.209936 0.655449 0.208333 0.658654 0.205128 0.661859 0.152244 0.737179 0.149038 0.737179 0.145833 0.733974 0.145833 0.729167
0 0.147436 0.725962 0.152244 0.724359 0.157051 0.725962 0.158654 0.727564 0.158654 0.732372 0.158654 0.735577 0.155449 0.737179 0.137821 0.738782 0.134615 0.737179 0.133013 0.733974 0.129808 0.732372
0 0.133013 0.729167 0.136218 0.727564 0.141026 0.727564 0.142628 0.729167 0.144231 0.733974 0.142628 0.737179 0.141026 0.738782 0.115385 0.750000 0.112179 0.750000 0.110577 0.746795 0.110577 0.741987
0 0.112179 0.738782 0.115385 0.737179 0.121795 0.738782 0.123397 0.740385 0.123397 0.745192 0.121795 0.748397 0.120192 0.750000 0.238782 0.714744 0.235577 0.714744 0.233974 0.711538 0.233974 0.706731
0 0.235577 0.705128 0.238782 0.703526 0.245192 0.705128 0.246795 0.706731 0.246795 0.711538 0.245192 0.713141 0.243590 0.714744 0.219551 0.770833 0.216346 0.770833 0.213141 0.767628 0.213141 0.762821
0 0.214744 0.759615 0.219551 0.758013 0.224359 0.758013 0.225962 0.761218 0.225962 0.766026 0.225962 0.769231 0.222756 0.770833 0.235577 0.778846 0.232372 0.775641 0.230769 0.770833 0.232372 0.767628
0 0.237179 0.764423 0.241987 0.766026 0.243590 0.767628 0.243590 0.772436 0.241987 0.775641 0.240385 0.778846 0.213141 0.620192 0.209936 0.618590 0.206731 0.616987 0.208333 0.612179 0.209936 0.608974
0 0.213141 0.607372 0.219551 0.607372 0.221154 0.610577 0.221154 0.613782 0.219551 0.618590 0.217949 0.620192 0.113782 0.564103 0.110577 0.562500 0.105769 0.560897 0.107372 0.556090 0.108974 0.552885
0 0.113782 0.551282 0.118590 0.551282 0.120192 0.554487 0.120192 0.557692 0.120192 0.560897 0.116987 0.564103 0.158654 0.546474 0.155449 0.544872 0.153846 0.541667 0.153846 0.536859 0.155449 0.533654
0 0.158654 0.532051 0.165064 0.533654 0.166667 0.535256 0.166667 0.540064 0.165064 0.543269 0.163462 0.546474 0.213141 0.522436 0.209936 0.522436 0.206731 0.519231 0.208333 0.514423 0.209936 0.511218
0 0.213141 0.508013 0.217949 0.509615 0.219551 0.511218 0.219551 0.516026 0.219551 0.519231 0.216346 0.522436 0.139423 0.541667 0.136218 0.541667 0.133013 0.538462 0.133013 0.533654 0.134615 0.530449
0 0.139423 0.528846 0.142628 0.528846 0.144231 0.532051 0.144231 0.536859 0.144231 0.540064 0.141026 0.543269 0.105769 0.583333 0.102564 0.583333 0.100962 0.580128 0.100962 0.575321 0.102564 0.572115
0 0.107372 0.570513 0.112179 0.570513 0.113782 0.573718 0.113782 0.578526 0.112179 0.581731 0.110577 0.583333 0.262821 0.525641 0.259615 0.525641 0.256410 0.522436 0.256410 0.517628 0.258013 0.514423
0 0.262821 0.512821 0.267628 0.512821 0.269231 0.516026 0.269231 0.520833 0.269231 0.524038 0.266026 0.525641 0.294872 0.464744 0.291667 0.463141 0.288462 0.461538 0.290064 0.456731 0.291667 0.453526
0 0.296474 0.451923 0.301282 0.451923 0.302885 0.455128 0.302885 0.458333 0.301282 0.461538 0.299679 0.464744 0.326923 0.434295 0.323718 0.432692 0.318910 0.431090 0.320513 0.426282 0.322115 0.423077
0 0.326923 0.421474 0.331731 0.421474 0.333333 0.424679 0.333333 0.427885 0.333333 0.431090 0.330128 0.434295 0.375000 0.427885 0.371795 0.426282 0.370192 0.423077 0.368590 0.419872 0.370192 0.416667
0 0.375000 0.413462 0.379808 0.415064 0.381410 0.416667 0.383013 0.421474 0.381410 0.424679 0.378205 0.427885 0.174679 0.431090 0.171474 0.429487 0.166667 0.427885 0.168269 0.423077 0.169872 0.419872
0 0.174679 0.418269 0.179487 0.418269 0.181090 0.421474 0.181090 0.424679 0.181090 0.427885 0.177885 0.431090 0.185897 0.477564 0.182692 0.475962 0.181090 0.472756 0.179487 0.469551 0.181090 0.466346
0 0.185897 0.464744 0.190705 0.464744 0.192308 0.467949 0.193910 0.471154 0.192308 0.474359 0.189103 0.477564 0.107372 0.434295 0.104167 0.432692 0.099359 0.431090 0.100962 0.426282 0.102564 0.423077
0 0.107372 0.421474 0.112179 0.421474 0.113782 0.424679 0.113782 0.427885 0.113782 0.431090 0.110577 0.434295 0.128205 0.378205 0.125000 0.376603 0.121795 0.375000 0.123397 0.370192 0.125000 0.366987
0 0.128205 0.363782 0.134615 0.365385 0.136218 0.366987 0.136218 0.371795 0.134615 0.375000 0.133013 0.378205 0.298077 0.349359 0.294872 0.349359 0.291667 0.346154 0.291667 0.341346 0.293269 0.338141
0 0.298077 0.336538 0.302885 0.336538 0.304487 0.339744 0.304487 0.344551 0.304487 0.347756 0.301282 0.349359 0.243590 0.375000 0.240385 0.375000 0.237179 0.371795 0.237179 0.368590 0.240385 0.365385
0 0.243590 0.362179 0.248397 0.362179 0.250000 0.365385 0.250000 0.370192 0.250000 0.373397 0.246795 0.375000 0.258013 0.386218 0.254808 0.384615 0.251603 0.383013 0.253205 0.378205 0.254808 0.375000
0 0.259615 0.371795 0.264423 0.373397 0.266026 0.375000 0.266026 0.379808 0.264423 0.383013 0.262821 0.386218 0.102564 0.366987 0.099359 0.366987 0.096154 0.363782 0.096154 0.358974 0.097756 0.355769
0 0.102564 0.354167 0.107372 0.354167 0.108974 0.357372 0.107372 0.363782 0.107372 0.366987 0.105769 0.366987 0.115385 0.355769 0.112179 0.354167 0.108974 0.352564 0.110577 0.347756 0.110577 0.346154
0 0.115385 0.344551 0.120192 0.342949 0.121795 0.346154 0.121795 0.349359 0.121795 0.354167 0.118590 0.355769 0.206731 0.336538 0.203526 0.334936 0.200321 0.333333 0.200321 0.330128 0.201923 0.325321
0 0.206731 0.322115 0.211538 0.323718 0.213141 0.325321 0.214744 0.330128 0.213141 0.333333 0.209936 0.336538 0.237179 0.296474 0.233974 0.296474 0.229167 0.294872 0.230769 0.290064 0.232372 0.286859
0 0.237179 0.285256 0.241987 0.285256 0.243590 0.286859 0.243590 0.291667 0.243590 0.294872 0.240385 0.296474 0.277244 0.293269 0.274038 0.291667 0.270833 0.288462 0.270833 0.283654 0.272436 0.280449
0 0.277244 0.278846 0.282051 0.280449 0.283654 0.282051 0.283654 0.286859 0.283654 0.290064 0.280449 0.291667 0.238782 0.280449 0.235577 0.278846 0.230769 0.277244 0.232372 0.272436 0.233974 0.269231
0 0.238782 0.267628 0.243590 0.267628 0.245192 0.270833 0.245192 0.274038 0.245192 0.278846 0.241987 0.280449 0.121795 0.314103 0.120192 0.310897 0.116987 0.309295 0.118590 0.304487 0.120192 0.301282
0 0.123397 0.299679 0.126603 0.299679 0.128205 0.301282 0.129808 0.306090 0.128205 0.309295 0.125000 0.312500 0.330128 0.296474 0.326923 0.294872 0.322115 0.293269 0.323718 0.288462 0.325321 0.285256
0 0.330128 0.283654 0.334936 0.283654 0.336538 0.286859 0.336538 0.290064 0.336538 0.293269 0.333333 0.296474 0.370192 0.360577 0.366987 0.358974 0.365385 0.355769 0.363782 0.352564 0.365385 0.349359
0 0.370192 0.347756 0.375000 0.347756 0.376603 0.350962 0.378205 0.354167 0.376603 0.358974 0.373397 0.360577 0.397436 0.375000 0.394231 0.373397 0.389423 0.371795 0.391026 0.366987 0.392628 0.362179
0 0.397436 0.362179 0.402244 0.362179 0.403846 0.363782 0.403846 0.368590 0.402244 0.371795 0.400641 0.375000 0.392628 0.352564 0.389423 0.350962 0.384615 0.349359 0.386218 0.344551 0.387821 0.339744
0 0.392628 0.339744 0.397436 0.339744 0.399038 0.341346 0.399038 0.346154 0.399038 0.349359 0.395833 0.352564 0.243590 0.352564 0.238782 0.350962 0.237179 0.349359 0.237179 0.346154 0.238782 0.341346
0 0.243590 0.339744 0.248397 0.339744 0.250000 0.341346 0.250000 0.346154 0.248397 0.349359 0.246795 0.352564 0.434295 0.347756 0.431090 0.346154 0.429487 0.342949 0.427885 0.339744 0.429487 0.336538
0 0.434295 0.334936 0.439103 0.334936 0.440705 0.338141 0.442308 0.341346 0.440705 0.346154 0.437500 0.347756 0.432692 0.373397 0.429487 0.371795 0.426282 0.370192 0.426282 0.365385 0.427885 0.362179
0 0.432692 0.360577 0.437500 0.360577 0.439103 0.362179 0.439103 0.366987 0.439103 0.370192 0.435897 0.373397 0.418269 0.381410 0.415064 0.379808 0.413462 0.376603 0.411859 0.373397 0.413462 0.368590
0 0.418269 0.368590 0.423077 0.368590 0.424679 0.370192 0.426282 0.375000 0.424679 0.378205 0.421474 0.381410 0.408654 0.331731 0.405449 0.331731 0.403846 0.328526 0.403846 0.323718 0.405449 0.322115
0 0.408654 0.318910 0.415064 0.320513 0.416667 0.322115 0.416667 0.326923 0.415064 0.330128 0.413462 0.331731 0.450321 0.397436 0.447115 0.395833 0.443910 0.394231 0.443910 0.391026 0.445513 0.386218
0 0.450321 0.384615 0.455128 0.384615 0.456731 0.386218 0.458333 0.391026 0.456731 0.394231 0.453526 0.397436 0.149038 0.312500 0.145833 0.310897 0.141026 0.309295 0.142628 0.304487 0.144231 0.301282
0 0.149038 0.299679 0.153846 0.299679 0.155449 0.301282 0.155449 0.306090 0.153846 0.309295 0.152244 0.312500 0.483974 0.376603 0.480769 0.375000 0.479167 0.371795 0.477564 0.368590 0.479167 0.365385
0 0.483974 0.363782 0.488782 0.363782 0.490385 0.365385 0.491987 0.370192 0.490385 0.373397 0.487179 0.376603 0.511218 0.350962 0.508013 0.349359 0.504808 0.347756 0.506410 0.342949 0.508013 0.339744
0 0.511218 0.338141 0.516026 0.338141 0.517628 0.339744 0.519231 0.344551 0.517628 0.347756 0.514423 0.350962 0.525641 0.379808 0.522436 0.378205 0.517628 0.376603 0.519231 0.371795 0.520833 0.368590
0 0.525641 0.366987 0.530449 0.366987 0.532051 0.370192 0.530449 0.375000 0.532051 0.376603 0.528846 0.379808 0.485577 0.399038 0.482372 0.397436 0.480769 0.394231 0.479167 0.391026 0.480769 0.387821
0 0.485577 0.386218 0.490385 0.386218 0.491987 0.389423 0.493590 0.392628 0.491987 0.397436 0.488782 0.399038 0.421474 0.471154 0.418269 0.471154 0.416667 0.467949 0.415064 0.463141 0.416667 0.459936
0 0.421474 0.458333 0.426282 0.458333 0.427885 0.461538 0.429487 0.466346 0.427885 0.469551 0.424679 0.471154 0.641026 0.395833 0.637821 0.394231 0.633013 0.392628 0.634615 0.387821 0.636218 0.384615
0 0.641026 0.383013 0.645833 0.383013 0.647436 0.386218 0.647436 0.389423 0.647436 0.394231 0.644231 0.395833 0.443910 0.291667 0.440705 0.290064 0.435897 0.288462 0.437500 0.283654 0.439103 0.280449
0 0.443910 0.278846 0.448718 0.278846 0.450321 0.280449 0.450321 0.285256 0.450321 0.288462 0.447115 0.291667 0.613782 0.291667 0.610577 0.290064 0.607372 0.288462 0.607372 0.285256 0.608974 0.280449
0 0.613782 0.278846 0.618590 0.278846 0.620192 0.280449 0.621795 0.285256 0.620192 0.288462 0.616987 0.291667 0.584936 0.360577 0.580128 0.358974 0.576923 0.357372 0.578526 0.352564 0.580128 0.349359
0 0.584936 0.347756 0.589744 0.347756 0.591346 0.350962 0.591346 0.354167 0.589744 0.357372 0.588141 0.360577 0.669872 0.371795 0.666667 0.370192 0.661859 0.368590 0.663462 0.363782 0.665064 0.362179
0 0.669872 0.358974 0.674679 0.358974 0.676282 0.360577 0.676282 0.365385 0.676282 0.368590 0.673077 0.371795 0.629808 0.381410 0.626603 0.381410 0.625000 0.378205 0.623397 0.373397 0.625000 0.370192
0 0.629808 0.368590 0.634615 0.368590 0.636218 0.371795 0.637821 0.376603 0.636218 0.379808 0.633013 0.381410 0.636218 0.413462 0.633013 0.411859 0.631410 0.408654 0.631410 0.403846 0.633013 0.400641
0 0.636218 0.399038 0.642628 0.400641 0.644231 0.402244 0.644231 0.407051 0.642628 0.410256 0.641026 0.411859 0.575321 0.456731 0.572115 0.456731 0.570513 0.453526 0.568910 0.450321 0.570513 0.445513
0 0.575321 0.443910 0.580128 0.443910 0.581731 0.447115 0.583333 0.451923 0.581731 0.455128 0.578526 0.456731 0.665064 0.347756 0.661859 0.346154 0.658654 0.344551 0.658654 0.339744 0.660256 0.336538
0 0.665064 0.334936 0.669872 0.334936 0.671474 0.338141 0.671474 0.342949 0.671474 0.346154 0.668269 0.347756 0.461538 0.471154 0.458333 0.469551 0.456731 0.466346 0.455128 0.463141 0.456731 0.459936
0 0.461538 0.458333 0.466346 0.458333 0.467949 0.461538 0.469551 0.464744 0.467949 0.467949 0.464744 0.471154 0.682692 0.315705 0.679487 0.314103 0.677885 0.310897 0.676282 0.307692 0.677885 0.304487
0 0.681090 0.304487 0.687500 0.302885 0.689103 0.306090 0.690705 0.309295 0.689103 0.312500 0.685897 0.315705 0.698718 0.310897 0.695513 0.309295 0.693910 0.306090 0.692308 0.302885 0.693910 0.299679
0 0.698718 0.298077 0.703526 0.298077 0.705128 0.301282 0.705128 0.304487 0.705128 0.307692 0.701923 0.310897 0.665064 0.282051 0.661859 0.280449 0.658654 0.278846 0.660256 0.274038 0.661859 0.270833
0 0.666667 0.269231 0.671474 0.269231 0.673077 0.272436 0.673077 0.275641 0.671474 0.280449 0.669872 0.282051 0.660256 0.296474 0.657051 0.294872 0.652244 0.293269 0.653846 0.288462 0.655449 0.285256
0 0.660256 0.283654 0.665064 0.283654 0.666667 0.286859 0.666667 0.290064 0.666667 0.294872 0.663462 0.296474 0.641026 0.269231 0.637821 0.267628 0.633013 0.266026 0.634615 0.261218 0.636218 0.258013
0 0.641026 0.256410 0.645833 0.256410 0.647436 0.259615 0.647436 0.262821 0.647436 0.267628 0.644231 0.269231 0.604167 0.275641 0.600962 0.274038 0.599359 0.270833 0.597756 0.267628 0.599359 0.262821
0 0.604167 0.262821 0.608974 0.262821 0.610577 0.264423 0.610577 0.269231 0.610577 0.272436 0.607372 0.275641 0.713141 0.349359 0.709936 0.347756 0.706731 0.346154 0.708333 0.341346 0.709936 0.338141
0 0.713141 0.336538 0.719551 0.336538 0.721154 0.338141 0.721154 0.342949 0.719551 0.346154 0.717949 0.349359 0.733974 0.399038 0.730769 0.397436 0.729167 0.394231 0.727564 0.391026 0.729167 0.386218
0 0.733974 0.386218 0.738782 0.386218 0.740385 0.387821 0.741987 0.392628 0.740385 0.395833 0.737179 0.399038 0.711538 0.325321 0.708333 0.323718 0.706731 0.320513 0.705128 0.317308 0.706731 0.314103
0 0.711538 0.310897 0.716346 0.312500 0.717949 0.314103 0.719551 0.318910 0.717949 0.322115 0.714744 0.325321 0.743590 0.301282 0.740385 0.301282 0.738782 0.298077 0.737179 0.294872 0.738782 0.290064
0 0.743590 0.288462 0.748397 0.288462 0.750000 0.291667 0.751603 0.294872 0.750000 0.298077 0.746795 0.301282 0.761218 0.304487 0.758013 0.304487 0.756410 0.301282 0.754808 0.296474 0.756410 0.293269
0 0.759615 0.293269 0.764423 0.293269 0.767628 0.294872 0.769231 0.299679 0.767628 0.302885 0.764423 0.304487 0.783654 0.366987 0.780449 0.365385 0.775641 0.363782 0.777244 0.358974 0.778846 0.355769
0 0.783654 0.354167 0.788462 0.354167 0.790064 0.357372 0.790064 0.360577 0.790064 0.365385 0.786859 0.366987 0.745192 0.375000 0.741987 0.375000 0.740385 0.371795 0.738782 0.368590 0.740385 0.363782
0 0.745192 0.362179 0.750000 0.362179 0.751603 0.365385 0.753205 0.368590 0.751603 0.373397 0.748397 0.375000 0.780449 0.383013 0.777244 0.381410 0.775641 0.378205 0.774038 0.375000 0.775641 0.371795
0 0.780449 0.370192 0.785256 0.370192 0.786859 0.373397 0.788462 0.376603 0.786859 0.379808 0.783654 0.383013 0.834936 0.296474 0.831731 0.294872 0.828526 0.293269 0.830128 0.288462 0.831731 0.285256
0 0.836538 0.283654 0.841346 0.283654 0.842949 0.286859 0.842949 0.290064 0.841346 0.294872 0.839744 0.296474 0.802885 0.312500 0.798077 0.312500 0.796474 0.309295 0.796474 0.304487 0.798077 0.301282
0 0.802885 0.299679 0.807692 0.301282 0.809295 0.302885 0.809295 0.307692 0.809295 0.310897 0.806090 0.312500 0.948718 0.326923 0.945513 0.325321 0.942308 0.323718 0.943910 0.318910 0.943910 0.317308
0 0.948718 0.315705 0.953526 0.315705 0.955128 0.317308 0.953526 0.322115 0.953526 0.323718 0.951923 0.326923 0.951923 0.362179 0.948718 0.360577 0.947115 0.357372 0.945513 0.354167 0.947115 0.349359
0 0.951923 0.347756 0.956731 0.349359 0.956731 0.352564 0.958333 0.357372 0.958333 0.358974 0.955128 0.362179 0.983974 0.328526 0.980769 0.326923 0.977564 0.325321 0.977564 0.320513 0.979167 0.317308
0 0.983974 0.315705 0.987179 0.328526 0.979167 0.285256 0.975962 0.285256 0.972756 0.282051 0.972756 0.277244 0.972756 0.275641 0.979167 0.274038 0.983974 0.274038 0.985577 0.277244 0.983974 0.282051
0 0.985577 0.283654 0.982372 0.285256 0.977564 0.371795 0.974359 0.371795 0.972756 0.368590 0.972756 0.363782 0.974359 0.360577 0.979167 0.358974 0.983974 0.360577 0.985577 0.362179 0.985577 0.366987
0 0.983974 0.370192 0.982372 0.371795 0.959936 0.466346 0.956731 0.464744 0.953526 0.463141 0.955128 0.458333 0.956731 0.455128 0.959936 0.453526 0.966346 0.453526 0.967949 0.456731 0.967949 0.459936
0 0.966346 0.464744 0.964744 0.466346 0.894231 0.392628 0.891026 0.391026 0.887821 0.389423 0.889423 0.384615 0.891026 0.381410 0.892628 0.381410 0.899038 0.379808 0.900641 0.383013 0.900641 0.386218
0 0.899038 0.389423 0.897436 0.392628 0.822115 0.355769 0.818910 0.354167 0.814103 0.352564 0.815705 0.347756 0.817308 0.342949 0.822115 0.341346 0.826923 0.342949 0.828526 0.344551 0.828526 0.349359
0 0.828526 0.352564 0.825321 0.355769 0.657051 0.360577 0.653846 0.358974 0.649038 0.357372 0.650641 0.352564 0.652244 0.349359 0.657051 0.347756 0.661859 0.347756 0.663462 0.350962 0.663462 0.354167
0 0.663462 0.358974 0.660256 0.360577 0.584936 0.498397 0.581731 0.496795 0.576923 0.495192 0.578526 0.490385 0.580128 0.487179 0.584936 0.485577 0.589744 0.485577 0.591346 0.487179 0.591346 0.491987
0 0.591346 0.495192 0.588141 0.498397 0.548077 0.514423 0.544872 0.512821 0.540064 0.511218 0.541667 0.506410 0.543269 0.503205 0.551282 0.503205 0.554487 0.504808 0.554487 0.509615 0.554487 0.511218
0 0.551282 0.514423 0.709936 0.501603 0.706731 0.500000 0.703526 0.500000 0.703526 0.495192 0.705128 0.491987 0.709936 0.490385 0.714744 0.490385 0.716346 0.491987 0.716346 0.496795 0.714744 0.500000
0 0.713141 0.501603 0.748397 0.532051 0.745192 0.530449 0.740385 0.528846 0.741987 0.524038 0.743590 0.520833 0.748397 0.519231 0.753205 0.519231 0.754808 0.522436 0.754808 0.525641 0.754808 0.528846
0 0.751603 0.532051 0.807692 0.584936 0.802885 0.583333 0.801282 0.580128 0.799679 0.575321 0.801282 0.572115 0.804487 0.568910 0.810897 0.568910 0.814103 0.570513 0.817308 0.573718 0.817308 0.578526
0 0.814103 0.583333 0.810897 0.584936 0.831731 0.623397 0.826923 0.623397 0.823718 0.618590 0.823718 0.613782 0.825321 0.610577 0.828526 0.608974 0.833333 0.607372 0.838141 0.610577 0.839744 0.613782
0 0.839744 0.618590 0.838141 0.621795 0.834936 0.623397 0.850962 0.653846 0.846154 0.652244 0.842949 0.649038 0.842949 0.644231 0.844551 0.641026 0.847756 0.637821 0.852564 0.637821 0.857372 0.639423
0 0.860577 0.642628 0.860577 0.647436 0.857372 0.650641 0.854167 0.652244 0.733974 0.576923 0.729167 0.576923 0.724359 0.573718 0.725962 0.568910 0.727564 0.564103 0.730769 0.562500 0.735577 0.562500
0 0.740385 0.564103 0.741987 0.567308 0.743590 0.572115 0.740385 0.575321 0.737179 0.576923 0.875000 0.578526 0.871795 0.576923 0.868590 0.572115 0.866987 0.568910 0.868590 0.564103 0.871795 0.562500
0 0.878205 0.562500 0.881410 0.564103 0.884615 0.567308 0.884615 0.572115 0.883013 0.575321 0.879808 0.576923 0.878205 0.544872 0.875000 0.544872 0.871795 0.540064 0.870192 0.536859 0.871795 0.532051
0 0.875000 0.530449 0.881410 0.530449 0.884615 0.532051 0.887821 0.535256 0.887821 0.540064 0.886218 0.543269 0.883013 0.544872 0.897436 0.535256 0.892628 0.533654 0.891026 0.528846 0.889423 0.525641
0 0.891026 0.520833 0.894231 0.519231 0.900641 0.519231 0.903846 0.520833 0.905449 0.525641 0.902244 0.533654 0.895833 0.504808 0.892628 0.504808 0.889423 0.500000 0.887821 0.498397 0.891026 0.493590
0 0.894231 0.491987 0.899038 0.491987 0.903846 0.493590 0.905449 0.496795 0.905449 0.500000 0.903846 0.503205 0.900641 0.504808 0.939103 0.557692 0.935897 0.556090 0.932692 0.552885 0.932692 0.548077
0 0.934295 0.544872 0.937500 0.541667 0.940705 0.543269 0.945513 0.543269 0.947115 0.546474 0.947115 0.551282 0.945513 0.554487 0.942308 0.557692 0.935897 0.608974 0.932692 0.608974 0.931090 0.605769
0 0.931090 0.600962 0.932692 0.597756 0.935897 0.594551 0.939103 0.594551 0.943910 0.596154 0.945513 0.599359 0.945513 0.602564 0.943910 0.605769 0.940705 0.608974 0.969551 0.588141 0.966346 0.588141
0 0.963141 0.583333 0.963141 0.578526 0.964744 0.575321 0.967949 0.573718 0.971154 0.572115 0.975962 0.575321 0.977564 0.578526 0.977564 0.581731 0.975962 0.586538 0.972756 0.588141 0.911859 0.541667
0 0.907051 0.540064 0.903846 0.538462 0.903846 0.533654 0.905449 0.528846 0.908654 0.525641 0.913462 0.525641 0.918269 0.528846 0.919872 0.530449 0.919872 0.535256 0.918269 0.540064 0.915064 0.541667
0 0.983974 0.504808 0.980769 0.503205 0.977564 0.500000 0.975962 0.496795 0.977564 0.493590 0.980769 0.490385 0.987179 0.490385 0.988782 0.504808 0.911859 0.588141 0.907051 0.588141 0.902244 0.584936
0 0.903846 0.580128 0.905449 0.575321 0.908654 0.573718 0.913462 0.573718 0.918269 0.575321 0.919872 0.578526 0.919872 0.583333 0.918269 0.586538 0.915064 0.588141 0.916667 0.658654 0.913462 0.658654
0 0.908654 0.655449 0.910256 0.650641 0.911859 0.645833 0.915064 0.644231 0.919872 0.644231 0.924679 0.645833 0.924679 0.650641 0.924679 0.653846 0.923077 0.658654 0.921474 0.658654
0 0.950321 0.766026 0.948718 0.764423 0.945513 0.761218 0.945513 0.756410 0.947115 0.753205 0.950321 0.750000 0.955128 0.750000 0.958333 0.751603 0.959936 0.754808 0.959936 0.759615 0.958333 0.762821
0 0.955128 0.766026 0.788462 0.740385 0.785256 0.740385 0.782051 0.735577 0.782051 0.730769 0.783654 0.727564 0.786859 0.725962 0.791667 0.724359 0.796474 0.727564 0.798077 0.730769 0.798077 0.733974
0 0.796474 0.738782 0.793269 0.740385 0.775641 0.774038 0.770833 0.772436 0.767628 0.769231 0.767628 0.764423 0.769231 0.761218 0.772436 0.758013 0.777244 0.758013 0.782051 0.759615 0.783654 0.762821 0.783654 0.767628
0 0.782051 0.770833 0.778846 0.774038 0.722756 0.649038 0.719551 0.647436 0.716346 0.644231 0.716346 0.639423 0.717949 0.636218 0.721154 0.634615 0.725962 0.633013 0.730769 0.636218 0.732372 0.639423 0.732372 0.642628
0 0.730769 0.647436 0.727564 0.649038 0.722756 0.751603 0.717949 0.750000 0.716346 0.748397 0.716346 0.741987 0.717949 0.738782 0.721154 0.735577 0.725962 0.735577 0.729167 0.738782 0.732372 0.740385 0.732372 0.745192
0 0.729167 0.750000 0.727564 0.751603 0.677885 0.740385 0.674679 0.738782 0.671474 0.735577 0.669872 0.730769 0.671474 0.727564 0.676282 0.725962 0.681090 0.724359 0.685897 0.727564 0.687500 0.730769 0.687500 0.733974
0 0.685897 0.738782 0.682692 0.740385 0.604167 0.608974 0.599359 0.607372 0.596154 0.604167 0.596154 0.599359 0.597756 0.596154 0.600962 0.594551 0.605769 0.592949 0.610577 0.596154 0.612179 0.599359 0.612179 0.602564
0 0.610577 0.607372 0.607372 0.608974 0.551282 0.689103 0.548077 0.687500 0.544872 0.684295 0.544872 0.679487 0.546474 0.676282 0.549679 0.674679 0.554487 0.673077 0.559295 0.676282 0.560897 0.679487 0.560897 0.682692
0 0.559295 0.687500 0.556090 0.689103 0.578526 0.681090 0.575321 0.679487 0.572115 0.676282 0.572115 0.671474 0.573718 0.668269 0.576923 0.666667 0.581731 0.665064 0.586538 0.668269 0.588141 0.671474 0.588141 0.674679
0 0.586538 0.679487 0.583333 0.681090 0.498397 0.706731 0.495192 0.705128 0.493590 0.700321 0.491987 0.697115 0.493590 0.692308 0.496795 0.690705 0.501603 0.689103 0.504808 0.692308 0.508013 0.695513 0.508013 0.700321
0 0.504808 0.703526 0.503205 0.705128 0.432692 0.732372 0.427885 0.730769 0.423077 0.727564 0.424679 0.722756 0.426282 0.717949 0.429487 0.716346 0.434295 0.716346 0.439103 0.717949 0.440705 0.721154 0.440705 0.725962
0 0.439103 0.729167 0.435897 0.730769 0.475962 0.645833 0.471154 0.644231 0.467949 0.641026 0.467949 0.636218 0.469551 0.633013 0.472756 0.629808 0.477564 0.629808 0.482372 0.631410 0.485577 0.634615 0.485577 0.639423
0 0.482372 0.644231 0.479167 0.645833 0.532051 0.615385 0.528846 0.615385 0.525641 0.610577 0.525641 0.605769 0.527244 0.602564 0.530449 0.600962 0.535256 0.599359 0.540064 0.602564 0.541667 0.605769 0.541667 0.610577
0 0.540064 0.613782 0.536859 0.615385 0.464744 0.727564 0.461538 0.725962 0.458333 0.722756 0.458333 0.717949 0.459936 0.714744 0.463141 0.711538 0.467949 0.711538 0.472756 0.713141 0.474359 0.716346 0.474359 0.721154
0 0.472756 0.725962 0.469551 0.727564 0.549679 0.568910 0.544872 0.567308 0.541667 0.564103 0.541667 0.559295 0.543269 0.556090 0.546474 0.552885 0.551282 0.552885 0.556090 0.554487 0.559295 0.557692 0.559295 0.562500
0 0.556090 0.565705 0.552885 0.568910 0.413462 0.607372 0.410256 0.607372 0.407051 0.602564 0.405449 0.599359 0.407051 0.594551 0.410256 0.592949 0.416667 0.592949 0.419872 0.594551 0.423077 0.597756 0.423077 0.602564
0 0.421474 0.605769 0.418269 0.607372 0.424679 0.586538 0.419872 0.584936 0.418269 0.581731 0.416667 0.576923 0.416667 0.575321 0.423077 0.572115 0.427885 0.570513 0.431090 0.572115 0.434295 0.575321 0.434295 0.580128
0 0.431090 0.583333 0.429487 0.586538 0.469551 0.536859 0.466346 0.535256 0.463141 0.532051 0.461538 0.527244 0.463141 0.524038 0.466346 0.520833 0.472756 0.520833 0.477564 0.522436 0.479167 0.525641 0.479167 0.530449
0 0.477564 0.535256 0.474359 0.536859 0.461538 0.503205 0.456731 0.501603 0.451923 0.500000 0.453526 0.495192 0.455128 0.491987 0.458333 0.488782 0.463141 0.488782 0.467949 0.491987 0.469551 0.493590 0.469551 0.498397
0 0.467949 0.501603 0.464744 0.503205 0.434295 0.500000 0.432692 0.498397 0.429487 0.495192 0.429487 0.490385 0.431090 0.487179 0.434295 0.485577 0.439103 0.483974 0.443910 0.487179 0.445513 0.490385 0.445513 0.493590
0 0.443910 0.498397 0.439103 0.500000 0.475962 0.482372 0.471154 0.480769 0.467949 0.477564 0.467949 0.472756 0.469551 0.469551 0.472756 0.466346 0.475962 0.467949 0.480769 0.469551 0.483974 0.471154 0.483974 0.475962
0 0.482372 0.480769 0.479167 0.482372 0.482372 0.464744 0.477564 0.463141 0.475962 0.458333 0.474359 0.455128 0.475962 0.450321 0.479167 0.448718 0.485577 0.448718 0.488782 0.450321 0.491987 0.453526 0.491987 0.458333
0 0.488782 0.461538 0.487179 0.463141 0.437500 0.479167 0.434295 0.477564 0.431090 0.474359 0.429487 0.469551 0.431090 0.466346 0.434295 0.464744 0.440705 0.463141 0.443910 0.466346 0.447115 0.469551 0.447115 0.472756
0 0.445513 0.477564 0.442308 0.479167 0.405449 0.461538 0.402244 0.459936 0.399038 0.456731 0.397436 0.451923 0.400641 0.448718 0.402244 0.447115 0.408654 0.445513 0.413462 0.447115 0.415064 0.450321 0.415064 0.455128
0 0.413462 0.458333 0.410256 0.461538 0.565705 0.432692 0.562500 0.431090 0.559295 0.427885 0.557692 0.423077 0.559295 0.419872 0.562500 0.416667 0.568910 0.416667 0.572115 0.418269 0.575321 0.421474 0.575321 0.426282
0 0.573718 0.431090 0.570513 0.432692 0.552885 0.528846 0.548077 0.527244 0.544872 0.524038 0.544872 0.519231 0.546474 0.516026 0.549679 0.514423 0.554487 0.512821 0.559295 0.516026 0.560897 0.519231 0.562500 0.522436
0 0.559295 0.527244 0.556090 0.528846 0.639423 0.541667 0.634615 0.540064 0.631410 0.536859 0.631410 0.532051 0.633013 0.528846 0.636218 0.525641 0.641026 0.525641 0.645833 0.527244 0.649038 0.530449 0.649038 0.535256
0 0.645833 0.538462 0.642628 0.541667 0.682692 0.533654 0.677885 0.532051 0.674679 0.528846 0.673077 0.525641 0.676282 0.520833 0.679487 0.517628 0.684295 0.517628 0.689103 0.519231 0.690705 0.522436 0.690705 0.528846
0 0.689103 0.532051 0.685897 0.533654 0.658654 0.570513 0.655449 0.570513 0.650641 0.567308 0.652244 0.562500 0.653846 0.557692 0.657051 0.556090 0.661859 0.554487 0.666667 0.557692 0.668269 0.560897 0.668269 0.565705
0 0.666667 0.568910 0.663462 0.570513 0.762821 0.488782 0.759615 0.487179 0.756410 0.483974 0.754808 0.479167 0.756410 0.475962 0.759615 0.472756 0.766026 0.472756 0.770833 0.475962 0.772436 0.477564 0.772436 0.482372
0 0.770833 0.487179 0.767628 0.488782 0.798077 0.447115 0.794872 0.447115 0.791667 0.442308 0.791667 0.437500 0.793269 0.434295 0.796474 0.432692 0.801282 0.431090 0.806090 0.434295 0.807692 0.437500 0.807692 0.440705
0 0.806090 0.445513 0.802885 0.447115 0.817308 0.493590 0.814103 0.491987 0.810897 0.488782 0.809295 0.483974 0.810897 0.480769 0.814103 0.477564 0.820513 0.477564 0.825321 0.480769 0.826923 0.482372 0.826923 0.487179
0 0.825321 0.491987 0.822115 0.493590 0.692308 0.612179 0.687500 0.610577 0.684295 0.607372 0.684295 0.602564 0.685897 0.599359 0.689103 0.596154 0.693910 0.596154 0.698718 0.597756 0.700321 0.600962 0.700321 0.605769
0 0.698718 0.610577 0.695513 0.612179 0.693910 0.527244 0.689103 0.525641 0.687500 0.522436 0.685897 0.517628 0.687500 0.514423 0.690705 0.511218 0.697115 0.511218 0.700321 0.512821 0.703526 0.516026 0.703526 0.520833
0 0.700321 0.525641 0.698718 0.527244 0.926282 0.456731 0.921474 0.455128 0.918269 0.451923 0.918269 0.447115 0.919872 0.443910 0.923077 0.440705 0.927885 0.440705 0.932692 0.443910 0.935897 0.445513 0.935897 0.450321
0 0.932692 0.455128 0.929487 0.456731 0.948718 0.455128 0.943910 0.453526 0.940705 0.450321 0.940705 0.447115 0.942308 0.440705 0.943910 0.440705 0.950321 0.439103 0.955128 0.440705 0.958333 0.443910 0.958333 0.448718
0 0.955128 0.451923 0.951923 0.453526 0.977564 0.437500 0.972756 0.435897 0.971154 0.432692 0.969551 0.429487 0.971154 0.424679 0.974359 0.421474 0.980769 0.421474 0.983974 0.423077 0.987179 0.426282 0.987179 0.431090
0 0.983974 0.435897 0.980769 0.437500 0.977564 0.466346 0.974359 0.464744 0.971154 0.463141 0.971154 0.458333 0.972756 0.453526 0.975962 0.450321 0.980769 0.450321 0.985577 0.451923 0.987179 0.455128 0.987179 0.459936
0 0.985577 0.464744 0.982372 0.466346 0.975962 0.402244 0.971154 0.400641 0.967949 0.397436 0.967949 0.392628 0.969551 0.389423 0.972756 0.386218 0.977564 0.386218 0.982372 0.387821 0.983974 0.391026 0.983974 0.395833
0 0.982372 0.400641 0.979167 0.402244 0.862179 0.394231 0.858974 0.392628 0.855769 0.389423 0.855769 0.384615 0.857372 0.381410 0.860577 0.378205 0.865385 0.378205 0.870192 0.379808 0.871795 0.383013 0.871795 0.387821
0 0.870192 0.392628 0.866987 0.394231 0.894231 0.411859 0.891026 0.410256 0.887821 0.407051 0.886218 0.402244 0.887821 0.397436 0.891026 0.395833 0.895833 0.397436 0.900641 0.397436 0.902244 0.400641 0.902244 0.405449
0 0.900641 0.408654 0.899038 0.411859 0.875000 0.427885 0.871795 0.427885 0.866987 0.424679 0.868590 0.419872 0.870192 0.415064 0.873397 0.413462 0.878205 0.413462 0.883013 0.415064 0.884615 0.418269 0.884615 0.423077
0 0.883013 0.426282 0.879808 0.427885 0.822115 0.548077 0.818910 0.548077 0.815705 0.543269 0.814103 0.540064 0.815705 0.535256 0.820513 0.533654 0.825321 0.533654 0.830128 0.535256 0.831731 0.538462 0.831731 0.543269
0 0.830128 0.546474 0.826923 0.548077 0.939103 0.415064 0.935897 0.415064 0.934295 0.410256 0.934295 0.405449 0.934295 0.403846 0.937500 0.399038 0.942308 0.399038 0.947115 0.400641 0.948718 0.403846 0.948718 0.408654
0 0.947115 0.411859 0.943910 0.415064 0.863782 0.302885 0.858974 0.301282 0.857372 0.298077 0.855769 0.293269 0.857372 0.290064 0.860577 0.286859 0.866987 0.286859 0.868590 0.288462 0.870192 0.291667 0.871795 0.296474
0 0.870192 0.299679 0.868590 0.302885 0.934295 0.285256 0.929487 0.283654 0.927885 0.280449 0.926282 0.275641 0.927885 0.272436 0.931090 0.270833 0.935897 0.269231 0.939103 0.272436 0.940705 0.275641 0.940705 0.278846
0 0.939103 0.285256 0.937500 0.285256 0.836538 0.339744 0.833333 0.338141 0.831731 0.334936 0.828526 0.331731 0.830128 0.326923 0.833333 0.325321 0.839744 0.325321 0.842949 0.326923 0.844551 0.330128 0.846154 0.334936
0 0.842949 0.338141 0.841346 0.339744 0.817308 0.290064 0.815705 0.288462 0.814103 0.286859 0.812500 0.282051 0.812500 0.277244 0.817308 0.275641 0.822115 0.277244 0.823718 0.278846 0.823718 0.283654 0.823718 0.286859
0 0.820513 0.290064 0.923077 0.418269 0.919872 0.416667 0.916667 0.415064 0.918269 0.410256 0.919872 0.407051 0.923077 0.405449 0.927885 0.405449 0.929487 0.408654 0.931090 0.411859 0.929487 0.415064 0.926282 0.418269
0 0.974359 0.310897 0.972756 0.307692 0.969551 0.304487 0.967949 0.299679 0.969551 0.296474 0.971154 0.293269 0.977564 0.293269 0.980769 0.294872 0.983974 0.298077 0.983974 0.302885 0.982372 0.307692 0.979167 0.309295
0 0.804487 0.363782 0.799679 0.363782 0.794872 0.360577 0.796474 0.355769 0.798077 0.350962 0.801282 0.349359 0.806090 0.347756 0.810897 0.350962 0.812500 0.354167 0.812500 0.358974 0.810897 0.362179 0.807692 0.363782
0 0.772436 0.320513 0.769231 0.318910 0.766026 0.315705 0.766026 0.310897 0.767628 0.307692 0.770833 0.304487 0.775641 0.304487 0.780449 0.307692 0.782051 0.309295 0.782051 0.314103 0.780449 0.318910 0.777244 0.320513
0 0.807692 0.384615 0.804487 0.383013 0.801282 0.379808 0.799679 0.375000 0.802885 0.371795 0.806090 0.368590 0.810897 0.368590 0.815705 0.371795 0.817308 0.373397 0.817308 0.378205 0.815705 0.383013 0.812500 0.384615
0 0.729167 0.360577 0.725962 0.358974 0.722756 0.355769 0.721154 0.350962 0.724359 0.347756 0.727564 0.344551 0.732372 0.344551 0.737179 0.346154 0.738782 0.349359 0.738782 0.354167 0.737179 0.358974 0.733974 0.360577
0 0.650641 0.317308 0.647436 0.315705 0.644231 0.312500 0.644231 0.307692 0.645833 0.304487 0.649038 0.301282 0.653846 0.301282 0.658654 0.302885 0.660256 0.306090 0.660256 0.310897 0.658654 0.315705 0.655449 0.317308
0 0.817308 0.419872 0.814103 0.418269 0.810897 0.415064 0.810897 0.410256 0.812500 0.407051 0.815705 0.403846 0.820513 0.403846 0.825321 0.405449 0.826923 0.408654 0.826923 0.413462 0.825321 0.418269 0.822115 0.419872
0 0.714744 0.405449 0.711538 0.405449 0.708333 0.400641 0.706731 0.397436 0.709936 0.392628 0.713141 0.391026 0.717949 0.391026 0.722756 0.392628 0.724359 0.395833 0.724359 0.400641 0.722756 0.403846 0.719551 0.405449
0 0.725962 0.298077 0.721154 0.296474 0.719551 0.293269 0.717949 0.288462 0.719551 0.285256 0.722756 0.282051 0.729167 0.282051 0.732372 0.283654 0.733974 0.286859 0.733974 0.291667 0.732372 0.296474 0.729167 0.298077
0 0.600962 0.312500 0.597756 0.310897 0.594551 0.307692 0.592949 0.302885 0.596154 0.299679 0.599359 0.296474 0.604167 0.296474 0.608974 0.298077 0.610577 0.301282 0.610577 0.306090 0.608974 0.310897 0.605769 0.312500
0 0.572115 0.386218 0.568910 0.384615 0.565705 0.381410 0.564103 0.376603 0.565705 0.373397 0.568910 0.371795 0.575321 0.370192 0.580128 0.373397 0.581731 0.376603 0.581731 0.379808 0.580128 0.384615 0.576923 0.386218
0 0.568910 0.403846 0.565705 0.403846 0.562500 0.399038 0.562500 0.394231 0.564103 0.391026 0.567308 0.389423 0.572115 0.387821 0.576923 0.391026 0.578526 0.394231 0.578526 0.397436 0.576923 0.402244 0.573718 0.403846
0 0.605769 0.395833 0.600962 0.395833 0.596154 0.392628 0.597756 0.387821 0.599359 0.383013 0.602564 0.381410 0.607372 0.379808 0.612179 0.383013 0.613782 0.386218 0.613782 0.391026 0.612179 0.394231 0.608974 0.395833
0 0.751603 0.451923 0.750000 0.442308 0.753205 0.437500 0.759615 0.435897 0.767628 0.435897 0.772436 0.437500 0.774038 0.442308 0.775641 0.448718 0.772436 0.453526 0.769231 0.456731 0.762821 0.458333 0.754808 0.456731
0 0.716346 0.427885 0.714744 0.418269 0.719551 0.413462 0.724359 0.410256 0.732372 0.411859 0.737179 0.413462 0.740385 0.418269 0.740385 0.424679 0.737179 0.429487 0.733974 0.432692 0.727564 0.434295 0.721154 0.432692
0 0.687500 0.427885 0.685897 0.419872 0.690705 0.413462 0.695513 0.411859 0.703526 0.411859 0.708333 0.413462 0.711538 0.418269 0.711538 0.424679 0.708333 0.429487 0.705128 0.432692 0.698718 0.434295 0.692308 0.432692
0 0.690705 0.477564 0.689103 0.467949 0.693910 0.461538 0.700321 0.459936 0.706731 0.459936 0.711538 0.463141 0.714744 0.466346 0.714744 0.474359 0.711538 0.479167 0.708333 0.482372 0.703526 0.483974 0.695513 0.480769
0 0.923077 0.483974 0.921474 0.474359 0.926282 0.469551 0.931090 0.466346 0.939103 0.466346 0.942308 0.471154 0.945513 0.474359 0.945513 0.480769 0.942308 0.487179 0.940705 0.488782 0.934295 0.490385 0.927885 0.488782
0 0.876603 0.301282 0.875000 0.291667 0.878205 0.286859 0.884615 0.283654 0.892628 0.283654 0.897436 0.286859 0.900641 0.291667 0.900641 0.298077 0.897436 0.302885 0.894231 0.306090 0.887821 0.307692 0.881410 0.306090
0 0.599359 0.370192 0.597756 0.360577 0.600962 0.355769 0.607372 0.354167 0.615385 0.354167 0.620192 0.355769 0.623397 0.360577 0.623397 0.366987 0.620192 0.371795 0.616987 0.375000 0.610577 0.376603 0.604167 0.375000
0 0.572115 0.294872 0.572115 0.285256 0.575321 0.280449 0.581731 0.277244 0.588141 0.277244 0.592949 0.280449 0.596154 0.285256 0.596154 0.291667 0.592949 0.296474 0.589744 0.299679 0.584936 0.301282 0.576923 0.299679
0 0.392628 0.437500 0.391026 0.427885 0.392628 0.424679 0.395833 0.421474 0.400641 0.419872 0.408654 0.419872 0.413462 0.423077 0.415064 0.427885 0.415064 0.435897 0.413462 0.439103 0.410256 0.442308 0.403846 0.442308
0 0.397436 0.440705 0.527244 0.397436 0.527244 0.387821 0.530449 0.383013 0.536859 0.379808 0.541667 0.381410 0.548077 0.383013 0.551282 0.387821 0.551282 0.394231 0.548077 0.399038 0.544872 0.402244 0.540064 0.403846
0 0.532051 0.402244 0.514423 0.567308 0.514423 0.557692 0.517628 0.552885 0.524038 0.551282 0.530449 0.551282 0.535256 0.552885 0.538462 0.557692 0.538462 0.564103 0.536859 0.568910 0.532051 0.572115
0 0.527244 0.573718 0.519231 0.572115 0.652244 0.605769 0.650641 0.596154 0.653846 0.589744 0.660256 0.588141 0.668269 0.588141 0.673077 0.591346 0.676282 0.594551 0.676282 0.600962 0.673077 0.607372
0 0.669872 0.610577 0.663462 0.612179 0.657051 0.608974 0.626603 0.583333 0.625000 0.573718 0.629808 0.568910 0.634615 0.567308 0.642628 0.567308 0.647436 0.568910 0.650641 0.573718 0.650641 0.580128
0 0.647436 0.584936 0.644231 0.588141 0.637821 0.589744 0.631410 0.588141 0.613782 0.511218 0.613782 0.503205 0.616987 0.498397 0.621795 0.498397 0.629808 0.498397 0.633013 0.500000 0.637821 0.501603
0 0.637821 0.508013 0.634615 0.514423 0.631410 0.516026 0.626603 0.519231 0.618590 0.516026 0.341346 0.342949 0.341346 0.333333 0.344551 0.326923 0.350962 0.325321 0.357372 0.325321 0.362179 0.328526
0 0.365385 0.339744 0.363782 0.344551 0.358974 0.347756 0.354167 0.349359 0.346154 0.346154 0.248397 0.317308 0.246795 0.309295 0.250000 0.302885 0.254808 0.302885 0.262821 0.301282 0.267628 0.304487
0 0.270833 0.307692 0.270833 0.314103 0.267628 0.320513 0.264423 0.322115 0.258013 0.325321 0.251603 0.322115 0.171474 0.347756 0.171474 0.338141 0.174679 0.333333 0.181090 0.330128 0.187500 0.331731 0.192308 0.333333
0 0.195513 0.338141 0.195513 0.344551 0.192308 0.349359 0.189103 0.352564 0.184295 0.354167 0.176282 0.352564 0.099359 0.407051 0.099359 0.397436 0.100962 0.392628 0.107372 0.389423 0.115385 0.389423 0.120192 0.392628
0 0.121795 0.395833 0.123397 0.402244 0.120192 0.408654 0.116987 0.410256 0.110577 0.413462 0.104167 0.410256 0.225962 0.621795 0.224359 0.613782 0.229167 0.605769 0.233974 0.604167 0.241987 0.604167 0.246795 0.607372
0 0.250000 0.610577 0.250000 0.616987 0.246795 0.621795 0.243590 0.625000 0.237179 0.626603 0.230769 0.625000 0.272436 0.621795 0.270833 0.612179 0.275641 0.607372 0.280449 0.604167 0.288462 0.604167 0.293269 0.607372
0 0.296474 0.612179 0.296474 0.618590 0.293269 0.623397 0.290064 0.626603 0.283654 0.628205 0.277244 0.626603 0.346154 0.612179 0.344551 0.602564 0.349359 0.597756 0.354167 0.594551 0.362179 0.596154 0.366987 0.597756
0 0.370192 0.602564 0.370192 0.608974 0.366987 0.613782 0.363782 0.616987 0.357372 0.618590 0.350962 0.616987 0.378205 0.618590 0.378205 0.608974 0.381410 0.604167 0.387821 0.600962 0.394231 0.600962 0.399038 0.604167
0 0.402244 0.608974 0.402244 0.615385 0.399038 0.620192 0.395833 0.623397 0.391026 0.625000 0.383013 0.621795 0.426282 0.649038 0.424679 0.639423 0.427885 0.633013 0.434295 0.631410 0.442308 0.631410 0.447115 0.634615
0 0.450321 0.637821 0.450321 0.644231 0.447115 0.650641 0.443910 0.653846 0.437500 0.655449 0.431090 0.652244 0.354167 0.636218 0.352564 0.626603 0.355769 0.620192 0.362179 0.618590 0.370192 0.618590 0.375000 0.621795
0 0.376603 0.625000 0.378205 0.633013 0.375000 0.637821 0.371795 0.641026 0.365385 0.642628 0.357372 0.639423 0.274038 0.772436 0.272436 0.764423 0.277244 0.759615 0.283654 0.756410 0.288462 0.756410 0.293269 0.758013
0 0.296474 0.762821 0.296474 0.769231 0.294872 0.774038 0.291667 0.777244 0.286859 0.778846 0.278846 0.777244 0.328526 0.758013 0.326923 0.750000 0.330128 0.745192 0.336538 0.741987 0.344551 0.741987 0.349359 0.745192
0 0.352564 0.750000 0.352564 0.756410 0.347756 0.761218 0.346154 0.762821 0.339744 0.764423 0.333333 0.762821 0.500000 0.650641 0.498397 0.642628 0.501603 0.634615 0.508013 0.633013 0.516026 0.633013 0.520833 0.636218
0 0.524038 0.639423 0.524038 0.647436 0.520833 0.652244 0.517628 0.655449 0.511218 0.657051 0.504808 0.653846 0.141026 0.709936 0.141026 0.700321 0.144231 0.695513 0.150641 0.692308 0.157051 0.692308 0.161859 0.695513
0 0.165064 0.700321 0.165064 0.706731 0.163462 0.711538 0.158654 0.714744 0.153846 0.716346 0.145833 0.714744 0.129808 0.783654 0.128205 0.774038 0.131410 0.767628 0.137821 0.766026 0.145833 0.766026 0.150641 0.769231
0 0.152244 0.772436 0.153846 0.780449 0.150641 0.785256 0.147436 0.788462 0.141026 0.790064 0.134615 0.786859 0.402244 0.777244 0.402244 0.767628 0.405449 0.761218 0.411859 0.759615 0.418269 0.761218 0.423077 0.764423
0 0.427885 0.766026 0.427885 0.774038 0.424679 0.778846 0.419872 0.782051 0.415064 0.782051 0.408654 0.778846 0.668269 0.655449 0.666667 0.645833 0.671474 0.641026 0.676282 0.637821 0.684295 0.637821 0.689103 0.641026
0 0.692308 0.645833 0.692308 0.652244 0.689103 0.657051 0.685897 0.660256 0.679487 0.661859 0.673077 0.660256 0.616987 0.661859 0.616987 0.652244 0.620192 0.647436 0.626603 0.644231 0.633013 0.645833 0.637821 0.647436
0 0.641026 0.652244 0.641026 0.658654 0.637821 0.663462 0.634615 0.666667 0.629808 0.668269 0.621795 0.666667 0.634615 0.772436 0.633013 0.764423 0.636218 0.758013 0.642628 0.756410 0.650641 0.756410 0.655449 0.759615
0 0.658654 0.761218 0.658654 0.767628 0.655449 0.774038 0.652244 0.775641 0.645833 0.778846 0.639423 0.775641 0.543269 0.774038 0.543269 0.764423 0.546474 0.759615 0.552885 0.756410 0.559295 0.758013 0.564103 0.759615
0 0.567308 0.764423 0.567308 0.770833 0.564103 0.775641 0.560897 0.778846 0.556090 0.780449 0.548077 0.778846 0.794872 0.679487 0.791667 0.673077 0.796474 0.665064 0.802885 0.663462 0.810897 0.663462 0.815705 0.666667
0 0.818910 0.669872 0.818910 0.674679 0.815705 0.681090 0.812500 0.682692 0.806090 0.685897 0.799679 0.684295 0.769231 0.671474 0.767628 0.661859 0.772436 0.657051 0.777244 0.653846 0.785256 0.655449 0.790064 0.657051
0 0.793269 0.661859 0.793269 0.668269 0.790064 0.673077 0.786859 0.676282 0.780449 0.677885 0.774038 0.676282 0.812500 0.737179 0.810897 0.727564 0.814103 0.722756 0.820513 0.719551 0.828526 0.721154 0.833333 0.722756
0 0.836538 0.727564 0.836538 0.733974 0.833333 0.738782 0.830128 0.741987 0.823718 0.743590 0.817308 0.741987 0.940705 0.665064 0.939103 0.655449 0.942308 0.650641 0.948718 0.649038 0.956731 0.649038 0.959936 0.650641 0.963141 0.655449
0 0.963141 0.661859 0.959936 0.666667 0.956731 0.669872 0.950321 0.673077 0.945513 0.669872 0.964744 0.730769 0.963141 0.724359 0.967949 0.717949 0.972756 0.714744 0.980769 0.714744 0.985577 0.716346 0.985577 0.732372
0 0.982372 0.735577 0.975962 0.737179 0.969551 0.735577 0.972756 0.754808 0.972756 0.746795 0.975962 0.740385 0.982372 0.738782 0.983974 0.762821 0.975962 0.761218 0.826923 0.474359 0.825321 0.464744 0.830128 0.459936
0 0.834936 0.456731 0.842949 0.458333 0.847756 0.459936 0.850962 0.464744 0.850962 0.471154 0.847756 0.475962 0.844551 0.479167 0.838141 0.480769 0.831731 0.479167 0.738782 0.322115 0.737179 0.312500 0.741987 0.307692
0 0.746795 0.304487 0.753205 0.306090 0.758013 0.307692 0.761218 0.312500 0.761218 0.318910 0.758013 0.323718 0.754808 0.326923 0.750000 0.328526 0.743590 0.326923 0.631410 0.453526 0.631410 0.443910 0.634615 0.439103
0 0.639423 0.437500 0.647436 0.437500 0.652244 0.439103 0.655449 0.443910 0.655449 0.450321 0.653846 0.455128 0.649038 0.458333 0.644231 0.459936 0.636218 0.458333 0.650641 0.525641 0.647436 0.517628 0.652244 0.511218
0 0.658654 0.508013 0.666667 0.508013 0.671474 0.511218 0.674679 0.516026 0.674679 0.522436 0.671474 0.527244 0.668269 0.530449 0.661859 0.532051 0.655449 0.530449 0.695513 0.544872 0.693910 0.535256 0.697115 0.530449
0 0.703526 0.527244 0.711538 0.527244 0.716346 0.530449 0.717949 0.535256 0.717949 0.541667 0.716346 0.546474 0.713141 0.549679 0.706731 0.551282 0.698718 0.548077 0.158654 0.451923 0.157051 0.443910 0.160256 0.437500
0 0.166667 0.435897 0.174679 0.435897 0.179487 0.439103 0.181090 0.442308 0.182692 0.448718 0.179487 0.455128 0.176282 0.456731 0.169872 0.459936 0.163462 0.456731 0.365385 0.451923 0.363782 0.443910 0.365385 0.435897
0 0.371795 0.431090 0.378205 0.429487 0.384615 0.431090 0.391026 0.434295 0.394231 0.440705 0.394231 0.447115 0.392628 0.451923 0.386218 0.456731 0.379808 0.458333 0.370192 0.455128 0.483974 0.533654 0.482372 0.525641
0 0.483974 0.519231 0.488782 0.512821 0.496795 0.512821 0.501603 0.512821 0.508013 0.516026 0.511218 0.522436 0.511218 0.528846 0.509615 0.533654 0.503205 0.538462 0.498397 0.540064 0.488782 0.538462 0.511218 0.729167
0 0.508013 0.727564 0.503205 0.725962 0.504808 0.721154 0.506410 0.717949 0.511218 0.716346 0.516026 0.716346 0.517628 0.719551 0.517628 0.722756 0.517628 0.727564 0.514423 0.729167 0.472756 0.750000 0.469551 0.750000
0 0.464744 0.746795 0.466346 0.741987 0.467949 0.737179 0.471154 0.735577 0.475962 0.733974 0.480769 0.737179 0.482372 0.740385 0.482372 0.745192 0.480769 0.748397 0.477564 0.750000 0.334936 0.721154 0.334936 0.716346
0 0.334936 0.713141 0.338141 0.709936 0.342949 0.708333 0.349359 0.708333 0.352564 0.711538 0.354167 0.716346 0.352564 0.719551 0.350962 0.724359 0.347756 0.725962 0.344551 0.725962 0.338141 0.724359 0.286859 0.692308
0 0.286859 0.687500 0.288462 0.684295 0.290064 0.681090 0.294872 0.679487 0.301282 0.681090 0.304487 0.682692 0.306090 0.687500 0.306090 0.692308 0.304487 0.695513 0.301282 0.697115 0.296474 0.698718 0.290064 0.695513
0 0.333333 0.682692 0.333333 0.677885 0.333333 0.674679 0.336538 0.671474 0.339744 0.669872 0.346154 0.669872 0.349359 0.673077 0.350962 0.677885 0.350962 0.681090 0.349359 0.685897 0.346154 0.687500 0.341346 0.687500
0 0.336538 0.685897 0.304487 0.644231 0.302885 0.641026 0.304487 0.636218 0.307692 0.633013 0.310897 0.633013 0.317308 0.633013 0.320513 0.634615 0.322115 0.639423 0.322115 0.644231 0.320513 0.647436 0.317308 0.650641
0 0.312500 0.650641 0.307692 0.649038 0.269231 0.650641 0.269231 0.645833 0.270833 0.642628 0.272436 0.639423 0.275641 0.637821 0.282051 0.637821 0.285256 0.641026 0.286859 0.645833 0.286859 0.650641 0.285256 0.653846
0 0.282051 0.655449 0.278846 0.657051 0.272436 0.653846 0.307692 0.741987 0.306090 0.737179 0.307692 0.733974 0.309295 0.730769 0.314103 0.729167 0.320513 0.729167 0.323718 0.732372 0.325321 0.737179 0.325321 0.741987
0 0.323718 0.745192 0.320513 0.746795 0.314103 0.748397 0.310897 0.745192 0.259615 0.753205 0.258013 0.750000 0.259615 0.745192 0.262821 0.741987 0.266026 0.740385 0.272436 0.741987 0.275641 0.743590 0.277244 0.748397
0 0.277244 0.753205 0.275641 0.756410 0.272436 0.759615 0.267628 0.759615 0.262821 0.756410 0.233974 0.693910 0.232372 0.689103 0.233974 0.685897 0.235577 0.682692 0.240385 0.681090 0.246795 0.682692 0.250000 0.684295
0 0.251603 0.689103 0.251603 0.693910 0.250000 0.697115 0.246795 0.698718 0.241987 0.700321 0.237179 0.697115 0.179487 0.745192 0.179487 0.740385 0.181090 0.737179 0.182692 0.733974 0.185897 0.732372 0.190705 0.733974
0 0.193910 0.735577 0.195513 0.741987 0.197115 0.745192 0.195513 0.748397 0.192308 0.750000 0.189103 0.751603 0.182692 0.748397 0.217949 0.735577 0.216346 0.732372 0.217949 0.727564 0.221154 0.724359 0.224359 0.724359
0 0.230769 0.724359 0.233974 0.725962 0.235577 0.730769 0.235577 0.735577 0.233974 0.738782 0.230769 0.741987 0.225962 0.741987 0.221154 0.740385 0.173077 0.690705 0.171474 0.685897 0.173077 0.681090 0.174679 0.677885
0 0.179487 0.676282 0.184295 0.677885 0.187500 0.681090 0.190705 0.684295 0.190705 0.687500 0.189103 0.692308 0.185897 0.693910 0.181090 0.693910 0.176282 0.692308 0.161859 0.733974 0.161859 0.729167 0.161859 0.727564
0 0.165064 0.724359 0.168269 0.722756 0.174679 0.722756 0.177885 0.725962 0.179487 0.729167 0.179487 0.733974 0.177885 0.737179 0.174679 0.740385 0.171474 0.740385 0.165064 0.738782 0.315705 0.709936 0.315705 0.705128
0 0.315705 0.703526 0.318910 0.700321 0.322115 0.698718 0.328526 0.698718 0.331731 0.701923 0.333333 0.705128 0.333333 0.709936 0.331731 0.713141 0.328526 0.716346 0.325321 0.716346 0.318910 0.714744 0.275641 0.594551
0 0.274038 0.589744 0.274038 0.586538 0.277244 0.583333 0.282051 0.581731 0.288462 0.581731 0.291667 0.584936 0.293269 0.589744 0.293269 0.592949 0.291667 0.597756 0.288462 0.599359 0.283654 0.599359 0.278846 0.597756
0 0.147436 0.753205 0.145833 0.748397 0.147436 0.745192 0.147436 0.743590 0.153846 0.741987 0.160256 0.741987 0.163462 0.745192 0.165064 0.750000 0.165064 0.753205 0.163462 0.756410 0.160256 0.758013 0.155449 0.759615
0 0.149038 0.758013 0.217949 0.785256 0.216346 0.782051 0.217949 0.778846 0.219551 0.775641 0.222756 0.774038 0.229167 0.774038 0.232372 0.777244 0.233974 0.782051 0.233974 0.786859 0.230769 0.790064 0.229167 0.790064
0 0.225962 0.791667 0.219551 0.790064 0.168269 0.575321 0.168269 0.570513 0.169872 0.567308 0.171474 0.564103 0.176282 0.562500 0.182692 0.562500 0.185897 0.565705 0.187500 0.570513 0.185897 0.575321 0.184295 0.578526
0 0.181090 0.580128 0.177885 0.581731 0.171474 0.578526 0.125000 0.578526 0.125000 0.573718 0.125000 0.570513 0.128205 0.567308 0.131410 0.565705 0.137821 0.565705 0.141026 0.568910 0.142628 0.573718 0.142628 0.576923
0 0.141026 0.581731 0.137821 0.583333 0.134615 0.583333 0.128205 0.581731 0.251603 0.581731 0.250000 0.578526 0.251603 0.575321 0.254808 0.572115 0.258013 0.570513 0.264423 0.570513 0.267628 0.573718 0.269231 0.576923
0 0.269231 0.581731 0.267628 0.584936 0.264423 0.588141 0.259615 0.588141 0.254808 0.586538 0.232372 0.572115 0.230769 0.567308 0.232372 0.564103 0.233974 0.560897 0.238782 0.559295 0.245192 0.560897 0.248397 0.562500
0 0.250000 0.567308 0.250000 0.572115 0.248397 0.575321 0.245192 0.576923 0.240385 0.578526 0.235577 0.575321 0.253205 0.501603 0.253205 0.498397 0.254808 0.495192 0.256410 0.491987 0.261218 0.491987 0.267628 0.491987
0 0.270833 0.493590 0.272436 0.498397 0.270833 0.501603 0.269231 0.504808 0.266026 0.508013 0.262821 0.508013 0.256410 0.506410 0.209936 0.472756 0.209936 0.467949 0.209936 0.463141 0.211538 0.461538 0.216346 0.458333
0 0.222756 0.458333 0.225962 0.461538 0.227564 0.466346 0.227564 0.469551 0.225962 0.474359 0.222756 0.475962 0.217949 0.475962 0.213141 0.474359 0.144231 0.480769 0.142628 0.477564 0.144231 0.472756 0.147436 0.471154
0 0.150641 0.469551 0.157051 0.469551 0.160256 0.472756 0.161859 0.475962 0.161859 0.480769 0.160256 0.485577 0.157051 0.487179 0.152244 0.487179 0.147436 0.485577 0.370192 0.548077 0.368590 0.544872 0.370192 0.540064
0 0.373397 0.538462 0.376603 0.536859 0.383013 0.536859 0.386218 0.540064 0.387821 0.543269 0.387821 0.548077 0.386218 0.551282 0.383013 0.554487 0.378205 0.554487 0.373397 0.552885 0.403846 0.565705 0.403846 0.559295 0.403846 0.557692
0 0.407051 0.554487 0.411859 0.552885 0.418269 0.552885 0.421474 0.556090 0.423077 0.560897 0.423077 0.564103 0.421474 0.568910 0.418269 0.570513 0.413462 0.570513 0.407051 0.568910 0.298077 0.479167 0.298077 0.474359 0.298077 0.471154
0 0.301282 0.467949 0.306090 0.466346 0.312500 0.466346 0.315705 0.469551 0.317308 0.474359 0.315705 0.477564 0.314103 0.482372 0.310897 0.483974 0.307692 0.483974 0.301282 0.482372 0.381410 0.472756
0 0.379808 0.467949 0.381410 0.464744 0.383013 0.461538 0.387821 0.459936 0.394231 0.459936 0.397436 0.463141 0.399038 0.467949 0.399038 0.472756 0.397436 0.475962 0.394231 0.477564 0.389423 0.479167 0.384615 0.475962
0 0.288462 0.411859 0.288462 0.407051 0.290064 0.403846 0.291667 0.400641 0.294872 0.400641 0.301282 0.400641 0.306090 0.402244 0.307692 0.407051 0.306090 0.411859 0.304487 0.415064 0.301282 0.418269 0.298077 0.418269 0.291667 0.416667
0 0.322115 0.386218 0.320513 0.383013 0.322115 0.378205 0.325321 0.375000 0.328526 0.373397 0.334936 0.375000 0.338141 0.376603 0.339744 0.381410 0.339744 0.386218 0.338141 0.389423 0.334936 0.392628 0.330128 0.392628 0.325321 0.391026
0 0.371795 0.394231 0.370192 0.389423 0.370192 0.386218 0.373397 0.383013 0.378205 0.381410 0.384615 0.381410 0.387821 0.384615 0.389423 0.389423 0.389423 0.392628 0.387821 0.397436 0.384615 0.399038 0.379808 0.399038 0.375000 0.397436
0 0.459936 0.352564 0.458333 0.347756 0.459936 0.344551 0.461538 0.341346 0.466346 0.341346 0.472756 0.341346 0.475962 0.342949 0.477564 0.347756 0.477564 0.352564 0.475962 0.355769 0.472756 0.358974 0.467949 0.358974 0.463141 0.357372
0 0.450321 0.370192 0.450321 0.365385 0.450321 0.363782 0.453526 0.360577 0.458333 0.358974 0.464744 0.358974 0.467949 0.362179 0.469551 0.365385 0.467949 0.370192 0.466346 0.373397 0.463141 0.376603 0.459936 0.376603 0.453526 0.375000
0 0.520833 0.312500 0.520833 0.307692 0.522436 0.304487 0.524038 0.301282 0.527244 0.301282 0.533654 0.301282 0.536859 0.304487 0.538462 0.307692 0.538462 0.312500 0.536859 0.315705 0.533654 0.318910 0.528846 0.318910 0.524038 0.317308
0 0.498397 0.325321 0.498397 0.320513 0.498397 0.318910 0.500000 0.315705 0.504808 0.314103 0.511218 0.314103 0.514423 0.317308 0.516026 0.320513 0.514423 0.325321 0.512821 0.330128 0.509615 0.331731 0.506410 0.331731 0.500000 0.330128
0 0.479167 0.314103 0.479167 0.310897 0.479167 0.307692 0.482372 0.304487 0.487179 0.302885 0.493590 0.302885 0.496795 0.306090 0.498397 0.309295 0.496795 0.314103 0.495192 0.317308 0.491987 0.320513 0.488782 0.320513 0.482372 0.318910
0 0.459936 0.307692 0.458333 0.304487 0.459936 0.299679 0.461538 0.296474 0.466346 0.294872 0.472756 0.296474 0.475962 0.298077 0.477564 0.302885 0.477564 0.307692 0.475962 0.310897 0.472756 0.312500 0.467949 0.314103 0.463141 0.310897
0 0.442308 0.317308 0.440705 0.314103 0.442308 0.309295 0.443910 0.306090 0.448718 0.304487 0.455128 0.304487 0.458333 0.307692 0.459936 0.312500 0.459936 0.315705 0.458333 0.320513 0.455128 0.322115 0.450321 0.323718 0.445513 0.320513
0 0.493590 0.296474 0.491987 0.291667 0.493590 0.286859 0.496795 0.285256 0.498397 0.285256 0.504808 0.283654 0.508013 0.286859 0.509615 0.291667 0.509615 0.294872 0.508013 0.299679 0.504808 0.301282 0.500000 0.301282 0.496795 0.299679
0 0.391026 0.312500 0.389423 0.309295 0.391026 0.304487 0.394231 0.302885 0.397436 0.301282 0.403846 0.301282 0.407051 0.304487 0.408654 0.307692 0.408654 0.312500 0.407051 0.315705 0.403846 0.318910 0.399038 0.318910 0.394231 0.317308
0 0.286859 0.317308 0.285256 0.312500 0.285256 0.310897 0.288462 0.307692 0.293269 0.306090 0.299679 0.306090 0.302885 0.309295 0.304487 0.312500 0.304487 0.317308 0.302885 0.320513 0.299679 0.323718 0.294872 0.323718 0.290064 0.322115
0 0.322115 0.328526 0.322115 0.323718 0.323718 0.320513 0.325321 0.317308 0.330128 0.317308 0.336538 0.317308 0.339744 0.318910 0.341346 0.323718 0.339744 0.328526 0.338141 0.331731 0.334936 0.334936 0.331731 0.334936 0.325321 0.333333
0 0.270833 0.381410 0.270833 0.376603 0.270833 0.371795 0.274038 0.370192 0.277244 0.368590 0.283654 0.368590 0.286859 0.371795 0.288462 0.376603 0.288462 0.379808 0.286859 0.384615 0.283654 0.386218 0.278846 0.386218 0.274038 0.384615
0 0.221154 0.360577 0.221154 0.355769 0.222756 0.352564 0.224359 0.349359 0.229167 0.349359 0.235577 0.349359 0.237179 0.350962 0.238782 0.355769 0.238782 0.360577 0.237179 0.363782 0.233974 0.366987 0.229167 0.368590 0.224359 0.365385
0 0.216346 0.331731 0.216346 0.326923 0.216346 0.323718 0.219551 0.320513 0.224359 0.318910 0.230769 0.318910 0.233974 0.322115 0.235577 0.326923 0.233974 0.330128 0.232372 0.334936 0.229167 0.336538 0.225962 0.336538 0.219551 0.334936
0 0.195513 0.294872 0.195513 0.290064 0.195513 0.286859 0.198718 0.283654 0.201923 0.282051 0.208333 0.282051 0.211538 0.285256 0.213141 0.290064 0.213141 0.293269 0.211538 0.298077 0.208333 0.299679 0.205128 0.299679 0.198718 0.298077
0 0.166667 0.309295 0.166667 0.304487 0.166667 0.301282 0.169872 0.298077 0.174679 0.296474 0.179487 0.298077 0.182692 0.299679 0.184295 0.304487 0.182692 0.307692 0.181090 0.312500 0.177885 0.314103 0.174679 0.314103 0.169872 0.312500
0 0.133013 0.408654 0.133013 0.403846 0.133013 0.400641 0.136218 0.397436 0.139423 0.395833 0.145833 0.395833 0.149038 0.399038 0.149038 0.403846 0.149038 0.407051 0.147436 0.411859 0.145833 0.413462 0.142628 0.415064 0.136218 0.411859
0 0.153846 0.379808 0.153846 0.376603 0.155449 0.371795 0.157051 0.368590 0.161859 0.366987 0.168269 0.366987 0.171474 0.370192 0.173077 0.375000 0.171474 0.378205 0.169872 0.383013 0.166667 0.384615 0.163462 0.384615 0.157051 0.383013
0 0.177885 0.383013 0.177885 0.378205 0.177885 0.376603 0.181090 0.373397 0.185897 0.371795 0.192308 0.371795 0.195513 0.375000 0.197115 0.378205 0.195513 0.383013 0.193910 0.386218 0.190705 0.389423 0.187500 0.389423 0.181090 0.387821
0 0.102564 0.336538 0.102564 0.331731 0.104167 0.328526 0.105769 0.325321 0.110577 0.323718 0.116987 0.325321 0.118590 0.326923 0.120192 0.331731 0.118590 0.336538 0.116987 0.339744 0.113782 0.341346 0.112179 0.342949 0.105769 0.339744
0 0.267628 0.416667 0.266026 0.411859 0.267628 0.408654 0.269231 0.405449 0.274038 0.403846 0.280449 0.405449 0.283654 0.407051 0.285256 0.411859 0.285256 0.416667 0.283654 0.419872 0.280449 0.421474 0.275641 0.423077 0.269231 0.419872
0 0.318910 0.458333 0.317308 0.455128 0.318910 0.450321 0.320513 0.447115 0.325321 0.447115 0.331731 0.447115 0.334936 0.448718 0.336538 0.453526 0.336538 0.458333 0.334936 0.461538 0.331731 0.464744 0.326923 0.464744 0.322115 0.463141
0 0.161859 0.786859 0.160256 0.782051 0.160256 0.778846 0.161859 0.775641 0.166667 0.774038 0.173077 0.775641 0.176282 0.777244 0.177885 0.782051 0.177885 0.786859 0.176282 0.790064 0.173077 0.791667 0.168269 0.793269 0.163462 0.791667
0 0.698718 0.737179 0.698718 0.732372 0.698718 0.729167 0.701923 0.725962 0.705128 0.724359 0.713141 0.724359 0.716346 0.727564 0.717949 0.732372 0.716346 0.733974 0.714744 0.738782 0.711538 0.740385 0.708333 0.740385 0.701923 0.740385
0 0.262821 0.733974 0.259615 0.732372 0.254808 0.730769 0.256410 0.725962 0.258013 0.722756 0.262821 0.721154 0.267628 0.722756 0.269231 0.724359 0.269231 0.727564 0.269231 0.730769 0.266026 0.733974 0.245192 0.759615 0.241987 0.758013
0 0.240385 0.754808 0.238782 0.751603 0.240385 0.746795 0.245192 0.745192 0.250000 0.746795 0.251603 0.748397 0.253205 0.753205 0.251603 0.756410 0.248397 0.758013 0.467949 0.700321 0.466346 0.697115 0.467949 0.692308 0.471154 0.689103
0 0.474359 0.687500 0.480769 0.689103 0.483974 0.690705 0.485577 0.695513 0.485577 0.700321 0.483974 0.703526 0.480769 0.705128 0.475962 0.706731 0.471154 0.703526 0.426282 0.761218 0.423077 0.759615 0.418269 0.758013 0.419872 0.753205
0 0.421474 0.750000 0.426282 0.748397 0.431090 0.748397 0.432692 0.751603 0.432692 0.754808 0.432692 0.758013 0.429487 0.761218 0.629808 0.695513 0.628205 0.690705 0.629808 0.687500 0.631410 0.684295 0.636218 0.682692 0.642628 0.682692
0 0.645833 0.685897 0.647436 0.690705 0.647436 0.695513 0.645833 0.698718 0.642628 0.700321 0.637821 0.701923 0.633013 0.698718 0.599359 0.575321 0.597756 0.570513 0.599359 0.567308 0.600962 0.564103 0.605769 0.564103 0.612179 0.564103
0 0.615385 0.565705 0.616987 0.570513 0.616987 0.575321 0.615385 0.578526 0.612179 0.581731 0.607372 0.581731 0.602564 0.580128 0.564103 0.516026 0.564103 0.511218 0.562500 0.508013 0.565705 0.504808 0.570513 0.503205 0.576923 0.503205
0 0.580128 0.506410 0.581731 0.511218 0.581731 0.514423 0.580128 0.519231 0.576923 0.520833 0.572115 0.520833 0.567308 0.519231 0.538462 0.477564 0.538462 0.472756 0.536859 0.469551 0.540064 0.466346 0.544872 0.464744 0.551282 0.464744
0 0.554487 0.467949 0.556090 0.472756 0.556090 0.475962 0.554487 0.480769 0.551282 0.482372 0.546474 0.482372 0.541667 0.480769 0.501603 0.461538 0.501603 0.456731 0.501603 0.455128 0.504808 0.451923 0.508013 0.450321 0.514423 0.450321
0 0.517628 0.453526 0.519231 0.456731 0.519231 0.461538 0.517628 0.464744 0.514423 0.467949 0.511218 0.467949 0.504808 0.466346 0.522436 0.426282 0.520833 0.421474 0.520833 0.418269 0.524038 0.415064 0.528846 0.413462 0.535256 0.413462
0 0.538462 0.416667 0.540064 0.421474 0.540064 0.424679 0.538462 0.429487 0.535256 0.431090 0.530449 0.431090 0.525641 0.429487 0.533654 0.371795 0.533654 0.366987 0.535256 0.363782 0.536859 0.360577 0.540064 0.358974 0.548077 0.358974
0 0.551282 0.362179 0.552885 0.366987 0.551282 0.371795 0.549679 0.375000 0.546474 0.376603 0.543269 0.378205 0.536859 0.375000 0.453526 0.278846 0.453526 0.274038 0.455128 0.270833 0.456731 0.267628 0.459936 0.266026 0.466346 0.266026
0 0.469551 0.269231 0.471154 0.274038 0.471154 0.278846 0.469551 0.282051 0.466346 0.283654 0.463141 0.285256 0.456731 0.282051 0.407051 0.349359 0.405449 0.346154 0.407051 0.341346 0.410256 0.338141 0.413462 0.336538 0.419872 0.338141
0 0.423077 0.339744 0.424679 0.344551 0.424679 0.349359 0.423077 0.352564 0.419872 0.355769 0.415064 0.355769 0.410256 0.354167 0.490385 0.272436 0.490385 0.267628 0.490385 0.264423 0.493590 0.261218 0.498397 0.259615 0.503205 0.259615
0 0.506410 0.262821 0.508013 0.267628 0.508013 0.270833 0.506410 0.275641 0.503205 0.277244 0.498397 0.278846 0.493590 0.275641 0.511218 0.270833 0.511218 0.266026 0.511218 0.264423 0.514423 0.261218 0.517628 0.259615 0.524038 0.259615
0 0.527244 0.262821 0.528846 0.266026 0.528846 0.270833 0.527244 0.274038 0.524038 0.277244 0.520833 0.277244 0.514423 0.275641 0.631410 0.426282 0.631410 0.421474 0.633013 0.418269 0.634615 0.415064 0.637821 0.415064 0.644231 0.415064
0 0.647436 0.416667 0.649038 0.421474 0.649038 0.426282 0.647436 0.429487 0.644231 0.432692 0.641026 0.432692 0.634615 0.431090 0.748397 0.283654 0.748397 0.280449 0.748397 0.277244 0.751603 0.274038 0.754808 0.272436 0.761218 0.272436
0 0.764423 0.275641 0.766026 0.280449 0.766026 0.283654 0.764423 0.288462 0.761218 0.290064 0.758013 0.288462 0.751603 0.286859 0.769231 0.291667 0.769231 0.286859 0.770833 0.283654 0.772436 0.280449 0.777244 0.280449 0.783654 0.280449
0 0.786859 0.282051 0.788462 0.286859 0.786859 0.291667 0.785256 0.294872 0.782051 0.296474 0.778846 0.298077 0.772436 0.294872 0.754808 0.357372 0.754808 0.352564 0.754808 0.350962 0.758013 0.347756 0.759615 0.347756 0.767628 0.346154
0 0.770833 0.349359 0.772436 0.352564 0.770833 0.357372 0.769231 0.362179 0.767628 0.365385 0.764423 0.363782 0.758013 0.362179 0.716346 0.376603 0.714744 0.373397 0.716346 0.368590 0.719551 0.365385 0.722756 0.365385 0.729167 0.365385
0 0.732372 0.366987 0.733974 0.371795 0.733974 0.376603 0.732372 0.379808 0.729167 0.381410 0.724359 0.383013 0.719551 0.379808 0.846154 0.410256 0.846154 0.405449 0.847756 0.402244 0.847756 0.400641 0.852564 0.399038 0.858974 0.397436
0 0.862179 0.400641 0.863782 0.405449 0.862179 0.410256 0.860577 0.413462 0.857372 0.415064 0.854167 0.416667 0.849359 0.413462 0.929487 0.384615 0.926282 0.383013 0.927885 0.381410 0.931090 0.378205 0.932692 0.376603 0.935897 0.376603
0 0.937500 0.379808 0.937500 0.383013 0.935897 0.386218 0.932692 0.389423 0.931090 0.386218 0.830128 0.413462 0.828526 0.410256 0.828526 0.408654 0.831731 0.405449 0.834936 0.405449 0.838141 0.405449 0.839744 0.408654 0.839744 0.411859
0 0.838141 0.415064 0.834936 0.415064 0.831731 0.415064 0.846154 0.453526 0.844551 0.450321 0.844551 0.448718 0.847756 0.445513 0.850962 0.443910 0.854167 0.445513 0.855769 0.448718 0.855769 0.451923 0.854167 0.453526 0.850962 0.455128
0 0.847756 0.455128 0.931090 0.427885 0.931090 0.424679 0.932692 0.419872 0.935897 0.418269 0.937500 0.418269 0.939103 0.418269 0.942308 0.421474 0.942308 0.424679 0.940705 0.426282 0.939103 0.427885 0.935897 0.427885 0.940705 0.435897
0 0.940705 0.432692 0.939103 0.431090 0.942308 0.427885 0.945513 0.426282 0.948718 0.427885 0.950321 0.431090 0.950321 0.434295 0.948718 0.435897 0.945513 0.437500 0.942308 0.435897 0.929487 0.439103 0.927885 0.435897 0.929487 0.432692
0 0.931090 0.432692 0.934295 0.429487 0.937500 0.431090 0.939103 0.434295 0.939103 0.437500 0.939103 0.439103 0.934295 0.440705 0.931090 0.440705 0.967949 0.334936 0.967949 0.331731 0.969551 0.328526 0.972756 0.326923 0.975962 0.326923
0 0.977564 0.328526 0.979167 0.331731 0.979167 0.334936 0.979167 0.336538 0.975962 0.336538 0.972756 0.334936 0.961538 0.346154 0.961538 0.344551 0.963141 0.339744 0.966346 0.338141 0.969551 0.336538 0.972756 0.338141 0.974359 0.341346
0 0.974359 0.344551 0.972756 0.346154 0.969551 0.347756 0.966346 0.347756 0.953526 0.282051 0.951923 0.278846 0.951923 0.277244 0.955128 0.274038 0.958333 0.274038 0.961538 0.274038 0.963141 0.277244
0 0.963141 0.280449 0.961538 0.282051 0.958333 0.283654 0.955128 0.283654 0.785256 0.274038 0.783654 0.270833 0.783654 0.269231 0.786859 0.266026 0.790064 0.264423 0.793269 0.266026 0.794872 0.269231
0 0.794872 0.272436 0.793269 0.274038 0.790064 0.275641 0.786859 0.275641 0.729167 0.275641 0.727564 0.272436 0.727564 0.270833 0.730769 0.269231 0.732372 0.269231 0.735577 0.269231 0.737179 0.272436 0.735577 0.275641 0.737179 0.277244
0 0.732372 0.277244 0.729167 0.278846 0.676282 0.286859 0.673077 0.285256 0.674679 0.283654 0.677885 0.280449 0.681090 0.278846 0.684295 0.280449 0.685897 0.283654 0.685897 0.286859 0.684295 0.288462
0 0.681090 0.290064 0.677885 0.288462 0.633013 0.342949 0.633013 0.339744 0.634615 0.334936 0.637821 0.333333 0.639423 0.333333 0.642628 0.333333 0.645833 0.336538 0.645833 0.339744 0.644231 0.341346 0.641026 0.342949 0.637821 0.342949
0 0.616987 0.331731 0.615385 0.328526 0.615385 0.326923 0.618590 0.323718 0.621795 0.322115 0.625000 0.323718 0.626603 0.326923 0.626603 0.330128 0.625000 0.331731 0.621795 0.333333 0.618590 0.333333 0.514423 0.291667 0.512821 0.288462
0 0.514423 0.285256 0.517628 0.283654 0.519231 0.283654 0.522436 0.283654 0.524038 0.286859 0.524038 0.290064 0.524038 0.293269 0.519231 0.293269 0.516026 0.293269 0.350962 0.322115 0.352564 0.317308 0.352564 0.315705 0.355769 0.312500
0 0.358974 0.312500 0.362179 0.312500 0.363782 0.315705 0.363782 0.318910 0.362179 0.320513 0.358974 0.322115 0.355769 0.322115 0.366987 0.334936 0.365385 0.331731 0.366987 0.328526 0.370192 0.326923 0.371795 0.326923 0.375000 0.326923
0 0.378205 0.330128 0.376603 0.333333 0.376603 0.336538 0.371795 0.336538 0.370192 0.336538 0.177885 0.291667 0.176282 0.288462 0.177885 0.285256 0.181090 0.283654 0.182692 0.283654 0.184295 0.285256 0.185897 0.286859 0.185897 0.290064
0 0.185897 0.293269 0.181090 0.293269 0.179487 0.293269 0.166667 0.331731 0.166667 0.328526 0.168269 0.323718 0.169872 0.325321 0.171474 0.322115 0.174679 0.322115 0.177885 0.325321 0.177885 0.326923 0.176282 0.330128 0.173077 0.330128
0 0.169872 0.331731 0.197115 0.399038 0.195513 0.395833 0.195513 0.394231 0.198718 0.391026 0.201923 0.391026 0.205128 0.391026 0.206731 0.394231 0.206731 0.397436 0.205128 0.400641 0.201923 0.400641 0.198718 0.400641 0.108974 0.445513
0 0.107372 0.442308 0.107372 0.440705 0.110577 0.437500 0.113782 0.437500 0.116987 0.437500 0.118590 0.440705 0.118590 0.443910 0.116987 0.447115 0.113782 0.447115 0.110577 0.447115 0.131410 0.466346 0.129808 0.463141 0.131410 0.459936
0 0.134615 0.458333 0.136218 0.458333 0.139423 0.458333 0.141026 0.461538 0.139423 0.466346 0.139423 0.469551 0.136218 0.469551 0.133013 0.467949 0.338141 0.448718 0.338141 0.445513 0.339744 0.440705 0.342949 0.439103 0.346154 0.439103
0 0.349359 0.439103 0.350962 0.442308 0.350962 0.445513 0.349359 0.447115 0.346154 0.448718 0.342949 0.448718 0.312500 0.496795 0.310897 0.493590 0.310897 0.491987 0.314103 0.488782 0.317308 0.487179 0.320513 0.488782 0.322115 0.491987
0 0.322115 0.495192 0.320513 0.496795 0.317308 0.498397 0.314103 0.498397 0.354167 0.544872 0.352564 0.541667 0.352564 0.540064 0.355769 0.536859 0.358974 0.535256 0.362179 0.536859 0.363782 0.540064 0.363782 0.543269 0.362179 0.544872
0 0.358974 0.546474 0.355769 0.546474 0.463141 0.573718 0.463141 0.572115 0.464744 0.567308 0.466346 0.567308 0.469551 0.564103 0.472756 0.565705 0.475962 0.568910 0.475962 0.572115 0.474359 0.573718 0.471154 0.575321 0.467949 0.575321
0 0.421474 0.618590 0.421474 0.615385 0.423077 0.610577 0.426282 0.608974 0.427885 0.608974 0.431090 0.608974 0.434295 0.612179 0.434295 0.615385 0.432692 0.618590 0.427885 0.618590 0.426282 0.618590 0.498397 0.629808 0.498397 0.626603
0 0.498397 0.623397 0.501603 0.620192 0.503205 0.620192 0.506410 0.620192 0.509615 0.623397 0.509615 0.626603 0.508013 0.628205 0.503205 0.629808 0.501603 0.629808 0.516026 0.535256 0.512821 0.533654 0.514423 0.532051 0.517628 0.528846
0 0.520833 0.527244 0.524038 0.527244 0.525641 0.530449 0.525641 0.533654 0.524038 0.536859 0.520833 0.538462 0.517628 0.536859 0.570513 0.548077 0.570513 0.544872 0.572115 0.540064 0.575321 0.538462 0.576923 0.538462 0.580128 0.538462
0 0.583333 0.541667 0.583333 0.544872 0.581731 0.548077 0.576923 0.548077 0.575321 0.548077 0.600962 0.477564 0.599359 0.474359 0.600962 0.471154 0.604167 0.469551 0.605769 0.469551 0.608974 0.469551 0.612179 0.472756 0.610577 0.475962
0 0.610577 0.479167 0.605769 0.482372 0.604167 0.479167 0.479167 0.501603 0.480769 0.496795 0.482372 0.493590 0.483974 0.490385 0.487179 0.490385 0.493590 0.490385 0.495192 0.491987 0.495192 0.501603 0.495192 0.504808 0.493590 0.506410
0 0.488782 0.506410 0.483974 0.504808 0.636218 0.519231 0.636218 0.517628 0.637821 0.512821 0.639423 0.512821 0.642628 0.509615 0.645833 0.511218 0.649038 0.514423 0.649038 0.517628 0.647436 0.519231
0 0.644231 0.520833 0.641026 0.520833 0.674679 0.511218 0.674679 0.508013 0.676282 0.503205 0.679487 0.501603 0.682692 0.501603 0.685897 0.501603 0.687500 0.504808 0.687500 0.508013 0.685897 0.511218
0 0.682692 0.511218 0.679487 0.511218 0.621795 0.490385 0.625000 0.487179 0.628205 0.487179 0.631410 0.487179 0.633013 0.488782 0.633013 0.490385 0.631410 0.491987 0.629808 0.493590 0.628205 0.495192
0 0.626603 0.495192 0.621795 0.495192 0.623397 0.490385 0.663462 0.402244 0.661859 0.399038 0.665064 0.397436 0.668269 0.397436 0.669872 0.399038 0.669872 0.402244 0.668269 0.403846 0.666667 0.405449
0 0.665064 0.405449 0.663462 0.407051 0.661859 0.405449 0.660256 0.402244 0.735577 0.442308 0.737179 0.439103 0.738782 0.439103 0.741987 0.439103 0.743590 0.440705 0.743590 0.442308 0.741987 0.443910
0 0.741987 0.445513 0.738782 0.447115 0.737179 0.448718 0.735577 0.445513 0.733974 0.442308 0.679487 0.294872 0.681090 0.291667 0.684295 0.291667 0.687500 0.291667 0.689103 0.293269 0.689103 0.296474
0 0.687500 0.298077 0.685897 0.299679 0.684295 0.299679 0.682692 0.299679 0.677885 0.299679 0.679487 0.296474 0.674679 0.323718 0.677885 0.320513 0.681090 0.320513 0.682692 0.320513 0.684295 0.322115
0 0.684295 0.323718 0.684295 0.325321 0.682692 0.326923 0.681090 0.328526 0.677885 0.330128 0.674679 0.328526 0.676282 0.323718 0.802885 0.285256 0.804487 0.282051 0.806090 0.282051 0.809295 0.282051
0 0.810897 0.283654 0.810897 0.285256 0.809295 0.286859 0.809295 0.288462 0.807692 0.288462 0.804487 0.288462 0.802885 0.288462 0.801282 0.285256 0.858974 0.322115 0.862179 0.318910 0.865385 0.317308
0 0.868590 0.318910 0.870192 0.318910 0.870192 0.322115 0.868590 0.323718 0.866987 0.325321 0.865385 0.325321 0.863782 0.325321 0.858974 0.325321 0.860577 0.322115 0.942308 0.285256 0.945513 0.282051
0 0.948718 0.282051 0.950321 0.282051 0.951923 0.283654 0.953526 0.285256 0.951923 0.286859 0.950321 0.288462 0.948718 0.290064 0.947115 0.290064 0.942308 0.290064 0.943910 0.285256 0.983974 0.346154
0 0.987179 0.342949 0.985577 0.350962 0.985577 0.346154 0.849359 0.541667 0.852564 0.538462 0.854167 0.538462 0.855769 0.540064 0.857372 0.540064 0.857372 0.541667 0.857372 0.543269 0.857372 0.546474
0 0.855769 0.546474 0.852564 0.548077 0.849359 0.546474 0.850962 0.541667 0.802885 0.625000 0.804487 0.621795 0.807692 0.621795 0.810897 0.621795 0.812500 0.623397 0.812500 0.626603 0.810897 0.628205
0 0.809295 0.628205 0.807692 0.629808 0.806090 0.629808 0.801282 0.629808 0.802885 0.626603 0.828526 0.746795 0.830128 0.743590 0.833333 0.743590 0.836538 0.743590 0.838141 0.745192 0.838141 0.748397
0 0.836538 0.750000 0.834936 0.750000 0.833333 0.751603 0.831731 0.751603 0.826923 0.751603 0.828526 0.748397 0.756410 0.711538 0.758013 0.709936 0.759615 0.709936 0.762821 0.708333 0.764423 0.709936
0 0.764423 0.711538 0.764423 0.714744 0.762821 0.714744 0.761218 0.716346 0.758013 0.717949 0.754808 0.716346 0.756410 0.713141 0.464744 0.668269 0.464744 0.665064 0.466346 0.660256 0.469551 0.658654
0 0.471154 0.658654 0.474359 0.658654 0.477564 0.661859 0.477564 0.665064 0.475962 0.668269 0.472756 0.668269 0.469551 0.668269 0.358974 0.399038 0.355769 0.397436 0.350962 0.395833 0.352564 0.391026
0 0.354167 0.387821 0.358974 0.384615 0.363782 0.386218 0.365385 0.387821 0.365385 0.392628 0.365385 0.395833 0.362179 0.399038 0.416667 0.439103 0.416667 0.437500 0.418269 0.432692 0.421474 0.431090
0 0.424679 0.429487 0.427885 0.431090 0.429487 0.434295 0.429487 0.437500 0.427885 0.439103 0.424679 0.440705 0.421474 0.439103 0.740385 0.500000 0.737179 0.498397 0.735577 0.495192 0.733974 0.490385
0 0.735577 0.487179 0.738782 0.485577 0.745192 0.483974 0.748397 0.487179 0.751603 0.490385 0.751603 0.493590 0.750000 0.498397 0.745192 0.500000 0.809295 0.509615 0.812500 0.506410 0.815705 0.506410
0 0.817308 0.506410 0.818910 0.508013 0.820513 0.509615 0.818910 0.511218 0.817308 0.512821 0.815705 0.514423 0.814103 0.514423 0.809295 0.514423 0.810897 0.509615 0.887821 0.706731 0.883013 0.706731
0 0.878205 0.703526 0.879808 0.698718 0.881410 0.693910 0.884615 0.692308 0.889423 0.692308 0.894231 0.693910 0.895833 0.697115 0.895833 0.701923 0.894231 0.705128 0.891026 0.706731 0.855769 0.751603
0 0.857372 0.748397 0.860577 0.748397 0.862179 0.748397 0.863782 0.750000 0.865385 0.751603 0.863782 0.754808 0.862179 0.754808 0.860577 0.756410 0.858974 0.756410 0.854167 0.756410 0.855769 0.753205
0 0.745192 0.597756 0.741987 0.596154 0.738782 0.594551 0.740385 0.589744 0.740385 0.584936 0.745192 0.583333 0.750000 0.584936 0.751603 0.586538 0.753205 0.591346 0.751603 0.594551 0.748397 0.597756
0 0.301282 0.280449 0.299679 0.277244 0.301282 0.272436 0.304487 0.269231 0.307692 0.267628 0.314103 0.267628 0.317308 0.270833 0.318910 0.275641 0.318910 0.280449 0.317308 0.283654 0.314103 0.285256
