0 0.697607 0.333737 0.695165 0.335576 0.694130 0.338785 0.695004 0.342203 0.697310 0.344832 0.701842 0.345612 0.706042 0.343842 0.706730 0.341388 0.705844 0.337510 0.703899 0.334663 0.700796 0.333077
0 0.686432 0.352631 0.683990 0.354470 0.682955 0.357679 0.683829 0.361097 0.686135 0.363726 0.690667 0.364506 0.694867 0.362736 0.695555 0.360282 0.694669 0.356404 0.692724 0.353557 0.689621 0.351972
0 0.737945 0.344871 0.735503 0.346710 0.734468 0.349919 0.735342 0.353337 0.737648 0.355966 0.742180 0.356746 0.746380 0.354976 0.747068 0.352522 0.746182 0.348645 0.744237 0.345797 0.741134 0.344212
0 0.731363 0.329577 0.728921 0.331415 0.727886 0.334624 0.728760 0.338043 0.731066 0.340671 0.735598 0.341452 0.739798 0.339682 0.740486 0.337228 0.739600 0.333349 0.737655 0.330502 0.734552 0.328917
0 0.630487 0.331917 0.628046 0.333755 0.627010 0.336964 0.627885 0.340383 0.630190 0.343011 0.634723 0.343792 0.638922 0.342021 0.639611 0.339567 0.638724 0.335690 0.636780 0.332842 0.633676 0.331257
0 0.722391 0.391400 0.719949 0.393239 0.718914 0.396447 0.719789 0.399866 0.722094 0.402495 0.726626 0.403275 0.730826 0.401505 0.731515 0.399051 0.730628 0.395173 0.728684 0.392326 0.725580 0.390741
0 0.770680 0.411947 0.768238 0.413785 0.767203 0.416994 0.768078 0.420413 0.770383 0.423041 0.774916 0.423822 0.779115 0.422052 0.779804 0.419598 0.778917 0.415720 0.776973 0.412872 0.773870 0.411288
0 0.715366 0.426439 0.712924 0.428278 0.711888 0.431486 0.712763 0.434905 0.715068 0.437534 0.719600 0.438314 0.723800 0.436544 0.724489 0.434090 0.723602 0.430212 0.721658 0.427364 0.718554 0.425779
0 0.662523 0.378061 0.660080 0.379899 0.659045 0.383108 0.659920 0.386527 0.662225 0.389155 0.666758 0.389935 0.670957 0.388165 0.671646 0.385711 0.670759 0.381834 0.668815 0.378986 0.665712 0.377401
0 0.589642 0.342926 0.587200 0.344764 0.586165 0.347973 0.587040 0.351392 0.589345 0.354020 0.593877 0.354801 0.598077 0.353031 0.598765 0.350577 0.597879 0.346699 0.595934 0.343851 0.592831 0.342266
0 0.763464 0.396643 0.761022 0.398482 0.759987 0.401691 0.760862 0.405109 0.763167 0.407738 0.767699 0.408518 0.771899 0.406748 0.772587 0.404294 0.771701 0.400416 0.769756 0.397569 0.766653 0.395984
0 0.547821 0.359565 0.545379 0.361403 0.544344 0.364612 0.545218 0.368031 0.547524 0.370659 0.552056 0.371439 0.556256 0.369669 0.556944 0.367215 0.556058 0.363338 0.554113 0.360490 0.551010 0.358905
0 0.567304 0.357453 0.564862 0.359292 0.563827 0.362500 0.564702 0.365919 0.567007 0.368548 0.571539 0.369328 0.575739 0.367558 0.576427 0.365104 0.575541 0.361226 0.573597 0.358379 0.570493 0.356793
0 0.562306 0.375299 0.559864 0.377137 0.558829 0.380346 0.559704 0.383765 0.562009 0.386393 0.566541 0.387174 0.570741 0.385404 0.571429 0.382950 0.570543 0.379072 0.568599 0.376224 0.565495 0.374639
0 0.576442 0.401805 0.574000 0.403644 0.572965 0.406853 0.573839 0.410271 0.576145 0.412900 0.580678 0.413681 0.584877 0.411911 0.585566 0.409457 0.584679 0.405579 0.582734 0.402731 0.579631 0.401146
0 0.690197 0.292915 0.687755 0.294753 0.686720 0.297962 0.687594 0.301381 0.689900 0.304010 0.694432 0.304790 0.698631 0.303020 0.699320 0.300566 0.698433 0.296688 0.696489 0.293840 0.693386 0.292255
0 0.672056 0.290085 0.669614 0.291923 0.668579 0.295132 0.669453 0.298551 0.671759 0.301179 0.676291 0.301960 0.680491 0.300190 0.681179 0.297736 0.680293 0.293857 0.678349 0.291010 0.675245 0.289425
0 0.758847 0.332863 0.756405 0.334701 0.755370 0.337910 0.756244 0.341329 0.758550 0.343957 0.763082 0.344738 0.767282 0.342968 0.767970 0.340514 0.767084 0.336636 0.765139 0.333788 0.762036 0.332203
0 0.777599 0.336648 0.775157 0.338487 0.774122 0.341696 0.774996 0.345114 0.777302 0.347743 0.781834 0.348523 0.786034 0.346753 0.786722 0.344300 0.785836 0.340421 0.783892 0.337574 0.780788 0.335989
0 0.807459 0.361713 0.805017 0.363551 0.803982 0.366760 0.804857 0.370179 0.807162 0.372807 0.811694 0.373588 0.815894 0.371818 0.816583 0.369364 0.815696 0.365486 0.813752 0.362638 0.810649 0.361053
0 0.831212 0.420679 0.828771 0.422518 0.827735 0.425726 0.828609 0.429145 0.830915 0.431774 0.835448 0.432554 0.839647 0.430784 0.840336 0.428330 0.839449 0.424452 0.837505 0.421604 0.834401 0.420019
0 0.786652 0.426294 0.784210 0.428133 0.783175 0.431341 0.784050 0.434760 0.786355 0.437389 0.790888 0.438169 0.795087 0.436399 0.795776 0.433945 0.794890 0.430067 0.792945 0.427220 0.789842 0.425634
0 0.806861 0.401697 0.804419 0.403535 0.803384 0.406744 0.804259 0.410163 0.806564 0.412791 0.811096 0.413572 0.815296 0.411802 0.815985 0.409348 0.815098 0.405470 0.813154 0.402622 0.810051 0.401038
0 0.827107 0.389650 0.824666 0.391488 0.823630 0.394697 0.824505 0.398116 0.826810 0.400745 0.831343 0.401525 0.835542 0.399755 0.836231 0.397301 0.835344 0.393423 0.833400 0.390576 0.830296 0.388990
0 0.852067 0.391450 0.849625 0.393289 0.848590 0.396498 0.849464 0.399916 0.851769 0.402545 0.856302 0.403325 0.860501 0.401555 0.861190 0.399102 0.860304 0.395223 0.858359 0.392376 0.855256 0.390791
0 0.921932 0.357174 0.919490 0.359012 0.918455 0.362221 0.919330 0.365640 0.921635 0.368268 0.926168 0.369049 0.930367 0.367279 0.931056 0.364825 0.930169 0.360947 0.928225 0.358099 0.925121 0.356514
0 0.893230 0.387674 0.890788 0.389513 0.889753 0.392722 0.890627 0.396140 0.892933 0.398769 0.897465 0.399549 0.901665 0.397779 0.902353 0.395325 0.901467 0.391448 0.899522 0.388600 0.896419 0.387015
0 0.936595 0.399381 0.934153 0.401220 0.933118 0.404428 0.933992 0.407847 0.936297 0.410476 0.940830 0.411256 0.945029 0.409486 0.945718 0.407032 0.944832 0.403154 0.942887 0.400307 0.939784 0.398722
0 0.951464 0.365105 0.949022 0.366944 0.947987 0.370153 0.948861 0.373571 0.951167 0.376200 0.955699 0.376980 0.959899 0.375210 0.960587 0.372756 0.959701 0.368878 0.957756 0.366031 0.954653 0.364446
0 0.966852 0.357382 0.964411 0.359221 0.963375 0.362430 0.964250 0.365848 0.966555 0.368477 0.971088 0.369257 0.975287 0.367487 0.975976 0.365033 0.975090 0.361156 0.973145 0.358308 0.970041 0.356723
0 0.846354 0.299230 0.843912 0.301069 0.842877 0.304278 0.843752 0.307696 0.846057 0.310325 0.850589 0.311105 0.854789 0.309335 0.855478 0.306881 0.854591 0.303003 0.852646 0.300156 0.849543 0.298571
0 0.869364 0.283785 0.866922 0.285623 0.865887 0.288832 0.866761 0.292251 0.869067 0.294879 0.873599 0.295660 0.877798 0.293890 0.878487 0.291436 0.877601 0.287558 0.875656 0.284710 0.872553 0.283125
0 0.914585 0.269967 0.912143 0.271805 0.911108 0.275014 0.911982 0.278433 0.914287 0.281061 0.918820 0.281841 0.923019 0.280071 0.923708 0.277617 0.922822 0.273740 0.920877 0.270892 0.917774 0.269307
0 0.941831 0.270954 0.939390 0.272793 0.938354 0.276001 0.939229 0.279420 0.941534 0.282048 0.946067 0.282829 0.950266 0.281059 0.950955 0.278605 0.950068 0.274727 0.948124 0.271880 0.945020 0.270295
0 0.931068 0.296890 0.928626 0.298728 0.927590 0.301937 0.928465 0.305356 0.930771 0.307984 0.935303 0.308764 0.939503 0.306995 0.940191 0.304541 0.939305 0.300663 0.937360 0.297815 0.934257 0.296230
0 0.899808 0.283301 0.897366 0.285139 0.896330 0.288348 0.897205 0.291767 0.899511 0.294395 0.904043 0.295176 0.908243 0.293405 0.908931 0.290952 0.908045 0.287074 0.906100 0.284227 0.902997 0.282641
0 0.994660 0.329113 0.992218 0.330951 0.991182 0.334160 0.992057 0.337579 0.994362 0.340207 0.998397 0.340987 0.998397 0.339217 0.998397 0.336763 0.998397 0.332886 0.998397 0.330038 0.997848 0.328453
0 0.882216 0.225002 0.879775 0.226841 0.878739 0.230049 0.879614 0.233468 0.881919 0.236096 0.886451 0.236877 0.890651 0.235107 0.891340 0.232653 0.890453 0.228775 0.888508 0.225928 0.885405 0.224343
0 0.936744 0.215184 0.934303 0.217022 0.933267 0.220231 0.934142 0.223650 0.936448 0.226278 0.940980 0.227059 0.945179 0.225289 0.945868 0.222835 0.944982 0.218957 0.943037 0.216109 0.939934 0.214525
0 0.942928 0.232276 0.940485 0.234115 0.939451 0.237324 0.940325 0.240742 0.942630 0.243371 0.947163 0.244152 0.951362 0.242381 0.952051 0.239927 0.951164 0.236049 0.949220 0.233202 0.946117 0.231617
0 0.925530 0.227732 0.923088 0.229571 0.922053 0.232780 0.922927 0.236198 0.925233 0.238827 0.929765 0.239607 0.933964 0.237837 0.934653 0.235383 0.933767 0.231505 0.931822 0.228658 0.928719 0.227073
0 0.863043 0.191862 0.860602 0.193701 0.859566 0.196910 0.860441 0.200328 0.862747 0.202957 0.867279 0.203738 0.871478 0.201967 0.872167 0.199513 0.871280 0.195635 0.869336 0.192788 0.866232 0.191203
0 0.862176 0.179187 0.859735 0.181025 0.858699 0.184234 0.859574 0.187653 0.861879 0.190282 0.866412 0.191062 0.870611 0.189292 0.871300 0.186838 0.870413 0.182960 0.868469 0.180112 0.865366 0.178527
0 0.834141 0.185974 0.831700 0.187813 0.830664 0.191022 0.831539 0.194440 0.833844 0.197069 0.838377 0.197850 0.842576 0.196079 0.843265 0.193626 0.842378 0.189747 0.840434 0.186900 0.837330 0.185315
0 0.937595 0.172374 0.935153 0.174213 0.934118 0.177421 0.934993 0.180840 0.937298 0.183468 0.941830 0.184249 0.946030 0.182479 0.946718 0.180025 0.945832 0.176147 0.943888 0.173300 0.940784 0.171715
0 0.951729 0.176090 0.949288 0.177929 0.948252 0.181137 0.949127 0.184556 0.951432 0.187184 0.955965 0.187965 0.960164 0.186195 0.960853 0.183741 0.959966 0.179863 0.958022 0.177016 0.954918 0.175431
0 0.921499 0.166926 0.919057 0.168764 0.918022 0.171973 0.918896 0.175392 0.921202 0.178021 0.925734 0.178801 0.929934 0.177031 0.930622 0.174577 0.929736 0.170699 0.927791 0.167852 0.924688 0.166266
0 0.928510 0.138564 0.926069 0.140402 0.925033 0.143611 0.925908 0.147030 0.928213 0.149659 0.932746 0.150439 0.936945 0.148669 0.937634 0.146215 0.936747 0.142337 0.934803 0.139489 0.931700 0.137905
0 0.817723 0.179984 0.815282 0.181822 0.814246 0.185031 0.815121 0.188450 0.817426 0.191078 0.821959 0.191859 0.826158 0.190089 0.826847 0.187635 0.825960 0.183757 0.824016 0.180909 0.820912 0.179324
0 0.831116 0.208204 0.828674 0.210043 0.827639 0.213252 0.828513 0.216671 0.830819 0.219299 0.835351 0.220079 0.839551 0.218309 0.840239 0.215855 0.839353 0.211977 0.837408 0.209130 0.834305 0.207545
0 0.755677 0.300230 0.753235 0.302069 0.752200 0.305278 0.753074 0.308696 0.755380 0.311325 0.759912 0.312106 0.764112 0.310335 0.764800 0.307881 0.763914 0.304003 0.761969 0.301156 0.758866 0.299571
0 0.687703 0.253164 0.685261 0.255002 0.684226 0.258211 0.685101 0.261630 0.687406 0.264258 0.691939 0.265039 0.696138 0.263269 0.696826 0.260815 0.695940 0.256937 0.693995 0.254089 0.690892 0.252505
0 0.696382 0.235154 0.693940 0.236992 0.692904 0.240201 0.693779 0.243620 0.696084 0.246248 0.700617 0.247029 0.704816 0.245259 0.705505 0.242805 0.704619 0.238927 0.702674 0.236079 0.699571 0.234495
0 0.706521 0.273217 0.704080 0.275055 0.703044 0.278264 0.703919 0.281683 0.706224 0.284311 0.710757 0.285092 0.714956 0.283321 0.715645 0.280868 0.714758 0.276990 0.712814 0.274142 0.709710 0.272557
0 0.611327 0.259423 0.608885 0.261262 0.607850 0.264471 0.608724 0.267889 0.611030 0.270518 0.615562 0.271299 0.619762 0.269528 0.620450 0.267074 0.619564 0.263197 0.617620 0.260349 0.614516 0.258764
0 0.588588 0.274194 0.586147 0.276032 0.585111 0.279241 0.585986 0.282660 0.588291 0.285288 0.592823 0.286069 0.597023 0.284298 0.597712 0.281845 0.596825 0.277967 0.594880 0.275119 0.591777 0.273534
0 0.586431 0.258856 0.583989 0.260695 0.582954 0.263904 0.583828 0.267322 0.586134 0.269951 0.590666 0.270731 0.594866 0.268961 0.595554 0.266507 0.594668 0.262629 0.592723 0.259782 0.589620 0.258197
0 0.667319 0.240916 0.664877 0.242754 0.663841 0.245963 0.664716 0.249382 0.667021 0.252010 0.671554 0.252791 0.675753 0.251020 0.676442 0.248567 0.675555 0.244689 0.673611 0.241841 0.670508 0.240256
0 0.660872 0.197063 0.658430 0.198902 0.657395 0.202111 0.658270 0.205530 0.660575 0.208158 0.665108 0.208938 0.669307 0.207168 0.669996 0.204714 0.669109 0.200837 0.667165 0.197989 0.664061 0.196404
0 0.648856 0.206995 0.646414 0.208834 0.645379 0.212043 0.646253 0.215461 0.648559 0.218090 0.653091 0.218870 0.657291 0.217100 0.657979 0.214646 0.657093 0.210768 0.655148 0.207921 0.652045 0.206336
0 0.599204 0.236366 0.596762 0.238205 0.595727 0.241414 0.596602 0.244832 0.598907 0.247461 0.603440 0.248241 0.607639 0.246471 0.608328 0.244017 0.607441 0.240139 0.605497 0.237292 0.602393 0.235707
0 0.541782 0.249151 0.539340 0.250990 0.538305 0.254198 0.539180 0.257617 0.541485 0.260246 0.546017 0.261026 0.550217 0.259256 0.550905 0.256802 0.550019 0.252924 0.548075 0.250077 0.544971 0.248491
0 0.622518 0.353517 0.620076 0.355356 0.619040 0.358564 0.619915 0.361983 0.622221 0.364611 0.626753 0.365392 0.630953 0.363622 0.631641 0.361168 0.630755 0.357290 0.628810 0.354443 0.625707 0.352858
0 0.605446 0.351072 0.603004 0.352911 0.601969 0.356119 0.602843 0.359538 0.605148 0.362166 0.609681 0.362947 0.613880 0.361176 0.614569 0.358723 0.613683 0.354845 0.611738 0.351997 0.608635 0.350412
0 0.513956 0.350418 0.511514 0.352256 0.510479 0.355465 0.511353 0.358884 0.513659 0.361512 0.518191 0.362292 0.522391 0.360523 0.523079 0.358069 0.522193 0.354191 0.520248 0.351343 0.517145 0.349758
0 0.545031 0.404828 0.542589 0.406666 0.541554 0.409875 0.542429 0.413294 0.544734 0.415922 0.549267 0.416703 0.553466 0.414933 0.554155 0.412479 0.553268 0.408601 0.551324 0.405753 0.548221 0.404168
0 0.579578 0.388240 0.577137 0.390079 0.576101 0.393288 0.576976 0.396707 0.579281 0.399335 0.583814 0.400116 0.588013 0.398345 0.588702 0.395891 0.587815 0.392014 0.585871 0.389166 0.582767 0.387581
0 0.498123 0.391891 0.495681 0.393730 0.494646 0.396939 0.495520 0.400357 0.497826 0.402986 0.502358 0.403767 0.506558 0.401996 0.507246 0.399543 0.506360 0.395665 0.504416 0.392817 0.501312 0.391232
0 0.480983 0.379384 0.478541 0.381222 0.477506 0.384431 0.478380 0.387850 0.480685 0.390478 0.485218 0.391259 0.489417 0.389488 0.490106 0.387035 0.489220 0.383157 0.487275 0.380309 0.484172 0.378724
0 0.418274 0.342787 0.415832 0.344626 0.414797 0.347835 0.415671 0.351253 0.417977 0.353882 0.422509 0.354663 0.426709 0.352892 0.427397 0.350439 0.426511 0.346560 0.424566 0.343713 0.421463 0.342128
0 0.431958 0.355905 0.429516 0.357744 0.428480 0.360952 0.429355 0.364371 0.431660 0.367000 0.436193 0.367780 0.440392 0.366010 0.441081 0.363556 0.440194 0.359678 0.438250 0.356831 0.435147 0.355245
0 0.485043 0.299426 0.482601 0.301265 0.481566 0.304474 0.482441 0.307893 0.484746 0.310521 0.489278 0.311301 0.493478 0.309531 0.494166 0.307077 0.493280 0.303199 0.491335 0.300352 0.488232 0.298767
0 0.499720 0.289379 0.497278 0.291218 0.496243 0.294427 0.497118 0.297846 0.499423 0.300474 0.503955 0.301254 0.508155 0.299484 0.508843 0.297030 0.507957 0.293152 0.506012 0.290305 0.502909 0.288720
0 0.474768 0.255488 0.472326 0.257327 0.471290 0.260536 0.472165 0.263954 0.474470 0.266583 0.479003 0.267363 0.483202 0.265593 0.483890 0.263139 0.483004 0.259261 0.481060 0.256414 0.477957 0.254829
0 0.441757 0.392055 0.439315 0.393893 0.438280 0.397102 0.439154 0.400521 0.441459 0.403149 0.445992 0.403929 0.450191 0.402159 0.450880 0.399706 0.449993 0.395828 0.448049 0.392980 0.444946 0.391395
0 0.469658 0.389487 0.467217 0.391325 0.466181 0.394534 0.467056 0.397953 0.469361 0.400581 0.473894 0.401362 0.478093 0.399592 0.478782 0.397138 0.477895 0.393260 0.475951 0.390412 0.472847 0.388828
0 0.454460 0.382289 0.452018 0.384127 0.450983 0.387336 0.451857 0.390755 0.454163 0.393383 0.458695 0.394164 0.462895 0.392393 0.463583 0.389940 0.462697 0.386062 0.460752 0.383214 0.457649 0.381630
0 0.502743 0.337564 0.500301 0.339403 0.499266 0.342612 0.500140 0.346030 0.502446 0.348659 0.506978 0.349439 0.511178 0.347669 0.511866 0.345215 0.510980 0.341337 0.509036 0.338490 0.505932 0.336905
0 0.501715 0.305220 0.499274 0.307059 0.498238 0.310267 0.499112 0.313686 0.501418 0.316314 0.505950 0.317095 0.510150 0.315325 0.510838 0.312871 0.509952 0.308993 0.508007 0.306146 0.504904 0.304561
0 0.485880 0.320798 0.483438 0.322636 0.482403 0.325845 0.483277 0.329264 0.485583 0.331892 0.490115 0.332673 0.494314 0.330903 0.495003 0.328449 0.494117 0.324571 0.492172 0.321723 0.489069 0.320139
0 0.508005 0.421053 0.505563 0.422891 0.504528 0.426100 0.505402 0.429519 0.507708 0.432147 0.512240 0.432928 0.516440 0.431158 0.517128 0.428704 0.516242 0.424826 0.514297 0.421978 0.511194 0.420394
0 0.470240 0.435406 0.467798 0.437245 0.466763 0.440454 0.467638 0.443872 0.469943 0.446501 0.474475 0.447282 0.478675 0.445511 0.479363 0.443058 0.478477 0.439180 0.476533 0.436332 0.473430 0.434747
0 0.596304 0.426291 0.593862 0.428130 0.592827 0.431339 0.593701 0.434757 0.596007 0.437386 0.600540 0.438167 0.604739 0.436396 0.605427 0.433943 0.604541 0.430065 0.602597 0.427217 0.599493 0.425632
0 0.601652 0.449459 0.599210 0.451298 0.598175 0.454507 0.599050 0.457925 0.601355 0.460554 0.605888 0.461334 0.610087 0.459564 0.610776 0.457110 0.609889 0.453232 0.607945 0.450385 0.604841 0.448800
0 0.539929 0.504121 0.537487 0.505960 0.536452 0.509169 0.537327 0.512587 0.539632 0.515216 0.544165 0.515996 0.548364 0.514226 0.549053 0.511772 0.548166 0.507894 0.546222 0.505047 0.543118 0.503461
0 0.479633 0.455211 0.477191 0.457050 0.476156 0.460258 0.477030 0.463677 0.479336 0.466306 0.483868 0.467086 0.488068 0.465316 0.488756 0.462862 0.487870 0.458984 0.485925 0.456137 0.482822 0.454552
0 0.625178 0.445533 0.622736 0.447372 0.621701 0.450580 0.622575 0.453999 0.624880 0.456628 0.629413 0.457408 0.633612 0.455638 0.634301 0.453184 0.633415 0.449306 0.631470 0.446459 0.628367 0.444874
0 0.455665 0.466998 0.453223 0.468837 0.452188 0.472045 0.453062 0.475464 0.455368 0.478092 0.459900 0.478873 0.464100 0.477103 0.464788 0.474649 0.463902 0.470771 0.461957 0.467924 0.458854 0.466339
0 0.414712 0.449184 0.412270 0.451023 0.411235 0.454232 0.412109 0.457650 0.414415 0.460279 0.418947 0.461059 0.423147 0.459289 0.423835 0.456835 0.422949 0.452957 0.421004 0.450110 0.417901 0.448525
0 0.383059 0.447775 0.380617 0.449613 0.379582 0.452822 0.380456 0.456241 0.382762 0.458869 0.387294 0.459650 0.391493 0.457880 0.392182 0.455426 0.391296 0.451548 0.389351 0.448700 0.386248 0.447115
0 0.356585 0.450343 0.354143 0.452181 0.353108 0.455390 0.353982 0.458809 0.356288 0.461438 0.360820 0.462218 0.365020 0.460448 0.365708 0.457994 0.364822 0.454116 0.362877 0.451269 0.359774 0.449684
0 0.330736 0.451843 0.328294 0.453682 0.327259 0.456891 0.328133 0.460310 0.330439 0.462938 0.334971 0.463719 0.339170 0.461948 0.339859 0.459494 0.338973 0.455617 0.337028 0.452769 0.333925 0.451184
0 0.346131 0.381482 0.343690 0.383321 0.342654 0.386529 0.343529 0.389948 0.345834 0.392577 0.350366 0.393357 0.354566 0.391587 0.355255 0.389133 0.354368 0.385255 0.352424 0.382408 0.349320 0.380823
0 0.319204 0.372212 0.316763 0.374050 0.315727 0.377259 0.316602 0.380678 0.318907 0.383306 0.323440 0.384087 0.327639 0.382317 0.328328 0.379863 0.327441 0.375985 0.325497 0.373137 0.322393 0.371552
0 0.331396 0.347827 0.328954 0.349666 0.327918 0.352875 0.328793 0.356293 0.331098 0.358922 0.335630 0.359702 0.339830 0.357932 0.340519 0.355479 0.339632 0.351600 0.337688 0.348753 0.334584 0.347168
0 0.346066 0.348634 0.343624 0.350473 0.342589 0.353682 0.343463 0.357101 0.345769 0.359729 0.350301 0.360510 0.354501 0.358739 0.355189 0.356286 0.354303 0.352408 0.352358 0.349560 0.349255 0.347975
0 0.368211 0.288417 0.365769 0.290255 0.364734 0.293464 0.365608 0.296883 0.367914 0.299512 0.372446 0.300292 0.376646 0.298522 0.377334 0.296068 0.376448 0.292190 0.374503 0.289343 0.371400 0.287758
0 0.394166 0.263952 0.391724 0.265790 0.390689 0.268999 0.391563 0.272418 0.393869 0.275046 0.398401 0.275827 0.402600 0.274057 0.403289 0.271603 0.402403 0.267725 0.400458 0.264877 0.397355 0.263292
0 0.457929 0.306057 0.455487 0.307896 0.454452 0.311105 0.455326 0.314523 0.457631 0.317152 0.462164 0.317933 0.466363 0.316162 0.467052 0.313708 0.466166 0.309830 0.464221 0.306983 0.461118 0.305398
0 0.325313 0.276152 0.322871 0.277990 0.321836 0.281199 0.322710 0.284618 0.325015 0.287246 0.329548 0.288027 0.333747 0.286257 0.334436 0.283803 0.333550 0.279925 0.331605 0.277077 0.328502 0.275492
0 0.255931 0.402112 0.253489 0.403950 0.252454 0.407159 0.253329 0.410578 0.255634 0.413206 0.260166 0.413986 0.264366 0.412216 0.265054 0.409762 0.264168 0.405885 0.262223 0.403037 0.259120 0.401452
0 0.209127 0.385894 0.206685 0.387733 0.205650 0.390941 0.206525 0.394360 0.208830 0.396989 0.213362 0.397769 0.217562 0.395999 0.218251 0.393545 0.217364 0.389667 0.215420 0.386819 0.212316 0.385235
0 0.193483 0.429027 0.191041 0.430865 0.190006 0.434074 0.190881 0.437493 0.193186 0.440122 0.197719 0.440902 0.201918 0.439132 0.202606 0.436678 0.201720 0.432800 0.199776 0.429952 0.196672 0.428368
0 0.174065 0.453610 0.171622 0.455449 0.170587 0.458658 0.171462 0.462076 0.173767 0.464705 0.178300 0.465485 0.182499 0.463715 0.183188 0.461261 0.182302 0.457383 0.180357 0.454536 0.177254 0.452951
0 0.163918 0.440650 0.161476 0.442489 0.160440 0.445697 0.161315 0.449116 0.163620 0.451744 0.168153 0.452525 0.172352 0.450754 0.173041 0.448301 0.172155 0.444423 0.170210 0.441576 0.167107 0.439990
0 0.189648 0.444451 0.187206 0.446290 0.186171 0.449499 0.187046 0.452917 0.189351 0.455546 0.193883 0.456327 0.198083 0.454556 0.198772 0.452102 0.197885 0.448224 0.195941 0.445377 0.192837 0.443792
0 0.213497 0.460755 0.211055 0.462594 0.210020 0.465803 0.210895 0.469221 0.213200 0.471850 0.217733 0.472630 0.221932 0.470860 0.222621 0.468406 0.221734 0.464528 0.219790 0.461681 0.216686 0.460096
0 0.165192 0.472775 0.162750 0.474614 0.161715 0.477823 0.162589 0.481242 0.164895 0.483870 0.169427 0.484651 0.173627 0.482881 0.174315 0.480427 0.173429 0.476549 0.171485 0.473701 0.168381 0.472116
0 0.220663 0.416851 0.218222 0.418689 0.217186 0.421898 0.218061 0.425317 0.220366 0.427945 0.224899 0.428726 0.229098 0.426955 0.229787 0.424502 0.228900 0.420624 0.226956 0.417776 0.223852 0.416191
0 0.151612 0.359013 0.149171 0.360852 0.148135 0.364061 0.149010 0.367479 0.151315 0.370108 0.155848 0.370888 0.160047 0.369118 0.160736 0.366664 0.159849 0.362786 0.157905 0.359939 0.154801 0.358354
0 0.137166 0.360487 0.134724 0.362325 0.133689 0.365534 0.134563 0.368953 0.136869 0.371581 0.141401 0.372362 0.145601 0.370592 0.146289 0.368138 0.145403 0.364260 0.143459 0.361412 0.140355 0.359828
0 0.114365 0.354340 0.111923 0.356179 0.110888 0.359388 0.111762 0.362806 0.114068 0.365435 0.118600 0.366215 0.122800 0.364445 0.123488 0.361991 0.122602 0.358113 0.120657 0.355266 0.117554 0.353681
0 0.236320 0.359768 0.233878 0.361606 0.232842 0.364815 0.233717 0.368234 0.236023 0.370862 0.240555 0.371643 0.244754 0.369873 0.245443 0.367419 0.244557 0.363541 0.242612 0.360693 0.239509 0.359109
0 0.201797 0.314803 0.199355 0.316641 0.198319 0.319850 0.199194 0.323269 0.201500 0.325897 0.206032 0.326678 0.210232 0.324908 0.210920 0.322454 0.210034 0.318576 0.208089 0.315728 0.204986 0.314144
0 0.214499 0.305035 0.212057 0.306874 0.211022 0.310082 0.211896 0.313501 0.214202 0.316129 0.218734 0.316910 0.222934 0.315140 0.223622 0.312686 0.222736 0.308808 0.220791 0.305961 0.217688 0.304376
0 0.243427 0.450307 0.240986 0.452145 0.239950 0.455354 0.240825 0.458773 0.243130 0.461401 0.247663 0.462182 0.251862 0.460411 0.252551 0.457957 0.251664 0.454080 0.249720 0.451232 0.246617 0.449647
0 0.171688 0.521435 0.169246 0.523273 0.168211 0.526482 0.169085 0.529901 0.171390 0.532530 0.175923 0.533310 0.180122 0.531540 0.180811 0.529086 0.179924 0.525208 0.177980 0.522360 0.174877 0.520775
0 0.218575 0.527561 0.216133 0.529399 0.215098 0.532608 0.215972 0.536027 0.218277 0.538655 0.222810 0.539436 0.227009 0.537666 0.227698 0.535212 0.226811 0.531334 0.224867 0.528487 0.221764 0.526901
0 0.274072 0.536445 0.271630 0.538283 0.270594 0.541492 0.271469 0.544911 0.273775 0.547539 0.278307 0.548320 0.282507 0.546549 0.283195 0.544095 0.282309 0.540218 0.280364 0.537370 0.277261 0.535785
0 0.200682 0.535376 0.198240 0.537215 0.197204 0.540423 0.198079 0.543842 0.200384 0.546471 0.204917 0.547251 0.209116 0.545481 0.209805 0.543027 0.208918 0.539149 0.206974 0.536302 0.203870 0.534717
0 0.159379 0.505546 0.156937 0.507384 0.155902 0.510593 0.156777 0.514012 0.159082 0.516640 0.163615 0.517421 0.167814 0.515650 0.168503 0.513197 0.167616 0.509319 0.165672 0.506471 0.162568 0.504886
0 0.316207 0.522379 0.313766 0.524218 0.312730 0.527426 0.313605 0.530845 0.315910 0.533474 0.320443 0.534254 0.324642 0.532484 0.325331 0.530030 0.324444 0.526152 0.322500 0.523305 0.319396 0.521720
0 0.364727 0.570876 0.362285 0.572715 0.361250 0.575924 0.362125 0.579342 0.364430 0.581970 0.368962 0.582751 0.373162 0.580981 0.373850 0.578527 0.372964 0.574649 0.371020 0.571802 0.367916 0.570217
0 0.401017 0.590898 0.398576 0.592737 0.397540 0.595946 0.398415 0.599364 0.400720 0.601993 0.405253 0.602774 0.409452 0.601003 0.410141 0.598549 0.409254 0.594672 0.407310 0.591824 0.404206 0.590239
0 0.445711 0.586692 0.443269 0.588530 0.442234 0.591739 0.443108 0.595158 0.445413 0.597786 0.449946 0.598567 0.454145 0.596796 0.454834 0.594343 0.453948 0.590465 0.452003 0.587617 0.448900 0.586032
0 0.267305 0.626662 0.264863 0.628500 0.263828 0.631709 0.264703 0.635128 0.267008 0.637756 0.271541 0.638537 0.275740 0.636766 0.276429 0.634313 0.275542 0.630435 0.273598 0.627587 0.270494 0.626002
0 0.263333 0.583325 0.260891 0.585163 0.259856 0.588372 0.260730 0.591791 0.263035 0.594419 0.267568 0.595200 0.271767 0.593430 0.272456 0.590976 0.271570 0.587098 0.269625 0.584250 0.266522 0.582665
0 0.206036 0.638542 0.203594 0.640381 0.202559 0.643589 0.203433 0.647008 0.205738 0.649637 0.210271 0.650417 0.214470 0.648647 0.215159 0.646193 0.214273 0.642315 0.212328 0.639468 0.209225 0.637883
0 0.242383 0.683571 0.239941 0.685410 0.238906 0.688619 0.239780 0.692037 0.242086 0.694666 0.246618 0.695447 0.250818 0.693676 0.251506 0.691222 0.250620 0.687345 0.248675 0.684497 0.245572 0.682912
0 0.401526 0.671420 0.399085 0.673258 0.398049 0.676467 0.398924 0.679886 0.401229 0.682514 0.405762 0.683295 0.409961 0.681524 0.410650 0.679071 0.409763 0.675193 0.407819 0.672345 0.404715 0.670760
0 0.345956 0.660492 0.343514 0.662330 0.342479 0.665539 0.343353 0.668958 0.345659 0.671586 0.350191 0.672367 0.354391 0.670597 0.355079 0.668143 0.354193 0.664265 0.352248 0.661417 0.349145 0.659832
0 0.356517 0.648131 0.354075 0.649970 0.353040 0.653179 0.353914 0.656597 0.356219 0.659226 0.360752 0.660006 0.364951 0.658236 0.365640 0.655782 0.364753 0.651904 0.362809 0.649057 0.359706 0.647472
0 0.221524 0.700017 0.219082 0.701856 0.218047 0.705065 0.218922 0.708483 0.221227 0.711112 0.225760 0.711892 0.229959 0.710122 0.230648 0.707668 0.229761 0.703790 0.227817 0.700943 0.224713 0.699358
0 0.237589 0.707078 0.235148 0.708917 0.234112 0.712126 0.234987 0.715545 0.237293 0.718173 0.241825 0.718954 0.246025 0.717183 0.246713 0.714730 0.245826 0.710851 0.243882 0.708004 0.240779 0.706419
0 0.324999 0.703179 0.322557 0.705018 0.321522 0.708226 0.322397 0.711645 0.324702 0.714274 0.329234 0.715054 0.333434 0.713284 0.334123 0.710830 0.333236 0.706952 0.331292 0.704105 0.328188 0.702520
0 0.363281 0.731145 0.360839 0.732984 0.359804 0.736193 0.360678 0.739612 0.362984 0.742240 0.367516 0.743021 0.371716 0.741250 0.372404 0.738796 0.371518 0.734919 0.369573 0.732071 0.366470 0.730486
0 0.400985 0.726356 0.398544 0.728194 0.397508 0.731403 0.398383 0.734822 0.400688 0.737450 0.405221 0.738231 0.409420 0.736461 0.410109 0.734007 0.409222 0.730129 0.407278 0.727282 0.404175 0.725697
0 0.370154 0.746728 0.367712 0.748566 0.366677 0.751775 0.367551 0.755194 0.369857 0.757823 0.374389 0.758603 0.378589 0.756833 0.379277 0.754379 0.378391 0.750501 0.376446 0.747654 0.373343 0.746069
0 0.257146 0.744105 0.254705 0.745943 0.253669 0.749152 0.254544 0.752571 0.256849 0.755199 0.261248 0.755544 0.265581 0.754210 0.266270 0.751756 0.265383 0.747878 0.263439 0.745030 0.260335 0.743445
0 0.446104 0.711641 0.443662 0.713480 0.442627 0.716689 0.443502 0.720107 0.445807 0.722736 0.450206 0.723081 0.454539 0.721746 0.455228 0.719292 0.454341 0.715414 0.452397 0.712567 0.449293 0.710982
0 0.461780 0.646360 0.459338 0.648199 0.458303 0.651408 0.459177 0.654826 0.461483 0.657455 0.465882 0.657799 0.470215 0.656465 0.470903 0.654011 0.470017 0.650133 0.468072 0.647286 0.464969 0.645701
0 0.480824 0.628696 0.478382 0.630534 0.477347 0.633743 0.478221 0.637162 0.480527 0.639790 0.484926 0.640134 0.489259 0.638800 0.489947 0.636346 0.489061 0.632469 0.487116 0.629621 0.484013 0.628036
0 0.483503 0.649446 0.481061 0.651285 0.480026 0.654494 0.480901 0.657913 0.483206 0.660541 0.487605 0.660886 0.491938 0.659552 0.492626 0.657098 0.491740 0.653220 0.489796 0.650372 0.486692 0.648787
0 0.352906 0.681238 0.350464 0.683076 0.349429 0.686285 0.350304 0.689704 0.352609 0.692332 0.357008 0.692677 0.361341 0.691343 0.362030 0.688889 0.361143 0.685011 0.359199 0.682163 0.356095 0.680579
0 0.521717 0.643964 0.519275 0.645802 0.518240 0.649011 0.519115 0.652430 0.521420 0.655058 0.525819 0.655403 0.530152 0.654068 0.530840 0.651615 0.529954 0.647737 0.528009 0.644889 0.524906 0.643304
0 0.512545 0.622402 0.510103 0.624241 0.509068 0.627450 0.509943 0.630868 0.512248 0.633497 0.516647 0.633842 0.520980 0.632507 0.521669 0.630054 0.520782 0.626175 0.518838 0.623328 0.515734 0.621743
0 0.497765 0.618409 0.495323 0.620247 0.494287 0.623456 0.495162 0.626875 0.497467 0.629503 0.501867 0.629848 0.506199 0.628514 0.506888 0.626060 0.506001 0.622182 0.504057 0.619334 0.500954 0.617749
0 0.504649 0.662951 0.502207 0.664790 0.501172 0.667999 0.502047 0.671417 0.504352 0.674046 0.508751 0.674390 0.513084 0.673056 0.513772 0.670602 0.512886 0.666724 0.510942 0.663877 0.507838 0.662292
0 0.521086 0.597287 0.518645 0.599126 0.517609 0.602335 0.518484 0.605753 0.520789 0.608382 0.525188 0.608727 0.529521 0.607392 0.530210 0.604938 0.529324 0.601061 0.527379 0.598213 0.524275 0.596628
0 0.279987 0.738424 0.277545 0.740263 0.276509 0.743472 0.277384 0.746891 0.279690 0.749519 0.284089 0.749863 0.288422 0.748529 0.289110 0.746075 0.288224 0.742197 0.286279 0.739350 0.283176 0.737765
0 0.556641 0.608445 0.554199 0.610283 0.553164 0.613492 0.554038 0.616911 0.556344 0.619539 0.560743 0.619884 0.565076 0.618550 0.565764 0.616096 0.564878 0.612218 0.562933 0.609371 0.559830 0.607785
0 0.589990 0.624601 0.587548 0.626439 0.586513 0.629648 0.587388 0.633067 0.589693 0.635695 0.594092 0.636040 0.598425 0.634706 0.599113 0.632252 0.598227 0.628374 0.596283 0.625526 0.593179 0.623942
0 0.593233 0.596226 0.590791 0.598065 0.589756 0.601273 0.590631 0.604692 0.592936 0.607321 0.597335 0.607665 0.601668 0.606331 0.602356 0.603877 0.601470 0.599999 0.599526 0.597152 0.596422 0.595567
0 0.551143 0.587707 0.548701 0.589545 0.547666 0.592754 0.548540 0.596173 0.550845 0.598801 0.555244 0.599146 0.559577 0.597812 0.560266 0.595358 0.559379 0.591480 0.557435 0.588632 0.554331 0.587047
0 0.472646 0.537761 0.470204 0.539600 0.469169 0.542809 0.470043 0.546227 0.472349 0.548856 0.476748 0.549201 0.481081 0.547866 0.481769 0.545413 0.480883 0.541535 0.478938 0.538687 0.475835 0.537102
0 0.689359 0.557223 0.686918 0.559062 0.685882 0.562271 0.686757 0.565690 0.689062 0.568318 0.693461 0.568662 0.697794 0.567328 0.698483 0.564874 0.697596 0.560996 0.695652 0.558149 0.692548 0.556564
0 0.547135 0.691725 0.544694 0.693563 0.543658 0.696772 0.544533 0.700191 0.546838 0.702819 0.551237 0.703164 0.555570 0.701830 0.556258 0.699376 0.555372 0.695498 0.553427 0.692650 0.550324 0.691065
0 0.697875 0.654986 0.695433 0.656824 0.694398 0.660033 0.695272 0.663452 0.697578 0.666080 0.701977 0.666425 0.706310 0.665090 0.706998 0.662636 0.706112 0.658759 0.704167 0.655911 0.701064 0.654326
0 0.650522 0.600556 0.648080 0.602395 0.647044 0.605603 0.647919 0.609022 0.650224 0.611651 0.654624 0.611995 0.658956 0.610661 0.659645 0.608207 0.658759 0.604329 0.656814 0.601481 0.653711 0.599897
0 0.721603 0.572737 0.719161 0.574576 0.718126 0.577785 0.719001 0.581204 0.721306 0.583832 0.725705 0.584176 0.730038 0.582842 0.730726 0.580388 0.729840 0.576510 0.727895 0.573663 0.724792 0.572078
0 0.684036 0.571820 0.681594 0.573659 0.680559 0.576868 0.681434 0.580286 0.683739 0.582915 0.688138 0.583259 0.692471 0.581925 0.693160 0.579471 0.692273 0.575593 0.690328 0.572746 0.687225 0.571161
0 0.680672 0.543394 0.678231 0.545233 0.677195 0.548441 0.678070 0.551860 0.680375 0.554488 0.684774 0.554833 0.689107 0.553498 0.689796 0.551045 0.688909 0.547167 0.686965 0.544320 0.683861 0.542734
0 0.613399 0.517201 0.610958 0.519040 0.609922 0.522249 0.610797 0.525667 0.613102 0.528295 0.617501 0.528640 0.621834 0.527305 0.622523 0.524852 0.621636 0.520974 0.619692 0.518127 0.616589 0.516541
0 0.724904 0.594186 0.722463 0.596024 0.721428 0.599233 0.722302 0.602652 0.724607 0.605281 0.729006 0.605625 0.733339 0.604291 0.734028 0.601837 0.733141 0.597959 0.731197 0.595111 0.728094 0.593527
0 0.507961 0.529768 0.505519 0.531607 0.504483 0.534815 0.505358 0.538234 0.507663 0.540862 0.512062 0.541207 0.516395 0.539873 0.517084 0.537419 0.516197 0.533541 0.514253 0.530694 0.511150 0.529109
0 0.750422 0.619005 0.747981 0.620843 0.746945 0.624052 0.747820 0.627471 0.750125 0.630099 0.754524 0.630444 0.758857 0.629110 0.759546 0.626656 0.758659 0.622778 0.756715 0.619930 0.753611 0.618346
0 0.765874 0.619753 0.763432 0.621592 0.762397 0.624801 0.763272 0.628220 0.765577 0.630848 0.769976 0.631193 0.774309 0.629859 0.774997 0.627405 0.774111 0.623527 0.772166 0.620679 0.769063 0.619094
0 0.745906 0.651933 0.743464 0.653771 0.742429 0.656980 0.743304 0.660399 0.745609 0.663027 0.750008 0.663372 0.754341 0.662037 0.755029 0.659583 0.754143 0.655706 0.752198 0.652858 0.749095 0.651273
0 0.736543 0.640515 0.734101 0.642353 0.733066 0.645562 0.733940 0.648981 0.736246 0.651610 0.740645 0.651954 0.744978 0.650620 0.745666 0.648166 0.744780 0.644288 0.742835 0.641440 0.739732 0.639855
0 0.727826 0.668539 0.725384 0.670377 0.724349 0.673586 0.725224 0.677005 0.727529 0.679633 0.731928 0.679978 0.736261 0.678644 0.736949 0.676190 0.736063 0.672312 0.734119 0.669464 0.731015 0.667880
0 0.694077 0.671482 0.691635 0.673321 0.690600 0.676530 0.691475 0.679949 0.693780 0.682577 0.698046 0.682486 0.702488 0.681509 0.703201 0.679133 0.702314 0.675256 0.700370 0.672408 0.697267 0.670823
0 0.767440 0.582921 0.764998 0.584760 0.763963 0.587968 0.764838 0.591387 0.767143 0.594015 0.771409 0.593924 0.775851 0.592947 0.776563 0.590572 0.775677 0.586694 0.773733 0.583847 0.770630 0.582262
0 0.770222 0.535090 0.767780 0.536929 0.766744 0.540138 0.767619 0.543556 0.769924 0.546185 0.774190 0.546093 0.778632 0.545117 0.779345 0.542741 0.778458 0.538863 0.776514 0.536016 0.773411 0.534431
0 0.772892 0.604630 0.770450 0.606469 0.769415 0.609678 0.770290 0.613096 0.772595 0.615725 0.777295 0.616419 0.781303 0.614656 0.782016 0.612281 0.781129 0.608403 0.779185 0.605556 0.776082 0.603971
0 0.809797 0.618294 0.807355 0.620133 0.806320 0.623342 0.807195 0.626761 0.809500 0.629389 0.814200 0.630084 0.818208 0.628321 0.818921 0.625945 0.818034 0.622068 0.816090 0.619220 0.812987 0.617635
0 0.824042 0.611291 0.821600 0.613129 0.820565 0.616338 0.821440 0.619757 0.823745 0.622385 0.828444 0.623080 0.832453 0.621317 0.833165 0.618942 0.832279 0.615064 0.830334 0.612216 0.827231 0.610631
0 0.824075 0.551765 0.821633 0.553603 0.820598 0.556812 0.821473 0.560231 0.823778 0.562859 0.828477 0.563554 0.832486 0.561791 0.833199 0.559416 0.832312 0.555538 0.830368 0.552690 0.827264 0.551106
0 0.787265 0.553044 0.784823 0.554883 0.783788 0.558092 0.784663 0.561511 0.786968 0.564139 0.791668 0.564834 0.795676 0.563071 0.796389 0.560696 0.795502 0.556818 0.793558 0.553970 0.790455 0.552385
0 0.816992 0.538571 0.814550 0.540410 0.813515 0.543619 0.814389 0.547037 0.816694 0.549666 0.821394 0.550361 0.825402 0.548598 0.826115 0.546223 0.825228 0.542345 0.823284 0.539497 0.820181 0.537912
0 0.893426 0.603676 0.890984 0.605515 0.889949 0.608724 0.890823 0.612142 0.893128 0.614771 0.897828 0.615465 0.901836 0.613703 0.902549 0.611327 0.901662 0.607449 0.899718 0.604602 0.896615 0.603017
0 0.857815 0.596703 0.855374 0.598541 0.854338 0.601750 0.855213 0.605169 0.857518 0.607798 0.862217 0.608492 0.866226 0.606729 0.866939 0.604354 0.866052 0.600476 0.864108 0.597628 0.861004 0.596043
0 0.986437 0.552352 0.983995 0.554190 0.982960 0.557399 0.983835 0.560818 0.986140 0.563446 0.990839 0.564141 0.994848 0.562378 0.995560 0.560003 0.994674 0.556125 0.992729 0.553277 0.989626 0.551693
0 0.978359 0.521102 0.975917 0.522940 0.974882 0.526149 0.975757 0.529568 0.978062 0.532196 0.982761 0.532891 0.986770 0.531128 0.987482 0.528753 0.986596 0.524875 0.984652 0.522027 0.981548 0.520442
0 0.998397 0.544248 0.998397 0.546087 0.998397 0.549296 0.998397 0.552715 0.998397 0.555343 0.998397 0.556037 0.998397 0.554275 0.998397 0.551899 0.998397 0.548021 0.998397 0.545174 0.998397 0.543589
0 0.998397 0.582862 0.998397 0.584701 0.998397 0.587910 0.998397 0.591329 0.998397 0.593957 0.998397 0.594651 0.998397 0.592889 0.998397 0.590513 0.998397 0.586635 0.998397 0.583788 0.998397 0.582203
0 0.998397 0.497425 0.998397 0.499264 0.998397 0.502473 0.998397 0.505892 0.998397 0.508520 0.998397 0.509215 0.998397 0.507452 0.998397 0.505077 0.998397 0.501198 0.998397 0.498351 0.998397 0.496766
0 0.998397 0.591106 0.998397 0.592945 0.998397 0.596153 0.998397 0.599572 0.998397 0.602200 0.998397 0.602895 0.998397 0.601132 0.998397 0.598757 0.998397 0.594879 0.998397 0.592032 0.998397 0.590446
0 0.998397 0.505693 0.996810 0.507531 0.995775 0.510740 0.996650 0.514159 0.998397 0.516787 0.998397 0.517348 0.998397 0.515719 0.998397 0.513344 0.998397 0.509466 0.998397 0.506618 0.998397 0.505034
0 0.998397 0.456084 0.998397 0.457922 0.998397 0.461131 0.998397 0.464550 0.998397 0.467178 0.998397 0.467739 0.998397 0.466110 0.998397 0.463735 0.998397 0.459857 0.998397 0.457009 0.998397 0.455425
0 0.953052 0.425550 0.950610 0.427389 0.949574 0.430597 0.950449 0.434016 0.952754 0.436645 0.957412 0.437205 0.961462 0.435576 0.962175 0.433201 0.961288 0.429323 0.959344 0.426475 0.956240 0.424891
0 0.915309 0.505250 0.912868 0.507089 0.911833 0.510297 0.912707 0.513716 0.915012 0.516344 0.919670 0.516905 0.923720 0.515276 0.924433 0.512901 0.923546 0.509023 0.921602 0.506176 0.918499 0.504590
0 0.998397 0.404454 0.998397 0.406293 0.998397 0.409502 0.998397 0.412920 0.998397 0.415549 0.998397 0.416109 0.998397 0.414481 0.998397 0.412105 0.998397 0.408227 0.998397 0.405380 0.998397 0.403795
0 0.998397 0.443766 0.998397 0.445605 0.998397 0.448813 0.998397 0.452232 0.998397 0.454861 0.998397 0.455421 0.998397 0.453792 0.998397 0.451453 0.998397 0.447637 0.998397 0.444692 0.998397 0.443107
0 0.998397 0.461869 0.998397 0.463707 0.998397 0.466916 0.998397 0.470335 0.998397 0.472963 0.998397 0.473524 0.998397 0.471895 0.998397 0.469556 0.998397 0.465740 0.998397 0.462794 0.998397 0.461210
0 0.998397 0.399385 0.998397 0.401224 0.998397 0.404433 0.998397 0.407851 0.998397 0.410480 0.998397 0.411040 0.998397 0.409412 0.998397 0.407072 0.998397 0.403256 0.998397 0.400311 0.998397 0.398726
0 0.861425 0.554232 0.858983 0.556071 0.857947 0.559279 0.858822 0.562698 0.861127 0.565327 0.865786 0.565887 0.869835 0.564258 0.870384 0.561919 0.869216 0.558103 0.867717 0.555158 0.864614 0.553573
0 0.713786 0.584790 0.711344 0.586629 0.710309 0.589838 0.711183 0.593256 0.713489 0.595884 0.718147 0.596445 0.722197 0.594816 0.722746 0.592477 0.721578 0.588661 0.720079 0.585716 0.716975 0.584131
0 0.608753 0.479265 0.606312 0.481104 0.605276 0.484312 0.606151 0.487731 0.608456 0.490359 0.613114 0.490920 0.617164 0.489291 0.617713 0.486952 0.616545 0.483136 0.615046 0.480190 0.611942 0.478605
0 0.571426 0.471831 0.568984 0.473669 0.567949 0.476878 0.568823 0.480297 0.570532 0.482266 0.577090 0.480435 0.579188 0.478512 0.578911 0.474920 0.577536 0.472545 0.574615 0.471172
0 0.716519 0.448525 0.714076 0.450363 0.713041 0.453572 0.713916 0.456991 0.716221 0.459619 0.720880 0.460180 0.724929 0.458551 0.725478 0.456212 0.724310 0.452396 0.722811 0.449450 0.719708 0.447866
0 0.741049 0.413328 0.738607 0.415167 0.737572 0.418376 0.738446 0.421794 0.740752 0.424422 0.745410 0.424983 0.749459 0.423354 0.750008 0.421015 0.748840 0.417199 0.747341 0.414254 0.744238 0.412668
0 0.778518 0.354061 0.775292 0.355949 0.773907 0.359912 0.774673 0.363867 0.777290 0.366826 0.780885 0.368140 0.785708 0.367469 0.788817 0.364535 0.789805 0.361386 0.788573 0.357339 0.785439 0.354246 0.782168 0.353352
0 0.786964 0.314473 0.783738 0.316361 0.782353 0.320324 0.783119 0.324279 0.785736 0.327238 0.789332 0.328552 0.794154 0.327881 0.797263 0.324947 0.798251 0.321799 0.797020 0.317751 0.793886 0.314658 0.790614 0.313764
0 0.796548 0.283762 0.793322 0.285649 0.791936 0.289612 0.792703 0.293567 0.795320 0.296526 0.798915 0.297841 0.803738 0.297169 0.806847 0.294235 0.807835 0.291087 0.806603 0.287040 0.803470 0.283946 0.800198 0.283052
0 0.714386 0.376282 0.711160 0.378169 0.709774 0.382133 0.710541 0.386087 0.713158 0.389046 0.716753 0.390360 0.721575 0.389689 0.724684 0.386755 0.725672 0.383607 0.724441 0.379560 0.721307 0.376467 0.718035 0.375572
0 0.841124 0.345220 0.837898 0.347107 0.836512 0.351071 0.837279 0.355026 0.839896 0.357985 0.843491 0.359299 0.848313 0.358628 0.851422 0.355694 0.852410 0.352546 0.851179 0.348498 0.848045 0.345405 0.844773 0.344511
0 0.853766 0.372805 0.850540 0.374693 0.849154 0.378656 0.849921 0.382611 0.852538 0.385570 0.856133 0.386884 0.860955 0.386213 0.864065 0.383279 0.865053 0.380131 0.863821 0.376084 0.860688 0.372990 0.857415 0.372096
0 0.873923 0.378520 0.870698 0.380407 0.869312 0.384370 0.870079 0.388325 0.872696 0.391284 0.876291 0.392598 0.881113 0.391927 0.884222 0.388993 0.885210 0.385845 0.883979 0.381798 0.880845 0.378704 0.877573 0.377810
0 0.881686 0.404229 0.878461 0.406117 0.877075 0.410080 0.877841 0.414035 0.880458 0.416994 0.884053 0.418308 0.888876 0.417637 0.891985 0.414703 0.892973 0.411555 0.891741 0.407508 0.888608 0.404414 0.885336 0.403520
0 0.905228 0.349248 0.902002 0.351135 0.900616 0.355098 0.901383 0.359053 0.904000 0.362012 0.907595 0.363326 0.912417 0.362655 0.915526 0.359721 0.916514 0.356573 0.915283 0.352526 0.912149 0.349433 0.908877 0.348538
0 0.887943 0.302963 0.884717 0.304850 0.883331 0.308814 0.884097 0.312768 0.886715 0.315727 0.890310 0.317042 0.895132 0.316371 0.898241 0.313436 0.899229 0.310288 0.897998 0.306241 0.894864 0.303148 0.891592 0.302253
0 0.924017 0.314725 0.920791 0.316612 0.919405 0.320575 0.920171 0.324530 0.922789 0.327489 0.926384 0.328803 0.931206 0.328132 0.934315 0.325198 0.935303 0.322050 0.934072 0.318003 0.930938 0.314909 0.927666 0.314015
0 0.964233 0.325014 0.961007 0.326901 0.959622 0.330864 0.960388 0.334819 0.963005 0.337778 0.966600 0.339092 0.971422 0.338421 0.974532 0.335487 0.975520 0.332339 0.974288 0.328292 0.971154 0.325199 0.967882 0.324304
0 0.977597 0.337136 0.974371 0.339024 0.972985 0.342987 0.973752 0.346942 0.976369 0.349901 0.979964 0.351215 0.984786 0.350544 0.987895 0.347610 0.988884 0.344462 0.987652 0.340414 0.984518 0.337321 0.981246 0.336427
0 0.971763 0.297319 0.968538 0.299206 0.967152 0.303170 0.967919 0.307125 0.970536 0.310084 0.974131 0.311398 0.978953 0.310727 0.982062 0.307793 0.983050 0.304644 0.981819 0.300597 0.978685 0.297504 0.975413 0.296610
0 0.990939 0.304513 0.987714 0.306401 0.986327 0.310364 0.987094 0.314319 0.989711 0.317278 0.993306 0.318592 0.998129 0.317921 0.998397 0.314987 0.998397 0.311838 0.998397 0.307791 0.997861 0.304698 0.994588 0.303804
0 0.992680 0.364823 0.989455 0.366710 0.988069 0.370674 0.988835 0.374628 0.991452 0.377587 0.995048 0.378901 0.998397 0.378230 0.998397 0.375296 0.998397 0.372148 0.998397 0.368101 0.998397 0.365008 0.996330 0.364113
0 0.885157 0.368850 0.881931 0.370737 0.880545 0.374700 0.881312 0.378655 0.883929 0.381614 0.887524 0.382928 0.892346 0.382257 0.895456 0.379323 0.896444 0.376175 0.895212 0.372128 0.892079 0.369034 0.888806 0.368140
0 0.963058 0.385032 0.959833 0.386919 0.958447 0.390883 0.959214 0.394837 0.961831 0.397797 0.965426 0.399111 0.970248 0.398440 0.973357 0.395506 0.974345 0.392358 0.973114 0.388310 0.969980 0.385217 0.966708 0.384322
0 0.870698 0.327457 0.867473 0.329345 0.866087 0.333308 0.866853 0.337262 0.869471 0.340221 0.873065 0.341536 0.877888 0.340864 0.880997 0.337930 0.881985 0.334783 0.880753 0.330735 0.877620 0.327642 0.874348 0.326747
0 0.854056 0.262638 0.850830 0.264526 0.849444 0.268489 0.850211 0.272444 0.852828 0.275402 0.856423 0.276717 0.861245 0.276046 0.864354 0.273112 0.865342 0.269964 0.864111 0.265916 0.860977 0.262823 0.857705 0.261928
0 0.935663 0.197134 0.932437 0.199021 0.931051 0.202985 0.931818 0.206939 0.934435 0.209898 0.938030 0.211213 0.942852 0.210541 0.945961 0.207607 0.946949 0.204459 0.945718 0.200412 0.942585 0.197319 0.939312 0.196424
0 0.854317 0.158197 0.851091 0.160084 0.849705 0.164048 0.850472 0.168003 0.853089 0.170962 0.856684 0.172276 0.861506 0.171605 0.864616 0.168671 0.865604 0.165522 0.864372 0.161475 0.861239 0.158382 0.857966 0.157488
0 0.714114 0.219113 0.710888 0.221001 0.709502 0.224964 0.710269 0.228918 0.712886 0.231877 0.716481 0.233192 0.721303 0.232520 0.724412 0.229586 0.725400 0.226439 0.724169 0.222391 0.721035 0.219298 0.717763 0.218403
0 0.691761 0.193318 0.688535 0.195206 0.687149 0.199169 0.687916 0.203124 0.690533 0.206083 0.694128 0.207397 0.698950 0.206726 0.702059 0.203792 0.703047 0.200644 0.701816 0.196597 0.698682 0.193503 0.695410 0.192609
0 0.683641 0.315328 0.680415 0.317215 0.679029 0.321178 0.679796 0.325133 0.682413 0.328092 0.686008 0.329406 0.690830 0.328735 0.693940 0.325801 0.694927 0.322653 0.693696 0.318606 0.690563 0.315512 0.687290 0.314618
0 0.652600 0.223628 0.649374 0.225516 0.647989 0.229479 0.648755 0.233434 0.651372 0.236393 0.654967 0.237707 0.659790 0.237036 0.662899 0.234102 0.663887 0.230954 0.662655 0.226907 0.659522 0.223813 0.656249 0.222919
0 0.616182 0.244733 0.612957 0.246620 0.611570 0.250584 0.612337 0.254539 0.614955 0.257497 0.618549 0.258812 0.623372 0.258141 0.626481 0.255206 0.627469 0.252058 0.626237 0.248011 0.623104 0.244918 0.619832 0.244023
0 0.590981 0.376114 0.587755 0.378002 0.586369 0.381965 0.587135 0.385920 0.589752 0.388879 0.593348 0.390193 0.598170 0.389522 0.601279 0.386588 0.602267 0.383440 0.601036 0.379393 0.597902 0.376299 0.594630 0.375405
0 0.521331 0.316774 0.518105 0.318662 0.516720 0.322625 0.517486 0.326580 0.520103 0.329539 0.523698 0.330853 0.528521 0.330182 0.531630 0.327248 0.532618 0.324100 0.531386 0.320052 0.528253 0.316959 0.524981 0.316065
0 0.547690 0.317896 0.544464 0.319783 0.543079 0.323747 0.543845 0.327701 0.546462 0.330660 0.550057 0.331975 0.554880 0.331303 0.557989 0.328369 0.558977 0.325221 0.557745 0.321174 0.554612 0.318081 0.551340 0.317186
0 0.469403 0.313808 0.466178 0.315696 0.464791 0.319659 0.465558 0.323614 0.468175 0.326573 0.471770 0.327887 0.476593 0.327216 0.479702 0.324282 0.480689 0.321134 0.479458 0.317086 0.476325 0.313993 0.473052 0.313099
0 0.402023 0.305498 0.398797 0.307385 0.397411 0.311348 0.398178 0.315303 0.400795 0.318262 0.404390 0.319576 0.409212 0.318905 0.412322 0.315971 0.413310 0.312823 0.412078 0.308775 0.408944 0.305682 0.405672 0.304788
0 0.466463 0.371956 0.463237 0.373844 0.461851 0.377807 0.462618 0.381762 0.465235 0.384721 0.468830 0.386035 0.473652 0.385364 0.476761 0.382430 0.477750 0.379282 0.476518 0.375234 0.473384 0.372141 0.470112 0.371247
0 0.526914 0.385518 0.523687 0.387406 0.522302 0.391369 0.523068 0.395324 0.525685 0.398283 0.529281 0.399597 0.534103 0.398926 0.537212 0.395992 0.538200 0.392844 0.536969 0.388796 0.533835 0.385703 0.530563 0.384809
0 0.432578 0.302263 0.429352 0.304150 0.427966 0.308113 0.428733 0.312068 0.431350 0.315027 0.434945 0.316341 0.439768 0.315670 0.442876 0.312736 0.443864 0.309588 0.442633 0.305541 0.439500 0.302447 0.436227 0.301553
0 0.556040 0.423697 0.552814 0.425585 0.551428 0.429548 0.552195 0.433503 0.554812 0.436462 0.558407 0.437776 0.563229 0.437105 0.566338 0.434171 0.567326 0.431023 0.566095 0.426975 0.562961 0.423882 0.559689 0.422988
0 0.423593 0.418041 0.420368 0.419929 0.418982 0.423892 0.419748 0.427847 0.422366 0.430806 0.425961 0.432120 0.430783 0.431449 0.433892 0.428515 0.434880 0.425367 0.433649 0.421319 0.430515 0.418226 0.427243 0.417332
0 0.440047 0.435100 0.436821 0.436988 0.435436 0.440951 0.436202 0.444906 0.438819 0.447865 0.442414 0.449179 0.447237 0.448508 0.450346 0.445574 0.451334 0.442426 0.450102 0.438379 0.446969 0.435285 0.443696 0.434391
0 0.494717 0.469168 0.491492 0.471056 0.490106 0.475019 0.490872 0.478974 0.493489 0.481933 0.497085 0.483247 0.501907 0.482576 0.505016 0.479642 0.506004 0.476494 0.504773 0.472447 0.501639 0.469353 0.498367 0.468459
0 0.497098 0.500274 0.493873 0.502162 0.492487 0.506124 0.493253 0.510079 0.495871 0.513038 0.499465 0.514353 0.504288 0.513681 0.507397 0.510747 0.508385 0.507600 0.507153 0.503552 0.504020 0.500459 0.500747 0.499564
0 0.477172 0.509608 0.473946 0.511496 0.472560 0.515459 0.473327 0.519414 0.475944 0.522373 0.479539 0.523687 0.484361 0.523016 0.487470 0.520082 0.488458 0.516934 0.487227 0.512886 0.484094 0.509793 0.480821 0.508899
0 0.516637 0.516974 0.513411 0.518861 0.512025 0.522825 0.512792 0.526779 0.515409 0.529738 0.519004 0.531053 0.523827 0.530381 0.526935 0.527447 0.527923 0.524299 0.526692 0.520252 0.523558 0.517159 0.520286 0.516264
0 0.528319 0.531572 0.525093 0.533460 0.523707 0.537423 0.524474 0.541378 0.527091 0.544337 0.530686 0.545651 0.535508 0.544980 0.538617 0.542046 0.539605 0.538898 0.538374 0.534850 0.535240 0.531757 0.531968 0.530863
0 0.484520 0.527623 0.481294 0.529510 0.479908 0.533473 0.480675 0.537428 0.483292 0.540387 0.486887 0.541701 0.491710 0.541030 0.494818 0.538096 0.495807 0.534948 0.494575 0.530901 0.491441 0.527808 0.488169 0.526913
0 0.462286 0.550522 0.459061 0.552410 0.457675 0.556373 0.458442 0.560327 0.461059 0.563286 0.464653 0.564601 0.469476 0.563929 0.472585 0.560995 0.473573 0.557848 0.472341 0.553800 0.469208 0.550707 0.465936 0.549812
0 0.612448 0.541127 0.609222 0.543014 0.607836 0.546977 0.608603 0.550932 0.611220 0.553891 0.614815 0.555205 0.619637 0.554534 0.622746 0.551600 0.623735 0.548452 0.622503 0.544404 0.619369 0.541311 0.616097 0.540417
0 0.570648 0.457654 0.567422 0.459541 0.566037 0.463505 0.566803 0.467460 0.569420 0.470419 0.573015 0.471733 0.577838 0.471062 0.580947 0.468128 0.581935 0.464979 0.580703 0.460932 0.577569 0.457839 0.574298 0.456945
0 0.642959 0.428517 0.639734 0.430405 0.638347 0.434368 0.639114 0.438323 0.641731 0.441282 0.645326 0.442596 0.650149 0.441925 0.653258 0.438991 0.654245 0.435843 0.653014 0.431795 0.649881 0.428702 0.646608 0.427808
0 0.682925 0.426292 0.679699 0.428179 0.678313 0.432143 0.679080 0.436098 0.681697 0.439057 0.685292 0.440371 0.690115 0.439700 0.693223 0.436766 0.694211 0.433617 0.692980 0.429570 0.689846 0.426477 0.686575 0.425583
0 0.651548 0.397824 0.648322 0.399711 0.646937 0.403674 0.647703 0.407629 0.650320 0.410588 0.653915 0.411902 0.658737 0.411231 0.661847 0.408297 0.662835 0.405149 0.661603 0.401102 0.658470 0.398008 0.655197 0.397114
0 0.767936 0.449543 0.764710 0.451430 0.763324 0.455394 0.764091 0.459348 0.766708 0.462307 0.770303 0.463621 0.775125 0.462950 0.778234 0.460016 0.779222 0.456869 0.777991 0.452821 0.774857 0.449728 0.771585 0.448833
0 0.813290 0.477873 0.810064 0.479760 0.808678 0.483724 0.809445 0.487678 0.812062 0.490637 0.815657 0.491951 0.820479 0.491280 0.823588 0.488346 0.824576 0.485198 0.823345 0.481151 0.820211 0.478058 0.816939 0.477163
0 0.815526 0.433349 0.812300 0.435236 0.810914 0.439200 0.811681 0.443155 0.814298 0.446113 0.817893 0.447428 0.822715 0.446757 0.825824 0.443823 0.826812 0.440674 0.825581 0.436627 0.822448 0.433534 0.819175 0.432639
0 0.667290 0.354942 0.664064 0.356829 0.662679 0.360792 0.663445 0.364747 0.666062 0.367706 0.669657 0.369020 0.674480 0.368349 0.677588 0.365415 0.678576 0.362267 0.677345 0.358220 0.674211 0.355127 0.670940 0.354232
0 0.695177 0.429402 0.691952 0.431290 0.690566 0.435253 0.691333 0.439208 0.693950 0.442167 0.697544 0.443481 0.702367 0.442810 0.705476 0.439876 0.706464 0.436728 0.705232 0.432680 0.702099 0.429587 0.698827 0.428693
0 0.924556 0.442120 0.921330 0.444008 0.919944 0.447971 0.920711 0.451925 0.923328 0.454884 0.926923 0.456198 0.931746 0.455527 0.934855 0.452593 0.935842 0.449446 0.934611 0.445398 0.931478 0.442305 0.928206 0.441410
0 0.946307 0.438874 0.943081 0.440762 0.941695 0.444725 0.942462 0.448680 0.945079 0.451639 0.948674 0.452953 0.953496 0.452281 0.956605 0.449347 0.957594 0.446200 0.956362 0.442152 0.953228 0.439059 0.949956 0.438164
0 0.978349 0.447347 0.975123 0.449234 0.973738 0.453197 0.974504 0.457152 0.977121 0.460111 0.980716 0.461425 0.985539 0.460754 0.988648 0.457820 0.989636 0.454672 0.988404 0.450625 0.985271 0.447531 0.981999 0.446637
0 0.969962 0.421730 0.966736 0.423617 0.965350 0.427580 0.966117 0.431535 0.968734 0.434494 0.972329 0.435808 0.977151 0.435137 0.980260 0.432203 0.981248 0.429055 0.980017 0.425008 0.976883 0.421915 0.973611 0.421020
0 0.992881 0.426340 0.989656 0.428227 0.988270 0.432190 0.989036 0.436145 0.991654 0.439104 0.995249 0.440418 0.998397 0.439747 0.998397 0.436813 0.998397 0.433665 0.998397 0.429618 0.998397 0.426524 0.996531 0.425630
0 0.998397 0.421845 0.998397 0.423733 0.998397 0.427696 0.998397 0.431651 0.998397 0.434610 0.998397 0.435924 0.998397 0.435253 0.998397 0.432319 0.998397 0.429171 0.998397 0.425123 0.998397 0.422030 0.998397 0.421136
0 0.987924 0.480044 0.984698 0.481931 0.983312 0.485894 0.984079 0.489849 0.986696 0.492808 0.990291 0.494122 0.995113 0.493451 0.998223 0.490517 0.998397 0.487465 0.997534 0.483420 0.994846 0.480229 0.991573 0.479334
0 0.887049 0.510841 0.883824 0.512728 0.882438 0.516692 0.883205 0.520647 0.885822 0.523606 0.889416 0.524920 0.894239 0.524249 0.897348 0.521315 0.897897 0.518263 0.896659 0.514217 0.893971 0.511026 0.890699 0.510132
0 0.909456 0.488981 0.906230 0.490869 0.904844 0.494832 0.905611 0.498787 0.908228 0.501746 0.911823 0.503060 0.916645 0.502389 0.919754 0.499455 0.920303 0.496404 0.919065 0.492357 0.916378 0.489166 0.913105 0.488272
0 0.887637 0.477710 0.884412 0.479598 0.883026 0.483561 0.883792 0.487516 0.886410 0.490475 0.890005 0.491789 0.894827 0.491118 0.897936 0.488184 0.898485 0.485133 0.897247 0.481087 0.894559 0.477895 0.891287 0.477001
0 0.802491 0.382322 0.799266 0.384210 0.797880 0.388173 0.798646 0.392128 0.801263 0.395087 0.804858 0.396401 0.809681 0.395730 0.812790 0.392796 0.813339 0.389745 0.812101 0.385699 0.809413 0.382507 0.806140 0.381613
0 0.950778 0.475768 0.947552 0.477655 0.946166 0.481619 0.946933 0.485574 0.949550 0.488533 0.953145 0.489847 0.957968 0.489176 0.961076 0.486242 0.961626 0.483190 0.960387 0.479144 0.957699 0.475953 0.954427 0.475059
0 0.916338 0.592761 0.913112 0.594648 0.911726 0.598612 0.912493 0.602567 0.915110 0.605526 0.918705 0.606840 0.923527 0.606169 0.926636 0.603235 0.927185 0.600183 0.925947 0.596137 0.923259 0.592946 0.919987 0.592052
0 0.986388 0.593393 0.983162 0.595281 0.981776 0.599244 0.982543 0.603199 0.985160 0.606158 0.988755 0.607472 0.993577 0.606800 0.996686 0.603867 0.997236 0.600815 0.995997 0.596770 0.993309 0.593578 0.990037 0.592684
0 0.880754 0.564823 0.877529 0.566710 0.876143 0.570674 0.876909 0.574629 0.879526 0.577588 0.883121 0.578902 0.887944 0.578231 0.891053 0.575297 0.891602 0.572245 0.890364 0.568199 0.887676 0.565008 0.884404 0.564114
0 0.998397 0.579204 0.998397 0.581043 0.998397 0.584252 0.998397 0.587670 0.998397 0.590299 0.998397 0.590697 0.998397 0.589230 0.998397 0.586855 0.998397 0.582977 0.998397 0.580130 0.998397 0.578545
0 0.998397 0.548384 0.998397 0.550223 0.998397 0.553432 0.998397 0.556851 0.998397 0.559479 0.998397 0.559878 0.998397 0.558411 0.998397 0.556035 0.998397 0.552157 0.998397 0.549310 0.998397 0.547725
0 0.879511 0.613991 0.877069 0.615830 0.876033 0.619039 0.876908 0.622457 0.879213 0.625086 0.883822 0.625484 0.887921 0.624018 0.888634 0.621642 0.887748 0.617764 0.885803 0.614917 0.882700 0.613332
0 0.998397 0.538707 0.998397 0.540546 0.998397 0.543755 0.998397 0.547174 0.998397 0.549802 0.998397 0.550497 0.998397 0.548734 0.998397 0.546359 0.998397 0.542481 0.998397 0.539633 0.998397 0.538048
0 0.998397 0.566611 0.998397 0.568450 0.998397 0.571658 0.998397 0.575077 0.998397 0.577706 0.998397 0.578400 0.998397 0.576637 0.998397 0.574262 0.998397 0.570384 0.998397 0.567537 0.998397 0.565952
0 0.934075 0.476263 0.931632 0.478101 0.930597 0.481310 0.931472 0.484729 0.933777 0.487357 0.938476 0.488052 0.942485 0.486289 0.943197 0.483914 0.942311 0.480036 0.940367 0.477188 0.937263 0.475603
0 0.998397 0.563248 0.998397 0.565135 0.998397 0.569099 0.998397 0.573054 0.998397 0.576013 0.998397 0.577327 0.998397 0.576656 0.998397 0.573722 0.998397 0.570670 0.998397 0.566624 0.998397 0.563433 0.998397 0.562539
0 0.843328 0.549891 0.840103 0.551779 0.838717 0.555742 0.839483 0.559696 0.842100 0.562655 0.845695 0.563970 0.850518 0.563298 0.853627 0.560364 0.854176 0.557313 0.852938 0.553267 0.850250 0.550076 0.846978 0.549181
0 0.829593 0.595012 0.826368 0.596900 0.824982 0.600863 0.825748 0.604818 0.828365 0.607777 0.831961 0.609091 0.836783 0.608420 0.839892 0.605486 0.840441 0.602434 0.839203 0.598388 0.836515 0.595197 0.833243 0.594303
0 0.840552 0.531137 0.837327 0.533024 0.835941 0.536987 0.836707 0.540942 0.839324 0.543901 0.842919 0.545215 0.847742 0.544544 0.850851 0.541610 0.851400 0.538558 0.850162 0.534513 0.847474 0.531322 0.844202 0.530427
0 0.777891 0.569756 0.774666 0.571644 0.773280 0.575607 0.774046 0.579561 0.776663 0.582520 0.780258 0.583834 0.785081 0.583164 0.788190 0.580229 0.788739 0.577178 0.787501 0.573132 0.784813 0.569941 0.781541 0.569046
0 0.722477 0.624560 0.719252 0.626448 0.717866 0.630411 0.718632 0.634366 0.721250 0.637325 0.724845 0.638639 0.729667 0.637968 0.732776 0.635034 0.733325 0.631983 0.732087 0.627937 0.729399 0.624745 0.726127 0.623851
0 0.838424 0.498414 0.835199 0.500302 0.833812 0.504265 0.834579 0.508220 0.837196 0.511179 0.840791 0.512493 0.845613 0.511822 0.848723 0.508888 0.849272 0.505837 0.848034 0.501791 0.845346 0.498599 0.842073 0.497705
0 0.751235 0.532417 0.748009 0.534304 0.746623 0.538267 0.747390 0.542222 0.750007 0.545181 0.753602 0.546495 0.758424 0.545824 0.761533 0.542890 0.762083 0.539838 0.760845 0.535793 0.758156 0.532601 0.754884 0.531707
0 0.793674 0.625598 0.790449 0.627486 0.789063 0.631449 0.789829 0.635404 0.792446 0.638363 0.796041 0.639677 0.800864 0.639006 0.803973 0.636072 0.804522 0.633021 0.803284 0.628975 0.800596 0.625783 0.797324 0.624889
0 0.680379 0.639449 0.677154 0.641337 0.675768 0.645300 0.676534 0.649255 0.679151 0.652214 0.682746 0.653528 0.687568 0.652857 0.690678 0.649923 0.691227 0.646872 0.689989 0.642826 0.687301 0.639634 0.684028 0.638740
0 0.632256 0.580281 0.629031 0.582169 0.627644 0.586132 0.628411 0.590086 0.631028 0.593045 0.634623 0.594360 0.639446 0.593688 0.642555 0.590754 0.643104 0.587703 0.641866 0.583657 0.639178 0.580466 0.635905 0.579571
0 0.624457 0.565237 0.621232 0.567124 0.619846 0.571087 0.620613 0.575042 0.623230 0.578001 0.626824 0.579315 0.631647 0.578644 0.634756 0.575710 0.635305 0.572658 0.634067 0.568613 0.631379 0.565421 0.628107 0.564527
0 0.657943 0.564588 0.654718 0.566476 0.653332 0.570439 0.654098 0.574394 0.656715 0.577353 0.660310 0.578667 0.665133 0.577996 0.668242 0.575062 0.668791 0.572010 0.667553 0.567965 0.664865 0.564773 0.661593 0.563879
0 0.768384 0.484250 0.770235 0.492666 0.775272 0.496758 0.781217 0.497499 0.787593 0.495702 0.790975 0.492280 0.792335 0.488043 0.790452 0.482154 0.786260 0.478192 0.782398 0.476363 0.776718 0.475958 0.771186 0.479459
0 0.745594 0.512904 0.747445 0.521320 0.752482 0.525412 0.758426 0.526153 0.764802 0.524357 0.768184 0.520935 0.769544 0.516697 0.767662 0.510808 0.763470 0.506846 0.759608 0.505017 0.753927 0.504612 0.748396 0.508113
0 0.720192 0.518815 0.722042 0.527230 0.727079 0.531322 0.733024 0.532063 0.739400 0.530267 0.742782 0.526845 0.744142 0.522607 0.742259 0.516719 0.738067 0.512756 0.734205 0.510927 0.728525 0.510522 0.722993 0.514023
0 0.708375 0.475179 0.710226 0.483596 0.715263 0.487687 0.721207 0.488428 0.727583 0.486632 0.730965 0.483210 0.732325 0.478972 0.730443 0.473084 0.726251 0.469122 0.722389 0.467292 0.716708 0.466887 0.711176 0.470388
0 0.913573 0.418585 0.915424 0.427002 0.920462 0.431093 0.926406 0.431834 0.932782 0.430038 0.936163 0.426616 0.937524 0.422378 0.935641 0.416490 0.931449 0.412528 0.927587 0.410698 0.921907 0.410293 0.916375 0.413794
0 0.928793 0.590739 0.930644 0.599154 0.935681 0.603246 0.941625 0.603987 0.948001 0.602191 0.951383 0.598769 0.952743 0.594531 0.950861 0.588643 0.946668 0.584680 0.942807 0.582851 0.937127 0.582446 0.931595 0.585947
0 0.660282 0.588584 0.662133 0.597000 0.667170 0.601091 0.673115 0.601832 0.679490 0.600036 0.682872 0.596614 0.684233 0.592376 0.682350 0.586488 0.678158 0.582525 0.674296 0.580696 0.668616 0.580291 0.663084 0.583792
0 0.660428 0.661019 0.662279 0.669435 0.667316 0.673526 0.673261 0.674267 0.679636 0.672471 0.683018 0.669049 0.684379 0.664811 0.682496 0.658923 0.678304 0.654960 0.674442 0.653131 0.668762 0.652726 0.663230 0.656227
0 0.458839 0.576081 0.460199 0.583417 0.464264 0.587021 0.465481 0.587530 0.470208 0.587761 0.476584 0.585966 0.479966 0.582543 0.481327 0.578305 0.479444 0.572417 0.475251 0.568455 0.471390 0.566626 0.466495 0.566919 0.461578 0.570047
0 0.589713 0.580185 0.591564 0.588601 0.596601 0.592693 0.602546 0.593434 0.608921 0.591638 0.612303 0.588216 0.613664 0.583978 0.611781 0.578090 0.607589 0.574127 0.603728 0.572298 0.598047 0.571893 0.592515 0.575394
0 0.526285 0.431577 0.528136 0.439994 0.533173 0.444085 0.539118 0.444826 0.545493 0.443030 0.548876 0.439608 0.550236 0.435370 0.548353 0.429482 0.544161 0.425520 0.540300 0.423691 0.534619 0.423285 0.529087 0.426786
0 0.634344 0.369485 0.636195 0.377902 0.641232 0.381993 0.647176 0.382734 0.653552 0.380938 0.656934 0.377516 0.658295 0.373278 0.656412 0.367390 0.652220 0.363427 0.648358 0.361598 0.642678 0.361193 0.637146 0.364694
0 0.618883 0.393731 0.620735 0.402147 0.625772 0.406239 0.631716 0.406980 0.638092 0.405184 0.641474 0.401762 0.642834 0.397524 0.640952 0.391636 0.636760 0.387674 0.632898 0.385844 0.627217 0.385439 0.621685 0.388940
0 0.630086 0.459538 0.631937 0.467955 0.636974 0.472046 0.642919 0.472787 0.649295 0.470991 0.652676 0.467569 0.654037 0.463331 0.652154 0.457443 0.647962 0.453480 0.644100 0.451651 0.638420 0.451246 0.632888 0.454747
0 0.442699 0.668482 0.444550 0.676898 0.449587 0.680990 0.455531 0.681730 0.461907 0.679935 0.465289 0.676512 0.466649 0.672274 0.464767 0.666386 0.460574 0.662424 0.456713 0.660595 0.451032 0.660189 0.445500 0.663690
0 0.366398 0.710514 0.368249 0.718929 0.373286 0.723021 0.379230 0.723762 0.385607 0.721966 0.388988 0.718544 0.390349 0.714306 0.388466 0.708418 0.384274 0.704456 0.380412 0.702626 0.374732 0.702221 0.369200 0.705722
0 0.290651 0.700383 0.292502 0.708799 0.297539 0.712891 0.303483 0.713631 0.309859 0.711836 0.313241 0.708414 0.314601 0.704175 0.312718 0.698287 0.308526 0.694325 0.304665 0.692496 0.298984 0.692090 0.293452 0.695591
0 0.207402 0.665042 0.209253 0.673458 0.214290 0.677550 0.220234 0.678290 0.226610 0.676495 0.229992 0.673072 0.231352 0.668834 0.229470 0.662946 0.225278 0.658984 0.221417 0.657155 0.215736 0.656750 0.210204 0.660250
0 0.255305 0.447045 0.257156 0.455462 0.262193 0.459553 0.268138 0.460294 0.274513 0.458498 0.277895 0.455076 0.279256 0.450838 0.277373 0.444950 0.273181 0.440988 0.269320 0.439158 0.263639 0.438753 0.258107 0.442254
0 0.296053 0.436268 0.297904 0.444684 0.302941 0.448775 0.308886 0.449517 0.315261 0.447720 0.318644 0.444298 0.320004 0.440060 0.318121 0.434172 0.313929 0.430210 0.310067 0.428381 0.304387 0.427975 0.298855 0.431477
0 0.363305 0.428685 0.365156 0.437101 0.370194 0.441193 0.376138 0.441934 0.382514 0.440138 0.385896 0.436716 0.387256 0.432477 0.385374 0.426589 0.381182 0.422627 0.377320 0.420798 0.371639 0.420393 0.366107 0.423894
0 0.389927 0.416607 0.391778 0.425023 0.396815 0.429115 0.402759 0.429856 0.409136 0.428060 0.412517 0.424638 0.413878 0.420400 0.411995 0.414511 0.407803 0.410549 0.403941 0.408720 0.398261 0.408315 0.392729 0.411816
0 0.421928 0.380054 0.423779 0.388470 0.428817 0.392561 0.434761 0.393303 0.441137 0.391507 0.444519 0.388084 0.445879 0.383847 0.443997 0.377958 0.439804 0.373996 0.435942 0.372167 0.430262 0.371762 0.424730 0.375263
0 0.362504 0.406623 0.364355 0.415040 0.369392 0.419131 0.375336 0.419872 0.381713 0.418076 0.385094 0.414654 0.386455 0.410416 0.384572 0.404528 0.380380 0.400565 0.376518 0.398736 0.370837 0.398331 0.365306 0.401832
0 0.249427 0.301669 0.251278 0.310085 0.256315 0.314177 0.262260 0.314918 0.268636 0.313122 0.272017 0.309700 0.273378 0.305462 0.271495 0.299573 0.267303 0.295611 0.263441 0.293782 0.257761 0.293377 0.252229 0.296878
0 0.302547 0.303280 0.304398 0.311695 0.309435 0.315787 0.315379 0.316528 0.321755 0.314732 0.325137 0.311310 0.326497 0.307072 0.324615 0.301184 0.320423 0.297222 0.316561 0.295392 0.310881 0.294987 0.305349 0.298488
0 0.487363 0.362469 0.489214 0.370886 0.494251 0.374977 0.500196 0.375718 0.506571 0.373922 0.509953 0.370500 0.511314 0.366262 0.509431 0.360374 0.505239 0.356411 0.501377 0.354582 0.495697 0.354177 0.490165 0.357678
0 0.151193 0.385810 0.153043 0.394226 0.158081 0.398318 0.164025 0.399058 0.170401 0.397263 0.173783 0.393841 0.175143 0.389602 0.173260 0.383714 0.169068 0.379752 0.165207 0.377923 0.159526 0.377518 0.153994 0.381018
0 0.115928 0.322920 0.117780 0.331336 0.122817 0.335427 0.128761 0.336168 0.135137 0.334372 0.138519 0.330950 0.139879 0.326712 0.137997 0.320824 0.133805 0.316861 0.129943 0.315032 0.124262 0.314627 0.118730 0.318128
0 0.363124 0.271779 0.364975 0.280195 0.370012 0.284287 0.375956 0.285028 0.382333 0.283232 0.385714 0.279810 0.387075 0.275572 0.385192 0.269683 0.381000 0.265721 0.377138 0.263892 0.371458 0.263487 0.365926 0.266988
0 0.633531 0.321715 0.635382 0.330130 0.640419 0.334222 0.646364 0.334963 0.652739 0.333167 0.656121 0.329745 0.657482 0.325507 0.655599 0.319619 0.651407 0.315657 0.647545 0.313827 0.641865 0.313422 0.636333 0.316923
0 0.587094 0.326752 0.588945 0.335168 0.593982 0.339260 0.599927 0.340000 0.606303 0.338205 0.609685 0.334783 0.611045 0.330544 0.609162 0.324656 0.604970 0.320694 0.601109 0.318865 0.595428 0.318460 0.589896 0.321960
0 0.567709 0.225326 0.569560 0.233742 0.574597 0.237834 0.580541 0.238575 0.586917 0.236779 0.590299 0.233357 0.591660 0.229119 0.589777 0.223231 0.585585 0.219268 0.581723 0.217439 0.576042 0.217034 0.570510 0.220535
0 0.488046 0.243756 0.489897 0.252172 0.494934 0.256263 0.500878 0.257004 0.507254 0.255208 0.510636 0.251786 0.511997 0.247548 0.510114 0.241660 0.505921 0.237698 0.502060 0.235868 0.496379 0.235463 0.490848 0.238964
0 0.737847 0.272621 0.739698 0.281038 0.744735 0.285129 0.750679 0.285870 0.757055 0.284074 0.760437 0.280652 0.761798 0.276414 0.759915 0.270526 0.755722 0.266563 0.751861 0.264734 0.746181 0.264329 0.740649 0.267830
0 0.718294 0.285597 0.720145 0.294013 0.725181 0.298104 0.731126 0.298846 0.737502 0.297049 0.740884 0.293627 0.742244 0.289389 0.740362 0.283501 0.736169 0.279539 0.732308 0.277709 0.726627 0.277304 0.721095 0.280805
0 0.736568 0.216809 0.738419 0.225224 0.743457 0.229316 0.749401 0.230057 0.755777 0.228261 0.759159 0.224839 0.760519 0.220601 0.758637 0.214713 0.754444 0.210751 0.750583 0.208921 0.744902 0.208516 0.739370 0.212017
0 0.873749 0.251974 0.875600 0.260390 0.880637 0.264482 0.886582 0.265223 0.892957 0.263427 0.896340 0.260005 0.897700 0.255767 0.895817 0.249879 0.891625 0.245916 0.887763 0.244087 0.882083 0.243682 0.876551 0.247183
0 0.876770 0.185911 0.878620 0.194327 0.883658 0.198419 0.889602 0.199160 0.895978 0.197364 0.899360 0.193942 0.900720 0.189704 0.898838 0.183815 0.894646 0.179853 0.890784 0.178024 0.885103 0.177619 0.879571 0.181120
0 0.876891 0.162244 0.878742 0.170660 0.883780 0.174751 0.889724 0.175492 0.896100 0.173697 0.899482 0.170274 0.900842 0.166036 0.898960 0.160148 0.894767 0.156186 0.890906 0.154357 0.885225 0.153951 0.879693 0.157452
0 0.829506 0.448049 0.831357 0.456465 0.836395 0.460557 0.842339 0.461297 0.848715 0.459501 0.852096 0.456079 0.853457 0.451841 0.851575 0.445953 0.847382 0.441991 0.843520 0.440161 0.837840 0.439757 0.832308 0.443257
0 0.797713 0.601162 0.799564 0.609578 0.804601 0.613670 0.810545 0.614411 0.816921 0.612615 0.820303 0.609193 0.821664 0.604955 0.819781 0.599066 0.815589 0.595104 0.811727 0.593275 0.806046 0.592870 0.800515 0.596371
0 0.664038 0.508292 0.665889 0.516708 0.670926 0.520800 0.676870 0.521541 0.683246 0.519744 0.686628 0.516322 0.687988 0.512085 0.686106 0.506196 0.681913 0.502234 0.678052 0.500405 0.672371 0.500000 0.666840 0.503501
0 0.657494 0.439715 0.659345 0.448132 0.664382 0.452223 0.670327 0.452964 0.676702 0.451168 0.680084 0.447746 0.681445 0.443508 0.679562 0.437620 0.675370 0.433657 0.671508 0.431828 0.665828 0.431423 0.660296 0.434924
0 0.690555 0.413631 0.692405 0.422047 0.697442 0.426139 0.703387 0.426880 0.709763 0.425084 0.713145 0.421662 0.714505 0.417424 0.712622 0.411536 0.708430 0.407573 0.704568 0.405744 0.698888 0.405339 0.693356 0.408840
0 0.246571 0.611223 0.248422 0.619639 0.253459 0.623730 0.259403 0.624471 0.265779 0.622675 0.269161 0.619253 0.270521 0.615015 0.268639 0.609127 0.264447 0.605165 0.260585 0.603335 0.254904 0.602930 0.249373 0.606431
0 0.429723 0.567832 0.430872 0.574510 0.434426 0.580727 0.441099 0.584104 0.447960 0.583562 0.453067 0.582077 0.457393 0.576887 0.458550 0.571452 0.456711 0.565666 0.453955 0.561158 0.446527 0.558687 0.440348 0.558498 0.432703 0.562736
0 0.507478 0.469139 0.508627 0.475816 0.512180 0.482033 0.518854 0.485410 0.525715 0.484868 0.530821 0.483384 0.535148 0.478193 0.536305 0.472758 0.534465 0.466972 0.531710 0.462464 0.524282 0.459993 0.518102 0.459804 0.510457 0.464043
0 0.473120 0.290137 0.470678 0.291975 0.469643 0.295184 0.470517 0.298603 0.472823 0.301231 0.477355 0.302012 0.481555 0.300242 0.482243 0.297788 0.481357 0.293909 0.479412 0.291062 0.476309 0.289477
0 0.432338 0.279963 0.429112 0.281851 0.427726 0.285814 0.428493 0.289769 0.431110 0.292728 0.434705 0.294042 0.439527 0.293371 0.442636 0.290437 0.443624 0.287289 0.442393 0.283242 0.439259 0.280148 0.435987 0.279254
0 0.321025 0.335927 0.322223 0.340280 0.324233 0.343153 0.326657 0.344921 0.330557 0.345143 0.336111 0.343531 0.338153 0.340532 0.338220 0.336307 0.336643 0.332490 0.334109 0.329604 0.330586 0.328239 0.326675 0.328768 0.322602 0.331745
0 0.287667 0.371061 0.288866 0.375413 0.290875 0.378287 0.293300 0.380054 0.297200 0.380277 0.302755 0.378665 0.304796 0.375665 0.304863 0.371440 0.303285 0.367623 0.300751 0.364738 0.297229 0.363372 0.293318 0.363902 0.289245 0.366879
0 0.330892 0.369950 0.332091 0.374302 0.334100 0.377175 0.336524 0.378943 0.340424 0.379166 0.345979 0.377554 0.348020 0.374554 0.348087 0.370329 0.346510 0.366512 0.343976 0.363627 0.340453 0.362261 0.336543 0.362791 0.332469 0.365767
0 0.316992 0.409509 0.318190 0.413861 0.320200 0.416734 0.322624 0.418502 0.326524 0.418724 0.332078 0.417112 0.334119 0.414113 0.334187 0.409888 0.332609 0.406071 0.330076 0.403186 0.326553 0.401820 0.322642 0.402350 0.318569 0.405326
0 0.284582 0.411626 0.285781 0.415978 0.287790 0.418852 0.290214 0.420619 0.294115 0.420842 0.299669 0.419230 0.301710 0.416230 0.301777 0.412005 0.300200 0.408188 0.297666 0.405303 0.294144 0.403937 0.290233 0.404467 0.286160 0.407444
0 0.289537 0.323285 0.290736 0.327637 0.292745 0.330511 0.295169 0.332278 0.299069 0.332500 0.304624 0.330889 0.306665 0.327889 0.306733 0.323664 0.305155 0.319847 0.302621 0.316962 0.299098 0.315596 0.295188 0.316126 0.291114 0.319102
0 0.242586 0.322224 0.243785 0.326576 0.245794 0.329450 0.248219 0.331217 0.252119 0.331439 0.257673 0.329828 0.259714 0.326828 0.259782 0.322603 0.258204 0.318786 0.255670 0.315901 0.252148 0.314535 0.248237 0.315065 0.244164 0.318041
0 0.238319 0.381526 0.239519 0.385878 0.241528 0.388752 0.243952 0.390519 0.247852 0.390741 0.253406 0.389130 0.255448 0.386130 0.255515 0.381905 0.253937 0.378088 0.251404 0.375203 0.247881 0.373837 0.243971 0.374367 0.239897 0.377343
0 0.173902 0.346992 0.175101 0.351345 0.177110 0.354218 0.179534 0.355986 0.183435 0.356208 0.188989 0.354596 0.191030 0.351597 0.191097 0.347372 0.189520 0.343555 0.186986 0.340669 0.183464 0.339304 0.179553 0.339834 0.175480 0.342810
0 0.211405 0.346491 0.212605 0.350844 0.214614 0.353717 0.217038 0.355485 0.220938 0.355707 0.226493 0.354095 0.228534 0.351096 0.228601 0.346871 0.227024 0.343054 0.224490 0.340168 0.220967 0.338803 0.217057 0.339332 0.212983 0.342309
0 0.185976 0.397755 0.187175 0.402107 0.189184 0.404980 0.191608 0.406748 0.195508 0.406970 0.201063 0.405359 0.203104 0.402359 0.203172 0.398134 0.201594 0.394317 0.199060 0.391432 0.195537 0.390066 0.191627 0.390596 0.187553 0.393572
0 0.161726 0.359748 0.162925 0.364100 0.164935 0.366974 0.167359 0.368741 0.171259 0.368963 0.176813 0.367352 0.178854 0.364352 0.178922 0.360127 0.177344 0.356310 0.174810 0.353425 0.171288 0.352059 0.167377 0.352589 0.163304 0.355565
0 0.307044 0.348826 0.308243 0.353178 0.310252 0.356052 0.312676 0.357819 0.316576 0.358042 0.322131 0.356430 0.324172 0.353430 0.324239 0.349205 0.322661 0.345388 0.320128 0.342503 0.316605 0.341137 0.312695 0.341667 0.308621 0.344644
0 0.306521 0.460071 0.307720 0.464423 0.309730 0.467297 0.312154 0.469065 0.316054 0.469287 0.321608 0.467675 0.323649 0.464676 0.323717 0.460451 0.322139 0.456634 0.319605 0.453748 0.316083 0.452383 0.312172 0.452912 0.308099 0.455889
0 0.141886 0.345501 0.143085 0.349853 0.145094 0.352727 0.147518 0.354495 0.151419 0.354717 0.156973 0.353105 0.159014 0.350106 0.159081 0.345880 0.157504 0.342063 0.154970 0.339178 0.151448 0.337812 0.147537 0.338342 0.143464 0.341318
0 0.194772 0.302134 0.195971 0.306486 0.197980 0.309360 0.200404 0.311127 0.204304 0.311350 0.209859 0.309738 0.211900 0.306738 0.211968 0.302513 0.210390 0.298696 0.207856 0.295811 0.204333 0.294445 0.200423 0.294975 0.196349 0.297952
0 0.218196 0.499722 0.219395 0.504073 0.221404 0.506947 0.223828 0.508715 0.227728 0.508937 0.233283 0.507326 0.235324 0.504326 0.235391 0.500101 0.233814 0.496284 0.231280 0.493399 0.227757 0.492033 0.223847 0.492563 0.219773 0.495539
0 0.177667 0.506856 0.178866 0.511208 0.180875 0.514081 0.183300 0.515849 0.187199 0.516071 0.192754 0.514460 0.194795 0.511460 0.194863 0.507235 0.193285 0.503418 0.190751 0.500533 0.187229 0.499167 0.183318 0.499697 0.179244 0.502673
0 0.289784 0.475400 0.290983 0.479752 0.292992 0.482626 0.295416 0.484394 0.299316 0.484616 0.304871 0.483004 0.306912 0.480005 0.306980 0.475779 0.305402 0.471962 0.302868 0.469077 0.299346 0.467711 0.295435 0.468241 0.291361 0.471217
0 0.275571 0.488696 0.276770 0.493048 0.278779 0.495922 0.281203 0.497690 0.285104 0.497912 0.290658 0.496301 0.292699 0.493301 0.292766 0.489076 0.291189 0.485259 0.288655 0.482374 0.285133 0.481008 0.281222 0.481538 0.277149 0.484514
0 0.316374 0.545829 0.317573 0.550181 0.319583 0.553055 0.322007 0.554822 0.325907 0.555044 0.331461 0.553433 0.333502 0.550433 0.333570 0.546208 0.331992 0.542391 0.329458 0.539506 0.325936 0.538140 0.322025 0.538670 0.317952 0.541646
0 0.287470 0.584002 0.288668 0.588354 0.290678 0.591228 0.293102 0.592996 0.297002 0.593218 0.302556 0.591606 0.304598 0.588607 0.304665 0.584382 0.303088 0.580565 0.300554 0.577679 0.297031 0.576314 0.293120 0.576843 0.289047 0.579820
0 0.225499 0.588751 0.226698 0.593104 0.228707 0.595977 0.231132 0.597745 0.235032 0.597968 0.240586 0.596356 0.242628 0.593356 0.242695 0.589131 0.241117 0.585314 0.238583 0.582429 0.235061 0.581063 0.231150 0.581593 0.227077 0.584569
0 0.403633 0.479744 0.404832 0.484096 0.406842 0.486970 0.409266 0.488737 0.413166 0.488959 0.418720 0.487348 0.420761 0.484348 0.420829 0.480123 0.419251 0.476306 0.416718 0.473421 0.413195 0.472055 0.409284 0.472585 0.405211 0.475562
0 0.428977 0.458019 0.430176 0.462371 0.432185 0.465245 0.434609 0.467013 0.438509 0.467235 0.444064 0.465623 0.446105 0.462624 0.446173 0.458399 0.444595 0.454582 0.442061 0.451696 0.438538 0.450331 0.434628 0.450860 0.430554 0.453837
0 0.363219 0.557980 0.364418 0.562332 0.366427 0.565206 0.368852 0.566974 0.372752 0.567196 0.378306 0.565585 0.380348 0.562585 0.380415 0.558360 0.378837 0.554543 0.376303 0.551657 0.372781 0.550291 0.368870 0.550822 0.364796 0.553797
0 0.436999 0.545865 0.438198 0.550218 0.440207 0.553091 0.442632 0.554859 0.446532 0.555081 0.452086 0.553469 0.454127 0.550470 0.454195 0.546244 0.452617 0.542427 0.450083 0.539542 0.446561 0.538176 0.442650 0.538706 0.438577 0.541683
0 0.374923 0.618522 0.376122 0.622873 0.378131 0.625748 0.380555 0.627515 0.384455 0.627737 0.390010 0.626126 0.392051 0.623126 0.392118 0.618901 0.390541 0.615084 0.388007 0.612199 0.384484 0.610833 0.380574 0.611363 0.376500 0.614339
0 0.411903 0.634241 0.413102 0.638593 0.415111 0.641466 0.417536 0.643234 0.421435 0.643456 0.426990 0.641845 0.429031 0.638845 0.429099 0.634620 0.427521 0.630803 0.424987 0.627918 0.421465 0.626552 0.417554 0.627082 0.413480 0.630058
0 0.452683 0.617260 0.453883 0.621612 0.455892 0.624486 0.458316 0.626254 0.462216 0.626476 0.467771 0.624864 0.469812 0.621865 0.469879 0.617640 0.468301 0.613823 0.465768 0.610937 0.462245 0.609572 0.458335 0.610101 0.454261 0.613078
0 0.542317 0.634389 0.543516 0.638741 0.545526 0.641614 0.547950 0.643382 0.551850 0.643604 0.557404 0.641992 0.559445 0.638993 0.559513 0.634768 0.557935 0.630951 0.555402 0.628066 0.551879 0.626700 0.547968 0.627230 0.543895 0.630206
0 0.529480 0.620367 0.530679 0.624720 0.532688 0.627593 0.535113 0.629360 0.539013 0.629583 0.544567 0.627971 0.546608 0.624972 0.546676 0.620746 0.545098 0.616929 0.542564 0.614044 0.539042 0.612678 0.535131 0.613208 0.531058 0.616185
0 0.609733 0.656010 0.610932 0.660362 0.612941 0.663235 0.615365 0.665003 0.619266 0.665225 0.624820 0.663614 0.626861 0.660614 0.626928 0.656389 0.625351 0.652572 0.622817 0.649687 0.619295 0.648321 0.615384 0.648851 0.611310 0.651827
0 0.585183 0.649413 0.586382 0.653765 0.588391 0.656639 0.590815 0.658406 0.594715 0.658629 0.600270 0.657017 0.602311 0.654017 0.602378 0.649792 0.600800 0.645975 0.598267 0.643090 0.594744 0.641724 0.590834 0.642254 0.586760 0.645231
0 0.571765 0.663573 0.572964 0.667925 0.574973 0.670799 0.577397 0.672567 0.581297 0.672789 0.586852 0.671177 0.588893 0.668178 0.588961 0.663953 0.587383 0.660136 0.584849 0.657251 0.581327 0.655885 0.577416 0.656415 0.573342 0.659391
0 0.556160 0.674059 0.557360 0.678410 0.559368 0.681284 0.561793 0.683052 0.565693 0.683274 0.571248 0.681663 0.573289 0.678663 0.573356 0.674438 0.571778 0.670621 0.569244 0.667736 0.565722 0.666370 0.561812 0.666900 0.557738 0.669876
0 0.537960 0.669702 0.539160 0.674054 0.541169 0.676928 0.543593 0.678695 0.547493 0.678917 0.553048 0.677306 0.555089 0.674306 0.555156 0.670081 0.553578 0.666264 0.551045 0.663379 0.547522 0.662013 0.543612 0.662543 0.539538 0.665519
0 0.589639 0.677340 0.590838 0.681692 0.592848 0.684566 0.595272 0.686333 0.599172 0.686556 0.604726 0.684944 0.606767 0.681945 0.606835 0.677719 0.605257 0.673902 0.602724 0.671017 0.599201 0.669651 0.595290 0.670181 0.591217 0.673157
0 0.494566 0.683827 0.495765 0.688180 0.497775 0.691053 0.500198 0.692821 0.504099 0.693043 0.509653 0.691431 0.511694 0.688432 0.511762 0.684206 0.510184 0.680389 0.507650 0.677504 0.504128 0.676138 0.500217 0.676668 0.496144 0.679645
0 0.401311 0.702037 0.402509 0.706389 0.404519 0.709263 0.406943 0.711030 0.410843 0.711253 0.416397 0.709641 0.418438 0.706641 0.418506 0.702417 0.416928 0.698599 0.414395 0.695714 0.410872 0.694348 0.406961 0.694878 0.402888 0.697855
0 0.429919 0.684616 0.431118 0.688969 0.433127 0.691842 0.435551 0.693610 0.439451 0.693832 0.445006 0.692220 0.447047 0.689221 0.447114 0.684996 0.445537 0.681178 0.443003 0.678293 0.439480 0.676927 0.435570 0.677458 0.431496 0.680434
0 0.368668 0.650071 0.369867 0.654423 0.371876 0.657296 0.374300 0.659064 0.378201 0.659286 0.383755 0.657675 0.385796 0.654675 0.385863 0.650450 0.384286 0.646633 0.381752 0.643748 0.378230 0.642382 0.374319 0.642912 0.370246 0.645888
0 0.330531 0.678325 0.331731 0.682678 0.333740 0.685551 0.336164 0.687319 0.340064 0.687541 0.345619 0.685929 0.347660 0.682930 0.347727 0.678705 0.346149 0.674887 0.343616 0.672002 0.340093 0.670636 0.336183 0.671166 0.332109 0.674143
0 0.335299 0.705631 0.336498 0.709983 0.338507 0.712857 0.340932 0.714624 0.344831 0.714846 0.350386 0.713235 0.352427 0.710235 0.352495 0.706010 0.350917 0.702193 0.348383 0.699308 0.344861 0.697942 0.340950 0.698472 0.336876 0.701448
0 0.328517 0.743788 0.329716 0.748140 0.331726 0.751014 0.334150 0.752782 0.338050 0.753004 0.343604 0.751392 0.345645 0.748393 0.345713 0.744167 0.344135 0.740350 0.341602 0.737465 0.338079 0.736099 0.334168 0.736629 0.330095 0.739605
0 0.297698 0.737531 0.298897 0.741883 0.300907 0.744757 0.303331 0.746524 0.307231 0.746746 0.312785 0.745135 0.314826 0.742135 0.314894 0.737910 0.313316 0.734093 0.310783 0.731208 0.307260 0.729842 0.303349 0.730372 0.299276 0.733348
0 0.237089 0.655914 0.238288 0.660266 0.240297 0.663140 0.242721 0.664908 0.246622 0.665130 0.252176 0.663519 0.254217 0.660519 0.254285 0.656294 0.252707 0.652477 0.250173 0.649592 0.246651 0.648226 0.242740 0.648756 0.238667 0.651732
0 0.265840 0.676560 0.267040 0.680912 0.269049 0.683786 0.271473 0.685553 0.275373 0.685776 0.280928 0.684164 0.282969 0.681164 0.283036 0.676940 0.281458 0.673122 0.278925 0.670237 0.275402 0.668871 0.271492 0.669401 0.267418 0.672377
0 0.285555 0.667676 0.286754 0.672028 0.288763 0.674902 0.291187 0.676669 0.295087 0.676892 0.300641 0.675280 0.302683 0.672280 0.302750 0.668055 0.301172 0.664238 0.298639 0.661353 0.295116 0.659987 0.291206 0.660517 0.287132 0.663493
0 0.231695 0.727269 0.232894 0.731621 0.234903 0.734495 0.237328 0.736262 0.241228 0.736485 0.246782 0.734873 0.248823 0.731874 0.248891 0.727648 0.247313 0.723831 0.244779 0.720946 0.241257 0.719580 0.237346 0.720110 0.233273 0.723086
0 0.354238 0.619403 0.355438 0.623755 0.357447 0.626629 0.359871 0.628396 0.363771 0.628619 0.369325 0.627007 0.371367 0.624007 0.371434 0.619782 0.369856 0.615965 0.367323 0.613080 0.363800 0.611714 0.359890 0.612244 0.355816 0.615220
0 0.386745 0.571339 0.387944 0.575691 0.389953 0.578565 0.392378 0.580333 0.396278 0.580555 0.401832 0.578943 0.403873 0.575944 0.403941 0.571718 0.402363 0.567901 0.399829 0.565016 0.396307 0.563650 0.392396 0.564180 0.388323 0.567157
0 0.142818 0.312984 0.144016 0.317336 0.146026 0.320210 0.148450 0.321977 0.152350 0.322200 0.157905 0.320588 0.159946 0.317588 0.160013 0.313363 0.158436 0.309546 0.155902 0.306661 0.152379 0.305295 0.148468 0.305825 0.144395 0.308802
0 0.635809 0.243662 0.637008 0.248014 0.639018 0.250888 0.641442 0.252656 0.645342 0.252878 0.650896 0.251267 0.652937 0.248267 0.653005 0.244042 0.651427 0.240225 0.648894 0.237339 0.645371 0.235974 0.641460 0.236504 0.637387 0.239480
0 0.250888 0.338873 0.248446 0.340712 0.247411 0.343921 0.248286 0.347340 0.250591 0.349968 0.255123 0.350749 0.259323 0.348978 0.260011 0.346524 0.259125 0.342647 0.257181 0.339799 0.254078 0.338214
0 0.228484 0.320202 0.226043 0.322041 0.225007 0.325250 0.225882 0.328668 0.228188 0.331297 0.232720 0.332077 0.236919 0.330307 0.237608 0.327853 0.236722 0.323975 0.234777 0.321128 0.231674 0.319543
0 0.443062 0.325486 0.444261 0.329838 0.446270 0.332712 0.448694 0.334479 0.452595 0.334701 0.458149 0.333090 0.460190 0.330090 0.460257 0.325865 0.458680 0.322048 0.456146 0.319163 0.452624 0.317797 0.448713 0.318327 0.444639 0.321303
0 0.387394 0.280689 0.384952 0.282527 0.383917 0.285736 0.384791 0.289155 0.387097 0.291783 0.391629 0.292564 0.395829 0.290794 0.396517 0.288340 0.395631 0.284462 0.393686 0.281614 0.390583 0.280029
0 0.587046 0.295035 0.588245 0.299387 0.590254 0.302261 0.592678 0.304028 0.596578 0.304251 0.602132 0.302639 0.604174 0.299639 0.604241 0.295414 0.602664 0.291597 0.600130 0.288712 0.596608 0.287346 0.592697 0.287876 0.588623 0.290852
0 0.597047 0.406956 0.598246 0.411308 0.600255 0.414182 0.602679 0.415949 0.606579 0.416172 0.612133 0.414560 0.614174 0.411561 0.614242 0.407336 0.612664 0.403518 0.610131 0.400633 0.606608 0.399267 0.602697 0.399797 0.598624 0.402774
0 0.584829 0.467263 0.586028 0.471615 0.588037 0.474489 0.590461 0.476256 0.594362 0.476478 0.599916 0.474867 0.601957 0.471867 0.602024 0.467642 0.600447 0.463825 0.597913 0.460940 0.594391 0.459574 0.590480 0.460104 0.586407 0.463080
0 0.574613 0.508080 0.575812 0.512432 0.577821 0.515306 0.580245 0.517074 0.584145 0.517296 0.589700 0.515684 0.591741 0.512685 0.591808 0.508460 0.590231 0.504643 0.587697 0.501758 0.584174 0.500392 0.580264 0.500922 0.576190 0.503898
0 0.547427 0.528732 0.548626 0.533084 0.550635 0.535958 0.553059 0.537726 0.556959 0.537948 0.562513 0.536336 0.564555 0.533337 0.564622 0.529111 0.563044 0.525294 0.560511 0.522409 0.556988 0.521043 0.553077 0.521573 0.549004 0.524549
0 0.576107 0.556666 0.577307 0.561019 0.579316 0.563892 0.581740 0.565660 0.585640 0.565882 0.591195 0.564270 0.593236 0.561271 0.593303 0.557046 0.591725 0.553229 0.589192 0.550343 0.585669 0.548978 0.581759 0.549508 0.577685 0.552484
0 0.603469 0.601689 0.604667 0.606041 0.606677 0.608915 0.609101 0.610682 0.613001 0.610905 0.618555 0.609293 0.620597 0.606293 0.620664 0.602068 0.619087 0.598251 0.616553 0.595366 0.613030 0.594000 0.609119 0.594530 0.605046 0.597506
0 0.560133 0.700876 0.561332 0.705227 0.563341 0.708101 0.565765 0.709869 0.569665 0.710091 0.575220 0.708479 0.577261 0.705480 0.577329 0.701255 0.575751 0.697438 0.573217 0.694553 0.569695 0.693187 0.565784 0.693717 0.561710 0.696693
0 0.497339 0.648560 0.498537 0.652912 0.500547 0.655786 0.502971 0.657554 0.506871 0.657776 0.512426 0.656165 0.514467 0.653165 0.514534 0.648940 0.512957 0.645123 0.510423 0.642238 0.506900 0.640871 0.502989 0.641402 0.498916 0.644378
0 0.594810 0.698819 0.596010 0.703171 0.598019 0.706045 0.600443 0.707813 0.604343 0.708035 0.609898 0.706423 0.611939 0.703424 0.612006 0.699198 0.610428 0.695381 0.607895 0.692496 0.604372 0.691130 0.600462 0.691660 0.596388 0.694636
0 0.614321 0.694474 0.615520 0.698826 0.617529 0.701700 0.619953 0.703468 0.623720 0.703254 0.629386 0.702008 0.631449 0.699079 0.631516 0.694853 0.629939 0.691037 0.627405 0.688151 0.623882 0.686785 0.619972 0.687316 0.615898 0.690292
0 0.672148 0.532483 0.673348 0.536835 0.675357 0.539709 0.677781 0.541476 0.681548 0.541263 0.687214 0.540017 0.689277 0.537087 0.689344 0.532862 0.687766 0.529045 0.685233 0.526160 0.681710 0.524794 0.677800 0.525324 0.673726 0.528301
0 0.819745 0.633149 0.820943 0.637501 0.822953 0.640374 0.825377 0.642142 0.829143 0.641929 0.834810 0.640683 0.836872 0.637753 0.836940 0.633528 0.835362 0.629711 0.832829 0.626826 0.829306 0.625460 0.825395 0.625990 0.821322 0.628966
0 0.835993 0.622775 0.837192 0.627127 0.839201 0.630001 0.841626 0.631769 0.845392 0.631555 0.851059 0.630309 0.853121 0.627380 0.853189 0.623155 0.851611 0.619338 0.849078 0.616452 0.845555 0.615087 0.841644 0.615617 0.837571 0.618593
0 0.801091 0.566157 0.802290 0.570509 0.804299 0.573383 0.806723 0.575151 0.810490 0.574937 0.816156 0.573691 0.818219 0.570762 0.818286 0.566536 0.816709 0.562719 0.814175 0.559834 0.810653 0.558468 0.806742 0.558999 0.802668 0.561974
0 0.761318 0.558406 0.762516 0.562758 0.764526 0.565632 0.766950 0.567399 0.770717 0.567186 0.776383 0.565939 0.778446 0.563010 0.778513 0.558785 0.776935 0.554968 0.774402 0.552083 0.770879 0.550717 0.766968 0.551247 0.762895 0.554223
0 0.866650 0.500735 0.867850 0.505087 0.869859 0.507960 0.872283 0.509728 0.876050 0.509514 0.881716 0.508268 0.883779 0.505339 0.883846 0.501114 0.882268 0.497297 0.879735 0.494412 0.876212 0.493046 0.872302 0.493576 0.868228 0.496552
0 0.949378 0.505979 0.949538 0.508636 0.951268 0.511086 0.954068 0.511930 0.956267 0.511949 0.958908 0.510820 0.959954 0.507532 0.958793 0.504730 0.957002 0.502842 0.953423 0.502579 0.950983 0.503755
0 0.850639 0.501498 0.850799 0.504155 0.852528 0.506605 0.855329 0.507449 0.857528 0.507468 0.860168 0.506339 0.861215 0.503051 0.860054 0.500249 0.858263 0.498361 0.854684 0.498098 0.852244 0.499274
0 0.852604 0.463444 0.852764 0.466101 0.854493 0.468550 0.857294 0.469395 0.859493 0.469413 0.862134 0.468285 0.863180 0.464997 0.862019 0.462195 0.860228 0.460307 0.856649 0.460044 0.854209 0.461219
0 0.939989 0.467756 0.940148 0.470414 0.941878 0.472863 0.944679 0.473707 0.946877 0.473726 0.949518 0.472597 0.950565 0.469309 0.949404 0.466507 0.947613 0.464619 0.944034 0.464356 0.941594 0.465532
0 0.944661 0.458041 0.944821 0.460698 0.946551 0.463147 0.949352 0.463991 0.951550 0.464010 0.954191 0.462882 0.955237 0.459594 0.954077 0.456791 0.952286 0.454903 0.948706 0.454641 0.946266 0.455816
0 0.933192 0.457710 0.933352 0.460368 0.935081 0.462817 0.937883 0.463661 0.940081 0.463680 0.942721 0.462552 0.943768 0.459263 0.942607 0.456461 0.940816 0.454573 0.937237 0.454311 0.934797 0.455486
0 0.998397 0.541954 0.998397 0.544612 0.998397 0.547062 0.998397 0.547906 0.998397 0.547924 0.998397 0.546796 0.998397 0.543508 0.998397 0.540705 0.998397 0.538817 0.998397 0.538555 0.998397 0.539730
0 0.995025 0.532627 0.995185 0.535284 0.996915 0.537734 0.998397 0.538578 0.998397 0.538596 0.998397 0.537468 0.998397 0.534180 0.998397 0.531377 0.998397 0.529489 0.998397 0.529227 0.996630 0.530402
0 0.998397 0.592468 0.998397 0.595126 0.998397 0.597575 0.998397 0.598419 0.998397 0.598438 0.998397 0.597310 0.998397 0.594021 0.998397 0.591219 0.998397 0.589331 0.998397 0.589069 0.998397 0.590244
0 0.854855 0.635795 0.855015 0.638453 0.856744 0.640902 0.859545 0.641747 0.861744 0.641765 0.864385 0.640637 0.865431 0.637349 0.864270 0.634547 0.862479 0.632658 0.858900 0.632396 0.856460 0.633571
0 0.803237 0.644780 0.803397 0.647438 0.805126 0.649887 0.807927 0.650732 0.810126 0.650750 0.812766 0.649622 0.813813 0.646334 0.812652 0.643532 0.810861 0.641643 0.807282 0.641381 0.804842 0.642556
0 0.753079 0.645542 0.753239 0.648200 0.754968 0.650649 0.757769 0.651493 0.759968 0.651512 0.762608 0.650384 0.763655 0.647096 0.762494 0.644293 0.760703 0.642405 0.757124 0.642143 0.754684 0.643318
0 0.700941 0.607350 0.701101 0.610007 0.702830 0.612457 0.705631 0.613301 0.707830 0.613319 0.710471 0.612191 0.711517 0.608903 0.710356 0.606101 0.708565 0.604213 0.704986 0.603950 0.702546 0.605125
0 0.687706 0.619930 0.687866 0.622587 0.689596 0.625037 0.692397 0.625881 0.694595 0.625900 0.697236 0.624771 0.698282 0.621483 0.697121 0.618681 0.695331 0.616793 0.691751 0.616530 0.689312 0.617705
0 0.610470 0.676369 0.610630 0.679027 0.612359 0.681476 0.615161 0.682320 0.617359 0.682339 0.619999 0.681211 0.621046 0.677923 0.619885 0.675120 0.618094 0.673232 0.614515 0.672970 0.612075 0.674145
0 0.459517 0.686045 0.459677 0.688703 0.461407 0.691152 0.464208 0.691996 0.466406 0.692015 0.469047 0.690886 0.470094 0.687598 0.468933 0.684796 0.467142 0.682908 0.463562 0.682645 0.461123 0.683821
0 0.466930 0.670256 0.467090 0.672914 0.468819 0.675363 0.471620 0.676207 0.473819 0.676226 0.476459 0.675098 0.477506 0.671809 0.476345 0.669007 0.474554 0.667119 0.470974 0.666857 0.468535 0.668032
0 0.312117 0.750564 0.312277 0.753221 0.314006 0.755670 0.316807 0.756514 0.319006 0.756533 0.321646 0.755405 0.322693 0.752117 0.321532 0.749315 0.319741 0.747426 0.316162 0.747164 0.313722 0.748339
0 0.292528 0.718830 0.292688 0.721487 0.294417 0.723936 0.297218 0.724780 0.299417 0.724799 0.302057 0.723671 0.303104 0.720383 0.301943 0.717580 0.300152 0.715692 0.296573 0.715430 0.294133 0.716605
0 0.296932 0.650575 0.297092 0.653232 0.298822 0.655682 0.301623 0.656526 0.303821 0.656545 0.306462 0.655416 0.307509 0.652128 0.306348 0.649326 0.304557 0.647438 0.300977 0.647175 0.298537 0.648351
0 0.203803 0.628691 0.203964 0.631349 0.205693 0.633798 0.208494 0.634642 0.210693 0.634661 0.213333 0.633533 0.214379 0.630244 0.213218 0.627442 0.211428 0.625554 0.207848 0.625291 0.205409 0.626467
0 0.217437 0.605213 0.217598 0.607870 0.219327 0.610319 0.222128 0.611163 0.224326 0.611182 0.226967 0.610054 0.228013 0.606766 0.226852 0.603963 0.225062 0.602076 0.221482 0.601813 0.219043 0.602988
0 0.409406 0.577277 0.409566 0.579935 0.411295 0.582384 0.414096 0.583229 0.416294 0.583247 0.418935 0.582119 0.419982 0.578831 0.418821 0.576029 0.417030 0.574140 0.413450 0.573878 0.411011 0.575053
0 0.369375 0.540070 0.369536 0.542727 0.371265 0.545176 0.374066 0.546021 0.376264 0.546039 0.378905 0.544911 0.379952 0.541623 0.378791 0.538821 0.377000 0.536932 0.373420 0.536670 0.370981 0.537845
0 0.390769 0.487531 0.390929 0.490189 0.392658 0.492638 0.395459 0.493482 0.397658 0.493501 0.400299 0.492372 0.401345 0.489084 0.400184 0.486282 0.398393 0.484394 0.394814 0.484131 0.392374 0.485307
0 0.479444 0.438364 0.479604 0.441021 0.481334 0.443471 0.484135 0.444315 0.486333 0.444333 0.488974 0.443205 0.490020 0.439917 0.488859 0.437115 0.487069 0.435227 0.483489 0.434964 0.481050 0.436139
0 0.429380 0.408471 0.429541 0.411128 0.431270 0.413578 0.434071 0.414422 0.436270 0.414440 0.438910 0.413312 0.439956 0.410024 0.438795 0.407222 0.437005 0.405334 0.433425 0.405071 0.430986 0.406246
0 0.493430 0.382625 0.493590 0.385282 0.495320 0.387732 0.498121 0.388576 0.500319 0.388595 0.502960 0.387466 0.504006 0.384178 0.502845 0.381376 0.501054 0.379488 0.497475 0.379225 0.495035 0.380401
0 0.536455 0.459884 0.536616 0.462542 0.538345 0.464991 0.541146 0.465836 0.543344 0.465854 0.545985 0.464726 0.547031 0.461438 0.545870 0.458636 0.544080 0.456747 0.540500 0.456485 0.538061 0.457660
0 0.582833 0.438451 0.582994 0.441109 0.584723 0.443558 0.587524 0.444403 0.589723 0.444421 0.592363 0.443293 0.593410 0.440005 0.592249 0.437203 0.590458 0.435314 0.586879 0.435052 0.584439 0.436227
0 0.629402 0.493866 0.629562 0.496524 0.631291 0.498973 0.634092 0.499818 0.636291 0.499836 0.638932 0.498707 0.639978 0.495420 0.638818 0.492617 0.637027 0.490729 0.633447 0.490466 0.631007 0.491642
0 0.515543 0.498601 0.516741 0.502953 0.518751 0.505827 0.521175 0.507595 0.525075 0.507817 0.530629 0.506205 0.532671 0.503206 0.532738 0.498980 0.531160 0.495163 0.528627 0.492278 0.525104 0.490912 0.521193 0.491442 0.517120 0.494418
0 0.648997 0.448830 0.649157 0.451488 0.650887 0.453937 0.653688 0.454781 0.655886 0.454800 0.658527 0.453672 0.659573 0.450384 0.658412 0.447581 0.656621 0.445693 0.653042 0.445431 0.650603 0.446606
0 0.685680 0.448488 0.685840 0.451146 0.687569 0.453595 0.690370 0.454440 0.692569 0.454458 0.695209 0.453330 0.696256 0.450042 0.695095 0.447239 0.693304 0.445351 0.689725 0.445089 0.687285 0.446264
0 0.646104 0.478771 0.648080 0.480258 0.650376 0.480180 0.652807 0.479342 0.653556 0.477751 0.653154 0.475608 0.651860 0.474280 0.650293 0.473509 0.648565 0.473145 0.646504 0.473660 0.644888 0.475317 0.645285 0.477338
0 0.705701 0.549102 0.707677 0.550590 0.709973 0.550512 0.712404 0.549674 0.713153 0.548083 0.712751 0.545940 0.711457 0.544612 0.709890 0.543840 0.708162 0.543476 0.706101 0.543991 0.704485 0.545649 0.704882 0.547670
0 0.757799 0.497388 0.759775 0.498876 0.762071 0.498797 0.764503 0.497960 0.765252 0.496369 0.764850 0.494225 0.763556 0.492898 0.761989 0.492126 0.760261 0.491762 0.758200 0.492277 0.756584 0.493935 0.756980 0.495956
0 0.754858 0.638196 0.756835 0.639683 0.759131 0.639604 0.761562 0.638767 0.762311 0.637177 0.761909 0.635033 0.760615 0.633705 0.759047 0.632933 0.757320 0.632570 0.755259 0.633085 0.753643 0.634742 0.754040 0.636763
0 0.742857 0.614336 0.744834 0.615824 0.747130 0.615746 0.749561 0.614908 0.750310 0.613318 0.749908 0.611174 0.748614 0.609846 0.747047 0.609074 0.745319 0.608710 0.743258 0.609225 0.741642 0.610883 0.742039 0.612904
0 0.866816 0.622497 0.868792 0.623984 0.871088 0.623906 0.873520 0.623069 0.874269 0.621478 0.873867 0.619334 0.872573 0.618007 0.871006 0.617235 0.869278 0.616871 0.867217 0.617386 0.865601 0.619044 0.865997 0.621065
0 0.908598 0.577404 0.910574 0.578891 0.912870 0.578813 0.915302 0.577976 0.916051 0.576385 0.915648 0.574241 0.914354 0.572913 0.912787 0.572142 0.911060 0.571778 0.908999 0.572293 0.907382 0.573950 0.907779 0.575972
0 0.997096 0.592099 0.998397 0.593586 0.998397 0.593508 0.998397 0.592671 0.998397 0.591080 0.998397 0.588936 0.998397 0.587608 0.998397 0.586837 0.998397 0.586473 0.997497 0.586988 0.995880 0.588646 0.996277 0.590666
0 0.998397 0.527707 0.998397 0.529195 0.998397 0.529116 0.998397 0.528279 0.998397 0.526689 0.998397 0.524544 0.998397 0.523217 0.998397 0.522445 0.998397 0.522081 0.998397 0.522596 0.998397 0.524254 0.998397 0.526275
0 0.829587 0.383586 0.831563 0.385074 0.833859 0.384995 0.836291 0.384158 0.837040 0.382567 0.836637 0.380423 0.835343 0.379096 0.833776 0.378324 0.832048 0.377960 0.829987 0.378475 0.828371 0.380133 0.828768 0.382154
0 0.762709 0.319705 0.764686 0.321193 0.766982 0.321115 0.769413 0.320277 0.770163 0.318686 0.769760 0.316543 0.768466 0.315215 0.766899 0.314443 0.765171 0.314079 0.763111 0.314594 0.761494 0.316252 0.761891 0.318273
0 0.749001 0.205381 0.750977 0.206868 0.753273 0.206790 0.755704 0.205953 0.756454 0.204362 0.756051 0.202218 0.754757 0.200891 0.753190 0.200119 0.751462 0.199755 0.749401 0.200270 0.747785 0.201927 0.748182 0.203949
0 0.694698 0.252461 0.696674 0.253949 0.698970 0.253870 0.701402 0.253033 0.702151 0.251443 0.701748 0.249299 0.700454 0.247971 0.698887 0.247199 0.697159 0.246835 0.695099 0.247351 0.693482 0.249008 0.693879 0.251029
0 0.452294 0.355485 0.452454 0.358143 0.454183 0.360592 0.456984 0.361436 0.459183 0.361455 0.461824 0.360327 0.462870 0.357038 0.461709 0.354236 0.459918 0.352348 0.456339 0.352085 0.453899 0.353261
0 0.439760 0.615484 0.437318 0.617323 0.436283 0.620532 0.437158 0.623951 0.439463 0.626579 0.443996 0.627360 0.448195 0.625589 0.448884 0.623136 0.447997 0.619257 0.446053 0.616410 0.442949 0.614825
0 0.480773 0.568106 0.480933 0.570763 0.482662 0.573212 0.485463 0.574057 0.487662 0.574075 0.490303 0.572947 0.491349 0.569659 0.490188 0.566857 0.488397 0.564969 0.484818 0.564706 0.482378 0.565881
0 0.746056 0.444002 0.742830 0.445890 0.741444 0.449853 0.742211 0.453808 0.744828 0.456767 0.748423 0.458081 0.753245 0.457410 0.756355 0.454476 0.757342 0.451328 0.756111 0.447280 0.752977 0.444187 0.749705 0.443293
0 0.804858 0.420036 0.806834 0.421523 0.809130 0.421445 0.811562 0.420608 0.812311 0.419017 0.811908 0.416873 0.810615 0.415545 0.809047 0.414774 0.807319 0.414410 0.805259 0.414925 0.803642 0.416583 0.804039 0.418603
0 0.812824 0.226749 0.809598 0.228636 0.808212 0.232599 0.808979 0.236554 0.811596 0.239513 0.815191 0.240827 0.820013 0.240156 0.823122 0.237222 0.824110 0.234074 0.822879 0.230027 0.819745 0.226933 0.816473 0.226039
0 0.771994 0.193838 0.773970 0.195325 0.776266 0.195247 0.778698 0.194410 0.779446 0.192819 0.779044 0.190675 0.777750 0.189348 0.776183 0.188576 0.774455 0.188212 0.772394 0.188727 0.770778 0.190385 0.771175 0.192406
0 0.718927 0.356438 0.716486 0.358276 0.715450 0.361485 0.716325 0.364904 0.718630 0.367532 0.723163 0.368313 0.727362 0.366543 0.728051 0.364089 0.727164 0.360210 0.725220 0.357363 0.722117 0.355778
0 0.425882 0.732023 0.427081 0.736375 0.429090 0.739249 0.431514 0.741016 0.435414 0.741238 0.440969 0.739627 0.443010 0.736627 0.443077 0.732402 0.441500 0.728585 0.438966 0.725700 0.435443 0.724334 0.431533 0.724864 0.427459 0.727840
