0 0.429487 0.296474 0.432692 0.301282 0.440705 0.304487 0.447115 0.302885 0.453526 0.298077 0.453526 0.293269 0.451923 0.285256 0.442308 0.282051 0.434295 0.285256 0.429487 0.290064
0 0.479167 0.269231 0.483974 0.274038 0.491987 0.277244 0.498397 0.274038 0.501603 0.270833 0.503205 0.266026 0.500000 0.258013 0.491987 0.254808 0.483974 0.258013 0.480769 0.262821
0 0.443910 0.225962 0.448718 0.232372 0.455128 0.233974 0.461538 0.233974 0.467949 0.229167 0.467949 0.222756 0.466346 0.216346 0.456731 0.213141 0.448718 0.214744 0.443910 0.219551
0 0.331731 0.225962 0.334936 0.232372 0.342949 0.233974 0.349359 0.233974 0.355769 0.229167 0.355769 0.222756 0.354167 0.216346 0.344551 0.213141 0.336538 0.214744 0.331731 0.219551
0 0.275641 0.286859 0.280449 0.291667 0.286859 0.294872 0.293269 0.294872 0.299679 0.290064 0.301282 0.283654 0.298077 0.277244 0.288462 0.272436 0.280449 0.275641 0.275641 0.280449
0 0.254808 0.341346 0.259615 0.346154 0.267628 0.347756 0.274038 0.347756 0.278846 0.342949 0.280449 0.336538 0.278846 0.330128 0.267628 0.326923 0.261218 0.328526 0.256410 0.334936
0 0.508013 0.357372 0.512821 0.362179 0.520833 0.365385 0.525641 0.365385 0.532051 0.360577 0.533654 0.354167 0.530449 0.347756 0.520833 0.342949 0.512821 0.346154 0.509615 0.350962
0 0.645833 0.195513 0.650641 0.200321 0.658654 0.201923 0.663462 0.201923 0.669872 0.197115 0.671474 0.190705 0.668269 0.184295 0.658654 0.181090 0.650641 0.182692 0.647436 0.189103
0 0.692308 0.177885 0.697115 0.184295 0.703526 0.185897 0.709936 0.185897 0.716346 0.181090 0.717949 0.174679 0.714744 0.168269 0.705128 0.165064 0.697115 0.166667 0.692308 0.171474
0 0.769231 0.312500 0.774038 0.317308 0.782051 0.320513 0.786859 0.320513 0.793269 0.314103 0.794872 0.309295 0.791667 0.302885 0.782051 0.298077 0.774038 0.301282 0.769231 0.306090
0 0.802885 0.299679 0.807692 0.304487 0.815705 0.306090 0.820513 0.306090 0.826923 0.301282 0.828526 0.294872 0.825321 0.288462 0.815705 0.285256 0.807692 0.286859 0.802885 0.293269
0 0.849359 0.258013 0.854167 0.262821 0.862179 0.264423 0.868590 0.264423 0.873397 0.259615 0.875000 0.253205 0.873397 0.246795 0.862179 0.243590 0.855769 0.245192 0.850962 0.251603
0 0.759615 0.195513 0.764423 0.200321 0.770833 0.201923 0.777244 0.201923 0.783654 0.197115 0.785256 0.190705 0.782051 0.184295 0.772436 0.181090 0.764423 0.182692 0.759615 0.189103
0 0.833333 0.160256 0.838141 0.165064 0.846154 0.166667 0.852564 0.166667 0.857372 0.161859 0.858974 0.155449 0.857372 0.149038 0.847756 0.145833 0.839744 0.147436 0.834936 0.153846
0 0.899038 0.190705 0.903846 0.197115 0.911859 0.198718 0.918269 0.198718 0.923077 0.193910 0.924679 0.187500 0.923077 0.181090 0.911859 0.177885 0.905449 0.179487 0.900641 0.184295
0 0.858974 0.173077 0.863782 0.177885 0.871795 0.181090 0.876603 0.181090 0.883013 0.174679 0.884615 0.169872 0.881410 0.163462 0.871795 0.158654 0.863782 0.161859 0.860577 0.166667
0 0.959936 0.158654 0.964744 0.163462 0.971154 0.166667 0.977564 0.166667 0.983974 0.161859 0.985577 0.155449 0.982372 0.149038 0.972756 0.144231 0.964744 0.147436 0.959936 0.152244
0 0.980769 0.443910 0.985577 0.448718 0.991987 0.451923 0.998397 0.451923 0.993590 0.429487 0.985577 0.432692 0.980769 0.437500 0.809295 0.506410 0.814103 0.511218 0.822115 0.512821
0 0.828526 0.512821 0.834936 0.508013 0.834936 0.501603 0.833333 0.495192 0.823718 0.491987 0.815705 0.493590 0.810897 0.500000 0.937500 0.608974 0.942308 0.613782 0.948718 0.616987
0 0.955128 0.616987 0.961538 0.612179 0.961538 0.605769 0.959936 0.599359 0.950321 0.594551 0.942308 0.597756 0.937500 0.602564 0.631410 0.567308 0.636218 0.572115 0.644231 0.575321
0 0.649038 0.575321 0.655449 0.570513 0.657051 0.564103 0.653846 0.557692 0.644231 0.554487 0.636218 0.556090 0.633013 0.560897 0.777244 0.516026 0.782051 0.520833 0.790064 0.522436
0 0.794872 0.522436 0.801282 0.517628 0.802885 0.511218 0.799679 0.504808 0.790064 0.501603 0.782051 0.503205 0.778846 0.509615 0.687500 0.612179 0.692308 0.616987 0.700321 0.620192
0 0.705128 0.620192 0.711538 0.615385 0.713141 0.608974 0.709936 0.602564 0.700321 0.597756 0.692308 0.600962 0.687500 0.605769 0.580128 0.491987 0.584936 0.496795 0.592949 0.500000
0 0.599359 0.498397 0.605769 0.493590 0.605769 0.487179 0.604167 0.480769 0.594551 0.477564 0.586538 0.479167 0.581731 0.485577 0.621795 0.487179 0.626603 0.491987 0.634615 0.495192
0 0.641026 0.493590 0.647436 0.488782 0.647436 0.482372 0.645833 0.475962 0.636218 0.472756 0.628205 0.474359 0.623397 0.480769 0.480769 0.440705 0.485577 0.447115 0.493590 0.448718
0 0.500000 0.448718 0.506410 0.443910 0.506410 0.437500 0.504808 0.431090 0.495192 0.427885 0.487179 0.429487 0.482372 0.434295 0.535256 0.653846 0.540064 0.660256 0.546474 0.661859
0 0.552885 0.661859 0.559295 0.657051 0.559295 0.650641 0.557692 0.644231 0.548077 0.641026 0.540064 0.642628 0.535256 0.647436 0.371795 0.524038 0.376603 0.528846 0.384615 0.530449
0 0.391026 0.530449 0.395833 0.525641 0.397436 0.519231 0.395833 0.512821 0.386218 0.509615 0.378205 0.511218 0.373397 0.517628 0.418269 0.584936 0.421474 0.589744 0.429487 0.591346
0 0.435897 0.591346 0.442308 0.586538 0.442308 0.580128 0.440705 0.573718 0.431090 0.570513 0.423077 0.572115 0.418269 0.578526 0.463141 0.557692 0.467949 0.562500 0.475962 0.564103
0 0.482372 0.564103 0.487179 0.559295 0.488782 0.552885 0.487179 0.546474 0.475962 0.543269 0.469551 0.544872 0.464744 0.551282 0.450321 0.663462 0.453526 0.668269 0.461538 0.669872
0 0.467949 0.669872 0.474359 0.665064 0.474359 0.658654 0.472756 0.652244 0.463141 0.649038 0.455128 0.650641 0.450321 0.657051 0.676282 0.463141 0.679487 0.467949 0.687500 0.469551
0 0.693910 0.469551 0.700321 0.464744 0.700321 0.458333 0.697115 0.453526 0.689103 0.448718 0.681090 0.450321 0.676282 0.456731 0.467949 0.467949 0.472756 0.474359 0.480769 0.475962
0 0.487179 0.475962 0.491987 0.471154 0.491987 0.466346 0.491987 0.458333 0.482372 0.455128 0.474359 0.456731 0.469551 0.461538 0.612179 0.431090 0.616987 0.435897 0.623397 0.439103
0 0.629808 0.439103 0.636218 0.432692 0.637821 0.427885 0.634615 0.421474 0.625000 0.416667 0.616987 0.419872 0.612179 0.424679 0.443910 0.517628 0.448718 0.522436 0.456731 0.525641
0 0.461538 0.524038 0.467949 0.519231 0.469551 0.514423 0.466346 0.508013 0.456731 0.503205 0.448718 0.506410 0.443910 0.511218 0.631410 0.544872 0.636218 0.549679 0.642628 0.551282
0 0.649038 0.551282 0.655449 0.546474 0.657051 0.540064 0.653846 0.533654 0.644231 0.530449 0.636218 0.532051 0.631410 0.538462 0.733974 0.475962 0.738782 0.480769 0.746795 0.482372
0 0.753205 0.482372 0.759615 0.477564 0.759615 0.471154 0.758013 0.464744 0.748397 0.461538 0.740385 0.463141 0.735577 0.469551 0.988782 0.586538 0.993590 0.592949 0.995192 0.575321
0 0.990385 0.580128 0.943910 0.386218 0.948718 0.391026 0.955128 0.394231 0.961538 0.392628 0.967949 0.387821 0.969551 0.383013 0.966346 0.375000 0.956731 0.371795 0.948718 0.375000
0 0.943910 0.379808 0.254808 0.370192 0.259615 0.375000 0.267628 0.378205 0.274038 0.376603 0.280449 0.371795 0.280449 0.365385 0.278846 0.358974 0.269231 0.355769 0.261218 0.357372
0 0.256410 0.363782 0.370192 0.357372 0.375000 0.362179 0.383013 0.365385 0.387821 0.365385 0.394231 0.360577 0.395833 0.354167 0.392628 0.347756 0.383013 0.342949 0.375000 0.346154
0 0.370192 0.350962 0.375000 0.285256 0.379808 0.290064 0.386218 0.293269 0.392628 0.291667 0.399038 0.286859 0.400641 0.280449 0.397436 0.274038 0.387821 0.270833 0.379808 0.272436
0 0.375000 0.278846 0.306090 0.384615 0.310897 0.389423 0.318910 0.391026 0.323718 0.391026 0.330128 0.386218 0.331731 0.379808 0.328526 0.373397 0.318910 0.370192 0.310897 0.371795
0 0.307692 0.378205 0.288462 0.410256 0.293269 0.415064 0.301282 0.418269 0.307692 0.416667 0.314103 0.411859 0.314103 0.407051 0.312500 0.400641 0.302885 0.395833 0.294872 0.399038
0 0.290064 0.403846 0.293269 0.434295 0.298077 0.439103 0.304487 0.440705 0.310897 0.440705 0.317308 0.435897 0.317308 0.429487 0.315705 0.423077 0.306090 0.419872 0.298077 0.421474
0 0.293269 0.427885 0.181090 0.483974 0.189103 0.487179 0.193910 0.485577 0.200321 0.480769 0.201923 0.474359 0.198718 0.467949 0.193910 0.466346 0.187500 0.467949 0.181090 0.472756
0 0.161859 0.525641 0.163462 0.532051 0.171474 0.535256 0.184295 0.530449 0.184295 0.524038 0.182692 0.517628 0.177885 0.514423 0.169872 0.516026 0.165064 0.520833 0.163462 0.548077
0 0.165064 0.554487 0.173077 0.556090 0.179487 0.556090 0.184295 0.551282 0.185897 0.544872 0.184295 0.538462 0.177885 0.535256 0.171474 0.536859 0.166667 0.543269 0.282051 0.562500
0 0.283654 0.568910 0.291667 0.570513 0.298077 0.570513 0.302885 0.565705 0.304487 0.559295 0.302885 0.552885 0.296474 0.549679 0.290064 0.552885 0.285256 0.557692 0.219551 0.572115
0 0.229167 0.580128 0.235577 0.580128 0.240385 0.575321 0.241987 0.568910 0.240385 0.562500 0.233974 0.560897 0.227564 0.562500 0.222756 0.567308 0.240385 0.628205 0.241987 0.634615
0 0.248397 0.636218 0.254808 0.636218 0.261218 0.631410 0.262821 0.625000 0.259615 0.618590 0.254808 0.615385 0.248397 0.616987 0.241987 0.621795 0.056090 0.657051 0.059295 0.663462
0 0.065705 0.666667 0.072115 0.666667 0.078526 0.661859 0.078526 0.655449 0.076923 0.649038 0.072115 0.645833 0.065705 0.647436 0.059295 0.652244 0.000000 0.559295 0.182692 0.628205
0 0.184295 0.634615 0.190705 0.636218 0.197115 0.636218 0.203526 0.631410 0.205128 0.625000 0.200321 0.620192 0.195513 0.616987 0.189103 0.618590 0.184295 0.621795 0.012821 0.503205
0 0.014423 0.509615 0.022436 0.511218 0.028846 0.511218 0.033654 0.506410 0.035256 0.500000 0.032051 0.495192 0.025641 0.491987 0.019231 0.493590 0.016026 0.498397 0.020833 0.435897
0 0.022436 0.442308 0.030449 0.443910 0.036859 0.443910 0.041667 0.439103 0.043269 0.432692 0.040064 0.427885 0.033654 0.424679 0.027244 0.426282 0.024038 0.429487 0.001603 0.407051
0 0.008013 0.402244 0.009615 0.397436 0.004808 0.392628 0.000000 0.389423 0.057692 0.357372 0.059295 0.363782 0.067308 0.366987 0.073718 0.365385 0.078526 0.360577 0.080128 0.354167
0 0.076923 0.349359 0.068910 0.349359 0.064103 0.349359 0.060897 0.352564 0.086538 0.217949 0.088141 0.222756 0.096154 0.225962 0.100962 0.225962 0.107372 0.221154 0.108974 0.214744
0 0.104167 0.209936 0.099359 0.206731 0.092949 0.208333 0.089744 0.211538 0.208333 0.254808 0.209936 0.261218 0.217949 0.262821 0.222756 0.262821 0.229167 0.258013 0.230769 0.251603
0 0.225962 0.246795 0.221154 0.243590 0.214744 0.245192 0.209936 0.248397 0.270833 0.224359 0.272436 0.230769 0.280449 0.233974 0.285256 0.232372 0.291667 0.227564 0.293269 0.222756
0 0.288462 0.216346 0.283654 0.214744 0.277244 0.216346 0.274038 0.219551 0.219551 0.189103 0.221154 0.195513 0.227564 0.197115 0.233974 0.197115 0.240385 0.192308 0.241987 0.185897
0 0.237179 0.181090 0.232372 0.177885 0.225962 0.179487 0.221154 0.182692 0.328526 0.193910 0.330128 0.200321 0.336538 0.203526 0.342949 0.203526 0.349359 0.197115 0.350962 0.192308
0 0.346154 0.187500 0.341346 0.184295 0.334936 0.185897 0.330128 0.189103 0.391026 0.197115 0.392628 0.201923 0.399038 0.205128 0.405449 0.205128 0.411859 0.200321 0.413462 0.193910
0 0.408654 0.189103 0.403846 0.185897 0.397436 0.187500 0.392628 0.190705 0.423077 0.185897 0.426282 0.192308 0.432692 0.195513 0.439103 0.193910 0.445513 0.189103 0.445513 0.184295
0 0.442308 0.179487 0.437500 0.176282 0.431090 0.177885 0.426282 0.181090 0.375000 0.163462 0.376603 0.169872 0.384615 0.171474 0.391026 0.171474 0.397436 0.166667 0.397436 0.160256
0 0.394231 0.155449 0.389423 0.152244 0.381410 0.153846 0.378205 0.157051 0.323718 0.173077 0.325321 0.179487 0.333333 0.181090 0.338141 0.181090 0.344551 0.176282 0.346154 0.169872
0 0.341346 0.165064 0.336538 0.161859 0.330128 0.163462 0.325321 0.166667 0.447115 0.174679 0.448718 0.181090 0.456731 0.184295 0.461538 0.184295 0.467949 0.179487 0.469551 0.173077
0 0.464744 0.168269 0.459936 0.165064 0.453526 0.166667 0.450321 0.169872 0.508013 0.258013 0.509615 0.262821 0.517628 0.266026 0.520833 0.264423 0.524038 0.261218 0.525641 0.256410
0 0.524038 0.251603 0.519231 0.250000 0.512821 0.250000 0.511218 0.251603 0.535256 0.266026 0.536859 0.272436 0.544872 0.275641 0.551282 0.274038 0.556090 0.269231 0.556090 0.262821
0 0.554487 0.258013 0.548077 0.256410 0.541667 0.258013 0.538462 0.261218 0.580128 0.262821 0.581731 0.269231 0.589744 0.272436 0.596154 0.270833 0.600962 0.266026 0.600962 0.259615
0 0.599359 0.254808 0.594551 0.253205 0.588141 0.254808 0.583333 0.258013 0.508013 0.326923 0.509615 0.331731 0.517628 0.334936 0.524038 0.333333 0.528846 0.328526 0.528846 0.322115
0 0.520833 0.315705 0.514423 0.317308 0.511218 0.320513 0.525641 0.312500 0.527244 0.318910 0.535256 0.322115 0.540064 0.320513 0.544872 0.315705 0.544872 0.309295 0.543269 0.306090
0 0.538462 0.302885 0.532051 0.304487 0.527244 0.307692 0.658654 0.266026 0.660256 0.272436 0.668269 0.275641 0.674679 0.274038 0.679487 0.269231 0.679487 0.262821 0.677885 0.258013
0 0.671474 0.256410 0.665064 0.258013 0.661859 0.261218 0.636218 0.243590 0.637821 0.248397 0.645833 0.251603 0.652244 0.250000 0.657051 0.245192 0.657051 0.238782 0.655449 0.235577
0 0.649038 0.232372 0.642628 0.233974 0.639423 0.237179 0.748397 0.229167 0.750000 0.235577 0.758013 0.237179 0.764423 0.235577 0.769231 0.230769 0.769231 0.225962 0.767628 0.221154
0 0.761218 0.217949 0.754808 0.219551 0.751603 0.222756 0.661859 0.294872 0.663462 0.301282 0.671474 0.302885 0.677885 0.301282 0.682692 0.298077 0.682692 0.291667 0.681090 0.286859
0 0.674679 0.283654 0.668269 0.285256 0.665064 0.288462 0.636218 0.291667 0.637821 0.298077 0.645833 0.301282 0.650641 0.299679 0.655449 0.294872 0.655449 0.288462 0.653846 0.285256
0 0.649038 0.282051 0.642628 0.283654 0.637821 0.286859 0.685897 0.209936 0.687500 0.216346 0.695513 0.217949 0.701923 0.217949 0.706731 0.213141 0.706731 0.206731 0.705128 0.201923
0 0.698718 0.200321 0.692308 0.200321 0.689103 0.205128 0.834936 0.217949 0.836538 0.224359 0.844551 0.225962 0.850962 0.225962 0.855769 0.221154 0.855769 0.214744 0.854167 0.209936
0 0.847756 0.208333 0.841346 0.208333 0.838141 0.213141 0.826923 0.310897 0.828526 0.317308 0.836538 0.320513 0.842949 0.320513 0.847756 0.314103 0.847756 0.307692 0.846154 0.302885
0 0.839744 0.301282 0.833333 0.302885 0.830128 0.306090 0.862179 0.387821 0.863782 0.394231 0.870192 0.395833 0.876603 0.395833 0.881410 0.391026 0.881410 0.384615 0.879808 0.379808
0 0.875000 0.378205 0.868590 0.379808 0.863782 0.383013 0.983974 0.528846 0.985577 0.535256 0.993590 0.538462 0.998397 0.519231 0.991987 0.520833 0.987179 0.524038 0.990385 0.472756
0 0.991987 0.477564 0.998397 0.463141 0.993590 0.467949 0.971154 0.461538 0.972756 0.467949 0.980769 0.469551 0.987179 0.469551 0.991987 0.464744 0.991987 0.458333 0.990385 0.453526
0 0.985577 0.451923 0.979167 0.453526 0.974359 0.456731 0.895833 0.495192 0.897436 0.501603 0.905449 0.503205 0.911859 0.503205 0.916667 0.498397 0.916667 0.491987 0.915064 0.487179
0 0.910256 0.485577 0.902244 0.485577 0.899038 0.490385 0.974359 0.629808 0.975962 0.636218 0.983974 0.637821 0.990385 0.637821 0.995192 0.633013 0.995192 0.626603 0.993590 0.621795
0 0.988782 0.620192 0.982372 0.620192 0.977564 0.625000 0.655449 0.634615 0.657051 0.639423 0.661859 0.642628 0.668269 0.642628 0.673077 0.637821 0.673077 0.631410 0.671474 0.626603
0 0.666667 0.625000 0.658654 0.626603 0.655449 0.629808 0.615385 0.608974 0.616987 0.615385 0.623397 0.616987 0.629808 0.616987 0.633013 0.612179 0.633013 0.607372 0.633013 0.602564
0 0.626603 0.599359 0.620192 0.600962 0.616987 0.604167 0.548077 0.616987 0.551282 0.621795 0.556090 0.625000 0.562500 0.625000 0.565705 0.620192 0.565705 0.613782 0.565705 0.608974
0 0.559295 0.607372 0.552885 0.607372 0.549679 0.612179 0.516026 0.596154 0.519231 0.602564 0.524038 0.604167 0.530449 0.604167 0.535256 0.600962 0.535256 0.594551 0.533654 0.589744
0 0.527244 0.586538 0.520833 0.588141 0.517628 0.591346 0.572115 0.559295 0.573718 0.565705 0.578526 0.567308 0.584936 0.567308 0.589744 0.562500 0.589744 0.556090 0.586538 0.554487
0 0.583333 0.549679 0.576923 0.551282 0.572115 0.554487 0.562500 0.583333 0.564103 0.588141 0.568910 0.591346 0.575321 0.591346 0.580128 0.586538 0.578526 0.581731 0.578526 0.575321
0 0.573718 0.573718 0.565705 0.573718 0.562500 0.578526 0.485577 0.592949 0.488782 0.597756 0.493590 0.600962 0.500000 0.600962 0.503205 0.596154 0.503205 0.589744 0.503205 0.584936
0 0.496795 0.583333 0.490385 0.584936 0.487179 0.588141 0.735577 0.501603 0.738782 0.506410 0.743590 0.509615 0.750000 0.509615 0.754808 0.504808 0.754808 0.498397 0.753205 0.495192
0 0.748397 0.491987 0.740385 0.493590 0.737179 0.496795 0.687500 0.426282 0.689103 0.432692 0.693910 0.434295 0.700321 0.434295 0.705128 0.429487 0.705128 0.424679 0.703526 0.419872
0 0.698718 0.416667 0.690705 0.418269 0.687500 0.421474 0.833333 0.448718 0.836538 0.451923 0.839744 0.455128 0.846154 0.455128 0.850962 0.450321 0.849359 0.443910 0.847756 0.440705
0 0.842949 0.439103 0.838141 0.440705 0.834936 0.443910 0.817308 0.461538 0.817308 0.464744 0.822115 0.467949 0.828526 0.467949 0.831731 0.463141 0.831731 0.458333 0.830128 0.455128
0 0.825321 0.453526 0.820513 0.453526 0.817308 0.456731 0.785256 0.475962 0.785256 0.480769 0.788462 0.483974 0.794872 0.482372 0.799679 0.479167 0.798077 0.472756 0.796474 0.469551
0 0.793269 0.467949 0.786859 0.469551 0.785256 0.471154 0.740385 0.520833 0.741987 0.524038 0.745192 0.527244 0.751603 0.527244 0.756410 0.522436 0.754808 0.516026 0.753205 0.512821
0 0.750000 0.511218 0.743590 0.512821 0.741987 0.516026 0.697115 0.443910 0.698718 0.448718 0.701923 0.451923 0.708333 0.450321 0.713141 0.447115 0.711538 0.440705 0.709936 0.437500
0 0.705128 0.435897 0.700321 0.435897 0.697115 0.439103 0.660256 0.474359 0.661859 0.477564 0.671474 0.480769 0.676282 0.475962 0.674679 0.469551 0.673077 0.466346 0.669872 0.464744
0 0.663462 0.466346 0.661859 0.469551 0.669872 0.426282 0.669872 0.431090 0.674679 0.432692 0.681090 0.432692 0.684295 0.427885 0.684295 0.423077 0.682692 0.419872 0.677885 0.418269
0 0.673077 0.418269 0.669872 0.421474 0.708333 0.551282 0.709936 0.554487 0.713141 0.557692 0.719551 0.557692 0.724359 0.552885 0.722756 0.546474 0.721154 0.543269 0.717949 0.541667
0 0.711538 0.543269 0.709936 0.546474 0.772436 0.596154 0.774038 0.599359 0.777244 0.602564 0.783654 0.602564 0.786859 0.597756 0.786859 0.592949 0.785256 0.589744 0.780449 0.588141
0 0.775641 0.588141 0.772436 0.591346 0.844551 0.594551 0.844551 0.599359 0.849359 0.602564 0.854167 0.602564 0.858974 0.597756 0.858974 0.591346 0.855769 0.588141 0.852564 0.586538
0 0.847756 0.588141 0.844551 0.589744 0.806090 0.629808 0.807692 0.634615 0.810897 0.636218 0.817308 0.636218 0.822115 0.631410 0.820513 0.626603 0.818910 0.623397 0.815705 0.621795
0 0.809295 0.621795 0.807692 0.625000 0.899038 0.548077 0.902244 0.549679 0.905449 0.549679 0.910256 0.549679 0.913462 0.548077 0.915064 0.544872 0.913462 0.541667 0.915064 0.538462
0 0.910256 0.535256 0.905449 0.535256 0.900641 0.536859 0.899038 0.540064 0.897436 0.544872 0.881410 0.511218 0.884615 0.514423 0.887821 0.514423 0.891026 0.516026 0.894231 0.512821
0 0.895833 0.509615 0.897436 0.504808 0.895833 0.501603 0.892628 0.500000 0.886218 0.500000 0.883013 0.501603 0.879808 0.504808 0.878205 0.508013 0.850962 0.506410 0.854167 0.508013
0 0.857372 0.509615 0.862179 0.508013 0.865385 0.506410 0.866987 0.503205 0.865385 0.500000 0.866987 0.496795 0.862179 0.493590 0.857372 0.493590 0.852564 0.495192 0.850962 0.498397
0 0.849359 0.503205 0.810897 0.567308 0.814103 0.568910 0.817308 0.570513 0.820513 0.570513 0.823718 0.567308 0.826923 0.564103 0.826923 0.560897 0.825321 0.557692 0.822115 0.554487
0 0.815705 0.554487 0.812500 0.556090 0.809295 0.559295 0.807692 0.564103 0.791667 0.549679 0.794872 0.551282 0.798077 0.551282 0.801282 0.552885 0.804487 0.549679 0.807692 0.546474
0 0.807692 0.543269 0.806090 0.540064 0.802885 0.536859 0.796474 0.536859 0.793269 0.538462 0.790064 0.541667 0.788462 0.546474 0.786859 0.570513 0.790064 0.572115 0.793269 0.572115
0 0.796474 0.573718 0.799679 0.570513 0.802885 0.567308 0.801282 0.564103 0.802885 0.560897 0.798077 0.557692 0.791667 0.557692 0.788462 0.559295 0.785256 0.562500 0.785256 0.567308
0 0.915064 0.605769 0.918269 0.608974 0.921474 0.608974 0.924679 0.610577 0.927885 0.607372 0.929487 0.604167 0.929487 0.600962 0.931090 0.596154 0.926282 0.594551 0.919872 0.594551 0.916667 0.596154 0.913462 0.599359 0.913462 0.602564
0 0.746795 0.564103 0.750000 0.565705 0.753205 0.565705 0.756410 0.567308 0.759615 0.564103 0.761218 0.560897 0.762821 0.556090 0.761218 0.552885 0.758013 0.551282 0.751603 0.551282 0.748397 0.552885 0.745192 0.556090 0.743590 0.559295
0 0.701923 0.633013 0.705128 0.636218 0.708333 0.636218 0.711538 0.637821 0.714744 0.634615 0.716346 0.631410 0.717949 0.626603 0.716346 0.623397 0.713141 0.621795 0.706731 0.621795 0.703526 0.623397 0.700321 0.626603 0.700321 0.629808
0 0.668269 0.618590 0.673077 0.620192 0.676282 0.620192 0.679487 0.620192 0.682692 0.618590 0.684295 0.615385 0.682692 0.612179 0.684295 0.608974 0.679487 0.605769 0.674679 0.605769 0.671474 0.607372 0.668269 0.610577 0.666667 0.615385
0 0.584936 0.546474 0.588141 0.549679 0.591346 0.549679 0.594551 0.551282 0.597756 0.548077 0.599359 0.544872 0.600962 0.540064 0.599359 0.536859 0.596154 0.535256 0.589744 0.535256 0.586538 0.536859 0.583333 0.540064 0.581731 0.543269
0 0.588141 0.613782 0.591346 0.615385 0.596154 0.615385 0.599359 0.615385 0.602564 0.613782 0.602564 0.610577 0.602564 0.607372 0.602564 0.604167 0.599359 0.600962 0.594551 0.600962 0.591346 0.602564 0.588141 0.605769 0.586538 0.608974
0 0.488782 0.626603 0.491987 0.628205 0.495192 0.628205 0.498397 0.629808 0.501603 0.626603 0.504808 0.623397 0.504808 0.618590 0.503205 0.615385 0.500000 0.613782 0.493590 0.613782 0.490385 0.615385 0.487179 0.618590 0.485577 0.623397
0 0.525641 0.618590 0.528846 0.621795 0.532051 0.621795 0.535256 0.623397 0.538462 0.620192 0.540064 0.616987 0.540064 0.613782 0.541667 0.608974 0.536859 0.607372 0.532051 0.607372 0.527244 0.608974 0.525641 0.612179 0.524038 0.615385
0 0.466346 0.639423 0.469551 0.641026 0.472756 0.641026 0.475962 0.642628 0.479167 0.639423 0.482372 0.636218 0.482372 0.631410 0.480769 0.628205 0.477564 0.626603 0.471154 0.626603 0.467949 0.628205 0.464744 0.631410 0.463141 0.636218
0 0.474359 0.583333 0.477564 0.584936 0.480769 0.584936 0.483974 0.586538 0.487179 0.583333 0.488782 0.580128 0.490385 0.575321 0.488782 0.572115 0.485577 0.570513 0.479167 0.570513 0.475962 0.572115 0.472756 0.575321 0.471154 0.578526
0 0.451923 0.621795 0.455128 0.623397 0.458333 0.623397 0.461538 0.625000 0.464744 0.621795 0.467949 0.618590 0.467949 0.615385 0.466346 0.612179 0.463141 0.608974 0.456731 0.608974 0.453526 0.610577 0.450321 0.613782 0.448718 0.618590
0 0.437500 0.647436 0.440705 0.649038 0.443910 0.649038 0.447115 0.650641 0.450321 0.647436 0.453526 0.644231 0.451923 0.641026 0.453526 0.636218 0.448718 0.634615 0.442308 0.634615 0.439103 0.636218 0.435897 0.639423 0.435897 0.642628
0 0.408654 0.623397 0.411859 0.625000 0.415064 0.625000 0.418269 0.626603 0.421474 0.623397 0.424679 0.620192 0.424679 0.616987 0.423077 0.613782 0.419872 0.610577 0.413462 0.610577 0.410256 0.612179 0.407051 0.615385 0.407051 0.620192
0 0.429487 0.608974 0.432692 0.610577 0.437500 0.612179 0.440705 0.612179 0.443910 0.610577 0.443910 0.607372 0.443910 0.604167 0.445513 0.599359 0.440705 0.596154 0.435897 0.597756 0.432692 0.599359 0.429487 0.602564 0.427885 0.605769
0 0.448718 0.594551 0.451923 0.596154 0.455128 0.597756 0.458333 0.597756 0.461538 0.594551 0.464744 0.591346 0.463141 0.588141 0.464744 0.584936 0.459936 0.581731 0.453526 0.581731 0.450321 0.583333 0.448718 0.586538 0.447115 0.591346
0 0.338141 0.626603 0.346154 0.629808 0.349359 0.628205 0.352564 0.626603 0.354167 0.623397 0.352564 0.620192 0.354167 0.616987 0.349359 0.613782 0.344551 0.613782 0.341346 0.616987 0.338141 0.618590 0.336538 0.623397 0.331731 0.641026
0 0.333333 0.641026 0.336538 0.642628 0.339744 0.644231 0.342949 0.641026 0.344551 0.639423 0.344551 0.636218 0.346154 0.631410 0.341346 0.628205 0.336538 0.629808 0.333333 0.631410 0.330128 0.633013 0.330128 0.637821 0.357372 0.629808
0 0.358974 0.631410 0.362179 0.633013 0.365385 0.634615 0.368590 0.631410 0.370192 0.629808 0.370192 0.626603 0.371795 0.621795 0.366987 0.618590 0.362179 0.618590 0.358974 0.621795 0.355769 0.623397 0.355769 0.626603 0.296474 0.642628
0 0.299679 0.645833 0.302885 0.645833 0.306090 0.647436 0.309295 0.644231 0.310897 0.641026 0.310897 0.637821 0.312500 0.633013 0.307692 0.631410 0.301282 0.631410 0.298077 0.633013 0.296474 0.636218 0.294872 0.639423 0.275641 0.584936
0 0.278846 0.586538 0.282051 0.586538 0.285256 0.588141 0.288462 0.584936 0.290064 0.581731 0.291667 0.576923 0.290064 0.573718 0.286859 0.572115 0.280449 0.572115 0.277244 0.573718 0.274038 0.576923 0.272436 0.580128 0.310897 0.586538
0 0.312500 0.586538 0.315705 0.588141 0.318910 0.589744 0.322115 0.586538 0.323718 0.584936 0.323718 0.581731 0.325321 0.576923 0.320513 0.575321 0.315705 0.575321 0.312500 0.576923 0.309295 0.580128 0.309295 0.583333 0.246795 0.600962
0 0.250000 0.602564 0.253205 0.602564 0.256410 0.604167 0.259615 0.600962 0.262821 0.597756 0.261218 0.594551 0.262821 0.591346 0.258013 0.588141 0.253205 0.588141 0.248397 0.589744 0.246795 0.592949 0.245192 0.597756 0.221154 0.636218
0 0.224359 0.639423 0.227564 0.639423 0.230769 0.641026 0.233974 0.637821 0.235577 0.634615 0.237179 0.629808 0.235577 0.626603 0.232372 0.625000 0.225962 0.625000 0.222756 0.626603 0.219551 0.629808 0.217949 0.633013 0.157051 0.653846
0 0.160256 0.657051 0.163462 0.657051 0.166667 0.658654 0.169872 0.655449 0.171474 0.652244 0.173077 0.647436 0.171474 0.644231 0.168269 0.642628 0.161859 0.642628 0.158654 0.644231 0.155449 0.647436 0.153846 0.650641 0.187500 0.604167
0 0.189103 0.610577 0.195513 0.612179 0.201923 0.612179 0.208333 0.607372 0.209936 0.600962 0.206731 0.594551 0.201923 0.591346 0.195513 0.592949 0.189103 0.597756 0.149038 0.629808 0.150641 0.636218 0.157051 0.637821 0.163462 0.637821
0 0.169872 0.633013 0.171474 0.626603 0.168269 0.620192 0.161859 0.618590 0.155449 0.618590 0.150641 0.623397 0.081731 0.629808 0.083333 0.634615 0.091346 0.637821 0.097756 0.637821 0.102564 0.633013 0.104167 0.626603 0.102564 0.620192
0 0.096154 0.616987 0.089744 0.618590 0.083333 0.623397 0.125000 0.602564 0.126603 0.608974 0.134615 0.610577 0.141026 0.610577 0.145833 0.605769 0.147436 0.599359 0.145833 0.592949 0.139423 0.591346 0.133013 0.591346 0.126603 0.597756
0 0.123397 0.636218 0.125000 0.642628 0.133013 0.645833 0.137821 0.644231 0.144231 0.639423 0.145833 0.633013 0.142628 0.626603 0.136218 0.625000 0.129808 0.626603 0.125000 0.629808 0.094551 0.660256 0.096154 0.666667 0.102564 0.668269
0 0.108974 0.668269 0.115385 0.663462 0.116987 0.657051 0.113782 0.650641 0.107372 0.649038 0.100962 0.649038 0.096154 0.653846 0.070513 0.533654 0.072115 0.540064 0.080128 0.541667 0.086538 0.541667 0.092949 0.536859 0.092949 0.530449
0 0.091346 0.524038 0.084936 0.522436 0.076923 0.524038 0.073718 0.527244 0.112179 0.544872 0.113782 0.551282 0.121795 0.554487 0.126603 0.552885 0.133013 0.548077 0.134615 0.543269 0.131410 0.535256 0.125000 0.533654 0.118590 0.535256
0 0.113782 0.538462 0.001603 0.456731 0.008013 0.451923 0.009615 0.447115 0.004808 0.442308 0.000000 0.439103 0.105769 0.451923 0.107372 0.458333 0.115385 0.461538 0.120192 0.461538
0 0.126603 0.456731 0.128205 0.450321 0.123397 0.445513 0.118590 0.442308 0.112179 0.443910 0.107372 0.447115 0.157051 0.479167 0.158654 0.485577 0.165064 0.488782 0.171474 0.488782
0 0.177885 0.483974 0.179487 0.477564 0.174679 0.472756 0.169872 0.469551 0.163462 0.471154 0.158654 0.474359 0.201923 0.391026 0.206731 0.395833 0.214744 0.399038 0.219551 0.399038
0 0.225962 0.394231 0.227564 0.387821 0.224359 0.381410 0.214744 0.376603 0.206731 0.379808 0.201923 0.384615 0.089744 0.334936 0.094551 0.339744 0.102564 0.342949 0.108974 0.342949
0 0.113782 0.338141 0.115385 0.331731 0.113782 0.325321 0.102564 0.320513 0.096154 0.323718 0.091346 0.328526 0.137821 0.387821 0.141026 0.392628 0.149038 0.395833 0.155449 0.394231
0 0.161859 0.389423 0.161859 0.384615 0.160256 0.376603 0.150641 0.373397 0.142628 0.376603 0.137821 0.381410 0.017628 0.354167 0.022436 0.358974 0.030449 0.362179 0.035256 0.362179
0 0.041667 0.357372 0.043269 0.350962 0.040064 0.344551 0.030449 0.339744 0.022436 0.342949 0.019231 0.347756 0.245192 0.674679 0.250000 0.679487 0.258013 0.681090 0.264423 0.681090
0 0.269231 0.676282 0.270833 0.669872 0.269231 0.663462 0.259615 0.660256 0.251603 0.661859 0.246795 0.668269 0.926282 0.165064 0.931090 0.169872 0.939103 0.171474 0.945513 0.171474
0 0.950321 0.166667 0.951923 0.160256 0.950321 0.153846 0.940705 0.150641 0.932692 0.152244 0.927885 0.158654 0.400641 0.233974 0.395833 0.240385 0.395833 0.248397 0.400641 0.254808
0 0.408654 0.254808 0.415064 0.254808 0.421474 0.251603 0.426282 0.246795 0.427885 0.241987 0.426282 0.235577 0.423077 0.230769 0.415064 0.229167 0.408654 0.229167 0.480769 0.334936
0 0.474359 0.344551 0.475962 0.350962 0.480769 0.355769 0.488782 0.357372 0.495192 0.357372 0.501603 0.354167 0.506410 0.347756 0.506410 0.342949 0.504808 0.336538 0.501603 0.331731
0 0.495192 0.330128 0.487179 0.331731 0.222756 0.331731 0.217949 0.338141 0.217949 0.346154 0.222756 0.352564 0.230769 0.352564 0.237179 0.352564 0.243590 0.349359 0.248397 0.344551
0 0.248397 0.339744 0.246795 0.333333 0.243590 0.328526 0.237179 0.326923 0.229167 0.326923 0.259615 0.471154 0.256410 0.479167 0.258013 0.488782 0.270833 0.491987 0.278846 0.490385
0 0.283654 0.485577 0.285256 0.479167 0.285256 0.472756 0.280449 0.471154 0.272436 0.469551 0.267628 0.467949 0.865385 0.576923 0.860577 0.584936 0.860577 0.592949 0.865385 0.597756
0 0.873397 0.599359 0.879808 0.599359 0.886218 0.596154 0.891026 0.591346 0.891026 0.586538 0.891026 0.580128 0.886218 0.575321 0.879808 0.573718 0.871795 0.573718 0.713141 0.578526
0 0.708333 0.584936 0.709936 0.591346 0.713141 0.597756 0.719551 0.599359 0.725962 0.599359 0.732372 0.596154 0.735577 0.591346 0.737179 0.586538 0.735577 0.580128 0.733974 0.576923
0 0.725962 0.575321 0.717949 0.575321 0.240385 0.389423 0.237179 0.397436 0.237179 0.403846 0.240385 0.410256 0.248397 0.411859 0.254808 0.411859 0.262821 0.408654 0.266026 0.402244
0 0.267628 0.397436 0.266026 0.391026 0.262821 0.387821 0.254808 0.384615 0.248397 0.386218 0.269231 0.447115 0.266026 0.453526 0.267628 0.459936 0.274038 0.466346 0.282051 0.466346
0 0.288462 0.463141 0.293269 0.458333 0.294872 0.453526 0.291667 0.448718 0.290064 0.442308 0.282051 0.440705 0.275641 0.440705 0.168269 0.573718 0.165064 0.580128 0.166667 0.588141
0 0.174679 0.592949 0.181090 0.594551 0.189103 0.591346 0.192308 0.586538 0.193910 0.581731 0.192308 0.573718 0.189103 0.570513 0.181090 0.568910 0.174679 0.568910 0.105769 0.306090
0 0.105769 0.310897 0.108974 0.314103 0.112179 0.315705 0.116987 0.315705 0.121795 0.314103 0.125000 0.310897 0.125000 0.306090 0.121795 0.302885 0.118590 0.299679 0.112179 0.299679 0.107372 0.301282 0.067308 0.336538 0.067308 0.339744
0 0.070513 0.344551 0.073718 0.344551 0.078526 0.344551 0.083333 0.342949 0.086538 0.341346 0.086538 0.334936 0.084936 0.331731 0.080128 0.328526 0.073718 0.328526 0.068910 0.331731 0.089744 0.379808 0.089744 0.384615 0.092949 0.389423
0 0.096154 0.389423 0.100962 0.389423 0.105769 0.387821 0.108974 0.384615 0.108974 0.379808 0.107372 0.375000 0.102564 0.373397 0.096154 0.373397 0.091346 0.375000 0.176282 0.326923 0.177885 0.331731 0.179487 0.334936 0.184295 0.336538
0 0.189103 0.336538 0.192308 0.334936 0.195513 0.331731 0.197115 0.326923 0.193910 0.322115 0.190705 0.318910 0.182692 0.318910 0.179487 0.322115 0.193910 0.341346 0.195513 0.346154 0.197115 0.350962
0 0.201923 0.350962 0.206731 0.350962 0.209936 0.349359 0.213141 0.347756 0.214744 0.341346 0.211538 0.338141 0.208333 0.334936 0.200321 0.334936 0.197115 0.338141 0.185897 0.407051 0.189103 0.415064 0.193910 0.416667 0.198718 0.416667
0 0.201923 0.415064 0.205128 0.411859 0.206731 0.407051 0.203526 0.402244 0.200321 0.400641 0.192308 0.400641 0.189103 0.402244 0.136218 0.213141 0.136218 0.217949 0.139423 0.222756 0.144231 0.222756 0.147436 0.222756 0.152244 0.221154
0 0.155449 0.217949 0.155449 0.213141 0.153846 0.208333 0.150641 0.206731 0.142628 0.206731 0.139423 0.208333 0.266026 0.201923 0.266026 0.206731 0.269231 0.211538 0.274038 0.211538 0.277244 0.211538 0.282051 0.209936 0.285256 0.206731
0 0.285256 0.201923 0.283654 0.197115 0.280449 0.195513 0.272436 0.195513 0.269231 0.197115 0.298077 0.174679 0.299679 0.179487 0.302885 0.182692 0.306090 0.184295 0.310897 0.184295 0.315705 0.182692 0.317308 0.179487
0 0.318910 0.174679 0.317308 0.169872 0.312500 0.168269 0.306090 0.168269 0.301282 0.169872 0.241987 0.205128 0.241987 0.209936 0.245192 0.213141 0.248397 0.214744 0.253205 0.214744 0.258013 0.213141 0.261218 0.209936
0 0.261218 0.205128 0.259615 0.200321 0.254808 0.198718 0.248397 0.197115 0.243590 0.200321 0.126603 0.355769 0.128205 0.360577 0.129808 0.365385 0.134615 0.365385 0.139423 0.365385 0.142628 0.363782 0.145833 0.360577
0 0.147436 0.355769 0.144231 0.350962 0.141026 0.349359 0.133013 0.349359 0.129808 0.350962 0.157051 0.362179 0.157051 0.366987 0.160256 0.370192 0.163462 0.371795 0.168269 0.371795 0.173077 0.370192 0.176282 0.366987
0 0.176282 0.362179 0.174679 0.357372 0.169872 0.355769 0.163462 0.354167 0.158654 0.357372 0.177885 0.363782 0.177885 0.368590 0.181090 0.371795 0.184295 0.373397 0.189103 0.371795 0.193910 0.370192 0.197115 0.368590
0 0.197115 0.363782 0.195513 0.358974 0.190705 0.355769 0.184295 0.355769 0.179487 0.358974 0.274038 0.310897 0.275641 0.315705 0.278846 0.318910 0.282051 0.320513 0.286859 0.318910 0.291667 0.318910 0.293269 0.315705
0 0.294872 0.310897 0.293269 0.306090 0.288462 0.302885 0.282051 0.302885 0.277244 0.306090 0.038462 0.467949 0.038462 0.472756 0.041667 0.475962 0.044872 0.477564 0.049679 0.475962 0.054487 0.475962 0.057692 0.467949
0 0.056090 0.463141 0.051282 0.459936 0.044872 0.459936 0.040064 0.463141 0.158654 0.451923 0.158654 0.456731 0.161859 0.461538 0.166667 0.461538 0.169872 0.461538 0.174679 0.459936 0.177885 0.458333 0.177885 0.451923
0 0.176282 0.448718 0.173077 0.445513 0.165064 0.445513 0.161859 0.448718 0.221154 0.474359 0.222756 0.479167 0.224359 0.482372 0.229167 0.483974 0.233974 0.483974 0.237179 0.482372 0.240385 0.479167 0.241987 0.474359
0 0.238782 0.469551 0.235577 0.466346 0.227564 0.466346 0.224359 0.469551 0.328526 0.466346 0.328526 0.471154 0.331731 0.474359 0.334936 0.475962 0.339744 0.475962 0.344551 0.474359 0.347756 0.471154 0.347756 0.466346
0 0.346154 0.461538 0.341346 0.459936 0.334936 0.458333 0.330128 0.461538 0.112179 0.586538 0.112179 0.591346 0.120192 0.596154 0.123397 0.596154 0.128205 0.594551 0.131410 0.591346 0.131410 0.586538 0.129808 0.581731
0 0.126603 0.580128 0.118590 0.580128 0.115385 0.581731 0.221154 0.442308 0.222756 0.445513 0.224359 0.448718 0.229167 0.450321 0.233974 0.450321 0.237179 0.448718 0.240385 0.445513 0.241987 0.440705 0.238782 0.435897
0 0.235577 0.434295 0.227564 0.434295 0.224359 0.435897 0.447115 0.485577 0.447115 0.490385 0.450321 0.495192 0.453526 0.495192 0.458333 0.495192 0.463141 0.493590 0.466346 0.490385 0.466346 0.485577 0.464744 0.480769
0 0.459936 0.479167 0.453526 0.479167 0.448718 0.480769 0.410256 0.520833 0.410256 0.525641 0.413462 0.530449 0.418269 0.530449 0.421474 0.530449 0.426282 0.528846 0.429487 0.525641 0.429487 0.520833 0.427885 0.516026
0 0.424679 0.514423 0.416667 0.514423 0.413462 0.516026 0.368590 0.493590 0.368590 0.498397 0.371795 0.501603 0.376603 0.501603 0.381410 0.501603 0.384615 0.500000 0.387821 0.498397 0.389423 0.493590 0.386218 0.488782
0 0.383013 0.485577 0.375000 0.485577 0.371795 0.488782 0.416667 0.442308 0.418269 0.447115 0.419872 0.450321 0.424679 0.451923 0.429487 0.450321 0.432692 0.448718 0.435897 0.447115 0.437500 0.442308 0.434295 0.437500
0 0.431090 0.434295 0.424679 0.434295 0.419872 0.437500 0.474359 0.387821 0.475962 0.392628 0.477564 0.395833 0.482372 0.397436 0.487179 0.397436 0.490385 0.395833 0.493590 0.392628 0.495192 0.387821 0.491987 0.383013
0 0.488782 0.381410 0.480769 0.379808 0.477564 0.383013 0.519231 0.402244 0.519231 0.407051 0.522436 0.411859 0.527244 0.411859 0.530449 0.411859 0.535256 0.410256 0.538462 0.407051 0.538462 0.402244 0.536859 0.399038
0 0.533654 0.395833 0.525641 0.395833 0.522436 0.397436 0.496795 0.410256 0.496795 0.415064 0.500000 0.418269 0.504808 0.419872 0.508013 0.419872 0.512821 0.418269 0.516026 0.415064 0.516026 0.410256 0.514423 0.405449
0 0.511218 0.402244 0.503205 0.402244 0.500000 0.405449 0.500000 0.376603 0.500000 0.381410 0.503205 0.384615 0.506410 0.384615 0.511218 0.384615 0.516026 0.383013 0.519231 0.381410 0.519231 0.375000 0.517628 0.371795
0 0.514423 0.368590 0.506410 0.368590 0.503205 0.371795 0.341346 0.355769 0.342949 0.360577 0.344551 0.363782 0.349359 0.365385 0.354167 0.363782 0.357372 0.363782 0.360577 0.360577 0.362179 0.355769 0.358974 0.350962
0 0.355769 0.347756 0.349359 0.347756 0.344551 0.350962 0.363782 0.395833 0.363782 0.400641 0.366987 0.403846 0.371795 0.405449 0.375000 0.405449 0.379808 0.403846 0.383013 0.400641 0.383013 0.395833 0.381410 0.391026
0 0.378205 0.389423 0.370192 0.389423 0.366987 0.394231 0.349359 0.383013 0.350962 0.387821 0.352564 0.392628 0.357372 0.392628 0.362179 0.392628 0.365385 0.391026 0.368590 0.389423 0.370192 0.383013 0.366987 0.379808
0 0.363782 0.376603 0.355769 0.376603 0.352564 0.379808 0.375000 0.306090 0.375000 0.310897 0.378205 0.314103 0.381410 0.315705 0.386218 0.315705 0.391026 0.314103 0.394231 0.310897 0.394231 0.306090 0.392628 0.301282
0 0.389423 0.299679 0.381410 0.299679 0.378205 0.301282 0.469551 0.309295 0.471154 0.314103 0.472756 0.317308 0.477564 0.318910 0.482372 0.318910 0.485577 0.317308 0.488782 0.314103 0.490385 0.309295 0.487179 0.304487
0 0.483974 0.301282 0.477564 0.301282 0.472756 0.304487 0.435897 0.355769 0.435897 0.360577 0.439103 0.363782 0.442308 0.365385 0.447115 0.363782 0.451923 0.362179 0.455128 0.360577 0.455128 0.355769 0.453526 0.350962
0 0.448718 0.347756 0.442308 0.347756 0.437500 0.350962 0.456731 0.341346 0.456731 0.346154 0.459936 0.350962 0.463141 0.350962 0.467949 0.350962 0.472756 0.349359 0.475962 0.346154 0.475962 0.341346 0.474359 0.336538
0 0.471154 0.334936 0.463141 0.334936 0.459936 0.336538 0.363782 0.243590 0.363782 0.248397 0.366987 0.253205 0.371795 0.253205 0.375000 0.253205 0.379808 0.251603 0.383013 0.248397 0.383013 0.243590 0.381410 0.238782
0 0.378205 0.237179 0.370192 0.237179 0.366987 0.238782 0.419872 0.155449 0.421474 0.160256 0.423077 0.163462 0.427885 0.165064 0.432692 0.165064 0.435897 0.163462 0.439103 0.160256 0.439103 0.157051 0.437500 0.150641
0 0.434295 0.147436 0.427885 0.147436 0.423077 0.150641 0.440705 0.152244 0.440705 0.157051 0.443910 0.160256 0.448718 0.161859 0.451923 0.161859 0.456731 0.158654 0.456731 0.157051 0.458333 0.152244 0.456731 0.147436
0 0.451923 0.145833 0.447115 0.145833 0.443910 0.147436 0.347756 0.169872 0.347756 0.174679 0.350962 0.177885 0.355769 0.179487 0.358974 0.179487 0.363782 0.177885 0.366987 0.174679 0.366987 0.169872 0.365385 0.165064
0 0.362179 0.163462 0.354167 0.161859 0.350962 0.165064 0.565705 0.185897 0.567308 0.190705 0.568910 0.193910 0.573718 0.195513 0.578526 0.193910 0.581731 0.192308 0.583333 0.189103 0.583333 0.184295 0.581731 0.181090
0 0.576923 0.177885 0.572115 0.177885 0.568910 0.181090 0.544872 0.187500 0.544872 0.192308 0.548077 0.195513 0.552885 0.197115 0.556090 0.197115 0.560897 0.193910 0.562500 0.190705 0.562500 0.185897 0.559295 0.182692
0 0.556090 0.181090 0.551282 0.179487 0.548077 0.182692 0.532051 0.166667 0.533654 0.171474 0.535256 0.174679 0.540064 0.176282 0.544872 0.176282 0.548077 0.173077 0.549679 0.169872 0.549679 0.165064 0.548077 0.161859
0 0.543269 0.160256 0.540064 0.158654 0.535256 0.161859 0.605769 0.177885 0.605769 0.182692 0.608974 0.187500 0.613782 0.187500 0.616987 0.187500 0.620192 0.185897 0.621795 0.182692 0.623397 0.177885 0.620192 0.173077
0 0.616987 0.171474 0.612179 0.171474 0.608974 0.173077 0.623397 0.157051 0.625000 0.161859 0.628205 0.166667 0.631410 0.166667 0.636218 0.166667 0.637821 0.165064 0.641026 0.161859 0.641026 0.157051 0.639423 0.152244
0 0.634615 0.150641 0.631410 0.150641 0.626603 0.152244 0.671474 0.336538 0.673077 0.341346 0.674679 0.344551 0.679487 0.346154 0.684295 0.346154 0.685897 0.344551 0.689103 0.341346 0.689103 0.336538 0.687500 0.331731
0 0.682692 0.330128 0.677885 0.330128 0.674679 0.331731 0.727564 0.344551 0.727564 0.349359 0.730769 0.352564 0.733974 0.354167 0.738782 0.354167 0.741987 0.350962 0.743590 0.347756 0.745192 0.344551 0.741987 0.339744
0 0.738782 0.338141 0.733974 0.338141 0.730769 0.339744 0.697115 0.347756 0.698718 0.352564 0.700321 0.357372 0.705128 0.357372 0.709936 0.357372 0.713141 0.355769 0.714744 0.352564 0.714744 0.347756 0.713141 0.344551
0 0.708333 0.341346 0.705128 0.341346 0.700321 0.344551 0.652244 0.378205 0.653846 0.383013 0.655449 0.386218 0.660256 0.387821 0.665064 0.387821 0.668269 0.384615 0.669872 0.381410 0.669872 0.376603 0.668269 0.373397
0 0.663462 0.371795 0.660256 0.371795 0.655449 0.373397 0.717949 0.293269 0.717949 0.298077 0.721154 0.301282 0.724359 0.302885 0.729167 0.302885 0.730769 0.301282 0.733974 0.298077 0.735577 0.293269 0.732372 0.288462
0 0.727564 0.286859 0.724359 0.286859 0.719551 0.288462 0.684295 0.280449 0.685897 0.285256 0.687500 0.288462 0.692308 0.290064 0.697115 0.290064 0.700321 0.286859 0.701923 0.283654 0.701923 0.278846 0.700321 0.275641
0 0.695513 0.274038 0.692308 0.272436 0.687500 0.275641 0.713141 0.314103 0.713141 0.318910 0.716346 0.322115 0.721154 0.322115 0.724359 0.322115 0.729167 0.320513 0.730769 0.317308 0.730769 0.312500 0.729167 0.309295
0 0.724359 0.306090 0.719551 0.306090 0.716346 0.309295 0.616987 0.304487 0.618590 0.309295 0.620192 0.312500 0.625000 0.314103 0.629808 0.314103 0.631410 0.312500 0.634615 0.309295 0.634615 0.304487 0.633013 0.299679
0 0.628205 0.298077 0.625000 0.298077 0.620192 0.299679 0.836538 0.354167 0.836538 0.358974 0.839744 0.363782 0.844551 0.363782 0.847756 0.363782 0.850962 0.362179 0.852564 0.358974 0.854167 0.354167 0.850962 0.349359
0 0.847756 0.347756 0.842949 0.347756 0.839744 0.349359 0.634615 0.442308 0.634615 0.447115 0.637821 0.450321 0.642628 0.451923 0.645833 0.450321 0.649038 0.448718 0.650641 0.445513 0.652244 0.440705 0.649038 0.437500
0 0.645833 0.434295 0.641026 0.434295 0.637821 0.437500 0.583333 0.458333 0.584936 0.463141 0.586538 0.466346 0.591346 0.467949 0.596154 0.467949 0.597756 0.466346 0.600962 0.463141 0.600962 0.458333 0.599359 0.453526
0 0.594551 0.451923 0.591346 0.451923 0.586538 0.453526 0.588141 0.434295 0.588141 0.439103 0.591346 0.442308 0.596154 0.443910 0.599359 0.443910 0.602564 0.440705 0.604167 0.437500 0.605769 0.432692 0.602564 0.429487
0 0.599359 0.427885 0.594551 0.426282 0.591346 0.429487 0.551282 0.455128 0.551282 0.459936 0.554487 0.464744 0.557692 0.464744 0.562500 0.464744 0.565705 0.463141 0.567308 0.459936 0.568910 0.455128 0.565705 0.450321
0 0.562500 0.448718 0.557692 0.448718 0.552885 0.450321 0.581731 0.408654 0.581731 0.413462 0.584936 0.416667 0.589744 0.418269 0.592949 0.418269 0.596154 0.415064 0.597756 0.411859 0.599359 0.407051 0.596154 0.403846
0 0.592949 0.402244 0.588141 0.400641 0.584936 0.403846 0.576923 0.378205 0.576923 0.383013 0.580128 0.387821 0.584936 0.387821 0.588141 0.387821 0.591346 0.387821 0.592949 0.383013 0.594551 0.378205 0.591346 0.373397
0 0.588141 0.371795 0.583333 0.371795 0.580128 0.373397 0.549679 0.392628 0.549679 0.397436 0.552885 0.400641 0.557692 0.402244 0.560897 0.400641 0.565705 0.399038 0.567308 0.395833 0.567308 0.391026 0.564103 0.387821
0 0.560897 0.384615 0.556090 0.384615 0.552885 0.387821 0.556090 0.349359 0.556090 0.354167 0.559295 0.357372 0.562500 0.358974 0.567308 0.358974 0.568910 0.357372 0.572115 0.354167 0.573718 0.349359 0.570513 0.344551
0 0.567308 0.342949 0.562500 0.342949 0.559295 0.344551 0.596154 0.339744 0.597756 0.344551 0.599359 0.349359 0.604167 0.349359 0.608974 0.349359 0.612179 0.347756 0.613782 0.344551 0.613782 0.339744 0.612179 0.334936
0 0.607372 0.333333 0.604167 0.333333 0.599359 0.334936 0.676282 0.375000 0.676282 0.378205 0.679487 0.383013 0.684295 0.383013 0.687500 0.381410 0.687500 0.379808 0.689103 0.375000 0.687500 0.371795 0.684295 0.370192
0 0.679487 0.371795 0.753205 0.354167 0.753205 0.357372 0.756410 0.362179 0.759615 0.362179 0.764423 0.360577 0.764423 0.358974 0.766026 0.354167 0.764423 0.350962 0.759615 0.349359 0.756410 0.350962 0.628205 0.397436
0 0.628205 0.402244 0.631410 0.405449 0.636218 0.405449 0.639423 0.403846 0.639423 0.402244 0.641026 0.397436 0.639423 0.394231 0.636218 0.392628 0.631410 0.394231 0.605769 0.397436 0.605769 0.400641 0.608974 0.405449
0 0.613782 0.405449 0.616987 0.403846 0.616987 0.402244 0.618590 0.397436 0.616987 0.394231 0.613782 0.392628 0.608974 0.394231 0.525641 0.370192 0.525641 0.375000 0.528846 0.378205 0.532051 0.379808 0.536859 0.378205
0 0.536859 0.375000 0.538462 0.371795 0.536859 0.366987 0.533654 0.366987 0.528846 0.366987 0.568910 0.424679 0.568910 0.427885 0.572115 0.429487 0.575321 0.431090 0.576923 0.429487 0.578526 0.426282 0.576923 0.424679
0 0.575321 0.421474 0.572115 0.421474 0.725962 0.386218 0.725962 0.389423 0.729167 0.394231 0.733974 0.394231 0.737179 0.392628 0.737179 0.391026 0.738782 0.386218 0.737179 0.383013 0.733974 0.381410 0.729167 0.383013
0 0.790064 0.342949 0.790064 0.347756 0.793269 0.350962 0.796474 0.352564 0.801282 0.352564 0.804487 0.349359 0.806090 0.346154 0.807692 0.341346 0.804487 0.338141 0.801282 0.336538 0.796474 0.334936 0.793269 0.338141
0 0.785256 0.397436 0.785256 0.402244 0.788462 0.405449 0.791667 0.407051 0.796474 0.407051 0.799679 0.403846 0.801282 0.400641 0.802885 0.395833 0.799679 0.392628 0.796474 0.391026 0.791667 0.389423 0.786859 0.392628
0 0.883013 0.370192 0.884615 0.375000 0.887821 0.378205 0.891026 0.379808 0.895833 0.379808 0.899038 0.376603 0.899038 0.375000 0.900641 0.370192 0.899038 0.365385 0.894231 0.363782 0.891026 0.363782 0.886218 0.365385
0 0.847756 0.427885 0.847756 0.432692 0.850962 0.435897 0.855769 0.437500 0.858974 0.437500 0.862179 0.435897 0.865385 0.432692 0.865385 0.427885 0.862179 0.423077 0.858974 0.421474 0.854167 0.421474 0.850962 0.423077
0 0.822115 0.274038 0.822115 0.278846 0.825321 0.282051 0.830128 0.283654 0.833333 0.282051 0.838141 0.280449 0.838141 0.278846 0.839744 0.272436 0.836538 0.269231 0.833333 0.266026 0.828526 0.266026 0.825321 0.269231
0 0.862179 0.278846 0.862179 0.283654 0.865385 0.288462 0.870192 0.288462 0.873397 0.288462 0.878205 0.286859 0.879808 0.283654 0.879808 0.278846 0.878205 0.274038 0.873397 0.272436
0 0.868590 0.272436 0.865385 0.274038 0.883013 0.286859 0.884615 0.291667 0.886218 0.296474 0.891026 0.296474 0.895833 0.296474 0.899038 0.294872 0.900641 0.291667 0.900641 0.286859
0 0.899038 0.282051 0.894231 0.280449 0.889423 0.280449 0.886218 0.282051 0.921474 0.288462 0.921474 0.293269 0.924679 0.298077 0.929487 0.298077 0.934295 0.298077 0.937500 0.296474
0 0.939103 0.293269 0.939103 0.288462 0.937500 0.285256 0.931090 0.283654 0.927885 0.282051 0.924679 0.285256 0.939103 0.306090 0.939103 0.310897 0.942308 0.314103 0.945513 0.315705
0 0.950321 0.315705 0.953526 0.312500 0.955128 0.309295 0.956731 0.304487 0.953526 0.301282 0.950321 0.299679 0.945513 0.298077 0.940705 0.301282 0.907051 0.266026 0.907051 0.270833
0 0.910256 0.274038 0.915064 0.275641 0.918269 0.275641 0.921474 0.274038 0.924679 0.270833 0.924679 0.266026 0.923077 0.261218 0.918269 0.259615 0.913462 0.259615
0 0.910256 0.261218 0.927885 0.256410 0.927885 0.261218 0.931090 0.266026 0.934295 0.266026 0.939103 0.266026 0.942308 0.264423 0.943910 0.261218 0.943910 0.256410 0.942308 0.251603
0 0.937500 0.250000 0.932692 0.251603 0.929487 0.251603 0.926282 0.237179 0.927885 0.241987 0.929487 0.245192 0.934295 0.246795 0.939103 0.246795 0.940705 0.245192 0.943910 0.241987 0.943910 0.237179 0.942308 0.232372
0 0.937500 0.230769 0.932692 0.230769 0.929487 0.232372 0.887821 0.262821 0.887821 0.267628 0.891026 0.270833 0.894231 0.272436 0.899038 0.272436 0.902244 0.269231 0.903846 0.266026 0.903846 0.261218 0.902244 0.258013
0 0.897436 0.256410 0.894231 0.254808 0.889423 0.258013 0.876603 0.245192 0.876603 0.250000 0.879808 0.253205 0.883013 0.254808 0.887821 0.254808 0.891026 0.251603 0.892628 0.248397 0.894231 0.243590 0.891026 0.240385
0 0.887821 0.238782 0.883013 0.237179 0.879808 0.240385 0.876603 0.198718 0.876603 0.203526 0.879808 0.208333 0.884615 0.208333 0.887821 0.208333 0.892628 0.206731 0.894231 0.203526 0.894231 0.198718 0.891026 0.193910
0 0.887821 0.192308 0.883013 0.192308 0.879808 0.193910 0.807692 0.250000 0.807692 0.254808 0.810897 0.258013 0.815705 0.259615 0.818910 0.259615 0.820513 0.258013 0.823718 0.254808 0.825321 0.250000 0.822115 0.245192
0 0.818910 0.243590 0.814103 0.243590 0.810897 0.245192 0.991987 0.416667 0.993590 0.421474 0.996795 0.426282 0.995192 0.411859 0.948718 0.455128 0.950321 0.458333 0.953526 0.463141 0.958333 0.463141 0.961538 0.463141
0 0.966346 0.461538 0.967949 0.458333 0.967949 0.453526 0.966346 0.448718 0.961538 0.447115 0.956731 0.447115 0.953526 0.448718 0.935897 0.445513 0.935897 0.450321 0.939103 0.453526 0.942308 0.455128 0.947115 0.455128
0 0.950321 0.451923 0.951923 0.448718 0.953526 0.443910 0.950321 0.440705 0.947115 0.439103 0.942308 0.437500 0.937500 0.440705 0.865385 0.467949 0.868590 0.471154 0.871795 0.475962 0.875000 0.475962 0.879808 0.475962
0 0.883013 0.474359 0.884615 0.471154 0.884615 0.466346 0.883013 0.461538 0.878205 0.459936 0.875000 0.459936 0.870192 0.461538 0.953526 0.483974 0.953526 0.488782 0.956731 0.493590 0.961538 0.493590 0.964744 0.493590
0 0.969551 0.491987 0.971154 0.488782 0.971154 0.483974 0.967949 0.479167 0.964744 0.477564 0.959936 0.477564 0.956731 0.479167 0.650641 0.485577 0.650641 0.490385 0.653846 0.495192 0.657051 0.495192 0.661859 0.495192
0 0.665064 0.493590 0.666667 0.490385 0.668269 0.485577 0.665064 0.480769 0.661859 0.479167 0.657051 0.479167 0.652244 0.480769 0.588141 0.509615 0.588141 0.514423 0.591346 0.517628 0.594551 0.519231 0.599359 0.519231
0 0.602564 0.516026 0.604167 0.512821 0.605769 0.508013 0.602564 0.504808 0.597756 0.503205 0.594551 0.501603 0.589744 0.504808 0.447115 0.464744 0.448718 0.469551 0.450321 0.474359 0.455128 0.474359 0.459936 0.474359
0 0.463141 0.472756 0.464744 0.469551 0.464744 0.464744 0.463141 0.461538 0.458333 0.458333 0.455128 0.458333 0.450321 0.461538 0.459936 0.445513 0.459936 0.450321 0.463141 0.455128 0.467949 0.455128 0.471154 0.455128
0 0.474359 0.455128 0.475962 0.450321 0.477564 0.445513 0.474359 0.440705 0.471154 0.439103 0.466346 0.439103 0.463141 0.440705 0.713141 0.480769 0.716346 0.485577 0.721154 0.488782 0.727564 0.488782 0.730769 0.483974
0 0.730769 0.477564 0.730769 0.472756 0.724359 0.471154 0.717949 0.472756 0.714744 0.475962 0.671474 0.491987 0.673077 0.496795 0.674679 0.501603 0.679487 0.501603 0.684295 0.501603 0.687500 0.500000 0.689103 0.496795
0 0.689103 0.491987 0.687500 0.487179 0.682692 0.485577 0.679487 0.485577 0.674679 0.487179 0.998397 0.251603 0.998397 0.256410 0.961538 0.275641 0.961538 0.280449 0.964744 0.283654 0.967949 0.285256 0.972756 0.285256
0 0.975962 0.282051 0.977564 0.278846 0.979167 0.275641 0.975962 0.270833 0.972756 0.269231 0.967949 0.269231 0.963141 0.270833 0.971154 0.320513 0.971154 0.325321 0.974359 0.330128 0.977564 0.330128 0.982372 0.330128
0 0.985577 0.328526 0.987179 0.325321 0.988782 0.320513 0.985577 0.315705 0.980769 0.314103 0.977564 0.314103 0.972756 0.315705 0.934295 0.342949 0.935897 0.347756 0.937500 0.352564 0.942308 0.352564 0.947115 0.352564
0 0.950321 0.350962 0.951923 0.347756 0.951923 0.342949 0.950321 0.338141 0.945513 0.336538 0.940705 0.336538 0.937500 0.338141 0.900641 0.331731 0.900641 0.336538 0.903846 0.341346 0.907051 0.341346 0.911859 0.341346
0 0.915064 0.339744 0.916667 0.336538 0.918269 0.331731 0.915064 0.326923 0.911859 0.325321 0.907051 0.325321 0.903846 0.326923 0.998397 0.213141 0.998397 0.217949 0.926282 0.182692 0.926282 0.187500 0.929487 0.192308
0 0.934295 0.192308 0.937500 0.192308 0.940705 0.190705 0.942308 0.187500 0.943910 0.182692 0.940705 0.177885 0.937500 0.176282 0.932692 0.176282 0.929487 0.177885 0.979167 0.270833 0.980769 0.275641 0.982372 0.278846
0 0.987179 0.280449 0.991987 0.280449 0.995192 0.277244 0.995192 0.275641 0.996795 0.270833 0.995192 0.266026 0.990385 0.264423 0.985577 0.264423 0.982372 0.266026 0.996795 0.301282 0.996795 0.306090 0.998397 0.296474
0 0.987179 0.336538 0.987179 0.341346 0.990385 0.344551 0.993590 0.346154 0.998397 0.344551 0.998397 0.328526 0.993590 0.328526 0.990385 0.331731 0.958333 0.400641 0.958333 0.405449 0.961538 0.408654 0.966346 0.410256
0 0.969551 0.408654 0.972756 0.407051 0.974359 0.403846 0.975962 0.399038 0.972756 0.395833 0.969551 0.392628 0.964744 0.392628 0.961538 0.395833 0.844551 0.517628 0.844551 0.520833 0.847756 0.524038 0.849359 0.524038
0 0.854167 0.524038 0.857372 0.522436 0.857372 0.520833 0.858974 0.516026 0.857372 0.512821 0.854167 0.509615 0.850962 0.509615 0.846154 0.512821 0.918269 0.488782 0.918269 0.491987 0.919872 0.495192 0.923077 0.495192
0 0.927885 0.495192 0.931090 0.493590 0.931090 0.491987 0.932692 0.487179 0.931090 0.483974 0.927885 0.482372 0.924679 0.482372 0.919872 0.483974 0.979167 0.511218 0.980769 0.514423
0 0.982372 0.517628 0.985577 0.519231 0.990385 0.517628 0.993590 0.516026 0.993590 0.514423 0.995192 0.509615 0.993590 0.506410 0.990385 0.504808 0.985577 0.504808 0.982372 0.508013 0.844551 0.405449 0.844551 0.410256
0 0.847756 0.411859 0.849359 0.413462 0.854167 0.413462 0.857372 0.411859 0.857372 0.410256 0.858974 0.405449 0.857372 0.400641 0.854167 0.399038 0.850962 0.399038 0.846154 0.402244 0.903846 0.397436 0.905449 0.400641
0 0.907051 0.403846 0.910256 0.403846 0.913462 0.403846 0.916667 0.402244 0.918269 0.400641 0.919872 0.395833 0.918269 0.392628 0.913462 0.389423 0.910256 0.389423 0.905449 0.392628 0.916667 0.519231 0.918269 0.522436
0 0.919872 0.525641 0.923077 0.527244 0.927885 0.527244 0.929487 0.524038 0.931090 0.524038 0.932692 0.519231 0.931090 0.514423 0.926282 0.512821 0.923077 0.512821 0.919872 0.516026 0.991987 0.639423 0.993590 0.642628
0 0.995192 0.645833 0.998397 0.647436 0.998397 0.633013 0.993590 0.636218 0.953526 0.588141 0.953526 0.591346 0.955128 0.594551 0.958333 0.594551 0.963141 0.594551 0.966346 0.592949 0.966346 0.591346 0.967949 0.586538
0 0.966346 0.583333 0.963141 0.580128 0.958333 0.581731 0.955128 0.583333 0.807692 0.482372 0.809295 0.487179 0.810897 0.488782 0.814103 0.490385 0.818910 0.488782 0.820513 0.488782 0.822115 0.487179 0.823718 0.482372
0 0.822115 0.477564 0.818910 0.475962 0.814103 0.475962 0.810897 0.479167 0.727564 0.629808 0.729167 0.633013 0.733974 0.634615 0.738782 0.634615 0.740385 0.631410 0.740385 0.629808 0.741987 0.625000 0.737179 0.623397
0 0.732372 0.625000 0.729167 0.626603 0.647436 0.594551 0.649038 0.597756 0.652244 0.597756 0.657051 0.597756 0.660256 0.596154 0.661859 0.592949 0.660256 0.588141 0.657051 0.586538 0.652244 0.586538 0.647436 0.589744
0 0.732372 0.616987 0.733974 0.620192 0.738782 0.620192 0.741987 0.621795 0.745192 0.618590 0.748397 0.615385 0.746795 0.610577 0.743590 0.608974 0.738782 0.608974 0.733974 0.612179 0.735577 0.596154 0.737179 0.597756
0 0.740385 0.597756 0.743590 0.597756 0.743590 0.596154 0.745192 0.591346 0.741987 0.589744 0.738782 0.589744 0.737179 0.591346 0.959936 0.621795 0.959936 0.625000 0.963141 0.628205 0.966346 0.628205 0.969551 0.628205
0 0.971154 0.628205 0.974359 0.625000 0.975962 0.621795 0.974359 0.616987 0.969551 0.615385 0.966346 0.615385 0.961538 0.618590 0.684295 0.631410 0.685897 0.634615 0.690705 0.636218 0.693910 0.636218 0.697115 0.634615
0 0.698718 0.629808 0.697115 0.628205 0.695513 0.625000 0.689103 0.625000 0.685897 0.628205 0.580128 0.576923 0.581731 0.580128 0.586538 0.580128 0.589744 0.581731 0.592949 0.578526 0.594551 0.575321 0.594551 0.570513
0 0.591346 0.568910 0.586538 0.568910 0.581731 0.572115 0.634615 0.504808 0.636218 0.508013 0.641026 0.509615 0.644231 0.511218 0.647436 0.508013 0.647436 0.504808 0.649038 0.500000 0.645833 0.498397 0.641026 0.498397
0 0.636218 0.501603 0.621795 0.626603 0.623397 0.631410 0.626603 0.631410 0.631410 0.631410 0.634615 0.629808 0.636218 0.626603 0.634615 0.623397 0.633013 0.620192 0.626603 0.620192 0.623397 0.623397 0.431090 0.562500
0 0.434295 0.564103 0.437500 0.565705 0.442308 0.565705 0.445513 0.564103 0.447115 0.559295 0.443910 0.557692 0.442308 0.554487 0.437500 0.554487 0.432692 0.557692 0.442308 0.551282 0.445513 0.552885 0.448718 0.554487
0 0.453526 0.554487 0.456731 0.552885 0.458333 0.548077 0.456731 0.544872 0.453526 0.543269 0.448718 0.543269 0.443910 0.546474 0.501603 0.568910 0.501603 0.572115 0.506410 0.573718 0.509615 0.573718 0.512821 0.570513
0 0.516026 0.567308 0.514423 0.564103 0.511218 0.560897 0.506410 0.560897 0.501603 0.565705 0.565705 0.530449 0.567308 0.532051 0.572115 0.533654 0.575321 0.535256 0.578526 0.532051 0.581731 0.527244 0.580128 0.524038
0 0.576923 0.522436 0.572115 0.522436 0.567308 0.525641 0.554487 0.541667 0.557692 0.543269 0.560897 0.544872 0.565705 0.544872 0.568910 0.543269 0.570513 0.538462 0.568910 0.535256 0.565705 0.533654 0.560897 0.533654
0 0.556090 0.536859 0.493590 0.544872 0.495192 0.546474 0.500000 0.548077 0.503205 0.549679 0.506410 0.546474 0.509615 0.541667 0.508013 0.538462 0.504808 0.536859 0.500000 0.536859 0.495192 0.540064 0.487179 0.532051
0 0.487179 0.533654 0.491987 0.535256 0.495192 0.533654 0.495192 0.532051 0.496795 0.527244 0.493590 0.524038 0.490385 0.524038 0.487179 0.527244 0.474359 0.528846 0.475962 0.532051 0.480769 0.533654 0.483974 0.532051
0 0.485577 0.528846 0.483974 0.525641 0.482372 0.522436 0.479167 0.522436 0.475962 0.525641 0.604167 0.621795 0.605769 0.625000 0.610577 0.626603 0.613782 0.623397 0.613782 0.621795 0.615385 0.616987 0.612179 0.615385
0 0.608974 0.615385 0.605769 0.616987 0.584936 0.637821 0.591346 0.642628 0.594551 0.639423 0.594551 0.637821 0.596154 0.633013 0.592949 0.631410 0.589744 0.631410 0.586538 0.633013
0 0.604167 0.597756 0.604167 0.600962 0.608974 0.602564 0.612179 0.599359 0.612179 0.597756 0.613782 0.592949 0.610577 0.591346 0.607372 0.591346 0.604167 0.592949 0.615385 0.594551
0 0.616987 0.597756 0.621795 0.597756 0.625000 0.596154 0.626603 0.592949 0.625000 0.591346 0.623397 0.588141 0.620192 0.588141 0.616987 0.591346 0.589744 0.625000 0.591346 0.628205
0 0.596154 0.629808 0.599359 0.626603 0.599359 0.625000 0.600962 0.620192 0.597756 0.618590 0.594551 0.618590 0.591346 0.620192 0.516026 0.666667 0.517628 0.669872
0 0.522436 0.671474 0.525641 0.669872 0.525641 0.668269 0.527244 0.663462 0.524038 0.660256 0.520833 0.660256 0.517628 0.663462 0.503205 0.644231 0.504808 0.647436 0.509615 0.647436 0.511218 0.647436 0.511218 0.644231
0 0.512821 0.639423 0.509615 0.636218 0.506410 0.637821 0.503205 0.639423 0.389423 0.589744 0.391026 0.592949 0.395833 0.596154 0.399038 0.592949 0.399038 0.591346 0.400641 0.586538
0 0.397436 0.583333 0.394231 0.583333 0.391026 0.586538 0.350962 0.548077 0.352564 0.552885 0.357372 0.554487 0.360577 0.551282 0.360577 0.549679 0.355769 0.541667 0.352564 0.544872
0 0.325321 0.604167 0.328526 0.605769 0.333333 0.605769 0.334936 0.605769 0.334936 0.602564 0.336538 0.599359 0.334936 0.596154 0.330128 0.596154 0.326923 0.599359 0.315705 0.639423
0 0.317308 0.642628 0.323718 0.642628 0.325321 0.642628 0.325321 0.639423 0.326923 0.634615 0.323718 0.631410 0.320513 0.631410 0.317308 0.634615 0.310897 0.649038 0.312500 0.652244
0 0.317308 0.653846 0.320513 0.650641 0.320513 0.649038 0.322115 0.644231 0.318910 0.642628 0.315705 0.642628 0.312500 0.645833 0.342949 0.605769 0.344551 0.608974 0.349359 0.608974
0 0.350962 0.608974 0.350962 0.605769 0.352564 0.602564 0.350962 0.599359 0.346154 0.599359 0.342949 0.600962 0.304487 0.552885 0.306090 0.556090 0.310897 0.557692 0.314103 0.554487
0 0.314103 0.552885 0.315705 0.548077 0.312500 0.546474 0.309295 0.546474 0.306090 0.548077 0.488782 0.564103 0.490385 0.567308 0.495192 0.567308 0.498397 0.565705 0.500000 0.562500
0 0.498397 0.560897 0.496795 0.557692 0.491987 0.557692 0.490385 0.559295 0.189103 0.665064 0.190705 0.668269 0.195513 0.668269 0.198718 0.666667 0.200321 0.663462 0.198718 0.660256
0 0.197115 0.657051 0.192308 0.657051 0.189103 0.660256 0.123397 0.661859 0.125000 0.665064 0.129808 0.665064 0.133013 0.663462 0.134615 0.660256 0.133013 0.658654 0.131410 0.655449
0 0.128205 0.655449 0.125000 0.657051 0.174679 0.665064 0.176282 0.668269 0.181090 0.668269 0.184295 0.666667 0.184295 0.665064 0.185897 0.660256 0.182692 0.658654 0.179487 0.658654
0 0.176282 0.660256 0.145833 0.685897 0.147436 0.689103 0.152244 0.689103 0.155449 0.687500 0.155449 0.685897 0.157051 0.681090 0.153846 0.679487 0.150641 0.679487
0 0.147436 0.681090 0.227564 0.536859 0.229167 0.540064 0.233974 0.541667 0.237179 0.538462 0.237179 0.536859 0.238782 0.532051 0.235577 0.530449 0.232372 0.530449
0 0.229167 0.532051 0.272436 0.508013 0.274038 0.511218 0.278846 0.512821 0.282051 0.511218 0.283654 0.508013 0.282051 0.504808 0.280449 0.501603 0.275641 0.501603
0 0.274038 0.504808 0.110577 0.572115 0.115385 0.573718 0.118590 0.573718 0.121795 0.573718 0.125000 0.572115 0.125000 0.568910 0.125000 0.565705 0.126603 0.560897
0 0.123397 0.559295 0.116987 0.559295 0.113782 0.560897 0.110577 0.564103 0.108974 0.567308 0.024038 0.536859 0.027244 0.540064 0.030449 0.540064 0.033654 0.541667
0 0.036859 0.538462 0.038462 0.535256 0.038462 0.532051 0.038462 0.528846 0.035256 0.525641 0.028846 0.525641 0.025641 0.527244 0.024038 0.530449 0.022436 0.533654
0 0.012821 0.661859 0.016026 0.663462 0.019231 0.663462 0.022436 0.665064 0.025641 0.661859 0.027244 0.658654 0.028846 0.653846 0.027244 0.650641 0.024038 0.649038
0 0.017628 0.649038 0.014423 0.650641 0.011218 0.653846 0.011218 0.657051 0.000000 0.658654 0.000000 0.653846 0.054487 0.567308 0.057692 0.568910 0.060897 0.570513
0 0.064103 0.570513 0.067308 0.567308 0.070513 0.564103 0.070513 0.560897 0.068910 0.557692 0.065705 0.554487 0.059295 0.554487 0.056090 0.556090 0.052885 0.559295
0 0.052885 0.564103 0.000000 0.514423 0.003205 0.516026 0.006410 0.512821 0.008013 0.509615 0.009615 0.504808 0.008013 0.501603 0.004808 0.500000 0.003205 0.540064
0 0.006410 0.541667 0.011218 0.541667 0.014423 0.541667 0.017628 0.540064 0.017628 0.536859 0.017628 0.533654 0.019231 0.528846 0.014423 0.527244 0.009615 0.527244
0 0.004808 0.528846 0.003205 0.532051 0.001603 0.535256 0.104167 0.608974 0.107372 0.610577 0.110577 0.610577 0.115385 0.610577 0.118590 0.608974 0.120192 0.605769
0 0.118590 0.602564 0.120192 0.597756 0.115385 0.596154 0.110577 0.596154 0.105769 0.597756 0.104167 0.600962 0.102564 0.605769 0.155449 0.568910 0.158654 0.570513
0 0.161859 0.572115 0.165064 0.572115 0.168269 0.568910 0.169872 0.567308 0.171474 0.562500 0.169872 0.559295 0.166667 0.556090 0.160256 0.556090 0.157051 0.559295
0 0.153846 0.560897 0.153846 0.565705 0.205128 0.586538 0.208333 0.588141 0.211538 0.589744 0.214744 0.589744 0.217949 0.586538 0.221154 0.583333 0.219551 0.580128
0 0.221154 0.576923 0.216346 0.573718 0.209936 0.573718 0.206731 0.575321 0.205128 0.578526 0.203526 0.583333 0.139423 0.556090 0.142628 0.557692 0.145833 0.559295
0 0.149038 0.559295 0.152244 0.556090 0.155449 0.552885 0.153846 0.549679 0.155449 0.546474 0.150641 0.543269 0.145833 0.543269 0.141026 0.546474 0.139423 0.548077
0 0.137821 0.552885 0.092949 0.549679 0.096154 0.551282 0.100962 0.552885 0.104167 0.551282 0.107372 0.549679 0.108974 0.546474 0.107372 0.543269 0.108974 0.540064
0 0.104167 0.536859 0.099359 0.536859 0.096154 0.540064 0.092949 0.541667 0.091346 0.546474 0.041667 0.525641 0.046474 0.527244 0.049679 0.527244 0.052885 0.527244
0 0.056090 0.525641 0.057692 0.522436 0.056090 0.519231 0.057692 0.516026 0.052885 0.512821 0.048077 0.512821 0.044872 0.514423 0.041667 0.517628 0.040064 0.522436
0 0.059295 0.475962 0.064103 0.477564 0.067308 0.479167 0.070513 0.477564 0.073718 0.477564 0.073718 0.474359 0.073718 0.471154 0.075321 0.466346 0.072115 0.463141
0 0.065705 0.463141 0.062500 0.466346 0.059295 0.467949 0.057692 0.472756 0.248397 0.528846 0.251603 0.532051 0.256410 0.532051 0.259615 0.532051 0.262821 0.530449
0 0.262821 0.527244 0.262821 0.524038 0.264423 0.519231 0.259615 0.516026 0.254808 0.517628 0.251603 0.519231 0.248397 0.522436 0.246795 0.525641 0.256410 0.576923
0 0.259615 0.578526 0.262821 0.578526 0.266026 0.580128 0.269231 0.576923 0.270833 0.573718 0.272436 0.568910 0.270833 0.565705 0.267628 0.564103 0.261218 0.564103 0.258013 0.565705 0.254808 0.568910 0.254808 0.572115 0.309295 0.496795
0 0.312500 0.498397 0.315705 0.498397 0.318910 0.500000 0.322115 0.496795 0.325321 0.493590 0.325321 0.490385 0.323718 0.487179 0.320513 0.483974 0.314103 0.483974 0.310897 0.485577 0.307692 0.488782 0.306090 0.493590 0.326923 0.517628
0 0.331731 0.517628 0.333333 0.519231 0.336538 0.519231 0.338141 0.519231 0.339744 0.517628 0.339744 0.514423 0.341346 0.509615 0.338141 0.508013 0.331731 0.508013 0.328526 0.511218 0.328526 0.512821 0.296474 0.453526 0.299679 0.455128
0 0.302885 0.456731 0.306090 0.456731 0.309295 0.453526 0.312500 0.450321 0.312500 0.447115 0.310897 0.443910 0.307692 0.440705 0.301282 0.440705 0.298077 0.443910 0.294872 0.445513 0.293269 0.450321 0.375000 0.434295 0.378205 0.437500
0 0.381410 0.437500 0.386218 0.437500 0.389423 0.435897 0.389423 0.432692 0.389423 0.429487 0.391026 0.424679 0.386218 0.421474 0.381410 0.423077 0.376603 0.424679 0.375000 0.427885 0.373397 0.431090 0.413462 0.491987 0.416667 0.493590
0 0.421474 0.493590 0.424679 0.493590 0.427885 0.491987 0.429487 0.488782 0.427885 0.485577 0.429487 0.480769 0.424679 0.479167 0.419872 0.479167 0.416667 0.480769 0.413462 0.483974 0.411859 0.488782 0.306090 0.512821 0.310897 0.511218
0 0.312500 0.512821 0.315705 0.512821 0.317308 0.512821 0.318910 0.511218 0.318910 0.508013 0.320513 0.503205 0.315705 0.501603 0.310897 0.501603 0.307692 0.504808 0.307692 0.508013 0.350962 0.501603 0.355769 0.501603 0.357372 0.501603
0 0.360577 0.501603 0.363782 0.501603 0.363782 0.500000 0.363782 0.496795 0.365385 0.491987 0.362179 0.490385 0.355769 0.491987 0.352564 0.493590 0.352564 0.496795 0.360577 0.543269 0.362179 0.544872 0.363782 0.546474 0.366987 0.546474
0 0.368590 0.546474 0.371795 0.543269 0.370192 0.540064 0.371795 0.536859 0.368590 0.535256 0.363782 0.535256 0.360577 0.536859 0.358974 0.540064 0.358974 0.475962 0.360577 0.477564 0.363782 0.477564 0.365385 0.477564 0.368590 0.477564
0 0.370192 0.474359 0.371795 0.472756 0.370192 0.469551 0.366987 0.467949 0.362179 0.467949 0.358974 0.469551 0.357372 0.472756 0.245192 0.490385 0.246795 0.491987 0.248397 0.491987 0.251603 0.493590 0.254808 0.491987 0.254808 0.490385
0 0.254808 0.487179 0.256410 0.483974 0.253205 0.482372 0.246795 0.482372 0.245192 0.483974 0.243590 0.487179 0.491987 0.463141 0.496795 0.461538 0.498397 0.463141 0.501603 0.463141 0.504808 0.463141 0.504808 0.461538 0.506410 0.456731
0 0.504808 0.453526 0.501603 0.451923 0.496795 0.451923 0.493590 0.455128 0.493590 0.458333 0.511218 0.450321 0.512821 0.451923 0.514423 0.451923 0.517628 0.451923 0.520833 0.451923 0.520833 0.450321 0.520833 0.447115 0.522436 0.443910
0 0.519231 0.442308 0.514423 0.442308 0.511218 0.443910 0.509615 0.447115 0.474359 0.612179 0.475962 0.613782 0.479167 0.613782 0.480769 0.613782 0.483974 0.613782 0.483974 0.612179 0.483974 0.608974 0.485577 0.605769 0.482372 0.602564
0 0.477564 0.604167 0.474359 0.605769 0.472756 0.608974 0.483974 0.642628 0.485577 0.644231 0.488782 0.644231 0.491987 0.644231 0.493590 0.644231 0.495192 0.642628 0.496795 0.639423 0.495192 0.636218 0.491987 0.634615 0.487179 0.634615
0 0.483974 0.636218 0.482372 0.639423 0.426282 0.391026 0.429487 0.391026 0.432692 0.392628 0.435897 0.392628 0.439103 0.391026 0.439103 0.389423 0.440705 0.386218 0.439103 0.383013 0.435897 0.381410 0.431090 0.381410 0.427885 0.383013
0 0.427885 0.386218 0.735577 0.314103 0.737179 0.315705 0.738782 0.315705 0.741987 0.315705 0.745192 0.315705 0.745192 0.314103 0.745192 0.310897 0.746795 0.307692 0.743590 0.306090 0.737179 0.306090 0.733974 0.307692 0.733974 0.310897
0 0.708333 0.278846 0.709936 0.278846 0.713141 0.280449 0.714744 0.282051 0.717949 0.278846 0.719551 0.278846 0.721154 0.274038 0.716346 0.269231 0.709936 0.270833 0.708333 0.272436 0.706731 0.275641 0.711538 0.267628 0.713141 0.269231
0 0.716346 0.270833 0.717949 0.272436 0.721154 0.269231 0.722756 0.267628 0.724359 0.264423 0.722756 0.261218 0.719551 0.259615 0.714744 0.259615 0.711538 0.261218 0.709936 0.264423 0.730769 0.266026 0.735577 0.264423 0.737179 0.266026
0 0.740385 0.266026 0.743590 0.266026 0.743590 0.264423 0.745192 0.259615 0.743590 0.256410 0.740385 0.254808 0.735577 0.254808 0.732372 0.258013 0.732372 0.261218 0.841346 0.326923 0.842949 0.326923 0.846154 0.328526 0.847756 0.330128
0 0.850962 0.326923 0.852564 0.326923 0.854167 0.322115 0.852564 0.318910 0.849359 0.317308 0.844551 0.317308 0.841346 0.320513 0.839744 0.323718 0.842949 0.278846 0.844551 0.280449 0.847756 0.280449 0.849359 0.280449 0.852564 0.280449
0 0.854167 0.277244 0.855769 0.275641 0.854167 0.272436 0.850962 0.270833 0.846154 0.270833 0.842949 0.272436 0.841346 0.275641 0.732372 0.241987 0.733974 0.241987 0.738782 0.241987 0.740385 0.241987 0.743590 0.238782 0.741987 0.235577
0 0.740385 0.232372 0.735577 0.232372 0.732372 0.235577 0.730769 0.238782 0.730769 0.198718 0.732372 0.198718 0.737179 0.200321 0.740385 0.198718 0.741987 0.195513 0.740385 0.193910 0.738782 0.190705 0.733974 0.190705
0 0.730769 0.192308 0.729167 0.195513 0.626603 0.193910 0.629808 0.193910 0.633013 0.193910 0.634615 0.193910 0.636218 0.192308 0.637821 0.187500 0.634615 0.185897 0.629808 0.184295 0.626603 0.187500 0.625000 0.190705 0.806090 0.206731
0 0.807692 0.206731 0.812500 0.206731 0.814103 0.206731 0.817308 0.203526 0.815705 0.201923 0.814103 0.198718 0.809295 0.198718 0.806090 0.200321 0.804487 0.203526 0.852564 0.195513 0.855769 0.195513 0.858974 0.195513 0.860577 0.195513
0 0.862179 0.193910 0.863782 0.189103 0.860577 0.187500 0.855769 0.185897 0.852564 0.189103 0.850962 0.192308 0.868590 0.192308 0.870192 0.192308 0.875000 0.192308 0.876603 0.192308 0.879808 0.189103 0.878205 0.185897 0.876603 0.182692
0 0.871795 0.182692 0.868590 0.185897 0.866987 0.189103 0.806090 0.193910 0.807692 0.195513 0.812500 0.195513 0.815705 0.193910 0.817308 0.190705 0.815705 0.189103 0.814103 0.185897 0.809295 0.185897 0.806090 0.187500
0 0.804487 0.190705 0.788462 0.150641 0.791667 0.152244 0.794872 0.152244 0.798077 0.150641 0.798077 0.149038 0.799679 0.144231 0.796474 0.142628 0.791667 0.142628 0.788462 0.145833 0.786859 0.147436 0.778846 0.137821
0 0.780449 0.137821 0.785256 0.137821 0.788462 0.137821 0.790064 0.134615 0.788462 0.133013 0.786859 0.129808 0.782051 0.129808 0.777244 0.131410 0.777244 0.134615 0.769231 0.149038 0.770833 0.150641 0.775641 0.150641
0 0.777244 0.150641 0.780449 0.147436 0.778846 0.144231 0.777244 0.141026 0.772436 0.141026 0.769231 0.144231 0.767628 0.145833 0.741987 0.139423 0.743590 0.139423 0.748397 0.139423 0.751603 0.139423 0.753205 0.136218
0 0.751603 0.134615 0.750000 0.131410 0.745192 0.131410 0.741987 0.133013 0.740385 0.136218 0.706731 0.160256 0.709936 0.160256 0.713141 0.160256 0.716346 0.160256 0.716346 0.158654 0.717949 0.153846 0.714744 0.152244
0 0.709936 0.152244 0.706731 0.153846 0.705128 0.157051 0.858974 0.136218 0.860577 0.136218 0.865385 0.136218 0.866987 0.136218 0.870192 0.133013 0.868590 0.129808 0.866987 0.126603 0.862179 0.126603 0.858974 0.129808
0 0.857372 0.133013 0.713141 0.142628 0.714744 0.142628 0.719551 0.142628 0.722756 0.142628 0.724359 0.139423 0.722756 0.137821 0.721154 0.134615 0.716346 0.134615 0.713141 0.136218 0.711538 0.139423 0.950321 0.121795
0 0.951923 0.121795 0.956731 0.121795 0.958333 0.121795 0.961538 0.118590 0.959936 0.115385 0.958333 0.112179 0.953526 0.112179 0.950321 0.115385 0.948718 0.118590 0.971154 0.121795 0.972756 0.121795 0.977564 0.121795
0 0.979167 0.121795 0.982372 0.118590 0.980769 0.115385 0.979167 0.112179 0.974359 0.112179 0.971154 0.115385 0.969551 0.118590 0.929487 0.277244 0.932692 0.278846 0.935897 0.278846 0.937500 0.278846 0.940705 0.275641
0 0.940705 0.270833 0.937500 0.269231 0.932692 0.269231 0.929487 0.272436 0.927885 0.274038 0.858974 0.237179 0.860577 0.238782 0.865385 0.238782 0.868590 0.237179 0.870192 0.233974 0.868590 0.232372 0.866987 0.229167
0 0.862179 0.229167 0.858974 0.230769 0.857372 0.233974 0.875000 0.230769 0.876603 0.230769 0.881410 0.230769 0.884615 0.230769 0.886218 0.227564 0.884615 0.225962 0.883013 0.222756 0.878205 0.222756 0.875000 0.224359
0 0.873397 0.227564 0.881410 0.144231 0.883013 0.144231 0.887821 0.144231 0.891026 0.144231 0.892628 0.141026 0.891026 0.139423 0.889423 0.136218 0.884615 0.136218 0.881410 0.137821 0.879808 0.141026 0.921474 0.362179
0 0.916667 0.370192 0.916667 0.378205 0.921474 0.383013 0.929487 0.384615 0.935897 0.384615 0.942308 0.381410 0.947115 0.376603 0.947115 0.371795 0.945513 0.365385 0.942308 0.360577 0.935897 0.358974 0.927885 0.358974
0 0.889423 0.415064 0.884615 0.423077 0.884615 0.431090 0.889423 0.435897 0.897436 0.437500 0.903846 0.437500 0.910256 0.434295 0.915064 0.429487 0.915064 0.424679 0.913462 0.418269 0.910256 0.413462 0.903846 0.411859
0 0.895833 0.411859 0.857372 0.459936 0.857372 0.461538 0.858974 0.464744 0.860577 0.464744 0.863782 0.464744 0.866987 0.464744 0.866987 0.463141 0.868590 0.458333 0.865385 0.456731 0.863782 0.456731 0.860577 0.456731
0 0.862179 0.402244 0.860577 0.407051 0.862179 0.408654 0.865385 0.408654 0.866987 0.408654 0.868590 0.405449 0.866987 0.403846 0.865385 0.400641 0.836538 0.411859 0.834936 0.416667 0.838141 0.418269 0.839744 0.419872
0 0.841346 0.418269 0.841346 0.415064 0.842949 0.411859 0.839744 0.410256 0.822115 0.407051 0.822115 0.410256 0.823718 0.411859 0.826923 0.411859 0.828526 0.413462 0.830128 0.408654
0 0.828526 0.405449 0.825321 0.405449 0.820513 0.392628 0.818910 0.395833 0.820513 0.397436 0.823718 0.399038 0.825321 0.399038 0.826923 0.394231 0.825321 0.391026 0.823718 0.391026
0 0.762821 0.400641 0.761218 0.405449 0.764423 0.407051 0.766026 0.408654 0.767628 0.407051 0.767628 0.403846 0.769231 0.400641 0.766026 0.400641 0.750000 0.399038 0.750000 0.403846
0 0.751603 0.405449 0.754808 0.405449 0.756410 0.405449 0.758013 0.402244 0.756410 0.399038 0.753205 0.397436 0.690705 0.328526 0.692308 0.334936 0.700321 0.336538 0.706731 0.336538
0 0.711538 0.331731 0.711538 0.325321 0.709936 0.320513 0.703526 0.318910 0.697115 0.320513 0.693910 0.323718 0.636218 0.328526 0.637821 0.333333 0.645833 0.336538 0.652244 0.334936
0 0.657051 0.330128 0.657051 0.323718 0.655449 0.320513 0.650641 0.317308 0.642628 0.318910 0.639423 0.322115 0.578526 0.647436 0.580128 0.650641 0.584936 0.650641 0.586538 0.650641
0 0.589744 0.647436 0.588141 0.644231 0.586538 0.641026 0.583333 0.641026 0.580128 0.644231 0.581731 0.663462 0.583333 0.666667 0.588141 0.669872 0.591346 0.666667 0.591346 0.665064
0 0.592949 0.660256 0.589744 0.657051 0.586538 0.657051 0.583333 0.660256 0.727564 0.642628 0.730769 0.644231 0.733974 0.644231 0.737179 0.644231 0.738782 0.641026 0.737179 0.639423
0 0.735577 0.636218 0.732372 0.636218 0.729167 0.639423 0.371795 0.559295 0.373397 0.562500 0.379808 0.564103 0.379808 0.562500 0.383013 0.559295 0.383013 0.554487 0.379808 0.552885
0 0.376603 0.552885 0.373397 0.556090 0.423077 0.661859 0.424679 0.663462 0.427885 0.663462 0.432692 0.663462 0.434295 0.663462 0.437500 0.660256 0.435897 0.657051 0.437500 0.653846
0 0.432692 0.650641 0.427885 0.650641 0.424679 0.653846 0.421474 0.655449 0.421474 0.658654 0.286859 0.607372 0.288462 0.612179 0.294872 0.615385 0.301282 0.615385 0.307692 0.610577
0 0.309295 0.604167 0.306090 0.597756 0.299679 0.596154 0.293269 0.597756 0.288462 0.600962 0.203526 0.647436 0.205128 0.650641 0.209936 0.652244 0.213141 0.649038 0.213141 0.647436
0 0.214744 0.642628 0.211538 0.641026 0.208333 0.641026 0.205128 0.644231 0.213141 0.615385 0.214744 0.618590 0.219551 0.618590 0.222756 0.616987 0.224359 0.613782 0.222756 0.612179
0 0.221154 0.608974 0.216346 0.608974 0.214744 0.610577 0.073718 0.586538 0.075321 0.591346 0.080128 0.591346 0.083333 0.589744 0.084936 0.586538 0.083333 0.583333 0.081731 0.580128
0 0.078526 0.580128 0.075321 0.583333 0.081731 0.567308 0.084936 0.568910 0.088141 0.568910 0.091346 0.570513 0.094551 0.567308 0.097756 0.564103 0.097756 0.560897 0.096154 0.557692
0 0.092949 0.554487 0.086538 0.554487 0.083333 0.556090 0.080128 0.559295 0.078526 0.564103 0.001603 0.581731 0.000000 0.578526 0.091346 0.480769 0.094551 0.482372 0.097756 0.482372
0 0.100962 0.482372 0.100962 0.480769 0.102564 0.475962 0.099359 0.474359 0.096154 0.474359 0.092949 0.475962 0.080128 0.487179 0.083333 0.488782 0.088141 0.488782 0.091346 0.488782
0 0.092949 0.485577 0.091346 0.483974 0.091346 0.482372 0.086538 0.480769 0.083333 0.483974 0.078526 0.479167 0.081731 0.480769 0.084936 0.480769 0.088141 0.480769 0.088141 0.479167
0 0.089744 0.474359 0.086538 0.472756 0.083333 0.472756 0.080128 0.474359 0.016026 0.469551 0.019231 0.471154 0.022436 0.471154 0.025641 0.471154 0.025641 0.469551 0.027244 0.464744
0 0.024038 0.463141 0.020833 0.463141 0.017628 0.464744 0.001603 0.477564 0.004808 0.477564 0.008013 0.477564 0.008013 0.475962 0.009615 0.471154 0.006410 0.469551 0.003205 0.469551
0 0.000000 0.471154 0.133013 0.466346 0.136218 0.467949 0.139423 0.467949 0.142628 0.467949 0.145833 0.464744 0.144231 0.461538 0.142628 0.458333 0.137821 0.458333 0.134615 0.461538 0.072115 0.517628 0.075321 0.519231 0.078526 0.519231
0 0.081731 0.520833 0.084936 0.517628 0.088141 0.514423 0.088141 0.511218 0.086538 0.508013 0.083333 0.504808 0.076923 0.504808 0.073718 0.506410 0.070513 0.509615 0.068910 0.514423 0.107372 0.527244 0.110577 0.528846 0.113782 0.528846
0 0.116987 0.530449 0.120192 0.527244 0.123397 0.524038 0.123397 0.519231 0.121795 0.516026 0.118590 0.514423 0.112179 0.514423 0.108974 0.516026 0.105769 0.519231 0.104167 0.524038 0.068910 0.426282
0 0.072115 0.427885 0.075321 0.429487 0.078526 0.431090 0.081731 0.427885 0.083333 0.424679 0.083333 0.421474 0.084936 0.416667 0.080128 0.413462
0 0.073718 0.416667 0.070513 0.416667 0.067308 0.419872 0.067308 0.423077 0.107372 0.410256 0.112179 0.411859 0.115385 0.413462 0.118590 0.413462
0 0.121795 0.411859 0.121795 0.408654 0.121795 0.405449 0.123397 0.400641 0.120192 0.397436 0.113782 0.399038 0.110577 0.400641 0.107372 0.403846
0 0.105769 0.407051 0.022436 0.384615 0.027244 0.386218 0.030449 0.387821 0.033654 0.386218 0.036859 0.384615 0.038462 0.381410 0.036859 0.378205
0 0.038462 0.375000 0.035256 0.371795 0.028846 0.371795 0.025641 0.375000 0.022436 0.376603 0.020833 0.381410 0.006410 0.328526 0.009615 0.330128
0 0.012821 0.331731 0.016026 0.331731 0.019231 0.328526 0.020833 0.326923 0.020833 0.323718 0.022436 0.318910 0.017628 0.315705 0.011218 0.315705
0 0.008013 0.318910 0.004808 0.320513 0.004808 0.325321 0.035256 0.290064 0.038462 0.291667 0.041667 0.291667 0.044872 0.293269 0.048077 0.290064 0.049679 0.286859 0.049679 0.283654
0 0.051282 0.278846 0.044872 0.278846 0.040064 0.277244 0.036859 0.278846 0.035256 0.282051 0.033654 0.285256 0.001603 0.225962 0.001603 0.222756 0.001603 0.219551 0.003205 0.214744
0 0.001603 0.298077 0.004808 0.296474 0.006410 0.293269 0.004808 0.290064 0.006410 0.286859 0.003205 0.283654 0.070513 0.275641 0.073718 0.277244 0.076923 0.277244
0 0.080128 0.278846 0.083333 0.275641 0.086538 0.272436 0.086538 0.267628 0.084936 0.264423 0.081731 0.262821 0.075321 0.262821 0.072115 0.264423 0.068910 0.267628
0 0.068910 0.272436 0.017628 0.274038 0.020833 0.277244 0.024038 0.277244 0.027244 0.278846 0.030449 0.275641 0.032051 0.272436 0.033654 0.267628 0.032051 0.264423
0 0.028846 0.262821 0.022436 0.262821 0.019231 0.264423 0.016026 0.267628 0.014423 0.270833 0.054487 0.238782 0.059295 0.240385 0.062500 0.240385 0.065705 0.240385
0 0.068910 0.238782 0.070513 0.235577 0.068910 0.232372 0.070513 0.229167 0.065705 0.225962 0.060897 0.225962 0.057692 0.227564 0.054487 0.230769 0.052885 0.235577 0.040064 0.272436 0.043269 0.274038 0.046474 0.274038 0.049679 0.275641
0 0.052885 0.272436 0.056090 0.269231 0.054487 0.266026 0.056090 0.262821 0.051282 0.259615 0.044872 0.259615 0.041667 0.261218 0.040064 0.264423 0.038462 0.269231 0.001603 0.366987
0 0.006410 0.366987 0.009615 0.366987 0.012821 0.365385 0.012821 0.362179 0.012821 0.358974 0.014423 0.354167 0.009615 0.352564 0.004808 0.352564 0.000000 0.354167
0 0.065705 0.411859 0.068910 0.411859 0.072115 0.413462 0.075321 0.411859 0.075321 0.410256 0.076923 0.405449 0.073718 0.403846 0.070513 0.403846 0.067308 0.407051
0 0.096154 0.421474 0.099359 0.421474 0.102564 0.424679 0.105769 0.421474 0.108974 0.418269 0.107372 0.416667 0.105769 0.413462 0.100962 0.413462 0.097756 0.416667
0 0.120192 0.395833 0.123397 0.395833 0.126603 0.397436 0.128205 0.397436 0.131410 0.394231 0.131410 0.389423 0.128205 0.387821 0.125000 0.387821 0.121795 0.391026 0.086538 0.352564 0.089744 0.354167 0.092949 0.354167 0.094551 0.354167
0 0.096154 0.352564 0.097756 0.347756 0.096154 0.344551 0.091346 0.344551 0.088141 0.347756 0.083333 0.256410 0.086538 0.258013 0.089744 0.259615 0.092949 0.261218
0 0.096154 0.258013 0.097756 0.254808 0.097756 0.251603 0.099359 0.246795 0.094551 0.243590 0.088141 0.245192 0.084936 0.246795 0.081731 0.250000 0.081731 0.253205
0 0.205128 0.225962 0.208333 0.227564 0.211538 0.227564 0.214744 0.229167 0.217949 0.225962 0.219551 0.222756 0.221154 0.217949 0.219551 0.214744 0.216346 0.213141
0 0.209936 0.213141 0.206731 0.216346 0.205128 0.219551 0.201923 0.221154 0.238782 0.250000 0.241987 0.251603 0.245192 0.251603 0.248397 0.253205 0.251603 0.250000
0 0.254808 0.246795 0.253205 0.243590 0.254808 0.240385 0.250000 0.237179 0.243590 0.237179 0.240385 0.238782 0.238782 0.241987 0.237179 0.246795 0.241987 0.298077
0 0.245192 0.299679 0.248397 0.299679 0.251603 0.301282 0.254808 0.298077 0.258013 0.294872 0.258013 0.291667 0.256410 0.288462 0.253205 0.285256 0.246795 0.285256
0 0.243590 0.286859 0.241987 0.290064 0.240385 0.293269 0.152244 0.338141 0.155449 0.339744 0.158654 0.339744 0.161859 0.341346 0.165064 0.338141 0.168269 0.334936
0 0.166667 0.331731 0.168269 0.326923 0.163462 0.325321 0.157051 0.325321 0.153846 0.326923 0.152244 0.330128 0.150641 0.334936 0.129808 0.338141 0.133013 0.339744 0.136218 0.339744 0.141026 0.339744 0.144231 0.338141 0.144231 0.334936
0 0.144231 0.331731 0.145833 0.326923 0.141026 0.325321 0.136218 0.325321 0.131410 0.326923 0.129808 0.330128 0.128205 0.333333 0.123397 0.299679 0.126603 0.302885 0.129808 0.302885 0.133013 0.304487 0.136218 0.301282 0.137821 0.298077
0 0.137821 0.294872 0.139423 0.290064 0.134615 0.288462 0.128205 0.288462 0.125000 0.290064 0.121795 0.293269 0.121795 0.296474 0.286859 0.365385 0.290064 0.366987 0.294872 0.366987 0.298077 0.366987 0.301282 0.365385 0.302885 0.362179
0 0.301282 0.358974 0.302885 0.355769 0.298077 0.352564 0.293269 0.352564 0.290064 0.354167 0.286859 0.357372 0.285256 0.362179 0.233974 0.366987 0.238782 0.366987 0.240385 0.368590 0.243590 0.368590 0.245192 0.368590 0.246795 0.366987
0 0.246795 0.363782 0.248397 0.358974 0.245192 0.357372 0.238782 0.357372 0.235577 0.360577 0.235577 0.362179 0.206731 0.443910 0.208333 0.445513 0.211538 0.445513 0.214744 0.445513 0.216346 0.445513 0.217949 0.443910 0.219551 0.439103
0 0.217949 0.435897 0.214744 0.434295 0.209936 0.434295 0.206731 0.437500 0.205128 0.440705 0.205128 0.458333 0.206731 0.459936 0.208333 0.459936 0.211538 0.459936 0.214744 0.459936 0.214744 0.458333 0.214744 0.455128 0.216346 0.451923
0 0.213141 0.450321 0.206731 0.450321 0.205128 0.451923 0.203526 0.455128 0.171474 0.346154 0.173077 0.347756 0.176282 0.349359 0.177885 0.350962 0.181090 0.347756 0.182692 0.344551 0.184295 0.342949 0.182692 0.339744 0.179487 0.338141
0 0.174679 0.338141 0.171474 0.339744 0.169872 0.342949 0.189103 0.306090 0.193910 0.306090 0.195513 0.307692 0.198718 0.307692 0.201923 0.306090 0.201923 0.304487 0.203526 0.301282 0.201923 0.298077 0.198718 0.296474 0.193910 0.296474
0 0.190705 0.298077 0.190705 0.301282 0.177885 0.294872 0.179487 0.296474 0.181090 0.296474 0.184295 0.296474 0.187500 0.296474 0.187500 0.294872 0.187500 0.291667 0.189103 0.288462 0.185897 0.286859 0.179487 0.286859 0.177885 0.288462
0 0.176282 0.291667 0.259615 0.241987 0.261218 0.243590 0.264423 0.243590 0.266026 0.243590 0.269231 0.243590 0.269231 0.241987 0.269231 0.238782 0.270833 0.235577 0.267628 0.233974 0.262821 0.233974 0.259615 0.235577 0.258013 0.238782
0 0.221154 0.216346 0.225962 0.214744 0.227564 0.216346 0.230769 0.216346 0.233974 0.216346 0.233974 0.214744 0.235577 0.209936 0.233974 0.206731 0.230769 0.205128 0.225962 0.205128
0 0.222756 0.208333 0.222756 0.211538 0.158654 0.229167 0.160256 0.230769 0.161859 0.232372 0.165064 0.232372 0.166667 0.232372 0.169872 0.229167 0.168269 0.225962 0.169872 0.222756 0.166667 0.221154 0.160256 0.221154 0.158654 0.222756
0 0.157051 0.225962 0.128205 0.237179 0.129808 0.237179 0.133013 0.238782 0.134615 0.240385 0.136218 0.238782 0.139423 0.235577 0.141026 0.232372 0.139423 0.229167 0.136218 0.227564 0.131410 0.227564 0.128205 0.230769 0.126603 0.233974
0 0.309295 0.266026 0.314103 0.266026 0.315705 0.266026 0.318910 0.266026 0.322115 0.266026 0.322115 0.264423 0.322115 0.261218 0.323718 0.256410 0.320513 0.254808 0.314103 0.254808
0 0.310897 0.258013 0.310897 0.261218 0.658654 0.450321 0.660256 0.451923 0.663462 0.453526 0.665064 0.455128 0.668269 0.451923 0.669872 0.448718 0.671474 0.447115 0.669872 0.443910 0.666667 0.442308 0.661859 0.442308 0.658654 0.443910
0 0.657051 0.447115 0.360577 0.296474 0.362179 0.298077 0.363782 0.299679 0.366987 0.299679 0.370192 0.298077 0.370192 0.296474 0.370192 0.293269 0.371795 0.290064 0.368590 0.288462 0.363782 0.288462 0.360577 0.290064 0.358974 0.293269
0 0.322115 0.331731 0.326923 0.331731 0.328526 0.331731 0.331731 0.331731 0.334936 0.331731 0.334936 0.330128 0.334936 0.326923 0.336538 0.323718 0.333333 0.322115 0.326923 0.322115 0.323718 0.323718 0.323718 0.326923 0.291667 0.203526
0 0.293269 0.205128 0.296474 0.205128 0.298077 0.205128 0.301282 0.205128 0.301282 0.203526 0.301282 0.200321 0.302885 0.197115 0.299679 0.195513 0.294872 0.195513 0.291667 0.197115 0.290064 0.200321 0.044872 0.206731 0.046474 0.208333
0 0.049679 0.209936 0.051282 0.211538 0.054487 0.208333 0.056090 0.206731 0.057692 0.203526 0.056090 0.200321 0.052885 0.198718 0.048077 0.198718 0.044872 0.200321 0.043269 0.203526 0.027244 0.245192 0.028846 0.246795 0.032051 0.246795
0 0.033654 0.246795 0.036859 0.246795 0.036859 0.245192 0.036859 0.241987 0.038462 0.237179 0.035256 0.235577 0.030449 0.237179 0.027244 0.238782 0.025641 0.241987 0.000000 0.203526 0.003205 0.203526 0.004808 0.203526 0.008013 0.203526
0 0.009615 0.200321 0.011218 0.198718 0.009615 0.195513 0.006410 0.193910 0.001603 0.193910 0.017628 0.181090 0.022436 0.181090 0.024038 0.182692 0.027244 0.182692 0.028846 0.182692 0.032051 0.179487 0.030449 0.176282 0.032051 0.173077
0 0.028846 0.171474 0.022436 0.171474 0.019231 0.173077 0.019231 0.176282 0.105769 0.184295 0.107372 0.185897 0.110577 0.187500 0.112179 0.189103 0.115385 0.185897 0.116987 0.184295 0.118590 0.181090 0.116987 0.177885 0.113782 0.176282
0 0.108974 0.176282 0.105769 0.177885 0.104167 0.181090 0.108974 0.208333 0.110577 0.208333 0.112179 0.209936 0.115385 0.209936 0.118590 0.209936 0.118590 0.208333
0 0.118590 0.205128 0.120192 0.200321 0.116987 0.198718 0.110577 0.198718 0.108974 0.201923 0.107372 0.205128 0.195513 0.155449 0.197115 0.157051 0.198718 0.157051
0 0.201923 0.157051 0.205128 0.157051 0.205128 0.155449 0.205128 0.152244 0.206731 0.147436 0.203526 0.145833 0.197115 0.147436 0.195513 0.149038 0.193910 0.152244
0 0.206731 0.166667 0.208333 0.168269 0.209936 0.169872 0.213141 0.169872 0.216346 0.168269 0.216346 0.166667 0.216346 0.163462 0.217949 0.160256 0.214744 0.158654
0 0.208333 0.158654 0.206731 0.160256 0.205128 0.163462 0.173077 0.161859 0.173077 0.166667 0.176282 0.169872 0.181090 0.171474 0.184295 0.171474 0.189103 0.169872 0.192308 0.166667 0.192308 0.161859 0.190705 0.157051 0.187500 0.155449
0 0.179487 0.155449 0.176282 0.157051 0.258013 0.150641 0.258013 0.155449 0.261218 0.158654 0.264423 0.160256 0.269231 0.160256 0.274038 0.158654 0.277244 0.155449 0.277244 0.150641 0.275641 0.145833 0.270833 0.142628 0.264423 0.142628
0 0.259615 0.145833 0.293269 0.149038 0.293269 0.153846 0.296474 0.157051 0.299679 0.158654 0.304487 0.158654 0.309295 0.157051 0.312500 0.153846 0.312500 0.149038 0.310897 0.144231 0.306090 0.142628 0.299679 0.142628 0.294872 0.144231
0 0.182692 0.205128 0.184295 0.206731 0.185897 0.208333 0.189103 0.208333 0.190705 0.208333 0.192308 0.206731 0.192308 0.203526 0.193910 0.198718 0.190705 0.197115 0.184295 0.197115 0.182692 0.198718 0.181090 0.201923 0.193910 0.214744
0 0.195513 0.216346 0.197115 0.217949 0.200321 0.217949 0.203526 0.216346 0.203526 0.214744 0.203526 0.211538 0.205128 0.208333 0.201923 0.206731 0.195513 0.206731 0.193910 0.208333 0.192308 0.211538 0.405449 0.153846 0.407051 0.153846
0 0.408654 0.155449 0.411859 0.155449 0.415064 0.155449 0.415064 0.153846 0.415064 0.150641 0.416667 0.145833 0.413462 0.144231 0.407051 0.144231 0.403846 0.147436 0.403846 0.150641 0.387821 0.145833 0.389423 0.145833 0.391026 0.147436
0 0.394231 0.147436 0.397436 0.147436 0.397436 0.145833 0.397436 0.142628 0.399038 0.137821 0.395833 0.136218 0.391026 0.136218 0.387821 0.139423 0.386218 0.142628 0.443910 0.200321 0.448718 0.198718 0.450321 0.200321 0.453526 0.200321
0 0.456731 0.200321 0.456731 0.198718 0.458333 0.193910 0.456731 0.190705 0.453526 0.189103 0.448718 0.189103 0.445513 0.192308 0.445513 0.195513 0.535256 0.224359 0.540064 0.224359 0.541667 0.225962 0.544872 0.225962 0.546474 0.225962
0 0.548077 0.224359 0.548077 0.221154 0.549679 0.216346 0.546474 0.214744 0.540064 0.214744 0.536859 0.217949 0.536859 0.221154 0.548077 0.209936 0.549679 0.209936 0.551282 0.211538 0.554487 0.211538 0.557692 0.211538
0 0.557692 0.209936 0.557692 0.206731 0.559295 0.201923 0.556090 0.200321 0.551282 0.200321 0.548077 0.203526 0.546474 0.206731 0.535256 0.251603 0.536859 0.251603 0.540064 0.253205 0.541667 0.254808 0.544872 0.251603
0 0.546474 0.251603 0.548077 0.246795 0.546474 0.243590 0.543269 0.241987 0.538462 0.241987 0.535256 0.245192 0.533654 0.248397 0.475962 0.250000 0.477564 0.251603 0.480769 0.253205 0.482372 0.254808 0.485577 0.251603
0 0.487179 0.251603 0.488782 0.246795 0.487179 0.243590 0.483974 0.241987 0.479167 0.241987 0.475962 0.243590 0.474359 0.246795 0.508013 0.274038 0.511218 0.274038 0.514423 0.272436 0.514423 0.270833 0.516026 0.267628
0 0.512821 0.266026 0.509615 0.266026 0.506410 0.269231 0.506410 0.270833 0.451923 0.250000 0.453526 0.251603 0.456731 0.251603 0.459936 0.251603 0.461538 0.251603 0.463141 0.250000 0.464744 0.246795 0.463141 0.243590
0 0.459936 0.241987 0.455128 0.241987 0.451923 0.243590 0.450321 0.246795 0.450321 0.274038 0.451923 0.274038 0.453526 0.275641 0.456731 0.275641 0.458333 0.275641 0.459936 0.274038 0.459936 0.270833 0.461538 0.266026
0 0.458333 0.264423 0.451923 0.264423 0.450321 0.267628 0.448718 0.270833 0.625000 0.224359 0.626603 0.225962 0.628205 0.225962 0.631410 0.225962 0.634615 0.225962 0.634615 0.224359 0.634615 0.221154 0.636218 0.217949
0 0.633013 0.216346 0.626603 0.216346 0.625000 0.217949 0.623397 0.221154 0.538462 0.363782 0.541667 0.363782 0.544872 0.363782 0.548077 0.363782 0.551282 0.363782 0.551282 0.362179 0.552885 0.357372 0.551282 0.354167
0 0.548077 0.352564 0.543269 0.352564 0.540064 0.355769 0.540064 0.358974 0.576923 0.400641 0.580128 0.400641 0.583333 0.399038 0.583333 0.397436 0.584936 0.392628 0.581731 0.392628 0.578526 0.392628 0.575321 0.394231
0 0.575321 0.397436 0.522436 0.451923 0.522436 0.456731 0.525641 0.458333 0.530449 0.458333 0.530449 0.456731 0.532051 0.453526 0.530449 0.450321 0.528846 0.450321 0.525641 0.450321 0.519231 0.467949 0.519231 0.471154
0 0.522436 0.474359 0.525641 0.474359 0.527244 0.472756 0.528846 0.469551 0.527244 0.467949 0.525641 0.464744 0.522436 0.466346 0.206731 0.564103 0.209936 0.565705 0.213141 0.567308 0.216346 0.567308 0.219551 0.564103
0 0.222756 0.560897 0.221154 0.557692 0.222756 0.554487 0.217949 0.551282 0.211538 0.551282 0.208333 0.554487 0.206731 0.556090 0.205128 0.560897 0.352564 0.671474 0.357372 0.676282 0.365385 0.679487 0.371795 0.679487
0 0.378205 0.673077 0.378205 0.668269 0.376603 0.661859 0.366987 0.657051 0.358974 0.660256 0.354167 0.665064 0.112179 0.674679 0.116987 0.677885 0.121795 0.677885 0.123397 0.674679 0.123397 0.673077 0.125000 0.669872
0 0.123397 0.666667 0.118590 0.665064 0.113782 0.668269 0.110577 0.671474 0.174679 0.411859 0.177885 0.415064 0.181090 0.415064 0.184295 0.415064 0.184295 0.413462 0.185897 0.408654 0.182692 0.407051 0.179487 0.407051
0 0.176282 0.408654 0.012821 0.277244 0.009615 0.278846 0.009615 0.282051 0.011218 0.283654 0.014423 0.285256 0.017628 0.285256 0.017628 0.283654 0.019231 0.278846 0.016026 0.277244 0.326923 0.349359 0.328526 0.350962
0 0.330128 0.350962 0.333333 0.350962 0.336538 0.350962 0.336538 0.349359 0.336538 0.346154 0.338141 0.341346 0.334936 0.339744 0.328526 0.339744 0.325321 0.342949 0.325321 0.346154 0.761218 0.448718 0.759615 0.453526
