0 0.597756 0.418269 0.594551 0.421474 0.591346 0.424679 0.592949 0.427885 0.594551 0.431090 0.600962 0.431090 0.605769 0.429487 0.605769 0.427885 0.607372 0.423077 0.605769 0.419872 0.602564 0.418269
0 0.578526 0.440705 0.575321 0.443910 0.573718 0.447115 0.573718 0.450321 0.576923 0.453526 0.581731 0.453526 0.588141 0.451923 0.589744 0.448718 0.589744 0.443910 0.586538 0.440705 0.583333 0.440705
0 0.647436 0.427885 0.644231 0.429487 0.641026 0.434295 0.642628 0.437500 0.644231 0.440705 0.650641 0.440705 0.655449 0.439103 0.657051 0.435897 0.657051 0.431090 0.655449 0.427885 0.650641 0.426282
0 0.641026 0.411859 0.637821 0.413462 0.636218 0.416667 0.636218 0.421474 0.639423 0.423077 0.644231 0.424679 0.650641 0.421474 0.650641 0.419872 0.652244 0.415064 0.649038 0.411859 0.645833 0.410256
0 0.511218 0.423077 0.508013 0.424679 0.506410 0.427885 0.506410 0.432692 0.509615 0.434295 0.514423 0.435897 0.519231 0.434295 0.522436 0.431090 0.520833 0.426282 0.519231 0.423077 0.514423 0.423077
0 0.615385 0.482372 0.613782 0.483974 0.612179 0.487179 0.612179 0.490385 0.615385 0.493590 0.620192 0.493590 0.626603 0.491987 0.628205 0.488782 0.626603 0.485577 0.625000 0.482372 0.621795 0.480769
0 0.674679 0.501603 0.671474 0.503205 0.669872 0.508013 0.669872 0.511218 0.673077 0.514423 0.677885 0.514423 0.684295 0.512821 0.685897 0.509615 0.684295 0.504808 0.682692 0.501603 0.679487 0.498397
0 0.600962 0.522436 0.597756 0.525641 0.596154 0.528846 0.596154 0.532051 0.597756 0.535256 0.604167 0.535256 0.608974 0.535256 0.610577 0.530449 0.610577 0.525641 0.608974 0.522436 0.605769 0.522436
0 0.543269 0.471154 0.540064 0.474359 0.538462 0.477564 0.538462 0.480769 0.540064 0.483974 0.546474 0.483974 0.551282 0.483974 0.552885 0.479167 0.552885 0.474359 0.551282 0.471154 0.548077 0.471154
0 0.455128 0.439103 0.451923 0.440705 0.450321 0.443910 0.450321 0.448718 0.453526 0.450321 0.458333 0.451923 0.464744 0.448718 0.466346 0.445513 0.464744 0.442308 0.463141 0.439103 0.459936 0.437500
0 0.669872 0.483974 0.665064 0.485577 0.663462 0.488782 0.663462 0.493590 0.666667 0.496795 0.671474 0.496795 0.676282 0.495192 0.679487 0.491987 0.679487 0.487179 0.676282 0.483974 0.673077 0.482372
0 0.399038 0.459936 0.394231 0.463141 0.392628 0.466346 0.392628 0.469551 0.395833 0.472756 0.400641 0.472756 0.407051 0.471154 0.407051 0.469551 0.408654 0.464744 0.405449 0.461538 0.402244 0.459936
0 0.423077 0.456731 0.419872 0.458333 0.418269 0.463141 0.418269 0.466346 0.421474 0.469551 0.426282 0.469551 0.431090 0.467949 0.434295 0.464744 0.434295 0.459936 0.431090 0.456731 0.427885 0.455128
0 0.413462 0.477564 0.410256 0.479167 0.408654 0.482372 0.408654 0.487179 0.410256 0.488782 0.416667 0.490385 0.421474 0.488782 0.421474 0.485577 0.423077 0.480769 0.421474 0.477564 0.418269 0.475962
0 0.426282 0.506410 0.423077 0.509615 0.421474 0.512821 0.421474 0.516026 0.423077 0.519231 0.429487 0.519231 0.434295 0.517628 0.434295 0.516026 0.435897 0.511218 0.434295 0.508013 0.429487 0.508013
0 0.596154 0.373397 0.592949 0.376603 0.591346 0.379808 0.591346 0.383013 0.594551 0.386218 0.599359 0.386218 0.605769 0.384615 0.607372 0.381410 0.605769 0.378205 0.604167 0.375000 0.600962 0.373397
0 0.573718 0.371795 0.570513 0.375000 0.568910 0.378205 0.568910 0.381410 0.570513 0.384615 0.576923 0.384615 0.581731 0.383013 0.583333 0.379808 0.583333 0.376603 0.581731 0.373397 0.578526 0.371795
0 0.676282 0.411859 0.673077 0.415064 0.671474 0.418269 0.671474 0.423077 0.673077 0.424679 0.679487 0.426282 0.684295 0.424679 0.684295 0.421474 0.685897 0.416667 0.684295 0.413462 0.681090 0.411859
0 0.700321 0.415064 0.695513 0.418269 0.693910 0.421474 0.693910 0.424679 0.697115 0.427885 0.701923 0.427885 0.708333 0.426282 0.709936 0.423077 0.709936 0.418269 0.708333 0.415064 0.703526 0.413462
0 0.732372 0.440705 0.729167 0.442308 0.727564 0.447115 0.727564 0.450321 0.730769 0.453526 0.735577 0.453526 0.741987 0.451923 0.743590 0.448718 0.741987 0.443910 0.740385 0.440705 0.737179 0.439103
0 0.751603 0.506410 0.748397 0.508013 0.745192 0.512821 0.746795 0.516026 0.748397 0.519231 0.754808 0.519231 0.759615 0.517628 0.761218 0.514423 0.761218 0.509615 0.759615 0.506410 0.754808 0.504808
0 0.692308 0.516026 0.689103 0.519231 0.687500 0.522436 0.687500 0.525641 0.690705 0.528846 0.695513 0.528846 0.701923 0.527244 0.703526 0.524038 0.701923 0.520833 0.700321 0.517628 0.697115 0.516026
0 0.724359 0.485577 0.719551 0.487179 0.717949 0.491987 0.717949 0.495192 0.721154 0.498397 0.727564 0.498397 0.732372 0.496795 0.733974 0.493590 0.733974 0.488782 0.732372 0.485577 0.727564 0.483974
0 0.751603 0.469551 0.748397 0.472756 0.746795 0.475962 0.746795 0.480769 0.750000 0.482372 0.754808 0.483974 0.761218 0.480769 0.761218 0.479167 0.762821 0.474359 0.759615 0.471154 0.756410 0.469551
0 0.783654 0.469551 0.780449 0.472756 0.778846 0.475962 0.778846 0.479167 0.782051 0.482372 0.786859 0.482372 0.793269 0.480769 0.794872 0.477564 0.793269 0.474359 0.791667 0.471154 0.788462 0.469551
0 0.883013 0.426282 0.878205 0.427885 0.876603 0.431090 0.876603 0.435897 0.879808 0.437500 0.884615 0.439103 0.889423 0.437500 0.892628 0.434295 0.892628 0.429487 0.891026 0.426282 0.886218 0.424679
0 0.838141 0.463141 0.833333 0.464744 0.831731 0.467949 0.833333 0.472756 0.834936 0.474359 0.841346 0.475962 0.846154 0.472756 0.846154 0.471154 0.849359 0.466346 0.847756 0.463141 0.841346 0.461538
0 0.892628 0.471154 0.889423 0.474359 0.886218 0.477564 0.887821 0.480769 0.889423 0.483974 0.895833 0.485577 0.900641 0.482372 0.900641 0.480769 0.902244 0.475962 0.900641 0.472756 0.897436 0.471154
0 0.918269 0.432692 0.915064 0.434295 0.913462 0.437500 0.913462 0.442308 0.916667 0.443910 0.921474 0.445513 0.926282 0.443910 0.931090 0.440705 0.929487 0.435897 0.927885 0.432692 0.923077 0.431090
0 0.942308 0.421474 0.937500 0.424679 0.935897 0.427885 0.935897 0.432692 0.939103 0.434295 0.943910 0.435897 0.950321 0.432692 0.950321 0.431090 0.951923 0.426282 0.950321 0.423077 0.945513 0.421474
0 0.796474 0.366987 0.791667 0.370192 0.790064 0.373397 0.790064 0.376603 0.793269 0.379808 0.798077 0.379808 0.804487 0.378205 0.806090 0.375000 0.806090 0.370192 0.802885 0.368590 0.799679 0.366987
0 0.830128 0.347756 0.825321 0.350962 0.823718 0.354167 0.823718 0.357372 0.825321 0.360577 0.833333 0.360577 0.838141 0.358974 0.839744 0.355769 0.839744 0.352564 0.838141 0.349359 0.834936 0.347756
0 0.891026 0.328526 0.887821 0.331731 0.886218 0.334936 0.886218 0.338141 0.887821 0.341346 0.894231 0.341346 0.899038 0.339744 0.900641 0.336538 0.900641 0.331731 0.899038 0.328526 0.895833 0.328526
0 0.927885 0.326923 0.923077 0.330128 0.921474 0.333333 0.923077 0.336538 0.924679 0.339744 0.931090 0.339744 0.935897 0.338141 0.935897 0.336538 0.937500 0.331731 0.935897 0.328526 0.931090 0.326923
0 0.907051 0.357372 0.903846 0.360577 0.900641 0.363782 0.902244 0.366987 0.903846 0.370192 0.910256 0.370192 0.915064 0.368590 0.918269 0.365385 0.918269 0.360577 0.916667 0.357372 0.910256 0.355769
0 0.868590 0.344551 0.865385 0.347756 0.863782 0.350962 0.863782 0.354167 0.866987 0.357372 0.871795 0.357372 0.878205 0.355769 0.879808 0.352564 0.879808 0.347756 0.876603 0.346154 0.873397 0.344551
0 0.985577 0.387821 0.980769 0.391026 0.979167 0.394231 0.977564 0.397436 0.982372 0.400641 0.987179 0.400641 0.993590 0.399038 0.995192 0.395833 0.995192 0.391026 0.991987 0.389423 0.988782 0.387821
0 0.858974 0.282051 0.855769 0.283654 0.852564 0.286859 0.854167 0.291667 0.855769 0.293269 0.862179 0.294872 0.866987 0.291667 0.866987 0.290064 0.868590 0.285256 0.866987 0.280449 0.862179 0.280449
0 0.932692 0.264423 0.929487 0.266026 0.926282 0.269231 0.927885 0.274038 0.929487 0.275641 0.935897 0.277244 0.939103 0.275641 0.942308 0.272436 0.942308 0.267628 0.940705 0.264423 0.935897 0.262821
0 0.937500 0.282051 0.932692 0.285256 0.931090 0.288462 0.931090 0.291667 0.934295 0.294872 0.939103 0.294872 0.945513 0.293269 0.945513 0.291667 0.947115 0.286859 0.943910 0.283654 0.940705 0.282051
0 0.915064 0.278846 0.911859 0.282051 0.910256 0.285256 0.910256 0.288462 0.913462 0.291667 0.918269 0.291667 0.924679 0.290064 0.926282 0.286859 0.924679 0.282051 0.923077 0.278846 0.919872 0.277244
0 0.841346 0.245192 0.838141 0.246795 0.834936 0.250000 0.836538 0.253205 0.838141 0.256410 0.844551 0.256410 0.849359 0.254808 0.849359 0.253205 0.850962 0.248397 0.849359 0.245192 0.844551 0.243590
0 0.842949 0.230769 0.838141 0.232372 0.836538 0.235577 0.836538 0.240385 0.839744 0.241987 0.846154 0.243590 0.850962 0.240385 0.850962 0.238782 0.852564 0.233974 0.850962 0.230769 0.846154 0.229167
0 0.804487 0.240385 0.801282 0.243590 0.799679 0.248397 0.799679 0.251603 0.802885 0.254808 0.807692 0.254808 0.812500 0.253205 0.815705 0.248397 0.814103 0.243590 0.812500 0.240385 0.809295 0.238782
0 0.943910 0.214744 0.940705 0.216346 0.939103 0.219551 0.939103 0.225962 0.940705 0.229167 0.947115 0.227564 0.950321 0.225962 0.953526 0.222756 0.953526 0.217949 0.951923 0.214744 0.948718 0.213141
0 0.961538 0.217949 0.958333 0.219551 0.955128 0.222756 0.956731 0.227564 0.958333 0.229167 0.964744 0.230769 0.969551 0.227564 0.969551 0.225962 0.971154 0.221154 0.969551 0.217949 0.964744 0.216346
0 0.923077 0.209936 0.919872 0.213141 0.916667 0.217949 0.918269 0.221154 0.919872 0.224359 0.926282 0.224359 0.931090 0.222756 0.934295 0.217949 0.934295 0.213141 0.932692 0.209936 0.927885 0.208333
0 0.939103 0.177885 0.935897 0.179487 0.934295 0.182692 0.934295 0.187500 0.935897 0.189103 0.942308 0.190705 0.947115 0.189103 0.947115 0.185897 0.948718 0.181090 0.947115 0.177885 0.943910 0.176282
0 0.785256 0.235577 0.782051 0.238782 0.778846 0.241987 0.778846 0.246795 0.780449 0.248397 0.788462 0.250000 0.793269 0.246795 0.793269 0.245192 0.794872 0.240385 0.793269 0.235577 0.790064 0.233974
0 0.796474 0.266026 0.791667 0.269231 0.790064 0.272436 0.790064 0.277244 0.791667 0.278846 0.798077 0.280449 0.804487 0.278846 0.804487 0.275641 0.806090 0.270833 0.804487 0.267628 0.801282 0.266026
0 0.679487 0.376603 0.676282 0.378205 0.673077 0.383013 0.674679 0.386218 0.676282 0.389423 0.682692 0.389423 0.685897 0.387821 0.689103 0.384615 0.689103 0.379808 0.687500 0.376603 0.682692 0.375000
0 0.600962 0.330128 0.597756 0.331731 0.596154 0.334936 0.596154 0.339744 0.599359 0.341346 0.604167 0.342949 0.610577 0.339744 0.612179 0.336538 0.610577 0.333333 0.607372 0.331731 0.605769 0.328526
0 0.616987 0.309295 0.612179 0.310897 0.610577 0.314103 0.610577 0.318910 0.613782 0.320513 0.625000 0.318910 0.625000 0.317308 0.626603 0.312500 0.625000 0.309295 0.620192 0.307692 0.621795 0.350962
0 0.618590 0.352564 0.615385 0.355769 0.616987 0.360577 0.618590 0.362179 0.625000 0.363782 0.629808 0.360577 0.629808 0.358974 0.631410 0.354167 0.629808 0.350962 0.625000 0.349359 0.501603 0.342949
0 0.496795 0.344551 0.495192 0.349359 0.495192 0.352564 0.498397 0.355769 0.504808 0.355769 0.511218 0.354167 0.512821 0.350962 0.511218 0.346154 0.508013 0.344551 0.504808 0.342949 0.467949 0.362179
0 0.464744 0.363782 0.463141 0.366987 0.463141 0.371795 0.466346 0.373397 0.471154 0.375000 0.477564 0.371795 0.479167 0.368590 0.477564 0.365385 0.475962 0.362179 0.472756 0.360577 0.467949 0.344551
0 0.464744 0.346154 0.463141 0.350962 0.463141 0.354167 0.466346 0.357372 0.471154 0.357372 0.477564 0.355769 0.479167 0.352564 0.479167 0.347756 0.475962 0.344551 0.472756 0.342949 0.578526 0.317308
0 0.573718 0.320513 0.572115 0.323718 0.572115 0.326923 0.575321 0.330128 0.580128 0.330128 0.586538 0.328526 0.588141 0.325321 0.588141 0.320513 0.584936 0.317308 0.581731 0.315705 0.578526 0.269231
0 0.575321 0.270833 0.573718 0.275641 0.573718 0.278846 0.575321 0.282051 0.581731 0.282051 0.586538 0.280449 0.588141 0.277244 0.588141 0.272436 0.586538 0.269231 0.583333 0.267628 0.560897 0.280449
0 0.557692 0.283654 0.556090 0.286859 0.556090 0.290064 0.557692 0.293269 0.564103 0.293269 0.568910 0.293269 0.568910 0.290064 0.570513 0.285256 0.568910 0.282051 0.565705 0.280449 0.490385 0.318910
0 0.485577 0.320513 0.483974 0.323718 0.483974 0.328526 0.487179 0.330128 0.491987 0.331731 0.498397 0.328526 0.498397 0.326923 0.501603 0.322115 0.498397 0.318910 0.493590 0.317308 0.413462 0.338141
0 0.410256 0.339744 0.407051 0.342949 0.408654 0.347756 0.410256 0.349359 0.416667 0.350962 0.421474 0.347756 0.421474 0.346154 0.423077 0.341346 0.421474 0.338141 0.418269 0.336538 0.495192 0.447115
0 0.491987 0.450321 0.490385 0.453526 0.490385 0.456731 0.491987 0.459936 0.498397 0.459936 0.504808 0.459936 0.506410 0.455128 0.506410 0.450321 0.504808 0.447115 0.501603 0.447115 0.474359 0.445513
0 0.471154 0.448718 0.467949 0.451923 0.469551 0.455128 0.471154 0.458333 0.477564 0.458333 0.482372 0.456731 0.482372 0.455128 0.483974 0.450321 0.482372 0.447115 0.477564 0.445513 0.357372 0.453526
0 0.352564 0.455128 0.350962 0.459936 0.350962 0.463141 0.354167 0.466346 0.358974 0.466346 0.363782 0.464744 0.366987 0.461538 0.366987 0.456731 0.363782 0.453526 0.360577 0.451923 0.384615 0.512821
0 0.381410 0.516026 0.379808 0.519231 0.379808 0.522436 0.383013 0.525641 0.387821 0.525641 0.394231 0.524038 0.395833 0.520833 0.395833 0.516026 0.392628 0.512821 0.389423 0.512821 0.432692 0.490385
0 0.429487 0.491987 0.427885 0.495192 0.427885 0.501603 0.431090 0.503205 0.435897 0.504808 0.440705 0.503205 0.443910 0.498397 0.442308 0.493590 0.440705 0.490385 0.437500 0.488782 0.328526 0.503205
0 0.323718 0.504808 0.322115 0.508013 0.322115 0.512821 0.325321 0.514423 0.330128 0.516026 0.336538 0.512821 0.336538 0.511218 0.338141 0.506410 0.334936 0.503205 0.330128 0.503205 0.307692 0.488782
0 0.306090 0.491987 0.301282 0.496795 0.302885 0.498397 0.306090 0.503205 0.310897 0.503205 0.315705 0.501603 0.318910 0.496795 0.318910 0.491987 0.315705 0.488782 0.312500 0.487179 0.235577 0.453526
0 0.232372 0.455128 0.229167 0.458333 0.230769 0.463141 0.232372 0.464744 0.238782 0.466346 0.243590 0.463141 0.243590 0.461538 0.245192 0.456731 0.243590 0.453526 0.240385 0.451923 0.250000 0.466346
0 0.246795 0.467949 0.245192 0.472756 0.245192 0.475962 0.246795 0.479167 0.253205 0.479167 0.258013 0.479167 0.259615 0.474359 0.259615 0.469551 0.258013 0.466346 0.254808 0.464744 0.330128 0.399038
0 0.326923 0.402244 0.325321 0.403846 0.325321 0.408654 0.326923 0.410256 0.333333 0.411859 0.336538 0.410256 0.339744 0.407051 0.339744 0.402244 0.338141 0.399038 0.334936 0.397436 0.350962 0.386218
0 0.347756 0.387821 0.346154 0.392628 0.346154 0.395833 0.347756 0.399038 0.354167 0.399038 0.358974 0.397436 0.360577 0.394231 0.360577 0.389423 0.358974 0.386218 0.355769 0.384615 0.325321 0.350962
0 0.322115 0.352564 0.320513 0.355769 0.320513 0.360577 0.323718 0.362179 0.328526 0.363782 0.334936 0.360577 0.334936 0.358974 0.336538 0.354167 0.333333 0.350962 0.330128 0.349359 0.253205 0.509615
0 0.251603 0.509615 0.250000 0.512821 0.250000 0.517628 0.253205 0.520833 0.258013 0.520833 0.262821 0.519231 0.266026 0.516026 0.264423 0.511218 0.262821 0.508013 0.258013 0.508013 0.290064 0.503205
0 0.288462 0.504808 0.286859 0.508013 0.286859 0.512821 0.288462 0.514423 0.294872 0.516026 0.299679 0.512821 0.299679 0.511218 0.301282 0.506410 0.299679 0.503205 0.296474 0.501603 0.274038 0.493590
0 0.270833 0.496795 0.267628 0.501603 0.269231 0.504808 0.270833 0.508013 0.277244 0.508013 0.282051 0.506410 0.283654 0.503205 0.283654 0.498397 0.282051 0.495192 0.277244 0.493590 0.344551 0.439103
0 0.341346 0.442308 0.339744 0.445513 0.339744 0.448718 0.342949 0.451923 0.347756 0.451923 0.354167 0.450321 0.355769 0.447115 0.354167 0.443910 0.352564 0.440705 0.349359 0.439103 0.350962 0.403846
0 0.346154 0.405449 0.344551 0.410256 0.344551 0.413462 0.347756 0.416667 0.352564 0.416667 0.357372 0.415064 0.360577 0.411859 0.360577 0.407051 0.358974 0.403846 0.354167 0.402244 0.326923 0.423077
0 0.323718 0.424679 0.320513 0.427885 0.322115 0.432692 0.323718 0.434295 0.330128 0.435897 0.334936 0.432692 0.334936 0.431090 0.336538 0.426282 0.334936 0.423077 0.331731 0.421474 0.334936 0.533654
0 0.331731 0.536859 0.328526 0.540064 0.330128 0.544872 0.331731 0.546474 0.338141 0.548077 0.342949 0.544872 0.342949 0.543269 0.344551 0.538462 0.342949 0.535256 0.338141 0.533654 0.283654 0.554487
0 0.278846 0.556090 0.277244 0.559295 0.277244 0.564103 0.280449 0.565705 0.285256 0.567308 0.291667 0.564103 0.291667 0.562500 0.291667 0.559295 0.291667 0.554487 0.286859 0.552885 0.447115 0.532051
0 0.443910 0.535256 0.440705 0.538462 0.442308 0.541667 0.443910 0.544872 0.450321 0.544872 0.455128 0.543269 0.455128 0.541667 0.456731 0.536859 0.455128 0.533654 0.450321 0.532051 0.448718 0.557692
0 0.445513 0.560897 0.443910 0.564103 0.443910 0.567308 0.445513 0.570513 0.451923 0.570513 0.456731 0.570513 0.456731 0.567308 0.458333 0.562500 0.456731 0.559295 0.453526 0.557692 0.358974 0.625000
0 0.354167 0.626603 0.352564 0.631410 0.352564 0.634615 0.355769 0.637821 0.360577 0.637821 0.365385 0.636218 0.368590 0.633013 0.368590 0.628205 0.365385 0.625000 0.362179 0.623397 0.291667 0.575321
0 0.286859 0.576923 0.285256 0.581731 0.285256 0.584936 0.288462 0.588141 0.293269 0.588141 0.298077 0.586538 0.301282 0.583333 0.301282 0.578526 0.298077 0.575321 0.294872 0.573718 0.479167 0.551282
0 0.475962 0.554487 0.474359 0.557692 0.474359 0.560897 0.477564 0.564103 0.482372 0.564103 0.488782 0.564103 0.488782 0.560897 0.490385 0.556090 0.487179 0.552885 0.483974 0.551282 0.258013 0.589744
0 0.254808 0.592949 0.251603 0.596154 0.253205 0.599359 0.254808 0.602564 0.261218 0.602564 0.266026 0.600962 0.266026 0.599359 0.267628 0.594551 0.266026 0.591346 0.261218 0.589744 0.208333 0.573718
0 0.205128 0.576923 0.203526 0.580128 0.203526 0.583333 0.206731 0.586538 0.211538 0.586538 0.217949 0.584936 0.219551 0.581731 0.217949 0.576923 0.216346 0.573718 0.213141 0.572115 0.168269 0.575321
0 0.165064 0.576923 0.163462 0.581731 0.163462 0.584936 0.165064 0.588141 0.171474 0.588141 0.176282 0.586538 0.177885 0.583333 0.177885 0.578526 0.176282 0.575321 0.173077 0.573718 0.133013 0.580128
0 0.128205 0.581731 0.126603 0.586538 0.126603 0.589744 0.129808 0.592949 0.134615 0.592949 0.141026 0.591346 0.142628 0.588141 0.142628 0.583333 0.141026 0.580128 0.136218 0.578526 0.099359 0.583333
0 0.094551 0.586538 0.092949 0.589744 0.094551 0.594551 0.096154 0.596154 0.102564 0.597756 0.107372 0.594551 0.107372 0.592949 0.108974 0.588141 0.107372 0.584936 0.102564 0.583333 0.131410 0.504808
0 0.129808 0.506410 0.128205 0.509615 0.128205 0.514423 0.129808 0.516026 0.136218 0.517628 0.141026 0.516026 0.141026 0.512821 0.142628 0.508013 0.141026 0.504808 0.137821 0.503205 0.100962 0.493590
0 0.097756 0.496795 0.094551 0.501603 0.096154 0.504808 0.097756 0.508013 0.104167 0.509615 0.108974 0.506410 0.108974 0.504808 0.110577 0.498397 0.108974 0.495192 0.104167 0.493590 0.121795 0.466346
0 0.116987 0.467949 0.115385 0.471154 0.115385 0.475962 0.118590 0.479167 0.123397 0.479167 0.128205 0.477564 0.131410 0.474359 0.131410 0.469551 0.129808 0.466346 0.125000 0.464744 0.139423 0.466346
0 0.136218 0.467949 0.134615 0.471154 0.134615 0.475962 0.137821 0.477564 0.142628 0.479167 0.149038 0.475962 0.150641 0.472756 0.149038 0.469551 0.147436 0.466346 0.144231 0.464744 0.182692 0.395833
0 0.179487 0.399038 0.176282 0.402244 0.177885 0.405449 0.179487 0.408654 0.185897 0.408654 0.190705 0.407051 0.192308 0.403846 0.192308 0.400641 0.190705 0.397436 0.185897 0.395833 0.221154 0.366987
0 0.217949 0.368590 0.214744 0.373397 0.216346 0.376603 0.217949 0.379808 0.224359 0.379808 0.227564 0.378205 0.230769 0.375000 0.230769 0.370192 0.229167 0.366987 0.224359 0.365385 0.293269 0.408654
0 0.290064 0.410256 0.288462 0.415064 0.288462 0.418269 0.291667 0.421474 0.296474 0.421474 0.304487 0.416667 0.304487 0.411859 0.301282 0.408654 0.298077 0.407051 0.128205 0.386218 0.125000 0.387821
0 0.123397 0.392628 0.123397 0.395833 0.125000 0.399038 0.131410 0.399038 0.136218 0.397436 0.137821 0.394231 0.137821 0.389423 0.136218 0.386218 0.133013 0.384615 0.009615 0.535256 0.006410 0.536859
0 0.004808 0.540064 0.004808 0.544872 0.006410 0.546474 0.012821 0.548077 0.019231 0.546474 0.020833 0.543269 0.020833 0.538462 0.019231 0.535256 0.016026 0.533654 0.001603 0.498397 0.003205 0.495192
0 0.003205 0.490385 0.001603 0.487179 0.000000 0.488782 0.004808 0.685897 0.001603 0.687500 0.000000 0.690705 0.000000 0.695513 0.003205 0.697115 0.008013 0.698718 0.014423 0.695513 0.016026 0.692308
0 0.014423 0.689103 0.012821 0.685897 0.009615 0.684295 0.064103 0.665064 0.060897 0.666667 0.059295 0.669872 0.059295 0.676282 0.060897 0.677885 0.067308 0.679487 0.072115 0.674679 0.072115 0.673077
0 0.073718 0.668269 0.072115 0.665064 0.068910 0.663462 0.118590 0.716346 0.113782 0.717949 0.112179 0.722756 0.110577 0.725962 0.115385 0.729167 0.120192 0.729167 0.125000 0.727564 0.128205 0.724359
0 0.128205 0.719551 0.125000 0.716346 0.121795 0.714744 0.160256 0.733974 0.157051 0.737179 0.155449 0.741987 0.155449 0.745192 0.157051 0.748397 0.163462 0.748397 0.168269 0.746795 0.169872 0.743590
0 0.169872 0.737179 0.168269 0.733974 0.165064 0.732372 0.219551 0.725962 0.216346 0.727564 0.214744 0.730769 0.214744 0.735577 0.217949 0.737179 0.222756 0.738782 0.229167 0.735577 0.229167 0.733974
0 0.230769 0.729167 0.227564 0.725962 0.222756 0.725962 0.142628 0.825321 0.139423 0.830128 0.137821 0.833333 0.137821 0.836538 0.139423 0.839744 0.145833 0.839744 0.150641 0.839744 0.152244 0.834936
0 0.152244 0.828526 0.150641 0.825321 0.147436 0.823718 0.072115 0.818910 0.068910 0.822115 0.067308 0.825321 0.067308 0.828526 0.068910 0.831731 0.075321 0.831731 0.080128 0.830128 0.080128 0.828526
0 0.081731 0.823718 0.080128 0.820513 0.076923 0.818910 0.089744 0.804487 0.086538 0.807692 0.083333 0.810897 0.083333 0.814103 0.084936 0.817308 0.092949 0.817308 0.097756 0.815705 0.099359 0.812500
0 0.099359 0.809295 0.097756 0.806090 0.094551 0.804487 0.035256 0.870192 0.030449 0.873397 0.028846 0.876603 0.030449 0.881410 0.032051 0.884615 0.038462 0.883013 0.043269 0.881410 0.043269 0.879808
0 0.044872 0.875000 0.043269 0.871795 0.038462 0.870192 0.078526 0.899038 0.075321 0.900641 0.072115 0.907051 0.073718 0.910256 0.075321 0.913462 0.081731 0.913462 0.086538 0.910256 0.089744 0.907051
0 0.089744 0.902244 0.088141 0.899038 0.083333 0.897436 0.131410 0.891026 0.125000 0.892628 0.123397 0.895833 0.123397 0.900641 0.126603 0.902244 0.131410 0.903846 0.139423 0.900641 0.139423 0.899038
0 0.141026 0.894231 0.139423 0.889423 0.134615 0.887821 0.083333 0.916667 0.080128 0.919872 0.078526 0.923077 0.078526 0.926282 0.081731 0.929487 0.086538 0.929487 0.092949 0.927885 0.096154 0.924679
0 0.094551 0.921474 0.092949 0.918269 0.088141 0.916667 0.193910 0.868590 0.189103 0.870192 0.187500 0.875000 0.187500 0.878205 0.190705 0.881410 0.195513 0.881410 0.200321 0.879808 0.203526 0.876603
0 0.203526 0.871795 0.201923 0.868590 0.197115 0.866987 0.227564 0.791667 0.222756 0.794872 0.221154 0.798077 0.221154 0.801282 0.224359 0.804487 0.229167 0.804487 0.235577 0.802885 0.235577 0.801282
0 0.237179 0.796474 0.235577 0.793269 0.230769 0.791667 0.256410 0.769231 0.253205 0.770833 0.251603 0.775641 0.251603 0.778846 0.253205 0.782051 0.259615 0.782051 0.264423 0.782051 0.266026 0.777244
0 0.266026 0.772436 0.264423 0.769231 0.261218 0.767628 0.256410 0.793269 0.251603 0.796474 0.250000 0.799679 0.250000 0.802885 0.253205 0.806090 0.258013 0.806090 0.264423 0.804487 0.264423 0.802885
0 0.266026 0.798077 0.264423 0.794872 0.259615 0.793269 0.076923 0.842949 0.073718 0.844551 0.070513 0.847756 0.072115 0.854167 0.073718 0.855769 0.080128 0.854167 0.084936 0.852564 0.084936 0.850962
0 0.086538 0.846154 0.084936 0.842949 0.081731 0.841346 0.306090 0.782051 0.302885 0.785256 0.301282 0.788462 0.301282 0.793269 0.302885 0.794872 0.309295 0.794872 0.314103 0.793269 0.314103 0.791667
0 0.315705 0.786859 0.314103 0.783654 0.310897 0.782051 0.298077 0.759615 0.294872 0.761218 0.293269 0.766026 0.293269 0.769231 0.296474 0.772436 0.301282 0.772436 0.307692 0.770833 0.309295 0.767628
0 0.309295 0.762821 0.306090 0.759615 0.302885 0.758013 0.280449 0.756410 0.277244 0.758013 0.275641 0.762821 0.275641 0.766026 0.277244 0.769231 0.283654 0.769231 0.288462 0.769231 0.290064 0.764423
0 0.290064 0.759615 0.288462 0.756410 0.285256 0.754808 0.280449 0.807692 0.277244 0.809295 0.274038 0.812500 0.275641 0.817308 0.277244 0.818910 0.283654 0.818910 0.286859 0.818910 0.290064 0.815705
0 0.290064 0.810897 0.288462 0.807692 0.283654 0.806090 0.314103 0.730769 0.310897 0.732372 0.309295 0.737179 0.309295 0.740385 0.312500 0.743590 0.317308 0.743590 0.323718 0.741987 0.325321 0.738782
0 0.325321 0.733974 0.322115 0.730769 0.318910 0.729167 0.358974 0.740385 0.354167 0.741987 0.352564 0.746795 0.352564 0.750000 0.355769 0.753205 0.360577 0.753205 0.365385 0.751603 0.368590 0.748397
0 0.368590 0.743590 0.365385 0.740385 0.362179 0.738782 0.397436 0.754808 0.394231 0.758013 0.392628 0.761218 0.392628 0.764423 0.394231 0.767628 0.400641 0.767628 0.405449 0.767628 0.405449 0.764423
0 0.407051 0.759615 0.405449 0.756410 0.402244 0.754808 0.407051 0.722756 0.403846 0.725962 0.402244 0.729167 0.402244 0.732372 0.405449 0.735577 0.410256 0.735577 0.416667 0.733974 0.416667 0.732372
0 0.418269 0.727564 0.415064 0.724359 0.411859 0.722756 0.355769 0.717949 0.352564 0.719551 0.349359 0.722756 0.350962 0.727564 0.352564 0.729167 0.358974 0.729167 0.363782 0.727564 0.363782 0.725962
0 0.365385 0.721154 0.363782 0.717949 0.358974 0.716346 0.264423 0.668269 0.261218 0.669872 0.259615 0.674679 0.259615 0.677885 0.262821 0.681090 0.267628 0.681090 0.274038 0.679487 0.275641 0.676282
0 0.274038 0.671474 0.272436 0.668269 0.269231 0.666667 0.540064 0.671474 0.536859 0.673077 0.535256 0.677885 0.535256 0.681090 0.538462 0.684295 0.543269 0.684295 0.549679 0.682692 0.551282 0.679487
0 0.551282 0.674679 0.548077 0.671474 0.544872 0.669872 0.328526 0.834936 0.325321 0.838141 0.323718 0.841346 0.323718 0.846154 0.326923 0.847756 0.331731 0.847756 0.336538 0.847756 0.336538 0.844551
0 0.338141 0.839744 0.336538 0.836538 0.333333 0.834936 0.532051 0.780449 0.528846 0.782051 0.525641 0.785256 0.527244 0.790064 0.528846 0.793269 0.535256 0.793269 0.538462 0.791667 0.541667 0.788462
0 0.541667 0.783654 0.540064 0.780449 0.535256 0.778846 0.480769 0.722756 0.477564 0.725962 0.474359 0.729167 0.475962 0.732372 0.477564 0.735577 0.483974 0.735577 0.488782 0.733974 0.490385 0.730769
0 0.490385 0.727564 0.488782 0.724359 0.483974 0.722756 0.578526 0.685897 0.575321 0.687500 0.573718 0.692308 0.573718 0.695513 0.576923 0.698718 0.581731 0.698718 0.588141 0.697115 0.589744 0.693910
0 0.588141 0.689103 0.586538 0.685897 0.583333 0.684295 0.530449 0.687500 0.527244 0.690705 0.525641 0.693910 0.525641 0.697115 0.528846 0.700321 0.533654 0.700321 0.540064 0.698718 0.541667 0.695513
0 0.540064 0.692308 0.538462 0.689103 0.535256 0.687500 0.532051 0.657051 0.527244 0.660256 0.527244 0.661859 0.527244 0.666667 0.530449 0.668269 0.535256 0.668269 0.540064 0.668269 0.543269 0.665064
0 0.541667 0.660256 0.540064 0.657051 0.536859 0.655449 0.450321 0.633013 0.447115 0.634615 0.443910 0.639423 0.445513 0.642628 0.447115 0.645833 0.453526 0.645833 0.458333 0.644231 0.459936 0.641026
0 0.459936 0.636218 0.458333 0.633013 0.453526 0.631410 0.578526 0.711538 0.573718 0.713141 0.573718 0.716346 0.573718 0.719551 0.576923 0.722756 0.581731 0.722756 0.586538 0.721154 0.589744 0.717949
0 0.588141 0.713141 0.586538 0.709936 0.583333 0.708333 0.312500 0.655449 0.307692 0.658654 0.306090 0.661859 0.306090 0.665064 0.309295 0.668269 0.314103 0.668269 0.320513 0.666667 0.320513 0.665064
0 0.322115 0.660256 0.318910 0.658654 0.315705 0.655449 0.605769 0.735577 0.602564 0.737179 0.600962 0.741987 0.600962 0.745192 0.604167 0.748397 0.608974 0.748397 0.613782 0.746795 0.616987 0.743590
0 0.616987 0.738782 0.613782 0.735577 0.610577 0.733974 0.626603 0.735577 0.623397 0.737179 0.620192 0.740385 0.621795 0.745192 0.623397 0.746795 0.629808 0.746795 0.634615 0.745192 0.634615 0.743590
0 0.636218 0.738782 0.634615 0.735577 0.629808 0.733974 0.594551 0.774038 0.589744 0.774038 0.588141 0.778846 0.588141 0.782051 0.591346 0.785256 0.596154 0.785256 0.602564 0.783654 0.604167 0.780449
0 0.604167 0.775641 0.602564 0.772436 0.597756 0.770833 0.584936 0.761218 0.580128 0.762821 0.578526 0.766026 0.578526 0.770833 0.581731 0.772436 0.586538 0.772436 0.592949 0.770833 0.592949 0.769231
0 0.594551 0.764423 0.591346 0.761218 0.588141 0.759615 0.567308 0.793269 0.564103 0.794872 0.562500 0.798077 0.562500 0.802885 0.564103 0.804487 0.570513 0.804487 0.575321 0.802885 0.575321 0.801282
0 0.576923 0.796474 0.575321 0.793269 0.572115 0.791667 0.524038 0.799679 0.519231 0.801282 0.517628 0.804487 0.517628 0.809295 0.520833 0.810897 0.525641 0.810897 0.532051 0.809295 0.532051 0.807692
0 0.533654 0.802885 0.530449 0.799679 0.527244 0.798077 0.636218 0.693910 0.633013 0.695513 0.629808 0.698718 0.631410 0.703526 0.633013 0.705128 0.637821 0.705128 0.642628 0.705128 0.645833 0.701923
0 0.645833 0.697115 0.644231 0.693910 0.639423 0.692308 0.649038 0.639423 0.645833 0.642628 0.644231 0.645833 0.644231 0.649038 0.645833 0.652244 0.652244 0.652244 0.657051 0.652244 0.658654 0.647436
0 0.658654 0.642628 0.657051 0.639423 0.653846 0.639423 0.637821 0.717949 0.634615 0.719551 0.633013 0.722756 0.633013 0.727564 0.636218 0.729167 0.641026 0.730769 0.647436 0.727564 0.649038 0.724359
0 0.647436 0.721154 0.645833 0.717949 0.642628 0.716346 0.682692 0.729167 0.679487 0.732372 0.677885 0.735577 0.677885 0.738782 0.679487 0.741987 0.685897 0.741987 0.690705 0.741987 0.692308 0.737179
0 0.692308 0.732372 0.690705 0.729167 0.687500 0.729167 0.701923 0.721154 0.698718 0.722756 0.697115 0.725962 0.697115 0.730769 0.700321 0.732372 0.705128 0.733974 0.711538 0.730769 0.711538 0.729167
0 0.713141 0.724359 0.709936 0.721154 0.706731 0.719551 0.714744 0.653846 0.709936 0.657051 0.709936 0.660256 0.709936 0.663462 0.711538 0.666667 0.717949 0.666667 0.722756 0.665064 0.724359 0.661859
0 0.724359 0.657051 0.722756 0.653846 0.719551 0.653846 0.666667 0.658654 0.663462 0.660256 0.661859 0.663462 0.661859 0.668269 0.665064 0.671474 0.669872 0.671474 0.674679 0.669872 0.677885 0.666667
0 0.677885 0.661859 0.674679 0.658654 0.671474 0.657051 0.708333 0.639423 0.705128 0.641026 0.703526 0.645833 0.703526 0.649038 0.705128 0.652244 0.711538 0.652244 0.716346 0.652244 0.717949 0.647436
0 0.717949 0.642628 0.716346 0.639423 0.713141 0.637821 0.793269 0.705128 0.790064 0.708333 0.788462 0.711538 0.788462 0.716346 0.790064 0.717949 0.796474 0.717949 0.802885 0.716346 0.802885 0.714744
0 0.802885 0.709936 0.801282 0.706731 0.798077 0.705128 0.748397 0.701923 0.745192 0.703526 0.743590 0.706731 0.743590 0.711538 0.746795 0.713141 0.751603 0.714744 0.758013 0.711538 0.759615 0.708333
0 0.758013 0.705128 0.756410 0.701923 0.753205 0.700321 0.926282 0.641026 0.923077 0.642628 0.921474 0.645833 0.921474 0.650641 0.923077 0.652244 0.929487 0.653846 0.934295 0.652244 0.935897 0.649038
0 0.935897 0.644231 0.934295 0.641026 0.931090 0.639423 0.923077 0.605769 0.918269 0.608974 0.915064 0.612179 0.916667 0.615385 0.919872 0.618590 0.926282 0.618590 0.931090 0.616987 0.932692 0.613782
0 0.932692 0.610577 0.931090 0.607372 0.926282 0.605769 0.971154 0.628205 0.966346 0.631410 0.964744 0.634615 0.964744 0.637821 0.967949 0.641026 0.975962 0.641026 0.980769 0.639423 0.982372 0.636218
0 0.982372 0.631410 0.979167 0.629808 0.975962 0.628205 0.975962 0.673077 0.971154 0.674679 0.969551 0.677885 0.969551 0.682692 0.972756 0.684295 0.979167 0.685897 0.982372 0.684295 0.985577 0.681090
0 0.985577 0.676282 0.983974 0.673077 0.979167 0.671474 0.951923 0.586538 0.948718 0.589744 0.947115 0.592949 0.947115 0.596154 0.950321 0.599359 0.955128 0.599359 0.961538 0.597756 0.961538 0.596154
0 0.963141 0.591346 0.959936 0.588141 0.956731 0.586538 0.977564 0.530449 0.974359 0.532051 0.972756 0.536859 0.972756 0.540064 0.975962 0.543269 0.980769 0.543269 0.988782 0.541667 0.990385 0.538462
0 0.988782 0.533654 0.987179 0.530449 0.982372 0.528846 0.908654 0.501603 0.905449 0.503205 0.902244 0.508013 0.903846 0.511218 0.905449 0.514423 0.911859 0.514423 0.915064 0.512821 0.918269 0.509615
0 0.918269 0.504808 0.916667 0.501603 0.911859 0.498397 0.842949 0.594551 0.839744 0.596154 0.836538 0.599359 0.838141 0.604167 0.841346 0.605769 0.846154 0.605769 0.852564 0.604167 0.854167 0.600962
0 0.852564 0.597756 0.850962 0.594551 0.847756 0.592949 0.993590 0.516026 0.988782 0.517628 0.987179 0.522436 0.987179 0.525641 0.990385 0.528846 0.996795 0.528846 0.996795 0.514423 0.980769 0.466346
0 0.977564 0.467949 0.975962 0.472756 0.975962 0.475962 0.979167 0.479167 0.983974 0.479167 0.990385 0.477564 0.991987 0.474359 0.991987 0.469551 0.990385 0.466346 0.987179 0.464744 0.762821 0.653846
0 0.759615 0.655449 0.756410 0.658654 0.758013 0.663462 0.759615 0.665064 0.766026 0.666667 0.769231 0.665064 0.772436 0.661859 0.769231 0.658654 0.770833 0.653846 0.766026 0.652244 0.565705 0.700321
0 0.562500 0.701923 0.560897 0.706731 0.560897 0.709936 0.564103 0.713141 0.568910 0.713141 0.573718 0.711538 0.576923 0.708333 0.575321 0.703526 0.573718 0.700321 0.570513 0.698718 0.451923 0.591346
0 0.448718 0.592949 0.445513 0.596154 0.447115 0.600962 0.448718 0.604167 0.455128 0.604167 0.458333 0.602564 0.461538 0.599359 0.461538 0.594551 0.459936 0.591346 0.456731 0.589744 0.405449 0.588141
0 0.402244 0.588141 0.400641 0.591346 0.400641 0.596154 0.402244 0.597756 0.410256 0.594551 0.413462 0.592949 0.415064 0.589744 0.411859 0.588141 0.410256 0.584936 0.597756 0.548077 0.594551 0.549679
0 0.592949 0.552885 0.592949 0.557692 0.596154 0.559295 0.600962 0.559295 0.605769 0.559295 0.605769 0.556090 0.607372 0.551282 0.605769 0.548077 0.602564 0.546474 0.636218 0.506410 0.633013 0.508013
0 0.631410 0.511218 0.631410 0.516026 0.634615 0.517628 0.639423 0.519231 0.644231 0.517628 0.647436 0.514423 0.645833 0.509615 0.644231 0.506410 0.641026 0.504808 0.697115 0.434295 0.692308 0.437500
0 0.690705 0.442308 0.690705 0.445513 0.692308 0.448718 0.697115 0.450321 0.703526 0.448718 0.708333 0.445513 0.709936 0.442308 0.709936 0.437500 0.706731 0.434295 0.701923 0.434295 0.716346 0.389423
0 0.711538 0.392628 0.709936 0.395833 0.709936 0.400641 0.711538 0.403846 0.716346 0.405449 0.722756 0.403846 0.727564 0.400641 0.729167 0.397436 0.729167 0.392628 0.724359 0.389423 0.721154 0.387821
0 0.735577 0.354167 0.730769 0.357372 0.727564 0.360577 0.727564 0.365385 0.730769 0.368590 0.735577 0.370192 0.741987 0.368590 0.746795 0.365385 0.748397 0.362179 0.746795 0.357372 0.743590 0.354167
0 0.740385 0.352564 0.610577 0.464744 0.605769 0.467949 0.602564 0.472756 0.604167 0.475962 0.605769 0.479167 0.610577 0.480769 0.616987 0.479167 0.621795 0.475962 0.623397 0.472756 0.621795 0.467949
0 0.618590 0.464744 0.615385 0.463141 0.778846 0.419872 0.775641 0.421474 0.772436 0.426282 0.772436 0.431090 0.775641 0.434295 0.778846 0.434295 0.785256 0.434295 0.790064 0.429487 0.793269 0.426282
0 0.791667 0.421474 0.788462 0.418269 0.783654 0.418269 0.790064 0.448718 0.785256 0.451923 0.783654 0.456731 0.783654 0.459936 0.785256 0.463141 0.790064 0.464744 0.796474 0.463141 0.801282 0.459936
0 0.802885 0.456731 0.802885 0.451923 0.799679 0.448718 0.794872 0.448718 0.814103 0.453526 0.810897 0.456731 0.807692 0.461538 0.807692 0.464744 0.810897 0.467949 0.814103 0.469551 0.820513 0.467949
0 0.825321 0.464744 0.828526 0.461538 0.818910 0.453526 0.818910 0.482372 0.814103 0.483974 0.812500 0.488782 0.812500 0.493590 0.815705 0.496795 0.818910 0.496795 0.825321 0.496795 0.830128 0.493590
0 0.830128 0.490385 0.831731 0.485577 0.828526 0.482372 0.823718 0.480769 0.862179 0.418269 0.857372 0.421474 0.855769 0.424679 0.855769 0.429487 0.858974 0.432692 0.862179 0.434295 0.868590 0.432692
0 0.873397 0.429487 0.875000 0.426282 0.875000 0.421474 0.871795 0.418269 0.866987 0.416667 0.849359 0.368590 0.846154 0.370192 0.842949 0.375000 0.842949 0.379808 0.846154 0.383013 0.849359 0.383013
0 0.855769 0.383013 0.860577 0.378205 0.862179 0.375000 0.862179 0.370192 0.858974 0.366987 0.854167 0.366987 0.894231 0.378205 0.889423 0.379808 0.886218 0.384615 0.886218 0.389423 0.889423 0.392628
0 0.894231 0.394231 0.900641 0.392628 0.905449 0.389423 0.907051 0.384615 0.905449 0.381410 0.902244 0.378205 0.899038 0.376603 0.945513 0.386218 0.940705 0.387821 0.937500 0.392628 0.937500 0.397436
0 0.940705 0.400641 0.945513 0.402244 0.951923 0.400641 0.956731 0.397436 0.958333 0.394231 0.956731 0.389423 0.953526 0.386218 0.950321 0.384615 0.959936 0.399038 0.955128 0.400641 0.951923 0.405449
0 0.951923 0.410256 0.955128 0.413462 0.959936 0.413462 0.966346 0.413462 0.971154 0.410256 0.972756 0.405449 0.971154 0.402244 0.967949 0.399038 0.964744 0.397436 0.959936 0.354167 0.955128 0.357372
0 0.953526 0.362179 0.953526 0.365385 0.956731 0.368590 0.959936 0.370192 0.966346 0.368590 0.971154 0.365385 0.974359 0.362179 0.974359 0.357372 0.969551 0.354167 0.964744 0.354167 0.985577 0.360577
0 0.980769 0.363782 0.977564 0.368590 0.977564 0.371795 0.980769 0.375000 0.985577 0.376603 0.991987 0.375000 0.996795 0.371795 0.998397 0.368590 0.996795 0.363782 0.993590 0.360577 0.990385 0.360577
0 0.972756 0.427885 0.969551 0.431090 0.966346 0.435897 0.966346 0.439103 0.969551 0.442308 0.972756 0.443910 0.979167 0.442308 0.985577 0.439103 0.987179 0.435897 0.987179 0.431090 0.983974 0.427885
0 0.977564 0.427885 0.831731 0.442308 0.826923 0.443910 0.823718 0.448718 0.823718 0.453526 0.826923 0.456731 0.831731 0.458333 0.838141 0.456731 0.842949 0.453526 0.844551 0.448718 0.842949 0.445513
0 0.839744 0.442308 0.836538 0.440705 0.931090 0.453526 0.924679 0.455128 0.923077 0.459936 0.923077 0.464744 0.924679 0.467949 0.931090 0.469551 0.937500 0.467949 0.942308 0.464744 0.943910 0.461538
0 0.943910 0.456731 0.940705 0.453526 0.935897 0.451923 0.820513 0.397436 0.817308 0.399038 0.814103 0.403846 0.814103 0.408654 0.817308 0.411859 0.820513 0.411859 0.826923 0.411859 0.831731 0.407051
0 0.833333 0.403846 0.833333 0.399038 0.830128 0.395833 0.825321 0.395833 0.812500 0.325321 0.809295 0.328526 0.806090 0.333333 0.806090 0.336538 0.809295 0.339744 0.812500 0.341346 0.818910 0.339744
0 0.825321 0.336538 0.828526 0.333333 0.826923 0.328526 0.823718 0.325321 0.818910 0.325321 0.934295 0.243590 0.929487 0.246795 0.927885 0.251603 0.927885 0.254808 0.931090 0.258013 0.934295 0.259615
0 0.940705 0.258013 0.947115 0.254808 0.948718 0.251603 0.948718 0.246795 0.945513 0.243590 0.940705 0.241987 0.836538 0.206731 0.831731 0.209936 0.830128 0.214744 0.830128 0.217949 0.831731 0.221154
0 0.836538 0.222756 0.842949 0.221154 0.847756 0.217949 0.849359 0.214744 0.849359 0.209936 0.846154 0.206731 0.841346 0.206731 0.642628 0.288462 0.637821 0.291667 0.634615 0.296474 0.636218 0.299679
0 0.637821 0.302885 0.642628 0.304487 0.649038 0.302885 0.653846 0.299679 0.655449 0.296474 0.655449 0.291667 0.650641 0.288462 0.647436 0.288462 0.618590 0.262821 0.613782 0.264423 0.612179 0.269231
0 0.612179 0.274038 0.615385 0.277244 0.618590 0.277244 0.625000 0.277244 0.629808 0.272436 0.631410 0.269231 0.631410 0.264423 0.628205 0.261218 0.623397 0.261218 0.583333 0.399038 0.578526 0.402244
0 0.576923 0.407051 0.576923 0.410256 0.578526 0.413462 0.583333 0.415064 0.589744 0.413462 0.594551 0.410256 0.596154 0.407051 0.596154 0.402244 0.592949 0.399038 0.588141 0.399038 0.562500 0.299679
0 0.557692 0.301282 0.556090 0.306090 0.556090 0.310897 0.557692 0.314103 0.562500 0.315705 0.568910 0.314103 0.573718 0.310897 0.573718 0.307692 0.575321 0.302885 0.572115 0.299679 0.567308 0.298077
0 0.511218 0.326923 0.506410 0.328526 0.504808 0.333333 0.504808 0.338141 0.506410 0.339744 0.511218 0.341346 0.517628 0.339744 0.522436 0.336538 0.524038 0.333333 0.524038 0.328526
0 0.520833 0.325321 0.516026 0.325321 0.450321 0.475962 0.445513 0.477564 0.443910 0.482372 0.443910 0.487179 0.445513 0.490385 0.450321 0.490385 0.456731 0.490385 0.461538 0.485577 0.463141 0.482372
0 0.463141 0.477564 0.459936 0.474359 0.455128 0.474359 0.373397 0.415064 0.368590 0.416667 0.365385 0.421474 0.365385 0.426282 0.368590 0.429487 0.373397 0.431090 0.379808 0.429487 0.384615 0.426282
0 0.386218 0.421474 0.384615 0.418269 0.381410 0.415064 0.378205 0.413462 0.407051 0.413462 0.402244 0.416667 0.399038 0.421474 0.399038 0.424679 0.402244 0.427885 0.407051 0.429487 0.413462 0.427885 0.418269 0.424679
0 0.419872 0.421474 0.418269 0.416667 0.415064 0.413462 0.411859 0.413462 0.307692 0.416667 0.302885 0.418269 0.299679 0.423077 0.299679 0.427885 0.302885 0.431090 0.307692 0.431090 0.314103 0.431090 0.317308 0.426282
0 0.320513 0.423077 0.318910 0.418269 0.315705 0.415064 0.312500 0.415064 0.222756 0.411859 0.217949 0.415064 0.214744 0.419872 0.214744 0.423077 0.217949 0.426282 0.222756 0.427885 0.229167 0.426282 0.233974 0.423077
0 0.235577 0.419872 0.233974 0.415064 0.230769 0.411859 0.227564 0.411859 0.291667 0.480769 0.286859 0.483974 0.283654 0.488782 0.283654 0.491987 0.286859 0.495192 0.291667 0.496795 0.298077 0.495192 0.302885 0.491987
0 0.304487 0.488782 0.302885 0.483974 0.299679 0.480769 0.296474 0.480769 0.365385 0.491987 0.362179 0.493590 0.358974 0.498397 0.358974 0.504808 0.362179 0.508013 0.366987 0.508013 0.371795 0.508013 0.376603 0.503205
0 0.379808 0.498397 0.378205 0.493590 0.375000 0.490385 0.370192 0.490385 0.262821 0.407051 0.258013 0.408654 0.254808 0.413462 0.254808 0.418269 0.258013 0.419872 0.262821 0.421474 0.269231 0.419872 0.272436 0.416667
0 0.275641 0.413462 0.274038 0.408654 0.270833 0.405449 0.267628 0.405449 0.395833 0.533654 0.391026 0.535256 0.387821 0.540064 0.389423 0.544872 0.391026 0.548077 0.395833 0.548077 0.402244 0.548077 0.407051 0.544872
0 0.408654 0.540064 0.407051 0.536859 0.403846 0.533654 0.400641 0.532051 0.225962 0.538462 0.222756 0.540064 0.219551 0.544872 0.219551 0.549679 0.222756 0.552885 0.227564 0.554487 0.232372 0.552885 0.237179 0.549679
0 0.240385 0.544872 0.238782 0.541667 0.235577 0.538462 0.230769 0.536859 0.243590 0.556090 0.240385 0.557692 0.237179 0.562500 0.237179 0.567308 0.240385 0.570513 0.245192 0.572115 0.250000 0.570513 0.254808 0.567308
0 0.258013 0.562500 0.256410 0.559295 0.253205 0.556090 0.248397 0.554487 0.307692 0.589744 0.302885 0.591346 0.299679 0.596154 0.301282 0.600962 0.302885 0.604167 0.307692 0.605769 0.314103 0.604167 0.318910 0.600962
0 0.320513 0.596154 0.318910 0.592949 0.315705 0.589744 0.312500 0.588141 0.304487 0.623397 0.299679 0.626603 0.296474 0.631410 0.296474 0.634615 0.299679 0.637821 0.304487 0.639423 0.310897 0.637821 0.315705 0.634615
0 0.317308 0.631410 0.315705 0.626603 0.312500 0.623397 0.309295 0.623397 0.277244 0.636218 0.272436 0.637821 0.269231 0.642628 0.269231 0.647436 0.272436 0.650641 0.277244 0.652244 0.283654 0.650641 0.286859 0.647436
0 0.290064 0.644231 0.288462 0.639423 0.285256 0.636218 0.282051 0.634615 0.325321 0.641026 0.320513 0.644231 0.318910 0.647436 0.318910 0.652244 0.322115 0.655449 0.325321 0.657051 0.331731 0.655449 0.336538 0.652244
0 0.338141 0.649038 0.338141 0.644231 0.334936 0.641026 0.330128 0.639423 0.338141 0.657051 0.333333 0.658654 0.330128 0.663462 0.330128 0.668269 0.333333 0.671474 0.338141 0.671474 0.344551 0.671474 0.349359 0.666667
0 0.350962 0.663462 0.349359 0.658654 0.346154 0.655449 0.342949 0.655449 0.282051 0.655449 0.277244 0.658654 0.275641 0.663462 0.275641 0.666667 0.278846 0.669872 0.282051 0.671474 0.288462 0.669872 0.293269 0.666667
0 0.294872 0.663462 0.294872 0.658654 0.291667 0.655449 0.286859 0.653846 0.248397 0.682692 0.245192 0.685897 0.241987 0.690705 0.241987 0.693910 0.245192 0.697115 0.248397 0.698718 0.254808 0.697115 0.259615 0.693910
0 0.261218 0.690705 0.261218 0.685897 0.258013 0.682692 0.253205 0.682692 0.443910 0.660256 0.439103 0.661859 0.435897 0.666667 0.437500 0.671474 0.439103 0.674679 0.443910 0.674679 0.450321 0.674679 0.455128 0.671474
0 0.455128 0.668269 0.456731 0.663462 0.451923 0.660256 0.448718 0.658654 0.407051 0.570513 0.402244 0.572115 0.400641 0.576923 0.400641 0.581731 0.403846 0.584936 0.407051 0.584936 0.413462 0.584936 0.418269 0.580128
0 0.419872 0.576923 0.419872 0.572115 0.416667 0.568910 0.411859 0.568910 0.508013 0.530449 0.503205 0.533654 0.498397 0.538462 0.501603 0.543269 0.503205 0.544872 0.508013 0.546474 0.514423 0.544872 0.519231 0.541667
0 0.520833 0.538462 0.520833 0.533654 0.516026 0.530449 0.512821 0.530449 0.559295 0.525641 0.554487 0.527244 0.552885 0.532051 0.552885 0.536859 0.556090 0.540064 0.559295 0.540064 0.564103 0.541667 0.570513 0.536859
0 0.572115 0.533654 0.572115 0.528846 0.568910 0.525641 0.564103 0.524038 0.525641 0.495192 0.520833 0.496795 0.517628 0.503205 0.517628 0.508013 0.520833 0.511218 0.525641 0.511218 0.532051 0.511218 0.536859 0.506410
0 0.538462 0.503205 0.536859 0.496795 0.533654 0.493590 0.530449 0.493590 0.663462 0.543269 0.658654 0.546474 0.657051 0.551282 0.657051 0.556090 0.660256 0.557692 0.663462 0.559295 0.669872 0.557692 0.674679 0.554487
0 0.676282 0.551282 0.676282 0.546474 0.673077 0.543269 0.668269 0.543269 0.716346 0.572115 0.711538 0.573718 0.709936 0.578526 0.709936 0.583333 0.711538 0.586538 0.716346 0.588141 0.722756 0.586538 0.727564 0.583333
0 0.727564 0.580128 0.729167 0.575321 0.725962 0.572115 0.721154 0.570513 0.729167 0.522436 0.724359 0.524038 0.721154 0.528846 0.721154 0.533654 0.724359 0.536859 0.729167 0.536859 0.735577 0.536859 0.738782 0.532051
0 0.741987 0.528846 0.740385 0.524038 0.737179 0.520833 0.733974 0.520833 0.554487 0.445513 0.549679 0.447115 0.546474 0.451923 0.548077 0.456731 0.549679 0.459936 0.554487 0.459936 0.560897 0.459936 0.565705 0.456731
0 0.567308 0.451923 0.565705 0.448718 0.562500 0.445513 0.559295 0.443910 0.575321 0.527244 0.570513 0.530449 0.567308 0.535256 0.567308 0.538462 0.570513 0.541667 0.575321 0.543269 0.581731 0.541667 0.586538 0.538462
0 0.588141 0.535256 0.586538 0.530449 0.583333 0.527244 0.580128 0.527244 0.868590 0.522436 0.863782 0.524038 0.860577 0.528846 0.860577 0.533654 0.863782 0.536859 0.868590 0.538462 0.875000 0.536859 0.879808 0.533654
0 0.881410 0.528846 0.879808 0.525641 0.876603 0.522436 0.873397 0.520833 0.897436 0.517628 0.892628 0.519231 0.889423 0.524038 0.889423 0.528846 0.892628 0.530449 0.897436 0.532051 0.903846 0.530449 0.908654 0.527244
0 0.910256 0.524038 0.908654 0.519231 0.905449 0.516026 0.902244 0.516026 0.937500 0.524038 0.932692 0.525641 0.931090 0.530449 0.931090 0.535256 0.934295 0.538462 0.937500 0.538462 0.943910 0.538462 0.948718 0.533654
0 0.950321 0.530449 0.950321 0.525641 0.947115 0.522436 0.942308 0.522436 0.932692 0.493590 0.926282 0.496795 0.923077 0.503205 0.923077 0.506410 0.926282 0.509615 0.932692 0.511218 0.939103 0.509615 0.943910 0.506410
0 0.945513 0.503205 0.943910 0.496795 0.940705 0.493590 0.937500 0.493590 0.961538 0.496795 0.956731 0.501603 0.953526 0.506410 0.953526 0.509615 0.956731 0.512821 0.961538 0.514423 0.967949 0.512821 0.971154 0.509615
0 0.974359 0.506410 0.972756 0.501603 0.969551 0.496795 0.966346 0.496795 0.943910 0.559295 0.939103 0.562500 0.935897 0.565705 0.935897 0.570513 0.939103 0.573718 0.943910 0.575321 0.950321 0.573718 0.953526 0.572115
0 0.955128 0.567308 0.955128 0.562500 0.951923 0.559295 0.948718 0.557692 0.804487 0.602564 0.799679 0.604167 0.796474 0.608974 0.798077 0.613782 0.799679 0.616987 0.804487 0.618590 0.810897 0.616987 0.815705 0.613782
0 0.817308 0.610577 0.815705 0.605769 0.812500 0.602564 0.809295 0.600962 0.838141 0.575321 0.833333 0.578526 0.830128 0.583333 0.830128 0.588141 0.833333 0.589744 0.838141 0.591346 0.846154 0.589744 0.849359 0.588141
0 0.850962 0.583333 0.850962 0.578526 0.847756 0.575321 0.844551 0.575321 0.812500 0.565705 0.807692 0.567308 0.804487 0.572115 0.804487 0.576923 0.807692 0.580128 0.812500 0.580128 0.818910 0.580128 0.823718 0.576923
0 0.822115 0.573718 0.823718 0.568910 0.820513 0.565705 0.817308 0.564103 0.722756 0.464744 0.717949 0.466346 0.714744 0.471154 0.714744 0.475962 0.717949 0.479167 0.722756 0.479167 0.729167 0.479167 0.732372 0.475962
0 0.732372 0.472756 0.733974 0.467949 0.730769 0.463141 0.727564 0.463141 0.892628 0.559295 0.891026 0.560897 0.887821 0.564103 0.887821 0.568910 0.891026 0.572115 0.895833 0.573718 0.900641 0.572115 0.905449 0.568910
0 0.907051 0.565705 0.907051 0.560897 0.903846 0.557692 0.899038 0.556090 0.826923 0.692308 0.822115 0.693910 0.818910 0.698718 0.818910 0.703526 0.822115 0.706731 0.826923 0.706731 0.833333 0.706731 0.838141 0.701923
0 0.839744 0.698718 0.838141 0.693910 0.834936 0.690705 0.831731 0.690705 0.918269 0.687500 0.913462 0.690705 0.910256 0.695513 0.910256 0.698718 0.913462 0.701923 0.918269 0.703526 0.924679 0.701923 0.929487 0.698718
0 0.931090 0.695513 0.929487 0.690705 0.926282 0.687500 0.923077 0.687500 0.785256 0.663462 0.780449 0.665064 0.777244 0.669872 0.778846 0.674679 0.780449 0.677885 0.785256 0.679487 0.791667 0.677885 0.796474 0.674679
0 0.798077 0.671474 0.796474 0.666667 0.793269 0.663462 0.790064 0.661859 0.774038 0.717949 0.769231 0.721154 0.767628 0.724359 0.767628 0.727564 0.770833 0.730769 0.777244 0.730769 0.782051 0.729167 0.782051 0.727564
0 0.783654 0.722756 0.780449 0.719551 0.777244 0.717949 0.873397 0.559295 0.870192 0.562500 0.868590 0.565705 0.868590 0.568910 0.870192 0.572115 0.876603 0.572115 0.881410 0.570513 0.883013 0.567308 0.883013 0.564103
0 0.881410 0.560897 0.878205 0.559295 0.964744 0.650641 0.959936 0.652244 0.956731 0.657051 0.956731 0.663462 0.959936 0.666667 0.964744 0.666667 0.972756 0.666667 0.975962 0.661859 0.977564 0.658654 0.977564 0.653846
0 0.974359 0.649038 0.971154 0.649038 0.740385 0.650641 0.735577 0.652244 0.732372 0.657051 0.732372 0.661859 0.735577 0.665064 0.740385 0.665064 0.746795 0.665064 0.751603 0.660256 0.753205 0.657051 0.751603 0.652244
0 0.748397 0.649038 0.745192 0.649038 0.713141 0.701923 0.708333 0.703526 0.706731 0.708333 0.706731 0.713141 0.708333 0.716346 0.713141 0.717949 0.719551 0.716346 0.724359 0.713141 0.725962 0.708333 0.724359 0.705128
0 0.722756 0.701923 0.717949 0.700321 0.740385 0.629808 0.735577 0.631410 0.733974 0.636218 0.733974 0.641026 0.735577 0.644231 0.740385 0.644231 0.746795 0.644231 0.751603 0.639423 0.753205 0.636218 0.751603 0.631410
0 0.750000 0.628205 0.745192 0.628205 0.652244 0.677885 0.647436 0.679487 0.644231 0.684295 0.644231 0.689103 0.647436 0.692308 0.652244 0.693910 0.658654 0.692308 0.663462 0.689103 0.665064 0.685897 0.663462 0.681090
0 0.660256 0.677885 0.657051 0.676282 0.568910 0.743590 0.565705 0.746795 0.562500 0.751603 0.562500 0.754808 0.565705 0.758013 0.568910 0.759615 0.575321 0.758013 0.580128 0.754808 0.581731 0.751603 0.581731 0.746795
0 0.578526 0.743590 0.573718 0.743590 0.745192 0.592949 0.740385 0.594551 0.737179 0.599359 0.737179 0.604167 0.740385 0.607372 0.745192 0.608974 0.751603 0.607372 0.754808 0.604167 0.754808 0.600962 0.756410 0.596154
0 0.753205 0.592949 0.750000 0.591346 0.625000 0.637821 0.620192 0.641026 0.618590 0.645833 0.618590 0.649038 0.621795 0.652244 0.625000 0.653846 0.631410 0.652244 0.636218 0.649038 0.637821 0.645833 0.637821 0.641026
0 0.634615 0.637821 0.629808 0.637821 0.660256 0.738782 0.655449 0.741987 0.653846 0.745192 0.653846 0.750000 0.657051 0.753205 0.660256 0.754808 0.666667 0.753205 0.671474 0.750000 0.673077 0.746795 0.673077 0.741987
0 0.669872 0.738782 0.665064 0.737179 0.512821 0.764423 0.508013 0.766026 0.504808 0.770833 0.504808 0.775641 0.508013 0.778846 0.512821 0.780449 0.519231 0.778846 0.524038 0.775641 0.522436 0.772436 0.524038 0.767628
0 0.520833 0.764423 0.517628 0.762821 0.461538 0.703526 0.456731 0.705128 0.453526 0.708333 0.453526 0.713141 0.456731 0.716346 0.461538 0.717949 0.467949 0.716346 0.471154 0.714744 0.472756 0.709936 0.472756 0.705128
0 0.469551 0.701923 0.466346 0.700321 0.453526 0.685897 0.450321 0.687500 0.447115 0.692308 0.447115 0.697115 0.450321 0.700321 0.455128 0.701923 0.459936 0.700321 0.464744 0.697115 0.466346 0.693910 0.466346 0.689103
0 0.463141 0.685897 0.458333 0.684295 0.496795 0.682692 0.493590 0.684295 0.490385 0.689103 0.490385 0.693910 0.493590 0.697115 0.496795 0.697115 0.504808 0.697115 0.509615 0.693910 0.509615 0.690705 0.511218 0.685897
0 0.508013 0.682692 0.503205 0.681090 0.657051 0.583333 0.658654 0.591346 0.663462 0.596154 0.671474 0.596154 0.679487 0.594551 0.684295 0.589744 0.687500 0.584936 0.685897 0.578526 0.681090 0.575321 0.676282 0.572115
0 0.669872 0.572115 0.661859 0.576923 0.621795 0.616987 0.623397 0.626603 0.628205 0.629808 0.636218 0.631410 0.644231 0.628205 0.649038 0.623397 0.652244 0.618590 0.650641 0.612179 0.645833 0.608974 0.641026 0.607372
0 0.634615 0.607372 0.626603 0.610577 0.588141 0.625000 0.589744 0.634615 0.594551 0.639423 0.602564 0.639423 0.610577 0.636218 0.615385 0.633013 0.618590 0.628205 0.616987 0.621795 0.612179 0.616987 0.607372 0.615385
0 0.600962 0.615385 0.592949 0.620192 0.581731 0.578526 0.583333 0.586538 0.588141 0.591346 0.596154 0.591346 0.604167 0.589744 0.608974 0.584936 0.612179 0.580128 0.610577 0.573718 0.605769 0.568910 0.602564 0.567308
0 0.594551 0.567308 0.586538 0.572115 0.858974 0.495192 0.858974 0.506410 0.865385 0.509615 0.873397 0.511218 0.881410 0.508013 0.886218 0.503205 0.889423 0.496795 0.887821 0.490385 0.883013 0.487179 0.878205 0.485577
0 0.871795 0.485577 0.863782 0.490385 0.842949 0.689103 0.842949 0.697115 0.849359 0.701923 0.857372 0.701923 0.865385 0.700321 0.870192 0.695513 0.873397 0.690705 0.871795 0.684295 0.866987 0.679487 0.862179 0.677885
0 0.855769 0.677885 0.847756 0.682692 0.495192 0.708333 0.496795 0.717949 0.503205 0.722756 0.511218 0.722756 0.519231 0.719551 0.524038 0.716346 0.527244 0.711538 0.525641 0.705128 0.520833 0.700321 0.516026 0.698718
0 0.509615 0.698718 0.501603 0.703526 0.480769 0.790064 0.480769 0.799679 0.487179 0.802885 0.493590 0.804487 0.504808 0.801282 0.509615 0.796474 0.512821 0.791667 0.511218 0.785256 0.506410 0.782051 0.501603 0.780449
0 0.493590 0.780449 0.485577 0.783654 0.238782 0.711538 0.238782 0.719551 0.243590 0.724359 0.245192 0.724359 0.251603 0.724359 0.259615 0.721154 0.264423 0.717949 0.267628 0.713141 0.266026 0.706731 0.261218 0.701923
0 0.258013 0.700321 0.251603 0.701923 0.243590 0.705128 0.407051 0.705128 0.407051 0.714744 0.413462 0.719551 0.419872 0.719551 0.429487 0.716346 0.434295 0.713141 0.435897 0.708333 0.435897 0.701923 0.431090 0.697115
0 0.426282 0.695513 0.418269 0.695513 0.411859 0.700321 0.355769 0.544872 0.355769 0.554487 0.362179 0.557692 0.370192 0.557692 0.378205 0.556090 0.383013 0.551282 0.386218 0.546474 0.384615 0.540064 0.379808 0.536859
0 0.375000 0.535256 0.368590 0.535256 0.360577 0.538462 0.509615 0.464744 0.509615 0.472756 0.514423 0.477564 0.522436 0.477564 0.530449 0.475962 0.536859 0.471154 0.538462 0.466346 0.538462 0.459936 0.533654 0.456731
0 0.528846 0.453526 0.520833 0.453526 0.512821 0.458333 0.482372 0.491987 0.482372 0.501603 0.488782 0.508013 0.498397 0.508013 0.504808 0.504808 0.509615 0.501603 0.514423 0.495192 0.512821 0.488782 0.508013 0.483974
0 0.501603 0.482372 0.495192 0.482372 0.487179 0.487179 0.483974 0.567308 0.483974 0.576923 0.488782 0.580128 0.496795 0.580128 0.506410 0.578526 0.512821 0.573718 0.514423 0.568910 0.514423 0.562500 0.509615 0.559295
0 0.504808 0.557692 0.495192 0.557692 0.487179 0.560897 0.197115 0.818910 0.198718 0.828526 0.203526 0.831731 0.211538 0.831731 0.219551 0.830128 0.225962 0.825321 0.225962 0.822115 0.225962 0.814103 0.222756 0.810897
0 0.217949 0.809295 0.209936 0.809295 0.201923 0.812500 0.088141 0.875000 0.088141 0.884615 0.094551 0.889423 0.100962 0.889423 0.110577 0.886218 0.115385 0.883013 0.120192 0.876603 0.118590 0.870192
0 0.113782 0.865385 0.107372 0.863782 0.100962 0.863782 0.092949 0.870192 0.003205 0.886218 0.011218 0.883013 0.017628 0.879808 0.019231 0.875000 0.017628 0.866987 0.014423 0.862179 0.009615 0.860577
0 0.001603 0.860577 0.000000 0.584936 0.000000 0.594551 0.006410 0.599359 0.012821 0.599359 0.024038 0.596154 0.028846 0.592949 0.032051 0.588141 0.030449 0.580128 0.025641 0.576923 0.020833 0.575321
0 0.012821 0.575321 0.004808 0.580128 0.056090 0.568910 0.056090 0.578526 0.062500 0.583333 0.068910 0.583333 0.080128 0.580128 0.084936 0.576923 0.088141 0.572115 0.086538 0.565705 0.081731 0.560897
0 0.076923 0.559295 0.068910 0.559295 0.060897 0.564103 0.145833 0.556090 0.145833 0.564103 0.152244 0.568910 0.160256 0.568910 0.169872 0.567308 0.174679 0.562500 0.176282 0.557692 0.176282 0.551282
0 0.171474 0.546474 0.166667 0.544872 0.160256 0.544872 0.150641 0.549679 0.184295 0.540064 0.184295 0.548077 0.190705 0.552885 0.197115 0.552885 0.206731 0.551282 0.211538 0.546474 0.213141 0.541667
0 0.213141 0.535256 0.208333 0.530449 0.203526 0.528846 0.195513 0.528846 0.189103 0.533654 0.232372 0.493590 0.232372 0.504808 0.238782 0.509615 0.246795 0.509615 0.254808 0.506410 0.259615 0.503205 0.262821 0.496795
0 0.261218 0.490385 0.256410 0.485577 0.251603 0.483974 0.245192 0.483974 0.237179 0.488782 0.149038 0.530449 0.149038 0.540064 0.157051 0.544872 0.165064 0.544872 0.173077 0.541667 0.177885 0.538462 0.181090 0.533654
0 0.179487 0.527244 0.174679 0.522436 0.169872 0.520833 0.163462 0.520833 0.155449 0.525641 0.024038 0.421474 0.024038 0.431090 0.030449 0.434295 0.036859 0.434295 0.046474 0.432692 0.051282 0.427885 0.054487 0.423077
0 0.052885 0.416667 0.048077 0.413462 0.043269 0.411859 0.036859 0.411859 0.028846 0.415064 0.092949 0.418269 0.094551 0.427885 0.099359 0.432692 0.107372 0.432692 0.115385 0.429487 0.120192 0.426282 0.123397 0.421474
0 0.121795 0.415064 0.116987 0.410256 0.112179 0.408654 0.105769 0.408654 0.097756 0.413462 0.320513 0.469551 0.320513 0.477564 0.326923 0.482372 0.333333 0.482372 0.342949 0.480769 0.347756 0.475962 0.349359 0.471154
0 0.349359 0.464744 0.344551 0.459936 0.339744 0.458333 0.331731 0.458333 0.325321 0.463141 0.179487 0.378205 0.179487 0.387821 0.185897 0.391026 0.192308 0.391026 0.201923 0.389423 0.206731 0.384615 0.209936 0.379808
0 0.208333 0.373397 0.203526 0.370192 0.198718 0.368590 0.192308 0.368590 0.184295 0.371795 0.517628 0.410256 0.517628 0.419872 0.524038 0.424679 0.532051 0.424679 0.540064 0.421474 0.544872 0.418269 0.548077 0.413462
0 0.546474 0.407051 0.541667 0.402244 0.536859 0.400641 0.530449 0.400641 0.522436 0.405449 0.455128 0.419872 0.456731 0.429487 0.461538 0.434295 0.469551 0.434295 0.477564 0.431090 0.482372 0.427885 0.485577 0.423077
0 0.483974 0.416667 0.479167 0.411859 0.474359 0.410256 0.467949 0.410256 0.459936 0.415064 0.451923 0.309295 0.451923 0.317308 0.458333 0.322115 0.464744 0.322115 0.474359 0.320513 0.479167 0.315705 0.480769 0.310897
0 0.480769 0.304487 0.475962 0.299679 0.471154 0.298077 0.464744 0.298077 0.456731 0.302885 0.346154 0.336538 0.346154 0.344551 0.350962 0.349359 0.358974 0.349359 0.366987 0.347756 0.373397 0.342949 0.375000 0.338141
0 0.375000 0.331731 0.370192 0.326923 0.365385 0.325321 0.357372 0.325321 0.349359 0.330128 0.661859 0.346154 0.661859 0.355769 0.668269 0.360577 0.676282 0.360577 0.684295 0.357372 0.689103 0.354167 0.692308 0.349359
0 0.690705 0.342949 0.685897 0.338141 0.681090 0.336538 0.674679 0.336538 0.666667 0.341346 0.634615 0.363782 0.634615 0.371795 0.641026 0.376603 0.647436 0.376603 0.657051 0.375000 0.661859 0.370192 0.663462 0.365385
0 0.663462 0.358974 0.658654 0.354167 0.653846 0.352564 0.645833 0.352564 0.639423 0.357372 0.671474 0.285256 0.673077 0.293269 0.677885 0.298077 0.685897 0.298077 0.693910 0.296474 0.698718 0.291667 0.701923 0.286859
0 0.700321 0.280449 0.693910 0.277244 0.689103 0.275641 0.684295 0.274038 0.676282 0.278846 0.842949 0.312500 0.842949 0.322115 0.847756 0.325321 0.855769 0.325321 0.863782 0.323718 0.870192 0.318910 0.871795 0.314103
0 0.871795 0.307692 0.866987 0.304487 0.862179 0.302885 0.854167 0.302885 0.846154 0.306090 0.860577 0.235577 0.860577 0.245192 0.865385 0.250000 0.873397 0.250000 0.883013 0.246795 0.889423 0.243590 0.891026 0.238782
0 0.889423 0.232372 0.886218 0.227564 0.881410 0.227564 0.871795 0.227564 0.863782 0.230769 0.866987 0.209936 0.865385 0.219551 0.873397 0.222756 0.879808 0.224359 0.889423 0.221154 0.894231 0.216346 0.895833 0.211538
0 0.895833 0.205128 0.891026 0.201923 0.886218 0.200321 0.878205 0.200321 0.871795 0.203526 0.743590 0.536859 0.743590 0.546474 0.750000 0.551282 0.756410 0.551282 0.766026 0.548077 0.770833 0.544872 0.774038 0.540064
0 0.772436 0.533654 0.767628 0.528846 0.762821 0.527244 0.756410 0.527244 0.748397 0.532051 0.671474 0.711538 0.671474 0.721154 0.677885 0.724359 0.684295 0.724359 0.693910 0.722756 0.698718 0.717949 0.700321 0.713141
0 0.700321 0.706731 0.695513 0.703526 0.690705 0.701923 0.682692 0.701923 0.676282 0.705128 0.517628 0.618590 0.519231 0.628205 0.524038 0.631410 0.532051 0.633013 0.540064 0.629808 0.546474 0.625000 0.548077 0.620192
0 0.546474 0.613782 0.543269 0.610577 0.538462 0.608974 0.530449 0.608974 0.522436 0.613782 0.524038 0.543269 0.530449 0.556090 0.538462 0.556090 0.546474 0.554487 0.551282 0.549679 0.554487 0.544872 0.552885 0.538462
0 0.548077 0.533654 0.543269 0.532051 0.536859 0.532051 0.528846 0.536859 0.572115 0.511218 0.572115 0.519231 0.578526 0.524038 0.586538 0.524038 0.594551 0.522436 0.599359 0.517628 0.602564 0.512821 0.600962 0.506410
0 0.596154 0.501603 0.591346 0.498397 0.584936 0.498397 0.576923 0.504808 0.203526 0.705128 0.203526 0.713141 0.206731 0.719551 0.214744 0.722756 0.224359 0.721154 0.230769 0.719551 0.237179 0.713141 0.240385 0.706731 0.238782 0.700321
0 0.235577 0.695513 0.227564 0.693910 0.219551 0.693910 0.208333 0.698718 0.323718 0.588141 0.323718 0.596154 0.326923 0.602564 0.334936 0.605769 0.344551 0.604167 0.350962 0.602564 0.357372 0.596154 0.360577 0.589744
0 0.358974 0.583333 0.355769 0.578526 0.347756 0.576923 0.339744 0.576923 0.328526 0.581731 0.317308 0.389423 0.312500 0.391026 0.310897 0.395833 0.310897 0.399038 0.314103 0.402244 0.318910 0.402244 0.323718 0.400641
0 0.326923 0.397436 0.326923 0.392628 0.325321 0.389423 0.320513 0.387821 0.266026 0.381410 0.261218 0.383013 0.259615 0.387821 0.259615 0.392628 0.262821 0.395833 0.266026 0.397436 0.272436 0.395833 0.277244 0.392628
0 0.277244 0.389423 0.278846 0.384615 0.275641 0.381410 0.270833 0.379808 0.110577 0.453526 0.110577 0.458333 0.112179 0.461538 0.115385 0.463141 0.120192 0.463141 0.128205 0.459936 0.131410 0.456731 0.133013 0.451923
0 0.131410 0.448718 0.128205 0.445513 0.123397 0.443910 0.118590 0.445513 0.113782 0.448718 0.059295 0.495192 0.059295 0.501603 0.060897 0.504808 0.064103 0.506410 0.070513 0.506410 0.078526 0.504808 0.081731 0.501603
0 0.081731 0.495192 0.081731 0.490385 0.078526 0.487179 0.073718 0.485577 0.067308 0.487179 0.060897 0.490385 0.115385 0.490385 0.116987 0.495192 0.118590 0.498397 0.121795 0.501603 0.126603 0.501603 0.133013 0.498397
0 0.136218 0.495192 0.137821 0.490385 0.136218 0.485577 0.134615 0.482372 0.129808 0.480769 0.125000 0.482372 0.118590 0.485577 0.089744 0.538462 0.091346 0.543269 0.092949 0.544872 0.094551 0.548077 0.100962 0.548077
0 0.107372 0.544872 0.110577 0.541667 0.112179 0.536859 0.110577 0.532051 0.107372 0.530449 0.104167 0.528846 0.099359 0.528846 0.092949 0.533654 0.046474 0.543269 0.046474 0.548077 0.049679 0.551282 0.051282 0.552885
0 0.056090 0.552885 0.064103 0.549679 0.067308 0.546474 0.068910 0.541667 0.067308 0.538462 0.064103 0.535256 0.060897 0.533654 0.054487 0.535256 0.049679 0.538462 0.070513 0.442308 0.073718 0.447115 0.075321 0.450321
0 0.078526 0.451923 0.083333 0.451923 0.089744 0.448718 0.092949 0.445513 0.094551 0.440705 0.092949 0.437500 0.091346 0.434295 0.086538 0.432692 0.081731 0.434295 0.075321 0.437500 0.009615 0.445513 0.009615 0.450321
0 0.011218 0.451923 0.014423 0.455128 0.020833 0.455128 0.028846 0.451923 0.032051 0.448718 0.032051 0.443910 0.032051 0.439103 0.028846 0.435897 0.024038 0.435897 0.019231 0.435897 0.012821 0.440705 0.001603 0.522436
0 0.009615 0.520833 0.012821 0.517628 0.012821 0.512821 0.012821 0.508013 0.009615 0.504808 0.004808 0.503205 0.000000 0.504808 0.089744 0.469551 0.089744 0.474359 0.092949 0.477564 0.094551 0.479167 0.099359 0.479167
0 0.107372 0.475962 0.110577 0.472756 0.112179 0.467949 0.110577 0.464744 0.107372 0.461538 0.104167 0.459936 0.097756 0.459936 0.092949 0.464744 0.064103 0.596154 0.065705 0.599359 0.067308 0.602564 0.070513 0.604167
0 0.075321 0.604167 0.083333 0.602564 0.086538 0.599359 0.088141 0.594551 0.086538 0.589744 0.084936 0.586538 0.080128 0.586538 0.073718 0.586538 0.067308 0.589744 0.040064 0.613782 0.040064 0.618590 0.041667 0.621795
0 0.044872 0.623397 0.049679 0.623397 0.057692 0.621795 0.060897 0.616987 0.062500 0.612179 0.060897 0.608974 0.057692 0.605769 0.052885 0.604167 0.048077 0.605769 0.043269 0.608974 0.017628 0.629808 0.017628 0.634615
0 0.019231 0.637821 0.022436 0.639423 0.027244 0.639423 0.036859 0.637821 0.038462 0.634615 0.040064 0.629808 0.040064 0.625000 0.036859 0.621795 0.032051 0.620192 0.027244 0.621795 0.020833 0.625000 0.059295 0.692308
0 0.059295 0.697115 0.062500 0.700321 0.064103 0.701923 0.070513 0.701923 0.076923 0.698718 0.080128 0.695513 0.081731 0.690705 0.080128 0.687500 0.076923 0.682692 0.073718 0.681090 0.068910 0.684295 0.062500 0.687500
0 0.012821 0.737179 0.012821 0.741987 0.016026 0.745192 0.017628 0.746795 0.022436 0.746795 0.030449 0.745192 0.033654 0.740385 0.035256 0.735577 0.033654 0.732372 0.030449 0.729167 0.027244 0.727564 0.020833 0.729167
0 0.016026 0.732372 0.187500 0.608974 0.189103 0.613782 0.190705 0.616987 0.193910 0.618590 0.198718 0.618590 0.206731 0.616987 0.209936 0.612179 0.209936 0.607372 0.208333 0.604167 0.206731 0.600962 0.201923 0.599359
0 0.197115 0.600962 0.190705 0.604167 0.225962 0.583333 0.225962 0.588141 0.227564 0.589744 0.230769 0.592949 0.235577 0.591346 0.243590 0.589744 0.246795 0.586538 0.246795 0.581731 0.246795 0.576923 0.243590 0.573718
0 0.238782 0.573718 0.233974 0.573718 0.227564 0.578526 0.118590 0.700321 0.118590 0.705128 0.121795 0.708333 0.123397 0.709936 0.128205 0.709936 0.136218 0.706731 0.139423 0.703526 0.141026 0.698718 0.139423 0.695513
0 0.136218 0.692308 0.133013 0.690705 0.126603 0.692308 0.121795 0.695513 0.217949 0.679487 0.217949 0.684295 0.219551 0.687500 0.222756 0.689103 0.227564 0.689103 0.235577 0.687500 0.238782 0.684295 0.238782 0.679487
0 0.238782 0.674679 0.235577 0.671474 0.230769 0.671474 0.225962 0.671474 0.221154 0.674679 0.120192 0.769231 0.120192 0.774038 0.121795 0.775641 0.125000 0.778846 0.129808 0.777244 0.139423 0.775641 0.142628 0.772436
0 0.142628 0.767628 0.142628 0.762821 0.139423 0.759615 0.134615 0.759615 0.129808 0.759615 0.121795 0.764423 0.165064 0.783654 0.166667 0.788462 0.168269 0.790064 0.171474 0.793269 0.176282 0.791667 0.182692 0.790064
0 0.185897 0.786859 0.187500 0.782051 0.185897 0.777244 0.184295 0.774038 0.179487 0.774038 0.174679 0.774038 0.168269 0.778846 0.222756 0.759615 0.222756 0.762821 0.225962 0.766026 0.227564 0.767628 0.233974 0.767628
0 0.240385 0.766026 0.243590 0.762821 0.245192 0.758013 0.243590 0.753205 0.240385 0.750000 0.237179 0.750000 0.232372 0.750000 0.225962 0.754808 0.334936 0.770833 0.334936 0.775641 0.336538 0.778846 0.339744 0.780449
0 0.344551 0.780449 0.352564 0.777244 0.355769 0.774038 0.355769 0.769231 0.355769 0.764423 0.352564 0.762821 0.347756 0.761218 0.342949 0.762821 0.336538 0.767628 0.320513 0.756410 0.322115 0.761218 0.323718 0.762821
0 0.326923 0.766026 0.331731 0.766026 0.338141 0.762821 0.341346 0.759615 0.342949 0.754808 0.341346 0.750000 0.339744 0.746795 0.334936 0.746795 0.330128 0.746795 0.323718 0.751603 0.416667 0.788462 0.416667 0.793269
0 0.419872 0.796474 0.421474 0.798077 0.426282 0.798077 0.434295 0.796474 0.437500 0.791667 0.439103 0.788462 0.437500 0.783654 0.434295 0.780449 0.431090 0.778846 0.424679 0.780449 0.419872 0.783654 0.386218 0.783654
0 0.387821 0.788462 0.389423 0.791667 0.391026 0.793269 0.397436 0.793269 0.403846 0.790064 0.407051 0.786859 0.408654 0.782051 0.407051 0.778846 0.403846 0.775641 0.400641 0.774038 0.395833 0.775641 0.389423 0.778846
0 0.366987 0.801282 0.366987 0.804487 0.368590 0.807692 0.371795 0.809295 0.376603 0.809295 0.384615 0.807692 0.387821 0.804487 0.387821 0.799679 0.386218 0.794872 0.384615 0.791667 0.379808 0.791667 0.375000 0.791667
0 0.368590 0.796474 0.344551 0.814103 0.344551 0.818910 0.346154 0.822115 0.349359 0.823718 0.354167 0.823718 0.362179 0.820513 0.365385 0.817308 0.365385 0.812500 0.365385 0.807692 0.362179 0.806090 0.357372 0.804487
0 0.352564 0.804487 0.346154 0.809295 0.322115 0.810897 0.322115 0.815705 0.323718 0.818910 0.326923 0.822115 0.331731 0.822115 0.339744 0.817308 0.342949 0.814103 0.342949 0.809295 0.342949 0.804487 0.339744 0.801282
0 0.334936 0.801282 0.330128 0.801282 0.323718 0.806090 0.386218 0.814103 0.386218 0.818910 0.389423 0.822115 0.391026 0.823718 0.397436 0.823718 0.403846 0.822115 0.407051 0.817308 0.408654 0.814103 0.407051 0.809295
0 0.403846 0.806090 0.400641 0.804487 0.395833 0.806090 0.389423 0.809295 0.262821 0.831731 0.261218 0.836538 0.266026 0.839744 0.267628 0.841346 0.274038 0.841346 0.280449 0.838141 0.283654 0.834936 0.285256 0.830128
0 0.283654 0.826923 0.280449 0.823718 0.277244 0.822115 0.272436 0.822115 0.266026 0.826923 0.136218 0.860577 0.136218 0.865385 0.139423 0.868590 0.141026 0.870192 0.145833 0.870192 0.153846 0.868590 0.157051 0.865385
0 0.158654 0.860577 0.157051 0.855769 0.153846 0.852564 0.150641 0.852564 0.144231 0.852564 0.139423 0.855769 0.177885 0.838141 0.179487 0.842949 0.181090 0.846154 0.184295 0.847756 0.189103 0.847756 0.195513 0.844551
0 0.198718 0.841346 0.200321 0.836538 0.198718 0.833333 0.195513 0.830128 0.192308 0.828526 0.187500 0.828526 0.181090 0.833333 0.105769 0.804487 0.105769 0.810897 0.107372 0.814103 0.110577 0.815705 0.115385 0.815705 0.123397 0.810897
0 0.126603 0.807692 0.126603 0.802885 0.125000 0.799679 0.123397 0.796474 0.118590 0.794872 0.113782 0.796474 0.107372 0.799679 0.046474 0.842949 0.048077 0.847756 0.049679 0.850962 0.052885 0.852564 0.059295 0.852564 0.065705 0.847756
0 0.068910 0.844551 0.070513 0.839744 0.068910 0.836538 0.067308 0.833333 0.062500 0.831731 0.057692 0.831731 0.051282 0.836538 0.048077 0.873397 0.048077 0.878205 0.049679 0.879808 0.052885 0.883013
0 0.057692 0.881410 0.065705 0.879808 0.070513 0.876603 0.070513 0.871795 0.070513 0.866987 0.067308 0.863782 0.062500 0.863782 0.056090 0.863782 0.049679 0.868590 0.028846 0.918269 0.030449 0.924679 0.032051 0.926282
0 0.035256 0.929487 0.040064 0.926282 0.046474 0.924679 0.051282 0.921474 0.052885 0.916667 0.051282 0.911859 0.049679 0.908654 0.044872 0.908654 0.038462 0.908654 0.032051 0.913462 0.000000 0.924679 0.006410 0.921474 0.011218 0.918269
0 0.012821 0.911859 0.011218 0.908654 0.009615 0.905449 0.003205 0.903846 0.000000 0.908654 0.000000 0.844551 0.008013 0.841346 0.012821 0.838141 0.012821 0.833333 0.012821 0.828526 0.009615 0.826923 0.004808 0.825321 0.000000 0.826923
0 0.092949 0.770833 0.092949 0.775641 0.096154 0.778846 0.097756 0.780449 0.102564 0.780449 0.110577 0.778846 0.113782 0.775641 0.115385 0.770833 0.113782 0.766026 0.110577 0.762821 0.107372 0.761218 0.100962 0.762821 0.096154 0.766026
0 0.145833 0.713141 0.147436 0.717949 0.149038 0.721154 0.152244 0.722756 0.157051 0.722756 0.163462 0.719551 0.166667 0.716346 0.168269 0.711538 0.166667 0.708333 0.163462 0.705128 0.160256 0.703526 0.155449 0.705128 0.149038 0.708333
0 0.536859 0.323718 0.536859 0.328526 0.540064 0.331731 0.541667 0.333333 0.546474 0.333333 0.554487 0.330128 0.557692 0.326923 0.559295 0.322115 0.557692 0.317308 0.554487 0.315705 0.551282 0.314103 0.544872 0.314103 0.540064 0.318910
0 0.017628 0.463141 0.012821 0.464744 0.011218 0.469551 0.011218 0.472756 0.016026 0.475962 0.020833 0.475962 0.025641 0.474359 0.028846 0.471154 0.027244 0.466346 0.025641 0.463141 0.022436 0.461538 0.000000 0.455128 0.001603 0.451923
0 0.001603 0.447115 0.000000 0.443910 0.270833 0.431090 0.270833 0.435897 0.274038 0.439103 0.275641 0.440705 0.280449 0.440705 0.288462 0.439103 0.291667 0.434295 0.293269 0.431090 0.291667 0.426282 0.288462 0.423077 0.285256 0.421474
0 0.278846 0.423077 0.274038 0.426282 0.208333 0.386218 0.205128 0.387821 0.203526 0.392628 0.203526 0.395833 0.205128 0.399038 0.211538 0.399038 0.216346 0.397436 0.217949 0.394231 0.217949 0.389423 0.216346 0.386218 0.213141 0.384615
0 0.461538 0.384615 0.463141 0.389423 0.464744 0.392628 0.467949 0.394231 0.472756 0.394231 0.479167 0.392628 0.482372 0.389423 0.483974 0.384615 0.482372 0.379808 0.480769 0.376603 0.475962 0.375000 0.471154 0.376603 0.464744 0.379808
0 0.451923 0.511218 0.451923 0.516026 0.455128 0.519231 0.456731 0.520833 0.461538 0.520833 0.469551 0.517628 0.472756 0.514423 0.474359 0.509615 0.472756 0.506410 0.469551 0.503205 0.466346 0.501603 0.459936 0.503205 0.455128 0.506410
0 0.423077 0.580128 0.424679 0.584936 0.426282 0.588141 0.429487 0.589744 0.434295 0.589744 0.440705 0.586538 0.443910 0.583333 0.445513 0.578526 0.443910 0.575321 0.442308 0.572115 0.437500 0.570513 0.432692 0.570513 0.426282 0.575321
0 0.402244 0.626603 0.402244 0.631410 0.403846 0.634615 0.407051 0.636218 0.411859 0.636218 0.419872 0.633013 0.423077 0.629808 0.424679 0.625000 0.423077 0.620192 0.419872 0.618590 0.416667 0.616987 0.410256 0.616987 0.405449 0.621795
0 0.362179 0.652244 0.363782 0.657051 0.365385 0.658654 0.368590 0.661859 0.373397 0.661859 0.381410 0.658654 0.384615 0.655449 0.384615 0.650641 0.383013 0.645833 0.381410 0.642628 0.376603 0.642628 0.371795 0.642628 0.365385 0.647436
0 0.394231 0.681090 0.394231 0.685897 0.395833 0.687500 0.399038 0.690705 0.403846 0.690705 0.411859 0.687500 0.415064 0.684295 0.416667 0.679487 0.415064 0.674679 0.411859 0.671474 0.407051 0.671474 0.402244 0.671474 0.397436 0.676282
0 0.419872 0.729167 0.419872 0.733974 0.423077 0.735577 0.424679 0.738782 0.429487 0.738782 0.437500 0.735577 0.440705 0.732372 0.442308 0.727564 0.440705 0.722756 0.437500 0.719551 0.434295 0.719551 0.427885 0.719551 0.423077 0.724359
0 0.342949 0.844551 0.344551 0.849359 0.346154 0.852564 0.349359 0.854167 0.354167 0.854167 0.362179 0.852564 0.363782 0.849359 0.365385 0.844551 0.363782 0.839744 0.362179 0.836538 0.357372 0.834936 0.352564 0.836538 0.346154 0.839744
0 0.274038 0.790064 0.274038 0.794872 0.275641 0.799679 0.278846 0.801282 0.283654 0.799679 0.291667 0.798077 0.294872 0.793269 0.296474 0.788462 0.294872 0.785256 0.291667 0.782051 0.286859 0.780449 0.282051 0.782051 0.277244 0.785256
0 0.387821 0.839744 0.389423 0.844551 0.391026 0.847756 0.394231 0.849359 0.399038 0.849359 0.407051 0.846154 0.410256 0.842949 0.410256 0.836538 0.408654 0.833333 0.407051 0.830128 0.402244 0.828526 0.397436 0.830128 0.391026 0.833333
0 0.415064 0.831731 0.415064 0.836538 0.416667 0.839744 0.419872 0.842949 0.424679 0.839744 0.432692 0.838141 0.435897 0.834936 0.434295 0.831731 0.435897 0.826923 0.432692 0.823718 0.427885 0.822115 0.423077 0.823718 0.416667 0.826923
0 0.524038 0.645833 0.524038 0.650641 0.527244 0.652244 0.528846 0.655449 0.533654 0.653846 0.541667 0.652244 0.544872 0.649038 0.546474 0.644231 0.544872 0.639423 0.541667 0.636218 0.538462 0.636218 0.532051 0.636218 0.527244 0.641026
0 0.692308 0.745192 0.693910 0.750000 0.695513 0.753205 0.698718 0.754808 0.703526 0.754808 0.709936 0.751603 0.713141 0.748397 0.714744 0.743590 0.713141 0.740385 0.709936 0.737179 0.706731 0.735577 0.701923 0.737179 0.695513 0.740385
0 0.716346 0.732372 0.716346 0.737179 0.717949 0.740385 0.721154 0.741987 0.725962 0.741987 0.733974 0.738782 0.737179 0.735577 0.737179 0.730769 0.735577 0.727564 0.733974 0.724359 0.729167 0.722756 0.724359 0.724359 0.717949 0.727564
0 0.682692 0.671474 0.682692 0.676282 0.684295 0.679487 0.687500 0.681090 0.692308 0.681090 0.700321 0.679487 0.703526 0.674679 0.705128 0.671474 0.703526 0.666667 0.700321 0.663462 0.697115 0.661859 0.690705 0.663462 0.685897 0.666667
0 0.633013 0.666667 0.633013 0.671474 0.636218 0.674679 0.637821 0.676282 0.642628 0.676282 0.650641 0.673077 0.653846 0.669872 0.655449 0.665064 0.653846 0.661859 0.650641 0.658654 0.647436 0.657051 0.641026 0.658654 0.636218 0.661859
0 0.780449 0.592949 0.780449 0.597756 0.782051 0.600962 0.785256 0.602564 0.790064 0.602564 0.798077 0.599359 0.801282 0.596154 0.802885 0.591346 0.801282 0.588141 0.798077 0.584936 0.793269 0.583333 0.788462 0.584936 0.783654 0.588141
0 0.886218 0.591346 0.886218 0.594551 0.887821 0.597756 0.891026 0.597756 0.894231 0.597756 0.897436 0.596154 0.900641 0.592949 0.899038 0.591346 0.897436 0.588141 0.892628 0.588141 0.889423 0.589744 0.758013 0.596154 0.759615 0.597756
0 0.761218 0.600962 0.764423 0.600962 0.767628 0.600962 0.770833 0.599359 0.770833 0.597756 0.772436 0.592949 0.769231 0.591346 0.766026 0.591346 0.761218 0.592949 0.769231 0.552885 0.769231 0.556090 0.770833 0.557692 0.774038 0.559295
0 0.777244 0.557692 0.780449 0.557692 0.783654 0.552885 0.782051 0.551282 0.780449 0.548077 0.775641 0.548077 0.772436 0.549679 0.883013 0.549679 0.883013 0.552885 0.884615 0.554487 0.887821 0.556090 0.891026 0.556090 0.894231 0.554487
0 0.894231 0.552885 0.894231 0.549679 0.892628 0.548077 0.889423 0.546474 0.884615 0.548077 0.891026 0.538462 0.891026 0.543269 0.892628 0.543269 0.895833 0.544872 0.899038 0.544872 0.902244 0.543269 0.902244 0.541667 0.903846 0.536859
0 0.900641 0.533654 0.897436 0.533654 0.892628 0.535256 0.875000 0.540064 0.875000 0.541667 0.878205 0.544872 0.881410 0.544872 0.883013 0.544872 0.887821 0.543269 0.889423 0.540064 0.887821 0.538462 0.886218 0.535256 0.881410 0.535256
0 0.878205 0.536859 0.950321 0.628205 0.951923 0.629808 0.953526 0.633013 0.956731 0.633013 0.959936 0.633013 0.963141 0.631410 0.963141 0.629808 0.964744 0.625000 0.961538 0.623397 0.956731 0.623397 0.951923 0.626603 0.940705 0.618590
0 0.940705 0.620192 0.942308 0.623397 0.947115 0.623397 0.948718 0.623397 0.953526 0.621795 0.955128 0.618590 0.953526 0.616987 0.951923 0.613782 0.947115 0.613782 0.943910 0.615385 0.943910 0.687500 0.942308 0.689103 0.943910 0.690705
0 0.947115 0.692308 0.950321 0.690705 0.953526 0.690705 0.956731 0.685897 0.955128 0.684295 0.953526 0.681090 0.948718 0.681090 0.945513 0.682692 0.737179 0.745192 0.737179 0.748397 0.738782 0.750000 0.741987 0.751603 0.745192 0.751603
0 0.748397 0.750000 0.748397 0.746795 0.750000 0.743590 0.746795 0.740385 0.743590 0.740385 0.740385 0.741987 0.668269 0.759615 0.668269 0.762821 0.669872 0.764423 0.673077 0.766026 0.676282 0.766026 0.679487 0.764423 0.682692 0.761218
0 0.681090 0.758013 0.679487 0.754808 0.674679 0.754808 0.671474 0.756410 0.604167 0.764423 0.604167 0.767628 0.605769 0.770833 0.608974 0.770833 0.612179 0.770833 0.615385 0.769231 0.615385 0.767628 0.616987 0.764423 0.615385 0.761218
0 0.608974 0.762821 0.607372 0.762821 0.544872 0.725962 0.544872 0.729167 0.546474 0.732372 0.549679 0.732372 0.552885 0.732372 0.556090 0.730769 0.559295 0.727564 0.557692 0.725962 0.556090 0.722756 0.551282 0.722756 0.548077 0.724359
0 0.525641 0.741987 0.525641 0.745192 0.527244 0.746795 0.530449 0.748397 0.533654 0.748397 0.536859 0.746795 0.536859 0.743590 0.538462 0.740385 0.536859 0.737179 0.532051 0.737179 0.528846 0.738782 0.411859 0.812500 0.413462 0.814103
0 0.415064 0.817308 0.418269 0.817308 0.421474 0.817308 0.424679 0.815705 0.424679 0.814103 0.426282 0.809295 0.423077 0.807692 0.419872 0.807692 0.415064 0.809295 0.214744 0.838141 0.214744 0.839744 0.217949 0.842949 0.221154 0.842949
0 0.222756 0.842949 0.227564 0.841346 0.229167 0.838141 0.227564 0.836538 0.225962 0.833333 0.221154 0.833333 0.217949 0.834936 0.229167 0.818910 0.227564 0.822115 0.230769 0.823718 0.233974 0.825321 0.235577 0.825321 0.240385 0.823718
0 0.241987 0.818910 0.240385 0.817308 0.238782 0.814103 0.233974 0.814103 0.230769 0.815705 0.004808 0.927885 0.004808 0.931090 0.006410 0.934295 0.009615 0.934295 0.012821 0.934295 0.016026 0.932692 0.020833 0.929487 0.019231 0.927885
0 0.017628 0.924679 0.011218 0.924679 0.008013 0.926282 0.000000 0.899038 0.000000 0.894231 0.000000 0.891026 0.000000 0.889423 0.009615 0.812500 0.009615 0.817308 0.011218 0.820513 0.014423 0.820513 0.017628 0.820513 0.020833 0.817308
0 0.020833 0.815705 0.022436 0.810897 0.019231 0.809295 0.016026 0.809295 0.012821 0.809295 0.174679 0.717949 0.173077 0.721154 0.174679 0.722756 0.179487 0.724359 0.181090 0.724359 0.185897 0.722756 0.187500 0.719551 0.185897 0.716346
0 0.184295 0.713141 0.179487 0.713141 0.176282 0.714744 0.129808 0.679487 0.129808 0.682692 0.131410 0.685897 0.134615 0.685897 0.137821 0.685897 0.141026 0.684295 0.144231 0.681090 0.142628 0.677885 0.141026 0.674679 0.136218 0.674679
0 0.133013 0.676282 0.169872 0.618590 0.169872 0.621795 0.171474 0.625000 0.174679 0.625000 0.177885 0.625000 0.181090 0.623397 0.181090 0.621795 0.182692 0.618590 0.181090 0.615385 0.176282 0.615385 0.173077 0.616987 0.294872 0.556090
0 0.293269 0.559295 0.294872 0.562500 0.299679 0.562500 0.301282 0.562500 0.306090 0.560897 0.307692 0.557692 0.306090 0.554487 0.304487 0.551282 0.299679 0.552885 0.296474 0.552885 0.235577 0.527244 0.235577 0.530449 0.237179 0.532051
0 0.240385 0.533654 0.243590 0.533654 0.246795 0.532051 0.250000 0.528846 0.248397 0.525641 0.246795 0.522436 0.241987 0.522436 0.238782 0.524038 0.323718 0.490385 0.323718 0.493590 0.325321 0.496795 0.328526 0.496795 0.331731 0.496795
0 0.334936 0.495192 0.334936 0.493590 0.336538 0.488782 0.333333 0.487179 0.330128 0.487179 0.326923 0.488782 0.362179 0.575321 0.362179 0.578526 0.363782 0.581731 0.366987 0.581731 0.370192 0.581731 0.375000 0.580128 0.376603 0.576923
0 0.375000 0.573718 0.373397 0.570513 0.368590 0.570513 0.365385 0.572115 0.426282 0.548077 0.426282 0.549679 0.427885 0.552885 0.431090 0.554487 0.434295 0.552885 0.437500 0.552885 0.440705 0.548077 0.439103 0.546474 0.437500 0.543269
0 0.432692 0.543269 0.429487 0.544872 0.475962 0.605769 0.474359 0.608974 0.475962 0.610577 0.480769 0.612179 0.482372 0.612179 0.487179 0.610577 0.488782 0.605769 0.487179 0.604167 0.485577 0.600962 0.480769 0.600962 0.477564 0.602564
0 0.328526 0.620192 0.328526 0.625000 0.330128 0.628205 0.333333 0.629808 0.338141 0.629808 0.346154 0.628205 0.349359 0.625000 0.349359 0.620192 0.349359 0.615385 0.346154 0.612179 0.341346 0.610577 0.336538 0.612179 0.331731 0.615385
0 0.511218 0.552885 0.511218 0.556090 0.512821 0.559295 0.516026 0.559295 0.519231 0.559295 0.522436 0.557692 0.522436 0.556090 0.524038 0.552885 0.522436 0.549679 0.517628 0.549679 0.514423 0.551282 0.557692 0.551282 0.557692 0.552885
0 0.559295 0.556090 0.564103 0.556090 0.565705 0.556090 0.570513 0.554487 0.572115 0.551282 0.570513 0.549679 0.568910 0.546474 0.564103 0.546474 0.560897 0.548077 0.501603 0.588141 0.503205 0.588141 0.506410 0.588141 0.508013 0.588141
0 0.509615 0.586538 0.511218 0.584936 0.509615 0.581731 0.508013 0.583333 0.506410 0.580128 0.503205 0.581731 0.498397 0.583333 0.498397 0.584936 0.564103 0.661859 0.565705 0.661859 0.568910 0.661859 0.570513 0.661859 0.572115 0.660256
0 0.573718 0.658654 0.572115 0.657051 0.570513 0.653846 0.567308 0.653846 0.565705 0.655449 0.562500 0.657051 0.562500 0.658654 0.642628 0.600962 0.645833 0.599359 0.649038 0.599359 0.649038 0.597756 0.650641 0.596154 0.649038 0.592949
0 0.647436 0.594551 0.645833 0.591346 0.642628 0.592949 0.639423 0.594551 0.641026 0.597756 0.608974 0.758013 0.610577 0.758013 0.613782 0.758013 0.615385 0.758013 0.616987 0.756410 0.618590 0.751603
0 0.616987 0.753205 0.615385 0.750000 0.612179 0.750000 0.610577 0.750000 0.607372 0.753205 0.607372 0.754808 0.596154 0.732372 0.599359 0.732372 0.602564 0.732372 0.604167 0.732372 0.605769 0.730769
0 0.607372 0.725962 0.605769 0.727564 0.604167 0.724359 0.602564 0.724359 0.599359 0.724359 0.596154 0.727564 0.597756 0.729167 0.753205 0.730769 0.758013 0.730769 0.761218 0.730769 0.762821 0.730769 0.762821 0.729167 0.764423 0.724359
0 0.762821 0.725962 0.761218 0.722756 0.759615 0.722756 0.756410 0.722756 0.754808 0.725962 0.754808 0.727564 0.820513 0.676282 0.822115 0.676282 0.825321 0.676282 0.826923 0.676282 0.828526 0.674679
0 0.830128 0.673077 0.828526 0.671474 0.826923 0.668269 0.823718 0.668269 0.822115 0.669872 0.817308 0.671474 0.818910 0.673077 0.932692 0.687500 0.934295 0.687500 0.937500 0.687500 0.939103 0.687500 0.940705 0.685897 0.942308 0.682692
0 0.940705 0.679487 0.939103 0.679487 0.935897 0.679487 0.934295 0.679487 0.931090 0.681090 0.931090 0.684295 0.967949 0.612179 0.972756 0.612179 0.974359 0.612179 0.977564 0.612179 0.979167 0.610577 0.980769 0.607372 0.979167 0.604167
0 0.975962 0.604167 0.974359 0.604167 0.971154 0.604167 0.969551 0.605769 0.969551 0.608974 0.754808 0.464744 0.759615 0.464744 0.761218 0.464744 0.764423 0.464744 0.764423 0.463141 0.766026 0.461538 0.764423 0.459936 0.762821 0.456731
0 0.761218 0.456731 0.758013 0.458333 0.756410 0.459936 0.756410 0.461538 0.684295 0.399038 0.685897 0.399038 0.689103 0.399038 0.690705 0.399038 0.692308 0.397436 0.693910 0.392628 0.692308 0.394231 0.690705 0.391026 0.689103 0.391026
0 0.685897 0.391026 0.682692 0.394231 0.682692 0.395833 0.690705 0.272436 0.692308 0.272436 0.695513 0.272436 0.697115 0.272436 0.698718 0.270833 0.700321 0.267628 0.698718 0.264423 0.697115 0.264423 0.693910 0.264423 0.692308 0.264423
0 0.689103 0.267628 0.689103 0.269231 0.608974 0.330128 0.612179 0.330128 0.615385 0.328526 0.616987 0.330128 0.618590 0.328526 0.620192 0.325321 0.618590 0.322115 0.616987 0.322115 0.615385 0.322115 0.612179 0.322115 0.608974 0.323718
0 0.610577 0.326923 0.277244 0.464744 0.275641 0.466346 0.277244 0.469551 0.280449 0.471154 0.283654 0.469551 0.288462 0.469551 0.290064 0.464744 0.288462 0.463141 0.286859 0.459936 0.282051 0.459936 0.278846 0.461538 0.205128 0.758013
0 0.201923 0.759615 0.200321 0.766026 0.200321 0.769231 0.201923 0.772436 0.208333 0.772436 0.213141 0.770833 0.214744 0.766026 0.214744 0.761218 0.213141 0.758013 0.209936 0.756410 0.269231 0.701923 0.269231 0.705128 0.270833 0.706731
0 0.274038 0.708333 0.277244 0.706731 0.280449 0.706731 0.280449 0.703526 0.282051 0.698718 0.278846 0.697115 0.275641 0.697115 0.270833 0.698718 0.636218 0.540064 0.633013 0.541667 0.629808 0.546474 0.629808 0.551282 0.633013 0.554487
0 0.637821 0.554487 0.644231 0.554487 0.647436 0.551282 0.650641 0.546474 0.649038 0.543269 0.645833 0.540064 0.642628 0.538462 0.717949 0.509615 0.719551 0.509615 0.722756 0.509615 0.724359 0.509615 0.725962 0.508013 0.727564 0.504808
0 0.725962 0.501603 0.724359 0.501603 0.721154 0.501603 0.719551 0.501603 0.716346 0.504808 0.716346 0.506410 0.767628 0.288462 0.762821 0.291667 0.761218 0.296474 0.761218 0.299679 0.762821 0.302885 0.767628 0.304487 0.774038 0.302885
0 0.778846 0.299679 0.780449 0.296474 0.780449 0.291667 0.777244 0.288462 0.772436 0.288462 0.722756 0.258013 0.724359 0.258013 0.727564 0.256410 0.729167 0.258013 0.730769 0.256410 0.732372 0.253205 0.730769 0.250000 0.729167 0.250000
0 0.725962 0.250000 0.724359 0.250000 0.721154 0.251603 0.721154 0.254808 0.620192 0.442308 0.616987 0.443910 0.615385 0.448718 0.615385 0.451923 0.616987 0.455128 0.623397 0.455128 0.628205 0.455128 0.629808 0.450321 0.629808 0.445513
0 0.628205 0.442308 0.625000 0.440705 0.161859 0.892628 0.161859 0.897436 0.163462 0.900641 0.166667 0.902244 0.171474 0.902244 0.179487 0.900641 0.182692 0.895833 0.184295 0.891026 0.182692 0.887821 0.179487 0.884615 0.174679 0.883013
