0 0.307692 0.391026 0.310897 0.394231 0.312500 0.399038 0.310897 0.402244 0.307692 0.403846 0.302885 0.403846 0.296474 0.402244 0.298077 0.397436 0.299679 0.394231 0.301282 0.391026 0.304487 0.389423
0 0.320513 0.416667 0.323718 0.419872 0.323718 0.423077 0.323718 0.426282 0.320513 0.429487 0.315705 0.429487 0.310897 0.426282 0.309295 0.423077 0.310897 0.418269 0.312500 0.415064 0.317308 0.415064
0 0.262821 0.392628 0.266026 0.395833 0.266026 0.399038 0.266026 0.403846 0.262821 0.405449 0.258013 0.405449 0.251603 0.403846 0.253205 0.399038 0.253205 0.394231 0.256410 0.392628 0.259615 0.391026
0 0.270833 0.376603 0.274038 0.379808 0.274038 0.384615 0.274038 0.387821 0.270833 0.389423 0.266026 0.389423 0.259615 0.387821 0.259615 0.384615 0.261218 0.379808 0.264423 0.376603 0.267628 0.375000
0 0.383013 0.408654 0.386218 0.411859 0.387821 0.415064 0.386218 0.419872 0.383013 0.421474 0.378205 0.421474 0.371795 0.419872 0.373397 0.415064 0.373397 0.411859 0.376603 0.408654 0.379808 0.408654
0 0.277244 0.451923 0.282051 0.453526 0.282051 0.456731 0.282051 0.461538 0.278846 0.463141 0.274038 0.463141 0.267628 0.461538 0.269231 0.456731 0.269231 0.451923 0.272436 0.450321 0.275641 0.448718
0 0.224359 0.459936 0.227564 0.463141 0.227564 0.467949 0.227564 0.471154 0.224359 0.472756 0.219551 0.472756 0.213141 0.471154 0.213141 0.467949 0.214744 0.463141 0.217949 0.459936 0.221154 0.458333
0 0.285256 0.493590 0.288462 0.495192 0.290064 0.500000 0.288462 0.503205 0.285256 0.506410 0.280449 0.504808 0.274038 0.503205 0.275641 0.498397 0.277244 0.495192 0.278846 0.491987 0.282051 0.491987
0 0.346154 0.451923 0.349359 0.455128 0.349359 0.459936 0.349359 0.463141 0.346154 0.464744 0.341346 0.464744 0.334936 0.463141 0.334936 0.459936 0.336538 0.455128 0.339744 0.451923 0.342949 0.450321
0 0.427885 0.432692 0.431090 0.435897 0.432692 0.439103 0.431090 0.443910 0.427885 0.445513 0.423077 0.445513 0.416667 0.443910 0.418269 0.439103 0.418269 0.435897 0.421474 0.432692 0.423077 0.432692
0 0.232372 0.445513 0.235577 0.447115 0.237179 0.451923 0.235577 0.455128 0.232372 0.458333 0.227564 0.456731 0.221154 0.455128 0.222756 0.451923 0.224359 0.447115 0.225962 0.443910 0.229167 0.443910
0 0.474359 0.463141 0.477564 0.466346 0.479167 0.471154 0.477564 0.474359 0.474359 0.475962 0.469551 0.475962 0.463141 0.474359 0.464744 0.469551 0.466346 0.466346 0.467949 0.463141 0.471154 0.461538
0 0.453526 0.455128 0.455128 0.458333 0.456731 0.463141 0.455128 0.466346 0.453526 0.467949 0.448718 0.467949 0.443910 0.464744 0.442308 0.461538 0.443910 0.458333 0.445513 0.455128 0.450321 0.453526
0 0.458333 0.477564 0.461538 0.480769 0.461538 0.483974 0.461538 0.488782 0.458333 0.490385 0.453526 0.490385 0.448718 0.487179 0.447115 0.483974 0.448718 0.479167 0.451923 0.477564 0.455128 0.475962
0 0.442308 0.504808 0.443910 0.506410 0.445513 0.511218 0.443910 0.514423 0.442308 0.517628 0.435897 0.516026 0.432692 0.512821 0.431090 0.509615 0.432692 0.506410 0.432692 0.504808 0.437500 0.503205
0 0.317308 0.347756 0.320513 0.349359 0.322115 0.354167 0.320513 0.357372 0.317308 0.360577 0.312500 0.358974 0.306090 0.357372 0.307692 0.352564 0.309295 0.349359 0.310897 0.346154 0.314103 0.344551
0 0.338141 0.349359 0.341346 0.350962 0.341346 0.355769 0.341346 0.358974 0.338141 0.362179 0.333333 0.360577 0.326923 0.358974 0.328526 0.355769 0.328526 0.350962 0.331731 0.347756 0.334936 0.347756
0 0.240385 0.373397 0.241987 0.376603 0.243590 0.379808 0.241987 0.383013 0.240385 0.386218 0.235577 0.386218 0.230769 0.383013 0.229167 0.379808 0.230769 0.375000 0.232372 0.371795 0.237179 0.371795
0 0.219551 0.371795 0.221154 0.375000 0.222756 0.379808 0.221154 0.383013 0.219551 0.384615 0.214744 0.384615 0.209936 0.381410 0.208333 0.378205 0.209936 0.375000 0.211538 0.371795 0.214744 0.370192
0 0.184295 0.392628 0.187500 0.395833 0.189103 0.399038 0.187500 0.402244 0.184295 0.405449 0.179487 0.405449 0.173077 0.403846 0.174679 0.399038 0.176282 0.394231 0.177885 0.391026 0.181090 0.391026
0 0.157051 0.453526 0.158654 0.456731 0.160256 0.459936 0.158654 0.463141 0.157051 0.466346 0.152244 0.466346 0.147436 0.463141 0.145833 0.459936 0.147436 0.455128 0.149038 0.451923 0.153846 0.451923
0 0.206731 0.472756 0.208333 0.475962 0.209936 0.479167 0.208333 0.482372 0.206731 0.485577 0.201923 0.485577 0.197115 0.482372 0.195513 0.479167 0.197115 0.474359 0.198718 0.471154 0.203526 0.471154
0 0.184295 0.439103 0.187500 0.440705 0.187500 0.445513 0.187500 0.448718 0.184295 0.451923 0.179487 0.450321 0.173077 0.448718 0.173077 0.445513 0.174679 0.440705 0.177885 0.437500 0.181090 0.437500
0 0.161859 0.418269 0.165064 0.421474 0.166667 0.426282 0.165064 0.429487 0.161859 0.431090 0.157051 0.431090 0.150641 0.429487 0.150641 0.426282 0.152244 0.421474 0.155449 0.418269 0.158654 0.416667
0 0.134615 0.413462 0.136218 0.416667 0.137821 0.419872 0.136218 0.424679 0.134615 0.426282 0.129808 0.426282 0.125000 0.423077 0.123397 0.419872 0.123397 0.416667 0.126603 0.413462 0.131410 0.411859
0 0.057692 0.354167 0.059295 0.357372 0.060897 0.362179 0.059295 0.365385 0.057692 0.366987 0.052885 0.366987 0.048077 0.363782 0.046474 0.360577 0.048077 0.357372 0.049679 0.354167 0.054487 0.352564
0 0.088141 0.397436 0.091346 0.400641 0.092949 0.403846 0.091346 0.408654 0.088141 0.410256 0.083333 0.410256 0.076923 0.408654 0.078526 0.403846 0.078526 0.399038 0.081731 0.397436 0.084936 0.395833
0 0.040064 0.399038 0.041667 0.402244 0.043269 0.405449 0.041667 0.408654 0.040064 0.411859 0.035256 0.411859 0.030449 0.408654 0.028846 0.405449 0.030449 0.400641 0.032051 0.397436 0.036859 0.397436
0 0.024038 0.355769 0.027244 0.358974 0.027244 0.362179 0.027244 0.365385 0.024038 0.368590 0.019231 0.368590 0.012821 0.366987 0.014423 0.362179 0.014423 0.357372 0.017628 0.354167 0.020833 0.354167
0 0.006410 0.342949 0.009615 0.344551 0.011218 0.349359 0.009615 0.352564 0.006410 0.355769 0.001603 0.354167 0.000000 0.341346 0.003205 0.339744 0.142628 0.309295 0.145833 0.312500 0.147436 0.317308
0 0.145833 0.320513 0.142628 0.322115 0.137821 0.322115 0.131410 0.320513 0.133013 0.315705 0.134615 0.312500 0.136218 0.309295 0.139423 0.307692 0.118590 0.285256 0.120192 0.288462 0.121795 0.291667
0 0.120192 0.296474 0.118590 0.298077 0.113782 0.298077 0.108974 0.294872 0.107372 0.291667 0.107372 0.288462 0.110577 0.285256 0.115385 0.283654 0.067308 0.256410 0.070513 0.259615 0.072115 0.264423
0 0.070513 0.267628 0.067308 0.269231 0.062500 0.269231 0.056090 0.267628 0.057692 0.262821 0.059295 0.259615 0.060897 0.256410 0.064103 0.254808 0.036859 0.250000 0.040064 0.253205 0.041667 0.256410
0 0.040064 0.261218 0.036859 0.262821 0.032051 0.262821 0.025641 0.261218 0.027244 0.256410 0.027244 0.253205 0.030449 0.250000 0.033654 0.248397 0.048077 0.283654 0.051282 0.285256 0.052885 0.290064
0 0.051282 0.293269 0.048077 0.296474 0.043269 0.294872 0.036859 0.293269 0.038462 0.288462 0.040064 0.285256 0.041667 0.282051 0.044872 0.282051 0.084936 0.275641 0.086538 0.278846 0.088141 0.283654
0 0.086538 0.286859 0.084936 0.288462 0.078526 0.288462 0.072115 0.286859 0.073718 0.282051 0.075321 0.278846 0.076923 0.275641 0.080128 0.274038 0.105769 0.214744 0.108974 0.217949 0.108974 0.221154
0 0.108974 0.224359 0.105769 0.227564 0.100962 0.227564 0.096154 0.224359 0.094551 0.221154 0.096154 0.216346 0.097756 0.213141 0.102564 0.213141 0.044872 0.187500 0.048077 0.190705 0.048077 0.193910
0 0.048077 0.198718 0.044872 0.200321 0.040064 0.200321 0.033654 0.198718 0.035256 0.193910 0.035256 0.189103 0.038462 0.187500 0.041667 0.185897 0.036859 0.205128 0.040064 0.208333 0.041667 0.213141
0 0.040064 0.216346 0.036859 0.217949 0.032051 0.217949 0.025641 0.216346 0.027244 0.211538 0.028846 0.208333 0.030449 0.205128 0.033654 0.203526 0.057692 0.205128 0.059295 0.208333 0.060897 0.211538
0 0.059295 0.216346 0.057692 0.217949 0.051282 0.217949 0.048077 0.214744 0.046474 0.211538 0.046474 0.208333 0.049679 0.205128 0.052885 0.203526 0.126603 0.184295 0.128205 0.185897 0.131410 0.189103
0 0.129808 0.192308 0.128205 0.195513 0.123397 0.193910 0.118590 0.190705 0.116987 0.187500 0.118590 0.184295 0.120192 0.181090 0.125000 0.182692 0.129808 0.168269 0.131410 0.169872 0.133013 0.174679
0 0.131410 0.177885 0.129808 0.181090 0.123397 0.179487 0.120192 0.177885 0.118590 0.174679 0.120192 0.169872 0.121795 0.166667 0.125000 0.166667 0.160256 0.184295 0.163462 0.185897 0.163462 0.190705
0 0.163462 0.193910 0.160256 0.197115 0.155449 0.195513 0.149038 0.193910 0.149038 0.190705 0.150641 0.185897 0.153846 0.182692 0.157051 0.181090 0.044872 0.137821 0.048077 0.141026 0.049679 0.145833
0 0.048077 0.149038 0.044872 0.150641 0.040064 0.150641 0.035256 0.149038 0.035256 0.145833 0.035256 0.141026 0.038462 0.137821 0.041667 0.136218 0.028846 0.139423 0.032051 0.141026 0.033654 0.145833
0 0.032051 0.149038 0.028846 0.152244 0.024038 0.150641 0.017628 0.149038 0.019231 0.144231 0.020833 0.141026 0.022436 0.137821 0.025641 0.137821 0.064103 0.136218 0.065705 0.139423 0.067308 0.144231
0 0.065705 0.147436 0.064103 0.149038 0.057692 0.149038 0.051282 0.147436 0.052885 0.142628 0.054487 0.139423 0.056090 0.136218 0.059295 0.134615 0.056090 0.102564 0.059295 0.105769 0.060897 0.108974
0 0.059295 0.112179 0.056090 0.115385 0.051282 0.115385 0.044872 0.113782 0.046474 0.108974 0.046474 0.104167 0.049679 0.100962 0.052885 0.100962 0.179487 0.181090 0.181090 0.184295 0.182692 0.187500
0 0.181090 0.192308 0.179487 0.193910 0.173077 0.193910 0.169872 0.190705 0.168269 0.187500 0.168269 0.184295 0.171474 0.181090 0.174679 0.179487 0.163462 0.209936 0.165064 0.213141 0.166667 0.216346
0 0.165064 0.219551 0.163462 0.222756 0.158654 0.222756 0.153846 0.219551 0.152244 0.216346 0.153846 0.211538 0.155449 0.208333 0.160256 0.208333 0.245192 0.336538 0.246795 0.339744 0.248397 0.342949
0 0.246795 0.347756 0.245192 0.349359 0.238782 0.349359 0.235577 0.346154 0.233974 0.342949 0.233974 0.339744 0.237179 0.336538 0.240385 0.334936 0.322115 0.302885 0.323718 0.304487 0.325321 0.309295
0 0.323718 0.312500 0.322115 0.315705 0.317308 0.314103 0.312500 0.310897 0.310897 0.307692 0.310897 0.306090 0.315705 0.302885 0.318910 0.301282 0.312500 0.278846 0.315705 0.282051 0.315705 0.285256
0 0.315705 0.290064 0.312500 0.291667 0.307692 0.291667 0.301282 0.290064 0.302885 0.285256 0.302885 0.280449 0.306090 0.278846 0.309295 0.277244 0.299679 0.320513 0.302885 0.322115 0.304487 0.326923
0 0.302885 0.330128 0.299679 0.333333 0.294872 0.331731 0.288462 0.330128 0.290064 0.325321 0.291667 0.322115 0.293269 0.318910 0.296474 0.318910 0.407051 0.331731 0.410256 0.333333 0.410256 0.338141
0 0.410256 0.341346 0.407051 0.344551 0.402244 0.342949 0.397436 0.339744 0.395833 0.336538 0.397436 0.333333 0.400641 0.331731 0.403846 0.331731 0.431090 0.354167 0.434295 0.357372 0.435897 0.360577
0 0.434295 0.365385 0.431090 0.366987 0.426282 0.366987 0.419872 0.365385 0.421474 0.360577 0.421474 0.357372 0.424679 0.354167 0.427885 0.352564 0.434295 0.338141 0.437500 0.339744 0.439103 0.344551
0 0.437500 0.347756 0.434295 0.350962 0.429487 0.349359 0.423077 0.347756 0.423077 0.344551 0.424679 0.339744 0.427885 0.336538 0.431090 0.336538 0.344551 0.293269 0.347756 0.296474 0.349359 0.301282
0 0.347756 0.304487 0.344551 0.306090 0.339744 0.306090 0.333333 0.304487 0.333333 0.301282 0.334936 0.296474 0.338141 0.293269 0.341346 0.291667 0.354167 0.245192 0.355769 0.248397 0.357372 0.251603
0 0.355769 0.256410 0.354167 0.258013 0.347756 0.258013 0.341346 0.256410 0.342949 0.251603 0.342949 0.248397 0.346154 0.245192 0.349359 0.243590 0.366987 0.259615 0.368590 0.262821 0.370192 0.267628
0 0.368590 0.270833 0.366987 0.272436 0.362179 0.272436 0.357372 0.269231 0.355769 0.266026 0.357372 0.262821 0.358974 0.259615 0.363782 0.258013 0.421474 0.307692 0.423077 0.310897 0.424679 0.314103
0 0.423077 0.318910 0.421474 0.320513 0.416667 0.320513 0.411859 0.317308 0.410256 0.314103 0.410256 0.310897 0.413462 0.307692 0.418269 0.306090 0.485577 0.339744 0.487179 0.341346 0.488782 0.346154
0 0.487179 0.349359 0.485577 0.352564 0.479167 0.350962 0.472756 0.349359 0.474359 0.344551 0.475962 0.341346 0.477564 0.338141 0.480769 0.338141 0.391026 0.435897 0.394231 0.439103 0.395833 0.442308
0 0.394231 0.445513 0.391026 0.448718 0.386218 0.448718 0.379808 0.447115 0.381410 0.442308 0.383013 0.437500 0.384615 0.434295 0.387821 0.434295 0.410256 0.437500 0.413462 0.440705 0.415064 0.443910
0 0.413462 0.448718 0.410256 0.450321 0.405449 0.450321 0.399038 0.448718 0.400641 0.443910 0.400641 0.440705 0.403846 0.437500 0.407051 0.435897 0.512821 0.463141 0.516026 0.466346 0.516026 0.469551
0 0.516026 0.472756 0.512821 0.475962 0.508013 0.475962 0.501603 0.474359 0.503205 0.469551 0.503205 0.464744 0.506410 0.461538 0.509615 0.461538 0.475962 0.516026 0.479167 0.519231 0.480769 0.524038
0 0.479167 0.527244 0.475962 0.528846 0.471154 0.528846 0.464744 0.527244 0.466346 0.522436 0.467949 0.519231 0.469551 0.516026 0.472756 0.514423 0.439103 0.487179 0.440705 0.490385 0.442308 0.495192
0 0.440705 0.498397 0.439103 0.500000 0.434295 0.500000 0.429487 0.496795 0.427885 0.493590 0.429487 0.490385 0.431090 0.487179 0.434295 0.485577 0.527244 0.516026 0.532051 0.517628 0.533654 0.522436
0 0.532051 0.525641 0.528846 0.527244 0.524038 0.527244 0.517628 0.525641 0.519231 0.520833 0.520833 0.517628 0.522436 0.514423 0.524038 0.514423 0.549679 0.504808 0.549679 0.509615 0.551282 0.514423
0 0.551282 0.516026 0.549679 0.517628 0.543269 0.517628 0.536859 0.516026 0.538462 0.511218 0.540064 0.508013 0.541667 0.504808 0.544872 0.503205 0.620192 0.480769 0.623397 0.483974 0.623397 0.488782
0 0.623397 0.491987 0.620192 0.493590 0.615385 0.493590 0.610577 0.490385 0.608974 0.487179 0.610577 0.483974 0.612179 0.480769 0.616987 0.479167 0.604167 0.491987 0.607372 0.495192 0.607372 0.500000
0 0.607372 0.503205 0.604167 0.504808 0.599359 0.504808 0.592949 0.503205 0.592949 0.500000 0.594551 0.495192 0.597756 0.491987 0.600962 0.490385 0.546474 0.413462 0.548077 0.416667 0.549679 0.419872
0 0.549679 0.423077 0.546474 0.426282 0.541667 0.424679 0.535256 0.423077 0.535256 0.419872 0.536859 0.415064 0.540064 0.411859 0.543269 0.411859 0.530449 0.397436 0.533654 0.400641 0.533654 0.403846
0 0.533654 0.407051 0.530449 0.410256 0.525641 0.410256 0.519231 0.408654 0.520833 0.403846 0.520833 0.399038 0.524038 0.395833 0.527244 0.395833 0.559295 0.365385 0.562500 0.368590 0.562500 0.371795
0 0.562500 0.376603 0.559295 0.378205 0.554487 0.378205 0.548077 0.376603 0.549679 0.371795 0.549679 0.366987 0.552885 0.365385 0.556090 0.363782 0.591346 0.533654 0.594551 0.533654 0.596154 0.538462
0 0.594551 0.541667 0.592949 0.543269 0.586538 0.543269 0.583333 0.540064 0.581731 0.536859 0.583333 0.533654 0.584936 0.530449 0.588141 0.528846 0.560897 0.520833 0.564103 0.522436 0.565705 0.527244
0 0.564103 0.530449 0.560897 0.533654 0.556090 0.532051 0.549679 0.530449 0.551282 0.527244 0.551282 0.522436 0.554487 0.519231 0.557692 0.519231 0.578526 0.516026 0.581731 0.519231 0.581731 0.522436
0 0.581731 0.527244 0.578526 0.528846 0.573718 0.528846 0.568910 0.525641 0.567308 0.522436 0.568910 0.519231 0.572115 0.516026 0.575321 0.514423 0.525641 0.451923 0.528846 0.453526 0.528846 0.458333
0 0.528846 0.461538 0.525641 0.464744 0.520833 0.463141 0.514423 0.461538 0.516026 0.458333 0.516026 0.453526 0.519231 0.450321 0.522436 0.450321 0.527244 0.415064 0.530449 0.418269 0.532051 0.421474
0 0.530449 0.424679 0.527244 0.427885 0.522436 0.427885 0.516026 0.426282 0.517628 0.421474 0.519231 0.416667 0.520833 0.413462 0.524038 0.413462 0.544872 0.437500 0.548077 0.439103 0.548077 0.445513
0 0.548077 0.447115 0.544872 0.450321 0.540064 0.448718 0.533654 0.447115 0.535256 0.443910 0.535256 0.439103 0.538462 0.435897 0.541667 0.435897 0.517628 0.544872 0.520833 0.548077 0.520833 0.552885
0 0.520833 0.556090 0.517628 0.557692 0.512821 0.557692 0.508013 0.554487 0.506410 0.551282 0.508013 0.548077 0.511218 0.544872 0.514423 0.543269 0.559295 0.572115 0.562500 0.575321 0.562500 0.580128
0 0.562500 0.583333 0.559295 0.584936 0.554487 0.584936 0.549679 0.581731 0.549679 0.580128 0.551282 0.576923 0.552885 0.572115 0.556090 0.570513 0.418269 0.527244 0.421474 0.528846 0.423077 0.533654
0 0.421474 0.536859 0.418269 0.540064 0.413462 0.538462 0.407051 0.536859 0.408654 0.532051 0.410256 0.528846 0.411859 0.525641 0.415064 0.525641 0.411859 0.551282 0.415064 0.554487 0.416667 0.557692
0 0.415064 0.562500 0.411859 0.564103 0.407051 0.564103 0.400641 0.562500 0.402244 0.557692 0.402244 0.552885 0.405449 0.551282 0.408654 0.549679 0.479167 0.631410 0.482372 0.634615 0.482372 0.637821
0 0.482372 0.642628 0.479167 0.644231 0.474359 0.644231 0.467949 0.642628 0.469551 0.637821 0.469551 0.633013 0.472756 0.631410 0.475962 0.629808 0.548077 0.592949 0.551282 0.596154 0.551282 0.599359
0 0.551282 0.602564 0.548077 0.605769 0.543269 0.605769 0.536859 0.604167 0.538462 0.599359 0.538462 0.594551 0.541667 0.591346 0.544872 0.591346 0.386218 0.540064 0.389423 0.543269 0.389423 0.546474
0 0.389423 0.551282 0.386218 0.552885 0.381410 0.552885 0.375000 0.551282 0.375000 0.546474 0.375000 0.543269 0.378205 0.540064 0.383013 0.538462 0.575321 0.613782 0.576923 0.615385 0.578526 0.620192
0 0.576923 0.623397 0.575321 0.626603 0.568910 0.625000 0.562500 0.623397 0.564103 0.618590 0.565705 0.615385 0.567308 0.612179 0.570513 0.612179 0.620192 0.604167 0.623397 0.607372 0.625000 0.610577
0 0.623397 0.615385 0.620192 0.616987 0.615385 0.616987 0.608974 0.615385 0.610577 0.610577 0.610577 0.607372 0.613782 0.604167 0.616987 0.602564 0.655449 0.612179 0.658654 0.615385 0.660256 0.618590
0 0.658654 0.621795 0.655449 0.625000 0.650641 0.625000 0.644231 0.621795 0.645833 0.618590 0.647436 0.613782 0.649038 0.610577 0.652244 0.610577 0.685897 0.621795 0.689103 0.625000 0.689103 0.629808
0 0.689103 0.633013 0.685897 0.634615 0.681090 0.634615 0.676282 0.631410 0.674679 0.628205 0.676282 0.625000 0.677885 0.621795 0.682692 0.620192 0.714744 0.631410 0.717949 0.634615 0.717949 0.637821
0 0.717949 0.641026 0.714744 0.644231 0.709936 0.644231 0.705128 0.641026 0.703526 0.637821 0.703526 0.634615 0.706731 0.631410 0.711538 0.629808 0.698718 0.546474 0.701923 0.549679 0.703526 0.552885
0 0.701923 0.556090 0.698718 0.559295 0.693910 0.559295 0.687500 0.557692 0.689103 0.552885 0.690705 0.548077 0.692308 0.544872 0.695513 0.544872 0.729167 0.543269 0.732372 0.546474 0.733974 0.549679
0 0.732372 0.554487 0.729167 0.556090 0.724359 0.556090 0.717949 0.554487 0.719551 0.549679 0.719551 0.546474 0.722756 0.543269 0.725962 0.541667 0.714744 0.512821 0.719551 0.514423 0.721154 0.519231
0 0.719551 0.522436 0.716346 0.524038 0.711538 0.524038 0.705128 0.522436 0.705128 0.519231 0.706731 0.514423 0.709936 0.511218 0.713141 0.509615 0.700321 0.508013 0.703526 0.511218 0.703526 0.516026
0 0.703526 0.519231 0.700321 0.520833 0.695513 0.520833 0.689103 0.519231 0.689103 0.516026 0.690705 0.511218 0.693910 0.508013 0.697115 0.506410 0.677885 0.432692 0.679487 0.435897 0.681090 0.440705
0 0.679487 0.443910 0.677885 0.445513 0.673077 0.445513 0.668269 0.442308 0.666667 0.439103 0.668269 0.435897 0.669872 0.432692 0.674679 0.431090 0.649038 0.397436 0.652244 0.400641 0.652244 0.405449
0 0.652244 0.408654 0.649038 0.410256 0.644231 0.410256 0.637821 0.408654 0.637821 0.405449 0.639423 0.400641 0.642628 0.397436 0.645833 0.395833 0.576923 0.427885 0.580128 0.431090 0.580128 0.434295
0 0.580128 0.439103 0.576923 0.440705 0.572115 0.440705 0.565705 0.434295 0.567308 0.429487 0.570513 0.427885 0.573718 0.426282 0.725962 0.431090 0.729167 0.434295 0.729167 0.439103 0.729167 0.442308
0 0.725962 0.443910 0.721154 0.443910 0.716346 0.440705 0.714744 0.437500 0.716346 0.434295 0.717949 0.431090 0.722756 0.429487 0.799679 0.596154 0.802885 0.597756 0.802885 0.602564 0.802885 0.605769
0 0.799679 0.608974 0.794872 0.607372 0.790064 0.605769 0.788462 0.602564 0.790064 0.597756 0.791667 0.594551 0.796474 0.594551 0.852564 0.589744 0.854167 0.592949 0.855769 0.597756 0.854167 0.600962
0 0.852564 0.602564 0.847756 0.602564 0.842949 0.599359 0.841346 0.596154 0.842949 0.592949 0.844551 0.589744 0.849359 0.588141 0.868590 0.644231 0.871795 0.647436 0.871795 0.650641 0.871795 0.655449
0 0.868590 0.657051 0.863782 0.657051 0.858974 0.653846 0.857372 0.650641 0.857372 0.647436 0.860577 0.644231 0.865385 0.642628 0.889423 0.677885 0.892628 0.681090 0.892628 0.684295 0.892628 0.689103
0 0.889423 0.690705 0.884615 0.690705 0.879808 0.687500 0.878205 0.684295 0.879808 0.679487 0.883013 0.677885 0.886218 0.676282 0.900641 0.666667 0.903846 0.668269 0.905449 0.673077 0.903846 0.676282
0 0.900641 0.679487 0.895833 0.677885 0.889423 0.676282 0.889423 0.673077 0.891026 0.668269 0.894231 0.665064 0.897436 0.665064 0.871795 0.663462 0.875000 0.665064 0.876603 0.669872 0.875000 0.673077
0 0.871795 0.676282 0.866987 0.674679 0.860577 0.673077 0.862179 0.669872 0.862179 0.665064 0.865385 0.661859 0.868590 0.661859 0.844551 0.674679 0.847756 0.677885 0.849359 0.681090 0.847756 0.685897
0 0.844551 0.687500 0.839744 0.687500 0.833333 0.685897 0.834936 0.681090 0.834936 0.677885 0.838141 0.674679 0.841346 0.673077 0.899038 0.701923 0.900641 0.705128 0.902244 0.709936 0.900641 0.713141
0 0.899038 0.714744 0.894231 0.714744 0.889423 0.711538 0.887821 0.708333 0.889423 0.705128 0.891026 0.701923 0.895833 0.700321 0.838141 0.621795 0.841346 0.625000 0.842949 0.629808 0.841346 0.633013
0 0.838141 0.634615 0.833333 0.634615 0.826923 0.633013 0.826923 0.629808 0.828526 0.625000 0.831731 0.621795 0.834936 0.620192 0.916667 0.575321 0.919872 0.578526 0.921474 0.583333 0.919872 0.586538
0 0.916667 0.588141 0.911859 0.588141 0.905449 0.586538 0.907051 0.581731 0.908654 0.578526 0.910256 0.575321 0.913462 0.573718 0.932692 0.581731 0.935897 0.584936 0.937500 0.588141 0.935897 0.592949
0 0.932692 0.594551 0.927885 0.594551 0.921474 0.592949 0.923077 0.588141 0.923077 0.584936 0.926282 0.581731 0.929487 0.580128 0.958333 0.581731 0.961538 0.583333 0.963141 0.588141 0.961538 0.591346
0 0.958333 0.594551 0.953526 0.592949 0.947115 0.591346 0.948718 0.586538 0.950321 0.583333 0.951923 0.580128 0.955128 0.580128 0.822115 0.552885 0.825321 0.556090 0.826923 0.559295 0.825321 0.562500
0 0.822115 0.565705 0.817308 0.565705 0.810897 0.564103 0.812500 0.559295 0.814103 0.554487 0.815705 0.551282 0.818910 0.551282 0.862179 0.511218 0.865385 0.514423 0.866987 0.517628 0.865385 0.520833
0 0.862179 0.524038 0.857372 0.524038 0.850962 0.522436 0.852564 0.517628 0.852564 0.512821 0.855769 0.509615 0.858974 0.509615 0.849359 0.496795 0.852564 0.503205 0.850962 0.506410 0.849359 0.509615
0 0.842949 0.508013 0.836538 0.506410 0.838141 0.501603 0.839744 0.498397 0.841346 0.495192 0.844551 0.495192 0.812500 0.653846 0.814103 0.657051 0.815705 0.661859 0.814103 0.665064 0.812500 0.666667
0 0.807692 0.666667 0.802885 0.663462 0.801282 0.660256 0.802885 0.657051 0.804487 0.653846 0.807692 0.652244 0.889423 0.756410 0.892628 0.759615 0.894231 0.762821 0.892628 0.766026 0.889423 0.769231
0 0.884615 0.769231 0.878205 0.767628 0.879808 0.762821 0.881410 0.758013 0.883013 0.754808 0.886218 0.754808 0.838141 0.750000 0.839744 0.753205 0.841346 0.756410 0.839744 0.761218 0.838141 0.762821
0 0.831731 0.762821 0.828526 0.759615 0.826923 0.756410 0.826923 0.753205 0.830128 0.750000 0.833333 0.748397 0.775641 0.745192 0.777244 0.746795 0.778846 0.751603 0.777244 0.754808 0.775641 0.756410
0 0.770833 0.756410 0.766026 0.753205 0.764423 0.750000 0.766026 0.746795 0.767628 0.743590 0.772436 0.741987 0.857372 0.764423 0.860577 0.767628 0.860577 0.770833 0.860577 0.774038 0.857372 0.777244
0 0.852564 0.777244 0.847756 0.774038 0.846154 0.770833 0.847756 0.766026 0.850962 0.762821 0.854167 0.762821 0.903846 0.741987 0.907051 0.745192 0.908654 0.748397 0.907051 0.751603 0.903846 0.754808
0 0.899038 0.754808 0.892628 0.751603 0.894231 0.748397 0.894231 0.743590 0.897436 0.740385 0.900641 0.740385 0.729167 0.716346 0.730769 0.719551 0.732372 0.722756 0.730769 0.725962 0.729167 0.729167
0 0.724359 0.729167 0.719551 0.725962 0.717949 0.722756 0.717949 0.719551 0.721154 0.716346 0.724359 0.714744 0.673077 0.758013 0.676282 0.761218 0.676282 0.764423 0.676282 0.769231 0.673077 0.770833
0 0.668269 0.770833 0.663462 0.767628 0.661859 0.764423 0.663462 0.759615 0.666667 0.758013 0.669872 0.756410 0.631410 0.770833 0.634615 0.774038 0.636218 0.777244 0.634615 0.780449 0.631410 0.783654
0 0.626603 0.783654 0.620192 0.782051 0.621795 0.777244 0.623397 0.772436 0.625000 0.769231 0.628205 0.769231 0.581731 0.753205 0.584936 0.756410 0.586538 0.759615 0.584936 0.762821 0.581731 0.766026
0 0.576923 0.766026 0.570513 0.764423 0.572115 0.759615 0.572115 0.754808 0.575321 0.753205 0.578526 0.751603 0.780449 0.849359 0.783654 0.852564 0.783654 0.855769 0.782051 0.860577 0.780449 0.862179
0 0.775641 0.862179 0.770833 0.858974 0.769231 0.855769 0.769231 0.852564 0.772436 0.849359 0.777244 0.847756 0.785256 0.801282 0.788462 0.804487 0.790064 0.807692 0.788462 0.810897 0.785256 0.814103
0 0.780449 0.814103 0.774038 0.812500 0.775641 0.807692 0.777244 0.802885 0.778846 0.799679 0.782051 0.799679 0.847756 0.881410 0.850962 0.883013 0.852564 0.887821 0.850962 0.891026 0.847756 0.894231
0 0.842949 0.892628 0.836538 0.891026 0.836538 0.887821 0.838141 0.883013 0.841346 0.879808 0.844551 0.879808 0.806090 0.921474 0.809295 0.924679 0.809295 0.929487 0.809295 0.932692 0.806090 0.934295
0 0.801282 0.934295 0.794872 0.932692 0.794872 0.929487 0.796474 0.924679 0.799679 0.921474 0.802885 0.919872 0.629808 0.862179 0.631410 0.865385 0.633013 0.870192 0.631410 0.873397 0.629808 0.875000
0 0.623397 0.875000 0.616987 0.873397 0.618590 0.868590 0.620192 0.865385 0.621795 0.862179 0.625000 0.860577 0.690705 0.865385 0.693910 0.868590 0.695513 0.873397 0.693910 0.876603 0.690705 0.878205
0 0.685897 0.878205 0.679487 0.876603 0.681090 0.871795 0.682692 0.868590 0.684295 0.865385 0.687500 0.863782 0.679487 0.849359 0.682692 0.850962 0.684295 0.855769 0.682692 0.858974 0.679487 0.862179
0 0.674679 0.860577 0.668269 0.858974 0.669872 0.855769 0.669872 0.850962 0.673077 0.847756 0.676282 0.847756 0.828526 0.947115 0.831731 0.950321 0.833333 0.953526 0.831731 0.956731 0.828526 0.959936
0 0.823718 0.959936 0.817308 0.958333 0.818910 0.953526 0.820513 0.948718 0.822115 0.945513 0.825321 0.945513 0.810897 0.950321 0.814103 0.953526 0.814103 0.956731 0.814103 0.961538 0.810897 0.963141
0 0.799679 0.961538 0.801282 0.956731 0.801282 0.951923 0.804487 0.950321 0.807692 0.948718 0.713141 0.921474 0.716346 0.923077 0.717949 0.927885 0.716346 0.931090 0.713141 0.934295 0.708333 0.932692
0 0.701923 0.931090 0.703526 0.927885 0.703526 0.924679 0.706731 0.919872 0.709936 0.919872 0.669872 0.942308 0.673077 0.945513 0.673077 0.948718 0.673077 0.951923 0.669872 0.955128 0.665064 0.955128
0 0.658654 0.953526 0.660256 0.948718 0.660256 0.943910 0.663462 0.940705 0.666667 0.940705 0.628205 0.926282 0.631410 0.929487 0.631410 0.932692 0.631410 0.935897 0.628205 0.939103 0.623397 0.939103
0 0.618590 0.935897 0.616987 0.932692 0.618590 0.927885 0.620192 0.924679 0.625000 0.924679 0.661859 0.958333 0.665064 0.961538 0.665064 0.964744 0.665064 0.967949 0.661859 0.971154 0.657051 0.971154
0 0.652244 0.967949 0.650641 0.964744 0.652244 0.959936 0.655449 0.956731 0.658654 0.956731 0.788462 0.987179 0.790064 0.990385 0.791667 0.993590 0.778846 0.996795 0.777244 0.993590 0.777244 0.990385
0 0.780449 0.987179 0.785256 0.985577 0.578526 0.895833 0.580128 0.899038 0.581731 0.902244 0.580128 0.907051 0.578526 0.908654 0.573718 0.908654 0.568910 0.905449 0.567308 0.902244 0.567308 0.899038
0 0.570513 0.895833 0.575321 0.894231 0.562500 0.817308 0.565705 0.820513 0.565705 0.823718 0.565705 0.826923 0.562500 0.830128 0.557692 0.828526 0.552885 0.826923 0.551282 0.823718 0.552885 0.818910
0 0.556090 0.815705 0.559295 0.815705 0.541667 0.791667 0.544872 0.794872 0.544872 0.798077 0.544872 0.801282 0.541667 0.804487 0.536859 0.802885 0.530449 0.802885 0.532051 0.798077 0.532051 0.793269
0 0.535256 0.790064 0.538462 0.790064 0.538462 0.814103 0.540064 0.817308 0.541667 0.820513 0.540064 0.825321 0.538462 0.826923 0.533654 0.826923 0.528846 0.823718 0.527244 0.820513 0.527244 0.817308
0 0.530449 0.814103 0.535256 0.812500 0.682692 0.887821 0.685897 0.891026 0.687500 0.894231 0.685897 0.899038 0.682692 0.900641 0.677885 0.900641 0.671474 0.899038 0.673077 0.894231 0.673077 0.889423
0 0.676282 0.887821 0.679487 0.886218 0.495192 0.796474 0.498397 0.799679 0.500000 0.804487 0.498397 0.807692 0.495192 0.809295 0.490385 0.809295 0.483974 0.807692 0.483974 0.804487 0.485577 0.799679
0 0.488782 0.796474 0.491987 0.794872 0.506410 0.775641 0.509615 0.777244 0.509615 0.782051 0.509615 0.785256 0.506410 0.788462 0.501603 0.786859 0.495192 0.785256 0.496795 0.782051 0.496795 0.777244
0 0.500000 0.774038 0.503205 0.774038 0.522436 0.774038 0.525641 0.777244 0.527244 0.782051 0.525641 0.785256 0.522436 0.786859 0.517628 0.786859 0.511218 0.785256 0.512821 0.780449 0.514423 0.777244
0 0.516026 0.774038 0.519231 0.772436 0.514423 0.823718 0.516026 0.826923 0.517628 0.830128 0.516026 0.834936 0.514423 0.836538 0.509615 0.834936 0.504808 0.833333 0.503205 0.830128 0.503205 0.826923
0 0.506410 0.823718 0.511218 0.822115 0.498397 0.743590 0.500000 0.746795 0.501603 0.750000 0.500000 0.754808 0.498397 0.756410 0.493590 0.756410 0.488782 0.753205 0.487179 0.750000 0.487179 0.746795
0 0.490385 0.743590 0.493590 0.741987 0.762821 0.974359 0.766026 0.977564 0.766026 0.980769 0.766026 0.983974 0.762821 0.987179 0.758013 0.985577 0.753205 0.983974 0.751603 0.980769 0.753205 0.975962
0 0.756410 0.972756 0.759615 0.972756 0.458333 0.746795 0.459936 0.750000 0.461538 0.753205 0.459936 0.756410 0.458333 0.759615 0.453526 0.758013 0.448718 0.756410 0.447115 0.753205 0.448718 0.748397
0 0.450321 0.745192 0.453526 0.745192 0.419872 0.754808 0.423077 0.758013 0.423077 0.762821 0.423077 0.766026 0.419872 0.767628 0.415064 0.767628 0.408654 0.766026 0.408654 0.762821 0.410256 0.758013
0 0.413462 0.754808 0.416667 0.753205 0.416667 0.722756 0.419872 0.724359 0.421474 0.729167 0.419872 0.732372 0.416667 0.735577 0.411859 0.733974 0.407051 0.732372 0.407051 0.729167 0.408654 0.724359
0 0.410256 0.721154 0.413462 0.721154 0.464744 0.724359 0.466346 0.727564 0.467949 0.730769 0.466346 0.735577 0.464744 0.737179 0.459936 0.735577 0.455128 0.733974 0.453526 0.730769 0.453526 0.727564
0 0.456731 0.724359 0.461538 0.722756 0.552885 0.689103 0.556090 0.692308 0.557692 0.695513 0.556090 0.700321 0.552885 0.701923 0.548077 0.701923 0.541667 0.700321 0.543269 0.695513 0.543269 0.692308
0 0.546474 0.690705 0.549679 0.687500 0.310897 0.650641 0.314103 0.652244 0.314103 0.657051 0.314103 0.660256 0.310897 0.663462 0.306090 0.661859 0.299679 0.660256 0.301282 0.657051 0.301282 0.652244
0 0.304487 0.649038 0.307692 0.649038 0.466346 0.844551 0.467949 0.847756 0.469551 0.850962 0.467949 0.855769 0.466346 0.857372 0.461538 0.857372 0.456731 0.854167 0.455128 0.850962 0.455128 0.847756
0 0.458333 0.844551 0.461538 0.842949 0.298077 0.759615 0.301282 0.762821 0.302885 0.766026 0.301282 0.770833 0.298077 0.772436 0.293269 0.772436 0.286859 0.770833 0.288462 0.766026 0.288462 0.762821
0 0.291667 0.759615 0.294872 0.758013 0.352564 0.711538 0.355769 0.713141 0.357372 0.717949 0.355769 0.721154 0.352564 0.724359 0.347756 0.722756 0.341346 0.721154 0.342949 0.716346 0.344551 0.713141
0 0.346154 0.709936 0.349359 0.709936 0.274038 0.658654 0.277244 0.661859 0.278846 0.665064 0.277244 0.669872 0.274038 0.671474 0.269231 0.669872 0.262821 0.669872 0.264423 0.665064 0.264423 0.661859
0 0.267628 0.658654 0.270833 0.657051 0.317308 0.668269 0.318910 0.671474 0.320513 0.674679 0.318910 0.679487 0.317308 0.681090 0.310897 0.681090 0.304487 0.679487 0.306090 0.674679 0.306090 0.671474
0 0.309295 0.668269 0.312500 0.666667 0.318910 0.637821 0.323718 0.639423 0.325321 0.644231 0.323718 0.647436 0.320513 0.649038 0.315705 0.649038 0.309295 0.647436 0.310897 0.642628 0.312500 0.639423
0 0.314103 0.636218 0.317308 0.634615 0.397436 0.626603 0.399038 0.628205 0.400641 0.633013 0.399038 0.636218 0.397436 0.639423 0.392628 0.637821 0.387821 0.634615 0.386218 0.631410 0.387821 0.628205
0 0.389423 0.625000 0.394231 0.623397 0.269231 0.684295 0.270833 0.687500 0.274038 0.689103 0.272436 0.692308 0.270833 0.695513 0.266026 0.693910 0.261218 0.692308 0.259615 0.689103 0.261218 0.684295
0 0.262821 0.681090 0.266026 0.681090 0.514423 0.669872 0.517628 0.673077 0.517628 0.676282 0.517628 0.681090 0.514423 0.682692 0.509615 0.682692 0.504808 0.679487 0.503205 0.676282 0.504808 0.671474
0 0.508013 0.671474 0.511218 0.668269 0.240385 0.703526 0.243590 0.706731 0.245192 0.709936 0.243590 0.714744 0.240385 0.716346 0.235577 0.714744 0.229167 0.714744 0.230769 0.709936 0.230769 0.706731
0 0.233974 0.703526 0.237179 0.701923 0.224359 0.700321 0.225962 0.703526 0.227564 0.706731 0.225962 0.709936 0.224359 0.713141 0.219551 0.711538 0.214744 0.709936 0.213141 0.706731 0.214744 0.701923
0 0.216346 0.698718 0.219551 0.698718 0.243590 0.743590 0.248397 0.745192 0.248397 0.750000 0.248397 0.753205 0.245192 0.754808 0.240385 0.754808 0.235577 0.751603 0.233974 0.748397 0.235577 0.745192
0 0.238782 0.741987 0.241987 0.740385 0.256410 0.732372 0.258013 0.735577 0.259615 0.738782 0.258013 0.741987 0.256410 0.745192 0.251603 0.743590 0.246795 0.741987 0.245192 0.738782 0.246795 0.733974
0 0.248397 0.730769 0.251603 0.730769 0.264423 0.766026 0.267628 0.769231 0.269231 0.774038 0.267628 0.777244 0.264423 0.778846 0.259615 0.778846 0.253205 0.777244 0.253205 0.774038 0.254808 0.769231
0 0.258013 0.766026 0.261218 0.764423 0.302885 0.780449 0.304487 0.782051 0.306090 0.786859 0.304487 0.790064 0.302885 0.793269 0.298077 0.791667 0.293269 0.788462 0.291667 0.785256 0.293269 0.782051
0 0.294872 0.778846 0.299679 0.777244 0.222756 0.657051 0.225962 0.660256 0.227564 0.663462 0.225962 0.668269 0.222756 0.669872 0.217949 0.668269 0.211538 0.668269 0.213141 0.663462 0.213141 0.658654
0 0.216346 0.657051 0.219551 0.655449 0.221154 0.600962 0.224359 0.604167 0.225962 0.608974 0.224359 0.612179 0.221154 0.613782 0.216346 0.613782 0.209936 0.612179 0.209936 0.608974 0.211538 0.604167
0 0.214744 0.600962 0.217949 0.599359 0.216346 0.681090 0.219551 0.682692 0.219551 0.687500 0.219551 0.690705 0.216346 0.693910 0.211538 0.692308 0.205128 0.690705 0.206731 0.687500 0.206731 0.682692
0 0.209936 0.679487 0.213141 0.679487 0.174679 0.685897 0.177885 0.689103 0.177885 0.692308 0.177885 0.695513 0.174679 0.698718 0.169872 0.698718 0.165064 0.697115 0.165064 0.692308 0.165064 0.687500
0 0.168269 0.685897 0.171474 0.684295 0.158654 0.673077 0.161859 0.676282 0.163462 0.681090 0.161859 0.684295 0.158654 0.685897 0.153846 0.685897 0.147436 0.684295 0.147436 0.681090 0.149038 0.676282
0 0.152244 0.673077 0.155449 0.671474 0.160256 0.605769 0.163462 0.608974 0.165064 0.612179 0.163462 0.615385 0.160256 0.618590 0.155449 0.618590 0.149038 0.616987 0.150641 0.612179 0.152244 0.607372
0 0.153846 0.604167 0.157051 0.604167 0.201923 0.616987 0.205128 0.620192 0.205128 0.625000 0.205128 0.628205 0.201923 0.629808 0.197115 0.629808 0.192308 0.626603 0.190705 0.623397 0.192308 0.620192
0 0.195513 0.616987 0.198718 0.615385 0.169872 0.592949 0.171474 0.594551 0.173077 0.599359 0.171474 0.602564 0.169872 0.605769 0.163462 0.604167 0.157051 0.602564 0.158654 0.599359 0.160256 0.594551
0 0.161859 0.591346 0.165064 0.591346 0.081731 0.645833 0.084936 0.647436 0.084936 0.652244 0.084936 0.655449 0.081731 0.658654 0.076923 0.657051 0.070513 0.655449 0.072115 0.652244 0.072115 0.647436
0 0.075321 0.644231 0.078526 0.644231 0.121795 0.647436 0.125000 0.650641 0.125000 0.653846 0.125000 0.658654 0.121795 0.660256 0.116987 0.660256 0.110577 0.658654 0.112179 0.653846 0.112179 0.649038
0 0.115385 0.647436 0.118590 0.645833 0.020833 0.424679 0.022436 0.426282 0.024038 0.431090 0.022436 0.434295 0.020833 0.437500 0.016026 0.435897 0.011218 0.434295 0.009615 0.431090 0.011218 0.426282
0 0.012821 0.423077 0.017628 0.423077 0.060897 0.525641 0.062500 0.528846 0.064103 0.533654 0.062500 0.536859 0.060897 0.538462 0.054487 0.538462 0.051282 0.535256 0.049679 0.532051 0.051282 0.528846
0 0.052885 0.525641 0.056090 0.524038 0.118590 0.597756 0.121795 0.600962 0.123397 0.604167 0.121795 0.608974 0.118590 0.610577 0.113782 0.610577 0.107372 0.608974 0.108974 0.604167 0.108974 0.600962
0 0.112179 0.597756 0.115385 0.596154 0.283654 0.674679 0.285256 0.677885 0.286859 0.681090 0.285256 0.685897 0.283654 0.687500 0.277244 0.687500 0.274038 0.684295 0.272436 0.681090 0.272436 0.677885
0 0.275641 0.674679 0.278846 0.673077 0.403846 0.583333 0.405449 0.586538 0.407051 0.589744 0.405449 0.594551 0.403846 0.596154 0.397436 0.596154 0.394231 0.592949 0.392628 0.589744 0.394231 0.586538
0 0.395833 0.583333 0.399038 0.581731 0.445513 0.588141 0.445513 0.589744 0.448718 0.592949 0.447115 0.596154 0.445513 0.597756 0.439103 0.594551 0.435897 0.591346 0.435897 0.588141 0.439103 0.586538
0 0.442308 0.584936 0.283654 0.517628 0.286859 0.520833 0.288462 0.524038 0.286859 0.528846 0.283654 0.530449 0.278846 0.530449 0.272436 0.528846 0.274038 0.524038 0.275641 0.520833 0.277244 0.517628
0 0.280449 0.516026 0.258013 0.471154 0.259615 0.472756 0.261218 0.477564 0.259615 0.480769 0.258013 0.483974 0.251603 0.482372 0.248397 0.480769 0.246795 0.477564 0.248397 0.472756 0.250000 0.469551
0 0.254808 0.469551 0.217949 0.392628 0.221154 0.395833 0.222756 0.400641 0.221154 0.403846 0.217949 0.407051 0.214744 0.407051 0.208333 0.405449 0.203526 0.402244 0.205128 0.397436 0.206731 0.392628
0 0.209936 0.389423 0.213141 0.389423 0.209936 0.344551 0.213141 0.347756 0.214744 0.352564 0.213141 0.355769 0.209936 0.358974 0.206731 0.358974 0.200321 0.357372 0.195513 0.354167 0.197115 0.349359
0 0.197115 0.344551 0.201923 0.342949 0.205128 0.342949 0.198718 0.306090 0.203526 0.309295 0.205128 0.314103 0.203526 0.318910 0.200321 0.320513 0.197115 0.322115 0.190705 0.318910 0.187500 0.315705
0 0.185897 0.310897 0.187500 0.307692 0.192308 0.304487 0.195513 0.304487 0.288462 0.435897 0.291667 0.439103 0.293269 0.443910 0.291667 0.448718 0.290064 0.450321 0.285256 0.450321 0.280449 0.448718
0 0.277244 0.445513 0.275641 0.440705 0.277244 0.435897 0.280449 0.434295 0.283654 0.434295 0.147436 0.363782 0.150641 0.366987 0.152244 0.371795 0.152244 0.376603 0.149038 0.378205 0.144231 0.379808
0 0.139423 0.376603 0.136218 0.373397 0.134615 0.368590 0.136218 0.365385 0.139423 0.362179 0.144231 0.362179 0.133013 0.392628 0.136218 0.395833 0.137821 0.400641 0.136218 0.403846 0.134615 0.407051
0 0.129808 0.407051 0.125000 0.405449 0.121795 0.400641 0.120192 0.397436 0.121795 0.392628 0.125000 0.391026 0.128205 0.389423 0.110577 0.392628 0.113782 0.395833 0.115385 0.400641 0.113782 0.405449
0 0.110577 0.407051 0.107372 0.408654 0.102564 0.405449 0.097756 0.402244 0.097756 0.397436 0.105769 0.391026 0.100962 0.419872 0.104167 0.423077 0.105769 0.427885 0.104167 0.432692 0.102564 0.434295
0 0.097756 0.435897 0.092949 0.432692 0.089744 0.429487 0.088141 0.424679 0.089744 0.421474 0.092949 0.418269 0.096154 0.418269 0.076923 0.350962 0.080128 0.354167 0.081731 0.358974 0.080128 0.362179
0 0.076923 0.365385 0.073718 0.365385 0.067308 0.363782 0.062500 0.360577 0.064103 0.355769 0.064103 0.350962 0.068910 0.349359 0.072115 0.347756 0.096154 0.302885 0.100962 0.306090 0.102564 0.310897
0 0.100962 0.314103 0.097756 0.317308 0.094551 0.317308 0.088141 0.315705 0.084936 0.310897 0.083333 0.307692 0.084936 0.302885 0.089744 0.301282 0.092949 0.299679 0.056090 0.306090 0.059295 0.309295
0 0.060897 0.314103 0.060897 0.317308 0.057692 0.320513 0.052885 0.320513 0.048077 0.318910 0.044872 0.314103 0.043269 0.310897 0.044872 0.306090 0.048077 0.304487 0.052885 0.302885
0 0.011218 0.306090 0.014423 0.309295 0.016026 0.314103 0.014423 0.318910 0.011218 0.320513 0.008013 0.320513 0.003205 0.318910 0.000000 0.315705 0.000000 0.306090 0.003205 0.304487 0.006410 0.304487
0 0.000000 0.318910 0.000000 0.323718 0.000000 0.328526 0.003205 0.272436 0.006410 0.275641 0.008013 0.280449 0.008013 0.283654 0.004808 0.286859 0.000000 0.286859 0.000000 0.270833 0.097756 0.378205
0 0.100962 0.381410 0.102564 0.386218 0.102564 0.391026 0.099359 0.394231 0.094551 0.394231 0.089744 0.392628 0.086538 0.387821 0.084936 0.383013 0.086538 0.379808 0.089744 0.376603 0.094551 0.376603 0.011218 0.375000
0 0.014423 0.378205 0.016026 0.383013 0.014423 0.387821 0.011218 0.389423 0.008013 0.391026 0.001603 0.387821 0.000000 0.376603 0.003205 0.373397 0.006410 0.373397 0.115385 0.334936 0.118590 0.338141 0.120192 0.342949
0 0.118590 0.347756 0.116987 0.350962 0.112179 0.350962 0.107372 0.349359 0.104167 0.344551 0.102564 0.339744 0.104167 0.336538 0.107372 0.333333 0.110577 0.333333 0.136218 0.266026 0.139423 0.269231 0.141026 0.274038
0 0.139423 0.277244 0.136218 0.280449 0.133013 0.280449 0.128205 0.278846 0.121795 0.275641 0.123397 0.270833 0.125000 0.266026 0.128205 0.264423 0.131410 0.264423 0.046474 0.166667 0.049679 0.169872 0.051282 0.174679
0 0.051282 0.179487 0.048077 0.182692 0.043269 0.182692 0.038462 0.181090 0.035256 0.176282 0.033654 0.173077 0.035256 0.168269 0.038462 0.165064 0.043269 0.165064 0.139423 0.145833 0.142628 0.149038 0.144231 0.153846
0 0.142628 0.158654 0.139423 0.160256 0.136218 0.161859 0.129808 0.158654 0.126603 0.155449 0.125000 0.152244 0.126603 0.147436 0.131410 0.144231 0.134615 0.144231 0.293269 0.256410 0.296474 0.258013 0.298077 0.264423
0 0.298077 0.267628 0.294872 0.270833 0.290064 0.270833 0.285256 0.269231 0.282051 0.264423 0.280449 0.261218 0.282051 0.256410 0.285256 0.253205 0.290064 0.253205 0.318910 0.232372 0.322115 0.235577 0.323718 0.240385
0 0.323718 0.245192 0.320513 0.246795 0.315705 0.248397 0.310897 0.245192 0.307692 0.241987 0.306090 0.237179 0.307692 0.233974 0.310897 0.230769 0.315705 0.230769 0.325321 0.375000 0.328526 0.378205 0.330128 0.383013
0 0.328526 0.386218 0.325321 0.389423 0.322115 0.389423 0.315705 0.387821 0.310897 0.384615 0.312500 0.379808 0.312500 0.375000 0.317308 0.373397 0.320513 0.373397 0.362179 0.278846 0.365385 0.282051 0.366987 0.286859
0 0.365385 0.290064 0.362179 0.293269 0.358974 0.293269 0.354167 0.291667 0.347756 0.288462 0.349359 0.283654 0.350962 0.278846 0.354167 0.277244 0.357372 0.277244 0.402244 0.312500 0.405449 0.315705 0.407051 0.320513
0 0.405449 0.325321 0.402244 0.328526 0.399038 0.328526 0.394231 0.326923 0.389423 0.322115 0.389423 0.317308 0.391026 0.314103 0.394231 0.310897 0.397436 0.310897 0.426282 0.471154 0.429487 0.474359 0.431090 0.479167
0 0.429487 0.482372 0.427885 0.485577 0.423077 0.485577 0.418269 0.483974 0.415064 0.479167 0.413462 0.475962 0.415064 0.471154 0.418269 0.469551 0.421474 0.467949 0.506410 0.423077 0.509615 0.424679 0.511218 0.431090
0 0.509615 0.434295 0.506410 0.437500 0.503205 0.437500 0.496795 0.435897 0.491987 0.432692 0.493590 0.427885 0.493590 0.423077 0.498397 0.419872 0.501603 0.419872 0.475962 0.416667 0.479167 0.419872 0.480769 0.424679
0 0.480769 0.427885 0.477564 0.431090 0.472756 0.431090 0.467949 0.429487 0.464744 0.424679 0.463141 0.421474 0.464744 0.416667 0.467949 0.415064 0.472756 0.415064 0.564103 0.434295 0.567308 0.437500 0.568910 0.442308
0 0.567308 0.445513 0.564103 0.448718 0.560897 0.448718 0.556090 0.447115 0.549679 0.443910 0.551282 0.439103 0.552885 0.434295 0.556090 0.432692 0.559295 0.431090 0.639423 0.443910 0.642628 0.447115 0.644231 0.451923
0 0.642628 0.455128 0.641026 0.458333 0.636218 0.458333 0.631410 0.456731 0.628205 0.451923 0.626603 0.448718 0.628205 0.443910 0.631410 0.442308 0.634615 0.442308 0.565705 0.501603 0.568910 0.504808 0.570513 0.509615
0 0.568910 0.512821 0.565705 0.516026 0.562500 0.516026 0.557692 0.514423 0.551282 0.511218 0.552885 0.506410 0.554487 0.501603 0.557692 0.500000 0.560897 0.500000 0.496795 0.500000 0.501603 0.503205 0.503205 0.508013
0 0.501603 0.511218 0.498397 0.514423 0.495192 0.514423 0.488782 0.512821 0.485577 0.508013 0.483974 0.504808 0.485577 0.500000 0.490385 0.498397 0.493590 0.498397 0.605769 0.431090 0.608974 0.434295 0.610577 0.439103
0 0.608974 0.443910 0.605769 0.445513 0.602564 0.447115 0.596154 0.443910 0.592949 0.440705 0.592949 0.435897 0.594551 0.431090 0.597756 0.429487 0.600962 0.429487 0.463141 0.535256 0.467949 0.538462 0.469551 0.543269
0 0.467949 0.548077 0.464744 0.549679 0.461538 0.549679 0.455128 0.548077 0.451923 0.544872 0.450321 0.540064 0.451923 0.535256 0.456731 0.533654 0.459936 0.533654 0.612179 0.565705 0.615385 0.568910 0.616987 0.573718
0 0.615385 0.578526 0.612179 0.581731 0.608974 0.581731 0.604167 0.580128 0.597756 0.576923 0.599359 0.572115 0.600962 0.567308 0.604167 0.564103 0.607372 0.564103 0.592949 0.581731 0.596154 0.584936 0.597756 0.589744
0 0.597756 0.592949 0.594551 0.596154 0.589744 0.596154 0.584936 0.594551 0.581731 0.589744 0.580128 0.586538 0.581731 0.581731 0.584936 0.578526 0.588141 0.578526 0.530449 0.604167 0.535256 0.607372 0.535256 0.612179
0 0.535256 0.616987 0.532051 0.620192 0.527244 0.620192 0.522436 0.618590 0.519231 0.613782 0.517628 0.608974 0.519231 0.605769 0.522436 0.602564 0.527244 0.602564 0.527244 0.639423 0.530449 0.642628 0.532051 0.647436
0 0.532051 0.652244 0.528846 0.653846 0.524038 0.655449 0.519231 0.652244 0.516026 0.649038 0.514423 0.644231 0.516026 0.641026 0.519231 0.637821 0.524038 0.637821 0.549679 0.655449 0.552885 0.658654 0.554487 0.663462
0 0.552885 0.668269 0.549679 0.671474 0.546474 0.671474 0.541667 0.669872 0.535256 0.666667 0.536859 0.661859 0.538462 0.657051 0.541667 0.653846 0.544872 0.653846 0.504808 0.653846 0.508013 0.655449 0.509615 0.661859
0 0.509615 0.665064 0.506410 0.668269 0.501603 0.668269 0.496795 0.666667 0.493590 0.661859 0.491987 0.658654 0.493590 0.653846 0.496795 0.650641 0.501603 0.650641 0.491987 0.666667 0.495192 0.669872 0.496795 0.674679
0 0.495192 0.679487 0.491987 0.681090 0.488782 0.682692 0.482372 0.679487 0.479167 0.676282 0.479167 0.671474 0.480769 0.666667 0.483974 0.665064 0.487179 0.665064 0.540064 0.674679 0.544872 0.677885 0.544872 0.682692
0 0.544872 0.687500 0.541667 0.689103 0.536859 0.690705 0.532051 0.687500 0.528846 0.684295 0.527244 0.679487 0.528846 0.674679 0.533654 0.673077 0.536859 0.673077 0.564103 0.706731 0.568910 0.709936 0.570513 0.714744
0 0.568910 0.719551 0.565705 0.722756 0.560897 0.722756 0.556090 0.719551 0.552885 0.716346 0.551282 0.711538 0.552885 0.708333 0.557692 0.705128 0.560897 0.705128 0.397436 0.653846 0.400641 0.657051 0.402244 0.661859
0 0.400641 0.666667 0.399038 0.668269 0.394231 0.668269 0.389423 0.666667 0.386218 0.661859 0.384615 0.658654 0.386218 0.653846 0.389423 0.652244 0.392628 0.652244 0.447115 0.570513 0.450321 0.572115 0.451923 0.578526
0 0.450321 0.581731 0.447115 0.584936 0.443910 0.584936 0.437500 0.583333 0.432692 0.580128 0.434295 0.575321 0.435897 0.570513 0.439103 0.567308 0.442308 0.567308 0.366987 0.516026 0.370192 0.519231 0.371795 0.524038
0 0.370192 0.528846 0.366987 0.530449 0.363782 0.532051 0.358974 0.528846 0.354167 0.525641 0.354167 0.520833 0.355769 0.516026 0.358974 0.514423 0.362179 0.514423 0.322115 0.501603 0.325321 0.504808 0.326923 0.509615
0 0.325321 0.514423 0.322115 0.519231 0.318910 0.517628 0.314103 0.517628 0.309295 0.512821 0.309295 0.506410 0.310897 0.503205 0.314103 0.500000 0.317308 0.500000 0.357372 0.477564 0.362179 0.480769 0.362179 0.485577
0 0.362179 0.490385 0.358974 0.493590 0.354167 0.493590 0.349359 0.491987 0.346154 0.487179 0.344551 0.483974 0.346154 0.479167 0.350962 0.475962 0.354167 0.475962 0.225962 0.504808 0.230769 0.508013 0.230769 0.512821
0 0.230769 0.516026 0.227564 0.519231 0.222756 0.519231 0.217949 0.517628 0.214744 0.512821 0.213141 0.509615 0.214744 0.504808 0.219551 0.503205 0.222756 0.503205 0.174679 0.524038 0.177885 0.527244 0.179487 0.532051
0 0.179487 0.536859 0.176282 0.538462 0.171474 0.540064 0.166667 0.536859 0.163462 0.533654 0.161859 0.528846 0.163462 0.524038 0.166667 0.522436 0.171474 0.522436 0.173077 0.472756 0.177885 0.475962 0.179487 0.480769
0 0.177885 0.483974 0.174679 0.487179 0.171474 0.487179 0.165064 0.485577 0.161859 0.480769 0.160256 0.477564 0.161859 0.472756 0.166667 0.471154 0.169872 0.471154 0.341346 0.424679 0.344551 0.427885 0.346154 0.432692
0 0.346154 0.437500 0.342949 0.439103 0.338141 0.440705 0.333333 0.437500 0.330128 0.434295 0.328526 0.429487 0.330128 0.426282 0.333333 0.423077 0.338141 0.423077 0.307692 0.501603 0.312500 0.504808 0.312500 0.509615
0 0.312500 0.514423 0.309295 0.517628 0.304487 0.517628 0.299679 0.516026 0.296474 0.511218 0.294872 0.506410 0.296474 0.503205 0.301282 0.500000 0.302885 0.501603 0.051282 0.451923 0.056090 0.455128 0.056090 0.459936
0 0.056090 0.463141 0.052885 0.466346 0.048077 0.466346 0.043269 0.464744 0.040064 0.459936 0.038462 0.456731 0.040064 0.451923 0.044872 0.450321 0.048077 0.448718 0.027244 0.440705 0.030449 0.443910 0.032051 0.448718
0 0.032051 0.453526 0.028846 0.456731 0.024038 0.456731 0.019231 0.455128 0.016026 0.450321 0.014423 0.447115 0.016026 0.442308 0.019231 0.439103 0.024038 0.439103 0.001603 0.415064 0.004808 0.418269 0.006410 0.423077
0 0.006410 0.427885 0.003205 0.429487 0.091346 0.540064 0.094551 0.543269 0.096154 0.548077 0.096154 0.552885 0.092949 0.556090 0.088141 0.556090 0.083333 0.554487 0.078526 0.551282 0.080128 0.546474 0.080128 0.541667
0 0.083333 0.538462 0.088141 0.538462 0.067308 0.509615 0.070513 0.512821 0.072115 0.517628 0.072115 0.522436 0.068910 0.524038 0.064103 0.524038 0.059295 0.522436 0.056090 0.517628 0.054487 0.514423 0.056090 0.511218
0 0.059295 0.508013 0.062500 0.508013 0.091346 0.503205 0.096154 0.506410 0.097756 0.511218 0.096154 0.514423 0.092949 0.517628 0.089744 0.517628 0.083333 0.516026 0.078526 0.512821 0.080128 0.508013 0.081731 0.503205
0 0.084936 0.501603 0.088141 0.500000 0.189103 0.418269 0.193910 0.419872 0.195513 0.426282 0.193910 0.429487 0.190705 0.432692 0.187500 0.432692 0.181090 0.431090 0.176282 0.427885 0.177885 0.423077 0.179487 0.418269
0 0.182692 0.415064 0.185897 0.415064 0.020833 0.482372 0.025641 0.485577 0.027244 0.490385 0.025641 0.495192 0.022436 0.496795 0.019231 0.498397 0.012821 0.495192 0.009615 0.491987 0.009615 0.487179 0.011218 0.483974
0 0.014423 0.480769 0.017628 0.480769 0.056090 0.626603 0.060897 0.629808 0.060897 0.634615 0.060897 0.637821 0.057692 0.641026 0.052885 0.641026 0.048077 0.639423 0.043269 0.636218 0.044872 0.631410 0.046474 0.628205
0 0.048077 0.625000 0.052885 0.625000 0.097756 0.604167 0.100962 0.607372 0.102564 0.612179 0.100962 0.616987 0.097756 0.618590 0.094551 0.620192 0.088141 0.616987 0.083333 0.615385 0.084936 0.610577 0.086538 0.605769
0 0.089744 0.602564 0.092949 0.602564 0.097756 0.661859 0.099359 0.663462 0.100962 0.668269 0.099359 0.671474 0.097756 0.674679 0.091346 0.673077 0.088141 0.669872 0.086538 0.666667 0.088141 0.663462 0.089744 0.660256
0 0.092949 0.658654 0.040064 0.487179 0.043269 0.490385 0.043269 0.495192 0.043269 0.498397 0.040064 0.500000 0.035256 0.500000 0.028846 0.498397 0.028846 0.495192 0.030449 0.490385 0.033654 0.487179 0.036859 0.485577
0 0.139423 0.597756 0.142628 0.600962 0.144231 0.605769 0.142628 0.610577 0.141026 0.612179 0.136218 0.613782 0.131410 0.610577 0.128205 0.607372 0.126603 0.602564 0.128205 0.599359 0.131410 0.596154 0.134615 0.596154
0 0.153846 0.653846 0.157051 0.657051 0.158654 0.661859 0.157051 0.665064 0.153846 0.668269 0.150641 0.668269 0.144231 0.666667 0.139423 0.663462 0.141026 0.658654 0.142628 0.655449 0.145833 0.652244 0.149038 0.652244
0 0.142628 0.576923 0.145833 0.580128 0.147436 0.584936 0.147436 0.589744 0.144231 0.592949 0.139423 0.592949 0.134615 0.589744 0.129808 0.588141 0.131410 0.583333 0.131410 0.578526 0.134615 0.575321 0.139423 0.575321
0 0.211538 0.639423 0.214744 0.642628 0.216346 0.647436 0.216346 0.652244 0.213141 0.653846 0.208333 0.655449 0.203526 0.652244 0.200321 0.649038 0.198718 0.644231 0.200321 0.641026 0.203526 0.637821 0.208333 0.637821
0 0.272436 0.717949 0.275641 0.721154 0.277244 0.725962 0.275641 0.730769 0.272436 0.732372 0.269231 0.733974 0.264423 0.730769 0.259615 0.727564 0.259615 0.722756 0.261218 0.719551 0.264423 0.716346 0.267628 0.716346
0 0.145833 0.540064 0.150641 0.543269 0.150641 0.548077 0.150641 0.552885 0.147436 0.556090 0.142628 0.556090 0.137821 0.552885 0.133013 0.551282 0.134615 0.546474 0.136218 0.541667 0.139423 0.538462 0.142628 0.538462
0 0.241987 0.604167 0.246795 0.607372 0.248397 0.612179 0.246795 0.616987 0.243590 0.618590 0.240385 0.620192 0.233974 0.616987 0.230769 0.613782 0.230769 0.608974 0.232372 0.605769 0.235577 0.602564 0.238782 0.602564
0 0.192308 0.698718 0.195513 0.701923 0.197115 0.706731 0.197115 0.711538 0.193910 0.713141 0.189103 0.714744 0.184295 0.711538 0.181090 0.708333 0.179487 0.703526 0.181090 0.700321 0.184295 0.697115 0.189103 0.697115
0 0.318910 0.746795 0.322115 0.750000 0.323718 0.754808 0.322115 0.759615 0.318910 0.761218 0.315705 0.762821 0.310897 0.759615 0.306090 0.756410 0.306090 0.751603 0.307692 0.748397 0.310897 0.745192 0.314103 0.745192
0 0.371795 0.693910 0.376603 0.697115 0.379808 0.700321 0.378205 0.705128 0.375000 0.708333 0.371795 0.708333 0.365385 0.706731 0.360577 0.703526 0.362179 0.698718 0.363782 0.693910 0.366987 0.690705 0.370192 0.690705
0 0.383013 0.677885 0.386218 0.681090 0.387821 0.685897 0.387821 0.690705 0.384615 0.692308 0.379808 0.693910 0.375000 0.690705 0.371795 0.687500 0.370192 0.682692 0.371795 0.679487 0.375000 0.676282 0.379808 0.676282
0 0.346154 0.668269 0.349359 0.669872 0.350962 0.676282 0.349359 0.679487 0.346154 0.682692 0.342949 0.682692 0.338141 0.681090 0.331731 0.677885 0.333333 0.673077 0.334936 0.668269 0.338141 0.665064 0.341346 0.665064
0 0.224359 0.543269 0.222756 0.552885 0.216346 0.556090 0.209936 0.556090 0.203526 0.551282 0.200321 0.546474 0.198718 0.541667 0.200321 0.535256 0.205128 0.532051 0.209936 0.530449 0.216346 0.532051 0.222756 0.538462
0 0.250000 0.583333 0.246795 0.592949 0.241987 0.596154 0.235577 0.594551 0.227564 0.591346 0.224359 0.586538 0.222756 0.580128 0.224359 0.575321 0.229167 0.570513 0.233974 0.570513 0.240385 0.572115 0.246795 0.576923
0 0.277244 0.597756 0.275641 0.605769 0.269231 0.608974 0.262821 0.608974 0.256410 0.605769 0.251603 0.599359 0.251603 0.594551 0.253205 0.588141 0.258013 0.584936 0.262821 0.584936 0.269231 0.584936 0.274038 0.591346
0 0.291667 0.551282 0.290064 0.559295 0.283654 0.562500 0.277244 0.562500 0.270833 0.557692 0.266026 0.552885 0.266026 0.548077 0.267628 0.541667 0.272436 0.538462 0.277244 0.538462 0.283654 0.538462 0.288462 0.544872
0 0.064103 0.427885 0.062500 0.435897 0.056090 0.439103 0.049679 0.439103 0.043269 0.435897 0.040064 0.429487 0.038462 0.424679 0.040064 0.418269 0.044872 0.415064 0.049679 0.415064 0.056090 0.415064 0.062500 0.421474
0 0.043269 0.620192 0.040064 0.629808 0.035256 0.633013 0.028846 0.631410 0.020833 0.628205 0.017628 0.623397 0.016026 0.618590 0.017628 0.612179 0.022436 0.608974 0.027244 0.607372 0.033654 0.608974 0.040064 0.613782
0 0.342949 0.693910 0.339744 0.703526 0.334936 0.706731 0.328526 0.705128 0.320513 0.701923 0.317308 0.697115 0.315705 0.692308 0.317308 0.685897 0.322115 0.682692 0.326923 0.681090 0.333333 0.682692 0.339744 0.687500
0 0.339744 0.777244 0.338141 0.786859 0.331731 0.790064 0.325321 0.788462 0.318910 0.785256 0.314103 0.780449 0.314103 0.774038 0.315705 0.769231 0.320513 0.766026 0.325321 0.764423 0.331731 0.766026 0.336538 0.770833
0 0.567308 0.737179 0.565705 0.745192 0.560897 0.748397 0.559295 0.748397 0.554487 0.746795 0.548077 0.743590 0.543269 0.738782 0.543269 0.733974 0.544872 0.727564 0.549679 0.724359 0.554487 0.722756
0 0.559295 0.724359 0.565705 0.729167 0.421474 0.705128 0.419872 0.713141 0.413462 0.716346 0.407051 0.716346 0.399038 0.713141 0.395833 0.708333 0.394231 0.701923 0.397436 0.695513 0.402244 0.692308
0 0.405449 0.692308 0.411859 0.692308 0.418269 0.698718 0.496795 0.552885 0.495192 0.560897 0.488782 0.564103 0.482372 0.564103 0.474359 0.560897 0.471154 0.556090 0.469551 0.549679 0.472756 0.543269
0 0.477564 0.540064 0.480769 0.540064 0.487179 0.540064 0.493590 0.546474 0.378205 0.450321 0.375000 0.459936 0.370192 0.463141 0.363782 0.461538 0.355769 0.458333 0.352564 0.453526 0.350962 0.448718
0 0.354167 0.442308 0.358974 0.439103 0.362179 0.437500 0.368590 0.439103 0.375000 0.443910 0.394231 0.482372 0.392628 0.491987 0.386218 0.495192 0.379808 0.493590 0.373397 0.490385 0.368590 0.485577
0 0.366987 0.480769 0.370192 0.474359 0.375000 0.471154 0.379808 0.469551 0.386218 0.471154 0.391026 0.475962 0.379808 0.554487 0.378205 0.564103 0.371795 0.567308 0.365385 0.567308 0.358974 0.562500
0 0.354167 0.557692 0.352564 0.552885 0.355769 0.546474 0.360577 0.543269 0.365385 0.541667 0.371795 0.543269 0.376603 0.548077 0.583333 0.847756 0.580128 0.857372 0.575321 0.860577 0.568910 0.858974 0.560897 0.855769
0 0.557692 0.850962 0.554487 0.846154 0.559295 0.839744 0.564103 0.834936 0.567308 0.834936 0.573718 0.836538 0.580128 0.841346 0.666667 0.918269 0.665064 0.926282 0.658654 0.929487 0.652244 0.929487 0.645833 0.924679
0 0.641026 0.919872 0.641026 0.915064 0.642628 0.908654 0.647436 0.905449 0.652244 0.903846 0.658654 0.905449 0.663462 0.911859 0.751603 0.927885 0.750000 0.935897 0.743590 0.940705 0.737179 0.939103 0.730769 0.935897
0 0.725962 0.931090 0.724359 0.924679 0.727564 0.918269 0.732372 0.915064 0.737179 0.915064 0.743590 0.915064 0.748397 0.921474 0.846154 0.910256 0.842949 0.919872 0.838141 0.923077 0.831731 0.921474 0.823718 0.918269
0 0.820513 0.913462 0.818910 0.908654 0.822115 0.902244 0.826923 0.899038 0.830128 0.897436 0.836538 0.899038 0.842949 0.903846 0.798077 0.647436 0.796474 0.657051 0.790064 0.660256 0.783654 0.658654 0.777244 0.655449
0 0.774038 0.650641 0.772436 0.644231 0.774038 0.639423 0.778846 0.634615 0.783654 0.634615 0.790064 0.636218 0.796474 0.641026 0.753205 0.623397 0.751603 0.633013 0.745192 0.636218 0.738782 0.634615 0.732372 0.631410
0 0.727564 0.626603 0.727564 0.620192 0.729167 0.615385 0.733974 0.610577 0.738782 0.610577 0.745192 0.612179 0.750000 0.616987 0.679487 0.596154 0.676282 0.604167 0.671474 0.607372 0.663462 0.607372 0.657051 0.602564
0 0.653846 0.597756 0.652244 0.592949 0.653846 0.586538 0.658654 0.583333 0.663462 0.581731 0.669872 0.583333 0.676282 0.589744 0.649038 0.573718 0.647436 0.583333 0.641026 0.586538 0.634615 0.584936 0.628205 0.581731
0 0.623397 0.576923 0.623397 0.572115 0.625000 0.565705 0.629808 0.562500 0.634615 0.560897 0.641026 0.562500 0.645833 0.567308 0.615385 0.522436 0.612179 0.532051 0.607372 0.535256 0.599359 0.535256 0.592949 0.530449
0 0.589744 0.525641 0.588141 0.520833 0.589744 0.514423 0.594551 0.511218 0.599359 0.509615 0.605769 0.511218 0.612179 0.517628 0.681090 0.570513 0.677885 0.580128 0.673077 0.583333 0.665064 0.581731 0.658654 0.578526
0 0.655449 0.573718 0.653846 0.567308 0.655449 0.562500 0.660256 0.557692 0.665064 0.557692 0.671474 0.559295 0.677885 0.564103 0.809295 0.482372 0.807692 0.491987 0.801282 0.495192 0.794872 0.493590 0.788462 0.490385
0 0.783654 0.485577 0.782051 0.479167 0.785256 0.474359 0.790064 0.471154 0.794872 0.469551 0.801282 0.471154 0.806090 0.475962 0.750000 0.469551 0.748397 0.477564 0.741987 0.480769 0.735577 0.480769 0.729167 0.477564
0 0.724359 0.471154 0.722756 0.466346 0.725962 0.459936 0.730769 0.456731 0.735577 0.456731 0.741987 0.456731 0.746795 0.463141 0.541667 0.483974 0.540064 0.493590 0.533654 0.496795 0.527244 0.495192 0.520833 0.491987
0 0.517628 0.487179 0.516026 0.482372 0.517628 0.475962 0.522436 0.472756 0.527244 0.471154 0.533654 0.472756 0.540064 0.477564 0.916667 0.607372 0.915064 0.615385 0.908654 0.618590 0.902244 0.618590 0.895833 0.613782
0 0.891026 0.608974 0.889423 0.604167 0.892628 0.597756 0.897436 0.594551 0.902244 0.592949 0.907051 0.594551 0.913462 0.600962 0.958333 0.544872 0.955128 0.554487 0.950321 0.557692 0.943910 0.556090 0.935897 0.552885
0 0.932692 0.548077 0.931090 0.541667 0.934295 0.535256 0.939103 0.532051 0.942308 0.532051 0.948718 0.532051 0.955128 0.538462 0.684295 0.415064 0.681090 0.424679 0.676282 0.427885 0.668269 0.427885 0.661859 0.423077
0 0.658654 0.418269 0.657051 0.413462 0.658654 0.407051 0.663462 0.403846 0.668269 0.402244 0.674679 0.403846 0.681090 0.410256 0.379808 0.395833 0.378205 0.405449 0.371795 0.408654 0.365385 0.407051 0.358974 0.403846
0 0.354167 0.399038 0.354167 0.394231 0.355769 0.387821 0.360577 0.384615 0.365385 0.383013 0.371795 0.384615 0.376603 0.389423 0.432692 0.415064 0.429487 0.424679 0.424679 0.427885 0.416667 0.426282 0.410256 0.423077
0 0.407051 0.418269 0.405449 0.411859 0.407051 0.407051 0.411859 0.403846 0.416667 0.402244 0.423077 0.403846 0.429487 0.408654 0.456731 0.304487 0.453526 0.314103 0.448718 0.317308 0.442308 0.315705 0.434295 0.312500
0 0.431090 0.307692 0.429487 0.301282 0.432692 0.296474 0.437500 0.291667 0.440705 0.291667 0.447115 0.293269 0.453526 0.298077 0.544872 0.347756 0.543269 0.357372 0.536859 0.360577 0.530449 0.358974 0.522436 0.355769
0 0.519231 0.350962 0.517628 0.346154 0.520833 0.339744 0.525641 0.336538 0.528846 0.334936 0.535256 0.336538 0.541667 0.341346 0.266026 0.310897 0.262821 0.318910 0.258013 0.322115 0.250000 0.322115 0.243590 0.317308
0 0.240385 0.312500 0.238782 0.307692 0.240385 0.301282 0.245192 0.298077 0.250000 0.296474 0.256410 0.298077 0.262821 0.304487 0.286859 0.330128 0.283654 0.339744 0.278846 0.342949 0.272436 0.342949 0.264423 0.338141 0.261218 0.333333
0 0.259615 0.328526 0.262821 0.322115 0.267628 0.318910 0.270833 0.317308 0.277244 0.318910 0.283654 0.323718 0.267628 0.246795 0.266026 0.256410 0.259615 0.259615 0.253205 0.258013 0.246795 0.254808 0.243590 0.250000
0 0.241987 0.243590 0.243590 0.237179 0.248397 0.233974 0.251603 0.235577 0.259615 0.233974 0.266026 0.240385 0.113782 0.248397 0.112179 0.256410 0.105769 0.259615 0.099359 0.259615 0.092949 0.254808 0.088141 0.250000
0 0.086538 0.245192 0.089744 0.238782 0.094551 0.235577 0.099359 0.235577 0.105769 0.235577 0.110577 0.241987 0.112179 0.171474 0.110577 0.181090 0.104167 0.184295 0.097756 0.182692 0.091346 0.179487 0.086538 0.174679
0 0.086538 0.168269 0.088141 0.161859 0.092949 0.158654 0.097756 0.158654 0.104167 0.160256 0.108974 0.165064 0.113782 0.144231 0.110577 0.153846 0.105769 0.157051 0.099359 0.155449 0.091346 0.152244 0.088141 0.147436
0 0.086538 0.141026 0.088141 0.136218 0.092949 0.131410 0.097756 0.131410 0.104167 0.133013 0.110577 0.137821 0.157051 0.485577 0.155449 0.493590 0.149038 0.496795 0.142628 0.496795 0.136218 0.493590 0.133013 0.487179
0 0.131410 0.482372 0.133013 0.475962 0.137821 0.472756 0.142628 0.472756 0.149038 0.472756 0.155449 0.479167 0.189103 0.669872 0.185897 0.679487 0.181090 0.682692 0.174679 0.681090 0.166667 0.677885 0.163462 0.673077
0 0.161859 0.666667 0.163462 0.660256 0.168269 0.657051 0.173077 0.657051 0.179487 0.657051 0.185897 0.663462 0.341346 0.600962 0.338141 0.610577 0.333333 0.613782 0.325321 0.612179 0.318910 0.608974 0.315705 0.604167
0 0.314103 0.599359 0.315705 0.592949 0.320513 0.589744 0.325321 0.588141 0.331731 0.589744 0.338141 0.594551 0.349359 0.524038 0.347756 0.533654 0.341346 0.536859 0.334936 0.535256 0.328526 0.532051 0.325321 0.527244
0 0.323718 0.522436 0.325321 0.516026 0.330128 0.512821 0.334936 0.511218 0.341346 0.512821 0.347756 0.517628 0.314103 0.485577 0.310897 0.493590 0.306090 0.498397 0.299679 0.496795 0.291667 0.493590 0.288462 0.488782
0 0.286859 0.482372 0.290064 0.475962 0.294872 0.472756 0.298077 0.472756 0.304487 0.472756 0.310897 0.479167 0.804487 0.838141 0.801282 0.847756 0.796474 0.850962 0.788462 0.849359 0.782051 0.846154 0.778846 0.841346
0 0.777244 0.834936 0.778846 0.828526 0.783654 0.825321 0.788462 0.825321 0.794872 0.825321 0.801282 0.831731 0.600962 0.735577 0.599359 0.743590 0.594551 0.750000 0.588141 0.751603 0.580128 0.748397 0.573718 0.745192
0 0.568910 0.738782 0.568910 0.732372 0.570513 0.725962 0.573718 0.721154 0.581731 0.721154 0.589744 0.722756 0.597756 0.729167 0.516026 0.600962 0.514423 0.608974 0.511218 0.613782 0.503205 0.616987 0.495192 0.613782
0 0.490385 0.610577 0.485577 0.604167 0.483974 0.596154 0.487179 0.591346 0.490385 0.586538 0.498397 0.584936 0.504808 0.586538 0.512821 0.594551 0.560897 0.405449 0.562500 0.408654 0.564103 0.411859 0.562500 0.416667
0 0.560897 0.418269 0.554487 0.418269 0.551282 0.415064 0.549679 0.411859 0.549679 0.408654 0.552885 0.405449 0.556090 0.403846 0.605769 0.405449 0.608974 0.408654 0.610577 0.413462 0.610577 0.418269 0.607372 0.419872
0 0.602564 0.421474 0.597756 0.418269 0.594551 0.415064 0.592949 0.410256 0.594551 0.407051 0.597756 0.403846 0.602564 0.403846 0.729167 0.501603 0.727564 0.506410 0.724359 0.508013 0.722756 0.509615 0.717949 0.509615
0 0.711538 0.506410 0.709936 0.501603 0.709936 0.496795 0.711538 0.493590 0.714744 0.490385 0.717949 0.490385 0.722756 0.491987 0.727564 0.496795 0.764423 0.551282 0.762821 0.556090 0.761218 0.557692 0.758013 0.559295
0 0.754808 0.559295 0.748397 0.556090 0.745192 0.551282 0.745192 0.546474 0.748397 0.543269 0.750000 0.540064 0.754808 0.540064 0.759615 0.541667 0.762821 0.546474 0.716346 0.536859 0.714744 0.541667 0.713141 0.544872
0 0.709936 0.546474 0.705128 0.544872 0.700321 0.541667 0.697115 0.538462 0.697115 0.533654 0.698718 0.528846 0.701923 0.527244 0.706731 0.525641 0.709936 0.527244 0.714744 0.532051 0.730769 0.586538 0.729167 0.591346
0 0.727564 0.594551 0.724359 0.596154 0.719551 0.594551 0.714744 0.591346 0.711538 0.586538 0.711538 0.581731 0.713141 0.578526 0.716346 0.575321 0.721154 0.575321 0.724359 0.576923 0.729167 0.581731 0.767628 0.597756
0 0.766026 0.602564 0.762821 0.605769 0.761218 0.607372 0.756410 0.605769 0.750000 0.602564 0.748397 0.599359 0.748397 0.594551 0.750000 0.589744 0.753205 0.588141 0.756410 0.586538 0.761218 0.588141 0.766026 0.592949
0 0.764423 0.495192 0.762821 0.500000 0.761218 0.503205 0.758013 0.504808 0.753205 0.503205 0.746795 0.500000 0.745192 0.496795 0.745192 0.491987 0.746795 0.487179 0.750000 0.485577 0.753205 0.483974 0.758013 0.485577
0 0.762821 0.490385 0.817308 0.508013 0.815705 0.512821 0.812500 0.516026 0.810897 0.516026 0.806090 0.516026 0.799679 0.512821 0.798077 0.508013 0.798077 0.503205 0.799679 0.500000 0.802885 0.496795 0.806090 0.496795
0 0.810897 0.498397 0.815705 0.503205 0.820513 0.576923 0.818910 0.581731 0.815705 0.584936 0.812500 0.586538 0.809295 0.584936 0.802885 0.581731 0.801282 0.576923 0.801282 0.572115 0.802885 0.568910 0.806090 0.565705
0 0.809295 0.565705 0.814103 0.567308 0.818910 0.572115 0.892628 0.556090 0.891026 0.560897 0.889423 0.562500 0.886218 0.564103 0.881410 0.564103 0.875000 0.560897 0.873397 0.556090 0.873397 0.551282 0.875000 0.548077
0 0.878205 0.544872 0.883013 0.544872 0.886218 0.546474 0.891026 0.551282 0.850962 0.544872 0.849359 0.549679 0.847756 0.551282 0.844551 0.552885 0.839744 0.552885 0.833333 0.549679 0.831731 0.544872 0.831731 0.540064
0 0.833333 0.536859 0.836538 0.533654 0.839744 0.533654 0.844551 0.535256 0.849359 0.540064 0.878205 0.610577 0.876603 0.615385 0.873397 0.618590 0.871795 0.618590 0.866987 0.618590 0.860577 0.615385 0.858974 0.610577
0 0.858974 0.605769 0.860577 0.602564 0.863782 0.599359 0.866987 0.599359 0.871795 0.600962 0.876603 0.605769 0.905449 0.573718 0.903846 0.578526 0.902244 0.581731 0.899038 0.583333 0.894231 0.581731 0.889423 0.578526
0 0.886218 0.573718 0.886218 0.568910 0.887821 0.565705 0.891026 0.562500 0.895833 0.562500 0.899038 0.564103 0.903846 0.568910 0.743590 0.520833 0.741987 0.524038 0.740385 0.527244 0.737179 0.528846 0.732372 0.527244
0 0.727564 0.524038 0.724359 0.520833 0.724359 0.516026 0.725962 0.511218 0.729167 0.509615 0.733974 0.508013 0.737179 0.509615 0.741987 0.514423 0.741987 0.647436 0.740385 0.652244 0.737179 0.655449 0.733974 0.657051
0 0.730769 0.655449 0.724359 0.652244 0.722756 0.647436 0.722756 0.642628 0.724359 0.639423 0.727564 0.636218 0.730769 0.636218 0.735577 0.637821 0.740385 0.642628 0.927885 0.562500 0.926282 0.567308 0.924679 0.570513
0 0.921474 0.572115 0.918269 0.570513 0.911859 0.567308 0.908654 0.564103 0.908654 0.559295 0.910256 0.556090 0.913462 0.552885 0.918269 0.551282 0.923077 0.552885 0.926282 0.557692 0.870192 0.498397 0.868590 0.503205
0 0.866987 0.506410 0.863782 0.506410 0.860577 0.506410 0.854167 0.503205 0.850962 0.498397 0.850962 0.493590 0.854167 0.490385 0.855769 0.487179 0.860577 0.487179 0.865385 0.488782 0.868590 0.493590 0.838141 0.717949
0 0.836538 0.722756 0.834936 0.725962 0.831731 0.727564 0.828526 0.725962 0.822115 0.722756 0.818910 0.717949 0.818910 0.713141 0.822115 0.709936 0.823718 0.706731 0.828526 0.706731 0.833333 0.708333 0.836538 0.713141
0 0.883013 0.737179 0.883013 0.741987 0.879808 0.745192 0.876603 0.746795 0.873397 0.745192 0.866987 0.741987 0.863782 0.738782 0.863782 0.733974 0.865385 0.730769 0.868590 0.727564 0.873397 0.725962 0.878205 0.727564
0 0.881410 0.732372 0.759615 0.669872 0.758013 0.674679 0.756410 0.677885 0.753205 0.679487 0.748397 0.677885 0.741987 0.674679 0.740385 0.669872 0.740385 0.665064 0.741987 0.661859 0.745192 0.658654 0.748397 0.658654
0 0.753205 0.660256 0.758013 0.665064 0.775641 0.689103 0.774038 0.693910 0.770833 0.697115 0.769231 0.698718 0.764423 0.697115 0.758013 0.693910 0.756410 0.689103 0.756410 0.684295 0.758013 0.681090 0.761218 0.677885
0 0.764423 0.677885 0.769231 0.679487 0.774038 0.684295 0.727564 0.743590 0.725962 0.748397 0.724359 0.750000 0.721154 0.751603 0.716346 0.751603 0.709936 0.746795 0.708333 0.743590 0.708333 0.738782 0.709936 0.733974
0 0.713141 0.732372 0.717949 0.732372 0.721154 0.733974 0.725962 0.737179 0.759615 0.794872 0.758013 0.799679 0.754808 0.802885 0.751603 0.804487 0.748397 0.802885 0.741987 0.799679 0.740385 0.794872 0.740385 0.790064 0.741987 0.786859
0 0.745192 0.783654 0.748397 0.783654 0.753205 0.785256 0.758013 0.790064 0.828526 0.818910 0.826923 0.822115 0.823718 0.825321 0.822115 0.826923 0.817308 0.825321 0.810897 0.822115 0.809295 0.818910 0.809295 0.814103 0.810897 0.809295
0 0.814103 0.807692 0.817308 0.806090 0.822115 0.807692 0.826923 0.812500 0.633013 0.642628 0.631410 0.647436 0.628205 0.650641 0.625000 0.650641 0.621795 0.650641 0.615385 0.647436 0.613782 0.642628
0 0.613782 0.637821 0.615385 0.634615 0.618590 0.631410 0.621795 0.631410 0.626603 0.633013 0.631410 0.637821 0.604167 0.610577 0.602564 0.615385 0.600962 0.618590 0.597756 0.618590 0.592949 0.618590 0.588141 0.615385
0 0.584936 0.610577 0.584936 0.605769 0.586538 0.602564 0.589744 0.599359 0.594551 0.599359 0.599359 0.600962 0.602564 0.605769 0.674679 0.743590 0.673077 0.748397 0.671474 0.751603 0.668269 0.753205 0.663462 0.751603 0.658654 0.748397
0 0.655449 0.743590 0.655449 0.738782 0.657051 0.735577 0.660256 0.732372 0.665064 0.732372 0.668269 0.733974 0.673077 0.738782 0.592949 0.708333 0.591346 0.713141 0.589744 0.716346 0.586538 0.717949 0.581731 0.716346 0.575321 0.713141
0 0.573718 0.709936 0.573718 0.705128 0.575321 0.700321 0.578526 0.697115 0.583333 0.697115 0.586538 0.698718 0.591346 0.703526 0.660256 0.809295 0.658654 0.814103 0.657051 0.817308 0.653846 0.818910 0.649038 0.817308 0.642628 0.814103
0 0.641026 0.810897 0.641026 0.806090 0.642628 0.801282 0.645833 0.798077 0.649038 0.798077 0.653846 0.799679 0.658654 0.804487 0.618590 0.817308 0.616987 0.822115 0.615385 0.825321 0.612179 0.825321 0.607372 0.825321 0.600962 0.822115
0 0.599359 0.817308 0.599359 0.812500 0.600962 0.809295 0.604167 0.806090 0.607372 0.806090 0.612179 0.807692 0.616987 0.812500 0.573718 0.786859 0.572115 0.790064 0.568910 0.793269 0.567308 0.794872 0.562500 0.793269 0.556090 0.790064
0 0.554487 0.786859 0.554487 0.782051 0.556090 0.777244 0.559295 0.775641 0.562500 0.774038 0.567308 0.775641 0.572115 0.780449 0.472756 0.780449 0.471154 0.785256 0.469551 0.788462 0.466346 0.788462 0.461538 0.788462 0.455128 0.785256
0 0.453526 0.780449 0.453526 0.775641 0.455128 0.772436 0.458333 0.769231 0.463141 0.769231 0.466346 0.770833 0.469551 0.777244 0.487179 0.767628 0.485577 0.772436 0.483974 0.775641 0.480769 0.777244 0.477564 0.775641 0.471154 0.772436
0 0.467949 0.767628 0.467949 0.762821 0.469551 0.759615 0.472756 0.756410 0.477564 0.756410 0.482372 0.758013 0.485577 0.762821 0.397436 0.785256 0.395833 0.790064 0.392628 0.793269 0.391026 0.794872 0.386218 0.793269 0.379808 0.790064
0 0.378205 0.786859 0.378205 0.782051 0.379808 0.777244 0.383013 0.775641 0.386218 0.774038 0.391026 0.775641 0.395833 0.780449 0.424679 0.785256 0.423077 0.790064 0.421474 0.793269 0.418269 0.794872 0.413462 0.793269 0.407051 0.790064
0 0.405449 0.785256 0.405449 0.780449 0.407051 0.777244 0.410256 0.774038 0.413462 0.774038 0.418269 0.775641 0.423077 0.780449 0.439103 0.806090 0.437500 0.809295 0.435897 0.812500 0.432692 0.814103 0.427885 0.812500 0.421474 0.809295
0 0.419872 0.806090 0.419872 0.801282 0.421474 0.796474 0.424679 0.794872 0.429487 0.793269 0.432692 0.794872 0.437500 0.799679 0.455128 0.826923 0.451923 0.828526 0.450321 0.830128 0.445513 0.830128 0.439103 0.826923 0.437500 0.822115
0 0.437500 0.817308 0.439103 0.814103 0.442308 0.810897 0.445513 0.810897 0.450321 0.812500 0.455128 0.817308 0.475962 0.822115 0.475962 0.826923 0.472756 0.830128 0.469551 0.830128 0.466346 0.830128 0.459936 0.826923 0.456731 0.822115
0 0.458333 0.817308 0.459936 0.814103 0.461538 0.810897 0.466346 0.810897 0.471154 0.812500 0.474359 0.817308 0.418269 0.815705 0.416667 0.820513 0.415064 0.823718 0.411859 0.825321 0.408654 0.823718 0.402244 0.820513 0.399038 0.817308
0 0.399038 0.810897 0.402244 0.807692 0.403846 0.804487 0.408654 0.804487 0.413462 0.806090 0.416667 0.810897 0.524038 0.850962 0.524038 0.855769 0.520833 0.857372 0.517628 0.858974 0.514423 0.858974 0.508013 0.855769 0.504808 0.850962
0 0.504808 0.846154 0.508013 0.842949 0.509615 0.839744 0.514423 0.839744 0.519231 0.841346 0.522436 0.844551 0.628205 0.897436 0.626603 0.902244 0.625000 0.905449 0.621795 0.907051 0.616987 0.905449 0.610577 0.902244 0.608974 0.899038
0 0.608974 0.894231 0.610577 0.889423 0.613782 0.886218 0.618590 0.886218 0.621795 0.887821 0.626603 0.892628 0.596154 0.870192 0.596154 0.875000 0.592949 0.876603 0.589744 0.878205 0.586538 0.878205 0.580128 0.875000 0.576923 0.870192
0 0.578526 0.865385 0.580128 0.862179 0.581731 0.858974 0.586538 0.858974 0.591346 0.860577 0.594551 0.865385 0.666667 0.847756 0.665064 0.852564 0.661859 0.855769 0.660256 0.855769 0.655449 0.855769 0.649038 0.852564 0.647436 0.847756
0 0.647436 0.842949 0.649038 0.839744 0.652244 0.836538 0.655449 0.836538 0.660256 0.838141 0.665064 0.842949 0.708333 0.891026 0.706731 0.895833 0.703526 0.899038 0.701923 0.899038 0.697115 0.899038 0.690705 0.895833 0.689103 0.891026
0 0.689103 0.886218 0.690705 0.883013 0.693910 0.879808 0.697115 0.879808 0.701923 0.881410 0.706731 0.886218 0.701923 0.921474 0.700321 0.926282 0.698718 0.927885 0.695513 0.929487 0.690705 0.929487 0.684295 0.924679 0.682692 0.921474
0 0.682692 0.916667 0.684295 0.911859 0.687500 0.910256 0.690705 0.908654 0.695513 0.910256 0.700321 0.915064 0.708333 0.966346 0.706731 0.971154 0.705128 0.974359 0.701923 0.975962 0.697115 0.974359 0.690705 0.971154 0.689103 0.966346
0 0.689103 0.961538 0.690705 0.958333 0.693910 0.955128 0.698718 0.955128 0.701923 0.956731 0.706731 0.961538 0.743590 0.967949 0.741987 0.972756 0.738782 0.975962 0.737179 0.977564 0.732372 0.975962 0.725962 0.972756 0.724359 0.967949
0 0.724359 0.963141 0.725962 0.959936 0.729167 0.956731 0.732372 0.956731 0.737179 0.958333 0.741987 0.963141 0.812500 0.891026 0.810897 0.895833 0.809295 0.899038 0.806090 0.900641 0.802885 0.899038 0.796474 0.895833 0.793269 0.892628
0 0.793269 0.887821 0.794872 0.884615 0.798077 0.881410 0.802885 0.879808 0.807692 0.881410 0.810897 0.886218 0.780449 0.907051 0.778846 0.911859 0.777244 0.915064 0.774038 0.916667 0.769231 0.915064 0.762821 0.911859 0.761218 0.907051
0 0.761218 0.902244 0.762821 0.899038 0.766026 0.895833 0.769231 0.895833 0.774038 0.897436 0.778846 0.902244 0.758013 0.891026 0.756410 0.895833 0.754808 0.899038 0.751603 0.900641 0.748397 0.899038 0.741987 0.895833 0.738782 0.892628
0 0.738782 0.887821 0.741987 0.883013 0.743590 0.879808 0.748397 0.879808 0.753205 0.881410 0.756410 0.886218 0.817308 0.974359 0.815705 0.979167 0.812500 0.982372 0.810897 0.983974 0.806090 0.982372 0.799679 0.979167 0.798077 0.975962
0 0.798077 0.971154 0.799679 0.966346 0.802885 0.964744 0.806090 0.963141 0.810897 0.964744 0.815705 0.969551 0.682692 0.817308 0.681090 0.822115 0.679487 0.823718 0.676282 0.825321 0.673077 0.823718 0.666667 0.820513 0.663462 0.817308
0 0.663462 0.812500 0.665064 0.809295 0.668269 0.806090 0.673077 0.804487 0.677885 0.806090 0.681090 0.810897 0.649038 0.751603 0.647436 0.756410 0.644231 0.759615 0.642628 0.761218 0.637821 0.759615 0.631410 0.756410 0.629808 0.753205
0 0.629808 0.748397 0.631410 0.743590 0.634615 0.741987 0.637821 0.740385 0.642628 0.741987 0.647436 0.746795 0.927885 0.525641 0.926282 0.530449 0.924679 0.533654 0.921474 0.533654 0.918269 0.533654 0.911859 0.530449 0.908654 0.525641
0 0.908654 0.520833 0.910256 0.517628 0.913462 0.514423 0.918269 0.514423 0.923077 0.516026 0.926282 0.520833 0.379808 0.306090 0.378205 0.310897 0.376603 0.314103 0.373397 0.314103 0.368590 0.314103 0.363782 0.310897 0.360577 0.306090
0 0.360577 0.301282 0.362179 0.298077 0.365385 0.294872 0.370192 0.294872 0.373397 0.296474 0.378205 0.301282 0.807692 0.524038 0.809295 0.527244 0.810897 0.532051 0.809295 0.535256 0.807692 0.536859 0.801282 0.536859 0.794872 0.535256
0 0.796474 0.530449 0.798077 0.527244 0.799679 0.524038 0.802885 0.522436 0.833333 0.509615 0.834936 0.512821 0.836538 0.516026 0.834936 0.519231 0.833333 0.522436 0.826923 0.522436 0.820513 0.520833 0.822115 0.516026 0.822115 0.512821
0 0.825321 0.509615 0.828526 0.508013 0.592949 0.455128 0.591346 0.459936 0.589744 0.461538 0.586538 0.463141 0.581731 0.463141 0.575321 0.458333 0.573718 0.455128 0.573718 0.450321 0.575321 0.445513 0.578526 0.443910 0.581731 0.442308
0 0.586538 0.445513 0.591346 0.448718 0.657051 0.419872 0.658654 0.421474 0.660256 0.426282 0.658654 0.429487 0.657051 0.432692 0.650641 0.431090 0.644231 0.429487 0.645833 0.424679 0.647436 0.421474 0.649038 0.418269 0.652244 0.416667
0 0.432692 0.378205 0.431090 0.383013 0.429487 0.386218 0.426282 0.387821 0.421474 0.386218 0.416667 0.383013 0.413462 0.379808 0.413462 0.375000 0.415064 0.370192 0.418269 0.368590 0.423077 0.366987 0.426282 0.368590 0.431090 0.373397
0 0.418269 0.504808 0.416667 0.509615 0.415064 0.511218 0.411859 0.512821 0.407051 0.512821 0.402244 0.508013 0.399038 0.504808 0.399038 0.500000 0.400641 0.495192 0.403846 0.493590 0.408654 0.491987 0.411859 0.493590 0.416667 0.498397
0 0.431090 0.576923 0.429487 0.581731 0.426282 0.583333 0.423077 0.584936 0.419872 0.584936 0.413462 0.581731 0.411859 0.576923 0.411859 0.572115 0.413462 0.568910 0.416667 0.565705 0.419872 0.565705 0.424679 0.567308 0.429487 0.572115
0 0.440705 0.626603 0.439103 0.631410 0.437500 0.633013 0.434295 0.634615 0.429487 0.634615 0.423077 0.631410 0.421474 0.626603 0.421474 0.621795 0.423077 0.618590 0.426282 0.615385 0.429487 0.615385 0.434295 0.616987 0.439103 0.621795
0 0.469551 0.657051 0.469551 0.661859 0.466346 0.665064 0.463141 0.666667 0.459936 0.665064 0.453526 0.661859 0.450321 0.658654 0.451923 0.653846 0.451923 0.650641 0.455128 0.647436 0.459936 0.645833 0.464744 0.647436 0.467949 0.652244
0 0.437500 0.681090 0.435897 0.685897 0.434295 0.689103 0.431090 0.690705 0.426282 0.689103 0.419872 0.685897 0.418269 0.682692 0.418269 0.677885 0.419872 0.673077 0.423077 0.671474 0.426282 0.669872 0.431090 0.671474 0.435897 0.676282
0 0.405449 0.725962 0.403846 0.730769 0.402244 0.732372 0.399038 0.733974 0.394231 0.733974 0.387821 0.729167 0.386218 0.725962 0.386218 0.721154 0.387821 0.716346 0.391026 0.714744 0.395833 0.714744 0.399038 0.716346 0.403846 0.719551
0 0.450321 0.850962 0.450321 0.855769 0.447115 0.858974 0.443910 0.860577 0.440705 0.858974 0.434295 0.855769 0.431090 0.852564 0.431090 0.847756 0.434295 0.842949 0.435897 0.839744 0.440705 0.839744 0.445513 0.841346 0.448718 0.846154
0 0.522436 0.809295 0.520833 0.814103 0.519231 0.817308 0.516026 0.817308 0.511218 0.817308 0.506410 0.814103 0.503205 0.809295 0.503205 0.804487 0.504808 0.801282 0.508013 0.798077 0.512821 0.798077 0.516026 0.799679 0.520833 0.804487
0 0.411859 0.839744 0.410256 0.844551 0.408654 0.846154 0.405449 0.847756 0.402244 0.847756 0.395833 0.842949 0.392628 0.839744 0.392628 0.834936 0.394231 0.831731 0.397436 0.828526 0.402244 0.828526 0.407051 0.830128 0.410256 0.833333
0 0.391026 0.828526 0.389423 0.833333 0.386218 0.836538 0.384615 0.838141 0.379808 0.836538 0.373397 0.833333 0.371795 0.828526 0.371795 0.823718 0.373397 0.820513 0.376603 0.817308 0.379808 0.817308 0.384615 0.818910 0.389423 0.823718
0 0.331731 0.626603 0.330128 0.631410 0.326923 0.634615 0.323718 0.634615 0.320513 0.634615 0.314103 0.631410 0.312500 0.626603 0.312500 0.621795 0.314103 0.618590 0.317308 0.615385 0.320513 0.615385 0.325321 0.616987 0.330128 0.621795
0 0.163462 0.700321 0.161859 0.705128 0.160256 0.706731 0.157051 0.708333 0.152244 0.706731 0.145833 0.705128 0.144231 0.700321 0.144231 0.695513 0.145833 0.692308 0.149038 0.689103 0.152244 0.689103 0.157051 0.690705 0.161859 0.695513
0 0.145833 0.684295 0.144231 0.687500 0.141026 0.690705 0.139423 0.692308 0.134615 0.690705 0.128205 0.687500 0.126603 0.684295 0.126603 0.679487 0.128205 0.674679 0.131410 0.673077 0.134615 0.671474 0.139423 0.673077 0.144231 0.677885
0 0.185897 0.628205 0.184295 0.633013 0.182692 0.636218 0.179487 0.637821 0.174679 0.636218 0.168269 0.633013 0.166667 0.628205 0.166667 0.623397 0.168269 0.620192 0.171474 0.616987 0.176282 0.616987 0.179487 0.618590 0.184295 0.623397
0 0.230769 0.631410 0.229167 0.636218 0.227564 0.637821 0.224359 0.639423 0.219551 0.637821 0.213141 0.634615 0.211538 0.631410 0.211538 0.626603 0.213141 0.623397 0.216346 0.620192 0.219551 0.620192 0.224359 0.621795 0.229167 0.625000
0 0.115385 0.535256 0.113782 0.540064 0.110577 0.541667 0.108974 0.543269 0.104167 0.541667 0.097756 0.540064 0.096154 0.535256 0.096154 0.530449 0.097756 0.527244 0.100962 0.524038 0.104167 0.524038 0.108974 0.525641 0.113782 0.530449
0 0.022436 0.517628 0.022436 0.520833 0.019231 0.522436 0.017628 0.522436 0.014423 0.522436 0.011218 0.520833 0.009615 0.517628 0.011218 0.512821 0.014423 0.511218 0.017628 0.512821 0.020833 0.514423 0.133013 0.540064 0.133013 0.543269
0 0.129808 0.546474 0.126603 0.548077 0.125000 0.544872 0.121795 0.543269 0.118590 0.540064 0.121795 0.536859 0.125000 0.535256 0.128205 0.535256 0.131410 0.536859 0.131410 0.496795 0.131410 0.500000 0.129808 0.501603 0.126603 0.501603
0 0.123397 0.501603 0.118590 0.500000 0.120192 0.495192 0.120192 0.493590 0.123397 0.490385 0.126603 0.490385 0.129808 0.493590 0.033654 0.475962 0.033654 0.479167 0.032051 0.482372 0.028846 0.482372 0.025641 0.480769 0.022436 0.479167
0 0.020833 0.475962 0.022436 0.474359 0.025641 0.472756 0.028846 0.472756 0.030449 0.474359 0.028846 0.464744 0.027244 0.467949 0.027244 0.469551 0.024038 0.469551 0.020833 0.467949 0.016026 0.467949 0.017628 0.463141 0.017628 0.461538
0 0.020833 0.458333 0.024038 0.458333 0.027244 0.461538 0.041667 0.466346 0.041667 0.469551 0.040064 0.472756 0.036859 0.472756 0.033654 0.471154 0.030449 0.469551 0.028846 0.466346 0.030449 0.464744
0 0.033654 0.461538 0.036859 0.461538 0.040064 0.463141 0.123397 0.693910 0.123397 0.695513 0.121795 0.698718 0.118590 0.698718 0.115385 0.698718 0.113782 0.695513 0.112179 0.692308 0.112179 0.690705
0 0.115385 0.687500 0.120192 0.687500 0.121795 0.690705 0.181090 0.717949 0.181090 0.721154 0.179487 0.722756 0.176282 0.722756 0.173077 0.722756 0.169872 0.721154 0.168269 0.717949 0.171474 0.714744 0.173077 0.711538 0.176282 0.713141
0 0.179487 0.714744 0.237179 0.733974 0.237179 0.735577 0.235577 0.738782 0.232372 0.738782 0.229167 0.738782 0.224359 0.737179 0.225962 0.732372 0.225962 0.730769 0.229167 0.727564 0.230769 0.729167
0 0.235577 0.730769 0.296474 0.705128 0.296474 0.706731 0.294872 0.709936 0.291667 0.709936 0.288462 0.709936 0.283654 0.708333 0.285256 0.703526 0.285256 0.701923 0.288462 0.698718 0.291667 0.698718 0.294872 0.701923 0.310897 0.722756
0 0.310897 0.725962 0.309295 0.727564 0.306090 0.727564 0.302885 0.727564 0.299679 0.725962 0.299679 0.721154 0.299679 0.719551 0.302885 0.716346 0.306090 0.717949 0.309295 0.719551 0.395833 0.809295 0.395833 0.812500 0.392628 0.814103
0 0.389423 0.814103 0.387821 0.814103 0.384615 0.812500 0.383013 0.807692 0.384615 0.804487 0.387821 0.802885 0.391026 0.804487 0.394231 0.806090 0.564103 0.863782 0.564103 0.865385 0.560897 0.868590 0.557692 0.868590 0.556090 0.868590
0 0.552885 0.865385 0.551282 0.862179 0.552885 0.858974 0.556090 0.857372 0.559295 0.857372 0.562500 0.860577 0.556090 0.842949 0.556090 0.846154 0.554487 0.847756 0.551282 0.847756 0.548077 0.847756 0.544872 0.846154 0.543269 0.842949
0 0.544872 0.838141 0.548077 0.836538 0.551282 0.838141 0.554487 0.839744 0.725962 0.979167 0.725962 0.982372 0.724359 0.983974 0.721154 0.983974 0.717949 0.985577 0.716346 0.982372 0.714744 0.977564 0.714744 0.975962 0.717949 0.972756
0 0.722756 0.974359 0.724359 0.975962 0.750000 0.948718 0.748397 0.951923 0.746795 0.953526 0.743590 0.953526 0.741987 0.953526 0.738782 0.950321 0.737179 0.947115 0.737179 0.945513 0.740385 0.942308 0.745192 0.942308 0.746795 0.945513
0 0.746795 0.868590 0.746795 0.871795 0.743590 0.873397 0.740385 0.873397 0.738782 0.873397 0.735577 0.871795 0.733974 0.866987 0.735577 0.863782 0.738782 0.862179 0.741987 0.863782 0.745192 0.865385 0.850962 0.870192 0.850962 0.873397
0 0.849359 0.875000 0.846154 0.875000 0.842949 0.875000 0.839744 0.873397 0.838141 0.870192 0.839744 0.865385 0.842949 0.863782 0.846154 0.865385 0.849359 0.866987 0.836538 0.839744 0.836538 0.842949 0.834936 0.844551 0.831731 0.844551
0 0.828526 0.844551 0.825321 0.842949 0.823718 0.839744 0.825321 0.834936 0.828526 0.833333 0.831731 0.834936 0.834936 0.836538 0.623397 0.753205 0.623397 0.756410 0.620192 0.758013 0.616987 0.758013 0.615385 0.758013 0.612179 0.754808
0 0.610577 0.751603 0.610577 0.750000 0.613782 0.746795 0.618590 0.748397 0.621795 0.750000 0.668269 0.721154 0.668269 0.724359 0.666667 0.727564 0.663462 0.727564 0.660256 0.727564 0.658654 0.724359 0.655449 0.721154 0.657051 0.719551
0 0.660256 0.716346 0.665064 0.716346 0.666667 0.717949 0.645833 0.655449 0.645833 0.658654 0.644231 0.660256 0.641026 0.660256 0.637821 0.661859 0.636218 0.658654 0.634615 0.653846 0.634615 0.652244 0.637821 0.649038 0.642628 0.650641
0 0.644231 0.652244 0.549679 0.573718 0.548077 0.576923 0.546474 0.578526 0.543269 0.578526 0.541667 0.578526 0.538462 0.576923 0.536859 0.572115 0.536859 0.570513 0.540064 0.567308 0.544872 0.568910 0.546474 0.570513 0.605769 0.554487
0 0.605769 0.556090 0.604167 0.559295 0.600962 0.559295 0.597756 0.557692 0.592949 0.557692 0.592949 0.554487 0.594551 0.549679 0.597756 0.548077 0.600962 0.548077 0.604167 0.551282 0.535256 0.506410 0.535256 0.508013 0.532051 0.511218
0 0.528846 0.511218 0.527244 0.511218 0.524038 0.508013 0.522436 0.504808 0.524038 0.501603 0.527244 0.500000 0.530449 0.500000 0.533654 0.503205 0.483974 0.581731 0.483974 0.584936 0.482372 0.588141 0.479167 0.588141 0.475962 0.588141
0 0.474359 0.584936 0.471154 0.581731 0.472756 0.580128 0.475962 0.576923 0.480769 0.576923 0.482372 0.578526 0.432692 0.544872 0.432692 0.548077 0.431090 0.549679 0.427885 0.549679 0.426282 0.549679 0.423077 0.546474 0.421474 0.543269
0 0.421474 0.541667 0.424679 0.538462 0.429487 0.538462 0.431090 0.541667 0.379808 0.594551 0.379808 0.597756 0.378205 0.599359 0.375000 0.599359 0.371795 0.599359 0.368590 0.597756 0.366987 0.594551 0.368590 0.589744 0.371795 0.588141
0 0.375000 0.589744 0.378205 0.591346 0.506410 0.633013 0.504808 0.636218 0.503205 0.639423 0.500000 0.641026 0.495192 0.639423 0.490385 0.636218 0.487179 0.633013 0.487179 0.628205 0.488782 0.623397 0.491987 0.621795 0.496795 0.620192
0 0.500000 0.621795 0.504808 0.626603 0.358974 0.536859 0.358974 0.540064 0.357372 0.543269 0.354167 0.543269 0.350962 0.541667 0.346154 0.541667 0.347756 0.536859 0.347756 0.535256 0.350962 0.532051
0 0.354167 0.532051 0.357372 0.533654 0.318910 0.527244 0.317308 0.528846 0.315705 0.532051 0.312500 0.532051 0.310897 0.532051 0.307692 0.528846 0.306090 0.525641 0.306090 0.524038 0.309295 0.520833
0 0.314103 0.520833 0.317308 0.524038 0.360577 0.573718 0.358974 0.575321 0.357372 0.572115 0.354167 0.572115 0.350962 0.570513 0.352564 0.568910 0.355769 0.565705 0.357372 0.565705 0.358974 0.565705
0 0.360577 0.567308 0.363782 0.568910 0.362179 0.570513 0.291667 0.637821 0.290064 0.639423 0.288462 0.636218 0.283654 0.636218 0.283654 0.634615 0.285256 0.629808 0.285256 0.631410 0.288462 0.628205
0 0.290064 0.629808 0.293269 0.629808 0.294872 0.633013 0.293269 0.634615 0.238782 0.564103 0.233974 0.562500 0.232372 0.562500 0.229167 0.562500 0.227564 0.559295 0.229167 0.556090 0.229167 0.557692
0 0.232372 0.554487 0.233974 0.554487 0.235577 0.556090 0.237179 0.557692 0.237179 0.560897 0.235577 0.725962 0.233974 0.725962 0.230769 0.724359 0.225962 0.724359 0.225962 0.722756 0.227564 0.717949
0 0.227564 0.719551 0.230769 0.716346 0.232372 0.716346 0.235577 0.717949 0.237179 0.721154 0.237179 0.722756 0.248397 0.701923 0.246795 0.703526 0.245192 0.700321 0.240385 0.700321 0.240385 0.698718
0 0.240385 0.697115 0.243590 0.693910 0.245192 0.693910 0.246795 0.693910 0.250000 0.693910 0.251603 0.697115 0.250000 0.698718 0.110577 0.676282 0.108974 0.676282 0.105769 0.676282 0.104167 0.674679
0 0.100962 0.673077 0.102564 0.668269 0.102564 0.669872 0.105769 0.666667 0.108974 0.666667 0.110577 0.668269 0.112179 0.671474 0.112179 0.673077 0.065705 0.612179 0.064103 0.612179 0.060897 0.610577
0 0.056090 0.610577 0.056090 0.608974 0.056090 0.607372 0.059295 0.604167 0.060897 0.604167 0.062500 0.604167 0.065705 0.604167 0.067308 0.607372 0.067308 0.608974 0.161859 0.413462 0.157051 0.411859
0 0.155449 0.411859 0.152244 0.411859 0.150641 0.408654 0.150641 0.407051 0.153846 0.403846 0.155449 0.403846 0.157051 0.403846 0.158654 0.405449 0.161859 0.407051 0.160256 0.410256 0.235577 0.358974
0 0.233974 0.358974 0.230769 0.358974 0.229167 0.357372 0.227564 0.354167 0.229167 0.350962 0.232372 0.349359 0.233974 0.349359 0.235577 0.350962 0.237179 0.354167 0.237179 0.355769 0.254808 0.233974
0 0.253205 0.230769 0.250000 0.230769 0.245192 0.230769 0.245192 0.227564 0.245192 0.225962 0.248397 0.222756 0.250000 0.222756 0.251603 0.222756 0.254808 0.224359 0.256410 0.225962 0.256410 0.229167
0 0.314103 0.301282 0.312500 0.301282 0.309295 0.299679 0.304487 0.299679 0.304487 0.298077 0.306090 0.293269 0.306090 0.294872 0.309295 0.291667 0.310897 0.291667 0.314103 0.293269 0.315705 0.296474
0 0.315705 0.298077 0.581731 0.487179 0.581731 0.488782 0.580128 0.491987 0.576923 0.491987 0.573718 0.491987 0.568910 0.490385 0.568910 0.487179 0.570513 0.482372 0.573718 0.480769 0.576923 0.480769
0 0.580128 0.483974 0.588141 0.788462 0.591346 0.790064 0.591346 0.794872 0.591346 0.798077 0.588141 0.801282 0.583333 0.799679 0.578526 0.796474 0.576923 0.793269 0.578526 0.790064 0.581731 0.786859
0 0.584936 0.786859 0.543269 0.722756 0.543269 0.724359 0.541667 0.727564 0.538462 0.727564 0.535256 0.727564 0.530449 0.725962 0.532051 0.721154 0.532051 0.719551 0.535256 0.716346 0.538462 0.716346
0 0.541667 0.719551 0.251603 0.504808 0.254808 0.508013 0.256410 0.512821 0.254808 0.516026 0.251603 0.519231 0.248397 0.519231 0.241987 0.517628 0.237179 0.514423 0.238782 0.509615 0.240385 0.504808
0 0.243590 0.503205 0.246795 0.501603 0.185897 0.461538 0.184295 0.461538 0.181090 0.459936 0.176282 0.459936 0.176282 0.458333 0.176282 0.456731 0.179487 0.453526 0.181090 0.453526 0.184295 0.453526
0 0.185897 0.453526 0.187500 0.456731 0.187500 0.458333 0.182692 0.235577 0.185897 0.238782 0.187500 0.243590 0.187500 0.248397 0.184295 0.251603 0.179487 0.251603 0.174679 0.250000 0.171474 0.245192
0 0.169872 0.241987 0.171474 0.237179 0.174679 0.233974 0.179487 0.233974 0.229167 0.211538 0.227564 0.211538 0.224359 0.211538 0.222756 0.209936 0.219551 0.208333 0.219551 0.206731 0.222756 0.203526
0 0.224359 0.203526 0.227564 0.203526 0.229167 0.203526 0.230769 0.206731 0.230769 0.208333 0.283654 0.411859 0.286859 0.415064 0.288462 0.418269 0.286859 0.421474 0.283654 0.424679 0.278846 0.424679
0 0.272436 0.423077 0.274038 0.418269 0.274038 0.413462 0.277244 0.410256 0.280449 0.410256 0.599359 0.924679 0.599359 0.929487 0.596154 0.932692 0.592949 0.934295 0.589744 0.932692 0.583333 0.929487
