0 0.588360 0.352589 0.585018 0.353867 0.582617 0.357178 0.582163 0.361369 0.583552 0.365139 0.588058 0.367548 0.593243 0.366938 0.594969 0.364371 0.595597 0.359652 0.594680 0.355754 0.592021 0.352906
0 0.568820 0.370384 0.565477 0.371661 0.563076 0.374973 0.562622 0.379164 0.564011 0.382934 0.568517 0.385343 0.573702 0.384733 0.575428 0.382166 0.576056 0.377448 0.575140 0.373549 0.572480 0.370702
0 0.626769 0.378808 0.623427 0.380086 0.621026 0.383397 0.620572 0.387588 0.621961 0.391358 0.626467 0.393767 0.631652 0.393157 0.633378 0.390590 0.634005 0.385872 0.633089 0.381973 0.630429 0.379126
0 0.625960 0.359163 0.622617 0.360441 0.620216 0.363753 0.619762 0.367943 0.621151 0.371713 0.625657 0.374123 0.630842 0.373512 0.632568 0.370946 0.633196 0.366227 0.632280 0.362328 0.629620 0.359481
0 0.517685 0.328010 0.514343 0.329288 0.511942 0.332599 0.511488 0.336790 0.512877 0.340559 0.517383 0.342969 0.522568 0.342358 0.524294 0.339792 0.524921 0.335073 0.524005 0.331175 0.521345 0.328327
0 0.591380 0.426642 0.588037 0.427920 0.585636 0.431231 0.585183 0.435422 0.586571 0.439192 0.591077 0.441601 0.596262 0.440991 0.597989 0.438424 0.598615 0.433706 0.597700 0.429807 0.595040 0.426960
0 0.634437 0.466258 0.631094 0.467536 0.628694 0.470847 0.628240 0.475038 0.629628 0.478808 0.634135 0.481217 0.639319 0.480607 0.641046 0.478040 0.641673 0.473322 0.640757 0.469423 0.638097 0.466576
0 0.569717 0.464235 0.566374 0.465513 0.563973 0.468824 0.563519 0.473015 0.564907 0.476785 0.569414 0.479194 0.574599 0.478584 0.576325 0.476017 0.576952 0.471298 0.576037 0.467400 0.573376 0.464552
0 0.533084 0.391360 0.529741 0.392638 0.527341 0.395949 0.526887 0.400140 0.528275 0.403910 0.532782 0.406319 0.537966 0.405709 0.539693 0.403142 0.540320 0.398424 0.539404 0.394525 0.536744 0.391678
0 0.469770 0.326867 0.466427 0.328144 0.464026 0.331456 0.463573 0.335647 0.464961 0.339417 0.469467 0.341826 0.474652 0.341216 0.476379 0.338649 0.477006 0.333930 0.476090 0.330032 0.473430 0.327185
0 0.632957 0.446391 0.629614 0.447668 0.627213 0.450980 0.626759 0.455171 0.628148 0.458940 0.632654 0.461350 0.637839 0.460740 0.639565 0.458173 0.640193 0.453454 0.639277 0.449556 0.636617 0.446709
0 0.418536 0.331816 0.415194 0.333093 0.412793 0.336404 0.412339 0.340595 0.413728 0.344365 0.418234 0.346774 0.423419 0.346164 0.425145 0.343597 0.425772 0.338879 0.424856 0.334981 0.422196 0.332133
0 0.440121 0.335940 0.436778 0.337218 0.434377 0.340529 0.433924 0.344720 0.435312 0.348490 0.439818 0.350900 0.445003 0.350289 0.446729 0.347722 0.447356 0.343004 0.446441 0.339105 0.443781 0.336258
0 0.427577 0.354611 0.424234 0.355889 0.421833 0.359200 0.421380 0.363391 0.422768 0.367161 0.427274 0.369570 0.432459 0.368960 0.434185 0.366393 0.434812 0.361675 0.433897 0.357776 0.431236 0.354928
0 0.431883 0.389572 0.428540 0.390849 0.426140 0.394161 0.425686 0.398351 0.427074 0.402121 0.431581 0.404531 0.436765 0.403921 0.438492 0.401354 0.439119 0.396635 0.438203 0.392737 0.435543 0.389889
0 0.597007 0.303562 0.593664 0.304840 0.591263 0.308151 0.590809 0.312342 0.592198 0.316112 0.596704 0.318521 0.601889 0.317911 0.603615 0.315344 0.604242 0.310625 0.603327 0.306727 0.600667 0.303879
0 0.578851 0.294253 0.575509 0.295531 0.573108 0.298842 0.572654 0.303033 0.574043 0.306803 0.578549 0.309212 0.583734 0.308602 0.585460 0.306035 0.586087 0.301316 0.585172 0.297418 0.582511 0.294570
0 0.653871 0.372125 0.650529 0.373402 0.648128 0.376714 0.647674 0.380904 0.649062 0.384675 0.653569 0.387084 0.658753 0.386474 0.660480 0.383907 0.661107 0.379189 0.660191 0.375290 0.657531 0.372442
0 0.672289 0.382728 0.668947 0.384006 0.666546 0.387317 0.666092 0.391508 0.667481 0.395278 0.671987 0.397687 0.677172 0.397077 0.678898 0.394510 0.679525 0.389791 0.678610 0.385893 0.675949 0.383046
0 0.693910 0.421316 0.690567 0.422594 0.688167 0.425905 0.687713 0.430096 0.689101 0.433866 0.693607 0.436276 0.698792 0.435665 0.700519 0.433098 0.701146 0.428380 0.700230 0.424481 0.697570 0.421634
0 0.695304 0.496509 0.691962 0.497787 0.689561 0.501098 0.689107 0.505289 0.690496 0.509059 0.695002 0.511468 0.700187 0.510858 0.701913 0.508291 0.702540 0.503572 0.701625 0.499674 0.698964 0.496826
0 0.645621 0.487971 0.642278 0.489249 0.639878 0.492560 0.639424 0.496751 0.640812 0.500521 0.645319 0.502930 0.650503 0.502320 0.652230 0.499753 0.652857 0.495035 0.651941 0.491136 0.649281 0.488288
0 0.677083 0.466703 0.673740 0.467980 0.671339 0.471292 0.670886 0.475483 0.672274 0.479252 0.676780 0.481662 0.681965 0.481052 0.683692 0.478485 0.684318 0.473766 0.683403 0.469868 0.680743 0.467021
0 0.703502 0.459756 0.700159 0.461033 0.697758 0.464345 0.697304 0.468535 0.698693 0.472306 0.703199 0.474715 0.708384 0.474105 0.710110 0.471538 0.710738 0.466819 0.709822 0.462921 0.707162 0.460073
0 0.729329 0.470177 0.725986 0.471455 0.723585 0.474766 0.723131 0.478957 0.724520 0.482726 0.729026 0.485136 0.734211 0.484526 0.735937 0.481959 0.736564 0.477240 0.735649 0.473342 0.732989 0.470495
0 0.817542 0.454522 0.814199 0.455799 0.811799 0.459111 0.811345 0.463302 0.812733 0.467072 0.817240 0.469481 0.822424 0.468871 0.824151 0.466304 0.824778 0.461586 0.823862 0.457687 0.821202 0.454839
0 0.774653 0.479673 0.771311 0.480951 0.768910 0.484262 0.768456 0.488453 0.769845 0.492223 0.774351 0.494632 0.779536 0.494022 0.781262 0.491455 0.781889 0.486737 0.780973 0.482838 0.778313 0.479991
0 0.816051 0.507560 0.812709 0.508837 0.810308 0.512148 0.809854 0.516340 0.811242 0.520109 0.815749 0.522519 0.820933 0.521908 0.822660 0.519342 0.823287 0.514623 0.822371 0.510724 0.819711 0.507877
0 0.845751 0.473466 0.842408 0.474744 0.840007 0.478055 0.839554 0.482246 0.840942 0.486016 0.845448 0.488425 0.850633 0.487815 0.852359 0.485248 0.852987 0.480530 0.852071 0.476631 0.849411 0.473784
0 0.865251 0.469820 0.861908 0.471098 0.859507 0.474410 0.859053 0.478600 0.860442 0.482370 0.864948 0.484780 0.870133 0.484169 0.871859 0.481603 0.872487 0.476884 0.871570 0.472986 0.868911 0.470138
0 0.760594 0.363119 0.757251 0.364397 0.754850 0.367708 0.754397 0.371899 0.755785 0.375668 0.760291 0.378078 0.765476 0.377468 0.767202 0.374901 0.767829 0.370182 0.766914 0.366284 0.764254 0.363436
0 0.791329 0.353224 0.787987 0.354501 0.785586 0.357813 0.785132 0.362004 0.786520 0.365774 0.791027 0.368183 0.796212 0.367573 0.797938 0.365006 0.798565 0.360287 0.797650 0.356389 0.794990 0.353541
0 0.845038 0.352631 0.841695 0.353908 0.839294 0.357220 0.838841 0.361411 0.840229 0.365181 0.844736 0.367590 0.849920 0.366980 0.851647 0.364413 0.852274 0.359695 0.851358 0.355796 0.848698 0.352949
0 0.873627 0.362892 0.870285 0.364170 0.867884 0.367481 0.867430 0.371672 0.868818 0.375442 0.873325 0.377851 0.878510 0.377241 0.880236 0.374674 0.880863 0.369956 0.879947 0.366057 0.877287 0.363210
0 0.851673 0.388853 0.848330 0.390131 0.845929 0.393442 0.845475 0.397633 0.846864 0.401403 0.851370 0.403812 0.856555 0.403202 0.858281 0.400636 0.858909 0.395917 0.857993 0.392018 0.855333 0.389171
0 0.823916 0.362879 0.820574 0.364157 0.818173 0.367468 0.817719 0.371659 0.819108 0.375429 0.823614 0.377838 0.828799 0.377228 0.830525 0.374661 0.831152 0.369943 0.830236 0.366045 0.827576 0.363197
0 0.906284 0.446913 0.902941 0.448190 0.900540 0.451501 0.900086 0.455692 0.901475 0.459462 0.905981 0.461871 0.911166 0.461261 0.912892 0.458694 0.913519 0.453976 0.912604 0.450078 0.909943 0.447230
0 0.828807 0.290513 0.825465 0.291791 0.823063 0.295102 0.822610 0.299293 0.823998 0.303063 0.828504 0.305472 0.833689 0.304862 0.835416 0.302296 0.836043 0.297577 0.835127 0.293679 0.832467 0.290831
0 0.890798 0.297601 0.887456 0.298879 0.885055 0.302191 0.884601 0.306381 0.885990 0.310151 0.890496 0.312561 0.895681 0.311950 0.897407 0.309384 0.898034 0.304665 0.897118 0.300766 0.894458 0.297919
0 0.890455 0.319162 0.887113 0.320440 0.884712 0.323751 0.884258 0.327942 0.885646 0.331712 0.890152 0.334122 0.895337 0.333511 0.897064 0.330944 0.897691 0.326225 0.896775 0.322327 0.894115 0.319480
0 0.873785 0.308148 0.870443 0.309426 0.868042 0.312737 0.867588 0.316928 0.868976 0.320698 0.873483 0.323107 0.878667 0.322497 0.880394 0.319930 0.881021 0.315212 0.880105 0.311313 0.877445 0.308466
0 0.821827 0.246302 0.818485 0.247579 0.816084 0.250891 0.815630 0.255081 0.817019 0.258851 0.821525 0.261261 0.826710 0.260651 0.828436 0.258084 0.829063 0.253365 0.828148 0.249467 0.825487 0.246619
0 0.826038 0.231559 0.822695 0.232837 0.820294 0.236148 0.819840 0.240339 0.821229 0.244109 0.825735 0.246519 0.830920 0.245908 0.832646 0.243341 0.833274 0.238622 0.832358 0.234724 0.829698 0.231877
0 0.793461 0.229898 0.790119 0.231176 0.787717 0.234487 0.787264 0.238678 0.788652 0.242448 0.793159 0.244858 0.798344 0.244247 0.800070 0.241680 0.800697 0.236962 0.799781 0.233063 0.797121 0.230216
0 0.909039 0.249078 0.905696 0.250356 0.903295 0.253667 0.902842 0.257858 0.904230 0.261628 0.908736 0.264037 0.913921 0.263427 0.915647 0.260860 0.916274 0.256142 0.915359 0.252243 0.912699 0.249396
0 0.922572 0.258054 0.919230 0.259331 0.916828 0.262642 0.916375 0.266834 0.917763 0.270603 0.922270 0.273013 0.927455 0.272402 0.929181 0.269835 0.929808 0.265117 0.928892 0.261219 0.926232 0.258371
0 0.894119 0.237470 0.890777 0.238747 0.888376 0.242059 0.887922 0.246250 0.889310 0.250020 0.893816 0.252429 0.899001 0.251819 0.900728 0.249252 0.901355 0.244533 0.900439 0.240635 0.897779 0.237787
0 0.913064 0.207484 0.909721 0.208762 0.907320 0.212073 0.906866 0.216265 0.908255 0.220034 0.912761 0.222444 0.917946 0.221833 0.919672 0.219266 0.920300 0.214548 0.919384 0.210649 0.916724 0.207802
0 0.778419 0.217563 0.775076 0.218841 0.772675 0.222153 0.772222 0.226343 0.773610 0.230113 0.778116 0.232523 0.783301 0.231913 0.785028 0.229346 0.785655 0.224627 0.784739 0.220729 0.782079 0.217881
0 0.781240 0.254229 0.777898 0.255506 0.775497 0.258818 0.775043 0.263009 0.776432 0.266778 0.780938 0.269188 0.786123 0.268578 0.787849 0.266011 0.788476 0.261292 0.787560 0.257394 0.784900 0.254546
0 0.663712 0.333857 0.660369 0.335135 0.657969 0.338446 0.657515 0.342637 0.658903 0.346407 0.663409 0.348816 0.668594 0.348206 0.670321 0.345639 0.670948 0.340920 0.670032 0.337022 0.667372 0.334174
0 0.610450 0.257405 0.607108 0.258682 0.604707 0.261994 0.604253 0.266185 0.605642 0.269954 0.610148 0.272364 0.615333 0.271754 0.617059 0.269187 0.617686 0.264468 0.616770 0.260570 0.614110 0.257723
0 0.626976 0.239781 0.623634 0.241058 0.621233 0.244370 0.620779 0.248561 0.622167 0.252331 0.626674 0.254740 0.631859 0.254130 0.633585 0.251563 0.634212 0.246845 0.633296 0.242946 0.630637 0.240099
0 0.622352 0.286577 0.619009 0.287854 0.616608 0.291166 0.616154 0.295357 0.617543 0.299127 0.622049 0.301536 0.627234 0.300926 0.628960 0.298359 0.629588 0.293641 0.628672 0.289742 0.626012 0.286895
0 0.526655 0.238934 0.523312 0.240212 0.520911 0.243523 0.520458 0.247714 0.521846 0.251484 0.526352 0.253894 0.531537 0.253283 0.533263 0.250716 0.533891 0.245998 0.532975 0.242099 0.530315 0.239252
0 0.496480 0.248150 0.493138 0.249428 0.490737 0.252739 0.490283 0.256930 0.491672 0.260700 0.496178 0.263109 0.501363 0.262499 0.503089 0.259933 0.503716 0.255214 0.502800 0.251316 0.500140 0.248468
0 0.500396 0.229940 0.497053 0.231218 0.494653 0.234529 0.494199 0.238720 0.495587 0.242490 0.500094 0.244900 0.505278 0.244289 0.507005 0.241722 0.507632 0.237004 0.506716 0.233105 0.504056 0.230258
0 0.593722 0.236606 0.590379 0.237884 0.587978 0.241195 0.587525 0.245386 0.588913 0.249155 0.593419 0.251565 0.598604 0.250955 0.600330 0.248388 0.600957 0.243669 0.600042 0.239771 0.597382 0.236923
0 0.604620 0.184447 0.601277 0.185725 0.598877 0.189036 0.598423 0.193228 0.599811 0.196997 0.604318 0.199407 0.609502 0.198796 0.611229 0.196229 0.611856 0.191511 0.610940 0.187612 0.608280 0.184765
0 0.587814 0.191742 0.584471 0.193020 0.582070 0.196331 0.581617 0.200522 0.583005 0.204292 0.587511 0.206701 0.592696 0.206091 0.594423 0.203524 0.595050 0.198806 0.594134 0.194907 0.591474 0.192059
0 0.523093 0.208581 0.519751 0.209859 0.517350 0.213171 0.516896 0.217361 0.518284 0.221131 0.522791 0.223540 0.527975 0.222931 0.529702 0.220364 0.530329 0.215645 0.529413 0.211747 0.526753 0.208899
0 0.456822 0.203905 0.453479 0.205183 0.451078 0.208494 0.450625 0.212685 0.452013 0.216455 0.456519 0.218865 0.461704 0.218254 0.463430 0.215687 0.464057 0.210969 0.463142 0.207070 0.460481 0.204223
0 0.500459 0.349965 0.497117 0.351243 0.494716 0.354553 0.494262 0.358745 0.495651 0.362514 0.500157 0.364924 0.505342 0.364313 0.507068 0.361747 0.507695 0.357028 0.506779 0.353130 0.504119 0.350282
0 0.483286 0.341453 0.479943 0.342731 0.477542 0.346042 0.477088 0.350233 0.478477 0.354003 0.482983 0.356412 0.488168 0.355802 0.489894 0.353235 0.490522 0.348517 0.489606 0.344618 0.486946 0.341771
0 0.386209 0.310033 0.382867 0.311310 0.380466 0.314622 0.380012 0.318812 0.381401 0.322582 0.385907 0.324991 0.391092 0.324382 0.392818 0.321815 0.393445 0.317096 0.392529 0.313198 0.389869 0.310350
0 0.397240 0.382486 0.393897 0.383764 0.391496 0.387075 0.391043 0.391266 0.392431 0.395036 0.396937 0.397445 0.402122 0.396835 0.403848 0.394268 0.404476 0.389549 0.403560 0.385651 0.400900 0.382803
0 0.440713 0.375157 0.437371 0.376435 0.434969 0.379746 0.434516 0.383937 0.435904 0.387707 0.440410 0.390116 0.445595 0.389506 0.447322 0.386939 0.447949 0.382221 0.447033 0.378322 0.444373 0.375475
0 0.352570 0.352009 0.349227 0.353287 0.346827 0.356599 0.346372 0.360789 0.347761 0.364559 0.352267 0.366969 0.357452 0.366358 0.359178 0.363792 0.359805 0.359073 0.358890 0.355175 0.356230 0.352327
0 0.339398 0.332002 0.336055 0.333280 0.333655 0.336591 0.333201 0.340782 0.334589 0.344552 0.339096 0.346961 0.344280 0.346351 0.346007 0.343785 0.346634 0.339066 0.345718 0.335168 0.343058 0.332320
0 0.287498 0.269253 0.284155 0.270531 0.281754 0.273842 0.281300 0.278033 0.282689 0.281803 0.287195 0.284212 0.292380 0.283602 0.294106 0.281035 0.294734 0.276316 0.293818 0.272418 0.291158 0.269570
0 0.296745 0.288796 0.293402 0.290074 0.291001 0.293385 0.290548 0.297576 0.291936 0.301346 0.296442 0.303756 0.301627 0.303145 0.303353 0.300578 0.303980 0.295860 0.303065 0.291961 0.300405 0.289114
0 0.376096 0.242202 0.372753 0.243479 0.370352 0.246791 0.369898 0.250982 0.371287 0.254752 0.375793 0.257161 0.380978 0.256551 0.382704 0.253984 0.383332 0.249266 0.382416 0.245367 0.379756 0.242520
0 0.395780 0.235668 0.392437 0.236945 0.390036 0.240257 0.389583 0.244448 0.390971 0.248218 0.395477 0.250627 0.400662 0.250017 0.402388 0.247450 0.403015 0.242732 0.402100 0.238833 0.399440 0.235986
0 0.382955 0.188662 0.379612 0.189939 0.377212 0.193251 0.376758 0.197442 0.378146 0.201211 0.382652 0.203621 0.387837 0.203011 0.389563 0.200444 0.390191 0.195725 0.389275 0.191827 0.386615 0.188979
0 0.292532 0.333297 0.289190 0.334575 0.286789 0.337886 0.286335 0.342077 0.287723 0.345846 0.292229 0.348256 0.297414 0.347645 0.299140 0.345079 0.299768 0.340360 0.298852 0.336462 0.296192 0.333614
0 0.323258 0.339725 0.319916 0.341002 0.317515 0.344313 0.317061 0.348505 0.318450 0.352274 0.322956 0.354684 0.328141 0.354073 0.329867 0.351506 0.330494 0.346788 0.329578 0.342889 0.326918 0.340042
0 0.310002 0.326422 0.306660 0.327699 0.304259 0.331011 0.303805 0.335202 0.305194 0.338971 0.309700 0.341381 0.314885 0.340771 0.316611 0.338204 0.317238 0.333485 0.316322 0.329587 0.313663 0.326740
0 0.379484 0.291618 0.376142 0.292896 0.373740 0.296207 0.373287 0.300398 0.374675 0.304168 0.379181 0.306578 0.384366 0.305967 0.386093 0.303401 0.386720 0.298682 0.385804 0.294784 0.383144 0.291936
0 0.391488 0.254397 0.388146 0.255675 0.385744 0.258986 0.385291 0.263177 0.386679 0.266947 0.391185 0.269356 0.396370 0.268746 0.398097 0.266179 0.398724 0.261461 0.397808 0.257563 0.395148 0.254715
0 0.368332 0.266849 0.364989 0.268126 0.362588 0.271438 0.362135 0.275628 0.363523 0.279398 0.368029 0.281808 0.373214 0.281198 0.374941 0.278631 0.375567 0.273912 0.374652 0.270014 0.371992 0.267167
0 0.351275 0.388571 0.347933 0.389848 0.345532 0.393159 0.345078 0.397351 0.346467 0.401120 0.350973 0.403530 0.356158 0.402919 0.357884 0.400352 0.358511 0.395634 0.357595 0.391735 0.354935 0.388888
0 0.305283 0.392274 0.301940 0.393551 0.299540 0.396863 0.299086 0.401053 0.300474 0.404823 0.304980 0.407233 0.310165 0.406623 0.311891 0.404056 0.312518 0.399337 0.311603 0.395439 0.308943 0.392591
0 0.443100 0.424148 0.439758 0.425426 0.437357 0.428737 0.436903 0.432928 0.438292 0.436698 0.442798 0.439107 0.447983 0.438497 0.449709 0.435930 0.450336 0.431212 0.449421 0.427313 0.446760 0.424466
0 0.439409 0.452356 0.436066 0.453633 0.433665 0.456944 0.433212 0.461135 0.434600 0.464905 0.439107 0.467315 0.444291 0.466704 0.446018 0.464137 0.446645 0.459419 0.445729 0.455521 0.443069 0.452673
0 0.351604 0.493982 0.348261 0.495260 0.345861 0.498571 0.345407 0.502762 0.346795 0.506532 0.351302 0.508941 0.356486 0.508331 0.358213 0.505764 0.358840 0.501046 0.357924 0.497147 0.355264 0.494299
0 0.307257 0.418002 0.303914 0.419280 0.301513 0.422591 0.301059 0.426783 0.302448 0.430552 0.306954 0.432962 0.312139 0.432351 0.313865 0.429784 0.314493 0.425066 0.313577 0.421167 0.310917 0.418320
0 0.466029 0.455767 0.462686 0.457044 0.460286 0.460356 0.459832 0.464547 0.461220 0.468316 0.465726 0.470726 0.470911 0.470116 0.472638 0.467549 0.473265 0.462830 0.472349 0.458932 0.469689 0.456084
0 0.276983 0.423405 0.273640 0.424683 0.271239 0.427994 0.270785 0.432185 0.272174 0.435955 0.276680 0.438364 0.281865 0.437754 0.283591 0.435188 0.284219 0.430469 0.283303 0.426570 0.280643 0.423723
0 0.240624 0.389364 0.237282 0.390642 0.234881 0.393953 0.234427 0.398144 0.235815 0.401914 0.240322 0.404323 0.245507 0.403713 0.247233 0.401146 0.247860 0.396428 0.246944 0.392529 0.244284 0.389682
0 0.207518 0.377145 0.204175 0.378422 0.201774 0.381734 0.201320 0.385925 0.202709 0.389694 0.207215 0.392104 0.212400 0.391494 0.214126 0.388927 0.214753 0.384208 0.213838 0.380310 0.211178 0.377462
0 0.178311 0.371197 0.174968 0.372474 0.172567 0.375786 0.172113 0.379976 0.173502 0.383746 0.178008 0.386156 0.183193 0.385546 0.184919 0.382979 0.185547 0.378260 0.184631 0.374362 0.181971 0.371514
0 0.150201 0.364241 0.146858 0.365518 0.144457 0.368830 0.144003 0.373021 0.145392 0.376790 0.149898 0.379200 0.155083 0.378590 0.156809 0.376023 0.157437 0.371304 0.156521 0.367406 0.153861 0.364559
0 0.195072 0.289182 0.191730 0.290460 0.189329 0.293770 0.188875 0.297962 0.190264 0.301731 0.194770 0.304141 0.199955 0.303530 0.201681 0.300964 0.202308 0.296245 0.201392 0.292347 0.198732 0.289499
0 0.170177 0.269584 0.166835 0.270862 0.164434 0.274173 0.163980 0.278364 0.165369 0.282134 0.169875 0.284544 0.175060 0.283933 0.176786 0.281366 0.177413 0.276648 0.176497 0.272749 0.173837 0.269902
0 0.193022 0.245870 0.189679 0.247148 0.187279 0.250459 0.186825 0.254650 0.188213 0.258420 0.192719 0.260829 0.197904 0.260219 0.199630 0.257653 0.200258 0.252934 0.199342 0.249036 0.196682 0.246188
0 0.208304 0.251709 0.204961 0.252987 0.202561 0.256298 0.202107 0.260490 0.203495 0.264259 0.208002 0.266669 0.213186 0.266058 0.214913 0.263491 0.215540 0.258773 0.214624 0.254874 0.211964 0.252027
0 0.256249 0.190479 0.252907 0.191756 0.250506 0.195068 0.250052 0.199259 0.251441 0.203028 0.255947 0.205438 0.261132 0.204827 0.262858 0.202261 0.263485 0.197542 0.262569 0.193644 0.259910 0.190796
0 0.293771 0.171287 0.290428 0.172565 0.288028 0.175876 0.287574 0.180067 0.288962 0.183837 0.293469 0.186246 0.298653 0.185636 0.300380 0.183069 0.301007 0.178350 0.300091 0.174452 0.297431 0.171605
0 0.344562 0.240671 0.341219 0.241949 0.338818 0.245260 0.338365 0.249451 0.339753 0.253221 0.344259 0.255631 0.349444 0.255020 0.351171 0.252453 0.351798 0.247735 0.350882 0.243836 0.348222 0.240989
0 0.215574 0.162112 0.212232 0.163389 0.209831 0.166701 0.209377 0.170891 0.210765 0.174661 0.215272 0.177071 0.220456 0.176461 0.222183 0.173894 0.222810 0.169175 0.221894 0.165277 0.219234 0.162429
0 0.090750 0.282460 0.087407 0.283737 0.085006 0.287048 0.084553 0.291239 0.085941 0.295009 0.090447 0.297418 0.095632 0.296808 0.097359 0.294241 0.097985 0.289523 0.097070 0.285624 0.094410 0.282777
0 0.047520 0.248277 0.044177 0.249554 0.041776 0.252866 0.041322 0.257057 0.042711 0.260827 0.047217 0.263236 0.052402 0.262626 0.054128 0.260059 0.054755 0.255341 0.053840 0.251442 0.051180 0.248595
0 0.013409 0.292209 0.010067 0.293487 0.007666 0.296798 0.007212 0.300989 0.008601 0.304759 0.013107 0.307168 0.018292 0.306558 0.020018 0.303991 0.020645 0.299273 0.019730 0.295374 0.017069 0.292527
0 0.000000 0.313727 0.000000 0.315004 0.000000 0.318315 0.000000 0.322506 0.000000 0.326276 0.000000 0.328685 0.000000 0.328075 0.000000 0.325508 0.000000 0.320790 0.000000 0.316891 0.000000 0.314044
0 0.000000 0.295548 0.000000 0.296825 0.000000 0.300136 0.000000 0.304328 0.000000 0.308097 0.000000 0.310507 0.000000 0.309896 0.000000 0.307330 0.000000 0.302611 0.000000 0.298713 0.000000 0.295865
0 0.003083 0.308509 0.000000 0.309786 0.000000 0.313098 0.000000 0.317289 0.000000 0.321059 0.002780 0.323468 0.007965 0.322858 0.009692 0.320291 0.010319 0.315572 0.009403 0.311674 0.006743 0.308826
0 0.021855 0.335094 0.018513 0.336371 0.016112 0.339683 0.015658 0.343873 0.017046 0.347643 0.021553 0.350053 0.026738 0.349443 0.028464 0.346876 0.029091 0.342157 0.028175 0.338259 0.025515 0.335411
0 0.000000 0.332602 0.000000 0.333880 0.000000 0.337191 0.000000 0.341382 0.000000 0.345152 0.000000 0.347562 0.000000 0.346951 0.000000 0.344384 0.000000 0.339666 0.000000 0.335767 0.000000 0.332920
0 0.047258 0.287440 0.043916 0.288717 0.041515 0.292028 0.041061 0.296219 0.042450 0.299989 0.046956 0.302398 0.052141 0.301788 0.053867 0.299221 0.054494 0.294503 0.053578 0.290604 0.050918 0.287757
0 0.000000 0.198346 0.000000 0.199623 0.000000 0.202935 0.000000 0.207125 0.000000 0.210896 0.000000 0.213305 0.002094 0.212695 0.003820 0.210128 0.004447 0.205410 0.003531 0.201511 0.000871 0.198663
0 0.000000 0.195182 0.000000 0.196460 0.000000 0.199771 0.000000 0.203962 0.000000 0.207732 0.000000 0.210142 0.000000 0.209531 0.000000 0.206964 0.000000 0.202246 0.000000 0.198347 0.000000 0.195500
0 0.000000 0.180530 0.000000 0.181807 0.000000 0.185119 0.000000 0.189309 0.000000 0.193079 0.000000 0.195489 0.000000 0.194879 0.000000 0.192312 0.000000 0.187593 0.000000 0.183695 0.000000 0.180847
0 0.087030 0.227607 0.083688 0.228884 0.081287 0.232196 0.080833 0.236387 0.082222 0.240157 0.086728 0.242566 0.091913 0.241956 0.093639 0.239389 0.094267 0.234671 0.093350 0.230772 0.090691 0.227925
0 0.068508 0.164766 0.065165 0.166044 0.062764 0.169355 0.062310 0.173546 0.063699 0.177316 0.068205 0.179726 0.073390 0.179115 0.075116 0.176548 0.075744 0.171830 0.074828 0.167931 0.072168 0.165084
0 0.085977 0.157889 0.082635 0.159166 0.080234 0.162477 0.079780 0.166668 0.081169 0.170438 0.085675 0.172847 0.090860 0.172237 0.092586 0.169671 0.093213 0.164952 0.092297 0.161054 0.089638 0.158206
0 0.057931 0.333216 0.054588 0.334493 0.052187 0.337805 0.051733 0.341996 0.053122 0.345765 0.057628 0.348175 0.062813 0.347565 0.064539 0.344998 0.065167 0.340279 0.064251 0.336381 0.061591 0.333533
0 0.000000 0.390258 0.000000 0.391536 0.000000 0.394847 0.000000 0.399038 0.000000 0.402808 0.000000 0.405217 0.000000 0.404607 0.000000 0.402040 0.000000 0.397321 0.000000 0.393423 0.000000 0.390575
0 0.000206 0.412963 0.000000 0.414240 0.000000 0.417551 0.000000 0.421743 0.000000 0.425512 0.000000 0.427922 0.005088 0.427311 0.006814 0.424744 0.007441 0.420026 0.006526 0.416128 0.003866 0.413280
0 0.055654 0.441698 0.052312 0.442976 0.049911 0.446287 0.049457 0.450478 0.050846 0.454248 0.055352 0.456657 0.060537 0.456047 0.062263 0.453480 0.062890 0.448762 0.061974 0.444864 0.059314 0.442016
0 0.000000 0.415874 0.000000 0.417152 0.000000 0.420463 0.000000 0.424654 0.000000 0.428423 0.000000 0.430833 0.000000 0.430223 0.000000 0.427656 0.000000 0.422937 0.000000 0.419039 0.000000 0.416191
0 0.000000 0.368016 0.000000 0.369293 0.000000 0.372604 0.000000 0.376796 0.000000 0.380565 0.000000 0.382975 0.000000 0.382364 0.000000 0.379797 0.000000 0.375079 0.000000 0.371180 0.000000 0.368333
0 0.106180 0.439790 0.102838 0.441067 0.100437 0.444378 0.099983 0.448569 0.101372 0.452339 0.105878 0.454748 0.111063 0.454138 0.112789 0.451571 0.113416 0.446853 0.112500 0.442955 0.109840 0.440107
0 0.138166 0.511350 0.134823 0.512627 0.132422 0.515939 0.131968 0.520129 0.133357 0.523899 0.137863 0.526308 0.143048 0.525698 0.144774 0.523132 0.145401 0.518413 0.144486 0.514515 0.141825 0.511667
0 0.168669 0.546345 0.165326 0.547623 0.162925 0.550934 0.162471 0.555125 0.163860 0.558895 0.168366 0.561304 0.173551 0.560694 0.175277 0.558127 0.175905 0.553409 0.174989 0.549510 0.172329 0.546662
0 0.217924 0.556534 0.214581 0.557811 0.212180 0.561123 0.211727 0.565314 0.213115 0.569083 0.217621 0.571493 0.222806 0.570882 0.224533 0.568316 0.225160 0.563597 0.224244 0.559699 0.221584 0.556851
0 0.011923 0.542289 0.008581 0.543566 0.006180 0.546877 0.005726 0.551069 0.007114 0.554838 0.011621 0.557248 0.016805 0.556637 0.018532 0.554071 0.019159 0.549352 0.018243 0.545453 0.015583 0.542606
0 0.025245 0.491547 0.021903 0.492825 0.019502 0.496136 0.019048 0.500327 0.020436 0.504097 0.024943 0.506506 0.030128 0.505896 0.031854 0.503329 0.032481 0.498611 0.031565 0.494712 0.028905 0.491864
0 0.000000 0.535292 0.000000 0.536569 0.000000 0.539880 0.000000 0.544072 0.000000 0.547841 0.000000 0.550251 0.000000 0.549640 0.000000 0.547073 0.000000 0.542355 0.000000 0.538456 0.000000 0.535609
0 0.000000 0.598817 0.000000 0.600095 0.000000 0.603406 0.000000 0.607597 0.000000 0.611367 0.000000 0.613776 0.000000 0.613166 0.000000 0.610599 0.000000 0.605881 0.000000 0.601982 0.000000 0.599135
0 0.136604 0.638320 0.133262 0.639598 0.130861 0.642909 0.130407 0.647100 0.131796 0.650870 0.136302 0.653279 0.141487 0.652669 0.143213 0.650102 0.143840 0.645384 0.142924 0.641485 0.140264 0.638638
0 0.081905 0.607229 0.078563 0.608507 0.076161 0.611818 0.075708 0.616009 0.077096 0.619779 0.081602 0.622189 0.086788 0.621578 0.088514 0.619011 0.089141 0.614293 0.088225 0.610394 0.085565 0.607547
0 0.098147 0.596678 0.094804 0.597955 0.092403 0.601266 0.091949 0.605457 0.093338 0.609227 0.097844 0.611636 0.103029 0.611026 0.104755 0.608460 0.105382 0.603741 0.104467 0.599843 0.101807 0.596995
0 0.000000 0.610573 0.000000 0.611851 0.000000 0.615163 0.000000 0.619353 0.000000 0.623123 0.000000 0.625533 0.000000 0.624922 0.000000 0.622356 0.000000 0.617637 0.000000 0.613739 0.000000 0.610891
0 0.000000 0.624011 0.000000 0.625289 0.000000 0.628600 0.000000 0.632791 0.000000 0.636561 0.000000 0.638970 0.000000 0.638360 0.000000 0.635793 0.000000 0.631074 0.000000 0.627176 0.000000 0.624328
0 0.042323 0.648872 0.038980 0.650150 0.036579 0.653461 0.036125 0.657652 0.037514 0.661421 0.042020 0.663831 0.047205 0.663221 0.048931 0.660654 0.049558 0.655935 0.048643 0.652037 0.045983 0.649189
0 0.071728 0.693592 0.068386 0.694870 0.065984 0.698181 0.065531 0.702372 0.066919 0.706142 0.071425 0.708551 0.076611 0.707941 0.078337 0.705374 0.078964 0.700656 0.078048 0.696757 0.075388 0.693910
0 0.113783 0.700773 0.110441 0.702051 0.108040 0.705362 0.107586 0.709553 0.108975 0.713323 0.113481 0.715732 0.118666 0.715122 0.120392 0.712555 0.121019 0.707837 0.120103 0.703938 0.117443 0.701091
0 0.072730 0.713662 0.069388 0.714940 0.066987 0.718252 0.066533 0.722443 0.067922 0.726212 0.072428 0.728622 0.077613 0.728011 0.079339 0.725445 0.079966 0.720726 0.079050 0.716828 0.076390 0.713980
0 0.000000 0.672782 0.000000 0.674060 0.000000 0.677372 0.000000 0.681562 0.000000 0.685332 0.000000 0.687200 0.000000 0.687131 0.000000 0.684565 0.000000 0.679846 0.000000 0.675948 0.000000 0.673100
0 0.167746 0.699124 0.164403 0.700402 0.162003 0.703713 0.161549 0.707904 0.162937 0.711674 0.167478 0.713542 0.172628 0.713473 0.174355 0.710906 0.174982 0.706187 0.174066 0.702289 0.171406 0.699441
0 0.210859 0.629951 0.207517 0.631229 0.205115 0.634540 0.204662 0.638731 0.206050 0.642501 0.210591 0.644369 0.215742 0.644300 0.217468 0.641733 0.218095 0.637015 0.217179 0.633116 0.214519 0.630268
0 0.238274 0.616196 0.234931 0.617474 0.232530 0.620785 0.232077 0.624976 0.233465 0.628746 0.238006 0.630613 0.243156 0.630545 0.244882 0.627978 0.245510 0.623260 0.244594 0.619361 0.241934 0.616514
0 0.232722 0.640753 0.229379 0.642031 0.226978 0.645342 0.226524 0.649534 0.227913 0.653303 0.232453 0.655171 0.237604 0.655102 0.239330 0.652535 0.239957 0.647817 0.239042 0.643918 0.236382 0.641071
0 0.080899 0.633213 0.077557 0.634490 0.075155 0.637802 0.074702 0.641993 0.076090 0.645762 0.080631 0.647630 0.085782 0.647562 0.087508 0.644995 0.088135 0.640276 0.087219 0.636378 0.084559 0.633530
0 0.275600 0.647315 0.272258 0.648592 0.269856 0.651903 0.269403 0.656094 0.270791 0.659864 0.275332 0.661732 0.280482 0.661663 0.282208 0.659096 0.282836 0.654378 0.281920 0.650479 0.279260 0.647632
0 0.274572 0.619657 0.271230 0.620934 0.268829 0.624246 0.268375 0.628437 0.269763 0.632207 0.274305 0.634074 0.279454 0.634006 0.281181 0.631439 0.281808 0.626720 0.280892 0.622822 0.278232 0.619974
0 0.260464 0.610148 0.257121 0.611425 0.254720 0.614737 0.254266 0.618927 0.255655 0.622697 0.260196 0.624565 0.265346 0.624497 0.267072 0.621930 0.267699 0.617211 0.266784 0.613313 0.264124 0.610465
0 0.249752 0.663240 0.246409 0.664518 0.244008 0.667829 0.243554 0.672020 0.244943 0.675790 0.249483 0.677657 0.254634 0.677589 0.256360 0.675022 0.256987 0.670303 0.256072 0.666405 0.253412 0.663557
0 0.293830 0.593886 0.290487 0.595164 0.288086 0.598475 0.287632 0.602666 0.289021 0.606436 0.293562 0.608304 0.298712 0.608235 0.300438 0.605668 0.301066 0.600950 0.300150 0.597051 0.297490 0.594203
0 0.000000 0.673964 0.000000 0.675241 0.000000 0.678553 0.000000 0.682744 0.000000 0.686514 0.000000 0.688381 0.000000 0.688313 0.000000 0.685746 0.000000 0.681028 0.000000 0.677129 0.000000 0.674282
0 0.327140 0.618528 0.323798 0.619805 0.321396 0.623117 0.320943 0.627307 0.322331 0.631078 0.326872 0.632945 0.332022 0.632877 0.333748 0.630310 0.334376 0.625592 0.333460 0.621693 0.330800 0.618845
0 0.356080 0.648129 0.352737 0.649406 0.350337 0.652718 0.349883 0.656909 0.351271 0.660679 0.355812 0.662546 0.360962 0.662478 0.362688 0.659911 0.363315 0.655192 0.362400 0.651294 0.359740 0.648447
0 0.371020 0.616866 0.367677 0.618143 0.365277 0.621454 0.364823 0.625645 0.366211 0.629415 0.370752 0.631283 0.375902 0.631214 0.377629 0.628647 0.378256 0.623929 0.377340 0.620031 0.374680 0.617183
0 0.329688 0.593040 0.326345 0.594318 0.323944 0.597629 0.323490 0.601820 0.324879 0.605590 0.329419 0.607458 0.334570 0.607389 0.336296 0.604822 0.336923 0.600103 0.336008 0.596205 0.333347 0.593358
0 0.266395 0.509778 0.263053 0.511056 0.260652 0.514367 0.260198 0.518558 0.261587 0.522328 0.266127 0.524195 0.271278 0.524127 0.273004 0.521560 0.273631 0.516842 0.272715 0.512943 0.270055 0.510096
0 0.489088 0.604627 0.485745 0.605905 0.483344 0.609215 0.482890 0.613407 0.484279 0.617176 0.488820 0.619044 0.493970 0.618975 0.495696 0.616409 0.496324 0.611690 0.495408 0.607792 0.492748 0.604944
0 0.283303 0.710290 0.279961 0.711568 0.277560 0.714879 0.277106 0.719070 0.278495 0.722840 0.283035 0.724708 0.288186 0.724639 0.289912 0.722072 0.290539 0.717354 0.289623 0.713455 0.286963 0.710608
0 0.458560 0.718943 0.455218 0.720221 0.452817 0.723532 0.452363 0.727723 0.453752 0.731493 0.458293 0.733360 0.463443 0.733292 0.465169 0.730725 0.465796 0.726007 0.464880 0.722108 0.462220 0.719261
0 0.430219 0.641010 0.426877 0.642287 0.424476 0.645599 0.424022 0.649790 0.425410 0.653559 0.429951 0.655427 0.435101 0.655359 0.436828 0.652792 0.437455 0.648073 0.436539 0.644175 0.433879 0.641328
0 0.517111 0.633125 0.513769 0.634403 0.511368 0.637714 0.510914 0.641905 0.512303 0.645675 0.516844 0.647543 0.521994 0.647474 0.523720 0.644907 0.524347 0.640189 0.523431 0.636290 0.520772 0.633443
0 0.477513 0.619484 0.474171 0.620762 0.471770 0.624073 0.471316 0.628264 0.472704 0.632034 0.477246 0.633902 0.482396 0.633833 0.484122 0.631266 0.484749 0.626548 0.483833 0.622649 0.481173 0.619802
0 0.485445 0.585947 0.482103 0.587224 0.479702 0.590536 0.479248 0.594726 0.480637 0.598496 0.485177 0.600364 0.490328 0.600295 0.492054 0.597729 0.492681 0.593010 0.491765 0.589112 0.489105 0.586264
0 0.424476 0.533528 0.421134 0.534806 0.418733 0.538117 0.418279 0.542308 0.419668 0.546077 0.424209 0.547945 0.429359 0.547877 0.431085 0.545310 0.431712 0.540591 0.430796 0.536693 0.428136 0.533845
0 0.511939 0.658687 0.508596 0.659964 0.506196 0.663275 0.505741 0.667466 0.507130 0.671236 0.511671 0.673104 0.516821 0.673035 0.518547 0.670468 0.519175 0.665750 0.518259 0.661851 0.515599 0.659004
0 0.307205 0.512505 0.303863 0.513782 0.301462 0.517093 0.301008 0.521284 0.302396 0.525054 0.306937 0.526922 0.312088 0.526853 0.313814 0.524286 0.314441 0.519568 0.313525 0.515670 0.310865 0.512822
0 0.529038 0.695538 0.525696 0.696816 0.523295 0.700128 0.522841 0.704318 0.524230 0.708088 0.528771 0.709956 0.533921 0.709888 0.535647 0.707321 0.536274 0.702602 0.535358 0.698704 0.532699 0.695856
0 0.545175 0.701573 0.541833 0.702850 0.539432 0.706162 0.538978 0.710353 0.540366 0.714123 0.544908 0.715990 0.550057 0.715922 0.551784 0.713355 0.552411 0.708637 0.551495 0.704738 0.548835 0.701891
0 0.510900 0.731566 0.507557 0.732844 0.505157 0.736155 0.504703 0.740346 0.506091 0.744116 0.510632 0.745984 0.515782 0.745915 0.517509 0.743348 0.518136 0.738630 0.517220 0.734731 0.514560 0.731884
0 0.505561 0.715409 0.502219 0.716687 0.499818 0.719998 0.499364 0.724189 0.500752 0.727959 0.505293 0.729827 0.510443 0.729758 0.512170 0.727191 0.512797 0.722473 0.511881 0.718574 0.509221 0.715727
0 0.484939 0.744437 0.481597 0.745715 0.479196 0.749026 0.478742 0.753218 0.480131 0.756987 0.484671 0.758855 0.489822 0.758786 0.491548 0.756219 0.492175 0.751501 0.491260 0.747603 0.488599 0.744755
0 0.447840 0.736478 0.444497 0.737756 0.442097 0.741067 0.441643 0.745258 0.443031 0.749028 0.447606 0.750354 0.452728 0.750730 0.454449 0.748260 0.455076 0.743542 0.454160 0.739643 0.451500 0.736796
0 0.561757 0.660104 0.558414 0.661382 0.556013 0.664693 0.555560 0.668884 0.556948 0.672654 0.561523 0.673980 0.566645 0.674355 0.568365 0.671887 0.568992 0.667168 0.568077 0.663270 0.565417 0.660422
0 0.584084 0.606503 0.580741 0.607781 0.578341 0.611093 0.577887 0.615283 0.579275 0.619053 0.583850 0.620379 0.588972 0.620755 0.590692 0.618285 0.591320 0.613567 0.590404 0.609668 0.587744 0.606821
0 0.558767 0.686683 0.555424 0.687961 0.553023 0.691273 0.552569 0.695463 0.553958 0.699233 0.558676 0.701601 0.563655 0.700934 0.565375 0.698466 0.566003 0.693747 0.565086 0.689849 0.562427 0.687001
0 0.592499 0.714636 0.589156 0.715913 0.586755 0.719225 0.586301 0.723416 0.587690 0.727186 0.592408 0.729553 0.597387 0.728887 0.599107 0.726418 0.599734 0.721700 0.598819 0.717801 0.596159 0.714954
0 0.610490 0.711427 0.607148 0.712704 0.604747 0.716016 0.604293 0.720207 0.605681 0.723976 0.610400 0.726344 0.615379 0.725678 0.617099 0.723209 0.617726 0.718490 0.616810 0.714592 0.614150 0.711744
0 0.634630 0.643571 0.631287 0.644848 0.628886 0.648160 0.628433 0.652350 0.629821 0.656120 0.634540 0.658488 0.639518 0.657822 0.641238 0.655353 0.641866 0.650634 0.640950 0.646736 0.638290 0.643888
0 0.594948 0.632688 0.591605 0.633966 0.589204 0.637277 0.588750 0.641468 0.590138 0.645238 0.594857 0.647605 0.599836 0.646940 0.601556 0.644470 0.602183 0.639752 0.601268 0.635853 0.598608 0.633006
0 0.632436 0.626154 0.629093 0.627431 0.626692 0.630743 0.626238 0.634933 0.627627 0.638703 0.632346 0.641071 0.637324 0.640405 0.639044 0.637936 0.639671 0.633218 0.638756 0.629319 0.636096 0.626472
0 0.687395 0.726008 0.684052 0.727286 0.681651 0.730597 0.681198 0.734788 0.682586 0.738558 0.687305 0.740925 0.692283 0.740260 0.694003 0.737790 0.694630 0.733072 0.693715 0.729173 0.691055 0.726326
0 0.652331 0.706118 0.648988 0.707396 0.646587 0.710707 0.646133 0.714898 0.647522 0.718668 0.652240 0.721035 0.657219 0.720369 0.658939 0.717900 0.659567 0.713182 0.658651 0.709283 0.655991 0.706435
0 0.807138 0.698677 0.803795 0.699954 0.801394 0.703266 0.800941 0.707457 0.802329 0.711226 0.807048 0.713594 0.812026 0.712928 0.813746 0.710459 0.814373 0.705740 0.813458 0.701842 0.810797 0.698995
0 0.811198 0.660339 0.807855 0.661617 0.805454 0.664928 0.805000 0.669119 0.806388 0.672889 0.811107 0.675256 0.816086 0.674591 0.817806 0.672121 0.818433 0.667403 0.817517 0.663504 0.814858 0.660657
0 0.845397 0.700460 0.842054 0.701738 0.839653 0.705049 0.839200 0.709240 0.840588 0.713010 0.845307 0.715377 0.850286 0.714711 0.852005 0.712242 0.852633 0.707524 0.851717 0.703626 0.849057 0.700778
0 0.839190 0.747456 0.835847 0.748734 0.833446 0.752045 0.832992 0.756236 0.834381 0.760006 0.839099 0.762373 0.844078 0.761708 0.845798 0.759238 0.846425 0.754520 0.845510 0.750621 0.842849 0.747774
0 0.889319 0.654942 0.885976 0.656220 0.883576 0.659531 0.883122 0.663722 0.884510 0.667492 0.889229 0.669860 0.894207 0.669193 0.895928 0.666725 0.896555 0.662006 0.895639 0.658108 0.892979 0.655260
0 0.888196 0.773350 0.884853 0.774628 0.882453 0.777939 0.881999 0.782130 0.883387 0.785899 0.888106 0.788267 0.893085 0.787601 0.894804 0.785132 0.895432 0.780413 0.894516 0.776515 0.891856 0.773668
0 0.839666 0.649776 0.836323 0.651054 0.833923 0.654365 0.833469 0.658556 0.834857 0.662326 0.839587 0.664526 0.844555 0.664028 0.846275 0.661558 0.846902 0.656840 0.845986 0.652941 0.843326 0.650094
0 0.872166 0.597127 0.868823 0.598404 0.866423 0.601716 0.865969 0.605907 0.867357 0.609676 0.872087 0.611878 0.877055 0.611378 0.878775 0.608909 0.879402 0.604191 0.878486 0.600292 0.875826 0.597445
0 0.822964 0.542913 0.819621 0.544191 0.817220 0.547502 0.816766 0.551693 0.818155 0.555463 0.822884 0.557663 0.827852 0.557164 0.829572 0.554695 0.830199 0.549977 0.829284 0.546078 0.826623 0.543231
0 0.750534 0.621127 0.747192 0.622405 0.744791 0.625716 0.744337 0.629907 0.745726 0.633676 0.750455 0.635877 0.755423 0.635378 0.757143 0.632909 0.757770 0.628190 0.756855 0.624292 0.754194 0.621444
0 0.910354 0.543709 0.907011 0.544986 0.904610 0.548297 0.904156 0.552488 0.905545 0.556258 0.910274 0.558459 0.915242 0.557960 0.916962 0.555490 0.917590 0.550772 0.916674 0.546873 0.914014 0.544026
0 0.886246 0.585948 0.882903 0.587226 0.880503 0.590537 0.880049 0.594728 0.881437 0.598498 0.886166 0.600698 0.891135 0.600200 0.892665 0.597716 0.892968 0.592974 0.892566 0.589113 0.889906 0.586266
0 0.898740 0.612835 0.895397 0.614112 0.892997 0.617424 0.892543 0.621615 0.893931 0.625385 0.898661 0.627586 0.903628 0.627086 0.905159 0.624603 0.905462 0.619861 0.905060 0.616000 0.902400 0.613153
0 0.888202 0.530302 0.884860 0.531579 0.882459 0.534891 0.882005 0.539081 0.883394 0.542851 0.888123 0.545052 0.893091 0.544553 0.894622 0.542070 0.894925 0.537328 0.894523 0.533467 0.891863 0.530620
0 0.673369 0.658906 0.670026 0.660184 0.667625 0.663495 0.667171 0.667686 0.668560 0.671456 0.673289 0.673657 0.678257 0.673157 0.679788 0.670674 0.680090 0.665932 0.679689 0.662072 0.677029 0.659224
0 0.503914 0.644246 0.500571 0.645524 0.498171 0.648835 0.497717 0.653026 0.499105 0.656795 0.503835 0.658996 0.508802 0.658497 0.510334 0.656014 0.510636 0.651272 0.510234 0.647411 0.507574 0.644563
0 0.434895 0.488718 0.431552 0.489996 0.429151 0.493308 0.428697 0.497498 0.430086 0.501268 0.434815 0.503469 0.439783 0.502969 0.441314 0.500487 0.441617 0.495744 0.441215 0.491884 0.438555 0.489036
0 0.398191 0.467728 0.394848 0.469005 0.392447 0.472316 0.391993 0.476508 0.393013 0.479325 0.400732 0.479436 0.403744 0.477947 0.404903 0.473759 0.404403 0.470590 0.401850 0.468045
0 0.562000 0.489803 0.558657 0.491080 0.556256 0.494392 0.555803 0.498583 0.557191 0.502352 0.561920 0.504553 0.566888 0.504054 0.568419 0.501571 0.568722 0.496828 0.568320 0.492967 0.565660 0.490120
0 0.602352 0.457898 0.599009 0.459176 0.596608 0.462487 0.596154 0.466678 0.597543 0.470447 0.602272 0.472649 0.607240 0.472149 0.608771 0.469666 0.609073 0.464924 0.608672 0.461063 0.606012 0.458216
0 0.666216 0.402889 0.662020 0.403959 0.658941 0.408014 0.658155 0.412780 0.659741 0.417031 0.663034 0.419734 0.668437 0.420586 0.672932 0.418283 0.675258 0.415025 0.675587 0.409998 0.673505 0.405421 0.670386 0.403304
0 0.691233 0.360586 0.687037 0.361656 0.683957 0.365710 0.683172 0.370476 0.684758 0.374727 0.688051 0.377431 0.693453 0.378283 0.697949 0.375980 0.700275 0.372722 0.700604 0.367695 0.698523 0.363117 0.695403 0.361001
0 0.713866 0.328784 0.709670 0.329854 0.706590 0.333908 0.705805 0.338675 0.707391 0.342926 0.710684 0.345629 0.716086 0.346481 0.720582 0.344178 0.722908 0.340920 0.723237 0.335893 0.721156 0.331315 0.718036 0.329199
0 0.588984 0.406721 0.584788 0.407792 0.581708 0.411846 0.580923 0.416612 0.582509 0.420863 0.585802 0.423566 0.591204 0.424418 0.595701 0.422115 0.598026 0.418857 0.598355 0.413830 0.596274 0.409253 0.593154 0.407136
0 0.736406 0.413800 0.732210 0.414870 0.729130 0.418924 0.728344 0.423690 0.729930 0.427941 0.733223 0.430645 0.738626 0.431497 0.743122 0.429194 0.745448 0.425936 0.745777 0.420909 0.743695 0.416331 0.740576 0.414214
0 0.738686 0.449489 0.734490 0.450559 0.731410 0.454614 0.730625 0.459380 0.732211 0.463631 0.735504 0.466334 0.740906 0.467186 0.745402 0.464883 0.747728 0.461625 0.748057 0.456598 0.745976 0.452021 0.742856 0.449904
0 0.757819 0.462763 0.753623 0.463833 0.750544 0.467887 0.749758 0.472653 0.751344 0.476904 0.754637 0.479608 0.760040 0.480459 0.764536 0.478156 0.766861 0.474899 0.767190 0.469871 0.765109 0.465294 0.761989 0.463177
0 0.755668 0.494678 0.751471 0.495748 0.748392 0.499802 0.747606 0.504568 0.749192 0.508819 0.752485 0.511523 0.757888 0.512375 0.762384 0.510072 0.764709 0.506814 0.765038 0.501786 0.762957 0.497209 0.759837 0.495092
0 0.802979 0.439884 0.798783 0.440955 0.795703 0.445009 0.794917 0.449775 0.796503 0.454026 0.799796 0.456730 0.805199 0.457581 0.809695 0.455279 0.812021 0.452020 0.812349 0.446993 0.810268 0.442416 0.807149 0.440299
0 0.803330 0.381319 0.799134 0.382389 0.796054 0.386443 0.795269 0.391209 0.796855 0.395460 0.800148 0.398164 0.805550 0.399015 0.810047 0.396713 0.812372 0.393454 0.812701 0.388427 0.810620 0.383850 0.807500 0.381733
0 0.836949 0.406823 0.832753 0.407894 0.829673 0.411948 0.828887 0.416714 0.830474 0.420965 0.833766 0.423668 0.839169 0.424520 0.843665 0.422217 0.845991 0.418960 0.846320 0.413932 0.844238 0.409355 0.841119 0.407238
0 0.875571 0.432038 0.871375 0.433108 0.868295 0.437162 0.867509 0.441928 0.869096 0.446179 0.872388 0.448883 0.877791 0.449735 0.882287 0.447432 0.884613 0.444174 0.884942 0.439147 0.882860 0.434569 0.879741 0.432453
0 0.884881 0.450340 0.880684 0.451411 0.877605 0.455464 0.876819 0.460230 0.878405 0.464481 0.881698 0.467185 0.887101 0.468037 0.891597 0.465734 0.893923 0.462476 0.894251 0.457449 0.892170 0.452871 0.889050 0.450754
0 0.894797 0.402988 0.890601 0.404058 0.887522 0.408112 0.886736 0.412878 0.888322 0.417129 0.891615 0.419833 0.897018 0.420684 0.901514 0.418382 0.903840 0.415123 0.904168 0.410096 0.902087 0.405519 0.898968 0.403402
0 0.912286 0.417619 0.908090 0.418689 0.905010 0.422743 0.904225 0.427509 0.905811 0.431760 0.909104 0.434464 0.914506 0.435316 0.919003 0.433013 0.921329 0.429755 0.921657 0.424728 0.919576 0.420150 0.916456 0.418034
0 0.889718 0.486963 0.885521 0.488033 0.882442 0.492088 0.881656 0.496854 0.883242 0.501105 0.886535 0.503808 0.891937 0.504660 0.896434 0.502357 0.898759 0.499099 0.899088 0.494072 0.897007 0.489495 0.893887 0.487378
0 0.773687 0.455504 0.769491 0.456574 0.766411 0.460628 0.765625 0.465394 0.767211 0.469645 0.770505 0.472349 0.775907 0.473200 0.780403 0.470898 0.782729 0.467640 0.783058 0.462613 0.780976 0.458035 0.777857 0.455918
0 0.850018 0.500073 0.845822 0.501143 0.842742 0.505197 0.841957 0.509963 0.843543 0.514214 0.846835 0.516918 0.852238 0.517770 0.856734 0.515467 0.859060 0.512209 0.859388 0.507182 0.857307 0.502604 0.854188 0.500487
0 0.775065 0.403463 0.770869 0.404534 0.767789 0.408588 0.767003 0.413354 0.768590 0.417605 0.771882 0.420308 0.777285 0.421160 0.781781 0.418857 0.784107 0.415600 0.784435 0.410572 0.782354 0.405995 0.779235 0.403878
0 0.783605 0.323981 0.779409 0.325052 0.776330 0.329106 0.775544 0.333872 0.777130 0.338123 0.780423 0.340827 0.785826 0.341678 0.790321 0.339376 0.792647 0.336118 0.792976 0.331090 0.790895 0.326513 0.787776 0.324396
0 0.896956 0.276660 0.892760 0.277730 0.889681 0.281784 0.888895 0.286550 0.890481 0.290801 0.893774 0.293505 0.899177 0.294357 0.903672 0.292054 0.905999 0.288796 0.906327 0.283769 0.904246 0.279191 0.901127 0.277074
0 0.826175 0.204993 0.821979 0.206063 0.818899 0.210117 0.818113 0.214884 0.819700 0.219134 0.822993 0.221838 0.828395 0.222690 0.832891 0.220387 0.835217 0.217129 0.835546 0.212102 0.833465 0.207524 0.830345 0.205408
0 0.652338 0.227437 0.648142 0.228508 0.645063 0.232562 0.644277 0.237328 0.645863 0.241579 0.649156 0.244283 0.654558 0.245134 0.659054 0.242832 0.661380 0.239574 0.661709 0.234546 0.659627 0.229969 0.656508 0.227852
0 0.639001 0.190534 0.634805 0.191604 0.631725 0.195658 0.630939 0.200424 0.632526 0.204675 0.635818 0.207379 0.641221 0.208231 0.645717 0.205928 0.648043 0.202670 0.648371 0.197643 0.646290 0.193065 0.643171 0.190949
0 0.580956 0.326918 0.576760 0.327988 0.573680 0.332042 0.572894 0.336808 0.574480 0.341059 0.577773 0.343763 0.583176 0.344614 0.587672 0.342312 0.589998 0.339053 0.590327 0.334026 0.588245 0.329449 0.585126 0.327332
0 0.585062 0.211961 0.580866 0.213032 0.577786 0.217086 0.577001 0.221852 0.578587 0.226103 0.581879 0.228807 0.587282 0.229658 0.591778 0.227356 0.594104 0.224098 0.594433 0.219070 0.592351 0.214493 0.589232 0.212376
0 0.537769 0.223813 0.533573 0.224883 0.530493 0.228938 0.529707 0.233704 0.531294 0.237955 0.534587 0.240658 0.539989 0.241510 0.544485 0.239207 0.546811 0.235949 0.547140 0.230922 0.545058 0.226345 0.541939 0.224228
0 0.457755 0.365155 0.453558 0.366225 0.450479 0.370279 0.449693 0.375046 0.451279 0.379297 0.454572 0.382000 0.459975 0.382852 0.464471 0.380549 0.466797 0.377291 0.467125 0.372264 0.465044 0.367687 0.461924 0.365570
0 0.407679 0.274148 0.403483 0.275218 0.400404 0.279272 0.399618 0.284038 0.401204 0.288289 0.404497 0.290993 0.409900 0.291844 0.414396 0.289542 0.416721 0.286284 0.417051 0.281256 0.414969 0.276679 0.411850 0.274562
0 0.435270 0.284264 0.431074 0.285334 0.427995 0.289388 0.427209 0.294155 0.428795 0.298405 0.432088 0.301109 0.437491 0.301961 0.441986 0.299658 0.444312 0.296400 0.444641 0.291373 0.442560 0.286795 0.439441 0.284679
0 0.353632 0.253356 0.349435 0.254426 0.346356 0.258480 0.345570 0.263246 0.347156 0.267497 0.350449 0.270201 0.355852 0.271053 0.360348 0.268750 0.362673 0.265492 0.363002 0.260464 0.360921 0.255887 0.357802 0.253770
0 0.285308 0.221289 0.281111 0.222359 0.278032 0.226413 0.277246 0.231180 0.278833 0.235431 0.282125 0.238134 0.287528 0.238986 0.292024 0.236683 0.294350 0.233425 0.294678 0.228397 0.292597 0.223820 0.289478 0.221703
0 0.326957 0.318666 0.322761 0.319737 0.319681 0.323790 0.318895 0.328556 0.320482 0.332807 0.323775 0.335511 0.329177 0.336363 0.333673 0.334060 0.335999 0.330802 0.336328 0.325775 0.334246 0.321197 0.331127 0.319081
0 0.385782 0.354396 0.381586 0.355466 0.378506 0.359521 0.377721 0.364287 0.379307 0.368538 0.382600 0.371241 0.388002 0.372093 0.392498 0.369790 0.394824 0.366532 0.395153 0.361505 0.393072 0.356928 0.389952 0.354811
0 0.319126 0.227845 0.314930 0.228916 0.311851 0.232969 0.311065 0.237736 0.312651 0.241987 0.315944 0.244690 0.321347 0.245542 0.325843 0.243239 0.328169 0.239981 0.328497 0.234954 0.326416 0.230376 0.323297 0.228259
0 0.401311 0.407690 0.397115 0.408761 0.394036 0.412815 0.393250 0.417581 0.394836 0.421832 0.398129 0.424536 0.403531 0.425387 0.408027 0.423084 0.410353 0.419827 0.410682 0.414799 0.408600 0.410222 0.405481 0.408105
0 0.262685 0.356835 0.258488 0.357906 0.255409 0.361960 0.254623 0.366726 0.256210 0.370977 0.259502 0.373680 0.264905 0.374532 0.269401 0.372229 0.271727 0.368972 0.272055 0.363944 0.269974 0.359367 0.266855 0.357250
0 0.273283 0.381802 0.269087 0.382872 0.266007 0.386926 0.265221 0.391692 0.266808 0.395943 0.270100 0.398647 0.275503 0.399498 0.279999 0.397196 0.282325 0.393937 0.282653 0.388910 0.280572 0.384333 0.277453 0.382216
0 0.317654 0.438973 0.313458 0.440044 0.310378 0.444098 0.309592 0.448864 0.311179 0.453115 0.314472 0.455819 0.319874 0.456670 0.324370 0.454367 0.326696 0.451110 0.327025 0.446082 0.324943 0.441505 0.321824 0.439388
0 0.307591 0.475236 0.303395 0.476306 0.300316 0.480360 0.299530 0.485126 0.301116 0.489377 0.304409 0.492081 0.309811 0.492932 0.314308 0.490630 0.316634 0.487372 0.316962 0.482344 0.314881 0.477767 0.311761 0.475650
0 0.282611 0.479197 0.278414 0.480267 0.275335 0.484322 0.274549 0.489088 0.276136 0.493339 0.279428 0.496042 0.284831 0.496894 0.289327 0.494591 0.291653 0.491333 0.291981 0.486306 0.289900 0.481729 0.286781 0.479612
0 0.321617 0.500827 0.317421 0.501897 0.314342 0.505951 0.313556 0.510717 0.315142 0.514968 0.318435 0.517672 0.323838 0.518524 0.328333 0.516221 0.330659 0.512963 0.330988 0.507936 0.328907 0.503358 0.325788 0.501241
0 0.328135 0.521387 0.323939 0.522458 0.320859 0.526512 0.320073 0.531278 0.321660 0.535529 0.324952 0.538233 0.330355 0.539084 0.334851 0.536782 0.337177 0.533523 0.337506 0.528496 0.335424 0.523919 0.332305 0.521802
0 0.283134 0.502199 0.278938 0.503270 0.275859 0.507324 0.275073 0.512090 0.276659 0.516341 0.279952 0.519045 0.285355 0.519896 0.289850 0.517594 0.292176 0.514336 0.292505 0.509308 0.290423 0.504731 0.287305 0.502614
0 0.250206 0.520853 0.246010 0.521924 0.242930 0.525977 0.242145 0.530744 0.243731 0.534994 0.247023 0.537698 0.252426 0.538550 0.256922 0.536247 0.259248 0.532990 0.259577 0.527962 0.257495 0.523384 0.254376 0.521268
0 0.413776 0.560488 0.409579 0.561558 0.406500 0.565611 0.405714 0.570378 0.407300 0.574629 0.410593 0.577332 0.415996 0.578184 0.420492 0.575881 0.422818 0.572623 0.423146 0.567596 0.421065 0.563018 0.417946 0.560902
0 0.403103 0.451303 0.398907 0.452374 0.395828 0.456428 0.395042 0.461194 0.396628 0.465445 0.399921 0.468149 0.405324 0.469000 0.409819 0.466698 0.412145 0.463439 0.412474 0.458412 0.410393 0.453835 0.407274 0.451718
0 0.491838 0.442328 0.487642 0.443399 0.484562 0.447453 0.483776 0.452219 0.485362 0.456470 0.488655 0.459174 0.494058 0.460025 0.498554 0.457722 0.500879 0.454465 0.501208 0.449437 0.499127 0.444860 0.496008 0.442743
0 0.535260 0.453191 0.531064 0.454261 0.527985 0.458316 0.527199 0.463082 0.528785 0.467333 0.532078 0.470036 0.537481 0.470888 0.541977 0.468585 0.544303 0.465327 0.544631 0.460300 0.542550 0.455723 0.539431 0.453606
0 0.513405 0.410213 0.509209 0.411284 0.506130 0.415338 0.505343 0.420104 0.506930 0.424355 0.510222 0.427058 0.515625 0.427910 0.520121 0.425607 0.522447 0.422349 0.522776 0.417322 0.520694 0.412745 0.517575 0.410628
0 0.616293 0.508202 0.612097 0.509273 0.609017 0.513327 0.608232 0.518093 0.609818 0.522344 0.613111 0.525047 0.618513 0.525899 0.623009 0.523596 0.625335 0.520339 0.625664 0.515311 0.623583 0.510734 0.620463 0.508617
0 0.653076 0.555708 0.648880 0.556779 0.645800 0.560833 0.645014 0.565599 0.646601 0.569850 0.649894 0.572554 0.655296 0.573405 0.659792 0.571103 0.662118 0.567844 0.662447 0.562817 0.660365 0.558240 0.657246 0.556123
0 0.673484 0.505695 0.669288 0.506766 0.666209 0.510820 0.665423 0.515586 0.667009 0.519837 0.670302 0.522540 0.675705 0.523392 0.680200 0.521089 0.682526 0.517831 0.682855 0.512804 0.680774 0.508227 0.677655 0.506110
0 0.547518 0.366600 0.543322 0.367671 0.540242 0.371725 0.539457 0.376491 0.541043 0.380742 0.544335 0.383446 0.549738 0.384297 0.554234 0.381995 0.556560 0.378736 0.556889 0.373709 0.554807 0.369132 0.551688 0.367015
0 0.547037 0.460845 0.542841 0.461916 0.539762 0.465969 0.538976 0.470735 0.540562 0.474986 0.543855 0.477690 0.549258 0.478542 0.553753 0.476239 0.556079 0.472981 0.556408 0.467954 0.554326 0.463376 0.551208 0.461260
0 0.785936 0.552251 0.781739 0.553322 0.778660 0.557375 0.777874 0.562141 0.779461 0.566392 0.782754 0.569096 0.788156 0.569948 0.792652 0.567645 0.794978 0.564387 0.795307 0.559360 0.793225 0.554782 0.790106 0.552666
0 0.810392 0.555843 0.806196 0.556913 0.803117 0.560967 0.802330 0.565734 0.803917 0.569985 0.807210 0.572688 0.812612 0.573540 0.817108 0.571237 0.819434 0.567979 0.819763 0.562952 0.817681 0.558374 0.814562 0.556257
0 0.841053 0.576246 0.836856 0.577316 0.833777 0.581370 0.832992 0.586136 0.834578 0.590387 0.837870 0.593091 0.843273 0.593943 0.847769 0.591640 0.850095 0.588382 0.850423 0.583355 0.848342 0.578777 0.845223 0.576660
0 0.842502 0.544227 0.838306 0.545298 0.835227 0.549352 0.834441 0.554118 0.836027 0.558369 0.839320 0.561072 0.844722 0.561924 0.849218 0.559621 0.851544 0.556363 0.851873 0.551336 0.849792 0.546759 0.846672 0.544642
0 0.865021 0.557168 0.860825 0.558238 0.857746 0.562292 0.856960 0.567058 0.858546 0.571309 0.861839 0.574013 0.867241 0.574864 0.871737 0.572562 0.874063 0.569303 0.874392 0.564276 0.872311 0.559699 0.869191 0.557582
0 0.906879 0.564660 0.902683 0.565731 0.899603 0.569785 0.898817 0.574551 0.900404 0.578802 0.903696 0.581506 0.909099 0.582357 0.913595 0.580054 0.915921 0.576797 0.916250 0.571769 0.914168 0.567192 0.911049 0.565075
0 0.838000 0.616735 0.833804 0.617805 0.830724 0.621859 0.829938 0.626625 0.831524 0.630876 0.834818 0.633580 0.840220 0.634432 0.844716 0.632129 0.846536 0.628834 0.846857 0.623806 0.845289 0.619266 0.842170 0.617150
0 0.718203 0.618026 0.714007 0.619097 0.710927 0.623151 0.710142 0.627917 0.711728 0.632168 0.715020 0.634872 0.720423 0.635724 0.724919 0.633421 0.726739 0.630125 0.727060 0.625098 0.725493 0.620558 0.722373 0.618441
0 0.750894 0.600616 0.746698 0.601687 0.743618 0.605741 0.742833 0.610507 0.744419 0.614758 0.747711 0.617461 0.753114 0.618313 0.757610 0.616010 0.759430 0.612715 0.759751 0.607687 0.758184 0.603148 0.755064 0.601031
0 0.732244 0.580451 0.728048 0.581521 0.724969 0.585575 0.724183 0.590341 0.725769 0.594592 0.729062 0.597296 0.734464 0.598147 0.738960 0.595845 0.740781 0.592550 0.741101 0.587522 0.739534 0.582982 0.736414 0.580865
0 0.680278 0.443148 0.676082 0.444219 0.673003 0.448273 0.672217 0.453039 0.673804 0.457290 0.677096 0.459993 0.682499 0.460845 0.686995 0.458542 0.688815 0.455248 0.689136 0.450219 0.687568 0.445680 0.684448 0.443563
0 0.800209 0.599406 0.796013 0.600476 0.792934 0.604530 0.792148 0.609296 0.793734 0.613547 0.797027 0.616251 0.802430 0.617103 0.806925 0.614800 0.808745 0.611505 0.809066 0.606477 0.807499 0.601937 0.804379 0.599821
0 0.716192 0.721245 0.711996 0.722316 0.708916 0.726370 0.708131 0.731136 0.709717 0.735387 0.713009 0.738091 0.718412 0.738942 0.722908 0.736640 0.724728 0.733344 0.725049 0.728317 0.723481 0.723777 0.720362 0.721660
0 0.790466 0.745453 0.786270 0.746523 0.783191 0.750577 0.782405 0.755343 0.783991 0.759594 0.787284 0.762298 0.792687 0.763149 0.797182 0.760847 0.799002 0.757552 0.799323 0.752524 0.797755 0.747984 0.794636 0.745867
0 0.689646 0.677462 0.685450 0.678533 0.682370 0.682587 0.681585 0.687353 0.683171 0.691604 0.686463 0.694307 0.691866 0.695159 0.696362 0.692856 0.698182 0.689562 0.698503 0.684533 0.696935 0.679994 0.693816 0.677877
0 0.866831 0.751529 0.863488 0.752807 0.861088 0.756118 0.860634 0.760309 0.862022 0.764079 0.866765 0.766078 0.871720 0.765781 0.873440 0.763311 0.874067 0.758593 0.873151 0.754694 0.870491 0.751847
0 0.873011 0.714406 0.869669 0.715683 0.867268 0.718994 0.866814 0.723185 0.868203 0.726955 0.872944 0.728955 0.877900 0.728657 0.879620 0.726187 0.880247 0.721469 0.879331 0.717570 0.876671 0.714723
0 0.668413 0.733103 0.665070 0.734381 0.662669 0.737692 0.662216 0.741883 0.663604 0.745653 0.668346 0.747652 0.673301 0.747354 0.675022 0.744885 0.675649 0.740167 0.674733 0.736268 0.672073 0.733421
0 0.887504 0.706705 0.884162 0.707983 0.881761 0.711294 0.881307 0.715485 0.882696 0.719255 0.887414 0.721622 0.892393 0.720957 0.894113 0.718487 0.894740 0.713769 0.893824 0.709870 0.891164 0.707023
0 0.889778 0.742796 0.886435 0.744073 0.884034 0.747385 0.883581 0.751576 0.884969 0.755345 0.889688 0.757713 0.894666 0.757047 0.896386 0.754578 0.897014 0.749859 0.896098 0.745961 0.893438 0.743114
0 0.782237 0.594370 0.778895 0.595647 0.776494 0.598958 0.776040 0.603149 0.777428 0.606919 0.782147 0.609286 0.787126 0.608621 0.788846 0.606151 0.789473 0.601433 0.788557 0.597534 0.785897 0.594687
0 0.835622 0.721467 0.831426 0.722537 0.828347 0.726591 0.827561 0.731357 0.829147 0.735608 0.832440 0.738312 0.837843 0.739164 0.842339 0.736861 0.844159 0.733566 0.844480 0.728538 0.842912 0.723998 0.839792 0.721881
0 0.655873 0.647889 0.651677 0.648960 0.648597 0.653014 0.647811 0.657780 0.649398 0.662031 0.652691 0.664735 0.658093 0.665586 0.662589 0.663284 0.664409 0.659989 0.664730 0.654961 0.663162 0.650421 0.660043 0.648304
0 0.622988 0.694728 0.618792 0.695799 0.615712 0.699853 0.614927 0.704619 0.616513 0.708870 0.619806 0.711574 0.625208 0.712425 0.629705 0.710123 0.631525 0.706828 0.631846 0.701800 0.630278 0.697260 0.627158 0.695143
0 0.660513 0.625576 0.656317 0.626647 0.653238 0.630701 0.652452 0.635467 0.654039 0.639718 0.657331 0.642422 0.662734 0.643273 0.667230 0.640971 0.669050 0.637675 0.669371 0.632648 0.667803 0.628108 0.664684 0.625991
0 0.578207 0.648598 0.574011 0.649669 0.570931 0.653723 0.570145 0.658489 0.571732 0.662740 0.575025 0.665443 0.580427 0.666295 0.584923 0.663992 0.586743 0.660698 0.587064 0.655670 0.585496 0.651130 0.582377 0.649013
0 0.497057 0.692503 0.492861 0.693574 0.489781 0.697628 0.488995 0.702394 0.490582 0.706645 0.493874 0.709349 0.499277 0.710200 0.503773 0.707897 0.505593 0.704603 0.505914 0.699574 0.504346 0.695035 0.501227 0.692918
0 0.671500 0.587556 0.667304 0.588626 0.664224 0.592680 0.663438 0.597446 0.665024 0.601697 0.668317 0.604401 0.673720 0.605252 0.678216 0.602950 0.680036 0.599655 0.680357 0.594627 0.678789 0.590087 0.675670 0.587970
0 0.564966 0.597089 0.560769 0.598160 0.557690 0.602214 0.556904 0.606980 0.558490 0.611231 0.561783 0.613935 0.567186 0.614786 0.571682 0.612484 0.573502 0.609188 0.573823 0.604160 0.572255 0.599621 0.569136 0.597504
0 0.572386 0.717558 0.568190 0.718629 0.565111 0.722682 0.564325 0.727448 0.565912 0.731699 0.569204 0.734403 0.574607 0.735255 0.579103 0.732952 0.580923 0.729657 0.581244 0.724629 0.579676 0.720089 0.576557 0.717972
0 0.446237 0.695364 0.442041 0.696435 0.438961 0.700488 0.438175 0.705254 0.439762 0.709505 0.443054 0.712209 0.448457 0.713061 0.452953 0.710758 0.454773 0.707463 0.455094 0.702435 0.453526 0.697895 0.450407 0.695779
0 0.418996 0.611770 0.414799 0.612840 0.411720 0.616894 0.410934 0.621660 0.412520 0.625911 0.415813 0.628615 0.421216 0.629466 0.425712 0.627164 0.427532 0.623869 0.427853 0.618841 0.426285 0.614301 0.423166 0.612184
0 0.416790 0.592002 0.412594 0.593073 0.409515 0.597127 0.408729 0.601893 0.410315 0.606144 0.413608 0.608847 0.419011 0.609699 0.423506 0.607396 0.425326 0.604101 0.425647 0.599074 0.424080 0.594534 0.420961 0.592417
0 0.452680 0.602491 0.448484 0.603561 0.445404 0.607615 0.444619 0.612381 0.446205 0.616632 0.449497 0.619336 0.454900 0.620188 0.459396 0.617885 0.461216 0.614590 0.461537 0.609562 0.459969 0.605022 0.456850 0.602905
0 0.602716 0.547923 0.601278 0.558139 0.604980 0.564493 0.611005 0.567331 0.618515 0.567421 0.623500 0.564653 0.626663 0.560277 0.627044 0.552933 0.624188 0.547010 0.620820 0.543630 0.614941 0.541263 0.607637 0.543400
0 0.566865 0.572951 0.565426 0.583167 0.569129 0.589521 0.575154 0.592359 0.582664 0.592449 0.587648 0.589681 0.590812 0.585306 0.591193 0.577961 0.588337 0.572038 0.584969 0.568658 0.579090 0.566291 0.571786 0.568428
0 0.537445 0.571173 0.536006 0.581389 0.539709 0.587743 0.545733 0.590580 0.553244 0.590671 0.558228 0.587903 0.561391 0.583527 0.561773 0.576182 0.558917 0.570260 0.555549 0.566879 0.549669 0.564513 0.542366 0.566649
0 0.542542 0.517462 0.541103 0.527678 0.544806 0.534032 0.550830 0.536869 0.558341 0.536959 0.563325 0.534192 0.566488 0.529816 0.566870 0.522471 0.564014 0.516549 0.560646 0.513168 0.554766 0.510802 0.547463 0.512938
0 0.783781 0.521736 0.782342 0.531952 0.786045 0.538306 0.792069 0.541144 0.799580 0.541234 0.804564 0.538466 0.807727 0.534091 0.808109 0.526746 0.805253 0.520823 0.801885 0.517442 0.796005 0.515076 0.788702 0.517213
0 0.730263 0.723116 0.728824 0.733331 0.732526 0.739685 0.738551 0.742523 0.746062 0.742613 0.751046 0.739846 0.754209 0.735469 0.754591 0.728125 0.751735 0.722202 0.748367 0.718822 0.742487 0.716455 0.735184 0.718592
0 0.445452 0.630632 0.444013 0.640848 0.447716 0.647202 0.453740 0.650040 0.461251 0.650130 0.466235 0.647362 0.469399 0.642987 0.469780 0.635642 0.466924 0.629719 0.463556 0.626338 0.457677 0.623972 0.450373 0.626109
0 0.416276 0.713266 0.414837 0.723482 0.418540 0.729836 0.424564 0.732674 0.432075 0.732764 0.437059 0.729996 0.440222 0.725621 0.440604 0.718276 0.437748 0.712353 0.434380 0.708973 0.428500 0.706606 0.421197 0.708743
0 0.236188 0.548838 0.234664 0.557658 0.237530 0.563129 0.238619 0.564118 0.243555 0.565967 0.251066 0.566057 0.256050 0.563289 0.259214 0.558913 0.259595 0.551569 0.256739 0.545646 0.253371 0.542266 0.248044 0.540960 0.241546 0.542877
0 0.373771 0.597397 0.372332 0.607613 0.376034 0.613967 0.382059 0.616805 0.389570 0.616895 0.394554 0.614127 0.397718 0.609751 0.398099 0.602406 0.395243 0.596483 0.391875 0.593103 0.385995 0.590737 0.378691 0.592874
0 0.366463 0.406699 0.365024 0.416915 0.368726 0.423269 0.374751 0.426107 0.382262 0.426197 0.387246 0.423429 0.390409 0.419053 0.390791 0.411709 0.387935 0.405786 0.384567 0.402406 0.378687 0.400039 0.371384 0.402176
0 0.506576 0.372136 0.505137 0.382352 0.508839 0.388706 0.514864 0.391544 0.522375 0.391634 0.527359 0.388866 0.530522 0.384490 0.530904 0.377146 0.528048 0.371222 0.524680 0.367842 0.518800 0.365476 0.511497 0.367613
0 0.480308 0.394596 0.478870 0.404812 0.482572 0.411166 0.488597 0.414004 0.496108 0.414093 0.501092 0.411326 0.504255 0.406950 0.504637 0.399606 0.501781 0.393683 0.498413 0.390302 0.492533 0.387936 0.485230 0.390073
0 0.465580 0.473380 0.464141 0.483596 0.467844 0.489950 0.473868 0.492788 0.481379 0.492878 0.486363 0.490110 0.489527 0.485735 0.489908 0.478390 0.487052 0.472467 0.483684 0.469086 0.477805 0.466720 0.470501 0.468857
0 0.181600 0.648775 0.180161 0.658991 0.183863 0.665345 0.189888 0.668182 0.197399 0.668273 0.202383 0.665505 0.205546 0.661129 0.205927 0.653784 0.203072 0.647861 0.199704 0.644481 0.193824 0.642115 0.186520 0.644251
0 0.083399 0.671114 0.081960 0.681330 0.085662 0.687684 0.091687 0.690522 0.099198 0.690612 0.104182 0.687844 0.107346 0.683468 0.107727 0.676124 0.104871 0.670201 0.101503 0.666821 0.095624 0.664454 0.088320 0.666591
0 0.006909 0.634167 0.005471 0.644383 0.009173 0.650737 0.015197 0.653575 0.022709 0.653665 0.027692 0.650898 0.030856 0.646521 0.031237 0.639177 0.028381 0.633254 0.025014 0.629874 0.019134 0.627507 0.011830 0.629644
0 0.000000 0.565963 0.000000 0.576179 0.000000 0.582532 0.000000 0.585370 0.000000 0.585461 0.000000 0.582692 0.000000 0.578317 0.000000 0.570972 0.000000 0.565049 0.000000 0.561669 0.000000 0.559303 0.000000 0.561439
0 0.071889 0.333480 0.070450 0.343696 0.074152 0.350050 0.080177 0.352888 0.087688 0.352978 0.092672 0.350210 0.095835 0.345834 0.096217 0.338490 0.093361 0.332567 0.089993 0.329187 0.084113 0.326820 0.076809 0.328957
0 0.119607 0.334854 0.118168 0.345070 0.121871 0.351424 0.127895 0.354262 0.135406 0.354352 0.140390 0.351584 0.143553 0.347208 0.143935 0.339864 0.141079 0.333941 0.137711 0.330560 0.131831 0.328194 0.124528 0.330331
0 0.194231 0.348757 0.192792 0.358973 0.196495 0.365327 0.202519 0.368165 0.210030 0.368255 0.215014 0.365487 0.218178 0.361111 0.218559 0.353767 0.215703 0.347844 0.212335 0.344463 0.206456 0.342097 0.199152 0.344234
0 0.227446 0.343913 0.226007 0.354128 0.229709 0.360483 0.235734 0.363320 0.243245 0.363411 0.248229 0.360643 0.251392 0.356267 0.251774 0.348922 0.248918 0.342999 0.245550 0.339619 0.239670 0.337252 0.232367 0.339390
0 0.276295 0.312967 0.274857 0.323183 0.278559 0.329536 0.284584 0.332374 0.292095 0.332464 0.297079 0.329697 0.300242 0.325321 0.300624 0.317977 0.297768 0.312053 0.294400 0.308673 0.288520 0.306307 0.281217 0.308443
0 0.202312 0.323335 0.200873 0.333552 0.204575 0.339905 0.210600 0.342743 0.218111 0.342833 0.223095 0.340065 0.226259 0.335690 0.226640 0.328345 0.223784 0.322422 0.220416 0.319042 0.214536 0.316675 0.207233 0.318812
0 0.124503 0.165762 0.123064 0.175978 0.126767 0.182332 0.132791 0.185170 0.140302 0.185260 0.145286 0.182492 0.148449 0.178116 0.148831 0.170771 0.145975 0.164848 0.142607 0.161468 0.136727 0.159102 0.129424 0.161239
0 0.180367 0.185408 0.178929 0.195624 0.182632 0.201978 0.188656 0.204815 0.196167 0.204906 0.201151 0.202138 0.204314 0.197762 0.204696 0.190417 0.201840 0.184494 0.198472 0.181114 0.192592 0.178748 0.185289 0.180885
0 0.353036 0.314857 0.351597 0.325073 0.355299 0.331427 0.361324 0.334265 0.368835 0.334355 0.373819 0.331587 0.376982 0.327212 0.377364 0.319867 0.374508 0.313944 0.371140 0.310563 0.365260 0.308197 0.357956 0.310334
0 0.000000 0.228757 0.000000 0.238973 0.000000 0.245327 0.000000 0.248164 0.001713 0.248255 0.006697 0.245487 0.009860 0.241111 0.010242 0.233766 0.007386 0.227843 0.004018 0.224463 0.000000 0.222097 0.000000 0.224233
0 0.000000 0.145231 0.000000 0.155447 0.000000 0.161800 0.000000 0.164638 0.000000 0.164728 0.000000 0.161960 0.000000 0.157585 0.000000 0.150240 0.000000 0.144317 0.000000 0.140937 0.000000 0.138570 0.000000 0.140707
0 0.257575 0.169804 0.256136 0.180020 0.259838 0.186373 0.265863 0.189212 0.273374 0.189301 0.278358 0.186534 0.281521 0.182158 0.281902 0.174813 0.279047 0.168890 0.275679 0.165510 0.269799 0.163143 0.262496 0.165281
0 0.525055 0.317399 0.523616 0.327614 0.527319 0.333968 0.533343 0.336806 0.540854 0.336896 0.545838 0.334128 0.549001 0.329753 0.549383 0.322408 0.546527 0.316485 0.543159 0.313105 0.537279 0.310738 0.529976 0.312875
0 0.473609 0.307573 0.472170 0.317788 0.475872 0.324142 0.481897 0.326980 0.489407 0.327070 0.494392 0.324303 0.497555 0.319926 0.497936 0.312582 0.495081 0.306659 0.491713 0.303279 0.485833 0.300912 0.478529 0.303049
0 0.494054 0.185435 0.492615 0.195651 0.496318 0.202004 0.502342 0.204842 0.509853 0.204932 0.514837 0.202164 0.518001 0.197789 0.518382 0.190444 0.515526 0.184521 0.512158 0.181141 0.506278 0.178775 0.498975 0.180911
0 0.401833 0.179737 0.400395 0.189953 0.404097 0.196307 0.410122 0.199145 0.417633 0.199235 0.422616 0.196467 0.425780 0.192091 0.426161 0.184747 0.423305 0.178824 0.419938 0.175444 0.414058 0.173077 0.406755 0.175214
0 0.655922 0.296401 0.654483 0.306618 0.658185 0.312971 0.664210 0.315809 0.671721 0.315899 0.676705 0.313131 0.679868 0.308756 0.680249 0.301411 0.677394 0.295488 0.674026 0.292108 0.668146 0.289741 0.660843 0.291878
0 0.629864 0.304639 0.628425 0.314855 0.632127 0.321209 0.638152 0.324047 0.645663 0.324137 0.650647 0.321369 0.653811 0.316993 0.654192 0.309649 0.651336 0.303725 0.647968 0.300345 0.642089 0.297979 0.634785 0.300116
0 0.677162 0.232339 0.675723 0.242555 0.679426 0.248909 0.685451 0.251746 0.692961 0.251837 0.697945 0.249069 0.701109 0.244693 0.701490 0.237348 0.698634 0.231425 0.695266 0.228045 0.689387 0.225679 0.682083 0.227815
0 0.808877 0.318426 0.807438 0.328642 0.811140 0.334996 0.817165 0.337834 0.824675 0.337924 0.829660 0.335156 0.832823 0.330780 0.833204 0.323436 0.830348 0.317513 0.826980 0.314133 0.821101 0.311766 0.813797 0.313903
0 0.838842 0.244118 0.837403 0.254335 0.841105 0.260688 0.847130 0.263526 0.854640 0.263616 0.859625 0.260848 0.862788 0.256473 0.863169 0.249128 0.860314 0.243205 0.856946 0.239825 0.851066 0.237458 0.843762 0.239595
0 0.848555 0.217176 0.847116 0.227391 0.850819 0.233746 0.856843 0.236583 0.864354 0.236674 0.869338 0.233906 0.872501 0.229530 0.872883 0.222185 0.870027 0.216262 0.866659 0.212882 0.860779 0.210515 0.853476 0.212652
0 0.682406 0.527142 0.680968 0.537358 0.684670 0.543712 0.690695 0.546550 0.698206 0.546640 0.703189 0.543872 0.706353 0.539496 0.706735 0.532152 0.703879 0.526229 0.700511 0.522848 0.694631 0.520482 0.687328 0.522619
0 0.586579 0.691051 0.585140 0.701268 0.588842 0.707621 0.594867 0.710459 0.602378 0.710549 0.607362 0.707781 0.610525 0.703406 0.610907 0.696061 0.608051 0.690138 0.604683 0.686758 0.598803 0.684391 0.591500 0.686528
0 0.481961 0.540349 0.480522 0.550565 0.484224 0.556919 0.490249 0.559757 0.497760 0.559846 0.502744 0.557079 0.505907 0.552703 0.506289 0.545359 0.503433 0.539436 0.500065 0.536055 0.494185 0.533689 0.486882 0.535826
0 0.502767 0.459969 0.501329 0.470185 0.505032 0.476539 0.511056 0.479377 0.518567 0.479467 0.523551 0.476699 0.526714 0.472323 0.527096 0.464978 0.524240 0.459055 0.520872 0.455675 0.514992 0.453309 0.507689 0.455446
0 0.548505 0.441314 0.547066 0.451530 0.550769 0.457884 0.556793 0.460722 0.564304 0.460812 0.569288 0.458044 0.572451 0.453668 0.572833 0.446324 0.569977 0.440401 0.566609 0.437021 0.560729 0.434654 0.553426 0.436791
0 0.000000 0.517734 0.000000 0.527951 0.000000 0.534304 0.004403 0.537142 0.011914 0.537232 0.016897 0.534464 0.020061 0.530089 0.020443 0.522744 0.017587 0.516821 0.014219 0.513441 0.008339 0.511074 0.001036 0.513211
0 0.208550 0.529671 0.207069 0.537670 0.208333 0.545949 0.214066 0.552037 0.221585 0.553720 0.227619 0.553739 0.234324 0.549272 0.237755 0.543463 0.238141 0.536249 0.237035 0.530186 0.230133 0.524878 0.223634 0.522592 0.213784 0.524860
0 0.331243 0.443217 0.329761 0.451216 0.331025 0.459495 0.336758 0.465583 0.344277 0.467266 0.350311 0.467285 0.357016 0.462818 0.360447 0.457009 0.360834 0.449795 0.359727 0.443732 0.352825 0.438424 0.346326 0.436138 0.336476 0.438406
0 0.367172 0.227613 0.363829 0.228891 0.361428 0.232202 0.360975 0.236393 0.362363 0.240163 0.366869 0.242572 0.372054 0.241962 0.373780 0.239395 0.374408 0.234676 0.373492 0.230778 0.370832 0.227930
0 0.327901 0.202341 0.323704 0.203412 0.320625 0.207465 0.319839 0.212231 0.321425 0.216482 0.324718 0.219186 0.330121 0.220038 0.334617 0.217735 0.336942 0.214477 0.337271 0.209450 0.335190 0.204872 0.332071 0.202756
0 0.186807 0.228826 0.186320 0.234190 0.187294 0.238139 0.189158 0.240968 0.193217 0.242529 0.199779 0.242553 0.203166 0.239818 0.204949 0.235024 0.204816 0.230143 0.203288 0.226003 0.200094 0.223266 0.195718 0.222558 0.190179 0.224586
0 0.137089 0.257699 0.136602 0.263063 0.137577 0.267013 0.139440 0.269841 0.143500 0.271402 0.150062 0.271427 0.153448 0.268691 0.155231 0.263896 0.155098 0.259016 0.153570 0.254877 0.150376 0.252138 0.146000 0.251431 0.140462 0.253459
0 0.183528 0.270924 0.183042 0.276288 0.184016 0.280238 0.185879 0.283066 0.189939 0.284627 0.196501 0.284652 0.199887 0.281916 0.201670 0.277121 0.201537 0.272241 0.200010 0.268102 0.196815 0.265363 0.192440 0.264657 0.186900 0.266684
0 0.152720 0.311365 0.152233 0.316729 0.153207 0.320680 0.155071 0.323508 0.159130 0.325068 0.165693 0.325093 0.169079 0.322358 0.170862 0.317563 0.170729 0.312682 0.169201 0.308543 0.166006 0.305805 0.161631 0.305098 0.156092 0.307125
0 0.117380 0.302913 0.116894 0.308277 0.117868 0.312227 0.119731 0.315055 0.123791 0.316616 0.130353 0.316641 0.133739 0.313906 0.135522 0.309111 0.135389 0.304230 0.133862 0.300091 0.130667 0.297353 0.126292 0.296646 0.120752 0.298674
0 0.158425 0.203854 0.157938 0.209218 0.158912 0.213168 0.160775 0.215996 0.164835 0.217557 0.171397 0.217583 0.174783 0.214847 0.176567 0.210052 0.176433 0.205171 0.174906 0.201032 0.171711 0.198294 0.167336 0.197587 0.161797 0.199614
0 0.108901 0.186903 0.108414 0.192267 0.109388 0.196217 0.111252 0.199045 0.115311 0.200606 0.121874 0.200631 0.125260 0.197895 0.127042 0.193101 0.126910 0.188220 0.125382 0.184081 0.122188 0.181343 0.117812 0.180636 0.112273 0.182663
0 0.080348 0.253084 0.079861 0.258448 0.080835 0.262399 0.082699 0.265227 0.086758 0.266787 0.093321 0.266812 0.096707 0.264077 0.098489 0.259282 0.098357 0.254401 0.096829 0.250262 0.093635 0.247524 0.089259 0.246817 0.083720 0.248844
0 0.025794 0.192114 0.025308 0.197478 0.026281 0.201428 0.028145 0.204256 0.032205 0.205817 0.038767 0.205842 0.042153 0.203107 0.043936 0.198312 0.043803 0.193431 0.042276 0.189292 0.039081 0.186554 0.034706 0.185847 0.029166 0.187874
0 0.065899 0.204117 0.065413 0.209481 0.066387 0.213431 0.068250 0.216259 0.072310 0.217820 0.078872 0.217845 0.082258 0.215110 0.084041 0.210315 0.083908 0.205434 0.082381 0.201295 0.079186 0.198557 0.074811 0.197850 0.069271 0.199877
0 0.018085 0.254037 0.017598 0.259401 0.018572 0.263352 0.020436 0.266179 0.024495 0.267740 0.031058 0.267766 0.034444 0.265030 0.036227 0.260235 0.036094 0.255354 0.034566 0.251215 0.031371 0.248477 0.026996 0.247770 0.021457 0.249798
0 0.007675 0.202574 0.007188 0.207938 0.008162 0.211889 0.010025 0.214717 0.014085 0.216277 0.020647 0.216302 0.024034 0.213567 0.025817 0.208772 0.025683 0.203891 0.024156 0.199752 0.020961 0.197014 0.016586 0.196307 0.011047 0.198334
0 0.166709 0.238844 0.166222 0.244209 0.167196 0.248158 0.169059 0.250986 0.173119 0.252547 0.179681 0.252572 0.183067 0.249837 0.184851 0.245042 0.184717 0.240161 0.183190 0.236022 0.179995 0.233284 0.175620 0.232577 0.170081 0.234605
0 0.121105 0.365503 0.120619 0.370867 0.121593 0.374817 0.123456 0.377645 0.127516 0.379206 0.134078 0.379231 0.137465 0.376495 0.139247 0.371701 0.139114 0.366820 0.137587 0.362680 0.134392 0.359943 0.130017 0.359235 0.124478 0.361263
0 0.000000 0.179679 0.000000 0.185043 0.000000 0.188994 0.000000 0.191822 0.000000 0.193383 0.005307 0.193407 0.008694 0.190672 0.010476 0.185877 0.010343 0.180996 0.008816 0.176858 0.005621 0.174119 0.001246 0.173412 0.000000 0.175439
0 0.066164 0.147967 0.065677 0.153331 0.066651 0.157281 0.068514 0.160109 0.072574 0.161670 0.079136 0.161695 0.082522 0.158959 0.084306 0.154165 0.084172 0.149284 0.082645 0.145145 0.079450 0.142407 0.075075 0.141700 0.069536 0.143727
0 0.011075 0.381095 0.010589 0.386459 0.011563 0.390409 0.013426 0.393237 0.017486 0.394798 0.024048 0.394823 0.027434 0.392088 0.029217 0.387293 0.029084 0.382412 0.027557 0.378273 0.024362 0.375535 0.019987 0.374828 0.014448 0.376855
0 0.000000 0.375641 0.000000 0.381005 0.000000 0.384955 0.000000 0.387783 0.000000 0.389344 0.000000 0.389369 0.000000 0.386633 0.000000 0.381839 0.000000 0.376958 0.000000 0.372818 0.000000 0.370081 0.000000 0.369373 0.000000 0.371401
0 0.097091 0.377368 0.096604 0.382732 0.097578 0.386682 0.099441 0.389510 0.103501 0.391071 0.110063 0.391096 0.113450 0.388361 0.115233 0.383566 0.115099 0.378685 0.113572 0.374546 0.110377 0.371808 0.106002 0.371101 0.100463 0.373128
0 0.076584 0.387762 0.076098 0.393126 0.077072 0.397076 0.078936 0.399904 0.082995 0.401465 0.089557 0.401490 0.092944 0.398754 0.094726 0.393960 0.094593 0.389079 0.093066 0.384940 0.089871 0.382202 0.085496 0.381495 0.079957 0.383523
0 0.096863 0.466581 0.096376 0.471945 0.097350 0.475895 0.099213 0.478723 0.103273 0.480284 0.109835 0.480309 0.113221 0.477573 0.115004 0.472779 0.114871 0.467898 0.113344 0.463759 0.110149 0.461021 0.105774 0.460314 0.100234 0.462341
0 0.050651 0.500413 0.050165 0.505776 0.051139 0.509726 0.053003 0.512555 0.057062 0.514116 0.063624 0.514140 0.067011 0.511405 0.068793 0.506610 0.068660 0.501729 0.067133 0.497590 0.063938 0.494852 0.059562 0.494145 0.054023 0.496172
0 0.000000 0.485050 0.000000 0.490414 0.000000 0.494364 0.000000 0.497192 0.000000 0.498753 0.000000 0.498778 0.000000 0.496042 0.000936 0.491247 0.000804 0.486367 0.000000 0.482228 0.000000 0.479489 0.000000 0.478782 0.000000 0.480810
0 0.216462 0.420492 0.215976 0.425856 0.216950 0.429806 0.218813 0.432634 0.222873 0.434195 0.229435 0.434220 0.232821 0.431484 0.234604 0.426690 0.234471 0.421809 0.232944 0.417670 0.229749 0.414932 0.225374 0.414225 0.219834 0.416252
0 0.252224 0.404220 0.251737 0.409584 0.252711 0.413534 0.254574 0.416362 0.258634 0.417923 0.265196 0.417948 0.268583 0.415213 0.270366 0.410418 0.270232 0.405537 0.268705 0.401398 0.265510 0.398660 0.261135 0.397953 0.255596 0.399980
0 0.141783 0.496141 0.141296 0.501505 0.142270 0.505455 0.144134 0.508283 0.148193 0.509844 0.154755 0.509870 0.158142 0.507134 0.159925 0.502339 0.159792 0.497458 0.158264 0.493319 0.155070 0.490581 0.150694 0.489874 0.145155 0.491901
0 0.225187 0.507065 0.224700 0.512430 0.225675 0.516379 0.227538 0.519208 0.231598 0.520769 0.238160 0.520794 0.241546 0.518058 0.243329 0.513263 0.243196 0.508382 0.241668 0.504243 0.238474 0.501505 0.234098 0.500798 0.228560 0.502826
0 0.129719 0.569090 0.129233 0.574454 0.130207 0.578404 0.132071 0.581232 0.136130 0.582793 0.142692 0.582818 0.146079 0.580082 0.147861 0.575288 0.147728 0.570407 0.146201 0.566268 0.143006 0.563530 0.138631 0.562823 0.133092 0.564850
0 0.162700 0.599411 0.162213 0.604774 0.163187 0.608724 0.165051 0.611553 0.169110 0.613114 0.175672 0.613138 0.179059 0.610403 0.180842 0.605608 0.180709 0.600728 0.179181 0.596588 0.175987 0.593850 0.171611 0.593143 0.166072 0.595171
0 0.212964 0.593723 0.212478 0.599088 0.213452 0.603038 0.215315 0.605866 0.219375 0.607427 0.225937 0.607452 0.229323 0.604716 0.231106 0.599922 0.230973 0.595041 0.229446 0.590901 0.226251 0.588164 0.221876 0.587456 0.216336 0.589484
0 0.301395 0.643304 0.300908 0.648668 0.301882 0.652619 0.303746 0.655447 0.307805 0.657007 0.314368 0.657032 0.317754 0.654297 0.319536 0.649502 0.319403 0.644621 0.317876 0.640483 0.314681 0.637744 0.310306 0.637037 0.304767 0.639065
0 0.293414 0.623014 0.292927 0.628378 0.293901 0.632328 0.295765 0.635156 0.299825 0.636717 0.306387 0.636742 0.309773 0.634007 0.311556 0.629212 0.311423 0.624331 0.309895 0.620192 0.306701 0.617454 0.302325 0.616747 0.296786 0.618775
0 0.364366 0.690559 0.363880 0.695922 0.364854 0.699872 0.366718 0.702701 0.370777 0.704262 0.377339 0.704286 0.380726 0.701551 0.382508 0.696756 0.382375 0.691876 0.380848 0.687736 0.377653 0.684998 0.373278 0.684291 0.367739 0.686319
0 0.340918 0.674806 0.340431 0.680170 0.341405 0.684120 0.343268 0.686948 0.347328 0.688509 0.353890 0.688534 0.357277 0.685798 0.359060 0.681004 0.358926 0.676123 0.357399 0.671984 0.354204 0.669246 0.349829 0.668539 0.344290 0.670567
0 0.320908 0.686452 0.320421 0.691816 0.321395 0.695766 0.323259 0.698594 0.327318 0.700155 0.333880 0.700180 0.337267 0.697445 0.339050 0.692650 0.338916 0.687769 0.337389 0.683630 0.334194 0.680892 0.329819 0.680185 0.324280 0.682212
0 0.300059 0.693175 0.299573 0.698538 0.300547 0.702489 0.302410 0.705317 0.306470 0.706878 0.313032 0.706903 0.316419 0.704167 0.318201 0.699372 0.318068 0.694492 0.316541 0.690353 0.313346 0.687614 0.308971 0.686907 0.303432 0.688935
0 0.282460 0.682105 0.281973 0.687470 0.282947 0.691419 0.284811 0.694247 0.288870 0.695808 0.295433 0.695834 0.298819 0.693098 0.300601 0.688303 0.300469 0.683422 0.298941 0.679283 0.295746 0.676545 0.291371 0.675838 0.285832 0.677866
0 0.334350 0.708141 0.333864 0.713505 0.334838 0.717455 0.336701 0.720283 0.340761 0.721844 0.347323 0.721868 0.350710 0.719133 0.352492 0.714338 0.352359 0.709458 0.350832 0.705319 0.347637 0.702580 0.343262 0.701874 0.337723 0.703901
0 0.230570 0.683661 0.230084 0.689025 0.231058 0.692975 0.232921 0.695803 0.236981 0.697364 0.243543 0.697389 0.246929 0.694653 0.248712 0.689858 0.248579 0.684978 0.247052 0.680839 0.243857 0.678100 0.239482 0.677394 0.233942 0.679421
0 0.123977 0.673155 0.123490 0.678520 0.124464 0.682469 0.126327 0.685297 0.130387 0.686859 0.136949 0.686884 0.140335 0.684148 0.142118 0.679354 0.141985 0.674472 0.140458 0.670333 0.137263 0.667595 0.132888 0.666888 0.127349 0.668916
0 0.161469 0.662885 0.160982 0.668250 0.161956 0.672199 0.163820 0.675027 0.167879 0.676588 0.174441 0.676614 0.177828 0.673878 0.179610 0.669083 0.179478 0.664202 0.177950 0.660063 0.174755 0.657325 0.170380 0.656618 0.164841 0.658646
0 0.110289 0.602963 0.109803 0.608327 0.110777 0.612277 0.112640 0.615105 0.116700 0.616666 0.123262 0.616691 0.126649 0.613955 0.128431 0.609160 0.128298 0.604280 0.126771 0.600141 0.123576 0.597402 0.119201 0.596696 0.113662 0.598723
0 0.058273 0.622390 0.057786 0.627755 0.058760 0.631704 0.060624 0.634532 0.064683 0.636094 0.071246 0.636118 0.074632 0.633382 0.076414 0.628588 0.076282 0.623707 0.074754 0.619568 0.071560 0.616830 0.067184 0.616123 0.061645 0.618151
0 0.052288 0.655120 0.051801 0.660484 0.052775 0.664435 0.054639 0.667263 0.058698 0.668823 0.065261 0.668849 0.068647 0.666113 0.070430 0.661318 0.070297 0.656437 0.068769 0.652298 0.065575 0.649560 0.061199 0.648853 0.055660 0.650880
0 0.029622 0.696351 0.029135 0.701715 0.030109 0.705665 0.031972 0.708493 0.036032 0.710054 0.042594 0.710079 0.045980 0.707343 0.047763 0.702549 0.047630 0.697668 0.046103 0.693529 0.042908 0.690791 0.038533 0.690084 0.032993 0.692111
0 0.000000 0.678884 0.000000 0.684248 0.000000 0.688198 0.001716 0.691026 0.005776 0.692587 0.012338 0.692612 0.015724 0.689876 0.017507 0.685081 0.017374 0.680201 0.015847 0.676062 0.012652 0.673323 0.008277 0.672617 0.002737 0.674644
0 0.000000 0.565510 0.000000 0.570873 0.000000 0.574824 0.000000 0.577652 0.000000 0.579213 0.000000 0.579238 0.000000 0.576502 0.000000 0.571707 0.000000 0.566827 0.000000 0.562688 0.000000 0.559949 0.000000 0.559243 0.000000 0.561270
0 0.000000 0.598688 0.000000 0.604052 0.000000 0.608002 0.000000 0.610830 0.000000 0.612391 0.003132 0.612416 0.006518 0.609680 0.008301 0.604886 0.008168 0.600005 0.006641 0.595866 0.003446 0.593128 0.000000 0.592421 0.000000 0.594448
0 0.014732 0.595169 0.014245 0.600533 0.015219 0.604483 0.017082 0.607311 0.021142 0.608872 0.027704 0.608896 0.031090 0.606161 0.032874 0.601367 0.032740 0.596486 0.031213 0.592347 0.028018 0.589608 0.023643 0.588902 0.018104 0.590929
0 0.000000 0.645054 0.000000 0.650418 0.000000 0.654369 0.000000 0.657196 0.000000 0.658757 0.000000 0.658783 0.000000 0.656047 0.000000 0.651252 0.000000 0.646371 0.000000 0.642232 0.000000 0.639494 0.000000 0.638787 0.000000 0.640814
0 0.107355 0.563159 0.106869 0.568524 0.107843 0.572474 0.109706 0.575302 0.113766 0.576863 0.120328 0.576888 0.123715 0.574152 0.125497 0.569358 0.125364 0.564476 0.123837 0.560337 0.120642 0.557599 0.116267 0.556892 0.110728 0.558920
0 0.161404 0.519260 0.160917 0.524624 0.161891 0.528574 0.163755 0.531402 0.167814 0.532963 0.174377 0.532988 0.177763 0.530252 0.179546 0.525458 0.179413 0.520577 0.177885 0.516438 0.174690 0.513699 0.170315 0.512993 0.164776 0.515020
0 0.006493 0.142918 0.006006 0.148282 0.006980 0.152232 0.008844 0.155060 0.012904 0.156621 0.019466 0.156646 0.022852 0.153911 0.024635 0.149116 0.024502 0.144235 0.022974 0.140096 0.019780 0.137358 0.015404 0.136651 0.009865 0.138679
0 0.559085 0.229173 0.558598 0.234537 0.559572 0.238487 0.561436 0.241315 0.565495 0.242876 0.572058 0.242901 0.575444 0.240165 0.577226 0.235371 0.577094 0.230490 0.575566 0.226351 0.572371 0.223613 0.567996 0.222906 0.562457 0.224934
0 0.110992 0.208669 0.107649 0.209947 0.105249 0.213258 0.104795 0.217449 0.106183 0.221219 0.110689 0.223628 0.115874 0.223018 0.117600 0.220451 0.118228 0.215733 0.117312 0.211834 0.114652 0.208987
0 0.094716 0.179870 0.091374 0.181148 0.088972 0.184459 0.088519 0.188650 0.089907 0.192420 0.094414 0.194829 0.099599 0.194219 0.101325 0.191652 0.101952 0.186934 0.101036 0.183035 0.098376 0.180187
0 0.320877 0.257838 0.320391 0.263202 0.321365 0.267152 0.323228 0.269980 0.327288 0.271541 0.333850 0.271566 0.337236 0.268830 0.339019 0.264035 0.338886 0.259155 0.337359 0.255016 0.334164 0.252277 0.329789 0.251571 0.324249 0.253598
0 0.279789 0.188099 0.276446 0.189377 0.274045 0.192688 0.273591 0.196879 0.274980 0.200649 0.279486 0.203058 0.284671 0.202448 0.286397 0.199881 0.287025 0.195163 0.286108 0.191264 0.283449 0.188416
0 0.486400 0.271395 0.485913 0.276759 0.486887 0.280709 0.488751 0.283537 0.492810 0.285098 0.499373 0.285123 0.502759 0.282387 0.504542 0.277592 0.504409 0.272712 0.502881 0.268573 0.499687 0.265834 0.495311 0.265127 0.489772 0.267155
0 0.451720 0.402352 0.451233 0.407717 0.452207 0.411666 0.454070 0.414494 0.458130 0.416056 0.464692 0.416080 0.468078 0.413345 0.469862 0.408550 0.469728 0.403669 0.468201 0.399530 0.465006 0.396792 0.460631 0.396085 0.455092 0.398113
0 0.414300 0.467013 0.413814 0.472377 0.414788 0.476327 0.416651 0.479155 0.420711 0.480716 0.427273 0.480741 0.430659 0.478006 0.432442 0.473211 0.432309 0.468330 0.430782 0.464191 0.427587 0.461453 0.423212 0.460746 0.417673 0.462774
0 0.386902 0.510125 0.386416 0.515489 0.387390 0.519439 0.389253 0.522267 0.393313 0.523828 0.399875 0.523853 0.403261 0.521118 0.405044 0.516323 0.404911 0.511442 0.403384 0.507303 0.400189 0.504565 0.395814 0.503858 0.390275 0.505885
0 0.349615 0.524556 0.349128 0.529920 0.350102 0.533869 0.351966 0.536698 0.356025 0.538259 0.362587 0.538283 0.365974 0.535548 0.367757 0.530753 0.367623 0.525873 0.366096 0.521733 0.362901 0.518995 0.358526 0.518288 0.352987 0.520316
0 0.368818 0.566020 0.368332 0.571385 0.369306 0.575334 0.371169 0.578163 0.375229 0.579724 0.381791 0.579749 0.385178 0.577013 0.386960 0.572219 0.386827 0.567338 0.385300 0.563198 0.382105 0.560460 0.377730 0.559753 0.372191 0.561781
0 0.379698 0.626526 0.379211 0.631889 0.380185 0.635840 0.382049 0.638668 0.386108 0.640229 0.392671 0.640254 0.396057 0.637518 0.397840 0.632723 0.397707 0.627843 0.396179 0.623704 0.392985 0.620965 0.388609 0.620258 0.383070 0.622286
0 0.293427 0.725081 0.292940 0.730445 0.293914 0.734395 0.295778 0.737223 0.299837 0.738784 0.306400 0.738809 0.309786 0.736074 0.311569 0.731279 0.311435 0.726398 0.309908 0.722259 0.306713 0.719521 0.302338 0.718814 0.296799 0.720841
0 0.247801 0.644382 0.247314 0.649745 0.248288 0.653696 0.250152 0.656524 0.254211 0.658085 0.260774 0.658110 0.264160 0.655374 0.265943 0.650579 0.265810 0.645699 0.264282 0.641560 0.261088 0.638821 0.256712 0.638115 0.251173 0.640142
0 0.331155 0.734363 0.330668 0.739727 0.331643 0.743678 0.333506 0.746506 0.337565 0.748066 0.344128 0.748092 0.347514 0.745356 0.349297 0.740561 0.349164 0.735680 0.347636 0.731541 0.344442 0.728803 0.340066 0.728096 0.334527 0.730123
0 0.353672 0.735951 0.353186 0.741315 0.354160 0.745265 0.356023 0.748093 0.360117 0.749113 0.366651 0.749592 0.370031 0.746944 0.371814 0.742149 0.371681 0.737268 0.370154 0.733129 0.366959 0.730391 0.362584 0.729684 0.357044 0.731712
0 0.480794 0.570649 0.480308 0.576013 0.481282 0.579963 0.483145 0.582791 0.487240 0.583810 0.493773 0.584290 0.497154 0.581641 0.498936 0.576847 0.498803 0.571966 0.497276 0.567827 0.494081 0.565089 0.489706 0.564382 0.484167 0.566410
0 0.597067 0.734907 0.596580 0.740271 0.597554 0.744221 0.599417 0.747049 0.603512 0.748068 0.610045 0.748547 0.613425 0.745899 0.615208 0.741105 0.615075 0.736224 0.613548 0.732085 0.610353 0.729347 0.605978 0.728639 0.600439 0.730667
0 0.618555 0.728528 0.618069 0.733892 0.619042 0.737842 0.620906 0.740670 0.625000 0.741689 0.631534 0.742168 0.634914 0.739520 0.636697 0.734725 0.636564 0.729845 0.635037 0.725706 0.631842 0.722967 0.627467 0.722261 0.621928 0.724288
0 0.604347 0.652274 0.603861 0.657638 0.604835 0.661588 0.606698 0.664416 0.610793 0.665435 0.617326 0.665914 0.620707 0.663266 0.622489 0.658472 0.622356 0.653591 0.620829 0.649452 0.617634 0.646713 0.613259 0.646007 0.607720 0.648034
0 0.565169 0.630101 0.564683 0.635465 0.565657 0.639415 0.567520 0.642243 0.571614 0.643262 0.578147 0.643741 0.581528 0.641093 0.583311 0.636299 0.583178 0.631418 0.581651 0.627279 0.578456 0.624541 0.574080 0.623834 0.568541 0.625861
0 0.700592 0.599665 0.700105 0.605028 0.701079 0.608979 0.702943 0.611807 0.707037 0.612826 0.713570 0.613305 0.716951 0.610657 0.718733 0.605862 0.718601 0.600982 0.717073 0.596843 0.713878 0.594104 0.709503 0.593397 0.703964 0.595425
0 0.786486 0.633380 0.785581 0.636464 0.786429 0.639837 0.789067 0.641738 0.791399 0.642497 0.794665 0.642096 0.797110 0.638698 0.797009 0.635113 0.795869 0.632360 0.792167 0.630861 0.789095 0.631383
0 0.683247 0.595166 0.682341 0.598250 0.683189 0.601623 0.685828 0.603524 0.688159 0.604282 0.691425 0.603881 0.693870 0.600483 0.693770 0.596899 0.692629 0.594146 0.688927 0.592647 0.685855 0.593169
0 0.700747 0.552438 0.699842 0.555522 0.700689 0.558895 0.703328 0.560796 0.705660 0.561555 0.708926 0.561154 0.711371 0.557756 0.711270 0.554171 0.710129 0.551418 0.706428 0.549919 0.703356 0.550441
0 0.791974 0.586654 0.791068 0.589737 0.791917 0.593110 0.794555 0.595011 0.796886 0.595769 0.800153 0.595368 0.802598 0.591971 0.802498 0.588386 0.801357 0.585633 0.797655 0.584134 0.794583 0.584656
0 0.800880 0.577144 0.799974 0.580227 0.800823 0.583600 0.803461 0.585501 0.805792 0.586259 0.809058 0.585858 0.811503 0.582460 0.811403 0.578876 0.810263 0.576123 0.806560 0.574623 0.803489 0.575145
0 0.788811 0.572921 0.787905 0.576005 0.788753 0.579378 0.791392 0.581279 0.793723 0.582037 0.796990 0.581636 0.799434 0.578238 0.799334 0.574654 0.798194 0.571901 0.794491 0.570401 0.791420 0.570924
0 0.830329 0.692804 0.829423 0.695887 0.830271 0.699260 0.832909 0.701162 0.835241 0.701920 0.838507 0.701519 0.840952 0.698121 0.840852 0.694537 0.839711 0.691783 0.836008 0.690284 0.832937 0.690806
0 0.824262 0.679067 0.823356 0.682150 0.824205 0.685523 0.826843 0.687424 0.829174 0.688183 0.832441 0.687782 0.834886 0.684384 0.834785 0.680799 0.833644 0.678046 0.829942 0.676547 0.826871 0.677069
0 0.811387 0.750873 0.810482 0.753956 0.811330 0.757329 0.813968 0.759231 0.816300 0.759989 0.819566 0.759588 0.822011 0.756190 0.821911 0.752606 0.820770 0.749852 0.817068 0.748353 0.813996 0.748875
0 0.633351 0.749696 0.632445 0.752780 0.633293 0.756152 0.635932 0.758054 0.638263 0.758812 0.641530 0.758411 0.643975 0.755013 0.643874 0.751429 0.642733 0.748676 0.639031 0.747177 0.635960 0.747699
0 0.574793 0.742634 0.573888 0.745717 0.574736 0.749090 0.577374 0.750992 0.579706 0.751750 0.582972 0.751349 0.585417 0.747951 0.585316 0.744366 0.584175 0.741613 0.580474 0.740114 0.577402 0.740636
0 0.521119 0.726685 0.520213 0.729769 0.521061 0.733141 0.523700 0.735043 0.526031 0.735801 0.529297 0.735400 0.531742 0.732002 0.531642 0.728418 0.530501 0.725665 0.526799 0.724165 0.523727 0.724687
0 0.481112 0.665660 0.480207 0.668744 0.481055 0.672116 0.483693 0.674018 0.486025 0.674776 0.489291 0.674375 0.491736 0.670977 0.491635 0.667393 0.490494 0.664640 0.486793 0.663141 0.483721 0.663662
0 0.461937 0.675566 0.461031 0.678649 0.461879 0.682022 0.464518 0.683923 0.466849 0.684682 0.470116 0.684281 0.472561 0.680883 0.472460 0.677298 0.471319 0.674545 0.467617 0.673046 0.464546 0.673568
0 0.356907 0.714018 0.356001 0.717102 0.356849 0.720474 0.359487 0.722376 0.361819 0.723134 0.365085 0.722733 0.367530 0.719335 0.367430 0.715751 0.366289 0.712997 0.362587 0.711498 0.359515 0.712020
0 0.192382 0.674438 0.191476 0.677522 0.192324 0.680894 0.194962 0.682796 0.197294 0.683554 0.200561 0.683153 0.203005 0.679755 0.202905 0.676171 0.201764 0.673418 0.198062 0.671918 0.194991 0.672440
0 0.206662 0.658922 0.205756 0.662006 0.206604 0.665378 0.209242 0.667280 0.211574 0.668038 0.214840 0.667637 0.217285 0.664239 0.217185 0.660655 0.216044 0.657902 0.212342 0.656402 0.209270 0.656924
0 0.009428 0.698577 0.008522 0.701661 0.009371 0.705033 0.012009 0.706934 0.014340 0.707693 0.017607 0.707291 0.020052 0.703894 0.019952 0.700310 0.018811 0.697557 0.015109 0.696057 0.012037 0.696579
0 0.001437 0.655828 0.000531 0.658912 0.001379 0.662284 0.004018 0.664186 0.006349 0.664944 0.009616 0.664543 0.012060 0.661146 0.011960 0.657561 0.010819 0.654808 0.007117 0.653308 0.004046 0.653831
0 0.033762 0.579486 0.032856 0.582570 0.033704 0.585942 0.036342 0.587844 0.038674 0.588602 0.041941 0.588201 0.044385 0.584803 0.044285 0.581219 0.043144 0.578466 0.039442 0.576966 0.036370 0.577488
0 0.000000 0.523311 0.000000 0.526395 0.000000 0.529768 0.000000 0.531669 0.000000 0.532428 0.000000 0.532027 0.000000 0.528629 0.000000 0.525044 0.000000 0.522291 0.000000 0.520792 0.000000 0.521314
0 0.000000 0.501114 0.000000 0.504198 0.000000 0.507570 0.000000 0.509472 0.000000 0.510230 0.000000 0.509829 0.000000 0.506431 0.000000 0.502846 0.000000 0.500094 0.000000 0.498594 0.000000 0.499117
0 0.183109 0.533628 0.182203 0.536712 0.183051 0.540084 0.185690 0.541986 0.188021 0.542744 0.191287 0.542343 0.193733 0.538945 0.193632 0.535361 0.192491 0.532608 0.188789 0.531108 0.185717 0.531630
0 0.155586 0.477785 0.154680 0.480869 0.155528 0.484241 0.158166 0.486143 0.160498 0.486901 0.163764 0.486500 0.166209 0.483102 0.166109 0.479518 0.164968 0.476765 0.161266 0.475265 0.158194 0.475787
0 0.199622 0.425057 0.198716 0.428141 0.199564 0.431513 0.202203 0.433415 0.204534 0.434173 0.207801 0.433772 0.210245 0.430374 0.210145 0.426790 0.209004 0.424037 0.205302 0.422537 0.202231 0.423059
0 0.313878 0.398732 0.312972 0.401815 0.313820 0.405188 0.316459 0.407089 0.318790 0.407847 0.322057 0.407446 0.324502 0.404048 0.324401 0.400464 0.323260 0.397711 0.319558 0.396211 0.316487 0.396733
0 0.272717 0.347864 0.271811 0.350947 0.272659 0.354320 0.275298 0.356222 0.277629 0.356980 0.280896 0.356579 0.283341 0.353181 0.283240 0.349597 0.282099 0.346843 0.278397 0.345344 0.275326 0.345866
0 0.351329 0.339871 0.350423 0.342955 0.351271 0.346327 0.353910 0.348229 0.356241 0.348987 0.359508 0.348586 0.361953 0.345188 0.361852 0.341604 0.360711 0.338851 0.357009 0.337351 0.353938 0.337873
0 0.365821 0.442382 0.364915 0.445466 0.365763 0.448838 0.368401 0.450740 0.370733 0.451498 0.373999 0.451097 0.376444 0.447699 0.376344 0.444115 0.375203 0.441362 0.371501 0.439863 0.368429 0.440385
0 0.423844 0.433496 0.422938 0.436579 0.423786 0.439952 0.426425 0.441853 0.428756 0.442612 0.432023 0.442211 0.434468 0.438813 0.434367 0.435228 0.433226 0.432475 0.429524 0.430976 0.426453 0.431498
0 0.450951 0.512289 0.450046 0.515373 0.450894 0.518745 0.453532 0.520647 0.455864 0.521405 0.459130 0.521004 0.461575 0.517606 0.461475 0.514022 0.460334 0.511269 0.456632 0.509769 0.453560 0.510291
0 0.327893 0.479513 0.327406 0.484876 0.328380 0.488826 0.330243 0.491655 0.334303 0.493216 0.340865 0.493240 0.344252 0.490505 0.346035 0.485710 0.345901 0.480830 0.344374 0.476690 0.341179 0.473952 0.336804 0.473245 0.331265 0.475273
0 0.490036 0.467512 0.489130 0.470596 0.489979 0.473968 0.492617 0.475870 0.494948 0.476628 0.498215 0.476227 0.500660 0.472829 0.500560 0.469245 0.499419 0.466492 0.495717 0.464992 0.492645 0.465514
0 0.529204 0.479421 0.528298 0.482505 0.529146 0.485877 0.531784 0.487779 0.534116 0.488537 0.537382 0.488136 0.539827 0.484738 0.539727 0.481154 0.538586 0.478401 0.534883 0.476901 0.531812 0.477423
0 0.474834 0.500678 0.476334 0.503036 0.478809 0.503717 0.481735 0.503577 0.483176 0.502014 0.483616 0.499435 0.482777 0.497488 0.481422 0.496083 0.479731 0.495089 0.477330 0.494985 0.474939 0.496333 0.474543 0.498770
0 0.509763 0.600846 0.511263 0.603205 0.513738 0.603886 0.516664 0.603746 0.518105 0.602184 0.518544 0.599605 0.517706 0.597657 0.516351 0.596252 0.514660 0.595258 0.512258 0.595154 0.509868 0.596502 0.509471 0.598939
0 0.586134 0.559353 0.587634 0.561712 0.590109 0.562392 0.593035 0.562253 0.594476 0.560690 0.594916 0.558111 0.594077 0.556164 0.592722 0.554759 0.591031 0.553764 0.588630 0.553661 0.586239 0.555008 0.585843 0.557446
0 0.525987 0.718906 0.527488 0.721264 0.529963 0.721945 0.532888 0.721805 0.534330 0.720243 0.534769 0.717663 0.533930 0.715716 0.532575 0.714311 0.530884 0.713317 0.528483 0.713213 0.526092 0.714561 0.525696 0.716998
0 0.522880 0.687680 0.524381 0.690038 0.526855 0.690719 0.529781 0.690579 0.531222 0.689017 0.531662 0.686438 0.530823 0.684490 0.529468 0.683085 0.527778 0.682091 0.525376 0.681987 0.522986 0.683335 0.522589 0.685772
0 0.651462 0.738544 0.652963 0.740903 0.655437 0.741584 0.658363 0.741444 0.659804 0.739882 0.660244 0.737303 0.659405 0.735355 0.658050 0.733950 0.656359 0.732955 0.653958 0.732852 0.651567 0.734200 0.651171 0.736637
0 0.714176 0.701141 0.715676 0.703500 0.718151 0.704181 0.721077 0.704041 0.722518 0.702478 0.722958 0.699899 0.722119 0.697951 0.720764 0.696546 0.719073 0.695552 0.716672 0.695449 0.714281 0.696796 0.713885 0.699234
0 0.802383 0.747567 0.803884 0.749926 0.806358 0.750606 0.809284 0.750467 0.810726 0.748904 0.811165 0.746325 0.810327 0.744378 0.808971 0.742973 0.807280 0.741978 0.804879 0.741875 0.802488 0.743223 0.802092 0.745659
0 0.848761 0.680551 0.850262 0.682909 0.852736 0.683590 0.855662 0.683451 0.857103 0.681888 0.857543 0.679309 0.856704 0.677361 0.855349 0.675956 0.853658 0.674962 0.851257 0.674858 0.848866 0.676206 0.848470 0.678643
0 0.708595 0.453674 0.710096 0.456032 0.712570 0.456713 0.715496 0.456574 0.716937 0.455011 0.717377 0.452432 0.716538 0.450484 0.715183 0.449079 0.713492 0.448085 0.711091 0.447981 0.708700 0.449329 0.708304 0.451766
0 0.663308 0.358419 0.664809 0.360778 0.667284 0.361458 0.670210 0.361318 0.671651 0.359756 0.672091 0.357177 0.671252 0.355229 0.669897 0.353824 0.668206 0.352830 0.665805 0.352726 0.663414 0.354074 0.663018 0.356512
0 0.695017 0.223478 0.696517 0.225837 0.698992 0.226517 0.701918 0.226378 0.703359 0.224815 0.703799 0.222236 0.702960 0.220289 0.701605 0.218883 0.699914 0.217889 0.697513 0.217785 0.695122 0.219133 0.694726 0.221571
0 0.618177 0.258949 0.619677 0.261308 0.622152 0.261988 0.625078 0.261849 0.626519 0.260287 0.626958 0.257708 0.626120 0.255760 0.624765 0.254355 0.623074 0.253360 0.620673 0.253257 0.618282 0.254605 0.617886 0.257042
0 0.318552 0.295136 0.317646 0.298220 0.318494 0.301592 0.321132 0.303494 0.323464 0.304252 0.326730 0.303851 0.329175 0.300453 0.329075 0.296869 0.327934 0.294116 0.324232 0.292616 0.321161 0.293138
0 0.199934 0.587366 0.196591 0.588644 0.194190 0.591955 0.193736 0.596146 0.195125 0.599916 0.199631 0.602325 0.204816 0.601715 0.206542 0.599148 0.207170 0.594429 0.206254 0.590531 0.203594 0.587683
0 0.262754 0.547099 0.261849 0.550183 0.262697 0.553555 0.265335 0.555457 0.267667 0.556215 0.270933 0.555814 0.273378 0.552416 0.273278 0.548832 0.272137 0.546079 0.268435 0.544579 0.265363 0.545101
0 0.595257 0.494550 0.591061 0.495620 0.587982 0.499674 0.587196 0.504440 0.588782 0.508691 0.592075 0.511395 0.597478 0.512246 0.601974 0.509944 0.604299 0.506686 0.604628 0.501658 0.602547 0.497081 0.599428 0.494964
0 0.667525 0.486940 0.669025 0.489298 0.671500 0.489979 0.674426 0.489840 0.675867 0.488277 0.676307 0.485698 0.675468 0.483750 0.674113 0.482345 0.672422 0.481351 0.670021 0.481247 0.667630 0.482595 0.667234 0.485032
0 0.754269 0.269239 0.750073 0.270309 0.746994 0.274363 0.746208 0.279129 0.747794 0.283380 0.751087 0.286084 0.756490 0.286936 0.760985 0.284633 0.763311 0.281375 0.763640 0.276347 0.761559 0.271770 0.758440 0.269653
0 0.724155 0.218027 0.725655 0.220385 0.728130 0.221066 0.731056 0.220927 0.732497 0.219364 0.732936 0.216785 0.732098 0.214837 0.730743 0.213432 0.729052 0.212438 0.726650 0.212334 0.724259 0.213682 0.723863 0.216119
0 0.601852 0.385619 0.598510 0.386897 0.596109 0.390208 0.595655 0.394399 0.597044 0.398169 0.601550 0.400578 0.606735 0.399968 0.608461 0.397401 0.609088 0.392682 0.608172 0.388784 0.605512 0.385936
0 0.137977 0.715581 0.137490 0.720945 0.138465 0.724896 0.140328 0.727724 0.144388 0.729284 0.150950 0.729310 0.154336 0.726574 0.156119 0.721779 0.155986 0.716898 0.154459 0.712759 0.151264 0.710021 0.146888 0.709314 0.141349 0.711341
