0 0.653846 0.610577 0.650641 0.608974 0.645833 0.607372 0.647436 0.602564 0.649038 0.597756 0.653846 0.596154 0.658654 0.597756 0.660256 0.599359 0.661859 0.604167 0.660256 0.608974 0.657051 0.610577
0 0.634615 0.592949 0.631410 0.591346 0.629808 0.588141 0.629808 0.583333 0.631410 0.580128 0.636218 0.578526 0.641026 0.578526 0.642628 0.581731 0.642628 0.586538 0.641026 0.589744 0.637821 0.592949
0 0.693910 0.588141 0.690705 0.586538 0.689103 0.583333 0.687500 0.580128 0.689103 0.575321 0.693910 0.573718 0.700321 0.575321 0.701923 0.576923 0.701923 0.581731 0.700321 0.586538 0.697115 0.588141
0 0.692308 0.607372 0.689103 0.605769 0.685897 0.602564 0.685897 0.597756 0.687500 0.594551 0.692308 0.592949 0.697115 0.594551 0.698718 0.596154 0.698718 0.600962 0.698718 0.604167 0.695513 0.607372
0 0.580128 0.629808 0.576923 0.628205 0.575321 0.625000 0.575321 0.620192 0.576923 0.616987 0.581731 0.615385 0.586538 0.615385 0.588141 0.618590 0.588141 0.623397 0.586538 0.626603 0.584936 0.629808
0 0.661859 0.540064 0.658654 0.538462 0.653846 0.536859 0.655449 0.532051 0.657051 0.527244 0.661859 0.525641 0.666667 0.527244 0.668269 0.528846 0.668269 0.533654 0.668269 0.536859 0.665064 0.540064
0 0.706731 0.504808 0.703526 0.503205 0.700321 0.501603 0.701923 0.498397 0.703526 0.495192 0.708333 0.491987 0.713141 0.493590 0.714744 0.496795 0.713141 0.500000 0.713141 0.503205 0.711538 0.504808
0 0.641026 0.503205 0.637821 0.501603 0.634615 0.500000 0.636218 0.495192 0.637821 0.491987 0.642628 0.490385 0.647436 0.490385 0.649038 0.493590 0.649038 0.498397 0.649038 0.500000 0.645833 0.503205
0 0.599359 0.570513 0.596154 0.568910 0.594551 0.565705 0.594551 0.560897 0.596154 0.557692 0.600962 0.556090 0.605769 0.556090 0.607372 0.559295 0.607372 0.564103 0.607372 0.567308 0.604167 0.570513
0 0.532051 0.626603 0.528846 0.625000 0.527244 0.621795 0.525641 0.618590 0.527244 0.615385 0.532051 0.612179 0.538462 0.613782 0.540064 0.616987 0.540064 0.620192 0.538462 0.625000 0.535256 0.626603
0 0.705128 0.524038 0.701923 0.522436 0.697115 0.520833 0.698718 0.516026 0.700321 0.511218 0.705128 0.509615 0.709936 0.511218 0.711538 0.512821 0.711538 0.517628 0.711538 0.520833 0.708333 0.524038
0 0.482372 0.618590 0.479167 0.616987 0.477564 0.613782 0.475962 0.610577 0.477564 0.605769 0.482372 0.604167 0.488782 0.605769 0.490385 0.607372 0.490385 0.612179 0.488782 0.615385 0.485577 0.618590
0 0.503205 0.616987 0.500000 0.615385 0.498397 0.612179 0.498397 0.607372 0.498397 0.605769 0.503205 0.602564 0.508013 0.602564 0.509615 0.605769 0.511218 0.610577 0.509615 0.613782 0.506410 0.616987
0 0.493590 0.597756 0.488782 0.596154 0.487179 0.592949 0.487179 0.588141 0.488782 0.584936 0.493590 0.583333 0.498397 0.584936 0.498397 0.588141 0.498397 0.592949 0.498397 0.596154 0.496795 0.597756
0 0.498397 0.565705 0.496795 0.562500 0.491987 0.560897 0.493590 0.556090 0.495192 0.552885 0.498397 0.551282 0.503205 0.551282 0.504808 0.552885 0.506410 0.557692 0.504808 0.562500 0.501603 0.564103
0 0.658654 0.658654 0.655449 0.657051 0.653846 0.653846 0.653846 0.649038 0.655449 0.645833 0.660256 0.644231 0.665064 0.644231 0.666667 0.647436 0.666667 0.652244 0.665064 0.655449 0.663462 0.658654
0 0.639423 0.666667 0.636218 0.665064 0.634615 0.661859 0.634615 0.657051 0.636218 0.653846 0.641026 0.652244 0.645833 0.652244 0.647436 0.655449 0.647436 0.660256 0.645833 0.663462 0.644231 0.666667
0 0.721154 0.596154 0.717949 0.594551 0.713141 0.592949 0.714744 0.588141 0.716346 0.584936 0.721154 0.581731 0.725962 0.583333 0.727564 0.586538 0.729167 0.589744 0.727564 0.594551 0.724359 0.596154
0 0.740385 0.588141 0.737179 0.586538 0.733974 0.583333 0.733974 0.578526 0.735577 0.575321 0.740385 0.573718 0.745192 0.573718 0.746795 0.576923 0.748397 0.581731 0.746795 0.584936 0.743590 0.588141
0 0.762821 0.552885 0.759615 0.551282 0.758013 0.548077 0.756410 0.544872 0.758013 0.541667 0.762821 0.538462 0.769231 0.538462 0.770833 0.541667 0.770833 0.546474 0.769231 0.549679 0.766026 0.552885
0 0.769231 0.482372 0.766026 0.480769 0.762821 0.477564 0.762821 0.472756 0.764423 0.469551 0.769231 0.467949 0.774038 0.469551 0.775641 0.471154 0.777244 0.475962 0.775641 0.479167 0.772436 0.482372
0 0.719551 0.487179 0.716346 0.485577 0.714744 0.482372 0.714744 0.477564 0.716346 0.474359 0.721154 0.472756 0.725962 0.472756 0.727564 0.475962 0.727564 0.480769 0.725962 0.483974 0.724359 0.487179
0 0.750000 0.508013 0.746795 0.506410 0.745192 0.503205 0.743590 0.500000 0.745192 0.498397 0.751603 0.496795 0.756410 0.496795 0.758013 0.498397 0.758013 0.501603 0.756410 0.504808 0.753205 0.508013
0 0.775641 0.516026 0.770833 0.514423 0.767628 0.512821 0.769231 0.508013 0.770833 0.503205 0.775641 0.501603 0.780449 0.503205 0.782051 0.504808 0.782051 0.509615 0.782051 0.514423 0.778846 0.516026
0 0.801282 0.508013 0.798077 0.506410 0.794872 0.504808 0.796474 0.500000 0.798077 0.496795 0.802885 0.495192 0.807692 0.496795 0.809295 0.498397 0.809295 0.501603 0.807692 0.504808 0.806090 0.508013
0 0.886218 0.528846 0.883013 0.527244 0.879808 0.525641 0.881410 0.520833 0.883013 0.517628 0.887821 0.514423 0.892628 0.516026 0.894231 0.519231 0.894231 0.522436 0.892628 0.527244 0.889423 0.528846
0 0.846154 0.501603 0.842949 0.501603 0.841346 0.500000 0.841346 0.495192 0.842949 0.491987 0.847756 0.488782 0.852564 0.490385 0.854167 0.493590 0.854167 0.498397 0.852564 0.500000 0.849359 0.501603
0 0.887821 0.480769 0.884615 0.479167 0.883013 0.475962 0.883013 0.471154 0.884615 0.467949 0.889423 0.466346 0.894231 0.466346 0.895833 0.469551 0.895833 0.474359 0.894231 0.477564 0.892628 0.480769
0 0.915064 0.512821 0.911859 0.511218 0.907051 0.509615 0.908654 0.504808 0.910256 0.501603 0.913462 0.500000 0.919872 0.500000 0.921474 0.501603 0.921474 0.506410 0.921474 0.511218 0.918269 0.512821
0 0.932692 0.517628 0.929487 0.517628 0.926282 0.514423 0.927885 0.509615 0.929487 0.506410 0.932692 0.503205 0.937500 0.504808 0.939103 0.508013 0.940705 0.511218 0.939103 0.516026 0.935897 0.517628
0 0.825321 0.612179 0.822115 0.610577 0.817308 0.608974 0.818910 0.604167 0.820513 0.600962 0.825321 0.597756 0.830128 0.599359 0.831731 0.602564 0.831731 0.605769 0.831731 0.610577 0.828526 0.612179
0 0.854167 0.623397 0.850962 0.621795 0.849359 0.620192 0.849359 0.615385 0.850962 0.612179 0.855769 0.610577 0.858974 0.610577 0.860577 0.613782 0.860577 0.616987 0.860577 0.620192 0.857372 0.623397
0 0.905449 0.626603 0.902244 0.625000 0.899038 0.623397 0.900641 0.618590 0.902244 0.615385 0.907051 0.612179 0.911859 0.613782 0.913462 0.616987 0.913462 0.620192 0.911859 0.625000 0.910256 0.626603
0 0.934295 0.618590 0.931090 0.618590 0.926282 0.615385 0.927885 0.610577 0.929487 0.607372 0.934295 0.605769 0.939103 0.605769 0.940705 0.608974 0.942308 0.613782 0.940705 0.616987 0.937500 0.618590
0 0.915064 0.592949 0.911859 0.591346 0.910256 0.589744 0.908654 0.586538 0.910256 0.581731 0.915064 0.580128 0.921474 0.581731 0.923077 0.583333 0.923077 0.586538 0.921474 0.589744 0.918269 0.592949
0 0.886218 0.615385 0.883013 0.613782 0.879808 0.612179 0.881410 0.607372 0.883013 0.604167 0.887821 0.600962 0.892628 0.602564 0.892628 0.605769 0.892628 0.608974 0.892628 0.613782 0.889423 0.616987
0 0.971154 0.543269 0.967949 0.541667 0.964744 0.538462 0.964744 0.533654 0.966346 0.530449 0.971154 0.528846 0.974359 0.530449 0.975962 0.532051 0.977564 0.536859 0.975962 0.540064 0.974359 0.543269
0 0.886218 0.684295 0.883013 0.682692 0.879808 0.681090 0.879808 0.676282 0.881410 0.673077 0.886218 0.671474 0.891026 0.671474 0.892628 0.673077 0.892628 0.677885 0.892628 0.681090 0.889423 0.684295
0 0.945513 0.681090 0.942308 0.679487 0.940705 0.676282 0.939103 0.673077 0.940705 0.669872 0.945513 0.666667 0.951923 0.668269 0.953526 0.669872 0.951923 0.676282 0.951923 0.679487 0.948718 0.681090
0 0.947115 0.660256 0.943910 0.658654 0.939103 0.657051 0.940705 0.652244 0.942308 0.649038 0.947115 0.645833 0.951923 0.647436 0.953526 0.650641 0.953526 0.653846 0.953526 0.658654 0.950321 0.660256
0 0.931090 0.669872 0.927885 0.668269 0.923077 0.666667 0.924679 0.661859 0.926282 0.657051 0.931090 0.655449 0.934295 0.658654 0.935897 0.658654 0.937500 0.663462 0.935897 0.668269 0.932692 0.669872
0 0.875000 0.725962 0.871795 0.724359 0.870192 0.721154 0.870192 0.716346 0.871795 0.713141 0.876603 0.711538 0.881410 0.711538 0.883013 0.714744 0.883013 0.719551 0.883013 0.722756 0.879808 0.738782
0 0.875000 0.738782 0.873397 0.735577 0.873397 0.730769 0.875000 0.727564 0.879808 0.725962 0.884615 0.725962 0.886218 0.729167 0.886218 0.732372 0.884615 0.737179 0.883013 0.738782 0.847756 0.738782
0 0.844551 0.737179 0.842949 0.733974 0.841346 0.730769 0.842949 0.727564 0.847756 0.724359 0.854167 0.725962 0.855769 0.729167 0.854167 0.733974 0.852564 0.738782 0.850962 0.738782 0.956731 0.729167
0 0.955128 0.725962 0.953526 0.722756 0.953526 0.717949 0.955128 0.714744 0.959936 0.713141 0.963141 0.714744 0.963141 0.717949 0.964744 0.721154 0.964744 0.724359 0.959936 0.727564 0.971154 0.719551
0 0.967949 0.717949 0.964744 0.716346 0.966346 0.711538 0.967949 0.708333 0.972756 0.705128 0.977564 0.706731 0.979167 0.708333 0.979167 0.713141 0.977564 0.716346 0.975962 0.717949 0.943910 0.737179
0 0.940705 0.735577 0.935897 0.733974 0.937500 0.729167 0.939103 0.725962 0.943910 0.722756 0.948718 0.724359 0.950321 0.727564 0.950321 0.730769 0.950321 0.733974 0.947115 0.735577 0.958333 0.764423
0 0.955128 0.764423 0.953526 0.761218 0.953526 0.756410 0.955128 0.753205 0.959936 0.751603 0.964744 0.753205 0.966346 0.754808 0.964744 0.759615 0.964744 0.761218 0.963141 0.764423 0.831731 0.750000
0 0.828526 0.748397 0.826923 0.745192 0.825321 0.741987 0.826923 0.737179 0.831731 0.735577 0.838141 0.737179 0.839744 0.738782 0.839744 0.743590 0.838141 0.746795 0.834936 0.750000 0.836538 0.714744
0 0.833333 0.713141 0.831731 0.711538 0.831731 0.708333 0.833333 0.705128 0.838141 0.701923 0.842949 0.703526 0.844551 0.705128 0.844551 0.708333 0.842949 0.713141 0.841346 0.714744 0.727564 0.634615
0 0.724359 0.633013 0.722756 0.629808 0.722756 0.625000 0.724359 0.621795 0.729167 0.620192 0.733974 0.620192 0.735577 0.623397 0.735577 0.628205 0.735577 0.631410 0.732372 0.634615 0.669872 0.703526
0 0.666667 0.701923 0.663462 0.698718 0.663462 0.693910 0.665064 0.690705 0.669872 0.689103 0.674679 0.690705 0.676282 0.692308 0.677885 0.697115 0.676282 0.700321 0.673077 0.703526 0.684295 0.719551
0 0.681090 0.717949 0.677885 0.717949 0.679487 0.713141 0.681090 0.708333 0.690705 0.708333 0.692308 0.709936 0.692308 0.713141 0.692308 0.717949 0.689103 0.719551 0.682692 0.676282 0.679487 0.674679
0 0.676282 0.673077 0.677885 0.668269 0.679487 0.663462 0.684295 0.661859 0.689103 0.663462 0.690705 0.665064 0.690705 0.669872 0.690705 0.673077 0.687500 0.676282 0.583333 0.714744 0.580128 0.713141
0 0.576923 0.711538 0.578526 0.706731 0.580128 0.703526 0.584936 0.700321 0.589744 0.701923 0.591346 0.705128 0.591346 0.708333 0.589744 0.713141 0.588141 0.714744 0.554487 0.703526 0.551282 0.703526
0 0.546474 0.700321 0.548077 0.695513 0.549679 0.692308 0.552885 0.692308 0.559295 0.690705 0.560897 0.693910 0.560897 0.698718 0.560897 0.701923 0.557692 0.703526 0.556090 0.722756 0.552885 0.721154
0 0.551282 0.717949 0.551282 0.713141 0.552885 0.709936 0.557692 0.708333 0.562500 0.708333 0.564103 0.711538 0.564103 0.716346 0.562500 0.719551 0.560897 0.722756 0.650641 0.722756 0.647436 0.721154
0 0.645833 0.717949 0.645833 0.713141 0.647436 0.709936 0.652244 0.708333 0.657051 0.708333 0.658654 0.711538 0.658654 0.716346 0.658654 0.719551 0.655449 0.722756 0.658654 0.770833 0.655449 0.769231
0 0.652244 0.767628 0.653846 0.762821 0.655449 0.759615 0.660256 0.756410 0.665064 0.758013 0.666667 0.761218 0.666667 0.764423 0.665064 0.769231 0.663462 0.770833 0.642628 0.762821 0.639423 0.761218
0 0.634615 0.759615 0.636218 0.754808 0.637821 0.750000 0.642628 0.748397 0.649038 0.750000 0.650641 0.751603 0.650641 0.756410 0.649038 0.761218 0.645833 0.762821 0.578526 0.743590 0.575321 0.741987
0 0.570513 0.740385 0.572115 0.735577 0.573718 0.732372 0.578526 0.729167 0.583333 0.730769 0.584936 0.733974 0.586538 0.737179 0.584936 0.741987 0.581731 0.743590 0.511218 0.743590 0.508013 0.741987
0 0.503205 0.740385 0.504808 0.735577 0.506410 0.730769 0.511218 0.729167 0.517628 0.730769 0.519231 0.732372 0.519231 0.737179 0.517628 0.741987 0.514423 0.743590 0.564103 0.607372 0.560897 0.605769
0 0.559295 0.602564 0.559295 0.597756 0.560897 0.594551 0.565705 0.592949 0.570513 0.594551 0.572115 0.596154 0.572115 0.600962 0.570513 0.604167 0.568910 0.607372 0.546474 0.613782 0.543269 0.612179
0 0.540064 0.610577 0.541667 0.605769 0.543269 0.600962 0.548077 0.599359 0.552885 0.600962 0.554487 0.602564 0.554487 0.607372 0.552885 0.612179 0.549679 0.613782 0.448718 0.637821 0.445513 0.636218
0 0.442308 0.633013 0.442308 0.629808 0.443910 0.625000 0.448718 0.623397 0.453526 0.623397 0.455128 0.626603 0.456731 0.631410 0.455128 0.634615 0.451923 0.637821 0.464744 0.568910 0.461538 0.567308
0 0.458333 0.564103 0.458333 0.559295 0.459936 0.556090 0.464744 0.554487 0.469551 0.556090 0.471154 0.557692 0.471154 0.562500 0.471154 0.565705 0.467949 0.568910 0.506410 0.578526 0.503205 0.576923
0 0.500000 0.575321 0.500000 0.570513 0.501603 0.565705 0.506410 0.564103 0.511218 0.565705 0.512821 0.567308 0.512821 0.572115 0.512821 0.576923 0.509615 0.578526 0.416667 0.594551 0.413462 0.592949
0 0.410256 0.591346 0.411859 0.586538 0.413462 0.581731 0.418269 0.580128 0.423077 0.581731 0.424679 0.583333 0.424679 0.588141 0.423077 0.592949 0.421474 0.594551 0.402244 0.613782 0.400641 0.613782
0 0.397436 0.608974 0.397436 0.604167 0.399038 0.600962 0.403846 0.599359 0.408654 0.599359 0.410256 0.602564 0.410256 0.607372 0.408654 0.610577 0.405449 0.613782 0.346154 0.669872 0.342949 0.668269
0 0.339744 0.665064 0.339744 0.660256 0.341346 0.657051 0.346154 0.655449 0.352564 0.655449 0.354167 0.658654 0.354167 0.663462 0.352564 0.666667 0.349359 0.669872 0.357372 0.650641 0.352564 0.650641
0 0.349359 0.647436 0.350962 0.642628 0.352564 0.639423 0.357372 0.637821 0.362179 0.637821 0.363782 0.641026 0.363782 0.645833 0.363782 0.649038 0.360577 0.650641 0.434295 0.701923 0.431090 0.700321
0 0.427885 0.697115 0.427885 0.692308 0.429487 0.689103 0.434295 0.687500 0.439103 0.687500 0.440705 0.690705 0.440705 0.695513 0.440705 0.698718 0.437500 0.701923 0.453526 0.709936 0.450321 0.708333
0 0.447115 0.705128 0.447115 0.700321 0.448718 0.697115 0.453526 0.695513 0.458333 0.695513 0.459936 0.698718 0.461538 0.703526 0.459936 0.706731 0.456731 0.709936 0.437500 0.753205 0.434295 0.751603
0 0.429487 0.750000 0.431090 0.745192 0.432692 0.740385 0.437500 0.738782 0.442308 0.740385 0.443910 0.741987 0.445513 0.746795 0.443910 0.750000 0.440705 0.753205 0.355769 0.608974 0.352564 0.607372
0 0.349359 0.604167 0.349359 0.599359 0.350962 0.596154 0.355769 0.594551 0.360577 0.594551 0.362179 0.597756 0.362179 0.602564 0.362179 0.605769 0.358974 0.608974 0.386218 0.604167 0.383013 0.602564
0 0.379808 0.600962 0.381410 0.596154 0.383013 0.592949 0.387821 0.589744 0.392628 0.591346 0.394231 0.592949 0.394231 0.597756 0.392628 0.602564 0.391026 0.604167 0.371795 0.616987 0.368590 0.615385
0 0.366987 0.612179 0.366987 0.607372 0.368590 0.604167 0.373397 0.602564 0.378205 0.602564 0.379808 0.605769 0.379808 0.610577 0.378205 0.613782 0.376603 0.616987 0.440705 0.653846 0.437500 0.652244
0 0.432692 0.650641 0.434295 0.645833 0.435897 0.642628 0.440705 0.639423 0.445513 0.641026 0.447115 0.644231 0.448718 0.649038 0.447115 0.652244 0.443910 0.653846 0.450321 0.690705 0.447115 0.689103
0 0.442308 0.687500 0.443910 0.682692 0.445513 0.677885 0.450321 0.676282 0.455128 0.677885 0.456731 0.679487 0.458333 0.684295 0.456731 0.689103 0.453526 0.690705 0.427885 0.677885 0.424679 0.676282
0 0.421474 0.673077 0.421474 0.668269 0.423077 0.665064 0.427885 0.663462 0.432692 0.663462 0.434295 0.666667 0.435897 0.671474 0.434295 0.674679 0.431090 0.677885 0.418269 0.559295 0.415064 0.557692
0 0.410256 0.556090 0.411859 0.551282 0.413462 0.548077 0.418269 0.544872 0.424679 0.546474 0.424679 0.549679 0.426282 0.552885 0.424679 0.557692 0.421474 0.559295 0.371795 0.552885 0.368590 0.551282
0 0.366987 0.548077 0.365385 0.544872 0.368590 0.540064 0.371795 0.538462 0.378205 0.540064 0.379808 0.541667 0.378205 0.548077 0.378205 0.549679 0.375000 0.552885 0.511218 0.532051 0.508013 0.530449
0 0.504808 0.528846 0.506410 0.524038 0.508013 0.519231 0.512821 0.517628 0.517628 0.519231 0.519231 0.520833 0.519231 0.525641 0.517628 0.528846 0.514423 0.532051 0.509615 0.504808 0.504808 0.504808
0 0.501603 0.501603 0.501603 0.498397 0.504808 0.493590 0.509615 0.491987 0.516026 0.493590 0.517628 0.495192 0.517628 0.498397 0.516026 0.501603 0.512821 0.504808 0.424679 0.459936 0.421474 0.458333
0 0.418269 0.456731 0.419872 0.451923 0.421474 0.448718 0.426282 0.445513 0.431090 0.447115 0.432692 0.450321 0.432692 0.453526 0.431090 0.458333 0.429487 0.459936 0.375000 0.528846 0.371795 0.527244
0 0.370192 0.524038 0.370192 0.519231 0.371795 0.516026 0.376603 0.514423 0.381410 0.514423 0.383013 0.517628 0.383013 0.522436 0.381410 0.525641 0.379808 0.528846 0.536859 0.503205 0.533654 0.501603
0 0.528846 0.500000 0.530449 0.496795 0.532051 0.491987 0.535256 0.491987 0.541667 0.491987 0.543269 0.493590 0.544872 0.498397 0.543269 0.501603 0.540064 0.503205 0.344551 0.520833 0.341346 0.519231
0 0.338141 0.517628 0.339744 0.512821 0.341346 0.509615 0.346154 0.506410 0.350962 0.508013 0.352564 0.509615 0.352564 0.514423 0.352564 0.519231 0.349359 0.520833 0.306090 0.551282 0.302885 0.549679
0 0.301282 0.546474 0.301282 0.541667 0.302885 0.538462 0.307692 0.536859 0.312500 0.538462 0.314103 0.540064 0.314103 0.544872 0.312500 0.548077 0.310897 0.551282 0.272436 0.560897 0.269231 0.559295
0 0.266026 0.556090 0.266026 0.551282 0.267628 0.548077 0.272436 0.546474 0.278846 0.546474 0.280449 0.549679 0.280449 0.554487 0.278846 0.557692 0.275641 0.560897 0.241987 0.565705 0.240385 0.562500
0 0.237179 0.560897 0.238782 0.556090 0.240385 0.551282 0.243590 0.549679 0.248397 0.551282 0.250000 0.552885 0.250000 0.557692 0.248397 0.560897 0.246795 0.564103 0.214744 0.568910 0.211538 0.567308
0 0.209936 0.564103 0.209936 0.559295 0.211538 0.556090 0.216346 0.554487 0.221154 0.556090 0.222756 0.557692 0.222756 0.562500 0.221154 0.565705 0.219551 0.568910 0.256410 0.644231 0.251603 0.642628
0 0.250000 0.639423 0.250000 0.634615 0.251603 0.631410 0.256410 0.629808 0.259615 0.631410 0.261218 0.634615 0.262821 0.637821 0.262821 0.641026 0.259615 0.644231 0.229167 0.660256 0.225962 0.658654
0 0.224359 0.655449 0.222756 0.652244 0.225962 0.649038 0.229167 0.645833 0.235577 0.647436 0.237179 0.650641 0.237179 0.653846 0.235577 0.658654 0.232372 0.660256 0.250000 0.684295 0.246795 0.682692
0 0.245192 0.679487 0.245192 0.676282 0.246795 0.673077 0.251603 0.671474 0.256410 0.671474 0.258013 0.674679 0.258013 0.679487 0.258013 0.682692 0.254808 0.684295 0.266026 0.681090 0.262821 0.679487
0 0.261218 0.676282 0.261218 0.671474 0.262821 0.668269 0.267628 0.666667 0.272436 0.666667 0.274038 0.669872 0.274038 0.674679 0.272436 0.677885 0.270833 0.681090 0.310897 0.740385 0.307692 0.738782
0 0.304487 0.737179 0.306090 0.732372 0.306090 0.729167 0.309295 0.725962 0.315705 0.727564 0.317308 0.730769 0.317308 0.735577 0.315705 0.738782 0.312500 0.740385 0.346154 0.762821 0.342949 0.761218
0 0.339744 0.758013 0.339744 0.753205 0.341346 0.750000 0.346154 0.748397 0.352564 0.748397 0.354167 0.751603 0.354167 0.756410 0.352564 0.759615 0.349359 0.761218 0.402244 0.700321 0.399038 0.698718
0 0.394231 0.697115 0.395833 0.692308 0.397436 0.689103 0.402244 0.685897 0.408654 0.690705 0.410256 0.693910 0.408654 0.698718 0.405449 0.700321 0.267628 0.766026 0.264423 0.764423 0.262821 0.761218
0 0.262821 0.756410 0.264423 0.753205 0.269231 0.751603 0.274038 0.751603 0.275641 0.754808 0.275641 0.759615 0.274038 0.762821 0.272436 0.766026 0.152244 0.641026 0.147436 0.641026 0.145833 0.637821
0 0.145833 0.634615 0.147436 0.629808 0.152244 0.626603 0.157051 0.628205 0.158654 0.629808 0.158654 0.634615 0.158654 0.639423 0.155449 0.641026 0.108974 0.671474 0.105769 0.669872 0.104167 0.666667
0 0.102564 0.661859 0.104167 0.658654 0.108974 0.657051 0.115385 0.657051 0.116987 0.660256 0.116987 0.665064 0.115385 0.668269 0.112179 0.671474 0.078526 0.626603 0.075321 0.625000 0.072115 0.623397
0 0.073718 0.618590 0.075321 0.613782 0.078526 0.612179 0.083333 0.613782 0.084936 0.615385 0.084936 0.620192 0.083333 0.623397 0.081731 0.626603 0.051282 0.604167 0.048077 0.602564 0.044872 0.599359
0 0.044872 0.594551 0.046474 0.591346 0.049679 0.591346 0.054487 0.589744 0.056090 0.592949 0.057692 0.597756 0.056090 0.600962 0.052885 0.604167 0.044872 0.620192 0.041667 0.620192 0.036859 0.616987
0 0.038462 0.612179 0.040064 0.608974 0.044872 0.605769 0.049679 0.607372 0.051282 0.610577 0.051282 0.615385 0.051282 0.618590 0.048077 0.620192 0.068910 0.610577 0.065705 0.608974 0.064103 0.605769
0 0.064103 0.600962 0.065705 0.597756 0.070513 0.596154 0.075321 0.596154 0.075321 0.600962 0.075321 0.605769 0.075321 0.607372 0.073718 0.610577 0.088141 0.588141 0.084936 0.586538 0.083333 0.583333
0 0.083333 0.578526 0.084936 0.575321 0.089744 0.573718 0.094551 0.573718 0.096154 0.576923 0.096154 0.581731 0.094551 0.584936 0.092949 0.588141 0.035256 0.584936 0.032051 0.583333 0.028846 0.580128
0 0.028846 0.575321 0.030449 0.572115 0.035256 0.570513 0.038462 0.572115 0.041667 0.573718 0.043269 0.578526 0.041667 0.581731 0.038462 0.584936 0.110577 0.633013 0.107372 0.631410 0.104167 0.629808
0 0.105769 0.625000 0.107372 0.621795 0.110577 0.618590 0.115385 0.620192 0.116987 0.623397 0.116987 0.626603 0.115385 0.631410 0.113782 0.633013 0.057692 0.711538 0.054487 0.711538 0.052885 0.708333
0 0.054487 0.705128 0.054487 0.700321 0.057692 0.698718 0.062500 0.700321 0.064103 0.703526 0.065705 0.705128 0.064103 0.709936 0.062500 0.711538 0.043269 0.714744 0.040064 0.713141 0.038462 0.709936
0 0.038462 0.705128 0.040064 0.701923 0.043269 0.700321 0.049679 0.700321 0.051282 0.703526 0.051282 0.708333 0.049679 0.711538 0.046474 0.714744 0.022436 0.724359 0.019231 0.724359 0.016026 0.721154
0 0.017628 0.716346 0.017628 0.714744 0.022436 0.711538 0.027244 0.713141 0.028846 0.716346 0.030449 0.719551 0.028846 0.722756 0.025641 0.724359 0.145833 0.693910 0.142628 0.692308 0.141026 0.689103
0 0.139423 0.684295 0.141026 0.681090 0.145833 0.679487 0.152244 0.679487 0.153846 0.682692 0.153846 0.687500 0.152244 0.690705 0.149038 0.693910 0.125000 0.750000 0.121795 0.748397 0.118590 0.745192
0 0.118590 0.740385 0.120192 0.737179 0.125000 0.737179 0.129808 0.737179 0.131410 0.740385 0.131410 0.745192 0.131410 0.746795 0.128205 0.750000 0.142628 0.756410 0.137821 0.754808 0.136218 0.753205
0 0.136218 0.748397 0.137821 0.746795 0.142628 0.743590 0.147436 0.745192 0.149038 0.748397 0.149038 0.753205 0.147436 0.756410 0.145833 0.756410 0.123397 0.591346 0.120192 0.591346 0.115385 0.588141
0 0.116987 0.583333 0.118590 0.580128 0.123397 0.578526 0.129808 0.578526 0.131410 0.581731 0.131410 0.586538 0.129808 0.589744 0.126603 0.591346 0.025641 0.530449 0.022436 0.530449 0.022436 0.525641
0 0.020833 0.520833 0.022436 0.517628 0.025641 0.516026 0.032051 0.516026 0.033654 0.519231 0.033654 0.524038 0.032051 0.527244 0.028846 0.530449 0.072115 0.511218 0.068910 0.509615 0.065705 0.508013
0 0.067308 0.503205 0.067308 0.501603 0.072115 0.498397 0.075321 0.500000 0.078526 0.501603 0.080128 0.504808 0.078526 0.509615 0.075321 0.511218 0.128205 0.490385 0.125000 0.488782 0.121795 0.485577
0 0.121795 0.480769 0.123397 0.477564 0.128205 0.475962 0.131410 0.475962 0.133013 0.479167 0.134615 0.483974 0.133013 0.487179 0.129808 0.491987 0.051282 0.508013 0.048077 0.506410 0.044872 0.503205
0 0.044872 0.500000 0.046474 0.496795 0.051282 0.495192 0.057692 0.495192 0.059295 0.498397 0.059295 0.501603 0.057692 0.504808 0.054487 0.508013 0.019231 0.551282 0.016026 0.549679 0.012821 0.546474
0 0.012821 0.541667 0.014423 0.538462 0.019231 0.536859 0.024038 0.536859 0.025641 0.540064 0.025641 0.544872 0.024038 0.548077 0.022436 0.551282 0.176282 0.495192 0.173077 0.495192 0.171474 0.490385
0 0.171474 0.485577 0.173077 0.482372 0.176282 0.480769 0.181090 0.482372 0.182692 0.483974 0.182692 0.488782 0.182692 0.491987 0.179487 0.495192 0.213141 0.429487 0.209936 0.427885 0.206731 0.424679
0 0.206731 0.419872 0.208333 0.416667 0.213141 0.415064 0.217949 0.415064 0.219551 0.418269 0.219551 0.423077 0.219551 0.426282 0.216346 0.429487 0.245192 0.397436 0.241987 0.395833 0.238782 0.394231
0 0.240385 0.389423 0.241987 0.384615 0.246795 0.383013 0.251603 0.384615 0.253205 0.386218 0.253205 0.391026 0.251603 0.394231 0.250000 0.397436 0.294872 0.391026 0.291667 0.389423 0.286859 0.387821
0 0.288462 0.383013 0.290064 0.378205 0.294872 0.376603 0.299679 0.378205 0.301282 0.379808 0.301282 0.384615 0.301282 0.389423 0.298077 0.391026 0.091346 0.392628 0.088141 0.391026 0.086538 0.387821
0 0.086538 0.383013 0.088141 0.379808 0.092949 0.378205 0.097756 0.378205 0.099359 0.381410 0.099359 0.386218 0.097756 0.389423 0.096154 0.392628 0.100962 0.440705 0.097756 0.440705 0.096154 0.435897
0 0.096154 0.431090 0.097756 0.427885 0.100962 0.426282 0.105769 0.426282 0.107372 0.429487 0.108974 0.434295 0.107372 0.437500 0.104167 0.439103 0.025641 0.394231 0.022436 0.392628 0.020833 0.389423
0 0.019231 0.384615 0.020833 0.381410 0.025641 0.379808 0.032051 0.379808 0.032051 0.384615 0.032051 0.387821 0.030449 0.392628 0.028846 0.394231 0.048077 0.336538 0.044872 0.334936 0.043269 0.331731
0 0.043269 0.328526 0.044872 0.325321 0.049679 0.322115 0.054487 0.322115 0.056090 0.325321 0.056090 0.330128 0.056090 0.333333 0.052885 0.336538 0.219551 0.309295 0.216346 0.307692 0.213141 0.306090
0 0.214744 0.299679 0.216346 0.296474 0.219551 0.294872 0.224359 0.294872 0.225962 0.298077 0.227564 0.302885 0.225962 0.306090 0.222756 0.309295 0.163462 0.334936 0.160256 0.333333 0.158654 0.330128
0 0.158654 0.326923 0.160256 0.323718 0.163462 0.320513 0.169872 0.322115 0.171474 0.323718 0.171474 0.328526 0.169872 0.331731 0.166667 0.334936 0.179487 0.346154 0.176282 0.344551 0.173077 0.341346
0 0.173077 0.336538 0.174679 0.333333 0.179487 0.331731 0.184295 0.333333 0.185897 0.334936 0.187500 0.339744 0.185897 0.342949 0.182692 0.346154 0.022436 0.323718 0.020833 0.322115 0.016026 0.320513
0 0.017628 0.315705 0.019231 0.312500 0.024038 0.309295 0.027244 0.312500 0.028846 0.314103 0.030449 0.318910 0.028846 0.320513 0.025641 0.322115 0.036859 0.312500 0.033654 0.310897 0.032051 0.307692
0 0.032051 0.302885 0.033654 0.301282 0.038462 0.298077 0.043269 0.299679 0.044872 0.301282 0.044872 0.306090 0.043269 0.309295 0.041667 0.312500 0.129808 0.293269 0.126603 0.291667 0.121795 0.290064
0 0.123397 0.285256 0.125000 0.282051 0.129808 0.278846 0.134615 0.280449 0.136218 0.283654 0.136218 0.286859 0.134615 0.291667 0.131410 0.294872 0.160256 0.253205 0.157051 0.251603 0.155449 0.248397
0 0.155449 0.243590 0.157051 0.240385 0.160256 0.238782 0.166667 0.240385 0.168269 0.241987 0.168269 0.246795 0.166667 0.250000 0.163462 0.253205 0.201923 0.248397 0.198718 0.248397 0.193910 0.245192
0 0.195513 0.240385 0.197115 0.237179 0.201923 0.233974 0.208333 0.235577 0.208333 0.238782 0.209936 0.243590 0.208333 0.246795 0.205128 0.248397 0.163462 0.235577 0.158654 0.233974 0.157051 0.232372
0 0.158654 0.225962 0.160256 0.222756 0.163462 0.221154 0.168269 0.222756 0.169872 0.224359 0.169872 0.229167 0.168269 0.232372 0.166667 0.233974 0.044872 0.267628 0.043269 0.266026 0.040064 0.264423
0 0.041667 0.259615 0.043269 0.254808 0.046474 0.254808 0.051282 0.254808 0.052885 0.256410 0.054487 0.261218 0.052885 0.264423 0.049679 0.266026 0.254808 0.253205 0.251603 0.251603 0.248397 0.248397
0 0.248397 0.243590 0.250000 0.240385 0.254808 0.238782 0.259615 0.238782 0.261218 0.241987 0.262821 0.246795 0.261218 0.250000 0.258013 0.253205 0.291667 0.320513 0.288462 0.318910 0.286859 0.315705
0 0.286859 0.310897 0.288462 0.307692 0.293269 0.306090 0.298077 0.307692 0.299679 0.309295 0.299679 0.314103 0.298077 0.317308 0.294872 0.320513 0.318910 0.334936 0.315705 0.333333 0.310897 0.331731
0 0.312500 0.326923 0.314103 0.323718 0.318910 0.322115 0.325321 0.322115 0.325321 0.325321 0.326923 0.328526 0.325321 0.333333 0.322115 0.334936 0.314103 0.310897 0.310897 0.310897 0.307692 0.307692
0 0.309295 0.302885 0.310897 0.299679 0.315705 0.298077 0.320513 0.298077 0.322115 0.301282 0.322115 0.306090 0.320513 0.309295 0.318910 0.310897 0.163462 0.310897 0.161859 0.307692 0.158654 0.306090
0 0.160256 0.301282 0.161859 0.298077 0.166667 0.296474 0.169872 0.296474 0.171474 0.299679 0.171474 0.302885 0.171474 0.307692 0.168269 0.309295 0.358974 0.307692 0.355769 0.307692 0.350962 0.304487
0 0.352564 0.299679 0.354167 0.296474 0.358974 0.294872 0.363782 0.294872 0.365385 0.298077 0.365385 0.302885 0.365385 0.306090 0.362179 0.307692 0.355769 0.334936 0.352564 0.333333 0.349359 0.330128
0 0.349359 0.325321 0.350962 0.322115 0.355769 0.320513 0.360577 0.322115 0.362179 0.323718 0.363782 0.328526 0.362179 0.331731 0.358974 0.334936 0.341346 0.342949 0.338141 0.341346 0.334936 0.338141
0 0.334936 0.333333 0.336538 0.330128 0.341346 0.328526 0.346154 0.330128 0.347756 0.331731 0.347756 0.336538 0.347756 0.339744 0.344551 0.342949 0.333333 0.291667 0.330128 0.290064 0.328526 0.286859
0 0.326923 0.282051 0.326923 0.280449 0.333333 0.277244 0.339744 0.277244 0.341346 0.280449 0.341346 0.285256 0.339744 0.288462 0.336538 0.291667 0.373397 0.360577 0.370192 0.358974 0.368590 0.355769
0 0.366987 0.352564 0.368590 0.347756 0.373397 0.347756 0.379808 0.347756 0.381410 0.349359 0.381410 0.354167 0.379808 0.358974 0.376603 0.360577 0.072115 0.267628 0.068910 0.266026 0.065705 0.262821
0 0.065705 0.258013 0.067308 0.254808 0.072115 0.253205 0.076923 0.253205 0.078526 0.256410 0.078526 0.261218 0.078526 0.264423 0.075321 0.267628 0.408654 0.339744 0.405449 0.338141 0.402244 0.334936
0 0.402244 0.330128 0.403846 0.326923 0.408654 0.325321 0.415064 0.326923 0.416667 0.328526 0.416667 0.333333 0.415064 0.336538 0.411859 0.339744 0.439103 0.312500 0.435897 0.312500 0.432692 0.309295
0 0.434295 0.304487 0.435897 0.301282 0.440705 0.299679 0.445513 0.299679 0.447115 0.302885 0.447115 0.307692 0.445513 0.310897 0.443910 0.312500 0.451923 0.344551 0.448718 0.342949 0.447115 0.339744
0 0.447115 0.334936 0.448718 0.331731 0.453526 0.330128 0.458333 0.330128 0.459936 0.333333 0.459936 0.338141 0.459936 0.341346 0.456731 0.344551 0.408654 0.363782 0.405449 0.362179 0.402244 0.360577
0 0.403846 0.355769 0.405449 0.352564 0.410256 0.350962 0.415064 0.350962 0.416667 0.352564 0.416667 0.357372 0.416667 0.362179 0.413462 0.363782 0.339744 0.439103 0.336538 0.437500 0.333333 0.435897
0 0.334936 0.431090 0.336538 0.426282 0.341346 0.426282 0.346154 0.426282 0.347756 0.427885 0.347756 0.432692 0.346154 0.437500 0.344551 0.439103 0.568910 0.363782 0.565705 0.362179 0.562500 0.360577
0 0.564103 0.355769 0.565705 0.352564 0.570513 0.350962 0.575321 0.350962 0.576923 0.354167 0.576923 0.357372 0.575321 0.362179 0.573718 0.363782 0.370192 0.250000 0.366987 0.248397 0.365385 0.245192
0 0.363782 0.241987 0.365385 0.237179 0.370192 0.237179 0.376603 0.237179 0.378205 0.238782 0.378205 0.243590 0.376603 0.248397 0.373397 0.250000 0.546474 0.253205 0.543269 0.251603 0.540064 0.248397
0 0.540064 0.243590 0.541667 0.240385 0.546474 0.240385 0.551282 0.240385 0.552885 0.241987 0.554487 0.246795 0.552885 0.250000 0.549679 0.253205 0.512821 0.325321 0.509615 0.323718 0.506410 0.320513
0 0.506410 0.315705 0.508013 0.312500 0.512821 0.310897 0.517628 0.312500 0.519231 0.314103 0.520833 0.318910 0.519231 0.322115 0.516026 0.325321 0.599359 0.339744 0.596154 0.338141 0.594551 0.334936
0 0.594551 0.330128 0.596154 0.326923 0.600962 0.325321 0.605769 0.325321 0.607372 0.328526 0.607372 0.333333 0.605769 0.336538 0.602564 0.338141 0.559295 0.349359 0.556090 0.347756 0.552885 0.344551
0 0.552885 0.339744 0.554487 0.336538 0.559295 0.334936 0.564103 0.336538 0.565705 0.338141 0.565705 0.342949 0.565705 0.346154 0.562500 0.349359 0.564103 0.381410 0.560897 0.379808 0.557692 0.378205
0 0.559295 0.373397 0.560897 0.370192 0.565705 0.368590 0.570513 0.368590 0.572115 0.371795 0.572115 0.375000 0.570513 0.379808 0.568910 0.381410 0.500000 0.427885 0.498397 0.426282 0.495192 0.423077
0 0.495192 0.418269 0.496795 0.415064 0.500000 0.413462 0.504808 0.415064 0.506410 0.416667 0.508013 0.421474 0.506410 0.424679 0.503205 0.427885 0.596154 0.314103 0.592949 0.312500 0.589744 0.309295
0 0.589744 0.304487 0.591346 0.301282 0.596154 0.299679 0.602564 0.301282 0.604167 0.302885 0.604167 0.307692 0.602564 0.310897 0.599359 0.314103 0.381410 0.439103 0.378205 0.437500 0.375000 0.435897
0 0.376603 0.431090 0.378205 0.427885 0.383013 0.426282 0.387821 0.426282 0.389423 0.429487 0.389423 0.432692 0.387821 0.437500 0.384615 0.439103 0.615385 0.280449 0.612179 0.278846 0.610577 0.275641
0 0.610577 0.270833 0.612179 0.267628 0.615385 0.267628 0.621795 0.266026 0.623397 0.269231 0.623397 0.274038 0.621795 0.277244 0.618590 0.280449 0.633013 0.275641 0.628205 0.274038 0.626603 0.270833
0 0.626603 0.266026 0.628205 0.262821 0.631410 0.262821 0.636218 0.264423 0.639423 0.264423 0.639423 0.269231 0.639423 0.272436 0.636218 0.275641 0.599359 0.245192 0.596154 0.245192 0.592949 0.241987
0 0.594551 0.237179 0.596154 0.233974 0.600962 0.232372 0.605769 0.232372 0.607372 0.235577 0.607372 0.240385 0.605769 0.243590 0.602564 0.245192 0.592949 0.259615 0.589744 0.258013 0.588141 0.254808
0 0.588141 0.250000 0.588141 0.248397 0.594551 0.246795 0.599359 0.248397 0.600962 0.250000 0.600962 0.253205 0.599359 0.256410 0.596154 0.259615 0.573718 0.232372 0.570513 0.230769 0.568910 0.227564
0 0.568910 0.222756 0.570513 0.219551 0.575321 0.217949 0.580128 0.217949 0.581731 0.221154 0.581731 0.225962 0.580128 0.229167 0.578526 0.232372 0.536859 0.237179 0.533654 0.235577 0.530449 0.232372
0 0.530449 0.227564 0.532051 0.224359 0.536859 0.222756 0.541667 0.222756 0.543269 0.225962 0.543269 0.230769 0.543269 0.233974 0.540064 0.237179 0.645833 0.315705 0.642628 0.314103 0.639423 0.312500
0 0.641026 0.307692 0.642628 0.304487 0.647436 0.302885 0.652244 0.302885 0.653846 0.306090 0.653846 0.309295 0.652244 0.314103 0.650641 0.315705 0.665064 0.368590 0.661859 0.366987 0.658654 0.365385
0 0.660256 0.360577 0.661859 0.357372 0.666667 0.355769 0.671474 0.355769 0.673077 0.358974 0.673077 0.362179 0.671474 0.366987 0.669872 0.368590 0.645833 0.290064 0.641026 0.288462 0.637821 0.286859
0 0.639423 0.282051 0.641026 0.278846 0.645833 0.275641 0.650641 0.277244 0.652244 0.280449 0.652244 0.283654 0.652244 0.288462 0.649038 0.290064 0.681090 0.267628 0.677885 0.266026 0.673077 0.264423
0 0.674679 0.259615 0.676282 0.254808 0.681090 0.253205 0.685897 0.254808 0.687500 0.256410 0.687500 0.262821 0.687500 0.266026 0.684295 0.267628 0.697115 0.272436 0.693910 0.270833 0.692308 0.267628
0 0.692308 0.262821 0.693910 0.259615 0.697115 0.259615 0.703526 0.259615 0.705128 0.261218 0.705128 0.266026 0.703526 0.269231 0.700321 0.272436 0.719551 0.336538 0.714744 0.336538 0.711538 0.333333
0 0.713141 0.328526 0.714744 0.325321 0.719551 0.322115 0.722756 0.323718 0.724359 0.326923 0.724359 0.331731 0.724359 0.336538 0.722756 0.336538 0.677885 0.344551 0.674679 0.342949 0.671474 0.341346
0 0.673077 0.336538 0.674679 0.331731 0.679487 0.330128 0.684295 0.331731 0.685897 0.333333 0.685897 0.338141 0.684295 0.342949 0.681090 0.344551 0.714744 0.354167 0.711538 0.352564 0.709936 0.349359
0 0.709936 0.344551 0.711538 0.341346 0.716346 0.339744 0.721154 0.339744 0.722756 0.342949 0.722756 0.347756 0.722756 0.350962 0.719551 0.354167 0.774038 0.262821 0.770833 0.262821 0.769231 0.259615
0 0.769231 0.254808 0.770833 0.251603 0.775641 0.251603 0.780449 0.251603 0.782051 0.254808 0.782051 0.258013 0.780449 0.261218 0.777244 0.262821 0.738782 0.280449 0.735577 0.278846 0.733974 0.275641
0 0.733974 0.270833 0.735577 0.267628 0.740385 0.266026 0.745192 0.267628 0.746795 0.269231 0.746795 0.274038 0.745192 0.277244 0.743590 0.280449 0.889423 0.299679 0.886218 0.298077 0.883013 0.296474
0 0.884615 0.291667 0.886218 0.286859 0.891026 0.285256 0.894231 0.286859 0.895833 0.288462 0.895833 0.294872 0.895833 0.296474 0.894231 0.299679 0.891026 0.334936 0.887821 0.333333 0.884615 0.331731
0 0.886218 0.326923 0.886218 0.323718 0.892628 0.322115 0.897436 0.323718 0.899038 0.325321 0.897436 0.330128 0.899038 0.333333 0.895833 0.334936 0.926282 0.301282 0.923077 0.301282 0.921474 0.296474
0 0.921474 0.291667 0.921474 0.290064 0.926282 0.288462 0.931090 0.288462 0.932692 0.291667 0.931090 0.296474 0.932692 0.298077 0.929487 0.301282 0.923077 0.256410 0.918269 0.254808 0.915064 0.253205
0 0.916667 0.248397 0.918269 0.245192 0.923077 0.243590 0.927885 0.245192 0.929487 0.248397 0.927885 0.251603 0.929487 0.254808 0.926282 0.256410 0.964744 0.347756 0.961538 0.346154 0.959936 0.342949
0 0.959936 0.338141 0.961538 0.334936 0.966346 0.333333 0.971154 0.333333 0.972756 0.336538 0.972756 0.341346 0.971154 0.344551 0.969551 0.347756 0.967949 0.238782 0.964744 0.238782 0.963141 0.235577
0 0.963141 0.230769 0.964744 0.225962 0.969551 0.224359 0.974359 0.225962 0.975962 0.227564 0.975962 0.232372 0.975962 0.235577 0.972756 0.238782 0.918269 0.347756 0.915064 0.346154 0.911859 0.342949
0 0.911859 0.338141 0.913462 0.336538 0.918269 0.334936 0.924679 0.334936 0.926282 0.338141 0.926282 0.342949 0.923077 0.346154 0.921474 0.347756 0.947115 0.400641 0.943910 0.399038 0.942308 0.395833
0 0.942308 0.391026 0.943910 0.387821 0.947115 0.386218 0.951923 0.386218 0.953526 0.389423 0.953526 0.394231 0.951923 0.397436 0.950321 0.400641 0.897436 0.447115 0.894231 0.445513 0.892628 0.442308
0 0.892628 0.437500 0.894231 0.434295 0.897436 0.434295 0.902244 0.432692 0.903846 0.435897 0.903846 0.440705 0.902244 0.443910 0.899038 0.448718 0.830128 0.368590 0.826923 0.366987 0.823718 0.363782
0 0.825321 0.358974 0.826923 0.355769 0.831731 0.354167 0.836538 0.355769 0.838141 0.357372 0.838141 0.362179 0.838141 0.365385 0.833333 0.368590 0.979167 0.451923 0.975962 0.450321 0.974359 0.448718
0 0.974359 0.443910 0.975962 0.439103 0.980769 0.437500 0.985577 0.439103 0.985577 0.450321 0.982372 0.451923 0.959936 0.411859 0.956731 0.410256 0.953526 0.407051 0.953526 0.402244 0.955128 0.399038
0 0.959936 0.397436 0.964744 0.399038 0.966346 0.400641 0.966346 0.405449 0.966346 0.408654 0.963141 0.411859 0.972756 0.386218 0.969551 0.384615 0.966346 0.383013 0.966346 0.378205 0.967949 0.375000
0 0.972756 0.373397 0.975962 0.375000 0.979167 0.376603 0.979167 0.379808 0.979167 0.384615 0.975962 0.386218 0.958333 0.463141 0.955128 0.461538 0.951923 0.459936 0.951923 0.456731 0.953526 0.450321
0 0.958333 0.448718 0.963141 0.450321 0.964744 0.451923 0.964744 0.456731 0.964744 0.461538 0.961538 0.463141 0.758013 0.325321 0.754808 0.323718 0.751603 0.320513 0.751603 0.317308 0.753205 0.314103
0 0.758013 0.312500 0.762821 0.314103 0.764423 0.315705 0.764423 0.320513 0.764423 0.323718 0.761218 0.325321 0.586538 0.326923 0.583333 0.325321 0.580128 0.323718 0.581731 0.318910 0.583333 0.315705
0 0.588141 0.312500 0.592949 0.314103 0.594551 0.317308 0.594551 0.320513 0.592949 0.325321 0.591346 0.326923 0.508013 0.471154 0.503205 0.469551 0.500000 0.467949 0.501603 0.463141 0.503205 0.458333
0 0.508013 0.456731 0.512821 0.458333 0.514423 0.459936 0.514423 0.464744 0.514423 0.469551 0.511218 0.471154 0.471154 0.488782 0.467949 0.487179 0.463141 0.485577 0.464744 0.480769 0.466346 0.477564
0 0.474359 0.477564 0.475962 0.479167 0.477564 0.483974 0.477564 0.487179 0.474359 0.488782 0.636218 0.479167 0.633013 0.477564 0.628205 0.475962 0.629808 0.471154 0.631410 0.466346
0 0.636218 0.464744 0.641026 0.466346 0.642628 0.467949 0.642628 0.472756 0.642628 0.475962 0.639423 0.479167 0.674679 0.511218 0.671474 0.509615 0.668269 0.506410 0.668269 0.501603 0.668269 0.500000
0 0.674679 0.498397 0.677885 0.500000 0.681090 0.500000 0.681090 0.504808 0.681090 0.508013 0.677885 0.511218 0.735577 0.568910 0.730769 0.567308 0.727564 0.562500 0.727564 0.557692 0.729167 0.554487
0 0.732372 0.551282 0.738782 0.551282 0.743590 0.554487 0.745192 0.557692 0.745192 0.562500 0.741987 0.565705 0.738782 0.567308 0.756410 0.610577 0.751603 0.608974 0.746795 0.605769 0.748397 0.600962 0.750000 0.596154
0 0.753205 0.594551 0.759615 0.592949 0.764423 0.596154 0.766026 0.599359 0.766026 0.604167 0.764423 0.608974 0.759615 0.610577 0.777244 0.642628 0.772436 0.641026 0.767628 0.637821 0.769231 0.633013 0.770833 0.628205
0 0.774038 0.626603 0.780449 0.625000 0.785256 0.628205 0.786859 0.631410 0.786859 0.636218 0.783654 0.641026 0.780449 0.642628 0.657051 0.559295 0.653846 0.557692 0.649038 0.554487 0.650641 0.549679 0.652244 0.544872
0 0.655449 0.543269 0.660256 0.541667 0.665064 0.544872 0.666667 0.548077 0.666667 0.552885 0.665064 0.557692 0.661859 0.559295 0.804487 0.562500 0.801282 0.560897 0.798077 0.557692 0.798077 0.552885 0.799679 0.548077
0 0.802885 0.546474 0.809295 0.546474 0.812500 0.548077 0.815705 0.551282 0.815705 0.556090 0.812500 0.560897 0.809295 0.562500 0.809295 0.528846 0.806090 0.527244 0.801282 0.524038 0.802885 0.519231 0.804487 0.514423
0 0.807692 0.512821 0.812500 0.511218 0.817308 0.514423 0.818910 0.517628 0.818910 0.522436 0.817308 0.527244 0.814103 0.528846 0.828526 0.517628 0.823718 0.517628 0.820513 0.512821 0.822115 0.508013 0.823718 0.503205
0 0.826923 0.501603 0.831731 0.500000 0.836538 0.503205 0.838141 0.506410 0.831731 0.517628 0.828526 0.488782 0.823718 0.488782 0.822115 0.482372 0.822115 0.477564 0.823718 0.474359 0.825321 0.471154 0.831731 0.471154
0 0.836538 0.474359 0.838141 0.477564 0.838141 0.482372 0.834936 0.485577 0.831731 0.488782 0.870192 0.541667 0.866987 0.541667 0.865385 0.536859 0.865385 0.532051 0.866987 0.528846 0.868590 0.525641 0.873397 0.525641
0 0.878205 0.528846 0.881410 0.532051 0.881410 0.536859 0.878205 0.540064 0.875000 0.541667 0.866987 0.597756 0.863782 0.597756 0.860577 0.592949 0.860577 0.589744 0.862179 0.584936 0.865385 0.581731 0.870192 0.581731
0 0.875000 0.584936 0.876603 0.588141 0.876603 0.592949 0.875000 0.596154 0.871795 0.597756 0.900641 0.576923 0.897436 0.575321 0.895833 0.570513 0.895833 0.565705 0.897436 0.562500 0.899038 0.560897 0.905449 0.559295
0 0.908654 0.562500 0.911859 0.565705 0.911859 0.570513 0.908654 0.573718 0.905449 0.576923 0.940705 0.554487 0.935897 0.552885 0.932692 0.549679 0.932692 0.544872 0.934295 0.541667 0.937500 0.538462 0.943910 0.538462
0 0.947115 0.541667 0.950321 0.543269 0.950321 0.548077 0.947115 0.552885 0.943910 0.554487 0.950321 0.538462 0.947115 0.536859 0.943910 0.532051 0.943910 0.527244 0.945513 0.524038 0.948718 0.522436 0.953526 0.520833
0 0.956731 0.524038 0.959936 0.527244 0.959936 0.532051 0.956731 0.536859 0.953526 0.540064 0.956731 0.581731 0.951923 0.581731 0.948718 0.578526 0.950321 0.573718 0.950321 0.572115 0.953526 0.567308 0.959936 0.567308
0 0.963141 0.570513 0.966346 0.572115 0.966346 0.576923 0.963141 0.580128 0.959936 0.581731 0.972756 0.568910 0.971154 0.568910 0.967949 0.565705 0.967949 0.560897 0.969551 0.557692 0.972756 0.554487 0.975962 0.554487
0 0.980769 0.557692 0.982372 0.560897 0.982372 0.564103 0.980769 0.567308 0.977564 0.568910 0.956731 0.503205 0.953526 0.501603 0.950321 0.500000 0.950321 0.495192 0.951923 0.490385 0.955128 0.488782 0.959936 0.488782
0 0.964744 0.490385 0.966346 0.493590 0.966346 0.498397 0.964744 0.501603 0.961538 0.503205 0.844551 0.525641 0.839744 0.524038 0.834936 0.520833 0.836538 0.516026 0.838141 0.511218 0.841346 0.509615 0.847756 0.508013
0 0.850962 0.511218 0.854167 0.514423 0.854167 0.519231 0.850962 0.524038 0.847756 0.525641 0.919872 0.490385 0.916667 0.488782 0.913462 0.483974 0.913462 0.479167 0.915064 0.475962 0.918269 0.472756 0.924679 0.472756
0 0.927885 0.475962 0.929487 0.480769 0.929487 0.485577 0.927885 0.487179 0.924679 0.488782 0.841346 0.575321 0.838141 0.573718 0.834936 0.570513 0.834936 0.565705 0.836538 0.560897 0.839744 0.559295 0.844551 0.557692
0 0.849359 0.560897 0.852564 0.564103 0.852564 0.568910 0.849359 0.573718 0.846154 0.575321 0.846154 0.650641 0.841346 0.649038 0.836538 0.645833 0.838141 0.641026 0.839744 0.636218 0.842949 0.634615 0.849359 0.633013
0 0.850962 0.636218 0.854167 0.639423 0.854167 0.644231 0.850962 0.649038 0.847756 0.650641 0.948718 0.700321 0.945513 0.698718 0.943910 0.695513 0.942308 0.692308 0.943910 0.687500 0.948718 0.685897 0.951923 0.685897
0 0.956731 0.687500 0.958333 0.689103 0.958333 0.693910 0.956731 0.698718 0.953526 0.700321 0.876603 0.764423 0.873397 0.762821 0.870192 0.758013 0.870192 0.753205 0.871795 0.750000 0.875000 0.746795 0.879808 0.748397
0 0.883013 0.750000 0.886218 0.753205 0.886218 0.758013 0.883013 0.762821 0.879808 0.764423 0.708333 0.733974 0.703526 0.732372 0.701923 0.727564 0.700321 0.722756 0.701923 0.719551 0.706731 0.716346 0.711538 0.716346
0 0.716346 0.719551 0.717949 0.722756 0.717949 0.727564 0.716346 0.730769 0.713141 0.733974 0.692308 0.767628 0.687500 0.766026 0.685897 0.762821 0.684295 0.758013 0.687500 0.753205 0.690705 0.751603 0.695513 0.751603
0 0.700321 0.753205 0.701923 0.756410 0.701923 0.761218 0.700321 0.766026 0.697115 0.767628 0.644231 0.634615 0.639423 0.633013 0.637821 0.629808 0.636218 0.625000 0.639423 0.620192 0.642628 0.618590 0.647436 0.618590
0 0.652244 0.620192 0.653846 0.623397 0.653846 0.628205 0.652244 0.633013 0.649038 0.634615 0.641026 0.743590 0.636218 0.741987 0.634615 0.738782 0.633013 0.735577 0.636218 0.732372 0.639423 0.729167 0.644231 0.729167
0 0.649038 0.730769 0.650641 0.732372 0.650641 0.737179 0.649038 0.741987 0.645833 0.743590 0.594551 0.730769 0.589744 0.729167 0.584936 0.725962 0.586538 0.721154 0.588141 0.716346 0.591346 0.714744 0.597756 0.713141
0 0.602564 0.716346 0.604167 0.719551 0.604167 0.724359 0.600962 0.729167 0.597756 0.730769 0.522436 0.589744 0.517628 0.588141 0.516026 0.584936 0.514423 0.580128 0.516026 0.575321 0.520833 0.573718 0.525641 0.572115
0 0.530449 0.575321 0.532051 0.578526 0.532051 0.583333 0.530449 0.588141 0.527244 0.589744 0.467949 0.673077 0.463141 0.671474 0.459936 0.668269 0.459936 0.663462 0.461538 0.658654 0.464744 0.657051 0.471154 0.657051
0 0.475962 0.658654 0.477564 0.661859 0.477564 0.666667 0.474359 0.671474 0.471154 0.673077 0.496795 0.665064 0.491987 0.663462 0.488782 0.660256 0.488782 0.655449 0.490385 0.652244 0.493590 0.649038 0.498397 0.650641
0 0.501603 0.650641 0.504808 0.653846 0.504808 0.658654 0.501603 0.663462 0.498397 0.666667 0.411859 0.689103 0.407051 0.687500 0.405449 0.684295 0.403846 0.679487 0.405449 0.674679 0.410256 0.673077 0.415064 0.673077
0 0.419872 0.674679 0.421474 0.677885 0.421474 0.682692 0.419872 0.687500 0.416667 0.689103 0.341346 0.714744 0.336538 0.713141 0.333333 0.709936 0.333333 0.705128 0.334936 0.701923 0.338141 0.698718 0.344551 0.698718
0 0.347756 0.700321 0.350962 0.703526 0.350962 0.708333 0.347756 0.713141 0.344551 0.714744 0.389423 0.625000 0.384615 0.623397 0.381410 0.620192 0.381410 0.615385 0.383013 0.610577 0.386218 0.608974 0.392628 0.607372
0 0.397436 0.610577 0.399038 0.613782 0.399038 0.618590 0.395833 0.623397 0.392628 0.625000 0.450321 0.594551 0.447115 0.592949 0.443910 0.589744 0.443910 0.584936 0.445513 0.580128 0.448718 0.578526 0.453526 0.578526
0 0.458333 0.580128 0.459936 0.583333 0.459936 0.588141 0.458333 0.592949 0.455128 0.594551 0.375000 0.711538 0.371795 0.709936 0.368590 0.705128 0.366987 0.701923 0.370192 0.697115 0.373397 0.695513 0.378205 0.693910
0 0.383013 0.697115 0.384615 0.700321 0.384615 0.705128 0.383013 0.709936 0.379808 0.711538 0.469551 0.544872 0.466346 0.543269 0.463141 0.540064 0.461538 0.536859 0.464744 0.530449 0.467949 0.528846 0.472756 0.528846
0 0.477564 0.530449 0.479167 0.533654 0.479167 0.538462 0.477564 0.543269 0.474359 0.544872 0.326923 0.583333 0.322115 0.583333 0.318910 0.578526 0.318910 0.573718 0.320513 0.570513 0.323718 0.567308 0.330128 0.567308
0 0.334936 0.568910 0.336538 0.572115 0.336538 0.578526 0.333333 0.581731 0.330128 0.583333 0.338141 0.560897 0.334936 0.559295 0.331731 0.556090 0.331731 0.551282 0.333333 0.546474 0.336538 0.544872 0.342949 0.543269
0 0.346154 0.546474 0.349359 0.549679 0.349359 0.554487 0.346154 0.559295 0.342949 0.560897 0.387821 0.509615 0.383013 0.508013 0.379808 0.503205 0.378205 0.500000 0.381410 0.496795 0.384615 0.495192 0.391026 0.493590
0 0.395833 0.496795 0.395833 0.500000 0.397436 0.503205 0.394231 0.508013 0.391026 0.509615 0.379808 0.475962 0.375000 0.474359 0.371795 0.469551 0.371795 0.464744 0.373397 0.461538 0.378205 0.458333 0.383013 0.458333
0 0.387821 0.461538 0.389423 0.464744 0.389423 0.469551 0.387821 0.472756 0.383013 0.475962 0.354167 0.469551 0.350962 0.467949 0.347756 0.464744 0.347756 0.459936 0.349359 0.455128 0.352564 0.453526 0.357372 0.453526
0 0.362179 0.455128 0.363782 0.458333 0.363782 0.463141 0.362179 0.467949 0.358974 0.469551 0.395833 0.451923 0.391026 0.450321 0.387821 0.447115 0.387821 0.442308 0.389423 0.437500 0.392628 0.435897 0.397436 0.435897
0 0.403846 0.437500 0.405449 0.440705 0.405449 0.445513 0.402244 0.450321 0.399038 0.451923 0.403846 0.432692 0.399038 0.431090 0.395833 0.427885 0.395833 0.423077 0.397436 0.418269 0.400641 0.416667 0.407051 0.415064
0 0.410256 0.418269 0.413462 0.421474 0.413462 0.426282 0.410256 0.431090 0.407051 0.432692 0.357372 0.447115 0.352564 0.447115 0.349359 0.442308 0.349359 0.437500 0.350962 0.434295 0.354167 0.431090 0.360577 0.431090
0 0.363782 0.434295 0.366987 0.437500 0.366987 0.442308 0.363782 0.445513 0.360577 0.447115 0.325321 0.427885 0.320513 0.426282 0.315705 0.423077 0.317308 0.418269 0.318910 0.413462 0.322115 0.411859 0.326923 0.411859
0 0.331731 0.413462 0.334936 0.416667 0.334936 0.421474 0.331731 0.426282 0.328526 0.427885 0.491987 0.400641 0.488782 0.400641 0.485577 0.395833 0.483974 0.391026 0.487179 0.387821 0.490385 0.384615 0.495192 0.384615
0 0.498397 0.387821 0.500000 0.389423 0.500000 0.395833 0.498397 0.400641 0.496795 0.400641 0.474359 0.503205 0.469551 0.501603 0.466346 0.500000 0.466346 0.495192 0.469551 0.490385 0.472756 0.488782 0.477564 0.488782
0 0.482372 0.490385 0.483974 0.493590 0.482372 0.498397 0.482372 0.501603 0.479167 0.503205 0.562500 0.517628 0.557692 0.517628 0.554487 0.512821 0.554487 0.508013 0.556090 0.504808 0.559295 0.501603 0.565705 0.501603
0 0.568910 0.503205 0.572115 0.506410 0.572115 0.511218 0.568910 0.516026 0.565705 0.517628 0.605769 0.511218 0.602564 0.509615 0.599359 0.504808 0.597756 0.501603 0.600962 0.498397 0.604167 0.496795 0.608974 0.495192
0 0.613782 0.498397 0.615385 0.500000 0.616987 0.504808 0.613782 0.509615 0.610577 0.511218 0.581731 0.549679 0.576923 0.549679 0.573718 0.544872 0.573718 0.540064 0.575321 0.536859 0.580128 0.533654 0.584936 0.533654
0 0.589744 0.536859 0.591346 0.540064 0.591346 0.544872 0.589744 0.548077 0.584936 0.549679 0.692308 0.464744 0.687500 0.464744 0.684295 0.459936 0.684295 0.455128 0.685897 0.451923 0.689103 0.448718 0.695513 0.448718
0 0.698718 0.451923 0.701923 0.455128 0.701923 0.459936 0.698718 0.463141 0.695513 0.464744 0.732372 0.423077 0.727564 0.421474 0.724359 0.416667 0.724359 0.411859 0.725962 0.408654 0.729167 0.405449 0.735577 0.405449
0 0.738782 0.408654 0.741987 0.411859 0.741987 0.416667 0.738782 0.419872 0.735577 0.423077 0.748397 0.471154 0.745192 0.471154 0.741987 0.466346 0.741987 0.461538 0.743590 0.458333 0.746795 0.455128 0.753205 0.455128
0 0.756410 0.458333 0.758013 0.463141 0.758013 0.467949 0.756410 0.469551 0.753205 0.471154 0.613782 0.594551 0.608974 0.592949 0.605769 0.589744 0.605769 0.584936 0.607372 0.580128 0.610577 0.578526 0.616987 0.578526
0 0.620192 0.580128 0.623397 0.583333 0.623397 0.588141 0.620192 0.592949 0.616987 0.594551 0.618590 0.504808 0.613782 0.503205 0.610577 0.500000 0.610577 0.495192 0.613782 0.491987 0.616987 0.488782 0.621795 0.488782
0 0.626603 0.491987 0.628205 0.495192 0.626603 0.500000 0.626603 0.501603 0.623397 0.504808 0.862179 0.435897 0.858974 0.434295 0.855769 0.429487 0.854167 0.424679 0.857372 0.421474 0.860577 0.418269 0.863782 0.418269
0 0.868590 0.421474 0.870192 0.424679 0.870192 0.429487 0.868590 0.432692 0.865385 0.435897 0.886218 0.432692 0.881410 0.432692 0.878205 0.427885 0.878205 0.423077 0.879808 0.419872 0.881410 0.418269 0.889423 0.416667
0 0.894231 0.419872 0.895833 0.423077 0.895833 0.427885 0.892628 0.431090 0.889423 0.432692 0.916667 0.416667 0.911859 0.415064 0.908654 0.410256 0.907051 0.407051 0.910256 0.403846 0.913462 0.400641 0.919872 0.400641
0 0.923077 0.405449 0.924679 0.407051 0.924679 0.411859 0.923077 0.415064 0.919872 0.416667 0.915064 0.447115 0.911859 0.445513 0.907051 0.442308 0.908654 0.437500 0.910256 0.432692 0.913462 0.431090 0.919872 0.429487
0 0.923077 0.432692 0.926282 0.435897 0.926282 0.440705 0.923077 0.445513 0.919872 0.447115 0.937500 0.435897 0.934295 0.434295 0.931090 0.431090 0.929487 0.426282 0.932692 0.421474 0.935897 0.419872 0.939103 0.421474
0 0.943910 0.423077 0.947115 0.424679 0.947115 0.429487 0.945513 0.434295 0.942308 0.435897 0.975962 0.432692 0.972756 0.432692 0.971154 0.427885 0.971154 0.423077 0.971154 0.421474 0.974359 0.416667 0.980769 0.416667
0 0.985577 0.419872 0.985577 0.431090 0.980769 0.432692 0.916667 0.378205 0.911859 0.378205 0.908654 0.373397 0.908654 0.368590 0.910256 0.365385 0.913462 0.362179 0.918269 0.362179 0.921474 0.363782 0.923077 0.366987
0 0.923077 0.373397 0.921474 0.376603 0.918269 0.379808 0.799679 0.366987 0.796474 0.366987 0.793269 0.362179 0.791667 0.357372 0.794872 0.354167 0.798077 0.350962 0.801282 0.350962 0.806090 0.352564 0.807692 0.355769
0 0.807692 0.360577 0.806090 0.365385 0.804487 0.366987 0.830128 0.386218 0.825321 0.384615 0.823718 0.381410 0.822115 0.376603 0.825321 0.371795 0.828526 0.370192 0.833333 0.370192 0.838141 0.371795 0.839744 0.375000
0 0.839744 0.379808 0.838141 0.384615 0.834936 0.386218 0.810897 0.403846 0.807692 0.403846 0.804487 0.399038 0.804487 0.394231 0.806090 0.391026 0.809295 0.387821 0.814103 0.387821 0.817308 0.389423 0.818910 0.394231
0 0.818910 0.399038 0.817308 0.402244 0.814103 0.405449 0.751603 0.530449 0.748397 0.528846 0.745192 0.525641 0.745192 0.520833 0.746795 0.516026 0.750000 0.514423 0.754808 0.514423 0.759615 0.516026 0.759615 0.520833
0 0.759615 0.524038 0.758013 0.530449 0.756410 0.530449 0.876603 0.392628 0.871795 0.391026 0.871795 0.387821 0.870192 0.383013 0.873397 0.378205 0.876603 0.376603 0.881410 0.376603 0.886218 0.378205 0.887821 0.381410
0 0.887821 0.386218 0.886218 0.391026 0.883013 0.392628 0.802885 0.270833 0.798077 0.269231 0.794872 0.266026 0.794872 0.261218 0.798077 0.258013 0.801282 0.254808 0.806090 0.254808 0.810897 0.258013 0.812500 0.261218
0 0.812500 0.266026 0.810897 0.269231 0.806090 0.272436 0.876603 0.254808 0.871795 0.254808 0.868590 0.250000 0.868590 0.245192 0.870192 0.241987 0.873397 0.238782 0.878205 0.238782 0.883013 0.240385 0.884615 0.245192
0 0.884615 0.250000 0.881410 0.253205 0.879808 0.254808 0.775641 0.310897 0.770833 0.309295 0.767628 0.304487 0.767628 0.299679 0.769231 0.296474 0.772436 0.293269 0.778846 0.293269 0.780449 0.298077 0.782051 0.301282
0 0.783654 0.304487 0.782051 0.307692 0.778846 0.310897 0.948718 0.256410 0.945513 0.254808 0.942308 0.253205 0.943910 0.248397 0.945513 0.243590 0.948718 0.241987 0.953526 0.243590 0.955128 0.245192 0.955128 0.250000
0 0.953526 0.253205 0.951923 0.256410 0.953526 0.291667 0.948718 0.290064 0.947115 0.286859 0.947115 0.282051 0.948718 0.278846 0.953526 0.277244 0.958333 0.277244 0.959936 0.280449 0.959936 0.285256
0 0.959936 0.288462 0.956731 0.291667 0.756410 0.254808 0.753205 0.254808 0.750000 0.251603 0.751603 0.246795 0.753205 0.243590 0.756410 0.243590 0.761218 0.243590 0.761218 0.246795 0.762821 0.250000
0 0.762821 0.253205 0.761218 0.254808 0.966346 0.299679 0.963141 0.298077 0.961538 0.294872 0.961538 0.290064 0.963141 0.286859 0.966346 0.285256 0.971154 0.285256 0.972756 0.288462 0.972756 0.293269
0 0.971154 0.296474 0.969551 0.299679 0.969551 0.266026 0.966346 0.264423 0.963141 0.262821 0.964744 0.258013 0.966346 0.254808 0.969551 0.253205 0.974359 0.253205 0.975962 0.256410 0.975962 0.259615
0 0.975962 0.266026 0.974359 0.266026 0.860577 0.394231 0.857372 0.392628 0.854167 0.391026 0.855769 0.386218 0.855769 0.383013 0.860577 0.381410 0.865385 0.383013 0.865385 0.386218 0.866987 0.387821
0 0.866987 0.392628 0.863782 0.394231 0.918269 0.282051 0.915064 0.280449 0.911859 0.275641 0.911859 0.270833 0.911859 0.269231 0.915064 0.264423 0.919872 0.264423 0.924679 0.267628 0.926282 0.270833
0 0.926282 0.275641 0.924679 0.280449 0.921474 0.282051 0.738782 0.334936 0.733974 0.333333 0.732372 0.328526 0.730769 0.325321 0.733974 0.320513 0.737179 0.318910 0.741987 0.317308 0.746795 0.320513 0.748397 0.323718
0 0.748397 0.328526 0.746795 0.333333 0.743590 0.334936 0.708333 0.288462 0.705128 0.288462 0.701923 0.283654 0.701923 0.278846 0.703526 0.275641 0.706731 0.272436 0.711538 0.272436 0.716346 0.274038 0.717949 0.277244
0 0.717949 0.283654 0.716346 0.286859 0.713141 0.288462 0.741987 0.355769 0.738782 0.354167 0.735577 0.350962 0.733974 0.346154 0.737179 0.342949 0.740385 0.339744 0.745192 0.339744 0.750000 0.341346 0.751603 0.344551
0 0.751603 0.349359 0.750000 0.354167 0.746795 0.355769 0.661859 0.328526 0.658654 0.326923 0.655449 0.323718 0.655449 0.318910 0.657051 0.314103 0.660256 0.312500 0.665064 0.310897 0.669872 0.314103 0.671474 0.317308
0 0.671474 0.322115 0.669872 0.326923 0.666667 0.328526 0.583333 0.280449 0.578526 0.278846 0.576923 0.275641 0.575321 0.270833 0.576923 0.266026 0.581731 0.264423 0.586538 0.264423 0.591346 0.266026 0.592949 0.269231
0 0.592949 0.274038 0.591346 0.278846 0.588141 0.280449 0.751603 0.392628 0.746795 0.392628 0.743590 0.389423 0.743590 0.383013 0.745192 0.379808 0.748397 0.376603 0.754808 0.376603 0.758013 0.379808 0.759615 0.383013
0 0.759615 0.387821 0.758013 0.391026 0.754808 0.392628 0.645833 0.376603 0.641026 0.375000 0.637821 0.371795 0.637821 0.366987 0.639423 0.362179 0.642628 0.360577 0.649038 0.360577 0.653846 0.362179 0.655449 0.365385
0 0.655449 0.370192 0.652244 0.375000 0.649038 0.376603 0.660256 0.264423 0.657051 0.262821 0.653846 0.258013 0.653846 0.253205 0.655449 0.250000 0.658654 0.246795 0.663462 0.246795 0.668269 0.250000 0.669872 0.253205
0 0.669872 0.258013 0.668269 0.261218 0.665064 0.262821 0.532051 0.274038 0.527244 0.272436 0.525641 0.269231 0.524038 0.264423 0.525641 0.261218 0.530449 0.258013 0.535256 0.258013 0.540064 0.259615 0.541667 0.262821
0 0.541667 0.267628 0.540064 0.272436 0.536859 0.274038 0.498397 0.354167 0.496795 0.350962 0.493590 0.347756 0.493590 0.342949 0.495192 0.338141 0.498397 0.336538 0.503205 0.334936 0.506410 0.338141 0.508013 0.341346
0 0.508013 0.346154 0.506410 0.350962 0.503205 0.352564 0.496795 0.371795 0.493590 0.370192 0.490385 0.365385 0.490385 0.360577 0.491987 0.357372 0.495192 0.354167 0.498397 0.355769 0.503205 0.357372 0.504808 0.360577
0 0.504808 0.365385 0.503205 0.368590 0.500000 0.371795 0.532051 0.363782 0.528846 0.362179 0.525641 0.358974 0.525641 0.354167 0.527244 0.349359 0.530449 0.347756 0.535256 0.347756 0.540064 0.349359 0.541667 0.352564
0 0.541667 0.357372 0.540064 0.362179 0.536859 0.363782 0.681090 0.426282 0.679487 0.416667 0.684295 0.410256 0.690705 0.408654 0.697115 0.408654 0.701923 0.411859 0.705128 0.416667 0.705128 0.423077 0.701923 0.429487
0 0.698718 0.431090 0.692308 0.434295 0.685897 0.431090 0.645833 0.400641 0.645833 0.389423 0.649038 0.384615 0.655449 0.381410 0.663462 0.383013 0.668269 0.386218 0.671474 0.389423 0.671474 0.397436 0.668269 0.402244
0 0.663462 0.405449 0.657051 0.407051 0.650641 0.405449 0.615385 0.399038 0.615385 0.389423 0.620192 0.384615 0.625000 0.381410 0.633013 0.381410 0.637821 0.384615 0.641026 0.389423 0.641026 0.395833 0.637821 0.402244
0 0.634615 0.405449 0.628205 0.407051 0.620192 0.403846 0.616987 0.451923 0.616987 0.442308 0.621795 0.435897 0.626603 0.432692 0.634615 0.434295 0.639423 0.437500 0.642628 0.440705 0.642628 0.448718 0.639423 0.453526
0 0.636218 0.456731 0.629808 0.458333 0.621795 0.456731 0.858974 0.464744 0.857372 0.455128 0.862179 0.448718 0.866987 0.445513 0.873397 0.447115 0.878205 0.450321 0.881410 0.453526 0.881410 0.461538 0.878205 0.466346
0 0.875000 0.469551 0.868590 0.471154 0.862179 0.469551 0.817308 0.270833 0.814103 0.262821 0.818910 0.254808 0.825321 0.253205 0.833333 0.253205 0.838141 0.256410 0.841346 0.261218 0.839744 0.267628 0.836538 0.274038
0 0.833333 0.275641 0.826923 0.278846 0.820513 0.277244 0.527244 0.336538 0.525641 0.326923 0.530449 0.320513 0.536859 0.318910 0.544872 0.318910 0.549679 0.322115 0.551282 0.326923 0.551282 0.333333 0.548077 0.338141
0 0.544872 0.341346 0.538462 0.342949 0.532051 0.341346 0.503205 0.254808 0.501603 0.245192 0.506410 0.238782 0.511218 0.238782 0.519231 0.238782 0.525641 0.240385 0.527244 0.245192 0.527244 0.251603 0.524038 0.258013
0 0.520833 0.261218 0.514423 0.262821 0.508013 0.259615 0.312500 0.402244 0.310897 0.391026 0.314103 0.386218 0.315705 0.386218 0.320513 0.384615 0.328526 0.384615 0.333333 0.387821 0.336538 0.392628 0.336538 0.399038
0 0.333333 0.403846 0.328526 0.407051 0.323718 0.408654 0.317308 0.405449 0.453526 0.363782 0.453526 0.352564 0.458333 0.347756 0.463141 0.344551 0.469551 0.347756 0.475962 0.347756 0.479167 0.352564 0.479167 0.360577 0.475962 0.365385
0 0.472756 0.368590 0.466346 0.370192 0.458333 0.366987 0.434295 0.543269 0.434295 0.533654 0.437500 0.527244 0.443910 0.525641 0.451923 0.525641 0.456731 0.528846 0.459936 0.533654 0.459936 0.540064 0.456731 0.546474
0 0.451923 0.548077 0.447115 0.551282 0.439103 0.548077 0.572115 0.586538 0.572115 0.576923 0.575321 0.570513 0.581731 0.568910 0.589744 0.568910 0.594551 0.572115 0.597756 0.576923 0.597756 0.583333 0.592949 0.588141
0 0.589744 0.591346 0.583333 0.592949 0.576923 0.591346 0.546474 0.562500 0.546474 0.552885 0.549679 0.548077 0.556090 0.544872 0.564103 0.544872 0.568910 0.548077 0.572115 0.552885 0.572115 0.559295 0.568910 0.565705
0 0.565705 0.568910 0.559295 0.570513 0.551282 0.567308 0.536859 0.488782 0.536859 0.477564 0.540064 0.472756 0.546474 0.469551 0.552885 0.472756 0.559295 0.474359 0.562500 0.477564 0.562500 0.485577 0.559295 0.490385
0 0.554487 0.493590 0.549679 0.495192 0.541667 0.493590 0.264423 0.301282 0.264423 0.291667 0.269231 0.286859 0.274038 0.283654 0.282051 0.285256 0.286859 0.286859 0.290064 0.298077 0.286859 0.302885 0.283654 0.306090
0 0.277244 0.307692 0.269231 0.306090 0.171474 0.275641 0.169872 0.266026 0.174679 0.259615 0.181090 0.258013 0.185897 0.258013 0.190705 0.261218 0.193910 0.264423 0.193910 0.270833 0.190705 0.275641 0.187500 0.278846
0 0.181090 0.280449 0.174679 0.280449 0.094551 0.306090 0.092949 0.294872 0.097756 0.290064 0.104167 0.286859 0.110577 0.288462 0.115385 0.290064 0.116987 0.294872 0.116987 0.302885 0.113782 0.307692 0.110577 0.310897
0 0.104167 0.312500 0.097756 0.309295 0.017628 0.365385 0.017628 0.357372 0.020833 0.349359 0.027244 0.347756 0.035256 0.347756 0.038462 0.350962 0.041667 0.355769 0.041667 0.362179 0.038462 0.365385 0.035256 0.368590
0 0.030449 0.371795 0.022436 0.370192 0.137821 0.592949 0.136218 0.583333 0.139423 0.576923 0.145833 0.575321 0.152244 0.575321 0.157051 0.578526 0.160256 0.583333 0.160256 0.589744 0.157051 0.594551 0.153846 0.597756
0 0.147436 0.599359 0.141026 0.597756 0.182692 0.596154 0.181090 0.586538 0.185897 0.578526 0.192308 0.576923 0.200321 0.576923 0.205128 0.580128 0.206731 0.584936 0.206731 0.591346 0.203526 0.597756 0.200321 0.600962
0 0.193910 0.602564 0.187500 0.599359 0.256410 0.586538 0.256410 0.576923 0.259615 0.570513 0.266026 0.568910 0.274038 0.568910 0.278846 0.572115 0.282051 0.576923 0.282051 0.583333 0.278846 0.589744 0.275641 0.592949
0 0.269231 0.594551 0.261218 0.591346 0.290064 0.594551 0.290064 0.583333 0.293269 0.578526 0.299679 0.575321 0.307692 0.576923 0.312500 0.578526 0.315705 0.583333 0.315705 0.591346 0.312500 0.596154 0.307692 0.599359
0 0.302885 0.600962 0.294872 0.597756 0.338141 0.626603 0.336538 0.616987 0.341346 0.610577 0.347756 0.608974 0.354167 0.608974 0.358974 0.612179 0.362179 0.616987 0.362179 0.623397 0.358974 0.629808 0.355769 0.631410
0 0.349359 0.634615 0.342949 0.631410 0.262821 0.612179 0.262821 0.602564 0.267628 0.596154 0.272436 0.592949 0.280449 0.594551 0.285256 0.597756 0.288462 0.600962 0.288462 0.608974 0.285256 0.613782 0.282051 0.616987
0 0.275641 0.618590 0.267628 0.616987 0.179487 0.753205 0.179487 0.743590 0.182692 0.738782 0.187500 0.735577 0.195513 0.735577 0.200321 0.738782 0.203526 0.743590 0.203526 0.750000 0.200321 0.756410 0.195513 0.759615
0 0.192308 0.761218 0.184295 0.758013 0.233974 0.741987 0.233974 0.730769 0.237179 0.724359 0.243590 0.722756 0.251603 0.722756 0.256410 0.725962 0.259615 0.730769 0.259615 0.737179 0.256410 0.743590 0.251603 0.745192
0 0.246795 0.748397 0.238782 0.745192 0.415064 0.629808 0.415064 0.620192 0.418269 0.615385 0.424679 0.612179 0.432692 0.612179 0.437500 0.615385 0.440705 0.620192 0.440705 0.626603 0.435897 0.633013 0.432692 0.636218
0 0.426282 0.637821 0.419872 0.634615 0.048077 0.684295 0.048077 0.674679 0.051282 0.668269 0.057692 0.665064 0.064103 0.668269 0.068910 0.669872 0.072115 0.673077 0.072115 0.681090 0.070513 0.685897 0.067308 0.689103
0 0.060897 0.690705 0.052885 0.689103 0.033654 0.759615 0.033654 0.750000 0.038462 0.743590 0.043269 0.741987 0.049679 0.741987 0.054487 0.745192 0.057692 0.750000 0.057692 0.756410 0.054487 0.762821 0.052885 0.764423
0 0.044872 0.767628 0.038462 0.762821 0.310897 0.761218 0.310897 0.751603 0.314103 0.745192 0.318910 0.743590 0.325321 0.745192 0.330128 0.748397 0.334936 0.750000 0.334936 0.758013 0.331731 0.762821 0.326923 0.767628
0 0.322115 0.767628 0.315705 0.766026 0.586538 0.639423 0.586538 0.629808 0.591346 0.625000 0.596154 0.621795 0.604167 0.621795 0.608974 0.625000 0.612179 0.629808 0.612179 0.636218 0.608974 0.642628 0.605769 0.645833
0 0.599359 0.647436 0.591346 0.644231 0.535256 0.645833 0.533654 0.636218 0.538462 0.629808 0.544872 0.628205 0.551282 0.628205 0.556090 0.631410 0.559295 0.636218 0.559295 0.642628 0.556090 0.647436 0.552885 0.650641
0 0.546474 0.653846 0.540064 0.650641 0.548077 0.762821 0.546474 0.754808 0.551282 0.748397 0.557692 0.746795 0.564103 0.746795 0.568910 0.750000 0.570513 0.754808 0.572115 0.759615 0.568910 0.764423 0.565705 0.767628
0 0.559295 0.769231 0.552885 0.767628 0.455128 0.761218 0.455128 0.753205 0.458333 0.746795 0.464744 0.745192 0.472756 0.745192 0.477564 0.748397 0.480769 0.753205 0.480769 0.759615 0.477564 0.764423 0.474359 0.767628
0 0.467949 0.769231 0.459936 0.766026 0.717949 0.669872 0.717949 0.660256 0.721154 0.653846 0.727564 0.650641 0.733974 0.652244 0.738782 0.655449 0.741987 0.658654 0.741987 0.666667 0.737179 0.671474 0.733974 0.674679
0 0.727564 0.676282 0.721154 0.674679 0.692308 0.660256 0.690705 0.649038 0.695513 0.644231 0.701923 0.641026 0.709936 0.642628 0.714744 0.645833 0.716346 0.649038 0.716346 0.657051 0.713141 0.661859 0.709936 0.665064
0 0.703526 0.666667 0.697115 0.665064 0.733974 0.730769 0.732372 0.721154 0.737179 0.714744 0.743590 0.713141 0.751603 0.713141 0.756410 0.716346 0.758013 0.721154 0.758013 0.727564 0.754808 0.732372 0.751603 0.735577
0 0.745192 0.737179 0.738782 0.735577 0.868590 0.657051 0.868590 0.647436 0.871795 0.641026 0.878205 0.639423 0.884615 0.641026 0.889423 0.642628 0.892628 0.647436 0.892628 0.653846 0.889423 0.660256 0.884615 0.663462
0 0.879808 0.665064 0.873397 0.661859 0.891026 0.729167 0.891026 0.719551 0.894231 0.713141 0.900641 0.711538 0.908654 0.711538 0.913462 0.714744 0.916667 0.717949 0.915064 0.725962 0.913462 0.729167 0.908654 0.732372
0 0.903846 0.733974 0.895833 0.732372 0.899038 0.753205 0.899038 0.743590 0.902244 0.738782 0.908654 0.735577 0.915064 0.735577 0.919872 0.738782 0.923077 0.743590 0.923077 0.750000 0.919872 0.754808 0.915064 0.758013
0 0.910256 0.759615 0.902244 0.759615 0.758013 0.451923 0.756410 0.442308 0.761218 0.435897 0.767628 0.434295 0.775641 0.434295 0.780449 0.437500 0.783654 0.442308 0.782051 0.448718 0.778846 0.455128 0.775641 0.456731
0 0.769231 0.459936 0.762821 0.456731 0.673077 0.288462 0.673077 0.278846 0.676282 0.274038 0.682692 0.272436 0.690705 0.272436 0.695513 0.275641 0.698718 0.280449 0.698718 0.286859 0.695513 0.290064 0.690705 0.293269
0 0.685897 0.294872 0.677885 0.293269 0.557692 0.424679 0.557692 0.415064 0.560897 0.410256 0.567308 0.407051 0.575321 0.407051 0.580128 0.410256 0.583333 0.415064 0.583333 0.421474 0.580128 0.427885 0.575321 0.431090
0 0.570513 0.432692 0.562500 0.429487 0.573718 0.501603 0.573718 0.495192 0.576923 0.487179 0.583333 0.485577 0.591346 0.485577 0.596154 0.488782 0.599359 0.493590 0.597756 0.500000 0.596154 0.504808 0.591346 0.508013
0 0.586538 0.509615 0.578526 0.506410 0.618590 0.522436 0.618590 0.512821 0.621795 0.508013 0.628205 0.504808 0.636218 0.504808 0.641026 0.508013 0.644231 0.512821 0.644231 0.519231 0.641026 0.525641 0.636218 0.528846
0 0.631410 0.530449 0.623397 0.527244 0.073718 0.415064 0.073718 0.405449 0.076923 0.399038 0.083333 0.395833 0.091346 0.397436 0.096154 0.400641 0.097756 0.403846 0.099359 0.410256 0.096154 0.415064 0.092949 0.418269
0 0.086538 0.419872 0.078526 0.418269 0.283654 0.416667 0.282051 0.408654 0.283654 0.400641 0.290064 0.395833 0.298077 0.394231 0.304487 0.394231 0.310897 0.399038 0.314103 0.405449 0.314103 0.411859 0.312500 0.418269
0 0.304487 0.423077 0.298077 0.424679 0.288462 0.421474 0.400641 0.506410 0.399038 0.500000 0.402244 0.491987 0.408654 0.487179 0.416667 0.485577 0.421474 0.485577 0.427885 0.490385 0.431090 0.496795 0.431090 0.501603 0.429487 0.508013
0 0.423077 0.512821 0.416667 0.514423 0.407051 0.511218 0.423077 0.714744 0.419872 0.713141 0.416667 0.711538 0.418269 0.706731 0.419872 0.701923 0.424679 0.700321 0.429487 0.701923 0.431090 0.703526 0.431090 0.708333 0.431090 0.711538
0 0.427885 0.714744 0.383013 0.735577 0.378205 0.735577 0.375000 0.730769 0.375000 0.725962 0.376603 0.722756 0.379808 0.719551 0.386218 0.719551 0.391026 0.722756 0.392628 0.725962 0.392628 0.730769
0 0.389423 0.733974 0.386218 0.735577 0.243590 0.698718 0.243590 0.693910 0.245192 0.690705 0.246795 0.687500 0.250000 0.687500 0.258013 0.687500 0.261218 0.690705 0.262821 0.695513 0.261218 0.698718 0.259615 0.703526
0 0.256410 0.705128 0.251603 0.706731 0.246795 0.703526 0.197115 0.668269 0.195513 0.665064 0.197115 0.660256 0.198718 0.658654 0.201923 0.655449 0.206731 0.657051 0.211538 0.658654 0.213141 0.663462 0.213141 0.668269 0.211538 0.671474
0 0.208333 0.674679 0.205128 0.674679 0.200321 0.673077 0.241987 0.660256 0.241987 0.655449 0.243590 0.652244 0.245192 0.649038 0.250000 0.647436 0.256410 0.649038 0.259615 0.650641 0.261218 0.655449 0.261218 0.660256 0.259615 0.665064
0 0.256410 0.666667 0.251603 0.666667 0.245192 0.665064 0.214744 0.620192 0.213141 0.615385 0.214744 0.610577 0.217949 0.608974 0.221154 0.607372 0.227564 0.607372 0.230769 0.610577 0.232372 0.615385 0.232372 0.620192 0.230769 0.623397
0 0.227564 0.626603 0.222756 0.626603 0.217949 0.623397 0.179487 0.625000 0.179487 0.620192 0.181090 0.616987 0.182692 0.613782 0.185897 0.613782 0.192308 0.613782 0.195513 0.615385 0.197115 0.620192 0.197115 0.625000 0.193910 0.629808
0 0.192308 0.631410 0.187500 0.631410 0.182692 0.629808 0.214744 0.721154 0.214744 0.716346 0.216346 0.713141 0.217949 0.709936 0.221154 0.708333 0.227564 0.709936 0.230769 0.711538 0.232372 0.716346 0.230769 0.721154 0.229167 0.725962
0 0.227564 0.727564 0.222756 0.727564 0.217949 0.725962 0.165064 0.732372 0.165064 0.727564 0.166667 0.724359 0.168269 0.721154 0.173077 0.719551 0.177885 0.719551 0.181090 0.722756 0.182692 0.727564 0.182692 0.732372 0.181090 0.735577
0 0.177885 0.738782 0.173077 0.738782 0.168269 0.737179 0.141026 0.668269 0.139423 0.665064 0.141026 0.660256 0.144231 0.657051 0.147436 0.655449 0.153846 0.657051 0.157051 0.658654 0.157051 0.663462 0.157051 0.668269 0.157051 0.673077
0 0.153846 0.674679 0.149038 0.674679 0.144231 0.673077 0.084936 0.719551 0.084936 0.716346 0.086538 0.713141 0.088141 0.709936 0.092949 0.708333 0.099359 0.709936 0.102564 0.711538 0.104167 0.716346 0.102564 0.721154 0.099359 0.725962
0 0.097756 0.725962 0.092949 0.725962 0.088141 0.724359 0.125000 0.713141 0.125000 0.708333 0.125000 0.703526 0.128205 0.701923 0.129808 0.701923 0.136218 0.700321 0.139423 0.703526 0.141026 0.708333 0.141026 0.713141 0.139423 0.716346
0 0.137821 0.719551 0.133013 0.719551 0.128205 0.717949 0.081731 0.661859 0.080128 0.658654 0.081731 0.653846 0.084936 0.652244 0.086538 0.650641 0.092949 0.650641 0.096154 0.653846 0.097756 0.658654 0.097756 0.663462 0.094551 0.666667
0 0.092949 0.668269 0.089744 0.668269 0.084936 0.666667 0.068910 0.708333 0.067308 0.705128 0.070513 0.701923 0.072115 0.698718 0.075321 0.697115 0.081731 0.698718 0.084936 0.700321 0.086538 0.705128 0.084936 0.709936 0.081731 0.714744
0 0.080128 0.714744 0.076923 0.714744 0.072115 0.713141 0.224359 0.689103 0.222756 0.684295 0.224359 0.679487 0.227564 0.676282 0.230769 0.676282 0.237179 0.676282 0.240385 0.679487 0.241987 0.684295 0.241987 0.689103 0.240385 0.692308
0 0.237179 0.695513 0.232372 0.695513 0.227564 0.692308 0.185897 0.565705 0.185897 0.560897 0.185897 0.557692 0.189103 0.554487 0.193910 0.552885 0.200321 0.552885 0.203526 0.556090 0.205128 0.560897 0.203526 0.565705 0.201923 0.568910
0 0.198718 0.572115 0.193910 0.572115 0.189103 0.570513 0.052885 0.729167 0.052885 0.724359 0.054487 0.721154 0.056090 0.717949 0.059295 0.716346 0.065705 0.717949 0.068910 0.719551 0.070513 0.724359 0.070513 0.729167 0.068910 0.733974
0 0.065705 0.735577 0.062500 0.735577 0.056090 0.733974 0.123397 0.764423 0.121795 0.761218 0.121795 0.756410 0.125000 0.753205 0.128205 0.753205 0.134615 0.753205 0.137821 0.756410 0.139423 0.761218 0.139423 0.764423 0.137821 0.769231
0 0.134615 0.770833 0.129808 0.772436 0.126603 0.769231 0.080128 0.543269 0.080128 0.538462 0.080128 0.535256 0.083333 0.532051 0.088141 0.530449 0.094551 0.530449 0.096154 0.535256 0.097756 0.538462 0.097756 0.544872 0.097756 0.546474
0 0.092949 0.549679 0.089744 0.549679 0.083333 0.548077 0.036859 0.544872 0.036859 0.540064 0.038462 0.536859 0.040064 0.533654 0.043269 0.533654 0.049679 0.532051 0.052885 0.535256 0.054487 0.540064 0.054487 0.544872 0.051282 0.548077
0 0.048077 0.551282 0.044872 0.551282 0.040064 0.549679 0.163462 0.552885 0.163462 0.548077 0.163462 0.544872 0.166667 0.541667 0.171474 0.540064 0.176282 0.540064 0.179487 0.543269 0.181090 0.548077 0.181090 0.552885 0.179487 0.556090
0 0.176282 0.559295 0.173077 0.559295 0.166667 0.557692 0.144231 0.541667 0.144231 0.536859 0.144231 0.533654 0.147436 0.530449 0.150641 0.528846 0.158654 0.528846 0.161859 0.532051 0.163462 0.536859 0.161859 0.541667 0.160256 0.544872
0 0.157051 0.548077 0.152244 0.548077 0.147436 0.544872 0.169872 0.469551 0.168269 0.464744 0.169872 0.459936 0.173077 0.456731 0.174679 0.458333 0.182692 0.456731 0.185897 0.459936 0.185897 0.464744 0.185897 0.469551 0.184295 0.472756
0 0.181090 0.474359 0.176282 0.475962 0.173077 0.472756 0.126603 0.432692 0.126603 0.427885 0.128205 0.424679 0.129808 0.421474 0.134615 0.419872 0.139423 0.421474 0.142628 0.423077 0.144231 0.427885 0.142628 0.432692 0.141026 0.437500
0 0.137821 0.439103 0.133013 0.440705 0.129808 0.437500 0.060897 0.443910 0.059295 0.439103 0.060897 0.434295 0.064103 0.431090 0.067308 0.431090 0.072115 0.431090 0.075321 0.434295 0.076923 0.439103 0.076923 0.443910 0.075321 0.447115
0 0.072115 0.448718 0.068910 0.450321 0.064103 0.447115 0.283654 0.519231 0.283654 0.514423 0.285256 0.511218 0.286859 0.508013 0.291667 0.506410 0.298077 0.508013 0.301282 0.509615 0.302885 0.514423 0.302885 0.519231 0.301282 0.524038
0 0.296474 0.525641 0.293269 0.525641 0.286859 0.524038 0.318910 0.538462 0.318910 0.532051 0.320513 0.528846 0.322115 0.525641 0.326923 0.525641 0.333333 0.525641 0.336538 0.528846 0.338141 0.533654 0.338141 0.538462 0.334936 0.541667
0 0.331731 0.543269 0.326923 0.544872 0.322115 0.541667 0.214744 0.443910 0.214744 0.439103 0.214744 0.435897 0.217949 0.432692 0.222756 0.431090 0.229167 0.431090 0.232372 0.434295 0.233974 0.439103 0.233974 0.443910 0.232372 0.447115
0 0.227564 0.450321 0.224359 0.450321 0.217949 0.448718 0.298077 0.439103 0.298077 0.434295 0.298077 0.431090 0.301282 0.427885 0.306090 0.426282 0.312500 0.426282 0.315705 0.429487 0.317308 0.434295 0.317308 0.439103 0.314103 0.442308
0 0.310897 0.445513 0.307692 0.445513 0.301282 0.443910 0.208333 0.373397 0.208333 0.368590 0.208333 0.363782 0.211538 0.362179 0.214744 0.360577 0.221154 0.360577 0.224359 0.363782 0.225962 0.368590 0.225962 0.373397 0.224359 0.376603
0 0.221154 0.379808 0.216346 0.379808 0.211538 0.376603 0.243590 0.346154 0.241987 0.341346 0.243590 0.338141 0.246795 0.334936 0.250000 0.333333 0.256410 0.333333 0.259615 0.336538 0.261218 0.341346 0.261218 0.346154 0.259615 0.350962
0 0.256410 0.352564 0.251603 0.352564 0.246795 0.350962 0.291667 0.355769 0.291667 0.349359 0.291667 0.347756 0.294872 0.344551 0.299679 0.342949 0.306090 0.342949 0.309295 0.346154 0.310897 0.350962 0.309295 0.355769 0.307692 0.358974
0 0.304487 0.362179 0.299679 0.362179 0.294872 0.358974 0.384615 0.314103 0.384615 0.309295 0.384615 0.304487 0.387821 0.302885 0.391026 0.301282 0.397436 0.301282 0.400641 0.304487 0.402244 0.309295 0.402244 0.314103 0.400641 0.317308
0 0.397436 0.320513 0.392628 0.320513 0.387821 0.318910 0.375000 0.333333 0.375000 0.328526 0.375000 0.325321 0.378205 0.322115 0.381410 0.320513 0.389423 0.320513 0.392628 0.323718 0.394231 0.328526 0.392628 0.333333 0.391026 0.336538
0 0.387821 0.339744 0.383013 0.339744 0.378205 0.336538 0.450321 0.274038 0.450321 0.267628 0.451923 0.264423 0.453526 0.261218 0.458333 0.261218 0.464744 0.261218 0.467949 0.264423 0.469551 0.269231 0.469551 0.274038 0.467949 0.277244
0 0.463141 0.278846 0.459936 0.280449 0.453526 0.277244 0.426282 0.286859 0.426282 0.282051 0.426282 0.278846 0.429487 0.275641 0.432692 0.274038 0.440705 0.274038 0.443910 0.277244 0.445513 0.282051 0.443910 0.286859 0.442308 0.290064
0 0.439103 0.293269 0.434295 0.293269 0.429487 0.291667 0.407051 0.274038 0.405449 0.270833 0.407051 0.266026 0.410256 0.262821 0.413462 0.261218 0.419872 0.261218 0.423077 0.264423 0.424679 0.269231 0.424679 0.274038 0.423077 0.277244
0 0.419872 0.280449 0.415064 0.280449 0.410256 0.278846 0.386218 0.266026 0.386218 0.261218 0.387821 0.258013 0.389423 0.254808 0.392628 0.253205 0.400641 0.254808 0.403846 0.256410 0.405449 0.261218 0.403846 0.266026 0.402244 0.270833
0 0.399038 0.272436 0.394231 0.272436 0.389423 0.270833 0.366987 0.275641 0.366987 0.270833 0.366987 0.267628 0.370192 0.264423 0.375000 0.262821 0.381410 0.262821 0.384615 0.266026 0.386218 0.270833 0.386218 0.275641 0.384615 0.278846
0 0.379808 0.282051 0.376603 0.282051 0.370192 0.280449 0.421474 0.254808 0.421474 0.248397 0.421474 0.246795 0.424679 0.245192 0.429487 0.243590 0.434295 0.243590 0.439103 0.245192 0.440705 0.250000 0.439103 0.254808 0.437500 0.258013
0 0.434295 0.261218 0.429487 0.261218 0.424679 0.258013 0.315705 0.272436 0.315705 0.267628 0.315705 0.262821 0.318910 0.261218 0.322115 0.259615 0.328526 0.259615 0.331731 0.262821 0.333333 0.267628 0.333333 0.272436 0.330128 0.275641
0 0.328526 0.277244 0.322115 0.278846 0.318910 0.275641 0.209936 0.274038 0.209936 0.269231 0.211538 0.266026 0.213141 0.262821 0.217949 0.261218 0.224359 0.262821 0.227564 0.266026 0.229167 0.269231 0.227564 0.274038 0.224359 0.280449
0 0.222756 0.280449 0.219551 0.282051 0.213141 0.278846 0.245192 0.286859 0.245192 0.282051 0.246795 0.278846 0.248397 0.275641 0.253205 0.274038 0.259615 0.275641 0.262821 0.277244 0.264423 0.282051 0.264423 0.286859 0.262821 0.291667
0 0.259615 0.293269 0.254808 0.293269 0.248397 0.291667 0.192308 0.341346 0.190705 0.336538 0.192308 0.331731 0.195513 0.330128 0.198718 0.328526 0.203526 0.330128 0.206731 0.331731 0.208333 0.336538 0.208333 0.341346 0.205128 0.344551
0 0.203526 0.346154 0.198718 0.347756 0.195513 0.344551 0.142628 0.318910 0.142628 0.314103 0.142628 0.309295 0.145833 0.307692 0.149038 0.306090 0.155449 0.306090 0.158654 0.309295 0.160256 0.314103 0.160256 0.318910 0.158654 0.322115
0 0.155449 0.325321 0.150641 0.325321 0.145833 0.322115 0.137821 0.288462 0.137821 0.283654 0.137821 0.280449 0.141026 0.277244 0.145833 0.275641 0.152244 0.275641 0.155449 0.278846 0.157051 0.283654 0.157051 0.288462 0.155449 0.291667
0 0.150641 0.294872 0.147436 0.294872 0.141026 0.293269 0.120192 0.248397 0.120192 0.245192 0.121795 0.240385 0.123397 0.238782 0.126603 0.235577 0.133013 0.237179 0.136218 0.240385 0.137821 0.243590 0.137821 0.248397 0.136218 0.251603
0 0.131410 0.254808 0.128205 0.256410 0.123397 0.253205 0.089744 0.264423 0.089744 0.258013 0.091346 0.254808 0.092949 0.251603 0.097756 0.251603 0.104167 0.251603 0.107372 0.254808 0.108974 0.259615 0.107372 0.264423 0.105769 0.267628
0 0.102564 0.269231 0.097756 0.270833 0.092949 0.267628 0.052885 0.366987 0.051282 0.362179 0.052885 0.357372 0.056090 0.355769 0.059295 0.354167 0.064103 0.354167 0.067308 0.357372 0.068910 0.362179 0.068910 0.366987 0.067308 0.370192
0 0.064103 0.373397 0.059295 0.373397 0.056090 0.371795 0.075321 0.338141 0.075321 0.333333 0.075321 0.330128 0.078526 0.326923 0.081731 0.325321 0.089744 0.325321 0.091346 0.330128 0.092949 0.333333 0.091346 0.336538 0.089744 0.339744
0 0.086538 0.344551 0.083333 0.342949 0.078526 0.342949 0.097756 0.341346 0.097756 0.336538 0.099359 0.333333 0.100962 0.330128 0.105769 0.328526 0.112179 0.330128 0.115385 0.331731 0.116987 0.336538 0.116987 0.341346 0.115385 0.346154
0 0.110577 0.347756 0.107372 0.347756 0.100962 0.346154 0.025641 0.291667 0.025641 0.286859 0.025641 0.283654 0.028846 0.280449 0.033654 0.278846 0.038462 0.278846 0.041667 0.282051 0.043269 0.286859 0.041667 0.291667 0.040064 0.294872
0 0.036859 0.298077 0.032051 0.298077 0.028846 0.294872 0.185897 0.376603 0.185897 0.371795 0.187500 0.368590 0.189103 0.365385 0.192308 0.365385 0.198718 0.365385 0.201923 0.366987 0.203526 0.371795 0.203526 0.376603 0.201923 0.381410
0 0.197115 0.383013 0.193910 0.383013 0.187500 0.383013 0.237179 0.423077 0.235577 0.418269 0.237179 0.413462 0.240385 0.411859 0.243590 0.410256 0.248397 0.410256 0.251603 0.413462 0.253205 0.418269 0.253205 0.423077 0.251603 0.426282
0 0.248397 0.429487 0.243590 0.431090 0.240385 0.427885 0.065705 0.764423 0.065705 0.759615 0.065705 0.756410 0.068910 0.753205 0.070513 0.751603 0.076923 0.753205 0.080128 0.756410 0.083333 0.759615 0.081731 0.764423 0.080128 0.767628
0 0.076923 0.772436 0.073718 0.770833 0.068910 0.769231 0.615385 0.727564 0.615385 0.721154 0.616987 0.717949 0.618590 0.714744 0.623397 0.714744 0.629808 0.714744 0.633013 0.717949 0.634615 0.722756 0.634615 0.727564 0.633013 0.730769
0 0.628205 0.732372 0.625000 0.733974 0.618590 0.730769 0.166667 0.713141 0.163462 0.711538 0.161859 0.708333 0.163462 0.705128 0.165064 0.700321 0.168269 0.698718 0.173077 0.700321 0.174679 0.701923 0.174679 0.706731 0.173077 0.711538
0 0.173077 0.713141 0.150641 0.738782 0.147436 0.737179 0.144231 0.733974 0.144231 0.729167 0.145833 0.725962 0.150641 0.724359 0.157051 0.724359 0.158654 0.727564 0.158654 0.732372 0.157051 0.735577
0 0.153846 0.738782 0.378205 0.682692 0.378205 0.677885 0.378205 0.674679 0.381410 0.671474 0.386218 0.669872 0.392628 0.669872 0.395833 0.673077 0.397436 0.677885 0.397436 0.682692 0.395833 0.685897
0 0.392628 0.689103 0.387821 0.689103 0.381410 0.687500 0.333333 0.745192 0.330128 0.743590 0.326923 0.740385 0.326923 0.735577 0.328526 0.732372 0.333333 0.730769 0.338141 0.732372 0.339744 0.733974 0.341346 0.738782 0.339744 0.741987
0 0.336538 0.745192 0.544872 0.681090 0.544872 0.676282 0.546474 0.673077 0.548077 0.669872 0.552885 0.668269 0.559295 0.669872 0.562500 0.671474 0.564103 0.676282 0.564103 0.681090 0.562500 0.685897
0 0.557692 0.687500 0.554487 0.687500 0.548077 0.685897 0.519231 0.552885 0.517628 0.549679 0.519231 0.544872 0.522436 0.541667 0.525641 0.541667 0.532051 0.541667 0.535256 0.544872 0.536859 0.549679 0.536859 0.552885 0.535256 0.557692
0 0.532051 0.559295 0.527244 0.560897 0.522436 0.557692 0.487179 0.490385 0.485577 0.487179 0.487179 0.482372 0.490385 0.479167 0.493590 0.477564 0.498397 0.480769 0.501603 0.480769 0.503205 0.485577 0.503205 0.490385 0.501603 0.495192
0 0.498397 0.495192 0.490385 0.495192 0.461538 0.447115 0.461538 0.442308 0.463141 0.439103 0.464744 0.435897 0.469551 0.434295 0.475962 0.435897 0.479167 0.437500 0.480769 0.442308 0.480769 0.447115 0.477564 0.451923 0.474359 0.453526
0 0.471154 0.453526 0.464744 0.451923 0.424679 0.431090 0.424679 0.426282 0.424679 0.423077 0.427885 0.419872 0.432692 0.418269 0.439103 0.418269 0.442308 0.421474 0.443910 0.426282 0.443910 0.431090 0.442308 0.434295 0.437500 0.437500
0 0.434295 0.437500 0.427885 0.435897 0.447115 0.392628 0.447115 0.387821 0.448718 0.384615 0.450321 0.381410 0.455128 0.379808 0.461538 0.379808 0.464744 0.383013 0.466346 0.387821 0.464744 0.392628 0.463141 0.395833 0.459936 0.399038
0 0.455128 0.399038 0.450321 0.397436 0.461538 0.334936 0.461538 0.330128 0.463141 0.326923 0.464744 0.323718 0.469551 0.323718 0.475962 0.323718 0.479167 0.326923 0.480769 0.331731 0.480769 0.334936 0.479167 0.339744 0.474359 0.341346
0 0.471154 0.342949 0.464744 0.339744 0.381410 0.237179 0.381410 0.232372 0.381410 0.229167 0.384615 0.225962 0.389423 0.224359 0.395833 0.224359 0.399038 0.227564 0.400641 0.232372 0.399038 0.237179 0.397436 0.240385 0.394231 0.243590
0 0.389423 0.243590 0.384615 0.240385 0.330128 0.309295 0.330128 0.304487 0.330128 0.301282 0.333333 0.298077 0.338141 0.296474 0.344551 0.296474 0.347756 0.299679 0.349359 0.304487 0.347756 0.309295 0.346154 0.312500 0.342949 0.315705
0 0.338141 0.315705 0.333333 0.314103 0.419872 0.230769 0.419872 0.225962 0.419872 0.222756 0.423077 0.219551 0.427885 0.217949 0.434295 0.217949 0.437500 0.221154 0.439103 0.225962 0.437500 0.230769 0.435897 0.233974 0.432692 0.237179
0 0.427885 0.237179 0.423077 0.235577 0.442308 0.230769 0.442308 0.225962 0.442308 0.222756 0.445513 0.219551 0.450321 0.217949 0.456731 0.217949 0.459936 0.221154 0.461538 0.225962 0.461538 0.230769 0.459936 0.233974 0.455128 0.237179
0 0.451923 0.237179 0.445513 0.235577 0.559295 0.395833 0.557692 0.392628 0.559295 0.387821 0.562500 0.384615 0.565705 0.384615 0.572115 0.384615 0.575321 0.386218 0.576923 0.391026 0.576923 0.395833 0.575321 0.400641 0.572115 0.402244
0 0.567308 0.402244 0.562500 0.400641 0.685897 0.248397 0.684295 0.243590 0.685897 0.240385 0.689103 0.237179 0.692308 0.237179 0.698718 0.237179 0.701923 0.238782 0.703526 0.243590 0.703526 0.248397 0.701923 0.253205 0.698718 0.254808
0 0.693910 0.254808 0.689103 0.253205 0.706731 0.256410 0.706731 0.251603 0.706731 0.248397 0.709936 0.245192 0.713141 0.243590 0.721154 0.243590 0.724359 0.246795 0.725962 0.251603 0.724359 0.256410 0.722756 0.259615 0.719551 0.262821
0 0.714744 0.262821 0.709936 0.261218 0.689103 0.326923 0.689103 0.322115 0.689103 0.318910 0.692308 0.315705 0.695513 0.314103 0.703526 0.314103 0.706731 0.317308 0.706731 0.322115 0.706731 0.326923 0.705128 0.330128 0.701923 0.333333
0 0.697115 0.333333 0.692308 0.331731 0.647436 0.344551 0.647436 0.339744 0.649038 0.336538 0.650641 0.333333 0.655449 0.333333 0.661859 0.333333 0.665064 0.336538 0.666667 0.341346 0.666667 0.344551 0.665064 0.349359 0.660256 0.350962
0 0.657051 0.352564 0.650641 0.349359 0.780449 0.384615 0.780449 0.378205 0.782051 0.375000 0.783654 0.371795 0.788462 0.371795 0.794872 0.371795 0.798077 0.375000 0.799679 0.379808 0.799679 0.384615 0.798077 0.387821 0.793269 0.389423
0 0.790064 0.391026 0.783654 0.387821 0.866987 0.358974 0.865385 0.355769 0.866987 0.352564 0.870192 0.350962 0.871795 0.350962 0.875000 0.350962 0.878205 0.354167 0.876603 0.358974 0.876603 0.360577 0.871795 0.362179 0.868590 0.360577
0 0.761218 0.387821 0.761218 0.386218 0.762821 0.381410 0.766026 0.379808 0.769231 0.378205 0.772436 0.379808 0.774038 0.383013 0.774038 0.386218 0.772436 0.387821 0.769231 0.389423 0.766026 0.389423
0 0.778846 0.429487 0.777244 0.426282 0.777244 0.424679 0.780449 0.421474 0.783654 0.419872 0.786859 0.421474 0.788462 0.424679 0.788462 0.427885 0.786859 0.431090 0.783654 0.431090 0.780449 0.431090
0 0.866987 0.403846 0.868590 0.399038 0.868590 0.397436 0.871795 0.394231 0.875000 0.394231 0.878205 0.394231 0.879808 0.399038 0.879808 0.402244 0.878205 0.403846 0.875000 0.405449 0.871795 0.405449
0 0.878205 0.411859 0.876603 0.408654 0.878205 0.405449 0.881410 0.403846 0.883013 0.403846 0.886218 0.405449 0.887821 0.408654 0.887821 0.411859 0.886218 0.413462 0.883013 0.415064 0.879808 0.415064
0 0.865385 0.415064 0.863782 0.411859 0.865385 0.408654 0.868590 0.407051 0.870192 0.407051 0.873397 0.408654 0.876603 0.411859 0.875000 0.415064 0.875000 0.416667 0.870192 0.418269 0.866987 0.418269
0 0.911859 0.307692 0.910256 0.304487 0.911859 0.301282 0.913462 0.301282 0.916667 0.298077 0.919872 0.299679 0.923077 0.302885 0.921474 0.306090 0.921474 0.309295 0.916667 0.309295 0.913462 0.309295
0 0.903846 0.322115 0.903846 0.317308 0.903846 0.315705 0.907051 0.312500 0.910256 0.310897 0.913462 0.312500 0.915064 0.315705 0.915064 0.318910 0.913462 0.322115 0.910256 0.322115 0.907051 0.322115
0 0.897436 0.253205 0.894231 0.250000 0.895833 0.245192 0.899038 0.243590 0.902244 0.243590 0.903846 0.245192 0.905449 0.248397 0.907051 0.251603 0.905449 0.253205 0.902244 0.254808 0.899038 0.253205
0 0.721154 0.238782 0.721154 0.235577 0.722756 0.230769 0.725962 0.229167 0.727564 0.229167 0.730769 0.230769 0.733974 0.232372 0.733974 0.235577 0.732372 0.238782 0.727564 0.241987 0.725962 0.238782
0 0.665064 0.240385 0.663462 0.237179 0.665064 0.233974 0.666667 0.233974 0.669872 0.230769 0.671474 0.232372 0.674679 0.235577 0.674679 0.240385 0.674679 0.241987 0.669872 0.241987 0.666667 0.241987
0 0.607372 0.253205 0.608974 0.248397 0.608974 0.246795 0.612179 0.243590 0.615385 0.243590 0.618590 0.243590 0.620192 0.246795 0.620192 0.250000 0.618590 0.253205 0.615385 0.254808 0.612179 0.253205
0 0.565705 0.306090 0.564103 0.302885 0.565705 0.299679 0.567308 0.299679 0.570513 0.296474 0.573718 0.298077 0.576923 0.301282 0.575321 0.304487 0.575321 0.307692 0.570513 0.307692 0.567308 0.307692
0 0.544872 0.296474 0.544872 0.293269 0.546474 0.288462 0.549679 0.286859 0.552885 0.286859 0.556090 0.286859 0.557692 0.290064 0.557692 0.293269 0.556090 0.296474 0.552885 0.296474 0.549679 0.296474
0 0.442308 0.251603 0.443910 0.246795 0.443910 0.245192 0.447115 0.241987 0.450321 0.241987 0.453526 0.241987 0.455128 0.245192 0.455128 0.250000 0.453526 0.251603 0.450321 0.253205 0.447115 0.251603
0 0.275641 0.280449 0.277244 0.275641 0.277244 0.274038 0.280449 0.270833 0.283654 0.269231 0.286859 0.270833 0.288462 0.274038 0.288462 0.277244 0.286859 0.280449 0.283654 0.280449 0.280449 0.280449
0 0.290064 0.294872 0.290064 0.291667 0.291667 0.288462 0.293269 0.288462 0.296474 0.285256 0.298077 0.286859 0.299679 0.290064 0.299679 0.291667 0.299679 0.294872 0.294872 0.294872 0.291667 0.296474
0 0.099359 0.246795 0.099359 0.243590 0.100962 0.238782 0.104167 0.237179 0.107372 0.237179 0.110577 0.237179 0.112179 0.240385 0.112179 0.245192 0.110577 0.246795 0.107372 0.248397 0.104167 0.246795
0 0.088141 0.285256 0.088141 0.282051 0.091346 0.280449 0.092949 0.277244 0.096154 0.277244 0.099359 0.277244 0.100962 0.280449 0.100962 0.283654 0.099359 0.285256 0.096154 0.286859 0.092949 0.286859
0 0.115385 0.357372 0.113782 0.355769 0.115385 0.352564 0.118590 0.349359 0.120192 0.349359 0.123397 0.350962 0.125000 0.354167 0.125000 0.357372 0.123397 0.358974 0.120192 0.360577 0.116987 0.360577
0 0.027244 0.405449 0.025641 0.402244 0.025641 0.400641 0.028846 0.397436 0.030449 0.397436 0.033654 0.397436 0.035256 0.400641 0.035256 0.403846 0.033654 0.407051 0.030449 0.408654 0.027244 0.408654
0 0.046474 0.427885 0.046474 0.424679 0.048077 0.421474 0.049679 0.419872 0.051282 0.419872 0.054487 0.419872 0.057692 0.423077 0.056090 0.426282 0.056090 0.427885 0.051282 0.429487 0.048077 0.429487
0 0.258013 0.410256 0.256410 0.407051 0.258013 0.403846 0.261218 0.402244 0.262821 0.402244 0.266026 0.402244 0.269231 0.407051 0.267628 0.410256 0.267628 0.411859 0.262821 0.413462 0.259615 0.413462
0 0.225962 0.463141 0.225962 0.461538 0.227564 0.456731 0.230769 0.455128 0.233974 0.453526 0.237179 0.455128 0.238782 0.458333 0.238782 0.461538 0.237179 0.463141 0.233974 0.464744 0.230769 0.464744
0 0.267628 0.514423 0.266026 0.511218 0.267628 0.508013 0.270833 0.506410 0.272436 0.506410 0.275641 0.506410 0.278846 0.509615 0.278846 0.512821 0.277244 0.516026 0.272436 0.517628 0.269231 0.516026
0 0.381410 0.548077 0.379808 0.544872 0.381410 0.541667 0.383013 0.541667 0.386218 0.538462 0.389423 0.540064 0.392628 0.543269 0.391026 0.546474 0.391026 0.549679 0.386218 0.549679 0.383013 0.549679
0 0.336538 0.592949 0.334936 0.589744 0.336538 0.586538 0.339744 0.584936 0.341346 0.584936 0.344551 0.584936 0.347756 0.588141 0.346154 0.592949 0.346154 0.594551 0.341346 0.596154 0.338141 0.594551
0 0.415064 0.605769 0.411859 0.604167 0.415064 0.600962 0.418269 0.597756 0.419872 0.597756 0.423077 0.599359 0.426282 0.602564 0.426282 0.605769 0.424679 0.607372 0.419872 0.608974 0.418269 0.608974
0 0.434295 0.511218 0.434295 0.508013 0.435897 0.503205 0.439103 0.501603 0.442308 0.501603 0.445513 0.501603 0.447115 0.504808 0.447115 0.508013 0.445513 0.511218 0.442308 0.512821 0.439103 0.511218
0 0.491987 0.524038 0.493590 0.519231 0.493590 0.517628 0.496795 0.514423 0.498397 0.512821 0.501603 0.514423 0.503205 0.517628 0.503205 0.520833 0.501603 0.524038 0.500000 0.525641 0.496795 0.524038
0 0.525641 0.450321 0.524038 0.447115 0.525641 0.443910 0.528846 0.442308 0.530449 0.442308 0.533654 0.442308 0.536859 0.445513 0.535256 0.448718 0.533654 0.451923 0.530449 0.453526 0.527244 0.451923
0 0.400641 0.472756 0.400641 0.467949 0.400641 0.463141 0.403846 0.461538 0.407051 0.459936 0.415064 0.459936 0.418269 0.463141 0.418269 0.467949 0.418269 0.472756 0.416667 0.475962 0.413462 0.479167
0 0.408654 0.479167 0.403846 0.477564 0.559295 0.496795 0.560897 0.491987 0.560897 0.490385 0.564103 0.487179 0.567308 0.487179 0.570513 0.487179 0.572115 0.491987 0.572115 0.495192 0.570513 0.496795 0.567308 0.498397 0.564103 0.498397
0 0.602564 0.487179 0.600962 0.483974 0.602564 0.480769 0.605769 0.479167 0.607372 0.479167 0.610577 0.479167 0.612179 0.482372 0.612179 0.485577 0.610577 0.488782 0.607372 0.490385 0.604167 0.488782
0 0.548077 0.463141 0.549679 0.459936 0.552885 0.459936 0.556090 0.459936 0.556090 0.461538 0.557692 0.464744 0.556090 0.466346 0.554487 0.467949 0.552885 0.467949 0.551282 0.467949 0.546474 0.467949
0 0.548077 0.464744 0.588141 0.370192 0.591346 0.366987 0.594551 0.366987 0.597756 0.366987 0.599359 0.368590 0.599359 0.371795 0.597756 0.373397 0.596154 0.373397 0.594551 0.375000 0.592949 0.375000 0.588141 0.375000
0 0.589744 0.371795 0.665064 0.415064 0.666667 0.411859 0.668269 0.411859 0.671474 0.411859 0.673077 0.413462 0.673077 0.416667 0.671474 0.418269 0.671474 0.419872 0.668269 0.419872 0.666667 0.421474 0.665064 0.419872
0 0.663462 0.416667 0.613782 0.258013 0.613782 0.256410 0.616987 0.256410 0.621795 0.256410 0.620192 0.258013 0.623397 0.259615 0.621795 0.261218 0.620192 0.262821 0.618590 0.262821 0.616987 0.262821 0.612179 0.262821
0 0.613782 0.259615 0.607372 0.288462 0.610577 0.285256 0.613782 0.285256 0.615385 0.285256 0.616987 0.286859 0.616987 0.288462 0.616987 0.290064 0.615385 0.291667 0.613782 0.293269 0.610577 0.294872 0.607372 0.293269
0 0.608974 0.288462 0.738782 0.250000 0.741987 0.246795 0.745192 0.246795 0.746795 0.246795 0.748397 0.248397 0.748397 0.251603 0.748397 0.253205 0.746795 0.253205 0.745192 0.254808 0.741987 0.256410 0.738782 0.254808
0 0.740385 0.251603 0.799679 0.290064 0.801282 0.286859 0.804487 0.286859 0.806090 0.286859 0.807692 0.288462 0.807692 0.291667 0.807692 0.293269 0.806090 0.294872 0.804487 0.294872 0.801282 0.296474 0.798077 0.294872
0 0.799679 0.291667 0.886218 0.254808 0.887821 0.251603 0.891026 0.251603 0.894231 0.251603 0.895833 0.253205 0.895833 0.256410 0.894231 0.258013 0.892628 0.259615 0.891026 0.259615 0.889423 0.259615 0.884615 0.259615
0 0.886218 0.256410 0.929487 0.320513 0.929487 0.317308 0.931090 0.317308 0.934295 0.317308 0.935897 0.318910 0.935897 0.322115 0.935897 0.323718 0.934295 0.325321 0.932692 0.325321 0.931090 0.326923 0.927885 0.325321
0 0.929487 0.322115 0.778846 0.522436 0.780449 0.522436 0.783654 0.519231 0.786859 0.520833 0.788462 0.522436 0.788462 0.524038 0.786859 0.525641 0.785256 0.527244 0.783654 0.528846 0.782051 0.528846 0.777244 0.528846
0 0.778846 0.524038 0.727564 0.612179 0.730769 0.608974 0.733974 0.607372 0.737179 0.608974 0.737179 0.610577 0.738782 0.612179 0.737179 0.613782 0.735577 0.615385 0.733974 0.615385 0.730769 0.615385 0.727564 0.616987
0 0.729167 0.612179 0.751603 0.741987 0.751603 0.740385 0.754808 0.737179 0.758013 0.737179 0.759615 0.738782 0.759615 0.741987 0.759615 0.743590 0.758013 0.745192 0.756410 0.745192 0.753205 0.745192 0.751603 0.745192
0 0.750000 0.741987 0.677885 0.703526 0.679487 0.700321 0.681090 0.700321 0.684295 0.700321 0.685897 0.701923 0.685897 0.703526 0.685897 0.706731 0.684295 0.706731 0.682692 0.708333 0.679487 0.709936 0.677885 0.706731
0 0.676282 0.703526 0.376603 0.649038 0.378205 0.644231 0.378205 0.642628 0.381410 0.639423 0.384615 0.637821 0.387821 0.639423 0.389423 0.642628 0.389423 0.645833 0.387821 0.649038 0.384615 0.649038 0.381410 0.649038
0 0.278846 0.360577 0.274038 0.358974 0.272436 0.355769 0.272436 0.350962 0.274038 0.347756 0.278846 0.346154 0.283654 0.347756 0.285256 0.349359 0.285256 0.354167 0.285256 0.357372 0.282051 0.360577
0 0.336538 0.405449 0.338141 0.400641 0.338141 0.399038 0.341346 0.395833 0.344551 0.395833 0.347756 0.395833 0.349359 0.399038 0.349359 0.402244 0.347756 0.405449 0.344551 0.405449 0.341346 0.405449
0 0.669872 0.477564 0.665064 0.475962 0.661859 0.471154 0.661859 0.466346 0.663462 0.463141 0.666667 0.459936 0.673077 0.459936 0.677885 0.463141 0.679487 0.466346 0.679487 0.471154 0.676282 0.474359
0 0.673077 0.477564 0.740385 0.490385 0.743590 0.487179 0.746795 0.487179 0.748397 0.487179 0.750000 0.488782 0.750000 0.491987 0.750000 0.493590 0.748397 0.493590 0.746795 0.495192 0.743590 0.496795 0.740385 0.495192
0 0.741987 0.491987 0.812500 0.700321 0.807692 0.698718 0.804487 0.695513 0.804487 0.690705 0.806090 0.685897 0.810897 0.684295 0.815705 0.684295 0.820513 0.685897 0.822115 0.689103 0.822115 0.693910 0.820513 0.698718
0 0.815705 0.700321 0.777244 0.746795 0.780449 0.743590 0.782051 0.743590 0.785256 0.743590 0.786859 0.745192 0.786859 0.748397 0.786859 0.750000 0.785256 0.750000 0.783654 0.751603 0.780449 0.753205 0.777244 0.751603
0 0.778846 0.748397 0.669872 0.580128 0.665064 0.578526 0.663462 0.575321 0.663462 0.570513 0.665064 0.567308 0.669872 0.565705 0.674679 0.567308 0.676282 0.568910 0.676282 0.573718 0.676282 0.576923 0.673077 0.580128
0 0.227564 0.237179 0.225962 0.232372 0.227564 0.227564 0.230769 0.225962 0.233974 0.224359 0.240385 0.224359 0.243590 0.227564 0.245192 0.232372 0.245192 0.237179 0.243590 0.240385 0.240385 0.243590
