0 0.674679 0.665064 0.671474 0.663462 0.668269 0.660256 0.666667 0.655449 0.668269 0.652244 0.671474 0.649038 0.676282 0.650641 0.679487 0.652244 0.679487 0.657051 0.679487 0.661859 0.677885 0.665064
0 0.653846 0.647436 0.650641 0.645833 0.647436 0.642628 0.645833 0.637821 0.647436 0.633013 0.650641 0.631410 0.655449 0.631410 0.657051 0.634615 0.658654 0.639423 0.658654 0.642628 0.657051 0.645833
0 0.705128 0.637821 0.701923 0.636218 0.698718 0.633013 0.697115 0.629808 0.698718 0.625000 0.701923 0.621795 0.708333 0.623397 0.709936 0.625000 0.711538 0.629808 0.711538 0.634615 0.708333 0.637821
0 0.708333 0.658654 0.705128 0.657051 0.701923 0.653846 0.700321 0.649038 0.701923 0.645833 0.705128 0.642628 0.709936 0.642628 0.713141 0.645833 0.713141 0.650641 0.713141 0.655449 0.711538 0.657051
0 0.613782 0.690705 0.610577 0.689103 0.607372 0.685897 0.605769 0.681090 0.607372 0.677885 0.610577 0.674679 0.615385 0.676282 0.616987 0.677885 0.618590 0.682692 0.618590 0.687500 0.616987 0.690705
0 0.665064 0.588141 0.660256 0.586538 0.658654 0.583333 0.655449 0.580128 0.657051 0.575321 0.661859 0.572115 0.666667 0.573718 0.668269 0.575321 0.669872 0.581731 0.669872 0.584936 0.668269 0.588141
0 0.697115 0.546474 0.693910 0.546474 0.690705 0.541667 0.689103 0.538462 0.690705 0.533654 0.693910 0.532051 0.698718 0.532051 0.701923 0.535256 0.701923 0.540064 0.701923 0.543269 0.700321 0.546474
0 0.637821 0.549679 0.634615 0.548077 0.631410 0.544872 0.629808 0.540064 0.631410 0.536859 0.634615 0.533654 0.639423 0.535256 0.641026 0.536859 0.642628 0.541667 0.642628 0.546474 0.641026 0.549679
0 0.616987 0.625000 0.613782 0.623397 0.610577 0.620192 0.607372 0.616987 0.608974 0.612179 0.613782 0.608974 0.618590 0.610577 0.620192 0.612179 0.621795 0.616987 0.621795 0.621795 0.620192 0.625000
0 0.568910 0.692308 0.565705 0.690705 0.562500 0.687500 0.560897 0.684295 0.562500 0.679487 0.565705 0.676282 0.570513 0.677885 0.573718 0.679487 0.575321 0.684295 0.573718 0.689103 0.572115 0.692308
0 0.698718 0.567308 0.695513 0.565705 0.693910 0.562500 0.692308 0.559295 0.692308 0.554487 0.697115 0.552885 0.701923 0.552885 0.703526 0.556090 0.705128 0.560897 0.705128 0.564103 0.701923 0.567308
0 0.520833 0.687500 0.517628 0.685897 0.514423 0.682692 0.512821 0.677885 0.514423 0.674679 0.517628 0.671474 0.522436 0.673077 0.524038 0.674679 0.525641 0.679487 0.525641 0.684295 0.524038 0.687500
0 0.540064 0.682692 0.536859 0.681090 0.533654 0.677885 0.532051 0.673077 0.533654 0.669872 0.536859 0.666667 0.541667 0.668269 0.543269 0.669872 0.544872 0.674679 0.544872 0.679487 0.543269 0.682692
0 0.525641 0.663462 0.522436 0.661859 0.519231 0.658654 0.516026 0.655449 0.517628 0.650641 0.522436 0.647436 0.527244 0.649038 0.528846 0.650641 0.530449 0.655449 0.530449 0.660256 0.528846 0.663462
0 0.522436 0.626603 0.519231 0.626603 0.516026 0.623397 0.516026 0.618590 0.516026 0.613782 0.519231 0.612179 0.524038 0.612179 0.527244 0.615385 0.528846 0.620192 0.528846 0.623397 0.525641 0.626603
0 0.690705 0.716346 0.687500 0.714744 0.685897 0.711538 0.684295 0.706731 0.684295 0.701923 0.689103 0.700321 0.693910 0.700321 0.695513 0.703526 0.697115 0.708333 0.697115 0.713141 0.695513 0.714744
0 0.676282 0.725962 0.673077 0.724359 0.669872 0.721154 0.668269 0.716346 0.669872 0.713141 0.673077 0.709936 0.677885 0.709936 0.679487 0.713141 0.681090 0.717949 0.681090 0.722756 0.679487 0.724359
0 0.732372 0.644231 0.729167 0.642628 0.725962 0.639423 0.724359 0.636218 0.725962 0.631410 0.729167 0.629808 0.733974 0.629808 0.735577 0.633013 0.737179 0.637821 0.737179 0.641026 0.735577 0.644231
0 0.746795 0.633013 0.743590 0.631410 0.738782 0.629808 0.740385 0.625000 0.740385 0.620192 0.743590 0.618590 0.750000 0.618590 0.751603 0.621795 0.753205 0.626603 0.753205 0.629808 0.750000 0.633013
0 0.761218 0.592949 0.756410 0.591346 0.754808 0.588141 0.753205 0.584936 0.753205 0.580128 0.758013 0.578526 0.762821 0.578526 0.764423 0.581731 0.766026 0.586538 0.766026 0.589744 0.764423 0.592949
0 0.748397 0.516026 0.745192 0.514423 0.741987 0.511218 0.740385 0.506410 0.741987 0.503205 0.745192 0.498397 0.750000 0.498397 0.751603 0.503205 0.753205 0.508013 0.753205 0.512821 0.751603 0.516026
0 0.703526 0.524038 0.700321 0.524038 0.695513 0.520833 0.697115 0.516026 0.697115 0.511218 0.700321 0.509615 0.705128 0.509615 0.708333 0.512821 0.709936 0.517628 0.708333 0.520833 0.706731 0.524038
0 0.737179 0.546474 0.733974 0.544872 0.730769 0.541667 0.729167 0.536859 0.730769 0.535256 0.733974 0.532051 0.738782 0.532051 0.740385 0.533654 0.741987 0.538462 0.741987 0.543269 0.740385 0.546474
0 0.762821 0.552885 0.759615 0.552885 0.756410 0.548077 0.754808 0.544872 0.756410 0.540064 0.759615 0.538462 0.764423 0.538462 0.766026 0.541667 0.767628 0.546474 0.767628 0.549679 0.766026 0.552885
0 0.785256 0.543269 0.782051 0.541667 0.778846 0.538462 0.775641 0.535256 0.777244 0.530449 0.782051 0.527244 0.786859 0.527244 0.788462 0.530449 0.790064 0.535256 0.790064 0.540064 0.788462 0.541667
0 0.870192 0.559295 0.866987 0.557692 0.865385 0.554487 0.863782 0.549679 0.863782 0.544872 0.868590 0.543269 0.873397 0.543269 0.875000 0.546474 0.876603 0.551282 0.876603 0.554487 0.875000 0.557692
0 0.826923 0.532051 0.823718 0.532051 0.820513 0.527244 0.818910 0.524038 0.820513 0.519231 0.823718 0.517628 0.828526 0.517628 0.830128 0.520833 0.831731 0.525641 0.831731 0.528846 0.830128 0.532051
0 0.860577 0.503205 0.857372 0.501603 0.854167 0.496795 0.852564 0.493590 0.854167 0.488782 0.857372 0.487179 0.862179 0.487179 0.863782 0.490385 0.865385 0.495192 0.865385 0.498397 0.863782 0.503205
0 0.895833 0.538462 0.892628 0.536859 0.889423 0.533654 0.887821 0.530449 0.889423 0.525641 0.892628 0.524038 0.897436 0.524038 0.899038 0.527244 0.900641 0.532051 0.900641 0.535256 0.899038 0.538462
0 0.913462 0.543269 0.910256 0.541667 0.908654 0.538462 0.907051 0.533654 0.907051 0.528846 0.911859 0.527244 0.916667 0.527244 0.918269 0.530449 0.919872 0.535256 0.919872 0.538462 0.918269 0.541667
0 0.834936 0.653846 0.831731 0.652244 0.828526 0.649038 0.825321 0.645833 0.826923 0.641026 0.831731 0.637821 0.836538 0.637821 0.838141 0.641026 0.839744 0.645833 0.839744 0.650641 0.838141 0.652244
0 0.866987 0.663462 0.862179 0.661859 0.860577 0.658654 0.855769 0.655449 0.857372 0.650641 0.863782 0.647436 0.868590 0.649038 0.870192 0.650641 0.871795 0.655449 0.871795 0.660256 0.870192 0.663462
0 0.918269 0.665064 0.915064 0.663462 0.910256 0.660256 0.908654 0.657051 0.910256 0.652244 0.915064 0.650641 0.919872 0.650641 0.921474 0.653846 0.923077 0.658654 0.923077 0.661859 0.921474 0.665064
0 0.942308 0.655449 0.939103 0.653846 0.935897 0.650641 0.935897 0.645833 0.935897 0.641026 0.939103 0.639423 0.943910 0.639423 0.947115 0.642628 0.948718 0.647436 0.947115 0.652244 0.945513 0.653846
0 0.916667 0.626603 0.911859 0.625000 0.910256 0.621795 0.907051 0.618590 0.908654 0.613782 0.913462 0.610577 0.918269 0.612179 0.919872 0.613782 0.923077 0.618590 0.923077 0.623397 0.921474 0.626603
0 0.894231 0.655449 0.891026 0.652244 0.889423 0.649038 0.886218 0.645833 0.887821 0.641026 0.892628 0.637821 0.897436 0.637821 0.899038 0.641026 0.900641 0.645833 0.900641 0.652244 0.897436 0.653846
0 0.958333 0.565705 0.955128 0.564103 0.951923 0.560897 0.950321 0.557692 0.951923 0.552885 0.955128 0.551282 0.959936 0.551282 0.961538 0.554487 0.963141 0.559295 0.963141 0.562500 0.961538 0.565705
0 0.913462 0.729167 0.910256 0.729167 0.905449 0.725962 0.907051 0.721154 0.907051 0.716346 0.910256 0.714744 0.915064 0.714744 0.918269 0.717949 0.919872 0.722756 0.919872 0.725962 0.916667 0.730769
0 0.972756 0.724359 0.969551 0.722756 0.966346 0.719551 0.963141 0.716346 0.964744 0.711538 0.969551 0.708333 0.975962 0.708333 0.977564 0.711538 0.979167 0.716346 0.979167 0.721154 0.975962 0.722756
0 0.967949 0.701923 0.964744 0.700321 0.961538 0.695513 0.959936 0.690705 0.961538 0.687500 0.964744 0.684295 0.969551 0.684295 0.971154 0.687500 0.972756 0.692308 0.972756 0.698718 0.971154 0.701923
0 0.953526 0.713141 0.950321 0.711538 0.948718 0.706731 0.945513 0.703526 0.947115 0.698718 0.951923 0.695513 0.956731 0.697115 0.958333 0.698718 0.959936 0.705128 0.959936 0.709936 0.956731 0.713141
0 0.916667 0.777244 0.911859 0.775641 0.908654 0.772436 0.907051 0.769231 0.908654 0.764423 0.911859 0.761218 0.916667 0.762821 0.921474 0.764423 0.923077 0.769231 0.921474 0.774038 0.923077 0.794872
0 0.919872 0.793269 0.916667 0.788462 0.916667 0.783654 0.916667 0.778846 0.919872 0.777244 0.924679 0.777244 0.927885 0.780449 0.929487 0.786859 0.929487 0.790064 0.926282 0.793269 0.892628 0.794872
0 0.887821 0.793269 0.886218 0.790064 0.883013 0.786859 0.884615 0.782051 0.889423 0.778846 0.894231 0.778846 0.895833 0.782051 0.897436 0.786859 0.897436 0.791667 0.895833 0.793269 0.998397 0.777244
0 0.996795 0.774038 0.995192 0.770833 0.991987 0.767628 0.993590 0.762821 0.998397 0.759615 0.988782 0.788462 0.985577 0.786859 0.982372 0.783654 0.980769 0.778846 0.982372 0.774038 0.985577 0.772436
0 0.990385 0.772436 0.993590 0.775641 0.993590 0.780449 0.993590 0.783654 0.991987 0.786859 0.879808 0.807692 0.876603 0.806090 0.873397 0.802885 0.871795 0.799679 0.873397 0.794872 0.876603 0.791667
0 0.881410 0.791667 0.884615 0.794872 0.886218 0.799679 0.884615 0.804487 0.883013 0.806090 0.876603 0.769231 0.871795 0.767628 0.868590 0.764423 0.866987 0.758013 0.868590 0.754808 0.871795 0.751603
0 0.876603 0.753205 0.879808 0.756410 0.881410 0.761218 0.881410 0.766026 0.879808 0.769231 0.748397 0.684295 0.745192 0.682692 0.741987 0.679487 0.740385 0.674679 0.741987 0.671474 0.745192 0.668269
0 0.750000 0.669872 0.751603 0.671474 0.753205 0.676282 0.753205 0.681090 0.751603 0.684295 0.711538 0.764423 0.708333 0.764423 0.706731 0.758013 0.705128 0.754808 0.705128 0.750000 0.709936 0.748397
0 0.714744 0.748397 0.716346 0.751603 0.717949 0.758013 0.717949 0.761218 0.714744 0.764423 0.732372 0.783654 0.729167 0.782051 0.725962 0.778846 0.722756 0.774038 0.727564 0.772436 0.730769 0.769231
0 0.733974 0.767628 0.735577 0.770833 0.737179 0.775641 0.737179 0.780449 0.735577 0.782051 0.717949 0.732372 0.714744 0.732372 0.711538 0.729167 0.709936 0.724359 0.711538 0.719551 0.714744 0.717949
0 0.719551 0.717949 0.722756 0.721154 0.722756 0.725962 0.722756 0.729167 0.721154 0.732372 0.637821 0.783654 0.634615 0.782051 0.631410 0.778846 0.629808 0.774038 0.631410 0.769231 0.634615 0.767628
0 0.639423 0.767628 0.641026 0.770833 0.642628 0.775641 0.642628 0.778846 0.641026 0.782051 0.607372 0.774038 0.604167 0.772436 0.602564 0.769231 0.599359 0.766026 0.600962 0.761218 0.605769 0.759615
0 0.610577 0.758013 0.612179 0.761218 0.613782 0.766026 0.613782 0.770833 0.610577 0.772436 0.615385 0.791667 0.612179 0.791667 0.608974 0.786859 0.607372 0.783654 0.607372 0.778846 0.612179 0.777244
0 0.616987 0.777244 0.618590 0.780449 0.620192 0.785256 0.620192 0.788462 0.618590 0.793269 0.700321 0.786859 0.697115 0.785256 0.693910 0.782051 0.692308 0.777244 0.693910 0.774038 0.697115 0.770833
0 0.701923 0.772436 0.705128 0.774038 0.705128 0.778846 0.705128 0.783654 0.703526 0.786859 0.721154 0.842949 0.717949 0.841346 0.714744 0.836538 0.714744 0.831731 0.714744 0.826923 0.717949 0.825321
0 0.722756 0.825321 0.725962 0.828526 0.727564 0.833333 0.725962 0.838141 0.724359 0.841346 0.705128 0.833333 0.700321 0.831731 0.698718 0.828526 0.695513 0.825321 0.695513 0.820513 0.701923 0.817308
0 0.706731 0.818910 0.708333 0.820513 0.709936 0.825321 0.709936 0.830128 0.708333 0.833333 0.639423 0.815705 0.636218 0.814103 0.633013 0.810897 0.631410 0.807692 0.633013 0.802885 0.636218 0.799679
0 0.641026 0.801282 0.644231 0.802885 0.645833 0.809295 0.644231 0.812500 0.642628 0.815705 0.578526 0.820513 0.575321 0.818910 0.570513 0.817308 0.572115 0.812500 0.572115 0.807692 0.575321 0.806090
0 0.581731 0.806090 0.583333 0.809295 0.584936 0.814103 0.584936 0.817308 0.581731 0.820513 0.592949 0.668269 0.589744 0.666667 0.588141 0.663462 0.584936 0.660256 0.586538 0.655449 0.591346 0.652244
0 0.596154 0.653846 0.597756 0.655449 0.599359 0.660256 0.599359 0.665064 0.596154 0.668269 0.578526 0.676282 0.575321 0.676282 0.570513 0.673077 0.572115 0.668269 0.572115 0.663462 0.575321 0.661859
0 0.581731 0.661859 0.583333 0.665064 0.584936 0.669872 0.584936 0.673077 0.581731 0.676282 0.493590 0.709936 0.488782 0.708333 0.487179 0.705128 0.485577 0.701923 0.485577 0.697115 0.490385 0.693910
0 0.495192 0.695513 0.496795 0.697115 0.498397 0.701923 0.498397 0.706731 0.496795 0.709936 0.490385 0.634615 0.487179 0.633013 0.483974 0.629808 0.482372 0.625000 0.483974 0.621795 0.487179 0.618590
0 0.491987 0.620192 0.493590 0.621795 0.495192 0.628205 0.495192 0.631410 0.493590 0.634615 0.533654 0.642628 0.530449 0.641026 0.527244 0.637821 0.525641 0.633013 0.527244 0.629808 0.530449 0.626603
0 0.535256 0.626603 0.536859 0.629808 0.538462 0.634615 0.538462 0.639423 0.536859 0.642628 0.453526 0.666667 0.450321 0.665064 0.448718 0.661859 0.445513 0.658654 0.447115 0.653846 0.451923 0.650641
0 0.456731 0.652244 0.458333 0.653846 0.459936 0.658654 0.459936 0.663462 0.456731 0.666667 0.445513 0.687500 0.442308 0.685897 0.439103 0.682692 0.437500 0.677885 0.439103 0.674679 0.442308 0.671474
0 0.447115 0.673077 0.450321 0.674679 0.450321 0.679487 0.450321 0.684295 0.448718 0.687500 0.408654 0.753205 0.405449 0.751603 0.402244 0.748397 0.400641 0.743590 0.402244 0.738782 0.405449 0.737179
0 0.410256 0.737179 0.411859 0.740385 0.413462 0.745192 0.413462 0.748397 0.411859 0.751603 0.413462 0.732372 0.410256 0.730769 0.407051 0.727564 0.405449 0.724359 0.407051 0.719551 0.410256 0.716346
0 0.415064 0.717949 0.418269 0.719551 0.418269 0.724359 0.418269 0.729167 0.416667 0.732372 0.495192 0.780449 0.491987 0.778846 0.488782 0.775641 0.487179 0.772436 0.488782 0.767628 0.491987 0.764423
0 0.496795 0.764423 0.501603 0.767628 0.503205 0.772436 0.503205 0.777244 0.498397 0.780449 0.516026 0.786859 0.512821 0.785256 0.511218 0.782051 0.508013 0.778846 0.509615 0.774038 0.514423 0.770833
0 0.519231 0.772436 0.520833 0.774038 0.522436 0.778846 0.522436 0.783654 0.519231 0.786859 0.512821 0.836538 0.509615 0.836538 0.504808 0.833333 0.506410 0.828526 0.506410 0.823718 0.509615 0.822115
0 0.514423 0.822115 0.517628 0.825321 0.519231 0.830128 0.517628 0.833333 0.516026 0.836538 0.402244 0.685897 0.399038 0.684295 0.395833 0.681090 0.394231 0.676282 0.395833 0.673077 0.399038 0.669872
0 0.403846 0.671474 0.405449 0.674679 0.407051 0.679487 0.407051 0.682692 0.405449 0.685897 0.429487 0.679487 0.426282 0.677885 0.423077 0.674679 0.421474 0.669872 0.423077 0.666667 0.426282 0.663462
0 0.431090 0.665064 0.432692 0.666667 0.434295 0.671474 0.434295 0.676282 0.432692 0.679487 0.419872 0.693910 0.415064 0.692308 0.413462 0.689103 0.411859 0.684295 0.411859 0.679487 0.416667 0.677885
0 0.421474 0.677885 0.423077 0.681090 0.424679 0.685897 0.424679 0.689103 0.423077 0.692308 0.490385 0.729167 0.487179 0.727564 0.483974 0.724359 0.482372 0.719551 0.483974 0.716346 0.487179 0.713141
0 0.491987 0.714744 0.493590 0.716346 0.495192 0.721154 0.495192 0.725962 0.493590 0.729167 0.509615 0.767628 0.506410 0.766026 0.503205 0.762821 0.501603 0.758013 0.503205 0.754808 0.506410 0.751603
0 0.511218 0.753205 0.512821 0.754808 0.514423 0.759615 0.514423 0.764423 0.512821 0.767628 0.483974 0.754808 0.480769 0.753205 0.477564 0.750000 0.475962 0.745192 0.477564 0.741987 0.480769 0.738782
0 0.485577 0.740385 0.488782 0.741987 0.488782 0.746795 0.488782 0.751603 0.487179 0.754808 0.447115 0.628205 0.443910 0.626603 0.440705 0.623397 0.439103 0.620192 0.439103 0.615385 0.443910 0.613782
0 0.448718 0.613782 0.450321 0.616987 0.451923 0.621795 0.451923 0.625000 0.450321 0.628205 0.403846 0.625000 0.399038 0.623397 0.397436 0.620192 0.394231 0.616987 0.395833 0.612179 0.400641 0.608974
0 0.405449 0.610577 0.407051 0.612179 0.407051 0.618590 0.408654 0.621795 0.407051 0.625000 0.527244 0.591346 0.524038 0.589744 0.520833 0.586538 0.519231 0.583333 0.520833 0.578526 0.524038 0.575321
0 0.528846 0.576923 0.530449 0.578526 0.532051 0.584936 0.532051 0.588141 0.530449 0.591346 0.519231 0.562500 0.514423 0.560897 0.512821 0.557692 0.509615 0.554487 0.511218 0.549679 0.516026 0.546474
0 0.520833 0.548077 0.522436 0.549679 0.524038 0.554487 0.524038 0.559295 0.522436 0.562500 0.427885 0.519231 0.424679 0.517628 0.421474 0.514423 0.419872 0.511218 0.421474 0.506410 0.424679 0.504808
0 0.429487 0.504808 0.432692 0.508013 0.432692 0.512821 0.432692 0.516026 0.431090 0.519231 0.400641 0.597756 0.397436 0.597756 0.394231 0.592949 0.392628 0.589744 0.394231 0.584936 0.397436 0.583333
0 0.402244 0.583333 0.403846 0.586538 0.405449 0.591346 0.405449 0.594551 0.403846 0.597756 0.543269 0.559295 0.540064 0.557692 0.536859 0.554487 0.533654 0.551282 0.535256 0.546474 0.540064 0.543269
0 0.544872 0.543269 0.546474 0.548077 0.548077 0.551282 0.548077 0.556090 0.546474 0.557692 0.371795 0.592949 0.368590 0.591346 0.365385 0.588141 0.362179 0.584936 0.363782 0.580128 0.368590 0.576923
0 0.373397 0.578526 0.375000 0.580128 0.376603 0.584936 0.376603 0.589744 0.375000 0.592949 0.342949 0.628205 0.339744 0.626603 0.338141 0.623397 0.334936 0.620192 0.336538 0.615385 0.341346 0.612179
0 0.346154 0.613782 0.347756 0.615385 0.349359 0.620192 0.349359 0.625000 0.346154 0.628205 0.315705 0.641026 0.310897 0.639423 0.309295 0.636218 0.306090 0.633013 0.307692 0.628205 0.312500 0.625000
0 0.317308 0.626603 0.318910 0.628205 0.320513 0.633013 0.320513 0.637821 0.318910 0.641026 0.288462 0.647436 0.285256 0.645833 0.282051 0.642628 0.280449 0.639423 0.282051 0.634615 0.285256 0.631410
0 0.291667 0.633013 0.293269 0.634615 0.294872 0.639423 0.294872 0.644231 0.291667 0.647436 0.264423 0.655449 0.261218 0.653846 0.258013 0.650641 0.256410 0.645833 0.258013 0.641026 0.261218 0.639423
0 0.266026 0.639423 0.267628 0.642628 0.269231 0.647436 0.269231 0.650641 0.267628 0.653846 0.318910 0.732372 0.315705 0.730769 0.312500 0.727564 0.310897 0.724359 0.312500 0.719551 0.315705 0.716346
0 0.320513 0.717949 0.323718 0.719551 0.325321 0.724359 0.323718 0.729167 0.322115 0.732372 0.299679 0.753205 0.296474 0.751603 0.293269 0.748397 0.291667 0.743590 0.293269 0.740385 0.296474 0.737179
0 0.301282 0.737179 0.302885 0.740385 0.304487 0.745192 0.304487 0.750000 0.302885 0.751603 0.325321 0.778846 0.322115 0.777244 0.318910 0.774038 0.317308 0.767628 0.318910 0.764423 0.322115 0.761218
0 0.326923 0.762821 0.328526 0.764423 0.330128 0.769231 0.330128 0.774038 0.328526 0.778846 0.338141 0.770833 0.334936 0.769231 0.331731 0.766026 0.330128 0.761218 0.331731 0.758013 0.334936 0.754808
0 0.339744 0.756410 0.341346 0.758013 0.342949 0.762821 0.342949 0.767628 0.341346 0.770833 0.394231 0.834936 0.389423 0.834936 0.387821 0.831731 0.386218 0.826923 0.386218 0.822115 0.391026 0.820513
0 0.395833 0.820513 0.397436 0.823718 0.399038 0.828526 0.399038 0.831731 0.397436 0.834936 0.431090 0.855769 0.427885 0.854167 0.426282 0.850962 0.423077 0.847756 0.424679 0.842949 0.429487 0.839744
0 0.434295 0.841346 0.435897 0.842949 0.437500 0.847756 0.437500 0.852564 0.435897 0.855769 0.466346 0.782051 0.463141 0.780449 0.459936 0.777244 0.458333 0.774038 0.459936 0.769231 0.463141 0.766026
0 0.471154 0.769231 0.472756 0.774038 0.471154 0.778846 0.469551 0.782051 0.360577 0.866987 0.357372 0.865385 0.354167 0.860577 0.352564 0.857372 0.354167 0.852564 0.357372 0.849359 0.362179 0.850962
0 0.365385 0.852564 0.366987 0.857372 0.365385 0.862179 0.363782 0.866987 0.221154 0.740385 0.217949 0.740385 0.216346 0.737179 0.214744 0.732372 0.214744 0.727564 0.219551 0.725962 0.224359 0.725962
0 0.225962 0.729167 0.227564 0.733974 0.227564 0.737179 0.224359 0.740385 0.185897 0.777244 0.182692 0.775641 0.179487 0.772436 0.177885 0.769231 0.179487 0.764423 0.184295 0.761218 0.189103 0.761218
0 0.192308 0.764423 0.193910 0.769231 0.192308 0.774038 0.190705 0.775641 0.145833 0.730769 0.142628 0.730769 0.141026 0.725962 0.139423 0.722756 0.139423 0.717949 0.144231 0.716346 0.149038 0.716346
0 0.150641 0.719551 0.152244 0.724359 0.152244 0.727564 0.150641 0.730769 0.113782 0.709936 0.110577 0.708333 0.108974 0.705128 0.107372 0.700321 0.107372 0.695513 0.112179 0.693910 0.116987 0.693910
0 0.118590 0.697115 0.120192 0.701923 0.120192 0.706731 0.116987 0.708333 0.112179 0.727564 0.107372 0.727564 0.102564 0.724359 0.104167 0.719551 0.104167 0.714744 0.108974 0.713141 0.113782 0.713141
0 0.116987 0.716346 0.118590 0.721154 0.116987 0.724359 0.115385 0.727564 0.134615 0.714744 0.131410 0.713141 0.128205 0.709936 0.126603 0.705128 0.128205 0.701923 0.131410 0.698718 0.136218 0.700321
0 0.137821 0.701923 0.139423 0.706731 0.139423 0.711538 0.137821 0.714744 0.147436 0.687500 0.144231 0.685897 0.141026 0.682692 0.137821 0.679487 0.139423 0.674679 0.145833 0.669872 0.150641 0.669872
0 0.152244 0.673077 0.153846 0.677885 0.153846 0.684295 0.152244 0.685897 0.092949 0.689103 0.089744 0.689103 0.084936 0.685897 0.086538 0.681090 0.086538 0.676282 0.089744 0.674679 0.097756 0.674679
0 0.099359 0.677885 0.100962 0.682692 0.100962 0.685897 0.096154 0.689103 0.181090 0.735577 0.177885 0.735577 0.174679 0.730769 0.173077 0.727564 0.173077 0.722756 0.177885 0.721154 0.182692 0.721154
0 0.184295 0.724359 0.185897 0.729167 0.185897 0.732372 0.184295 0.735577 0.147436 0.830128 0.142628 0.830128 0.141026 0.825321 0.137821 0.822115 0.139423 0.817308 0.144231 0.814103 0.150641 0.815705
0 0.152244 0.817308 0.150641 0.823718 0.152244 0.826923 0.150641 0.830128 0.133013 0.834936 0.129808 0.833333 0.126603 0.830128 0.123397 0.826923 0.125000 0.822115 0.129808 0.817308 0.134615 0.818910
0 0.136218 0.822115 0.137821 0.828526 0.137821 0.831731 0.136218 0.834936 0.113782 0.850962 0.110577 0.849359 0.107372 0.846154 0.104167 0.842949 0.105769 0.838141 0.110577 0.834936 0.116987 0.834936
0 0.118590 0.838141 0.120192 0.842949 0.118590 0.847756 0.116987 0.849359 0.227564 0.798077 0.224359 0.796474 0.221154 0.793269 0.219551 0.790064 0.221154 0.785256 0.224359 0.783654 0.230769 0.783654
0 0.232372 0.785256 0.233974 0.790064 0.233974 0.794872 0.230769 0.798077 0.221154 0.865385 0.217949 0.863782 0.214744 0.860577 0.213141 0.855769 0.213141 0.850962 0.217949 0.849359 0.222756 0.849359
0 0.224359 0.852564 0.225962 0.857372 0.225962 0.862179 0.224359 0.863782 0.237179 0.871795 0.232372 0.866987 0.229167 0.863782 0.230769 0.858974 0.237179 0.855769 0.241987 0.857372 0.243590 0.858974
0 0.245192 0.863782 0.245192 0.868590 0.243590 0.871795 0.182692 0.687500 0.179487 0.685897 0.176282 0.682692 0.174679 0.677885 0.176282 0.674679 0.179487 0.671474 0.184295 0.673077 0.185897 0.674679
0 0.187500 0.679487 0.187500 0.684295 0.185897 0.687500 0.070513 0.628205 0.067308 0.626603 0.065705 0.623397 0.064103 0.620192 0.064103 0.615385 0.068910 0.613782 0.073718 0.613782 0.075321 0.616987
0 0.076923 0.621795 0.076923 0.625000 0.075321 0.628205 0.112179 0.604167 0.108974 0.604167 0.107372 0.599359 0.105769 0.596154 0.105769 0.591346 0.110577 0.589744 0.115385 0.589744 0.116987 0.592949
0 0.118590 0.597756 0.118590 0.600962 0.115385 0.604167 0.160256 0.575321 0.157051 0.573718 0.155449 0.570513 0.152244 0.567308 0.153846 0.562500 0.158654 0.559295 0.163462 0.559295 0.165064 0.562500
0 0.166667 0.567308 0.166667 0.572115 0.163462 0.575321 0.091346 0.602564 0.088141 0.600962 0.084936 0.597756 0.083333 0.594551 0.084936 0.589744 0.088141 0.586538 0.092949 0.586538 0.096154 0.589744
0 0.097756 0.594551 0.097756 0.599359 0.094551 0.600962 0.068910 0.653846 0.065705 0.652244 0.062500 0.649038 0.060897 0.645833 0.062500 0.641026 0.065705 0.637821 0.070513 0.637821 0.073718 0.641026
0 0.073718 0.645833 0.073718 0.650641 0.072115 0.652244 0.209936 0.576923 0.206731 0.575321 0.203526 0.572115 0.201923 0.567308 0.203526 0.564103 0.206731 0.560897 0.211538 0.562500 0.213141 0.564103
0 0.214744 0.568910 0.214744 0.573718 0.213141 0.576923 0.225962 0.503205 0.222756 0.501603 0.221154 0.496795 0.219551 0.491987 0.219551 0.487179 0.224359 0.485577 0.229167 0.485577 0.230769 0.488782
0 0.232372 0.493590 0.232372 0.496795 0.230769 0.501603 0.248397 0.464744 0.245192 0.463141 0.241987 0.459936 0.240385 0.456731 0.241987 0.451923 0.245192 0.448718 0.250000 0.450321 0.253205 0.451923
0 0.254808 0.456731 0.254808 0.461538 0.251603 0.464744 0.293269 0.453526 0.290064 0.451923 0.286859 0.448718 0.283654 0.445513 0.285256 0.440705 0.290064 0.437500 0.294872 0.439103 0.296474 0.442308
0 0.298077 0.447115 0.298077 0.450321 0.296474 0.453526 0.100962 0.469551 0.097756 0.467949 0.094551 0.464744 0.092949 0.459936 0.094551 0.456731 0.097756 0.453526 0.102564 0.455128 0.104167 0.456731
0 0.105769 0.461538 0.105769 0.466346 0.104167 0.469551 0.123397 0.524038 0.120192 0.522436 0.115385 0.519231 0.113782 0.516026 0.115385 0.511218 0.120192 0.508013 0.125000 0.508013 0.128205 0.511218
0 0.129808 0.516026 0.128205 0.520833 0.126603 0.522436 0.035256 0.477564 0.032051 0.475962 0.027244 0.472756 0.025641 0.467949 0.027244 0.463141 0.032051 0.461538 0.036859 0.461538 0.040064 0.464744
0 0.040064 0.469551 0.040064 0.474359 0.038462 0.475962 0.043269 0.410256 0.040064 0.410256 0.036859 0.407051 0.033654 0.402244 0.035256 0.397436 0.040064 0.395833 0.044872 0.395833 0.046474 0.399038
0 0.048077 0.403846 0.048077 0.407051 0.046474 0.410256 0.200321 0.370192 0.197115 0.368590 0.195513 0.365385 0.193910 0.360577 0.193910 0.355769 0.198718 0.354167 0.203526 0.354167 0.205128 0.357372
0 0.206731 0.362179 0.206731 0.365385 0.203526 0.368590 0.155449 0.402244 0.152244 0.400641 0.149038 0.397436 0.147436 0.394231 0.149038 0.389423 0.152244 0.386218 0.157051 0.386218 0.160256 0.389423
0 0.161859 0.394231 0.160256 0.399038 0.158654 0.402244 0.173077 0.413462 0.169872 0.411859 0.166667 0.408654 0.165064 0.403846 0.166667 0.399038 0.169872 0.397436 0.174679 0.397436 0.176282 0.400641
0 0.177885 0.405449 0.177885 0.408654 0.176282 0.411859 0.012821 0.399038 0.009615 0.395833 0.006410 0.392628 0.003205 0.387821 0.004808 0.384615 0.009615 0.381410 0.014423 0.383013 0.016026 0.384615
0 0.017628 0.389423 0.017628 0.395833 0.016026 0.399038 0.024038 0.383013 0.019231 0.381410 0.017628 0.378205 0.016026 0.375000 0.014423 0.371795 0.020833 0.370192 0.025641 0.368590 0.027244 0.371795
0 0.028846 0.376603 0.028846 0.379808 0.027244 0.383013 0.110577 0.358974 0.107372 0.357372 0.104167 0.354167 0.100962 0.349359 0.102564 0.344551 0.107372 0.341346 0.112179 0.342949 0.113782 0.346154
0 0.115385 0.350962 0.115385 0.355769 0.113782 0.358974 0.129808 0.310897 0.126603 0.309295 0.123397 0.306090 0.120192 0.302885 0.121795 0.298077 0.126603 0.294872 0.131410 0.296474 0.133013 0.298077
0 0.134615 0.302885 0.134615 0.307692 0.133013 0.310897 0.168269 0.302885 0.165064 0.301282 0.160256 0.299679 0.161859 0.294872 0.161859 0.290064 0.165064 0.288462 0.169872 0.288462 0.173077 0.291667
0 0.174679 0.296474 0.174679 0.299679 0.171474 0.302885 0.126603 0.290064 0.123397 0.288462 0.120192 0.285256 0.118590 0.280449 0.120192 0.277244 0.123397 0.274038 0.128205 0.275641 0.131410 0.277244
0 0.131410 0.282051 0.131410 0.286859 0.129808 0.290064 0.019231 0.333333 0.014423 0.331731 0.012821 0.328526 0.009615 0.325321 0.011218 0.320513 0.016026 0.317308 0.022436 0.317308 0.024038 0.320513
0 0.025641 0.325321 0.025641 0.330128 0.024038 0.333333 0.219551 0.306090 0.216346 0.304487 0.213141 0.301282 0.211538 0.298077 0.213141 0.293269 0.216346 0.291667 0.221154 0.291667 0.222756 0.294872
0 0.224359 0.299679 0.224359 0.302885 0.222756 0.306090 0.272436 0.378205 0.269231 0.376603 0.267628 0.373397 0.264423 0.370192 0.266026 0.365385 0.270833 0.362179 0.275641 0.362179 0.277244 0.365385
0 0.278846 0.370192 0.278846 0.375000 0.275641 0.378205 0.301282 0.392628 0.298077 0.391026 0.294872 0.387821 0.293269 0.383013 0.294872 0.378205 0.298077 0.376603 0.302885 0.376603 0.304487 0.379808
0 0.306090 0.384615 0.306090 0.389423 0.304487 0.391026 0.291667 0.366987 0.288462 0.365385 0.285256 0.362179 0.283654 0.357372 0.285256 0.354167 0.288462 0.350962 0.293269 0.350962 0.294872 0.354167
0 0.296474 0.358974 0.296474 0.363782 0.294872 0.366987 0.150641 0.375000 0.147436 0.373397 0.144231 0.370192 0.142628 0.365385 0.144231 0.362179 0.147436 0.360577 0.152244 0.360577 0.153846 0.362179
0 0.155449 0.366987 0.155449 0.371795 0.153846 0.375000 0.330128 0.358974 0.326923 0.358974 0.323718 0.354167 0.322115 0.350962 0.323718 0.346154 0.326923 0.344551 0.331731 0.344551 0.333333 0.347756
0 0.334936 0.352564 0.334936 0.355769 0.333333 0.358974 0.333333 0.387821 0.330128 0.386218 0.328526 0.383013 0.326923 0.379808 0.326923 0.375000 0.331731 0.373397 0.336538 0.373397 0.338141 0.376603
0 0.339744 0.381410 0.339744 0.384615 0.338141 0.387821 0.322115 0.397436 0.318910 0.397436 0.314103 0.394231 0.315705 0.389423 0.315705 0.384615 0.320513 0.383013 0.325321 0.383013 0.326923 0.386218
0 0.328526 0.391026 0.328526 0.394231 0.325321 0.397436 0.302885 0.342949 0.299679 0.341346 0.296474 0.338141 0.294872 0.334936 0.296474 0.331731 0.299679 0.328526 0.304487 0.328526 0.307692 0.331731
0 0.309295 0.336538 0.309295 0.339744 0.306090 0.342949 0.355769 0.415064 0.352564 0.413462 0.350962 0.410256 0.347756 0.407051 0.349359 0.402244 0.354167 0.400641 0.358974 0.400641 0.360577 0.402244
0 0.362179 0.407051 0.362179 0.411859 0.360577 0.415064 0.044872 0.331731 0.041667 0.330128 0.038462 0.326923 0.036859 0.322115 0.038462 0.318910 0.041667 0.317308 0.046474 0.317308 0.048077 0.318910
0 0.049679 0.323718 0.049679 0.328526 0.048077 0.331731 0.383013 0.389423 0.379808 0.387821 0.376603 0.384615 0.375000 0.379808 0.376603 0.376603 0.379808 0.375000 0.384615 0.375000 0.387821 0.376603
0 0.387821 0.381410 0.387821 0.386218 0.386218 0.389423 0.405449 0.358974 0.400641 0.357372 0.399038 0.354167 0.395833 0.350962 0.397436 0.346154 0.402244 0.342949 0.407051 0.342949 0.408654 0.346154
0 0.410256 0.350962 0.410256 0.355769 0.408654 0.357372 0.424679 0.391026 0.421474 0.389423 0.418269 0.386218 0.415064 0.383013 0.416667 0.378205 0.421474 0.375000 0.426282 0.376603 0.427885 0.378205
0 0.427885 0.384615 0.429487 0.387821 0.427885 0.391026 0.389423 0.415064 0.386218 0.413462 0.384615 0.410256 0.383013 0.407051 0.383013 0.402244 0.387821 0.400641 0.392628 0.400641 0.394231 0.403846
0 0.395833 0.408654 0.395833 0.411859 0.392628 0.415064 0.346154 0.503205 0.342949 0.501603 0.339744 0.496795 0.338141 0.493590 0.339744 0.488782 0.342949 0.487179 0.347756 0.487179 0.349359 0.490385
0 0.350962 0.495192 0.350962 0.498397 0.349359 0.503205 0.536859 0.402244 0.533654 0.402244 0.532051 0.397436 0.530449 0.394231 0.530449 0.389423 0.535256 0.387821 0.540064 0.387821 0.541667 0.391026
0 0.543269 0.395833 0.543269 0.399038 0.541667 0.402244 0.325321 0.294872 0.322115 0.293269 0.320513 0.290064 0.317308 0.286859 0.318910 0.282051 0.323718 0.278846 0.328526 0.278846 0.330128 0.282051
0 0.331731 0.286859 0.331731 0.291667 0.330128 0.293269 0.487179 0.285256 0.483974 0.283654 0.480769 0.280449 0.479167 0.275641 0.480769 0.272436 0.483974 0.269231 0.488782 0.269231 0.491987 0.272436
0 0.491987 0.277244 0.491987 0.282051 0.490385 0.283654 0.474359 0.365385 0.471154 0.363782 0.467949 0.360577 0.466346 0.357372 0.467949 0.352564 0.472756 0.350962 0.477564 0.350962 0.479167 0.352564
0 0.480769 0.357372 0.480769 0.362179 0.477564 0.365385 0.559295 0.373397 0.554487 0.371795 0.552885 0.368590 0.549679 0.365385 0.551282 0.362179 0.556090 0.358974 0.560897 0.358974 0.562500 0.360577
0 0.564103 0.365385 0.564103 0.370192 0.562500 0.373397 0.524038 0.387821 0.520833 0.386218 0.517628 0.383013 0.516026 0.379808 0.517628 0.375000 0.520833 0.373397 0.525641 0.373397 0.528846 0.375000
0 0.528846 0.379808 0.528846 0.384615 0.527244 0.387821 0.536859 0.421474 0.533654 0.421474 0.532051 0.418269 0.530449 0.413462 0.530449 0.408654 0.535256 0.407051 0.540064 0.407051 0.541667 0.410256
0 0.543269 0.415064 0.543269 0.418269 0.540064 0.421474 0.488782 0.475962 0.485577 0.475962 0.482372 0.472756 0.480769 0.467949 0.482372 0.463141 0.485577 0.461538 0.490385 0.461538 0.491987 0.464744
0 0.493590 0.469551 0.493590 0.472756 0.491987 0.475962 0.549679 0.346154 0.546474 0.346154 0.543269 0.341346 0.541667 0.338141 0.541667 0.333333 0.546474 0.331731 0.551282 0.331731 0.552885 0.334936
0 0.554487 0.339744 0.554487 0.342949 0.552885 0.346154 0.383013 0.498397 0.379808 0.498397 0.375000 0.495192 0.376603 0.490385 0.376603 0.485577 0.381410 0.483974 0.386218 0.483974 0.387821 0.487179
0 0.389423 0.491987 0.389423 0.495192 0.386218 0.498397 0.557692 0.309295 0.554487 0.307692 0.552885 0.304487 0.551282 0.299679 0.551282 0.294872 0.556090 0.293269 0.560897 0.293269 0.562500 0.296474
0 0.564103 0.301282 0.564103 0.306090 0.562500 0.307692 0.572115 0.302885 0.568910 0.301282 0.565705 0.298077 0.564103 0.294872 0.565705 0.290064 0.568910 0.286859 0.573718 0.286859 0.576923 0.290064
0 0.578526 0.294872 0.576923 0.299679 0.575321 0.301282 0.535256 0.270833 0.532051 0.270833 0.528846 0.266026 0.527244 0.262821 0.528846 0.258013 0.532051 0.256410 0.536859 0.256410 0.538462 0.259615
0 0.540064 0.264423 0.540064 0.267628 0.538462 0.270833 0.533654 0.288462 0.530449 0.286859 0.527244 0.283654 0.524038 0.280449 0.525641 0.275641 0.530449 0.274038 0.535256 0.274038 0.536859 0.275641
0 0.538462 0.280449 0.538462 0.285256 0.536859 0.288462 0.508013 0.258013 0.504808 0.256410 0.503205 0.253205 0.498397 0.250000 0.501603 0.245192 0.506410 0.243590 0.511218 0.243590 0.512821 0.245192
0 0.514423 0.251603 0.514423 0.254808 0.512821 0.258013 0.474359 0.266026 0.471154 0.266026 0.467949 0.261218 0.466346 0.258013 0.467949 0.253205 0.471154 0.251603 0.475962 0.251603 0.477564 0.254808
0 0.479167 0.259615 0.479167 0.262821 0.477564 0.266026 0.594551 0.344551 0.591346 0.344551 0.589744 0.339744 0.588141 0.336538 0.588141 0.331731 0.592949 0.330128 0.597756 0.330128 0.599359 0.333333
0 0.600962 0.338141 0.600962 0.341346 0.597756 0.344551 0.625000 0.400641 0.621795 0.399038 0.618590 0.395833 0.616987 0.392628 0.618590 0.387821 0.623397 0.386218 0.628205 0.386218 0.629808 0.387821
0 0.631410 0.392628 0.631410 0.397436 0.628205 0.400641 0.588141 0.317308 0.584936 0.315705 0.581731 0.312500 0.580128 0.309295 0.581731 0.304487 0.584936 0.302885 0.589744 0.302885 0.591346 0.306090
0 0.592949 0.310897 0.592949 0.314103 0.591346 0.317308 0.613782 0.288462 0.610577 0.286859 0.607372 0.283654 0.605769 0.280449 0.607372 0.275641 0.610577 0.272436 0.615385 0.274038 0.616987 0.277244
0 0.620192 0.282051 0.618590 0.285256 0.616987 0.288462 0.631410 0.291667 0.628205 0.290064 0.625000 0.286859 0.623397 0.282051 0.625000 0.278846 0.626603 0.277244 0.633013 0.277244 0.634615 0.278846
0 0.636218 0.285256 0.636218 0.288462 0.634615 0.291667 0.665064 0.362179 0.661859 0.360577 0.660256 0.357372 0.657051 0.354167 0.658654 0.349359 0.663462 0.346154 0.668269 0.347756 0.669872 0.349359
0 0.671474 0.354167 0.671474 0.358974 0.669872 0.362179 0.631410 0.373397 0.628205 0.371795 0.625000 0.368590 0.621795 0.365385 0.623397 0.360577 0.628205 0.357372 0.633013 0.358974 0.634615 0.360577
0 0.636218 0.365385 0.636218 0.370192 0.634615 0.373397 0.666667 0.379808 0.663462 0.378205 0.660256 0.375000 0.658654 0.371795 0.660256 0.366987 0.663462 0.365385 0.668269 0.365385 0.671474 0.368590
0 0.673077 0.373397 0.671474 0.376603 0.669872 0.379808 0.700321 0.277244 0.697115 0.275641 0.693910 0.272436 0.692308 0.267628 0.693910 0.262821 0.697115 0.261218 0.701923 0.261218 0.703526 0.264423
0 0.705128 0.269231 0.705128 0.272436 0.703526 0.275641 0.671474 0.296474 0.668269 0.296474 0.665064 0.291667 0.663462 0.288462 0.665064 0.283654 0.668269 0.282051 0.673077 0.282051 0.674679 0.285256
0 0.676282 0.290064 0.676282 0.293269 0.674679 0.296474 0.817308 0.304487 0.814103 0.302885 0.810897 0.299679 0.809295 0.294872 0.810897 0.290064 0.815705 0.286859 0.820513 0.288462 0.822115 0.290064
0 0.823718 0.294872 0.823718 0.299679 0.820513 0.304487 0.828526 0.344551 0.825321 0.342949 0.822115 0.339744 0.820513 0.334936 0.822115 0.331731 0.825321 0.328526 0.830128 0.328526 0.831731 0.331731
0 0.833333 0.336538 0.833333 0.341346 0.831731 0.342949 0.854167 0.301282 0.850962 0.299679 0.847756 0.296474 0.846154 0.293269 0.847756 0.288462 0.852564 0.285256 0.857372 0.285256 0.858974 0.288462
0 0.860577 0.293269 0.860577 0.298077 0.857372 0.299679 0.839744 0.251603 0.836538 0.250000 0.834936 0.246795 0.833333 0.243590 0.833333 0.238782 0.838141 0.237179 0.842949 0.237179 0.844551 0.240385
0 0.846154 0.245192 0.846154 0.248397 0.844551 0.251603 0.903846 0.347756 0.900641 0.346154 0.897436 0.342949 0.895833 0.338141 0.897436 0.334936 0.900641 0.331731 0.905449 0.333333 0.907051 0.334936
0 0.908654 0.339744 0.908654 0.344551 0.907051 0.347756 0.883013 0.222756 0.879808 0.222756 0.876603 0.217949 0.875000 0.214744 0.876603 0.209936 0.879808 0.208333 0.884615 0.208333 0.887821 0.211538
0 0.887821 0.216346 0.887821 0.219551 0.886218 0.222756 0.857372 0.354167 0.854167 0.354167 0.850962 0.349359 0.849359 0.346154 0.849359 0.341346 0.854167 0.339744 0.860577 0.339744 0.862179 0.342949
0 0.863782 0.347756 0.863782 0.350962 0.860577 0.354167 0.897436 0.408654 0.894231 0.407051 0.889423 0.405449 0.891026 0.400641 0.891026 0.395833 0.895833 0.394231 0.900641 0.394231 0.902244 0.397436
0 0.903846 0.402244 0.903846 0.405449 0.900641 0.408654 0.860577 0.464744 0.857372 0.464744 0.854167 0.459936 0.852564 0.456731 0.854167 0.451923 0.857372 0.450321 0.862179 0.450321 0.863782 0.453526
0 0.865385 0.458333 0.865385 0.461538 0.863782 0.464744 0.777244 0.384615 0.774038 0.383013 0.770833 0.379808 0.769231 0.376603 0.770833 0.371795 0.774038 0.370192 0.778846 0.370192 0.782051 0.371795
0 0.783654 0.378205 0.782051 0.381410 0.780449 0.384615 0.943910 0.464744 0.940705 0.463141 0.939103 0.459936 0.935897 0.456731 0.937500 0.451923 0.942308 0.448718 0.947115 0.448718 0.948718 0.451923
0 0.950321 0.456731 0.950321 0.461538 0.947115 0.463141 0.913462 0.419872 0.910256 0.419872 0.907051 0.416667 0.905449 0.411859 0.907051 0.407051 0.910256 0.405449 0.915064 0.405449 0.916667 0.408654
0 0.918269 0.413462 0.918269 0.416667 0.916667 0.419872 0.919872 0.392628 0.916667 0.391026 0.913462 0.387821 0.911859 0.383013 0.913462 0.379808 0.916667 0.378205 0.923077 0.378205 0.924679 0.379808
0 0.926282 0.386218 0.926282 0.389423 0.924679 0.392628 0.924679 0.477564 0.921474 0.477564 0.918269 0.472756 0.916667 0.469551 0.918269 0.464744 0.921474 0.463141 0.926282 0.463141 0.927885 0.466346
0 0.929487 0.471154 0.929487 0.474359 0.927885 0.477564 0.698718 0.346154 0.695513 0.344551 0.692308 0.341346 0.690705 0.338141 0.692308 0.333333 0.697115 0.330128 0.700321 0.331731 0.703526 0.333333
0 0.703526 0.338141 0.705128 0.342949 0.701923 0.346154 0.544872 0.362179 0.541667 0.360577 0.538462 0.357372 0.535256 0.354167 0.536859 0.349359 0.541667 0.346154 0.546474 0.347756 0.548077 0.349359
0 0.549679 0.354167 0.549679 0.358974 0.548077 0.362179 0.508013 0.524038 0.504808 0.524038 0.501603 0.519231 0.498397 0.516026 0.498397 0.512821 0.504808 0.509615 0.509615 0.509615 0.511218 0.512821
0 0.512821 0.517628 0.512821 0.520833 0.511218 0.524038 0.475962 0.546474 0.472756 0.544872 0.469551 0.541667 0.466346 0.538462 0.469551 0.535256 0.475962 0.533654 0.479167 0.535256 0.480769 0.540064
0 0.480769 0.543269 0.479167 0.546474 0.625000 0.522436 0.621795 0.522436 0.620192 0.517628 0.618590 0.514423 0.618590 0.509615 0.623397 0.508013 0.628205 0.508013 0.629808 0.511218 0.631410 0.516026
0 0.631410 0.519231 0.629808 0.522436 0.668269 0.556090 0.665064 0.554487 0.663462 0.551282 0.660256 0.548077 0.661859 0.543269 0.666667 0.540064 0.671474 0.541667 0.673077 0.543269 0.674679 0.548077
0 0.674679 0.552885 0.671474 0.556090 0.738782 0.612179 0.733974 0.612179 0.730769 0.607372 0.729167 0.602564 0.729167 0.597756 0.732372 0.594551 0.737179 0.594551 0.741987 0.596154
0 0.743590 0.599359 0.745192 0.605769 0.743590 0.610577 0.741987 0.612179 0.769231 0.657051 0.764423 0.655449 0.761218 0.650641 0.759615 0.645833 0.759615 0.641026 0.762821 0.639423 0.767628 0.637821
0 0.772436 0.641026 0.775641 0.644231 0.775641 0.649038 0.775641 0.653846 0.772436 0.655449 0.796474 0.689103 0.793269 0.687500 0.790064 0.684295 0.788462 0.679487 0.788462 0.674679 0.791667 0.671474
0 0.796474 0.671474 0.801282 0.673077 0.802885 0.676282 0.804487 0.681090 0.802885 0.685897 0.801282 0.689103 0.665064 0.608974 0.661859 0.607372 0.658654 0.604167 0.657051 0.599359 0.657051 0.594551 0.660256 0.591346
0 0.665064 0.591346 0.669872 0.592949 0.671474 0.596154 0.673077 0.600962 0.671474 0.605769 0.669872 0.608974 0.802885 0.600962 0.798077 0.599359 0.793269 0.596154 0.791667 0.591346 0.793269 0.586538 0.794872 0.583333
0 0.801282 0.583333 0.806090 0.584936 0.809295 0.588141 0.810897 0.592949 0.809295 0.597756 0.806090 0.600962 0.796474 0.564103 0.793269 0.562500 0.790064 0.559295 0.788462 0.554487 0.788462 0.549679 0.791667 0.546474
0 0.796474 0.546474 0.801282 0.548077 0.802885 0.551282 0.806090 0.556090 0.804487 0.560897 0.801282 0.564103 0.814103 0.549679 0.809295 0.549679 0.804487 0.544872 0.802885 0.540064 0.804487 0.535256 0.807692 0.532051
0 0.812500 0.532051 0.817308 0.533654 0.820513 0.538462 0.817308 0.549679 0.804487 0.517628 0.801282 0.516026 0.796474 0.511218 0.794872 0.506410 0.796474 0.503205 0.798077 0.498397 0.802885 0.496795 0.809295 0.501603
0 0.812500 0.504808 0.814103 0.509615 0.812500 0.514423 0.810897 0.516026 0.860577 0.573718 0.855769 0.572115 0.852564 0.568910 0.850962 0.564103 0.850962 0.559295 0.854167 0.556090 0.858974 0.556090 0.863782 0.557692
0 0.866987 0.560897 0.866987 0.565705 0.866987 0.570513 0.863782 0.573718 0.871795 0.634615 0.868590 0.633013 0.863782 0.629808 0.860577 0.625000 0.862179 0.620192 0.865385 0.616987 0.871795 0.615385 0.876603 0.618590
0 0.878205 0.621795 0.879808 0.626603 0.878205 0.631410 0.876603 0.634615 0.899038 0.607372 0.894231 0.607372 0.891026 0.602564 0.889423 0.597756 0.891026 0.592949 0.892628 0.589744 0.897436 0.589744 0.902244 0.591346
0 0.905449 0.594551 0.907051 0.600962 0.905449 0.605769 0.902244 0.607372 0.932692 0.581731 0.927885 0.580128 0.923077 0.576923 0.921474 0.572115 0.921474 0.567308 0.924679 0.564103 0.927885 0.564103 0.935897 0.565705
0 0.939103 0.568910 0.939103 0.573718 0.939103 0.578526 0.935897 0.581731 0.937500 0.562500 0.932692 0.560897 0.927885 0.557692 0.926282 0.552885 0.927885 0.548077 0.929487 0.544872 0.935897 0.544872 0.940705 0.546474
0 0.943910 0.549679 0.945513 0.554487 0.943910 0.559295 0.940705 0.562500 0.955128 0.612179 0.950321 0.610577 0.947115 0.605769 0.945513 0.600962 0.947115 0.597756 0.948718 0.594551 0.953526 0.592949 0.958333 0.596154
0 0.961538 0.599359 0.964744 0.604167 0.963141 0.608974 0.958333 0.610577 0.969551 0.596154 0.966346 0.594551 0.961538 0.591346 0.959936 0.586538 0.959936 0.581731 0.963141 0.578526 0.969551 0.578526 0.974359 0.580128
0 0.975962 0.583333 0.977564 0.589744 0.975962 0.592949 0.974359 0.596154 0.935897 0.524038 0.929487 0.524038 0.926282 0.519231 0.924679 0.514423 0.924679 0.509615 0.927885 0.508013 0.934295 0.506410 0.939103 0.508013
0 0.942308 0.512821 0.942308 0.517628 0.942308 0.522436 0.939103 0.524038 0.830128 0.557692 0.825321 0.556090 0.822115 0.552885 0.820513 0.548077 0.822115 0.543269 0.823718 0.540064 0.828526 0.540064 0.833333 0.541667
0 0.836538 0.544872 0.838141 0.549679 0.836538 0.554487 0.833333 0.557692 0.894231 0.511218 0.891026 0.509615 0.886218 0.506410 0.884615 0.501603 0.886218 0.495192 0.889423 0.491987 0.894231 0.491987 0.897436 0.493590
0 0.900641 0.496795 0.902244 0.503205 0.900641 0.508013 0.899038 0.511218 0.841346 0.612179 0.836538 0.610577 0.833333 0.605769 0.830128 0.602564 0.831731 0.597756 0.834936 0.594551 0.839744 0.592949 0.844551 0.596154
0 0.846154 0.599359 0.847756 0.604167 0.846154 0.608974 0.844551 0.610577 0.863782 0.695513 0.860577 0.693910 0.857372 0.690705 0.855769 0.685897 0.855769 0.681090 0.858974 0.677885 0.863782 0.676282 0.868590 0.679487
0 0.870192 0.682692 0.871795 0.687500 0.870192 0.692308 0.868590 0.695513 0.982372 0.745192 0.979167 0.745192 0.974359 0.740385 0.974359 0.735577 0.974359 0.730769 0.977564 0.727564 0.982372 0.727564 0.985577 0.729167
0 0.988782 0.732372 0.990385 0.738782 0.988782 0.743590 0.987179 0.745192 0.927885 0.822115 0.924679 0.820513 0.919872 0.815705 0.918269 0.810897 0.919872 0.807692 0.923077 0.804487 0.927885 0.802885 0.931090 0.806090
0 0.934295 0.809295 0.937500 0.814103 0.935897 0.818910 0.934295 0.820513 0.758013 0.796474 0.753205 0.794872 0.750000 0.790064 0.748397 0.785256 0.750000 0.782051 0.751603 0.778846 0.756410 0.777244 0.761218 0.780449
0 0.764423 0.783654 0.766026 0.788462 0.764423 0.793269 0.761218 0.794872 0.751603 0.834936 0.748397 0.834936 0.745192 0.830128 0.743590 0.823718 0.743590 0.818910 0.746795 0.817308 0.751603 0.815705 0.756410 0.818910
0 0.758013 0.823718 0.759615 0.828526 0.758013 0.833333 0.756410 0.834936 0.673077 0.692308 0.668269 0.690705 0.665064 0.685897 0.663462 0.681090 0.663462 0.676282 0.666667 0.674679 0.671474 0.673077 0.676282 0.676282
0 0.677885 0.679487 0.679487 0.684295 0.677885 0.689103 0.676282 0.690705 0.697115 0.812500 0.692308 0.810897 0.689103 0.806090 0.685897 0.802885 0.687500 0.798077 0.690705 0.794872 0.695513 0.793269 0.700321 0.796474
0 0.703526 0.799679 0.703526 0.804487 0.705128 0.809295 0.700321 0.812500 0.650641 0.799679 0.645833 0.799679 0.642628 0.794872 0.641026 0.790064 0.642628 0.783654 0.644231 0.780449 0.649038 0.780449 0.653846 0.783654
0 0.657051 0.786859 0.658654 0.793269 0.657051 0.798077 0.653846 0.799679 0.551282 0.652244 0.546474 0.650641 0.543269 0.647436 0.541667 0.642628 0.543269 0.637821 0.544872 0.634615 0.549679 0.634615 0.554487 0.636218
0 0.557692 0.639423 0.559295 0.645833 0.557692 0.650641 0.554487 0.652244 0.520833 0.746795 0.516026 0.745192 0.512821 0.741987 0.511218 0.737179 0.512821 0.732372 0.514423 0.729167 0.519231 0.729167 0.524038 0.730769
0 0.527244 0.733974 0.528846 0.738782 0.527244 0.743590 0.524038 0.746795 0.544872 0.735577 0.540064 0.735577 0.536859 0.730769 0.535256 0.725962 0.535256 0.722756 0.538462 0.719551 0.543269 0.717949 0.548077 0.721154
0 0.551282 0.724359 0.552885 0.729167 0.551282 0.733974 0.548077 0.735577 0.472756 0.769231 0.467949 0.767628 0.464744 0.762821 0.463141 0.758013 0.464744 0.754808 0.466346 0.751603 0.471154 0.750000 0.475962 0.753205
0 0.479167 0.756410 0.480769 0.761218 0.479167 0.766026 0.475962 0.767628 0.415064 0.804487 0.410256 0.802885 0.407051 0.796474 0.405449 0.791667 0.405449 0.788462 0.408654 0.785256 0.413462 0.783654 0.418269 0.786859
0 0.421474 0.790064 0.423077 0.794872 0.421474 0.799679 0.418269 0.802885 0.435897 0.701923 0.432692 0.700321 0.427885 0.695513 0.426282 0.690705 0.427885 0.685897 0.431090 0.684295 0.435897 0.682692 0.439103 0.685897
0 0.442308 0.689103 0.443910 0.693910 0.442308 0.698718 0.440705 0.700321 0.483974 0.663462 0.480769 0.663462 0.477564 0.658654 0.475962 0.653846 0.475962 0.649038 0.479167 0.645833 0.483974 0.645833 0.488782 0.647436
0 0.490385 0.650641 0.491987 0.657051 0.490385 0.661859 0.488782 0.663462 0.445513 0.794872 0.440705 0.794872 0.437500 0.790064 0.435897 0.785256 0.437500 0.780449 0.439103 0.777244 0.443910 0.777244 0.448718 0.778846
0 0.451923 0.782051 0.451923 0.788462 0.451923 0.793269 0.448718 0.794872 0.488782 0.608974 0.485577 0.607372 0.482372 0.604167 0.480769 0.599359 0.480769 0.594551 0.483974 0.591346 0.488782 0.589744 0.493590 0.592949
0 0.495192 0.596154 0.496795 0.600962 0.495192 0.605769 0.493590 0.608974 0.370192 0.661859 0.365385 0.660256 0.362179 0.657051 0.360577 0.652244 0.360577 0.647436 0.363782 0.644231 0.368590 0.644231 0.373397 0.645833
0 0.376603 0.649038 0.376603 0.653846 0.376603 0.658654 0.373397 0.661859 0.375000 0.636218 0.371795 0.634615 0.366987 0.631410 0.365385 0.626603 0.366987 0.621795 0.368590 0.618590 0.373397 0.616987 0.378205 0.620192
0 0.381410 0.623397 0.383013 0.628205 0.381410 0.633013 0.379808 0.636218 0.405449 0.576923 0.402244 0.575321 0.399038 0.572115 0.395833 0.567308 0.397436 0.562500 0.400641 0.559295 0.405449 0.557692 0.410256 0.560897
0 0.411859 0.564103 0.413462 0.568910 0.411859 0.573718 0.410256 0.576923 0.391026 0.538462 0.386218 0.538462 0.383013 0.533654 0.381410 0.528846 0.381410 0.524038 0.384615 0.522436 0.389423 0.520833 0.394231 0.522436
0 0.397436 0.527244 0.397436 0.532051 0.397436 0.536859 0.394231 0.538462 0.366987 0.535256 0.362179 0.533654 0.358974 0.530449 0.357372 0.525641 0.357372 0.520833 0.360577 0.517628 0.365385 0.517628 0.370192 0.519231
0 0.373397 0.522436 0.373397 0.527244 0.373397 0.532051 0.370192 0.535256 0.399038 0.512821 0.394231 0.511218 0.391026 0.508013 0.389423 0.503205 0.391026 0.496795 0.392628 0.493590 0.395833 0.493590 0.402244 0.495192
0 0.405449 0.498397 0.407051 0.504808 0.405449 0.509615 0.402244 0.512821 0.400641 0.490385 0.397436 0.488782 0.394231 0.483974 0.392628 0.479167 0.392628 0.474359 0.395833 0.472756 0.400641 0.471154 0.405449 0.474359
0 0.407051 0.477564 0.408654 0.482372 0.407051 0.487179 0.405449 0.488782 0.362179 0.511218 0.358974 0.509615 0.355769 0.506410 0.354167 0.501603 0.354167 0.495192 0.357372 0.491987 0.362179 0.491987 0.366987 0.493590
0 0.368590 0.496795 0.370192 0.503205 0.368590 0.508013 0.366987 0.511218 0.328526 0.490385 0.325321 0.488782 0.322115 0.485577 0.320513 0.480769 0.320513 0.475962 0.322115 0.474359 0.328526 0.472756 0.331731 0.474359
0 0.334936 0.477564 0.336538 0.483974 0.334936 0.487179 0.333333 0.490385 0.474359 0.448718 0.469551 0.447115 0.466346 0.443910 0.464744 0.439103 0.464744 0.434295 0.467949 0.431090 0.472756 0.431090 0.477564 0.432692
0 0.480769 0.435897 0.480769 0.440705 0.480769 0.445513 0.477564 0.448718 0.483974 0.564103 0.479167 0.562500 0.475962 0.557692 0.472756 0.554487 0.474359 0.549679 0.477564 0.546474 0.482372 0.544872 0.487179 0.548077
0 0.490385 0.551282 0.490385 0.556090 0.490385 0.560897 0.487179 0.562500 0.568910 0.572115 0.565705 0.572115 0.560897 0.567308 0.559295 0.562500 0.560897 0.557692 0.562500 0.554487 0.567308 0.554487 0.572115 0.556090
0 0.575321 0.559295 0.576923 0.565705 0.575321 0.570513 0.572115 0.572115 0.607372 0.560897 0.602564 0.559295 0.599359 0.556090 0.596154 0.552885 0.599359 0.546474 0.600962 0.543269 0.605769 0.543269 0.610577 0.544872
0 0.613782 0.548077 0.615385 0.552885 0.613782 0.557692 0.610577 0.560897 0.594551 0.605769 0.591346 0.604167 0.586538 0.600962 0.584936 0.596154 0.586538 0.591346 0.588141 0.588141 0.592949 0.586538 0.597756 0.589744
0 0.600962 0.592949 0.602564 0.597756 0.600962 0.602564 0.599359 0.605769 0.673077 0.503205 0.668269 0.503205 0.665064 0.496795 0.663462 0.491987 0.665064 0.487179 0.666667 0.483974 0.671474 0.483974 0.676282 0.485577
0 0.679487 0.490385 0.681090 0.495192 0.679487 0.501603 0.676282 0.503205 0.698718 0.453526 0.693910 0.451923 0.690705 0.447115 0.689103 0.442308 0.689103 0.439103 0.692308 0.435897 0.697115 0.434295 0.701923 0.437500
0 0.705128 0.440705 0.706731 0.445513 0.705128 0.450321 0.701923 0.451923 0.725962 0.506410 0.722756 0.504808 0.719551 0.501603 0.716346 0.495192 0.717949 0.490385 0.721154 0.487179 0.725962 0.485577 0.729167 0.488782
0 0.732372 0.491987 0.733974 0.496795 0.732372 0.503205 0.730769 0.506410 0.634615 0.650641 0.629808 0.649038 0.626603 0.645833 0.625000 0.641026 0.625000 0.636218 0.628205 0.633013 0.633013 0.633013 0.637821 0.634615
0 0.641026 0.637821 0.641026 0.642628 0.641026 0.647436 0.637821 0.650641 0.616987 0.552885 0.612179 0.551282 0.608974 0.548077 0.607372 0.543269 0.608974 0.538462 0.610577 0.535256 0.615385 0.535256 0.620192 0.536859
0 0.623397 0.540064 0.625000 0.546474 0.623397 0.549679 0.620192 0.552885 0.823718 0.455128 0.820513 0.455128 0.817308 0.450321 0.815705 0.445513 0.815705 0.440705 0.818910 0.439103 0.822115 0.439103 0.826923 0.440705
0 0.830128 0.443910 0.831731 0.448718 0.830128 0.453526 0.828526 0.455128 0.846154 0.451923 0.842949 0.450321 0.838141 0.447115 0.836538 0.442308 0.838141 0.437500 0.838141 0.435897 0.844551 0.434295 0.849359 0.435897
0 0.852564 0.439103 0.854167 0.443910 0.852564 0.448718 0.849359 0.451923 0.871795 0.431090 0.866987 0.429487 0.863782 0.426282 0.860577 0.421474 0.862179 0.416667 0.865385 0.413462 0.870192 0.411859 0.876603 0.415064
0 0.878205 0.418269 0.879808 0.423077 0.879808 0.427885 0.875000 0.431090 0.878205 0.464744 0.873397 0.463141 0.870192 0.458333 0.868590 0.453526 0.868590 0.450321 0.871795 0.447115 0.876603 0.445513 0.883013 0.448718
0 0.886218 0.451923 0.887821 0.456731 0.886218 0.461538 0.883013 0.463141 0.899038 0.450321 0.894231 0.448718 0.891026 0.445513 0.889423 0.440705 0.889423 0.435897 0.892628 0.432692 0.897436 0.432692 0.902244 0.434295
0 0.903846 0.437500 0.905449 0.443910 0.905449 0.447115 0.902244 0.450321 0.937500 0.442308 0.932692 0.440705 0.927885 0.437500 0.926282 0.432692 0.929487 0.427885 0.931090 0.424679 0.935897 0.424679 0.940705 0.426282
0 0.943910 0.429487 0.945513 0.435897 0.943910 0.440705 0.940705 0.442308 0.860577 0.389423 0.857372 0.387821 0.854167 0.383013 0.850962 0.379808 0.852564 0.375000 0.855769 0.371795 0.860577 0.370192 0.863782 0.373397
0 0.866987 0.376603 0.868590 0.381410 0.866987 0.386218 0.865385 0.387821 0.748397 0.387821 0.743590 0.386218 0.740385 0.383013 0.738782 0.378205 0.738782 0.373397 0.741987 0.370192 0.746795 0.370192 0.751603 0.371795
0 0.753205 0.375000 0.754808 0.381410 0.754808 0.386218 0.751603 0.387821 0.782051 0.405449 0.777244 0.405449 0.774038 0.400641 0.772436 0.395833 0.772436 0.391026 0.775641 0.387821 0.780449 0.387821 0.785256 0.389423
0 0.786859 0.394231 0.788462 0.399038 0.788462 0.403846 0.785256 0.405449 0.767628 0.426282 0.762821 0.426282 0.759615 0.421474 0.758013 0.416667 0.758013 0.413462 0.761218 0.410256 0.766026 0.408654 0.770833 0.410256
0 0.774038 0.415064 0.774038 0.419872 0.774038 0.424679 0.770833 0.426282 0.743590 0.570513 0.740385 0.570513 0.735577 0.565705 0.733974 0.560897 0.735577 0.556090 0.737179 0.552885 0.743590 0.552885 0.746795 0.554487
0 0.750000 0.557692 0.751603 0.564103 0.750000 0.568910 0.748397 0.570513 0.828526 0.407051 0.825321 0.405449 0.822115 0.402244 0.820513 0.397436 0.820513 0.392628 0.823718 0.389423 0.828526 0.389423 0.833333 0.391026
0 0.834936 0.394231 0.836538 0.399038 0.834936 0.403846 0.833333 0.407051 0.727564 0.282051 0.724359 0.280449 0.719551 0.275641 0.717949 0.270833 0.717949 0.267628 0.721154 0.264423 0.725962 0.262821 0.730769 0.266026
0 0.733974 0.269231 0.733974 0.274038 0.733974 0.278846 0.730769 0.280449 0.793269 0.254808 0.790064 0.253205 0.786859 0.248397 0.783654 0.245192 0.785256 0.240385 0.788462 0.237179 0.793269 0.235577 0.798077 0.238782
0 0.799679 0.241987 0.801282 0.246795 0.799679 0.251603 0.798077 0.253205 0.711538 0.326923 0.706731 0.325321 0.703526 0.322115 0.700321 0.317308 0.701923 0.312500 0.705128 0.309295 0.709936 0.307692 0.714744 0.310897
0 0.716346 0.314103 0.717949 0.318910 0.717949 0.323718 0.714744 0.326923 0.865385 0.248397 0.862179 0.246795 0.858974 0.243590 0.857372 0.238782 0.858974 0.232372 0.862179 0.230769 0.866987 0.230769 0.870192 0.233974
0 0.870192 0.238782 0.870192 0.245192 0.868590 0.246795 0.878205 0.286859 0.875000 0.285256 0.871795 0.282051 0.870192 0.277244 0.871795 0.272436 0.875000 0.270833 0.879808 0.270833 0.881410 0.274038 0.883013 0.278846
0 0.883013 0.282051 0.881410 0.285256 0.681090 0.269231 0.677885 0.267628 0.674679 0.264423 0.673077 0.261218 0.674679 0.256410 0.677885 0.254808 0.682692 0.254808 0.685897 0.256410 0.685897 0.261218 0.685897 0.266026
0 0.684295 0.269231 0.892628 0.293269 0.889423 0.293269 0.886218 0.290064 0.884615 0.285256 0.886218 0.280449 0.889423 0.278846 0.895833 0.278846 0.899038 0.282051 0.899038 0.286859 0.899038 0.290064
0 0.895833 0.293269 0.889423 0.256410 0.886218 0.254808 0.879808 0.253205 0.883013 0.246795 0.883013 0.241987 0.887821 0.240385 0.892628 0.240385 0.894231 0.243590 0.895833 0.248397 0.895833 0.251603
0 0.892628 0.256410 0.812500 0.411859 0.809295 0.410256 0.807692 0.407051 0.806090 0.403846 0.806090 0.399038 0.810897 0.397436 0.815705 0.397436 0.817308 0.400641 0.818910 0.405449 0.818910 0.408654
0 0.817308 0.411859 0.841346 0.278846 0.838141 0.277244 0.831731 0.274038 0.831731 0.269231 0.833333 0.264423 0.836538 0.261218 0.841346 0.261218 0.844551 0.262821 0.847756 0.266026 0.849359 0.270833
0 0.847756 0.275641 0.846154 0.278846 0.684295 0.357372 0.681090 0.355769 0.677885 0.352564 0.676282 0.347756 0.676282 0.342949 0.679487 0.339744 0.684295 0.339744 0.687500 0.341346 0.690705 0.344551
0 0.692308 0.349359 0.690705 0.354167 0.689103 0.357372 0.645833 0.309295 0.641026 0.307692 0.637821 0.304487 0.636218 0.299679 0.637821 0.294872 0.639423 0.291667 0.644231 0.290064 0.649038 0.293269
0 0.652244 0.296474 0.652244 0.301282 0.652244 0.306090 0.649038 0.309295 0.692308 0.379808 0.689103 0.379808 0.685897 0.375000 0.684295 0.370192 0.684295 0.365385 0.687500 0.363782 0.692308 0.362179 0.697115 0.363782
0 0.698718 0.368590 0.700321 0.373397 0.698718 0.378205 0.697115 0.379808 0.612179 0.357372 0.608974 0.355769 0.604167 0.350962 0.602564 0.346154 0.604167 0.342949 0.605769 0.339744 0.612179 0.338141 0.615385 0.341346
0 0.618590 0.344551 0.620192 0.349359 0.618590 0.354167 0.616987 0.357372 0.528846 0.312500 0.525641 0.310897 0.522436 0.306090 0.519231 0.302885 0.520833 0.298077 0.524038 0.294872 0.528846 0.293269 0.532051 0.296474
0 0.535256 0.299679 0.536859 0.304487 0.535256 0.309295 0.533654 0.310897 0.709936 0.419872 0.706731 0.418269 0.701923 0.415064 0.700321 0.410256 0.701923 0.405449 0.703526 0.402244 0.708333 0.402244 0.713141 0.403846
0 0.714744 0.408654 0.716346 0.411859 0.716346 0.416667 0.713141 0.419872 0.608974 0.410256 0.605769 0.408654 0.600962 0.405449 0.599359 0.400641 0.600962 0.395833 0.604167 0.392628 0.608974 0.392628 0.612179 0.394231
0 0.615385 0.397436 0.616987 0.402244 0.615385 0.407051 0.613782 0.410256 0.594551 0.285256 0.591346 0.285256 0.586538 0.280449 0.584936 0.275641 0.586538 0.270833 0.588141 0.267628 0.592949 0.267628 0.597756 0.269231
0 0.600962 0.272436 0.602564 0.278846 0.600962 0.283654 0.599359 0.285256 0.480769 0.309295 0.475962 0.307692 0.472756 0.304487 0.471154 0.299679 0.471154 0.294872 0.474359 0.291667 0.479167 0.290064 0.483974 0.293269
0 0.485577 0.296474 0.487179 0.301282 0.485577 0.306090 0.483974 0.309295 0.469551 0.395833 0.464744 0.394231 0.461538 0.391026 0.459936 0.386218 0.461538 0.381410 0.463141 0.378205 0.467949 0.378205 0.472756 0.379808
0 0.475962 0.383013 0.475962 0.387821 0.475962 0.392628 0.472756 0.395833 0.471154 0.416667 0.466346 0.415064 0.463141 0.410256 0.461538 0.405449 0.463141 0.402244 0.464744 0.399038 0.469551 0.397436 0.474359 0.400641
0 0.477564 0.403846 0.477564 0.408654 0.477564 0.413462 0.474359 0.415064 0.504808 0.405449 0.498397 0.403846 0.495192 0.400641 0.493590 0.395833 0.493590 0.391026 0.496795 0.387821 0.503205 0.386218 0.508013 0.389423
0 0.509615 0.392628 0.511218 0.397436 0.511218 0.402244 0.508013 0.405449 0.653846 0.461538 0.650641 0.450321 0.652244 0.443910 0.657051 0.440705 0.665064 0.440705 0.669872 0.443910 0.673077 0.448718 0.674679 0.455128
0 0.673077 0.461538 0.671474 0.464744 0.665064 0.467949 0.658654 0.466346 0.615385 0.435897 0.612179 0.424679 0.615385 0.418269 0.620192 0.415064 0.626603 0.415064 0.631410 0.418269 0.636218 0.423077 0.637821 0.429487
0 0.636218 0.435897 0.633013 0.439103 0.628205 0.442308 0.620192 0.440705 0.588141 0.437500 0.584936 0.426282 0.588141 0.419872 0.592949 0.416667 0.599359 0.416667 0.604167 0.419872 0.608974 0.424679 0.610577 0.432692
0 0.608974 0.437500 0.605769 0.442308 0.600962 0.443910 0.594551 0.442308 0.602564 0.493590 0.599359 0.482372 0.602564 0.475962 0.607372 0.472756 0.613782 0.472756 0.618590 0.475962 0.623397 0.480769 0.625000 0.487179
0 0.623397 0.493590 0.620192 0.496795 0.615385 0.501603 0.607372 0.496795 0.826923 0.487179 0.823718 0.477564 0.826923 0.469551 0.831731 0.467949 0.838141 0.467949 0.844551 0.469551 0.847756 0.474359 0.849359 0.482372
0 0.847756 0.488782 0.844551 0.491987 0.839744 0.493590 0.833333 0.491987 0.740385 0.278846 0.737179 0.269231 0.740385 0.262821 0.746795 0.258013 0.753205 0.258013 0.758013 0.259615 0.762821 0.264423 0.764423 0.274038
0 0.762821 0.280449 0.759615 0.283654 0.753205 0.286859 0.745192 0.283654 0.490385 0.376603 0.487179 0.365385 0.490385 0.358974 0.495192 0.355769 0.503205 0.355769 0.508013 0.358974 0.512821 0.363782 0.514423 0.370192
0 0.512821 0.376603 0.509615 0.379808 0.504808 0.383013 0.496795 0.381410 0.448718 0.290064 0.445513 0.280449 0.448718 0.274038 0.453526 0.270833 0.459936 0.270833 0.464744 0.274038 0.469551 0.277244 0.471154 0.285256
0 0.469551 0.291667 0.466346 0.294872 0.461538 0.298077 0.455128 0.294872 0.310897 0.461538 0.307692 0.451923 0.307692 0.448718 0.310897 0.445513 0.314103 0.443910 0.322115 0.443910 0.326923 0.447115 0.330128 0.451923
0 0.331731 0.458333 0.330128 0.464744 0.328526 0.467949 0.323718 0.469551 0.317308 0.467949 0.429487 0.410256 0.426282 0.400641 0.429487 0.394231 0.434295 0.391026 0.440705 0.391026 0.447115 0.394231 0.450321 0.397436
0 0.451923 0.405449 0.450321 0.411859 0.447115 0.415064 0.442308 0.418269 0.435897 0.415064 0.456731 0.610577 0.453526 0.599359 0.456731 0.592949 0.461538 0.589744 0.467949 0.589744 0.474359 0.592949 0.477564 0.597756
0 0.479167 0.604167 0.477564 0.610577 0.474359 0.613782 0.469551 0.616987 0.463141 0.613782 0.594551 0.645833 0.591346 0.634615 0.594551 0.628205 0.599359 0.625000 0.605769 0.625000 0.612179 0.628205 0.615385 0.631410 0.616987 0.639423
0 0.615385 0.645833 0.612179 0.649038 0.607372 0.652244 0.600962 0.649038 0.567308 0.621795 0.564103 0.610577 0.565705 0.604167 0.570513 0.602564 0.578526 0.600962 0.583333 0.604167 0.586538 0.608974 0.588141 0.616987
0 0.586538 0.623397 0.584936 0.626603 0.580128 0.628205 0.572115 0.626603 0.538462 0.540064 0.535256 0.530449 0.538462 0.524038 0.543269 0.520833 0.548077 0.522436 0.556090 0.522436 0.559295 0.527244 0.560897 0.535256
0 0.557692 0.543269 0.556090 0.544872 0.551282 0.548077 0.544872 0.544872 0.241987 0.358974 0.238782 0.349359 0.241987 0.341346 0.246795 0.338141 0.251603 0.339744 0.259615 0.341346 0.261218 0.347756 0.264423 0.352564
0 0.262821 0.358974 0.259615 0.362179 0.254808 0.365385 0.248397 0.363782 0.145833 0.334936 0.141026 0.323718 0.142628 0.317308 0.150641 0.314103 0.157051 0.314103 0.161859 0.318910 0.165064 0.322115 0.166667 0.330128
0 0.165064 0.336538 0.163462 0.339744 0.158654 0.342949 0.150641 0.339744 0.078526 0.375000 0.075321 0.362179 0.076923 0.355769 0.081731 0.352564 0.091346 0.352564 0.096154 0.357372 0.099359 0.360577 0.100962 0.368590
0 0.099359 0.375000 0.097756 0.378205 0.092949 0.381410 0.084936 0.378205 0.019231 0.445513 0.016026 0.434295 0.019231 0.427885 0.024038 0.424679 0.030449 0.424679 0.036859 0.427885 0.041667 0.432692 0.043269 0.439103
0 0.041667 0.445513 0.038462 0.450321 0.033654 0.451923 0.025641 0.450321 0.195513 0.687500 0.192308 0.676282 0.193910 0.669872 0.198718 0.666667 0.206731 0.666667 0.211538 0.669872 0.214744 0.674679 0.216346 0.681090
0 0.214744 0.687500 0.213141 0.690705 0.208333 0.693910 0.200321 0.690705 0.240385 0.685897 0.237179 0.674679 0.240385 0.668269 0.245192 0.665064 0.251603 0.665064 0.256410 0.668269 0.261218 0.673077 0.262821 0.679487
0 0.261218 0.685897 0.258013 0.689103 0.253205 0.692308 0.246795 0.689103 0.307692 0.669872 0.304487 0.660256 0.306090 0.653846 0.312500 0.650641 0.318910 0.650641 0.323718 0.653846 0.328526 0.657051 0.330128 0.665064
0 0.328526 0.671474 0.325321 0.674679 0.320513 0.677885 0.312500 0.674679 0.339744 0.674679 0.336538 0.665064 0.338141 0.658654 0.342949 0.655449 0.350962 0.655449 0.355769 0.658654 0.358974 0.661859 0.360577 0.669872
0 0.358974 0.676282 0.357372 0.679487 0.352564 0.682692 0.344551 0.679487 0.391026 0.706731 0.387821 0.697115 0.389423 0.690705 0.394231 0.687500 0.402244 0.687500 0.407051 0.689103 0.410256 0.693910 0.411859 0.701923
0 0.410256 0.708333 0.408654 0.711538 0.402244 0.714744 0.395833 0.711538 0.320513 0.697115 0.317308 0.685897 0.318910 0.679487 0.323718 0.676282 0.330128 0.676282 0.336538 0.679487 0.339744 0.684295 0.341346 0.692308
0 0.339744 0.697115 0.336538 0.701923 0.331731 0.703526 0.325321 0.701923 0.274038 0.863782 0.270833 0.852564 0.272436 0.847756 0.278846 0.842949 0.285256 0.842949 0.290064 0.846154 0.293269 0.850962 0.294872 0.857372
0 0.293269 0.863782 0.291667 0.868590 0.286859 0.870192 0.278846 0.868590 0.323718 0.841346 0.320513 0.830128 0.323718 0.823718 0.328526 0.820513 0.334936 0.820513 0.339744 0.823718 0.344551 0.828526 0.346154 0.836538
0 0.344551 0.841346 0.341346 0.846154 0.336538 0.847756 0.328526 0.846154 0.461538 0.705128 0.458333 0.693910 0.459936 0.687500 0.464744 0.684295 0.472756 0.684295 0.477564 0.687500 0.480769 0.692308 0.482372 0.700321
0 0.480769 0.705128 0.479167 0.709936 0.474359 0.711538 0.466346 0.709936 0.131410 0.798077 0.128205 0.788462 0.129808 0.782051 0.136218 0.778846 0.144231 0.778846 0.149038 0.782051 0.152244 0.785256 0.153846 0.793269
0 0.152244 0.799679 0.150641 0.802885 0.142628 0.806090 0.136218 0.802885 0.133013 0.887821 0.129808 0.878205 0.131410 0.871795 0.139423 0.866987 0.145833 0.866987 0.150641 0.870192 0.153846 0.873397 0.155449 0.881410
0 0.153846 0.889423 0.152244 0.892628 0.145833 0.895833 0.137821 0.892628 0.399038 0.857372 0.395833 0.846154 0.397436 0.839744 0.402244 0.836538 0.408654 0.838141 0.413462 0.841346 0.418269 0.844551 0.419872 0.852564
0 0.418269 0.857372 0.416667 0.862179 0.410256 0.863782 0.403846 0.862179 0.621795 0.701923 0.618590 0.690705 0.621795 0.684295 0.626603 0.681090 0.633013 0.681090 0.637821 0.684295 0.642628 0.689103 0.644231 0.697115
0 0.642628 0.701923 0.639423 0.706731 0.634615 0.708333 0.628205 0.706731 0.575321 0.711538 0.573718 0.701923 0.575321 0.695513 0.580128 0.692308 0.586538 0.692308 0.592949 0.693910 0.596154 0.698718 0.597756 0.706731
0 0.596154 0.713141 0.592949 0.716346 0.588141 0.719551 0.581731 0.716346 0.616987 0.839744 0.613782 0.830128 0.615385 0.822115 0.621795 0.820513 0.628205 0.820513 0.633013 0.822115 0.636218 0.826923 0.637821 0.834936
0 0.636218 0.841346 0.634615 0.844551 0.629808 0.846154 0.621795 0.844551 0.532051 0.846154 0.528846 0.834936 0.532051 0.828526 0.536859 0.826923 0.543269 0.825321 0.548077 0.828526 0.552885 0.833333 0.554487 0.841346
0 0.552885 0.847756 0.549679 0.850962 0.544872 0.852564 0.536859 0.850962 0.746795 0.722756 0.741987 0.713141 0.746795 0.705128 0.751603 0.703526 0.758013 0.701923 0.766026 0.705128 0.769231 0.709936 0.770833 0.717949
0 0.769231 0.724359 0.766026 0.727564 0.761218 0.729167 0.754808 0.727564 0.721154 0.714744 0.717949 0.703526 0.721154 0.697115 0.725962 0.693910 0.732372 0.693910 0.738782 0.697115 0.741987 0.701923 0.743590 0.709936
0 0.741987 0.714744 0.738782 0.719551 0.733974 0.721154 0.727564 0.719551 0.780449 0.790064 0.777244 0.780449 0.778846 0.774038 0.783654 0.770833 0.791667 0.770833 0.796474 0.774038 0.799679 0.777244 0.801282 0.785256
0 0.799679 0.791667 0.798077 0.794872 0.793269 0.798077 0.785256 0.794872 0.889423 0.700321 0.886218 0.690705 0.887821 0.684295 0.892628 0.681090 0.900641 0.681090 0.907051 0.684295 0.910256 0.687500 0.911859 0.695513
0 0.910256 0.701923 0.908654 0.705128 0.902244 0.708333 0.894231 0.705128 0.932692 0.778846 0.929487 0.769231 0.932692 0.762821 0.937500 0.759615 0.943910 0.759615 0.948718 0.762821 0.955128 0.766026 0.956731 0.775641
0 0.955128 0.782051 0.951923 0.785256 0.947115 0.788462 0.939103 0.785256 0.948718 0.809295 0.945513 0.798077 0.947115 0.791667 0.951923 0.788462 0.959936 0.788462 0.964744 0.791667 0.967949 0.796474 0.971154 0.802885
0 0.969551 0.810897 0.967949 0.814103 0.961538 0.817308 0.953526 0.814103 0.730769 0.482372 0.727564 0.471154 0.730769 0.464744 0.735577 0.461538 0.741987 0.461538 0.746795 0.464744 0.751603 0.469551 0.753205 0.477564
0 0.751603 0.483974 0.748397 0.487179 0.743590 0.488782 0.735577 0.487179 0.612179 0.312500 0.608974 0.302885 0.612179 0.296474 0.616987 0.293269 0.623397 0.293269 0.629808 0.294872 0.633013 0.299679 0.634615 0.307692
0 0.633013 0.314103 0.629808 0.317308 0.625000 0.320513 0.618590 0.317308 0.541667 0.469551 0.538462 0.458333 0.541667 0.451923 0.546474 0.448718 0.552885 0.448718 0.559295 0.451923 0.562500 0.456731 0.564103 0.464744
0 0.562500 0.469551 0.559295 0.474359 0.554487 0.475962 0.548077 0.474359 0.575321 0.554487 0.570513 0.544872 0.575321 0.536859 0.580128 0.533654 0.586538 0.533654 0.592949 0.536859 0.596154 0.541667 0.597756 0.549679
0 0.596154 0.554487 0.592949 0.559295 0.588141 0.560897 0.581731 0.559295 0.621795 0.573718 0.618590 0.562500 0.620192 0.556090 0.626603 0.552885 0.633013 0.552885 0.637821 0.556090 0.642628 0.560897 0.644231 0.567308
0 0.642628 0.573718 0.639423 0.576923 0.634615 0.580128 0.626603 0.578526 0.089744 0.495192 0.086538 0.483974 0.089744 0.477564 0.094551 0.474359 0.100962 0.474359 0.107372 0.477564 0.110577 0.482372 0.112179 0.488782
0 0.110577 0.495192 0.107372 0.498397 0.102564 0.503205 0.096154 0.501603 0.288462 0.482372 0.285256 0.472756 0.285256 0.464744 0.290064 0.458333 0.296474 0.456731 0.302885 0.456731 0.309295 0.461538 0.314103 0.467949
0 0.315705 0.474359 0.315705 0.480769 0.309295 0.487179 0.304487 0.488782 0.294872 0.487179 0.418269 0.572115 0.415064 0.564103 0.415064 0.556090 0.419872 0.549679 0.426282 0.546474 0.431090 0.546474 0.439103 0.551282
0 0.442308 0.557692 0.443910 0.565705 0.443910 0.572115 0.439103 0.576923 0.432692 0.580128 0.423077 0.576923 0.490385 0.794872 0.487179 0.793269 0.483974 0.790064 0.482372 0.786859 0.483974 0.782051 0.487179 0.780449
0 0.491987 0.780449 0.493590 0.783654 0.495192 0.788462 0.495192 0.791667 0.493590 0.794872 0.458333 0.823718 0.453526 0.822115 0.450321 0.817308 0.447115 0.814103 0.448718 0.809295 0.451923 0.804487 0.456731 0.802885 0.461538 0.807692
0 0.464744 0.810897 0.464744 0.815705 0.464744 0.820513 0.461538 0.822115 0.322115 0.796474 0.318910 0.791667 0.320513 0.788462 0.322115 0.783654 0.325321 0.782051 0.331731 0.782051 0.334936 0.785256 0.338141 0.790064 0.338141 0.794872
0 0.338141 0.799679 0.334936 0.801282 0.331731 0.802885 0.325321 0.801282 0.269231 0.766026 0.269231 0.761218 0.267628 0.758013 0.270833 0.754808 0.274038 0.753205 0.280449 0.750000 0.283654 0.753205
0 0.286859 0.759615 0.286859 0.764423 0.286859 0.769231 0.283654 0.772436 0.280449 0.772436 0.272436 0.770833 0.310897 0.751603 0.309295 0.746795 0.309295 0.743590 0.310897 0.738782 0.315705 0.737179 0.320513 0.737179
0 0.325321 0.740385 0.326923 0.745192 0.328526 0.750000 0.326923 0.753205 0.325321 0.756410 0.320513 0.758013 0.315705 0.754808 0.275641 0.709936 0.272436 0.705128 0.274038 0.700321 0.275641 0.697115 0.278846 0.695513 0.285256 0.695513
0 0.288462 0.698718 0.291667 0.703526 0.291667 0.708333 0.291667 0.711538 0.288462 0.714744 0.285256 0.716346 0.280449 0.713141 0.243590 0.717949 0.241987 0.713141 0.243590 0.708333 0.245192 0.705128 0.248397 0.703526 0.254808 0.703526
0 0.258013 0.706731 0.259615 0.711538 0.261218 0.716346 0.259615 0.721154 0.258013 0.724359 0.253205 0.724359 0.246795 0.722756 0.298077 0.822115 0.296474 0.817308 0.296474 0.814103 0.299679 0.809295 0.304487 0.807692 0.309295 0.807692
0 0.314103 0.810897 0.315705 0.815705 0.317308 0.820513 0.315705 0.825321 0.314103 0.828526 0.309295 0.828526 0.302885 0.826923 0.256410 0.841346 0.254808 0.836538 0.254808 0.831731 0.256410 0.826923 0.259615 0.825321 0.266026 0.825321
0 0.269231 0.828526 0.270833 0.833333 0.272436 0.839744 0.270833 0.844551 0.269231 0.847756 0.264423 0.847756 0.259615 0.846154 0.217949 0.770833 0.216346 0.766026 0.214744 0.762821 0.217949 0.759615 0.221154 0.758013 0.227564 0.758013
0 0.230769 0.759615 0.232372 0.764423 0.233974 0.770833 0.232372 0.774038 0.230769 0.777244 0.225962 0.778846 0.221154 0.775641 0.176282 0.836538 0.174679 0.831731 0.174679 0.826923 0.176282 0.823718 0.179487 0.822115 0.185897 0.822115
0 0.189103 0.825321 0.192308 0.830128 0.192308 0.834936 0.192308 0.839744 0.189103 0.842949 0.185897 0.842949 0.179487 0.841346 0.211538 0.823718 0.211538 0.818910 0.211538 0.814103 0.213141 0.810897 0.216346 0.807692 0.222756 0.807692
0 0.225962 0.810897 0.229167 0.817308 0.229167 0.822115 0.229167 0.826923 0.225962 0.830128 0.222756 0.830128 0.214744 0.828526 0.157051 0.770833 0.157051 0.766026 0.155449 0.762821 0.157051 0.758013 0.161859 0.756410 0.166667 0.756410
0 0.171474 0.759615 0.173077 0.764423 0.174679 0.769231 0.173077 0.774038 0.171474 0.777244 0.166667 0.777244 0.161859 0.775641 0.157051 0.825321 0.155449 0.820513 0.155449 0.815705 0.157051 0.812500 0.160256 0.810897 0.166667 0.810897
0 0.169872 0.814103 0.173077 0.818910 0.173077 0.823718 0.173077 0.828526 0.169872 0.831731 0.166667 0.831731 0.161859 0.830128 0.301282 0.785256 0.299679 0.780449 0.299679 0.777244 0.301282 0.774038 0.304487 0.772436 0.310897 0.772436
0 0.315705 0.774038 0.317308 0.778846 0.318910 0.785256 0.317308 0.788462 0.315705 0.791667 0.310897 0.791667 0.306090 0.790064 0.237179 0.653846 0.233974 0.649038 0.235577 0.644231 0.237179 0.641026 0.240385 0.639423 0.246795 0.639423
0 0.250000 0.642628 0.253205 0.647436 0.253205 0.652244 0.253205 0.657051 0.250000 0.658654 0.246795 0.660256 0.240385 0.658654 0.145833 0.850962 0.144231 0.846154 0.144231 0.841346 0.145833 0.838141 0.149038 0.836538 0.155449 0.834936
0 0.160256 0.838141 0.161859 0.844551 0.161859 0.849359 0.161859 0.854167 0.158654 0.857372 0.155449 0.857372 0.149038 0.855769 0.221154 0.883013 0.219551 0.878205 0.217949 0.875000 0.221154 0.871795 0.224359 0.868590 0.230769 0.868590
0 0.233974 0.870192 0.237179 0.875000 0.237179 0.883013 0.237179 0.886218 0.233974 0.889423 0.230769 0.889423 0.225962 0.887821 0.128205 0.637821 0.126603 0.633013 0.126603 0.629808 0.128205 0.625000 0.133013 0.623397 0.139423 0.623397
0 0.144231 0.626603 0.145833 0.631410 0.147436 0.636218 0.145833 0.641026 0.144231 0.644231 0.139423 0.644231 0.133013 0.642628 0.086538 0.645833 0.086538 0.639423 0.084936 0.634615 0.086538 0.631410 0.089744 0.629808 0.096154 0.629808
0 0.099359 0.631410 0.102564 0.637821 0.102564 0.642628 0.102564 0.645833 0.100962 0.650641 0.096154 0.652244 0.091346 0.649038 0.211538 0.641026 0.209936 0.636218 0.209936 0.631410 0.213141 0.628205 0.216346 0.626603 0.222756 0.626603
0 0.225962 0.629808 0.227564 0.634615 0.229167 0.639423 0.227564 0.644231 0.225962 0.647436 0.221154 0.647436 0.214744 0.645833 0.189103 0.631410 0.189103 0.625000 0.187500 0.621795 0.189103 0.618590 0.193910 0.616987 0.198718 0.616987
0 0.203526 0.618590 0.205128 0.623397 0.206731 0.629808 0.205128 0.633013 0.203526 0.636218 0.198718 0.637821 0.193910 0.634615 0.193910 0.549679 0.192308 0.544872 0.192308 0.541667 0.195513 0.536859 0.200321 0.535256 0.205128 0.535256
0 0.209936 0.536859 0.211538 0.543269 0.213141 0.548077 0.211538 0.551282 0.209936 0.554487 0.205128 0.556090 0.200321 0.552885 0.145833 0.514423 0.142628 0.509615 0.144231 0.504808 0.145833 0.501603 0.149038 0.498397 0.155449 0.498397
0 0.158654 0.503205 0.161859 0.508013 0.161859 0.512821 0.161859 0.517628 0.158654 0.519231 0.155449 0.520833 0.149038 0.519231 0.083333 0.530449 0.081731 0.524038 0.081731 0.522436 0.083333 0.517628 0.086538 0.516026 0.092949 0.516026
0 0.097756 0.519231 0.099359 0.524038 0.100962 0.528846 0.099359 0.533654 0.097756 0.535256 0.092949 0.536859 0.088141 0.535256 0.315705 0.596154 0.314103 0.591346 0.314103 0.586538 0.315705 0.583333 0.318910 0.581731 0.325321 0.581731
0 0.328526 0.584936 0.331731 0.589744 0.331731 0.594551 0.331731 0.599359 0.328526 0.602564 0.325321 0.602564 0.318910 0.600962 0.350962 0.612179 0.350962 0.607372 0.349359 0.604167 0.350962 0.600962 0.355769 0.599359 0.360577 0.599359
0 0.365385 0.600962 0.366987 0.605769 0.368590 0.612179 0.366987 0.615385 0.365385 0.618590 0.360577 0.618590 0.355769 0.616987 0.232372 0.517628 0.230769 0.512821 0.229167 0.509615 0.232372 0.506410 0.235577 0.503205 0.241987 0.503205
0 0.245192 0.506410 0.248397 0.511218 0.250000 0.516026 0.248397 0.520833 0.246795 0.524038 0.241987 0.524038 0.237179 0.522436 0.307692 0.506410 0.306090 0.501603 0.306090 0.496795 0.307692 0.491987 0.312500 0.490385 0.317308 0.490385
0 0.322115 0.493590 0.323718 0.498397 0.325321 0.504808 0.323718 0.509615 0.322115 0.512821 0.317308 0.512821 0.312500 0.511218 0.208333 0.440705 0.206731 0.435897 0.206731 0.431090 0.208333 0.427885 0.211538 0.426282 0.217949 0.426282
0 0.221154 0.429487 0.224359 0.434295 0.224359 0.439103 0.224359 0.443910 0.221154 0.447115 0.217949 0.447115 0.213141 0.445513 0.233974 0.410256 0.230769 0.405449 0.232372 0.400641 0.233974 0.397436 0.237179 0.395833 0.243590 0.395833
0 0.246795 0.397436 0.250000 0.403846 0.250000 0.408654 0.250000 0.411859 0.246795 0.415064 0.243590 0.416667 0.237179 0.413462 0.282051 0.415064 0.280449 0.410256 0.280449 0.405449 0.282051 0.402244 0.285256 0.400641 0.291667 0.400641
0 0.294872 0.403846 0.296474 0.408654 0.298077 0.413462 0.296474 0.418269 0.294872 0.421474 0.290064 0.421474 0.285256 0.419872 0.354167 0.363782 0.352564 0.357372 0.352564 0.355769 0.354167 0.350962 0.358974 0.349359 0.363782 0.349359
0 0.368590 0.352564 0.370192 0.357372 0.371795 0.362179 0.370192 0.366987 0.368590 0.368590 0.363782 0.370192 0.358974 0.368590 0.350962 0.384615 0.349359 0.379808 0.349359 0.375000 0.350962 0.371795 0.354167 0.370192 0.360577 0.370192
0 0.363782 0.373397 0.366987 0.378205 0.366987 0.383013 0.366987 0.387821 0.363782 0.391026 0.360577 0.391026 0.354167 0.389423 0.405449 0.314103 0.403846 0.309295 0.403846 0.304487 0.405449 0.301282 0.408654 0.299679 0.415064 0.299679
0 0.418269 0.302885 0.419872 0.307692 0.421474 0.312500 0.419872 0.317308 0.418269 0.320513 0.413462 0.320513 0.408654 0.318910 0.386218 0.330128 0.384615 0.325321 0.383013 0.322115 0.386218 0.318910 0.389423 0.317308 0.395833 0.317308
0 0.399038 0.318910 0.402244 0.323718 0.402244 0.330128 0.402244 0.333333 0.399038 0.336538 0.395833 0.336538 0.389423 0.334936 0.365385 0.318910 0.363782 0.314103 0.363782 0.309295 0.365385 0.306090 0.368590 0.304487 0.375000 0.304487
0 0.378205 0.307692 0.381410 0.312500 0.381410 0.317308 0.381410 0.322115 0.378205 0.325321 0.375000 0.325321 0.368590 0.323718 0.344551 0.312500 0.341346 0.307692 0.342949 0.302885 0.344551 0.299679 0.347756 0.298077 0.354167 0.298077
0 0.357372 0.301282 0.360577 0.306090 0.360577 0.310897 0.360577 0.314103 0.357372 0.317308 0.354167 0.318910 0.347756 0.315705 0.330128 0.323718 0.326923 0.318910 0.328526 0.314103 0.330128 0.310897 0.333333 0.309295 0.339744 0.309295
0 0.342949 0.312500 0.346154 0.317308 0.346154 0.322115 0.346154 0.326923 0.342949 0.328526 0.339744 0.330128 0.333333 0.328526 0.373397 0.296474 0.370192 0.291667 0.371795 0.286859 0.373397 0.283654 0.376603 0.282051 0.383013 0.282051
0 0.387821 0.285256 0.389423 0.290064 0.391026 0.294872 0.389423 0.299679 0.387821 0.301282 0.383013 0.302885 0.378205 0.301282 0.282051 0.322115 0.280449 0.317308 0.280449 0.312500 0.282051 0.309295 0.285256 0.307692 0.291667 0.307692
0 0.294872 0.310897 0.298077 0.315705 0.298077 0.320513 0.298077 0.325321 0.294872 0.328526 0.291667 0.328526 0.285256 0.326923 0.182692 0.333333 0.181090 0.328526 0.181090 0.323718 0.182692 0.320513 0.185897 0.318910 0.192308 0.318910
0 0.195513 0.322115 0.198718 0.326923 0.200321 0.331731 0.198718 0.336538 0.197115 0.339744 0.192308 0.339744 0.187500 0.338141 0.221154 0.344551 0.216346 0.339744 0.217949 0.334936 0.219551 0.331731 0.222756 0.330128 0.230769 0.330128
0 0.233974 0.331731 0.237179 0.338141 0.237179 0.342949 0.237179 0.346154 0.233974 0.349359 0.230769 0.350962 0.225962 0.347756 0.182692 0.405449 0.181090 0.400641 0.179487 0.397436 0.182692 0.394231 0.185897 0.392628 0.192308 0.392628
0 0.195513 0.394231 0.198718 0.399038 0.198718 0.405449 0.198718 0.408654 0.195513 0.411859 0.192308 0.411859 0.187500 0.410256 0.131410 0.386218 0.128205 0.381410 0.128205 0.376603 0.129808 0.373397 0.134615 0.371795 0.141026 0.371795
0 0.144231 0.375000 0.147436 0.379808 0.147436 0.384615 0.147436 0.389423 0.144231 0.392628 0.141026 0.392628 0.134615 0.391026 0.118590 0.352564 0.115385 0.347756 0.116987 0.342949 0.118590 0.338141 0.121795 0.336538 0.128205 0.338141
0 0.131410 0.341346 0.133013 0.346154 0.134615 0.350962 0.134615 0.355769 0.131410 0.357372 0.128205 0.358974 0.121795 0.357372 0.088141 0.307692 0.086538 0.302885 0.086538 0.298077 0.088141 0.294872 0.091346 0.293269 0.097756 0.293269
0 0.102564 0.296474 0.105769 0.301282 0.105769 0.306090 0.105769 0.310897 0.102564 0.314103 0.099359 0.314103 0.091346 0.312500 0.062500 0.326923 0.060897 0.320513 0.060897 0.318910 0.062500 0.314103 0.067308 0.312500 0.072115 0.312500
0 0.076923 0.315705 0.078526 0.320513 0.080128 0.325321 0.078526 0.328526 0.076923 0.331731 0.072115 0.333333 0.067308 0.330128 0.054487 0.445513 0.052885 0.440705 0.052885 0.435897 0.054487 0.432692 0.057692 0.431090 0.064103 0.431090
0 0.067308 0.434295 0.072115 0.439103 0.072115 0.443910 0.072115 0.448718 0.067308 0.451923 0.064103 0.451923 0.057692 0.450321 0.068910 0.410256 0.067308 0.405449 0.065705 0.402244 0.068910 0.399038 0.072115 0.397436 0.080128 0.397436
0 0.083333 0.399038 0.086538 0.403846 0.086538 0.410256 0.086538 0.413462 0.083333 0.416667 0.080128 0.418269 0.072115 0.415064 0.094551 0.415064 0.091346 0.410256 0.092949 0.405449 0.094551 0.402244 0.097756 0.400641 0.104167 0.400641
0 0.107372 0.403846 0.108974 0.408654 0.110577 0.413462 0.108974 0.416667 0.107372 0.419872 0.102564 0.421474 0.097756 0.418269 0.004808 0.362179 0.001603 0.357372 0.003205 0.352564 0.004808 0.349359 0.008013 0.347756 0.016026 0.347756
0 0.019231 0.350962 0.022436 0.355769 0.022436 0.360577 0.022436 0.363782 0.019231 0.366987 0.016026 0.368590 0.008013 0.365385 0.187500 0.447115 0.185897 0.442308 0.185897 0.437500 0.187500 0.434295 0.190705 0.432692 0.198718 0.432692
0 0.201923 0.435897 0.205128 0.440705 0.205128 0.445513 0.205128 0.450321 0.201923 0.453526 0.198718 0.453526 0.190705 0.451923 0.246795 0.491987 0.245192 0.487179 0.243590 0.483974 0.246795 0.480769 0.250000 0.479167 0.256410 0.477564
0 0.259615 0.480769 0.262821 0.485577 0.262821 0.490385 0.262821 0.495192 0.259615 0.498397 0.256410 0.498397 0.250000 0.496795 0.165064 0.891026 0.161859 0.884615 0.163462 0.879808 0.165064 0.876603 0.168269 0.875000 0.174679 0.875000
0 0.177885 0.878205 0.181090 0.883013 0.181090 0.887821 0.181090 0.892628 0.177885 0.895833 0.174679 0.897436 0.169872 0.895833 0.669872 0.794872 0.666667 0.790064 0.668269 0.785256 0.669872 0.782051 0.673077 0.780449 0.679487 0.780449
0 0.682692 0.783654 0.685897 0.788462 0.685897 0.793269 0.685897 0.798077 0.682692 0.799679 0.679487 0.801282 0.673077 0.798077 0.253205 0.817308 0.250000 0.815705 0.246795 0.812500 0.245192 0.809295 0.246795 0.804487 0.250000 0.801282
0 0.256410 0.802885 0.258013 0.804487 0.259615 0.810897 0.259615 0.814103 0.256410 0.817308 0.243590 0.849359 0.240385 0.847756 0.237179 0.844551 0.235577 0.841346 0.237179 0.836538 0.240385 0.833333 0.245192 0.833333 0.248397 0.836538
0 0.250000 0.841346 0.248397 0.846154 0.246795 0.849359 0.442308 0.764423 0.439103 0.759615 0.440705 0.754808 0.442308 0.751603 0.445513 0.750000 0.450321 0.750000 0.455128 0.753205 0.456731 0.758013 0.458333 0.762821 0.456731 0.767628
0 0.455128 0.769231 0.450321 0.770833 0.445513 0.769231 0.415064 0.838141 0.411859 0.836538 0.410256 0.833333 0.407051 0.830128 0.408654 0.825321 0.413462 0.822115 0.418269 0.823718 0.419872 0.825321
0 0.421474 0.830128 0.421474 0.834936 0.419872 0.838141 0.594551 0.750000 0.591346 0.745192 0.592949 0.740385 0.594551 0.737179 0.597756 0.735577 0.604167 0.735577 0.607372 0.738782 0.610577 0.743590
0 0.610577 0.748397 0.610577 0.751603 0.607372 0.754808 0.604167 0.756410 0.597756 0.753205 0.538462 0.613782 0.536859 0.608974 0.536859 0.605769 0.538462 0.600962 0.541667 0.599359 0.548077 0.599359 0.552885 0.602564 0.554487 0.607372
0 0.556090 0.612179 0.554487 0.616987 0.552885 0.620192 0.548077 0.620192 0.543269 0.618590 0.490385 0.546474 0.490385 0.541667 0.488782 0.538462 0.490385 0.535256 0.495192 0.533654 0.501603 0.533654
0 0.506410 0.535256 0.508013 0.540064 0.509615 0.546474 0.508013 0.549679 0.506410 0.552885 0.501603 0.554487 0.495192 0.551282 0.458333 0.503205 0.455128 0.496795 0.456731 0.491987 0.458333 0.488782 0.461538 0.487179 0.467949 0.487179
0 0.471154 0.490385 0.474359 0.495192 0.474359 0.501603 0.474359 0.504808 0.471154 0.508013 0.467949 0.509615 0.461538 0.506410 0.421474 0.485577 0.419872 0.480769 0.418269 0.477564 0.421474 0.474359 0.424679 0.472756 0.429487 0.472756
0 0.434295 0.474359 0.435897 0.479167 0.437500 0.485577 0.435897 0.488782 0.434295 0.491987 0.429487 0.493590 0.424679 0.490385 0.431090 0.443910 0.427885 0.439103 0.429487 0.434295 0.431090 0.431090 0.434295 0.429487 0.440705 0.429487
0 0.443910 0.432692 0.447115 0.437500 0.447115 0.442308 0.447115 0.445513 0.443910 0.448718 0.440705 0.450321 0.434295 0.447115 0.431090 0.381410 0.427885 0.376603 0.429487 0.371795 0.431090 0.368590 0.434295 0.366987 0.440705 0.366987
0 0.443910 0.368590 0.445513 0.373397 0.447115 0.379808 0.445513 0.383013 0.443910 0.386218 0.439103 0.387821 0.434295 0.384615 0.333333 0.278846 0.331731 0.274038 0.331731 0.269231 0.333333 0.266026 0.336538 0.264423 0.342949 0.264423
0 0.346154 0.267628 0.347756 0.272436 0.349359 0.277244 0.349359 0.282051 0.346154 0.285256 0.342949 0.285256 0.336538 0.283654 0.304487 0.362179 0.302885 0.357372 0.302885 0.352564 0.304487 0.349359 0.307692 0.347756 0.314103 0.347756
0 0.317308 0.350962 0.320513 0.355769 0.320513 0.360577 0.320513 0.365385 0.317308 0.368590 0.314103 0.368590 0.309295 0.366987 0.365385 0.269231 0.365385 0.264423 0.363782 0.261218 0.365385 0.256410 0.370192 0.254808 0.375000 0.254808
0 0.379808 0.258013 0.381410 0.262821 0.383013 0.267628 0.381410 0.272436 0.379808 0.275641 0.375000 0.275641 0.370192 0.274038 0.386218 0.267628 0.384615 0.261218 0.384615 0.259615 0.386218 0.254808 0.391026 0.253205 0.395833 0.253205
0 0.400641 0.256410 0.402244 0.261218 0.403846 0.266026 0.402244 0.270833 0.400641 0.272436 0.395833 0.274038 0.391026 0.272436 0.535256 0.437500 0.535256 0.432692 0.533654 0.429487 0.535256 0.426282 0.540064 0.424679 0.544872 0.424679
0 0.549679 0.426282 0.551282 0.431090 0.552885 0.435897 0.551282 0.440705 0.549679 0.443910 0.544872 0.443910 0.540064 0.442308 0.615385 0.267628 0.613782 0.262821 0.613782 0.258013 0.615385 0.254808 0.618590 0.253205 0.625000 0.253205
0 0.628205 0.256410 0.629808 0.261218 0.631410 0.266026 0.629808 0.270833 0.628205 0.274038 0.623397 0.274038 0.618590 0.272436 0.636218 0.274038 0.634615 0.269231 0.634615 0.264423 0.636218 0.261218 0.639423 0.261218 0.645833 0.259615
0 0.649038 0.262821 0.652244 0.267628 0.652244 0.272436 0.652244 0.277244 0.649038 0.280449 0.645833 0.280449 0.639423 0.278846 0.636218 0.352564 0.634615 0.347756 0.634615 0.342949 0.636218 0.339744 0.639423 0.339744 0.645833 0.339744
0 0.649038 0.341346 0.652244 0.346154 0.652244 0.350962 0.652244 0.355769 0.649038 0.358974 0.645833 0.358974 0.639423 0.357372 0.604167 0.376603 0.600962 0.371795 0.602564 0.366987 0.604167 0.363782 0.607372 0.362179 0.613782 0.362179
0 0.616987 0.365385 0.620192 0.370192 0.620192 0.375000 0.620192 0.379808 0.616987 0.381410 0.613782 0.383013 0.607372 0.379808 0.735577 0.407051 0.733974 0.402244 0.733974 0.397436 0.735577 0.394231 0.738782 0.394231 0.745192 0.392628
0 0.748397 0.395833 0.750000 0.400641 0.751603 0.405449 0.750000 0.410256 0.748397 0.413462 0.743590 0.413462 0.738782 0.411859 0.810897 0.371795 0.807692 0.370192 0.807692 0.366987 0.809295 0.365385 0.812500 0.362179 0.815705 0.362179
0 0.818910 0.366987 0.820513 0.370192 0.818910 0.373397 0.815705 0.375000 0.812500 0.373397 0.719551 0.411859 0.716346 0.410256 0.717949 0.405449 0.719551 0.405449 0.722756 0.402244 0.725962 0.402244 0.729167 0.407051 0.729167 0.410256
0 0.729167 0.413462 0.725962 0.415064 0.722756 0.413462 0.743590 0.456731 0.741987 0.453526 0.740385 0.450321 0.743590 0.447115 0.746795 0.447115 0.750000 0.447115 0.751603 0.450321 0.753205 0.453526 0.751603 0.456731 0.748397 0.458333
0 0.746795 0.458333 0.823718 0.419872 0.820513 0.418269 0.822115 0.413462 0.823718 0.413462 0.826923 0.410256 0.830128 0.411859 0.833333 0.415064 0.833333 0.418269 0.833333 0.421474 0.830128 0.423077
0 0.826923 0.423077 0.833333 0.429487 0.830128 0.427885 0.831731 0.423077 0.833333 0.423077 0.836538 0.419872 0.839744 0.421474 0.842949 0.424679 0.842949 0.427885 0.842949 0.431090 0.839744 0.432692
0 0.836538 0.432692 0.823718 0.434295 0.820513 0.432692 0.820513 0.429487 0.823718 0.426282 0.826923 0.424679 0.828526 0.424679 0.831731 0.429487 0.833333 0.432692 0.831731 0.435897 0.828526 0.437500
0 0.825321 0.435897 0.838141 0.310897 0.839744 0.306090 0.838141 0.302885 0.841346 0.299679 0.842949 0.299679 0.847756 0.299679 0.850962 0.302885 0.850962 0.306090 0.850962 0.309295 0.846154 0.310897
0 0.842949 0.310897 0.834936 0.325321 0.834936 0.322115 0.834936 0.318910 0.838141 0.315705 0.839744 0.314103 0.842949 0.314103 0.846154 0.317308 0.846154 0.322115 0.846154 0.325321 0.842949 0.326923
0 0.839744 0.326923 0.812500 0.248397 0.809295 0.246795 0.810897 0.241987 0.812500 0.241987 0.815705 0.238782 0.818910 0.238782 0.823718 0.243590 0.822115 0.246795 0.822115 0.250000 0.818910 0.251603
0 0.815705 0.250000 0.645833 0.251603 0.642628 0.250000 0.642628 0.246795 0.645833 0.243590 0.649038 0.241987 0.652244 0.243590 0.653846 0.246795 0.655449 0.250000 0.653846 0.253205 0.650641 0.254808
0 0.649038 0.254808 0.592949 0.259615 0.589744 0.258013 0.589744 0.254808 0.592949 0.251603 0.596154 0.250000 0.599359 0.250000 0.600962 0.254808 0.602564 0.258013 0.600962 0.261218 0.597756 0.264423
0 0.596154 0.261218 0.543269 0.277244 0.544872 0.274038 0.543269 0.270833 0.546474 0.267628 0.548077 0.267628 0.551282 0.267628 0.554487 0.270833 0.554487 0.274038 0.554487 0.277244 0.551282 0.278846
0 0.548077 0.278846 0.519231 0.339744 0.516026 0.338141 0.517628 0.333333 0.519231 0.333333 0.522436 0.330128 0.525641 0.330128 0.528846 0.334936 0.528846 0.338141 0.528846 0.341346 0.525641 0.342949
0 0.522436 0.341346 0.498397 0.330128 0.496795 0.326923 0.495192 0.323718 0.498397 0.320513 0.503205 0.320513 0.506410 0.320513 0.508013 0.323718 0.509615 0.328526 0.508013 0.330128 0.504808 0.331731
0 0.503205 0.331731 0.394231 0.290064 0.391026 0.288462 0.391026 0.285256 0.394231 0.282051 0.397436 0.280449 0.399038 0.280449 0.402244 0.285256 0.403846 0.288462 0.402244 0.291667 0.399038 0.293269
0 0.395833 0.291667 0.248397 0.331731 0.245192 0.330128 0.245192 0.326923 0.248397 0.323718 0.251603 0.322115 0.253205 0.322115 0.256410 0.326923 0.258013 0.330128 0.256410 0.333333 0.253205 0.334936
0 0.250000 0.333333 0.264423 0.347756 0.261218 0.346154 0.261218 0.342949 0.264423 0.339744 0.267628 0.338141 0.269231 0.338141 0.272436 0.342949 0.274038 0.346154 0.272436 0.349359 0.269231 0.350962
0 0.266026 0.349359 0.068910 0.306090 0.065705 0.304487 0.067308 0.299679 0.068910 0.299679 0.072115 0.296474 0.075321 0.296474 0.078526 0.299679 0.078526 0.304487 0.078526 0.307692 0.075321 0.309295
0 0.072115 0.307692 0.068910 0.350962 0.067308 0.347756 0.067308 0.342949 0.070513 0.341346 0.072115 0.341346 0.075321 0.341346 0.078526 0.344551 0.078526 0.347756 0.078526 0.350962 0.075321 0.352564
0 0.072115 0.352564 0.113782 0.431090 0.112179 0.427885 0.113782 0.424679 0.115385 0.421474 0.116987 0.421474 0.120192 0.421474 0.125000 0.424679 0.125000 0.429487 0.125000 0.431090 0.120192 0.432692
0 0.116987 0.432692 0.038462 0.488782 0.036859 0.485577 0.036859 0.483974 0.038462 0.482372 0.041667 0.479167 0.044872 0.480769 0.048077 0.483974 0.048077 0.487179 0.048077 0.490385 0.044872 0.491987
0 0.041667 0.491987 0.065705 0.514423 0.064103 0.511218 0.062500 0.508013 0.065705 0.504808 0.070513 0.504808 0.072115 0.504808 0.075321 0.508013 0.076923 0.511218 0.075321 0.514423 0.072115 0.516026
0 0.068910 0.516026 0.264423 0.477564 0.261218 0.475962 0.262821 0.471154 0.264423 0.471154 0.267628 0.467949 0.270833 0.467949 0.274038 0.472756 0.274038 0.475962 0.274038 0.479167 0.270833 0.480769
0 0.267628 0.479167 0.248397 0.536859 0.246795 0.533654 0.246795 0.532051 0.248397 0.530449 0.251603 0.527244 0.254808 0.528846 0.258013 0.532051 0.258013 0.535256 0.258013 0.538462 0.254808 0.540064
0 0.251603 0.538462 0.299679 0.591346 0.296474 0.589744 0.296474 0.586538 0.298077 0.584936 0.301282 0.581731 0.304487 0.581731 0.307692 0.586538 0.309295 0.589744 0.307692 0.592949 0.304487 0.594551
0 0.301282 0.592949 0.410256 0.618590 0.407051 0.616987 0.408654 0.612179 0.410256 0.608974 0.413462 0.608974 0.416667 0.608974 0.418269 0.612179 0.419872 0.616987 0.418269 0.618590 0.415064 0.620192
0 0.413462 0.620192 0.381410 0.671474 0.378205 0.669872 0.379808 0.665064 0.381410 0.661859 0.383013 0.661859 0.386218 0.661859 0.389423 0.665064 0.389423 0.669872 0.389423 0.671474 0.386218 0.673077
0 0.383013 0.673077 0.455128 0.679487 0.451923 0.677885 0.453526 0.673077 0.456731 0.669872 0.458333 0.669872 0.461538 0.669872 0.464744 0.673077 0.464744 0.677885 0.464744 0.679487 0.461538 0.681090
0 0.458333 0.681090 0.450321 0.573718 0.448718 0.570513 0.448718 0.565705 0.451923 0.564103 0.453526 0.564103 0.456731 0.564103 0.459936 0.567308 0.459936 0.570513 0.459936 0.573718 0.456731 0.575321
0 0.453526 0.575321 0.508013 0.581731 0.504808 0.580128 0.504808 0.576923 0.506410 0.575321 0.509615 0.572115 0.512821 0.572115 0.516026 0.576923 0.517628 0.580128 0.516026 0.583333 0.512821 0.584936
0 0.509615 0.583333 0.519231 0.498397 0.516026 0.496795 0.516026 0.493590 0.517628 0.491987 0.520833 0.488782 0.524038 0.488782 0.527244 0.493590 0.528846 0.496795 0.527244 0.501603 0.524038 0.503205
0 0.520833 0.501603 0.408654 0.535256 0.405449 0.530449 0.407051 0.525641 0.408654 0.522436 0.411859 0.520833 0.418269 0.520833 0.421474 0.522436 0.424679 0.528846 0.424679 0.533654 0.424679 0.536859
0 0.421474 0.540064 0.418269 0.541667 0.411859 0.538462 0.562500 0.546474 0.559295 0.544872 0.560897 0.540064 0.562500 0.540064 0.565705 0.536859 0.568910 0.536859 0.572115 0.541667 0.572115 0.544872
0 0.572115 0.548077 0.568910 0.549679 0.565705 0.548077 0.597756 0.533654 0.594551 0.532051 0.594551 0.528846 0.596154 0.527244 0.599359 0.524038 0.602564 0.525641 0.605769 0.528846 0.607372 0.532051
0 0.605769 0.535256 0.602564 0.536859 0.599359 0.535256 0.541667 0.514423 0.543269 0.509615 0.546474 0.509615 0.548077 0.509615 0.549679 0.511218 0.551282 0.512821 0.551282 0.516026 0.549679 0.517628 0.548077 0.517628 0.546474 0.517628
0 0.541667 0.517628 0.543269 0.514423 0.556090 0.408654 0.557692 0.403846 0.560897 0.403846 0.564103 0.403846 0.565705 0.405449 0.565705 0.408654 0.565705 0.410256 0.564103 0.411859 0.562500 0.411859
0 0.560897 0.411859 0.556090 0.413462 0.557692 0.408654 0.634615 0.450321 0.636218 0.447115 0.639423 0.445513 0.641026 0.447115 0.642628 0.448718 0.644231 0.450321 0.644231 0.451923 0.642628 0.453526
0 0.641026 0.455128 0.639423 0.455128 0.634615 0.455128 0.636218 0.451923 0.551282 0.285256 0.552885 0.282051 0.554487 0.282051 0.557692 0.282051 0.559295 0.283654 0.559295 0.285256 0.559295 0.288462 0.557692 0.288462
0 0.557692 0.290064 0.554487 0.291667 0.552885 0.290064 0.551282 0.286859 0.552885 0.318910 0.554487 0.314103 0.557692 0.314103 0.559295 0.314103 0.560897 0.315705 0.562500 0.317308 0.562500 0.320513 0.560897 0.322115
0 0.559295 0.322115 0.557692 0.322115 0.552885 0.322115 0.554487 0.318910 0.663462 0.266026 0.665064 0.261218 0.668269 0.261218 0.669872 0.261218 0.671474 0.262821 0.673077 0.264423 0.673077 0.267628 0.671474 0.267628
0 0.669872 0.269231 0.668269 0.269231 0.663462 0.269231 0.665064 0.266026 0.729167 0.302885 0.730769 0.299679 0.732372 0.299679 0.735577 0.299679 0.737179 0.301282 0.737179 0.302885 0.737179 0.306090 0.735577 0.306090
0 0.735577 0.307692 0.732372 0.309295 0.730769 0.307692 0.729167 0.304487 0.802885 0.253205 0.804487 0.251603 0.807692 0.248397 0.810897 0.248397 0.812500 0.250000 0.812500 0.253205 0.812500 0.254808 0.810897 0.256410
0 0.810897 0.258013 0.807692 0.259615 0.806090 0.258013 0.804487 0.254808 0.858974 0.322115 0.860577 0.320513 0.863782 0.317308 0.866987 0.318910 0.868590 0.320513 0.870192 0.322115 0.868590 0.325321 0.866987 0.326923
0 0.865385 0.326923 0.862179 0.326923 0.860577 0.323718 0.766026 0.560897 0.767628 0.559295 0.770833 0.556090 0.774038 0.556090 0.775641 0.557692 0.777244 0.560897 0.775641 0.562500 0.775641 0.564103 0.774038 0.565705
0 0.772436 0.565705 0.769231 0.565705 0.767628 0.562500 0.741987 0.660256 0.743590 0.655449 0.746795 0.655449 0.748397 0.655449 0.750000 0.657051 0.751603 0.660256 0.751603 0.661859 0.750000 0.663462 0.748397 0.665064
0 0.746795 0.665064 0.741987 0.665064 0.743590 0.660256 0.796474 0.802885 0.798077 0.799679 0.802885 0.796474 0.806090 0.798077 0.807692 0.799679 0.807692 0.802885 0.807692 0.804487 0.806090 0.806090 0.806090 0.807692
0 0.802885 0.809295 0.801282 0.806090 0.799679 0.802885 0.717949 0.764423 0.719551 0.761218 0.722756 0.759615 0.724359 0.759615 0.725962 0.761218 0.727564 0.764423 0.727564 0.766026 0.725962 0.767628 0.724359 0.769231
0 0.722756 0.769231 0.717949 0.769231 0.719551 0.766026 0.432692 0.725962 0.429487 0.724359 0.431090 0.719551 0.434295 0.716346 0.435897 0.716346 0.439103 0.716346 0.442308 0.719551 0.442308 0.724359 0.442308 0.725962
0 0.439103 0.727564 0.435897 0.727564 0.270833 0.421474 0.267628 0.419872 0.264423 0.416667 0.262821 0.413462 0.264423 0.408654 0.267628 0.407051 0.272436 0.407051 0.274038 0.410256 0.275641 0.415064 0.275641 0.418269
0 0.274038 0.421474 0.336538 0.463141 0.333333 0.461538 0.333333 0.458333 0.334936 0.456731 0.338141 0.453526 0.341346 0.453526 0.344551 0.458333 0.346154 0.461538 0.344551 0.464744 0.341346 0.466346 0.338141 0.464744
0 0.655449 0.517628 0.652244 0.517628 0.647436 0.512821 0.645833 0.508013 0.647436 0.503205 0.649038 0.498397 0.655449 0.498397 0.658654 0.501603 0.661859 0.504808 0.663462 0.511218 0.661859 0.516026
0 0.660256 0.517628 0.724359 0.525641 0.725962 0.522436 0.727564 0.522436 0.730769 0.522436 0.732372 0.524038 0.732372 0.527244 0.732372 0.528846 0.730769 0.530449 0.729167 0.532051 0.727564 0.532051
0 0.722756 0.532051 0.724359 0.527244 0.846154 0.751603 0.842949 0.751603 0.839744 0.746795 0.838141 0.741987 0.838141 0.737179 0.841346 0.733974 0.846154 0.733974 0.850962 0.735577 0.852564 0.740385
0 0.854167 0.745192 0.852564 0.750000 0.850962 0.751603 0.826923 0.809295 0.828526 0.804487 0.831731 0.804487 0.833333 0.804487 0.834936 0.806090 0.836538 0.807692 0.836538 0.810897 0.834936 0.810897 0.833333 0.812500
0 0.831731 0.812500 0.826923 0.812500 0.828526 0.809295 0.681090 0.631410 0.677885 0.629808 0.674679 0.626603 0.674679 0.621795 0.674679 0.616987 0.677885 0.615385 0.682692 0.615385 0.685897 0.618590 0.687500 0.623397
0 0.685897 0.628205 0.684295 0.629808 0.189103 0.288462 0.185897 0.283654 0.187500 0.278846 0.189103 0.275641 0.192308 0.274038 0.198718 0.274038 0.201923 0.275641 0.203526 0.282051 0.205128 0.288462 0.203526 0.291667
