0 0.314543 0.294560 0.317004 0.297130 0.317792 0.300818 0.316483 0.304258 0.313701 0.306500 0.308693 0.306214 0.304314 0.303284 0.303823 0.300490 0.305194 0.296561 0.307606 0.293996 0.311146 0.293067
0 0.324706 0.317528 0.327167 0.320098 0.327955 0.323785 0.326646 0.327226 0.323864 0.329467 0.318856 0.329182 0.314477 0.326252 0.313986 0.323457 0.315357 0.319529 0.317769 0.316964 0.321309 0.316035
0 0.269530 0.296504 0.271991 0.299074 0.272780 0.302762 0.271471 0.306202 0.268688 0.308444 0.263680 0.308159 0.259302 0.305228 0.258811 0.302434 0.260181 0.298505 0.262594 0.295940 0.266133 0.295011
0 0.278290 0.281773 0.280751 0.284342 0.281539 0.288030 0.280230 0.291470 0.277448 0.293712 0.272440 0.293427 0.268061 0.290496 0.267570 0.287702 0.268941 0.283773 0.271354 0.281208 0.274893 0.280280
0 0.387687 0.309193 0.390148 0.311763 0.390936 0.315450 0.389627 0.318891 0.386845 0.321132 0.381837 0.320847 0.377458 0.317917 0.376968 0.315122 0.378338 0.311194 0.380750 0.308629 0.384290 0.307700
0 0.281551 0.350109 0.284013 0.352679 0.284801 0.356366 0.283491 0.359806 0.280710 0.362048 0.275702 0.361763 0.271323 0.358832 0.270832 0.356038 0.272203 0.352109 0.274615 0.349545 0.278154 0.348616
0 0.226909 0.360155 0.229370 0.362725 0.230158 0.366412 0.228849 0.369852 0.226067 0.372094 0.221059 0.371809 0.216680 0.368879 0.216189 0.366084 0.217560 0.362156 0.219972 0.359591 0.223512 0.358662
0 0.285510 0.389318 0.287971 0.391888 0.288759 0.395575 0.287450 0.399015 0.284668 0.401257 0.279660 0.400972 0.275281 0.398042 0.274791 0.395247 0.276161 0.391318 0.278573 0.388754 0.282113 0.387825
0 0.348024 0.350631 0.350485 0.353200 0.351273 0.356888 0.349964 0.360328 0.347182 0.362570 0.342174 0.362285 0.337795 0.359354 0.337304 0.356560 0.338675 0.352631 0.341087 0.350066 0.344626 0.349138
0 0.430926 0.331057 0.433388 0.333626 0.434176 0.337314 0.432866 0.340754 0.430085 0.342996 0.425076 0.342711 0.420698 0.339781 0.420207 0.336986 0.421577 0.333058 0.423990 0.330492 0.427529 0.329564
0 0.236358 0.345571 0.238819 0.348140 0.239608 0.351828 0.238298 0.355268 0.235517 0.357509 0.230508 0.357225 0.226130 0.354294 0.225639 0.351499 0.227009 0.347571 0.229422 0.345006 0.232961 0.344078
0 0.474636 0.359183 0.477096 0.361752 0.477885 0.365440 0.476576 0.368880 0.473794 0.371121 0.468786 0.370837 0.464407 0.367906 0.463916 0.365111 0.465287 0.361183 0.467699 0.358618 0.471238 0.357690
0 0.453681 0.352111 0.456142 0.354681 0.456930 0.358369 0.455621 0.361809 0.452839 0.364051 0.447831 0.363766 0.443452 0.360835 0.442962 0.358041 0.444332 0.354113 0.446744 0.351547 0.450284 0.350618
0 0.457239 0.372432 0.459701 0.375002 0.460489 0.378689 0.459180 0.382129 0.456398 0.384371 0.451390 0.384086 0.447011 0.381156 0.446521 0.378361 0.447891 0.374433 0.450303 0.371868 0.453843 0.370939
0 0.439093 0.397289 0.441554 0.399859 0.442342 0.403546 0.441033 0.406986 0.438251 0.409228 0.433243 0.408943 0.428864 0.406013 0.428373 0.403218 0.429744 0.399290 0.432156 0.396725 0.435696 0.395796
0 0.326882 0.252732 0.329343 0.255302 0.330131 0.258989 0.328822 0.262429 0.326041 0.264671 0.321032 0.264386 0.316654 0.261456 0.316163 0.258661 0.317533 0.254732 0.319946 0.252168 0.323485 0.251239
0 0.346897 0.254186 0.349358 0.256756 0.350146 0.260443 0.348837 0.263883 0.346055 0.266125 0.341047 0.265840 0.336668 0.262910 0.336177 0.260115 0.337548 0.256187 0.339960 0.253622 0.343500 0.252693
0 0.248072 0.278498 0.250533 0.281068 0.251322 0.284755 0.250012 0.288195 0.247231 0.290437 0.242222 0.290152 0.237844 0.287222 0.237353 0.284427 0.238723 0.280499 0.241136 0.277934 0.244675 0.277005
0 0.227293 0.277915 0.229754 0.280485 0.230542 0.284172 0.229233 0.287612 0.226451 0.289854 0.221443 0.289569 0.217064 0.286638 0.216574 0.283844 0.217944 0.279915 0.220356 0.277350 0.223896 0.276422
0 0.192206 0.297345 0.194667 0.299915 0.195456 0.303602 0.194146 0.307042 0.191365 0.309284 0.186356 0.308999 0.181978 0.306069 0.181487 0.303274 0.182858 0.299345 0.185270 0.296781 0.188809 0.295852
0 0.160199 0.354542 0.162660 0.357111 0.163449 0.360799 0.162140 0.364239 0.159358 0.366481 0.154349 0.366196 0.149971 0.363265 0.149480 0.360471 0.150850 0.356542 0.153263 0.353977 0.156802 0.353049
0 0.208042 0.371554 0.210504 0.374124 0.211292 0.377811 0.209982 0.381251 0.207201 0.383493 0.202192 0.383208 0.197814 0.380278 0.197323 0.377483 0.198693 0.373555 0.201106 0.370990 0.204645 0.370061
0 0.188659 0.340255 0.191120 0.342825 0.191909 0.346513 0.190599 0.349953 0.187818 0.352194 0.182810 0.351910 0.178431 0.348979 0.177940 0.346184 0.179311 0.342256 0.181723 0.339691 0.185262 0.338763
0 0.167918 0.322370 0.170379 0.324940 0.171168 0.328628 0.169858 0.332067 0.167076 0.334309 0.162068 0.334024 0.157689 0.331094 0.157199 0.328299 0.158569 0.324371 0.160982 0.321806 0.164521 0.320877
0 0.140600 0.318130 0.143062 0.320700 0.143850 0.324387 0.142540 0.327828 0.139759 0.330069 0.134751 0.329784 0.130372 0.326854 0.129881 0.324060 0.131252 0.320131 0.133664 0.317566 0.137203 0.316637
0 0.068261 0.264214 0.070722 0.266784 0.071511 0.270471 0.070201 0.273911 0.067420 0.276153 0.062411 0.275868 0.058033 0.272938 0.057542 0.270143 0.058912 0.266215 0.061325 0.263649 0.064864 0.262721
0 0.096256 0.303924 0.098717 0.306493 0.099506 0.310181 0.098196 0.313621 0.095414 0.315863 0.090406 0.315578 0.086027 0.312648 0.085537 0.309853 0.086907 0.305925 0.089320 0.303360 0.092859 0.302431
0 0.047893 0.305733 0.050354 0.308302 0.051143 0.311990 0.049833 0.315430 0.047052 0.317671 0.042044 0.317386 0.037665 0.314456 0.037174 0.311661 0.038545 0.307733 0.040957 0.305168 0.044496 0.304240
0 0.035330 0.265402 0.037791 0.267971 0.038579 0.271659 0.037270 0.275099 0.034488 0.277341 0.029480 0.277056 0.025101 0.274125 0.024611 0.271331 0.025981 0.267402 0.028394 0.264837 0.031933 0.263909
0 0.019415 0.253341 0.021876 0.255910 0.022664 0.259598 0.021355 0.263038 0.018573 0.265280 0.013565 0.264995 0.009186 0.262065 0.008695 0.259270 0.010066 0.255342 0.012478 0.252777 0.016018 0.251848
0 0.156490 0.220913 0.158951 0.223482 0.159739 0.227170 0.158430 0.230610 0.155649 0.232851 0.150640 0.232566 0.146262 0.229636 0.145770 0.226842 0.147141 0.222913 0.149554 0.220348 0.153093 0.219420
0 0.133102 0.198710 0.135563 0.201280 0.136351 0.204967 0.135042 0.208407 0.132260 0.210649 0.127252 0.210364 0.122873 0.207434 0.122383 0.204639 0.123753 0.200711 0.126165 0.198146 0.129705 0.197217
0 0.085401 0.172761 0.087863 0.175331 0.088651 0.179018 0.087341 0.182459 0.084560 0.184700 0.079551 0.184415 0.075173 0.181485 0.074682 0.178690 0.076052 0.174762 0.078465 0.172197 0.082004 0.171268
0 0.055683 0.167087 0.058144 0.169657 0.058933 0.173344 0.057623 0.176784 0.054841 0.179026 0.049833 0.178741 0.045454 0.175810 0.044964 0.173016 0.046334 0.169088 0.048747 0.166523 0.052286 0.165594
0 0.064660 0.197484 0.067120 0.200053 0.067909 0.203741 0.066600 0.207181 0.063818 0.209423 0.058810 0.209138 0.054431 0.206207 0.053940 0.203413 0.055311 0.199484 0.057723 0.196920 0.061263 0.195991
0 0.100063 0.190672 0.102524 0.193242 0.103312 0.196929 0.102003 0.200370 0.099221 0.202611 0.094213 0.202326 0.089834 0.199396 0.089343 0.196601 0.090714 0.192673 0.093126 0.190108 0.096666 0.189179
0 0.000000 0.216238 0.000000 0.218807 0.000000 0.222494 0.000000 0.225935 0.000000 0.228176 0.000000 0.227892 0.000000 0.224961 0.000000 0.222167 0.000000 0.218238 0.000000 0.215673 0.000000 0.214745
0 0.125303 0.132668 0.127764 0.135237 0.128553 0.138925 0.127243 0.142365 0.124461 0.144606 0.119453 0.144322 0.115074 0.141391 0.114583 0.138597 0.115954 0.134668 0.118366 0.132103 0.121906 0.131175
0 0.067066 0.108697 0.069527 0.111267 0.070316 0.114955 0.069006 0.118395 0.066224 0.120637 0.061216 0.120352 0.056837 0.117421 0.056347 0.114627 0.057717 0.110698 0.060130 0.108133 0.063669 0.107205
0 0.058551 0.125451 0.061013 0.128020 0.061801 0.131708 0.060492 0.135148 0.057710 0.137390 0.052702 0.137105 0.048323 0.134175 0.047832 0.131380 0.049203 0.127451 0.051615 0.124886 0.055154 0.123958
0 0.077938 0.124888 0.080399 0.127458 0.081188 0.131145 0.079878 0.134586 0.077097 0.136827 0.072088 0.136542 0.067710 0.133612 0.067219 0.130817 0.068589 0.126889 0.071002 0.124324 0.074541 0.123395
0 0.149621 0.101961 0.152082 0.104530 0.152870 0.108218 0.151561 0.111658 0.148779 0.113900 0.143771 0.113615 0.139392 0.110685 0.138901 0.107890 0.140272 0.103961 0.142684 0.101396 0.146224 0.100468
0 0.151894 0.088619 0.154354 0.091188 0.155143 0.094876 0.153834 0.098316 0.151052 0.100558 0.146044 0.100273 0.141665 0.097342 0.141174 0.094548 0.142545 0.090619 0.144957 0.088054 0.148497 0.087126
0 0.181653 0.102803 0.184114 0.105373 0.184902 0.109060 0.183593 0.112500 0.180811 0.114742 0.175803 0.114457 0.171424 0.111527 0.170933 0.108732 0.172304 0.104803 0.174716 0.102239 0.178256 0.101310
0 0.070635 0.062703 0.073096 0.065273 0.073885 0.068960 0.072575 0.072400 0.069794 0.074642 0.064786 0.074357 0.060407 0.071426 0.059916 0.068632 0.061287 0.064703 0.063699 0.062138 0.067238 0.061210
0 0.054883 0.063186 0.057343 0.065755 0.058132 0.069442 0.056823 0.072883 0.054041 0.075124 0.049033 0.074839 0.044654 0.071909 0.044163 0.069114 0.045534 0.065186 0.047946 0.062621 0.051486 0.061693
0 0.088703 0.060852 0.091163 0.063422 0.091952 0.067109 0.090643 0.070549 0.087861 0.072791 0.082852 0.072506 0.078474 0.069576 0.077983 0.066781 0.079354 0.062852 0.081766 0.060288 0.085306 0.059359
0 0.084059 0.028787 0.086520 0.031357 0.087308 0.035044 0.085999 0.038485 0.083217 0.040726 0.078209 0.040441 0.073830 0.037511 0.073339 0.034716 0.074710 0.030788 0.077122 0.028223 0.080662 0.027294
0 0.200127 0.100452 0.202587 0.103021 0.203376 0.106709 0.202067 0.110149 0.199285 0.112391 0.194277 0.112106 0.189898 0.109175 0.189407 0.106381 0.190778 0.102452 0.193190 0.099887 0.196730 0.098959
0 0.182608 0.127325 0.185069 0.129895 0.185857 0.133582 0.184548 0.137023 0.181766 0.139264 0.176758 0.138979 0.172379 0.136049 0.171888 0.133254 0.173259 0.129326 0.175671 0.126761 0.179211 0.125832
0 0.254943 0.244381 0.257404 0.246951 0.258192 0.250638 0.256883 0.254078 0.254102 0.256320 0.249093 0.256036 0.244715 0.253105 0.244223 0.250310 0.245595 0.246382 0.248007 0.243817 0.251546 0.242888
0 0.333765 0.210834 0.336226 0.213404 0.337015 0.217092 0.335705 0.220532 0.332923 0.222773 0.327915 0.222489 0.323536 0.219558 0.323046 0.216763 0.324416 0.212835 0.326829 0.210270 0.330368 0.209342
0 0.326223 0.189429 0.328684 0.191998 0.329472 0.195686 0.328163 0.199127 0.325381 0.201368 0.320373 0.201083 0.315995 0.198153 0.315503 0.195358 0.316874 0.191430 0.319286 0.188865 0.322826 0.187936
0 0.311206 0.227633 0.313667 0.230202 0.314456 0.233890 0.313146 0.237330 0.310365 0.239571 0.305356 0.239286 0.300978 0.236356 0.300487 0.233561 0.301857 0.229633 0.304270 0.227068 0.307809 0.226140
0 0.416122 0.236395 0.418583 0.238965 0.419371 0.242652 0.418062 0.246092 0.415280 0.248334 0.410272 0.248049 0.405893 0.245119 0.405402 0.242324 0.406773 0.238396 0.409185 0.235831 0.412725 0.234902
0 0.439287 0.257809 0.441748 0.260379 0.442536 0.264066 0.441227 0.267506 0.438445 0.269748 0.433437 0.269463 0.429058 0.266532 0.428567 0.263738 0.429938 0.259809 0.432350 0.257245 0.435890 0.256316
0 0.443241 0.241938 0.445703 0.244508 0.446491 0.248196 0.445181 0.251636 0.442400 0.253878 0.437391 0.253593 0.433013 0.250662 0.432522 0.247867 0.433892 0.243939 0.436305 0.241374 0.439844 0.240445
0 0.357207 0.202770 0.359668 0.205340 0.360456 0.209027 0.359147 0.212468 0.356365 0.214709 0.351357 0.214425 0.346979 0.211494 0.346488 0.208700 0.347858 0.204771 0.350270 0.202206 0.353810 0.201277
0 0.368817 0.157463 0.371278 0.160033 0.372066 0.163720 0.370757 0.167161 0.367975 0.169402 0.362967 0.169117 0.358588 0.166187 0.358097 0.163392 0.359468 0.159464 0.361880 0.156899 0.365420 0.155970
0 0.380835 0.171053 0.383296 0.173623 0.384084 0.177310 0.382775 0.180750 0.379993 0.182992 0.374985 0.182707 0.370606 0.179777 0.370115 0.176982 0.371486 0.173054 0.373898 0.170489 0.377438 0.169560
0 0.431719 0.214730 0.434180 0.217300 0.434968 0.220987 0.433659 0.224427 0.430877 0.226669 0.425869 0.226384 0.421490 0.223454 0.420999 0.220659 0.422370 0.216731 0.424782 0.214166 0.428322 0.213237
0 0.492789 0.242588 0.495251 0.245157 0.496039 0.248845 0.494729 0.252285 0.491948 0.254527 0.486940 0.254242 0.482561 0.251311 0.482070 0.248517 0.483441 0.244589 0.485853 0.242023 0.489393 0.241095
0 0.394082 0.334263 0.396542 0.336833 0.397331 0.340520 0.396022 0.343961 0.393240 0.346202 0.388232 0.345917 0.383853 0.342987 0.383362 0.340193 0.384733 0.336264 0.387145 0.333699 0.390685 0.332770
0 0.412894 0.335865 0.415355 0.338435 0.416144 0.342122 0.414834 0.345563 0.412053 0.347804 0.407044 0.347519 0.402666 0.344589 0.402175 0.341794 0.403545 0.337866 0.405957 0.335301 0.409497 0.334372
0 0.512404 0.357765 0.514865 0.360335 0.515654 0.364023 0.514344 0.367463 0.511562 0.369704 0.506554 0.369419 0.502175 0.366489 0.501685 0.363695 0.503055 0.359766 0.505468 0.357201 0.509007 0.356272
0 0.472916 0.408280 0.475377 0.410850 0.476166 0.414538 0.474856 0.417978 0.472075 0.420220 0.467066 0.419934 0.462688 0.417004 0.462197 0.414209 0.463567 0.410281 0.465980 0.407716 0.469519 0.406787
0 0.437108 0.382007 0.439569 0.384576 0.440358 0.388264 0.439048 0.391704 0.436266 0.393946 0.431258 0.393661 0.426879 0.390730 0.426389 0.387936 0.427759 0.384007 0.430172 0.381442 0.433711 0.380514
0 0.525259 0.406032 0.527720 0.408602 0.528509 0.412289 0.527200 0.415729 0.524418 0.417971 0.519410 0.417687 0.515031 0.414756 0.514540 0.411961 0.515911 0.408033 0.518323 0.405468 0.521862 0.404540
0 0.545202 0.396889 0.547663 0.399459 0.548452 0.403146 0.547142 0.406586 0.544361 0.408828 0.539352 0.408543 0.534974 0.405613 0.534483 0.402818 0.535853 0.398890 0.538266 0.396325 0.541805 0.395396
0 0.617203 0.373240 0.619664 0.375809 0.620452 0.379497 0.619143 0.382937 0.616361 0.385179 0.611353 0.384894 0.606974 0.381963 0.606483 0.379169 0.607854 0.375240 0.610266 0.372676 0.613806 0.371747
0 0.600953 0.383889 0.603414 0.386459 0.604202 0.390146 0.602893 0.393586 0.600111 0.395828 0.595103 0.395543 0.590725 0.392613 0.590234 0.389818 0.591604 0.385890 0.594016 0.383325 0.597556 0.382396
0 0.549182 0.310372 0.551644 0.312942 0.552432 0.316629 0.551122 0.320070 0.548341 0.322311 0.543332 0.322026 0.538954 0.319096 0.538463 0.316301 0.539833 0.312373 0.542246 0.309808 0.545785 0.308880
0 0.534284 0.296001 0.536746 0.298571 0.537534 0.302259 0.536224 0.305699 0.533443 0.307941 0.528435 0.307656 0.524056 0.304725 0.523565 0.301931 0.524936 0.298002 0.527348 0.295437 0.530887 0.294509
0 0.564963 0.265919 0.567424 0.268488 0.568213 0.272176 0.566903 0.275616 0.564122 0.277858 0.559114 0.277573 0.554735 0.274643 0.554244 0.271848 0.555614 0.267920 0.558027 0.265354 0.561566 0.264426
0 0.586508 0.420130 0.588969 0.422700 0.589757 0.426387 0.588448 0.429827 0.585666 0.432069 0.580658 0.431784 0.576279 0.428854 0.575788 0.426060 0.577159 0.422131 0.579571 0.419566 0.583110 0.418637
0 0.556450 0.410492 0.558911 0.413061 0.559700 0.416749 0.558390 0.420189 0.555609 0.422431 0.550600 0.422146 0.546222 0.419215 0.545731 0.416421 0.547101 0.412493 0.549514 0.409927 0.553053 0.408999
0 0.573725 0.406548 0.576186 0.409117 0.576975 0.412805 0.575665 0.416245 0.572883 0.418487 0.567875 0.418202 0.563497 0.415271 0.563006 0.412477 0.564376 0.408548 0.566789 0.405983 0.570328 0.405055
0 0.525941 0.346788 0.528402 0.349358 0.529190 0.353046 0.527881 0.356486 0.525099 0.358727 0.520091 0.358443 0.515712 0.355512 0.515222 0.352718 0.516592 0.348789 0.519004 0.346224 0.522544 0.345295
0 0.530453 0.312450 0.532914 0.315020 0.533703 0.318707 0.532393 0.322148 0.529611 0.324389 0.524603 0.324104 0.520224 0.321174 0.519734 0.318379 0.521104 0.314451 0.523517 0.311886 0.527056 0.310957
0 0.546029 0.333022 0.548491 0.335592 0.549279 0.339279 0.547969 0.342719 0.545188 0.344961 0.540180 0.344677 0.535801 0.341746 0.535310 0.338951 0.536681 0.335023 0.539093 0.332458 0.542632 0.331529
0 0.511458 0.434779 0.513919 0.437349 0.514707 0.441036 0.513398 0.444477 0.510616 0.446718 0.505608 0.446433 0.501229 0.443503 0.500738 0.440708 0.502109 0.436780 0.504521 0.434215 0.508061 0.433286
0 0.550998 0.459459 0.553459 0.462028 0.554247 0.465716 0.552938 0.469156 0.550156 0.471398 0.545148 0.471113 0.540769 0.468183 0.540279 0.465388 0.541649 0.461460 0.544061 0.458894 0.547600 0.457966
0 0.414934 0.418570 0.417395 0.421140 0.418184 0.424828 0.416874 0.428268 0.414092 0.430509 0.409084 0.430225 0.404705 0.427294 0.404215 0.424500 0.405585 0.420571 0.407997 0.418006 0.411537 0.417078
0 0.406689 0.442027 0.409151 0.444597 0.409939 0.448284 0.408629 0.451725 0.405848 0.453966 0.400839 0.453681 0.396461 0.450751 0.395970 0.447956 0.397340 0.444028 0.399753 0.441463 0.403292 0.440534
0 0.468039 0.515734 0.470500 0.518304 0.471288 0.521991 0.469979 0.525431 0.467198 0.527673 0.462189 0.527388 0.457811 0.524458 0.457319 0.521663 0.458690 0.517735 0.461103 0.515170 0.464642 0.514241
0 0.538710 0.478319 0.541171 0.480889 0.541959 0.484577 0.540650 0.488017 0.537868 0.490258 0.532860 0.489974 0.528481 0.487043 0.527990 0.484249 0.529361 0.480320 0.531773 0.477755 0.535313 0.476827
0 0.381531 0.432017 0.383993 0.434586 0.384781 0.438274 0.383471 0.441714 0.380690 0.443956 0.375682 0.443671 0.371303 0.440741 0.370812 0.437946 0.372183 0.434018 0.374595 0.431452 0.378134 0.430524
0 0.563524 0.496846 0.565984 0.499416 0.566773 0.503103 0.565464 0.506544 0.562682 0.508785 0.557674 0.508500 0.553295 0.505570 0.552804 0.502776 0.554175 0.498847 0.556587 0.496282 0.560127 0.495353
0 0.609906 0.487910 0.612367 0.490480 0.613155 0.494167 0.611846 0.497607 0.609064 0.499849 0.604056 0.499564 0.599677 0.496634 0.599187 0.493839 0.600557 0.489911 0.602970 0.487346 0.606509 0.486418
0 0.644458 0.494222 0.646919 0.496791 0.647707 0.500479 0.646398 0.503919 0.643616 0.506161 0.638608 0.505876 0.634229 0.502945 0.633739 0.500151 0.635109 0.496223 0.637521 0.493657 0.641061 0.492729
0 0.672963 0.503508 0.675424 0.506077 0.676212 0.509765 0.674903 0.513205 0.672121 0.515447 0.667113 0.515162 0.662734 0.512231 0.662243 0.509437 0.663614 0.505509 0.666026 0.502944 0.669566 0.502015
0 0.700901 0.511498 0.703362 0.514068 0.704151 0.517755 0.702841 0.521195 0.700060 0.523437 0.695051 0.523152 0.690673 0.520222 0.690182 0.517427 0.691552 0.513499 0.693965 0.510934 0.697504 0.510005
0 0.691554 0.432444 0.694014 0.435014 0.694803 0.438701 0.693494 0.442142 0.690712 0.444383 0.685704 0.444098 0.681325 0.441167 0.680834 0.438373 0.682205 0.434445 0.684617 0.431880 0.688157 0.430951
0 0.721794 0.429181 0.724255 0.431750 0.725043 0.435438 0.723734 0.438878 0.720952 0.441120 0.715944 0.440835 0.711565 0.437905 0.711074 0.435110 0.712445 0.431182 0.714857 0.428617 0.718397 0.427688
0 0.711103 0.400090 0.713564 0.402660 0.714352 0.406347 0.713043 0.409788 0.710261 0.412029 0.705253 0.411745 0.700875 0.408814 0.700384 0.406020 0.701754 0.402091 0.704166 0.399526 0.707706 0.398598
0 0.695073 0.397330 0.697534 0.399900 0.698322 0.403587 0.697013 0.407028 0.694231 0.409269 0.689223 0.408984 0.684844 0.406054 0.684353 0.403259 0.685724 0.399331 0.688136 0.396766 0.691675 0.395837
0 0.677324 0.327458 0.679785 0.330027 0.680574 0.333715 0.679264 0.337155 0.676482 0.339396 0.671474 0.339112 0.667095 0.336181 0.666605 0.333387 0.667975 0.329458 0.670388 0.326893 0.673927 0.325965
0 0.651681 0.294881 0.654143 0.297450 0.654931 0.301138 0.653622 0.304578 0.650840 0.306820 0.645831 0.306535 0.641453 0.303604 0.640962 0.300810 0.642333 0.296881 0.644745 0.294316 0.648284 0.293388
0 0.577957 0.324162 0.580419 0.326732 0.581207 0.330419 0.579897 0.333859 0.577116 0.336101 0.572107 0.335816 0.567729 0.332886 0.567238 0.330091 0.568608 0.326162 0.571021 0.323598 0.574560 0.322669
0 0.725238 0.324936 0.727699 0.327506 0.728488 0.331194 0.727178 0.334634 0.724397 0.336876 0.719388 0.336591 0.715010 0.333660 0.714519 0.330866 0.715889 0.326937 0.718302 0.324372 0.721841 0.323443
0 0.787428 0.476788 0.789889 0.479357 0.790677 0.483045 0.789368 0.486485 0.786586 0.488727 0.781578 0.488442 0.777199 0.485511 0.776708 0.482717 0.778079 0.478789 0.780491 0.476223 0.784031 0.475295
0 0.840002 0.471005 0.842463 0.473574 0.843251 0.477262 0.841942 0.480702 0.839160 0.482944 0.834152 0.482659 0.829773 0.479728 0.829282 0.476934 0.830653 0.473006 0.833065 0.470440 0.836605 0.469512
0 0.852478 0.521000 0.854939 0.523569 0.855727 0.527257 0.854418 0.530697 0.851636 0.532939 0.846628 0.532654 0.842249 0.529723 0.841758 0.526929 0.843129 0.523000 0.845541 0.520435 0.849081 0.519507
0 0.871003 0.552088 0.873465 0.554658 0.874253 0.558345 0.872943 0.561785 0.870162 0.564027 0.865153 0.563742 0.860775 0.560812 0.860284 0.558017 0.861655 0.554089 0.864067 0.551524 0.867606 0.550595
0 0.883393 0.540733 0.885854 0.543303 0.886642 0.546990 0.885333 0.550431 0.882551 0.552672 0.877543 0.552387 0.873164 0.549457 0.872673 0.546663 0.874044 0.542734 0.876456 0.540169 0.879995 0.539240
0 0.855027 0.538443 0.857488 0.541013 0.858276 0.544700 0.856967 0.548140 0.854185 0.550382 0.849177 0.550098 0.844798 0.547167 0.844307 0.544372 0.845678 0.540444 0.848090 0.537879 0.851630 0.536950
0 0.827393 0.549989 0.829855 0.552559 0.830643 0.556246 0.829334 0.559686 0.826552 0.561928 0.821543 0.561643 0.817165 0.558713 0.816674 0.555918 0.818045 0.551989 0.820457 0.549425 0.823996 0.548496
0 0.878636 0.574777 0.881096 0.577346 0.881885 0.581034 0.880576 0.584474 0.877794 0.586716 0.872785 0.586431 0.868407 0.583501 0.867916 0.580706 0.869286 0.576778 0.871698 0.574212 0.875238 0.573284
0 0.824213 0.501263 0.826674 0.503833 0.827463 0.507520 0.826153 0.510961 0.823372 0.513202 0.818364 0.512917 0.813985 0.509987 0.813494 0.507192 0.814864 0.503264 0.817277 0.500699 0.820816 0.499770
0 0.905337 0.456463 0.907798 0.459033 0.908586 0.462720 0.907277 0.466160 0.904495 0.468402 0.899487 0.468117 0.895108 0.465187 0.894618 0.462392 0.895988 0.458464 0.898401 0.455899 0.901940 0.454970
0 0.920884 0.461607 0.923345 0.464177 0.924133 0.467865 0.922824 0.471305 0.920042 0.473547 0.915034 0.473262 0.910656 0.470331 0.910165 0.467537 0.911535 0.463608 0.913947 0.461043 0.917487 0.460115
0 0.946312 0.460666 0.948773 0.463236 0.949562 0.466923 0.948252 0.470363 0.945470 0.472605 0.940462 0.472320 0.936083 0.469390 0.935593 0.466595 0.936963 0.462667 0.939376 0.460102 0.942915 0.459173
0 0.813188 0.436346 0.815649 0.438916 0.816438 0.442603 0.815128 0.446044 0.812347 0.448285 0.807338 0.448000 0.802960 0.445070 0.802469 0.442275 0.803839 0.438347 0.806252 0.435782 0.809791 0.434853
0 0.855432 0.396784 0.857893 0.399354 0.858681 0.403041 0.857372 0.406481 0.854590 0.408723 0.849582 0.408438 0.845203 0.405508 0.844712 0.402713 0.846083 0.398785 0.848495 0.396219 0.852035 0.395291
0 0.842651 0.383200 0.845112 0.385769 0.845901 0.389457 0.844591 0.392897 0.841809 0.395139 0.836801 0.394854 0.832422 0.391923 0.831931 0.389129 0.833302 0.385200 0.835715 0.382636 0.839254 0.381707
0 0.795959 0.531421 0.798420 0.533990 0.799209 0.537678 0.797899 0.541118 0.795117 0.543360 0.790109 0.543075 0.785730 0.540144 0.785240 0.537350 0.786610 0.533422 0.789022 0.530856 0.792562 0.529928
0 0.866467 0.625213 0.868929 0.627783 0.869717 0.631470 0.868407 0.634910 0.865626 0.637152 0.860618 0.636868 0.856239 0.633937 0.855748 0.631142 0.857119 0.627214 0.859531 0.624649 0.863070 0.623720
0 0.814862 0.620183 0.817324 0.622752 0.818112 0.626440 0.816802 0.629880 0.814021 0.632122 0.809013 0.631837 0.804634 0.628906 0.804143 0.626112 0.805514 0.622184 0.807926 0.619619 0.811465 0.618690
0 0.753609 0.615975 0.756070 0.618545 0.756859 0.622232 0.755549 0.625673 0.752768 0.627914 0.747760 0.627629 0.743381 0.624699 0.742890 0.621904 0.744260 0.617976 0.746673 0.615411 0.750212 0.614482
0 0.833490 0.632961 0.835951 0.635531 0.836740 0.639218 0.835431 0.642659 0.832649 0.644900 0.827641 0.644615 0.823262 0.641685 0.822771 0.638891 0.824142 0.634962 0.826554 0.632397 0.830093 0.631469
0 0.881513 0.611260 0.883975 0.613830 0.884763 0.617517 0.883453 0.620957 0.880672 0.623199 0.875663 0.622914 0.871285 0.619984 0.870794 0.617189 0.872164 0.613261 0.874577 0.610696 0.878116 0.609767
0 0.709288 0.590524 0.711749 0.593094 0.712538 0.596781 0.711228 0.600222 0.708446 0.602463 0.703438 0.602178 0.699059 0.599248 0.698569 0.596453 0.699939 0.592525 0.702352 0.589960 0.705891 0.589031
0 0.651460 0.630406 0.653922 0.632976 0.654710 0.636663 0.653400 0.640103 0.650619 0.642345 0.645611 0.642060 0.641232 0.639129 0.640741 0.636335 0.642112 0.632407 0.644524 0.629842 0.648064 0.628913
0 0.609915 0.642856 0.612376 0.645425 0.613164 0.649113 0.611855 0.652553 0.609073 0.654795 0.604065 0.654510 0.599686 0.651579 0.599195 0.648785 0.600566 0.644856 0.602978 0.642291 0.606518 0.641363
0 0.561778 0.627317 0.564240 0.629886 0.565028 0.633574 0.563719 0.637014 0.560937 0.639256 0.555929 0.638971 0.551550 0.636040 0.551059 0.633246 0.552430 0.629317 0.554842 0.626752 0.558381 0.625824
0 0.751494 0.714134 0.753955 0.716703 0.754743 0.720390 0.753434 0.723831 0.750652 0.726072 0.745644 0.725787 0.741265 0.722857 0.740774 0.720062 0.742145 0.716134 0.744557 0.713569 0.748097 0.712640
0 0.760361 0.668766 0.762822 0.671336 0.763610 0.675023 0.762301 0.678463 0.759519 0.680705 0.754510 0.680420 0.750132 0.677490 0.749641 0.674695 0.751011 0.670767 0.753424 0.668202 0.756964 0.667273
0 0.816841 0.741974 0.819302 0.744544 0.820091 0.748231 0.818781 0.751672 0.816000 0.753913 0.810991 0.753628 0.806613 0.750698 0.806122 0.747903 0.807492 0.743975 0.809905 0.741410 0.813444 0.740481
0 0.772608 0.781154 0.775069 0.783724 0.775858 0.787411 0.774548 0.790851 0.771766 0.793093 0.766758 0.792808 0.762379 0.789878 0.761889 0.787083 0.763259 0.783155 0.765672 0.780590 0.769211 0.779662
0 0.600909 0.728847 0.603370 0.731416 0.604159 0.735104 0.602849 0.738544 0.600067 0.740786 0.595059 0.740501 0.590681 0.737570 0.590190 0.734776 0.591560 0.730848 0.593973 0.728282 0.597512 0.727354
0 0.662456 0.730886 0.664917 0.733456 0.665706 0.737144 0.664397 0.740584 0.661615 0.742826 0.656606 0.742541 0.652228 0.739610 0.651737 0.736816 0.653108 0.732887 0.655520 0.730322 0.659059 0.729393
0 0.652275 0.715058 0.654736 0.717628 0.655525 0.721315 0.654215 0.724755 0.651434 0.726997 0.646426 0.726712 0.642047 0.723782 0.641555 0.720987 0.642927 0.717059 0.645339 0.714494 0.648878 0.713565
0 0.793554 0.803895 0.796015 0.806465 0.796803 0.810152 0.795494 0.813592 0.792712 0.815834 0.787703 0.815549 0.783325 0.812619 0.782834 0.809824 0.784204 0.805896 0.786617 0.803331 0.790156 0.802402
0 0.775351 0.807479 0.777812 0.810048 0.778600 0.813736 0.777291 0.817176 0.774509 0.819418 0.769501 0.819133 0.765122 0.816203 0.764631 0.813408 0.766002 0.809479 0.768414 0.806915 0.771954 0.805986
0 0.680753 0.781717 0.683215 0.784287 0.684003 0.787974 0.682693 0.791414 0.679912 0.793656 0.674904 0.793371 0.670525 0.790440 0.670034 0.787646 0.671405 0.783718 0.673817 0.781153 0.677356 0.780224
0 0.636209 0.802170 0.638670 0.804740 0.639458 0.808428 0.638149 0.811868 0.635367 0.814109 0.630359 0.813825 0.625980 0.810894 0.625490 0.808100 0.626860 0.804171 0.629273 0.801606 0.632812 0.800678
0 0.595730 0.787735 0.598191 0.790304 0.598980 0.793992 0.597670 0.797432 0.594889 0.799673 0.589880 0.799389 0.585502 0.796458 0.585011 0.793664 0.586381 0.789735 0.588794 0.787170 0.592333 0.786242
0 0.627103 0.817138 0.629564 0.819708 0.630353 0.823395 0.629043 0.826836 0.626261 0.829077 0.621253 0.828792 0.616874 0.825862 0.616384 0.823067 0.617754 0.819139 0.620167 0.816574 0.623706 0.815645
0 0.750208 0.842247 0.752668 0.844817 0.753457 0.848505 0.752148 0.851945 0.749366 0.854186 0.744548 0.853468 0.739979 0.850971 0.739488 0.848176 0.740859 0.844248 0.743271 0.841683 0.746811 0.840754
0 0.548235 0.760852 0.550696 0.763422 0.551484 0.767109 0.550175 0.770549 0.547393 0.772791 0.542575 0.772073 0.538006 0.769576 0.537515 0.766781 0.538886 0.762853 0.541298 0.760288 0.544838 0.759359
0 0.538049 0.687162 0.540510 0.689732 0.541299 0.693419 0.539989 0.696859 0.537207 0.699101 0.532390 0.698383 0.527821 0.695886 0.527330 0.693091 0.528700 0.689163 0.531113 0.686598 0.534652 0.685669
0 0.519205 0.663566 0.521665 0.666135 0.522454 0.669823 0.521145 0.673263 0.518363 0.675505 0.513545 0.674787 0.508976 0.672289 0.508485 0.669495 0.509856 0.665566 0.512268 0.663002 0.515808 0.662073
0 0.514114 0.685097 0.516575 0.687667 0.517364 0.691354 0.516054 0.694795 0.513273 0.697036 0.508455 0.696318 0.503886 0.693821 0.503395 0.691027 0.504766 0.687098 0.507178 0.684533 0.510717 0.683604
0 0.652724 0.751357 0.655185 0.753927 0.655974 0.757614 0.654664 0.761055 0.651882 0.763296 0.647065 0.762578 0.642496 0.760081 0.642005 0.757286 0.643375 0.753358 0.645788 0.750793 0.649327 0.749865
0 0.473154 0.669794 0.475615 0.672363 0.476404 0.676051 0.475095 0.679491 0.472313 0.681732 0.467495 0.681014 0.462926 0.678517 0.462435 0.675723 0.463806 0.671794 0.466218 0.669229 0.469757 0.668301
0 0.485387 0.649000 0.487848 0.651569 0.488636 0.655257 0.487327 0.658697 0.484545 0.660939 0.479727 0.660221 0.475158 0.657723 0.474667 0.654929 0.476038 0.651000 0.478450 0.648435 0.481990 0.647507
0 0.501871 0.648379 0.504333 0.650949 0.505121 0.654637 0.503811 0.658077 0.501030 0.660319 0.496212 0.659600 0.491643 0.657103 0.491152 0.654309 0.492523 0.650380 0.494935 0.647815 0.498474 0.646887
0 0.489713 0.694317 0.492174 0.696886 0.492962 0.700574 0.491653 0.704014 0.488871 0.706256 0.484054 0.705538 0.479484 0.703040 0.478994 0.700246 0.480364 0.696317 0.482776 0.693752 0.486316 0.692824
0 0.478740 0.620029 0.481201 0.622599 0.481989 0.626287 0.480680 0.629727 0.477898 0.631968 0.473080 0.631250 0.468511 0.628753 0.468020 0.625959 0.469391 0.622030 0.471803 0.619465 0.475343 0.618536
0 0.725978 0.830530 0.728439 0.833099 0.729228 0.836787 0.727918 0.840228 0.725137 0.842469 0.720319 0.841751 0.715750 0.839254 0.715259 0.836459 0.716629 0.832531 0.719042 0.829966 0.722581 0.829037
0 0.438924 0.623180 0.441385 0.625749 0.442174 0.629437 0.440864 0.632877 0.438082 0.635119 0.433265 0.634401 0.428695 0.631903 0.428205 0.629109 0.429575 0.625181 0.431988 0.622616 0.435527 0.621687
0 0.400980 0.632220 0.403442 0.634790 0.404230 0.638478 0.402920 0.641918 0.400139 0.644160 0.395322 0.643442 0.390752 0.640944 0.390261 0.638150 0.391632 0.634221 0.394044 0.631656 0.397583 0.630728
0 0.400434 0.601073 0.402895 0.603643 0.403684 0.607330 0.402374 0.610770 0.399593 0.613012 0.394775 0.612294 0.390206 0.609796 0.389715 0.607002 0.391085 0.603074 0.393498 0.600509 0.397037 0.599580
0 0.447077 0.602359 0.449538 0.604928 0.450326 0.608616 0.449017 0.612056 0.446235 0.614298 0.441418 0.613580 0.436849 0.611082 0.436358 0.608288 0.437728 0.604359 0.440140 0.601794 0.443680 0.600866
0 0.537639 0.568333 0.540100 0.570902 0.540888 0.574590 0.539579 0.578030 0.536797 0.580272 0.531979 0.579554 0.527410 0.577056 0.526919 0.574262 0.528290 0.570333 0.530702 0.567768 0.534241 0.566840
0 0.300048 0.535615 0.302508 0.538185 0.303297 0.541872 0.301988 0.545312 0.299206 0.547554 0.294388 0.546836 0.289819 0.544338 0.289328 0.541544 0.290699 0.537616 0.293111 0.535051 0.296651 0.534122
0 0.440514 0.714595 0.442975 0.717165 0.443763 0.720853 0.442454 0.724292 0.439672 0.726534 0.434855 0.725816 0.430285 0.723319 0.429795 0.720524 0.431165 0.716596 0.433578 0.714031 0.437117 0.713102
0 0.280530 0.638068 0.282991 0.640637 0.283779 0.644325 0.282470 0.647765 0.279688 0.650007 0.274871 0.649289 0.270301 0.646791 0.269811 0.643997 0.271181 0.640068 0.273593 0.637504 0.277133 0.636575
0 0.337712 0.591552 0.340173 0.594122 0.340962 0.597810 0.339652 0.601250 0.336871 0.603492 0.332053 0.602773 0.327484 0.600276 0.326993 0.597482 0.328363 0.593553 0.330776 0.590988 0.334315 0.590060
0 0.263373 0.544243 0.265834 0.546812 0.266623 0.550499 0.265313 0.553940 0.262532 0.556181 0.257714 0.555463 0.253145 0.552966 0.252654 0.550171 0.254024 0.546243 0.256437 0.543678 0.259976 0.542750
0 0.304301 0.552541 0.306762 0.555111 0.307551 0.558798 0.306241 0.562238 0.303460 0.564480 0.298642 0.563762 0.294073 0.561265 0.293582 0.558470 0.294952 0.554542 0.297365 0.551977 0.300904 0.551048
0 0.310941 0.522970 0.313402 0.525540 0.314191 0.529228 0.312881 0.532668 0.310100 0.534909 0.305282 0.534191 0.300713 0.531694 0.300222 0.528900 0.301592 0.524971 0.304005 0.522406 0.307544 0.521477
0 0.386810 0.511575 0.389271 0.514144 0.390060 0.517832 0.388750 0.521272 0.385969 0.523513 0.381151 0.522795 0.376582 0.520298 0.376091 0.517504 0.377461 0.513575 0.379874 0.511010 0.383413 0.510082
0 0.257533 0.566366 0.259994 0.568936 0.260782 0.572623 0.259473 0.576064 0.256692 0.578305 0.251874 0.577587 0.247305 0.575090 0.246814 0.572295 0.248184 0.568367 0.250597 0.565802 0.254136 0.564873
0 0.500094 0.551060 0.502555 0.553630 0.503343 0.557317 0.502034 0.560758 0.499253 0.562999 0.494435 0.562281 0.489866 0.559784 0.489375 0.556989 0.490745 0.553061 0.493157 0.550496 0.496697 0.549567
0 0.227192 0.586606 0.229653 0.589176 0.230442 0.592864 0.229133 0.596304 0.226350 0.598545 0.221533 0.597827 0.216964 0.595330 0.216473 0.592535 0.217843 0.588607 0.220256 0.586042 0.223795 0.585114
0 0.210319 0.583590 0.212780 0.586160 0.213569 0.589847 0.212259 0.593288 0.209478 0.595529 0.204660 0.594811 0.200091 0.592314 0.199600 0.589519 0.200970 0.585591 0.203383 0.583026 0.206922 0.582098
0 0.228645 0.622938 0.231106 0.625508 0.231894 0.629195 0.230585 0.632635 0.227803 0.634877 0.222985 0.634159 0.218416 0.631662 0.217925 0.628867 0.219296 0.624939 0.221708 0.622373 0.225247 0.621445
0 0.240020 0.613039 0.242481 0.615609 0.243270 0.619297 0.241960 0.622737 0.239179 0.624979 0.234361 0.624261 0.229792 0.621763 0.229301 0.618969 0.230671 0.615040 0.233084 0.612475 0.236623 0.611547
0 0.246553 0.645164 0.249014 0.647734 0.249802 0.651421 0.248493 0.654862 0.245711 0.657103 0.240894 0.656385 0.236324 0.653888 0.235833 0.651093 0.237204 0.647165 0.239616 0.644600 0.243156 0.643672
0 0.282926 0.656649 0.285387 0.659218 0.286175 0.662906 0.284866 0.666346 0.282084 0.668588 0.277458 0.667437 0.272732 0.665295 0.272206 0.662578 0.273577 0.658650 0.275989 0.656084 0.279528 0.655156
0 0.212483 0.543811 0.214944 0.546381 0.215732 0.550068 0.214423 0.553508 0.211641 0.555750 0.207015 0.554599 0.202289 0.552457 0.201764 0.549741 0.203134 0.545812 0.205546 0.543247 0.209086 0.542318
0 0.214481 0.491969 0.216942 0.494539 0.217730 0.498227 0.216421 0.501666 0.213639 0.503908 0.209013 0.502757 0.204287 0.500615 0.203762 0.497899 0.205132 0.493970 0.207544 0.491405 0.211084 0.490476
0 0.204278 0.565682 0.206739 0.568252 0.207528 0.571940 0.206218 0.575379 0.203437 0.577621 0.198256 0.577203 0.194084 0.574328 0.193559 0.571611 0.194929 0.567683 0.197342 0.565118 0.200881 0.564189
0 0.162731 0.571180 0.165193 0.573750 0.165981 0.577437 0.164671 0.580877 0.161890 0.583119 0.156709 0.582701 0.152537 0.579826 0.152012 0.577109 0.153383 0.573181 0.155795 0.570615 0.159334 0.569687
0 0.147984 0.560171 0.150445 0.562740 0.151233 0.566428 0.149924 0.569868 0.147143 0.572110 0.141962 0.571692 0.137790 0.568816 0.137265 0.566100 0.138635 0.562172 0.141048 0.559606 0.144587 0.558678
0 0.154197 0.496500 0.156658 0.499070 0.157446 0.502757 0.156137 0.506197 0.153355 0.508439 0.148174 0.508021 0.144002 0.505146 0.143477 0.502429 0.144847 0.498501 0.147260 0.495936 0.150799 0.495007
0 0.194071 0.506961 0.196532 0.509531 0.197321 0.513219 0.196011 0.516659 0.193230 0.518901 0.188049 0.518482 0.183877 0.515607 0.183352 0.512891 0.184723 0.508962 0.187135 0.506397 0.190674 0.505469
0 0.163281 0.484140 0.165742 0.486709 0.166530 0.490397 0.165221 0.493837 0.162439 0.496079 0.157258 0.495661 0.153086 0.492785 0.152561 0.490069 0.153932 0.486141 0.156344 0.483575 0.159883 0.482647
0 0.073370 0.534888 0.075831 0.537458 0.076619 0.541145 0.075310 0.544585 0.072528 0.546827 0.067347 0.546409 0.063175 0.543534 0.062650 0.540817 0.064021 0.536889 0.066433 0.534324 0.069972 0.533395
0 0.112807 0.536226 0.115268 0.538796 0.116056 0.542484 0.114747 0.545924 0.111966 0.548166 0.106785 0.547748 0.102613 0.544872 0.102088 0.542156 0.103458 0.538227 0.105871 0.535662 0.109410 0.534733
0 0.000000 0.457022 0.000000 0.459591 0.000000 0.463279 0.000000 0.466719 0.000000 0.468961 0.000000 0.468543 0.000000 0.465667 0.000000 0.462951 0.000000 0.459023 0.000000 0.456457 0.000000 0.455529
0 0.000000 0.425595 0.000000 0.428165 0.000000 0.431853 0.000000 0.435293 0.000000 0.437535 0.000000 0.437116 0.000000 0.434241 0.000000 0.431524 0.000000 0.427596 0.000000 0.425031 0.000000 0.424102
0 0.000000 0.440235 0.000000 0.442804 0.000000 0.446491 0.000000 0.449932 0.000000 0.452173 0.000000 0.451755 0.000000 0.448880 0.000000 0.446163 0.000000 0.442235 0.000000 0.439670 0.000000 0.438742
0 0.000000 0.479342 0.000000 0.481912 0.000000 0.485600 0.000000 0.489040 0.000000 0.491282 0.000000 0.490864 0.000000 0.487988 0.000000 0.485272 0.000000 0.481343 0.000000 0.478778 0.000000 0.477850
0 0.000000 0.384362 0.000000 0.386932 0.000000 0.390619 0.000000 0.394060 0.000000 0.396301 0.000000 0.395883 0.000000 0.393008 0.000000 0.390292 0.000000 0.386363 0.000000 0.383798 0.000000 0.382869
0 0.000000 0.476006 0.000000 0.478576 0.000000 0.482264 0.000000 0.485704 0.000000 0.487945 0.000000 0.487527 0.000000 0.484652 0.000000 0.481936 0.000000 0.478007 0.000000 0.475442 0.000000 0.474513
0 0.000000 0.403954 0.000000 0.406524 0.000000 0.410212 0.000000 0.413652 0.000000 0.415894 0.000000 0.415342 0.000000 0.412600 0.000000 0.409884 0.000000 0.405956 0.000000 0.403390 0.000000 0.402462
0 0.000000 0.348016 0.000000 0.350586 0.000000 0.354274 0.000000 0.357714 0.000000 0.359956 0.000000 0.359405 0.000000 0.356662 0.000000 0.353946 0.000000 0.350017 0.000000 0.347452 0.000000 0.346524
0 0.027259 0.329655 0.029721 0.332224 0.030509 0.335912 0.029200 0.339352 0.026418 0.341594 0.021296 0.341042 0.017065 0.338300 0.016540 0.335584 0.017911 0.331656 0.020323 0.329090 0.023863 0.328162
0 0.059916 0.424216 0.062376 0.426786 0.063165 0.430473 0.061856 0.433914 0.059074 0.436155 0.053952 0.435604 0.049721 0.432862 0.049196 0.430146 0.050567 0.426217 0.052979 0.423652 0.056519 0.422723
0 0.000000 0.288787 0.000000 0.291356 0.000000 0.295044 0.000000 0.298485 0.000000 0.300726 0.000000 0.300175 0.000000 0.297433 0.000000 0.294716 0.000000 0.290788 0.000000 0.288223 0.000000 0.287294
0 0.000000 0.332732 0.000000 0.335302 0.000000 0.338989 0.000000 0.342430 0.000000 0.344671 0.000000 0.344120 0.000000 0.341378 0.000000 0.338740 0.000000 0.334948 0.000000 0.332167 0.000000 0.331239
0 0.000000 0.347491 0.000000 0.350060 0.000000 0.353747 0.000000 0.357188 0.000000 0.359429 0.000000 0.358878 0.000000 0.356136 0.000000 0.353499 0.000000 0.349706 0.000000 0.346926 0.000000 0.345997
0 0.000000 0.288985 0.000000 0.291555 0.000000 0.295242 0.000000 0.298682 0.000000 0.300924 0.000000 0.300373 0.000000 0.297631 0.000000 0.294993 0.000000 0.291201 0.000000 0.288421 0.000000 0.287492
0 0.113342 0.489913 0.115803 0.492483 0.116592 0.496170 0.115282 0.499610 0.112501 0.501852 0.107378 0.501301 0.103148 0.498558 0.102798 0.495921 0.104467 0.492128 0.106405 0.489349 0.109945 0.488420
0 0.270604 0.559064 0.273065 0.561633 0.273854 0.565321 0.272544 0.568761 0.269763 0.571002 0.264641 0.570451 0.260410 0.567709 0.260059 0.565072 0.261729 0.561279 0.263668 0.558499 0.267207 0.557571
0 0.395843 0.472150 0.398303 0.474720 0.399092 0.478407 0.397783 0.481847 0.395001 0.484089 0.389879 0.483538 0.385648 0.480795 0.385298 0.478158 0.386968 0.474365 0.388906 0.471586 0.392446 0.470657
0 0.437194 0.473420 0.439655 0.475989 0.440444 0.479677 0.439134 0.483117 0.437071 0.484801 0.430135 0.481223 0.428056 0.478648 0.428735 0.474875 0.430478 0.472674 0.433797 0.471927
0 0.281938 0.412654 0.284399 0.415223 0.285188 0.418911 0.283878 0.422351 0.281097 0.424593 0.275974 0.424042 0.271744 0.421300 0.271394 0.418662 0.273063 0.414870 0.275002 0.412089 0.278541 0.411161
0 0.258970 0.368952 0.261432 0.371521 0.262220 0.375209 0.260910 0.378649 0.258129 0.380890 0.253007 0.380339 0.248776 0.377597 0.248426 0.374960 0.250096 0.371167 0.252034 0.368387 0.255573 0.367459
0 0.224466 0.296311 0.227774 0.299126 0.228864 0.303707 0.227616 0.307747 0.224461 0.310265 0.220415 0.310783 0.215244 0.308874 0.212173 0.304968 0.211430 0.301357 0.213193 0.297333 0.216924 0.294799 0.220574 0.294650
0 0.219441 0.251885 0.222749 0.254701 0.223840 0.259282 0.222591 0.263322 0.219436 0.265840 0.215390 0.266358 0.210219 0.264449 0.207148 0.260543 0.206405 0.256932 0.208168 0.252907 0.211899 0.250373 0.215549 0.250225
0 0.212248 0.216672 0.215556 0.219488 0.216647 0.224068 0.215398 0.228109 0.212243 0.230627 0.208197 0.231145 0.203027 0.229235 0.199955 0.225330 0.199212 0.221719 0.200975 0.217694 0.204706 0.215160 0.208356 0.215012
0 0.291840 0.335917 0.295147 0.338733 0.296238 0.343314 0.294990 0.347354 0.291835 0.349872 0.287789 0.350390 0.282618 0.348481 0.279547 0.344575 0.278804 0.340964 0.280566 0.336939 0.284297 0.334405 0.287948 0.334257
0 0.157347 0.271391 0.160655 0.274206 0.161746 0.278787 0.160497 0.282827 0.157342 0.285346 0.153296 0.285863 0.148126 0.283954 0.145054 0.280048 0.144311 0.276437 0.146074 0.272413 0.149805 0.269879 0.153455 0.269730
0 0.140711 0.297770 0.144019 0.300585 0.145109 0.305167 0.143861 0.309207 0.140706 0.311725 0.136660 0.312242 0.131489 0.310333 0.128418 0.306427 0.127674 0.302816 0.129438 0.298792 0.133168 0.296258 0.136819 0.296110
0 0.118201 0.298903 0.121509 0.301718 0.122599 0.306298 0.121351 0.310339 0.118196 0.312857 0.114150 0.313374 0.108979 0.311465 0.105908 0.307559 0.105165 0.303949 0.106928 0.299924 0.110659 0.297390 0.114309 0.297242
0 0.107065 0.324481 0.110373 0.327296 0.111464 0.331878 0.110215 0.335918 0.107060 0.338436 0.103014 0.338953 0.097844 0.337045 0.094772 0.333138 0.094029 0.329528 0.095792 0.325503 0.099523 0.322969 0.103173 0.322821
0 0.087249 0.259863 0.090557 0.262679 0.091648 0.267260 0.090399 0.271300 0.087244 0.273818 0.083198 0.274336 0.078028 0.272427 0.074956 0.268521 0.074213 0.264910 0.075976 0.260885 0.079707 0.258351 0.083357 0.258203
0 0.110895 0.214632 0.114204 0.217447 0.115294 0.222028 0.114045 0.226069 0.110890 0.228587 0.106844 0.229104 0.101674 0.227195 0.098602 0.223289 0.097859 0.219678 0.099622 0.215654 0.103353 0.213120 0.107003 0.212972
0 0.070451 0.218300 0.073759 0.221115 0.074849 0.225696 0.073601 0.229737 0.070446 0.232255 0.066401 0.232772 0.061230 0.230863 0.058158 0.226957 0.057415 0.223347 0.059178 0.219322 0.062909 0.216788 0.066559 0.216640
0 0.025660 0.219370 0.028968 0.222185 0.030058 0.226766 0.028810 0.230807 0.025654 0.233325 0.021609 0.233842 0.016438 0.231933 0.013367 0.228027 0.012623 0.224417 0.014387 0.220392 0.018117 0.217858 0.021768 0.217710
0 0.009862 0.229034 0.013169 0.231849 0.014260 0.236430 0.013012 0.240470 0.009857 0.242989 0.005811 0.243506 0.000640 0.241597 0.000000 0.237691 0.000000 0.234080 0.000000 0.230056 0.002319 0.227522 0.005970 0.227373
0 0.020382 0.187891 0.023690 0.190706 0.024780 0.195287 0.023531 0.199327 0.020376 0.201845 0.016331 0.202363 0.011160 0.200454 0.008089 0.196548 0.007345 0.192937 0.009109 0.188913 0.012839 0.186378 0.016489 0.186230
0 0.000000 0.190848 0.002092 0.193663 0.003183 0.198244 0.001934 0.202285 0.000000 0.204803 0.000000 0.205320 0.000000 0.203411 0.000000 0.199505 0.000000 0.195894 0.000000 0.191870 0.000000 0.189336 0.000000 0.189188
0 0.000000 0.254918 0.000000 0.257734 0.000000 0.262315 0.000000 0.266355 0.000000 0.268873 0.000000 0.269391 0.000000 0.267482 0.000000 0.263576 0.000000 0.259965 0.000000 0.255941 0.000000 0.253406 0.000000 0.253258
0 0.107007 0.285785 0.110314 0.288600 0.111405 0.293181 0.110157 0.297222 0.107002 0.299740 0.102956 0.300257 0.097785 0.298348 0.094713 0.294443 0.093970 0.290831 0.095733 0.286807 0.099464 0.284273 0.103115 0.284125
0 0.020636 0.283849 0.023944 0.286664 0.025034 0.291246 0.023785 0.295286 0.020630 0.297804 0.016585 0.298322 0.011414 0.296412 0.008343 0.292507 0.007599 0.288896 0.009363 0.284871 0.013093 0.282337 0.016744 0.282189
0 0.127067 0.245088 0.130375 0.247903 0.131465 0.252484 0.130217 0.256524 0.127062 0.259042 0.123016 0.259560 0.117846 0.257651 0.114774 0.253745 0.114031 0.250134 0.115794 0.246110 0.119525 0.243575 0.123175 0.243427
0 0.151960 0.179875 0.155268 0.182691 0.156358 0.187272 0.155110 0.191312 0.151955 0.193830 0.147910 0.194348 0.142738 0.192438 0.139667 0.188533 0.138924 0.184922 0.140687 0.180897 0.144418 0.178363 0.148068 0.178215
0 0.070137 0.089661 0.073445 0.092476 0.074535 0.097057 0.073286 0.101097 0.070131 0.103615 0.066086 0.104133 0.060915 0.102224 0.057844 0.098318 0.057100 0.094707 0.058863 0.090683 0.062594 0.088148 0.066244 0.088000
0 0.162639 0.068112 0.165947 0.070927 0.167038 0.075508 0.165789 0.079548 0.162634 0.082067 0.158589 0.082584 0.153418 0.080675 0.150346 0.076769 0.149603 0.073158 0.151366 0.069134 0.155097 0.066600 0.158747 0.066451
0 0.308634 0.167893 0.311941 0.170709 0.313032 0.175290 0.311783 0.179330 0.308628 0.181848 0.304583 0.182366 0.299412 0.180457 0.296340 0.176551 0.295597 0.172940 0.297360 0.168916 0.301091 0.166381 0.304742 0.166233
0 0.335637 0.145828 0.338945 0.148643 0.340035 0.153224 0.338787 0.157265 0.335631 0.159783 0.331586 0.160300 0.326415 0.158391 0.323344 0.154485 0.322600 0.150875 0.324364 0.146850 0.328094 0.144316 0.331745 0.144168
0 0.331655 0.278322 0.334963 0.281137 0.336053 0.285718 0.334805 0.289758 0.331650 0.292277 0.327604 0.292794 0.322433 0.290885 0.319362 0.286979 0.318619 0.283368 0.320382 0.279344 0.324112 0.276810 0.327763 0.276661
0 0.375019 0.187918 0.378327 0.190733 0.379417 0.195314 0.378169 0.199354 0.375014 0.201872 0.370969 0.202390 0.365797 0.200481 0.362726 0.196575 0.361983 0.192964 0.363746 0.188940 0.367477 0.186406 0.371127 0.186257
0 0.412387 0.219485 0.415695 0.222300 0.416785 0.226881 0.415537 0.230921 0.412381 0.233439 0.408336 0.233957 0.403165 0.232048 0.400094 0.228142 0.399350 0.224531 0.401114 0.220507 0.404844 0.217973 0.408495 0.217824
0 0.425988 0.366221 0.429295 0.369037 0.430386 0.373618 0.429138 0.377658 0.425983 0.380176 0.421937 0.380694 0.416766 0.378785 0.413695 0.374879 0.412951 0.371268 0.414715 0.367244 0.418445 0.364709 0.422096 0.364561
0 0.507920 0.319962 0.511227 0.322778 0.512318 0.327359 0.511069 0.331399 0.507914 0.333917 0.503868 0.334434 0.498698 0.332525 0.495626 0.328619 0.494883 0.325009 0.496646 0.320984 0.500377 0.318450 0.504027 0.318302
0 0.479152 0.314651 0.482460 0.317466 0.483550 0.322047 0.482301 0.326087 0.479146 0.328605 0.475101 0.329123 0.469930 0.327214 0.466859 0.323308 0.466115 0.319697 0.467879 0.315673 0.471609 0.313139 0.475259 0.312990
0 0.564672 0.329617 0.567979 0.332433 0.569070 0.337014 0.567822 0.341054 0.564667 0.343572 0.560621 0.344089 0.555450 0.342181 0.552379 0.338275 0.551636 0.334664 0.553399 0.330639 0.557129 0.328105 0.560780 0.327957
0 0.638780 0.337373 0.642088 0.340188 0.643179 0.344769 0.641930 0.348810 0.638775 0.351328 0.634730 0.351845 0.629559 0.349936 0.626487 0.346030 0.625744 0.342419 0.627507 0.338395 0.631238 0.335860 0.634889 0.335712
0 0.561764 0.392532 0.565072 0.395348 0.566162 0.399929 0.564914 0.403969 0.561759 0.406487 0.557713 0.407005 0.552542 0.405096 0.549471 0.401190 0.548727 0.397579 0.550491 0.393554 0.554221 0.391020 0.557872 0.390872
0 0.494636 0.392104 0.497944 0.394920 0.499034 0.399501 0.497786 0.403541 0.494631 0.406059 0.490585 0.406577 0.485414 0.404668 0.482343 0.400762 0.481600 0.397151 0.483362 0.393127 0.487093 0.390592 0.490744 0.390444
0 0.605910 0.326366 0.609217 0.329181 0.610308 0.333762 0.609059 0.337802 0.605904 0.340320 0.601859 0.340838 0.596688 0.338928 0.593617 0.335023 0.592873 0.331412 0.594636 0.327388 0.598367 0.324853 0.602017 0.324705
0 0.458971 0.425742 0.462278 0.428558 0.463369 0.433138 0.462120 0.437179 0.458965 0.439697 0.454920 0.440214 0.449749 0.438305 0.446678 0.434399 0.445934 0.430789 0.447697 0.426764 0.451428 0.424230 0.455078 0.424082
0 0.603521 0.452409 0.606829 0.455225 0.607919 0.459806 0.606671 0.463846 0.603516 0.466364 0.599471 0.466881 0.594300 0.464973 0.591228 0.461067 0.590485 0.457456 0.592248 0.453431 0.595979 0.450897 0.599629 0.450749
0 0.583847 0.466590 0.587155 0.469405 0.588245 0.473986 0.586997 0.478027 0.583842 0.480545 0.579796 0.481062 0.574625 0.479153 0.571554 0.475247 0.570811 0.471636 0.572574 0.467612 0.576305 0.465078 0.579955 0.464930
0 0.520849 0.489521 0.524157 0.492336 0.525248 0.496917 0.523999 0.500958 0.520844 0.503476 0.516798 0.503993 0.511628 0.502084 0.508556 0.498178 0.507813 0.494568 0.509576 0.490543 0.513307 0.488009 0.516957 0.487861
0 0.514996 0.522200 0.518304 0.525015 0.519394 0.529596 0.518146 0.533637 0.514991 0.536154 0.510946 0.536672 0.505775 0.534763 0.502703 0.530857 0.501960 0.527246 0.503723 0.523222 0.507454 0.520688 0.511104 0.520539
0 0.535675 0.537105 0.538983 0.539920 0.540073 0.544501 0.538824 0.548542 0.535669 0.551060 0.531624 0.551577 0.526453 0.549668 0.523382 0.545762 0.522638 0.542151 0.524402 0.538127 0.528132 0.535593 0.531783 0.535445
0 0.492007 0.535234 0.495314 0.538049 0.496405 0.542630 0.495156 0.546670 0.492001 0.549189 0.487956 0.549706 0.482784 0.547797 0.479714 0.543891 0.478970 0.540280 0.480733 0.536256 0.484464 0.533722 0.488114 0.533574
0 0.477777 0.547961 0.481085 0.550776 0.482175 0.555358 0.480927 0.559398 0.477772 0.561916 0.473726 0.562433 0.468555 0.560525 0.465484 0.556619 0.464741 0.553008 0.466504 0.548983 0.470235 0.546449 0.473885 0.546301
0 0.525797 0.554556 0.529105 0.557372 0.530195 0.561953 0.528947 0.565993 0.525792 0.568511 0.521746 0.569028 0.516575 0.567119 0.513504 0.563214 0.512760 0.559603 0.514524 0.555578 0.518255 0.553044 0.521905 0.552896
0 0.547559 0.584539 0.550867 0.587355 0.551957 0.591935 0.550709 0.595975 0.547554 0.598494 0.543509 0.599011 0.538337 0.597102 0.535266 0.593196 0.534523 0.589586 0.536286 0.585561 0.540017 0.583027 0.543667 0.582878
0 0.385333 0.537398 0.388641 0.540213 0.389732 0.544794 0.388483 0.548835 0.385328 0.551353 0.381282 0.551870 0.376112 0.549961 0.373040 0.546055 0.372297 0.542444 0.374060 0.538420 0.377791 0.535886 0.381441 0.535738
0 0.439528 0.458450 0.442836 0.461265 0.443926 0.465847 0.442678 0.469887 0.439523 0.472405 0.435477 0.472923 0.430306 0.471013 0.427235 0.467108 0.426492 0.463496 0.428255 0.459472 0.431986 0.456938 0.435636 0.456790
0 0.363991 0.409426 0.367299 0.412242 0.368389 0.416823 0.367141 0.420863 0.363986 0.423381 0.359940 0.423899 0.354769 0.421990 0.351698 0.418084 0.350955 0.414473 0.352718 0.410449 0.356448 0.407914 0.360099 0.407766
0 0.320785 0.397174 0.324093 0.399990 0.325183 0.404571 0.323935 0.408611 0.320780 0.411129 0.316735 0.411647 0.311563 0.409738 0.308492 0.405832 0.307749 0.402221 0.309512 0.398197 0.313243 0.395662 0.316893 0.395514
0 0.357877 0.374478 0.361185 0.377293 0.362275 0.381874 0.361027 0.385915 0.357872 0.388433 0.353827 0.388950 0.348656 0.387042 0.345584 0.383136 0.344841 0.379524 0.346604 0.375500 0.350335 0.372966 0.353985 0.372818
0 0.225945 0.401042 0.229254 0.403857 0.230344 0.408438 0.229095 0.412479 0.225940 0.414997 0.221895 0.415514 0.216724 0.413605 0.213652 0.409699 0.212909 0.406089 0.214672 0.402064 0.218403 0.399530 0.222053 0.399382
0 0.173676 0.420137 0.176984 0.422953 0.178074 0.427534 0.176826 0.431574 0.173671 0.434092 0.169625 0.434610 0.164454 0.432701 0.161383 0.428795 0.160639 0.425184 0.162403 0.421160 0.166133 0.418625 0.169784 0.418477
0 0.175919 0.371967 0.179227 0.374782 0.180317 0.379363 0.179069 0.383404 0.175914 0.385922 0.171868 0.386439 0.166697 0.384530 0.163626 0.380624 0.162883 0.377013 0.164646 0.372989 0.168376 0.370455 0.172027 0.370307
0 0.345269 0.324728 0.348577 0.327543 0.349667 0.332124 0.348418 0.336164 0.345263 0.338682 0.341218 0.339200 0.336047 0.337291 0.332976 0.333385 0.332232 0.329774 0.333996 0.325750 0.337726 0.323216 0.341376 0.323067
0 0.307142 0.397474 0.310449 0.400290 0.311539 0.404870 0.310291 0.408911 0.307136 0.411429 0.303091 0.411946 0.297919 0.410037 0.294848 0.406131 0.294105 0.402521 0.295868 0.398496 0.299599 0.395962 0.303249 0.395814
0 0.056492 0.354415 0.059800 0.357231 0.060891 0.361812 0.059642 0.365852 0.056487 0.368370 0.052441 0.368887 0.047270 0.366978 0.044199 0.363072 0.043456 0.359462 0.045219 0.355437 0.048950 0.352903 0.052600 0.352755
0 0.033192 0.345571 0.036500 0.348386 0.037590 0.352967 0.036342 0.357008 0.033186 0.359526 0.029141 0.360043 0.023970 0.358134 0.020899 0.354228 0.020155 0.350617 0.021919 0.346593 0.025649 0.344059 0.029300 0.343910
0 0.000000 0.346717 0.000783 0.349532 0.001873 0.354114 0.000625 0.358154 0.000000 0.360672 0.000000 0.361190 0.000000 0.359280 0.000000 0.355375 0.000000 0.351764 0.000000 0.347739 0.000000 0.345205 0.000000 0.345057
0 0.009281 0.321392 0.012589 0.324207 0.013679 0.328788 0.012430 0.332829 0.009275 0.335347 0.005230 0.335864 0.000059 0.333955 0.000000 0.330049 0.000000 0.326438 0.000000 0.322414 0.001738 0.319880 0.005389 0.319732
0 0.000000 0.320661 0.000000 0.323476 0.000000 0.328057 0.000000 0.332097 0.000000 0.334615 0.000000 0.335133 0.000000 0.333224 0.000000 0.329318 0.000000 0.325707 0.000000 0.321683 0.000000 0.319149 0.000000 0.319000
0 0.000000 0.306558 0.000000 0.309374 0.000000 0.313955 0.000000 0.317995 0.000000 0.320513 0.000000 0.321031 0.000000 0.319122 0.000000 0.315216 0.000000 0.311605 0.000000 0.307581 0.000000 0.305046 0.000000 0.304898
0 0.000000 0.379321 0.000000 0.382137 0.000000 0.386718 0.000000 0.390758 0.000000 0.393276 0.000000 0.393794 0.000000 0.391885 0.000000 0.387979 0.000000 0.384579 0.000000 0.380558 0.000000 0.377809 0.000000 0.377661
0 0.090045 0.437177 0.093353 0.439992 0.094443 0.444573 0.093194 0.448613 0.090039 0.451131 0.085994 0.451649 0.080823 0.449740 0.077752 0.445834 0.077475 0.442435 0.079246 0.438414 0.082502 0.435665 0.086153 0.435516
0 0.067986 0.408263 0.071294 0.411079 0.072384 0.415660 0.071136 0.419700 0.067981 0.422218 0.063935 0.422736 0.058764 0.420826 0.055693 0.416921 0.055416 0.413522 0.057187 0.409500 0.060443 0.406751 0.064094 0.406603
0 0.092884 0.401599 0.096191 0.404414 0.097282 0.408995 0.096034 0.413035 0.092878 0.415553 0.088833 0.416071 0.083662 0.414162 0.080591 0.410256 0.080314 0.406857 0.082084 0.402835 0.085341 0.400086 0.088992 0.399938
0 0.195443 0.320614 0.198751 0.323429 0.199841 0.328010 0.198593 0.332051 0.195437 0.334569 0.191392 0.335087 0.186221 0.333178 0.183150 0.329272 0.182873 0.325873 0.184644 0.321851 0.187900 0.319102 0.191551 0.318954
0 0.024460 0.383925 0.027767 0.386740 0.028857 0.391321 0.027609 0.395361 0.024454 0.397879 0.020409 0.398397 0.015237 0.396488 0.012166 0.392582 0.011890 0.389182 0.013660 0.385162 0.016917 0.382412 0.020568 0.382264
0 0.049612 0.517555 0.052920 0.520370 0.054010 0.524951 0.052762 0.528992 0.049607 0.531510 0.045561 0.532027 0.040390 0.530118 0.037319 0.526212 0.037042 0.522813 0.038813 0.518792 0.042070 0.516043 0.045720 0.515895
0 0.000000 0.500928 0.000000 0.503743 0.000000 0.508324 0.000000 0.512364 0.000000 0.514882 0.000000 0.515400 0.000000 0.513491 0.000000 0.509585 0.000000 0.506186 0.000000 0.502165 0.000000 0.499415 0.000000 0.499268
0 0.091221 0.496465 0.094529 0.499280 0.095619 0.503862 0.094370 0.507902 0.091215 0.510420 0.087170 0.510938 0.081999 0.509028 0.078928 0.505123 0.078651 0.501724 0.080422 0.497702 0.083678 0.494953 0.087328 0.494805
0 0.000000 0.469356 0.000000 0.471926 0.000000 0.475614 0.000000 0.479054 0.000000 0.481296 0.000000 0.480583 0.000000 0.478002 0.000000 0.475286 0.000000 0.471357 0.000000 0.468792 0.000000 0.467864
0 0.000000 0.437858 0.000000 0.440427 0.000000 0.444115 0.000000 0.447555 0.000000 0.449797 0.000000 0.449085 0.000000 0.446503 0.000000 0.443787 0.000000 0.439858 0.000000 0.437293 0.000000 0.436365
0 0.087411 0.549357 0.089873 0.551927 0.090661 0.555614 0.089351 0.559055 0.086570 0.561296 0.081518 0.560584 0.077217 0.558003 0.076692 0.555286 0.078062 0.551358 0.080475 0.548793 0.084014 0.547864
0 0.000000 0.425053 0.000000 0.427623 0.000000 0.431311 0.000000 0.434751 0.000000 0.436992 0.000000 0.436574 0.000000 0.433699 0.000000 0.430983 0.000000 0.427054 0.000000 0.424489 0.000000 0.423561
0 0.000000 0.451745 0.000000 0.454315 0.000000 0.458002 0.000000 0.461442 0.000000 0.463684 0.000000 0.463266 0.000000 0.460391 0.000000 0.457674 0.000000 0.453746 0.000000 0.451180 0.000000 0.450252
0 0.042563 0.388579 0.045024 0.391149 0.045812 0.394836 0.044503 0.398277 0.041721 0.400518 0.036541 0.400100 0.032369 0.397225 0.031844 0.394508 0.033214 0.390580 0.035626 0.388015 0.039166 0.387087
0 0.000000 0.461038 0.000000 0.463853 0.000000 0.468434 0.000000 0.472474 0.000000 0.474992 0.000000 0.475510 0.000000 0.473601 0.000000 0.469695 0.000000 0.466296 0.000000 0.462275 0.000000 0.459526 0.000000 0.459377
0 0.133467 0.489740 0.136774 0.492556 0.137865 0.497137 0.136617 0.501177 0.133462 0.503695 0.129416 0.504212 0.124245 0.502303 0.121174 0.498397 0.120897 0.494998 0.122668 0.490977 0.125924 0.488228 0.129575 0.488080
0 0.143659 0.541390 0.146967 0.544205 0.148057 0.548786 0.146809 0.552827 0.143654 0.555345 0.139608 0.555862 0.134437 0.553953 0.131366 0.550047 0.131089 0.546648 0.132860 0.542627 0.136116 0.539878 0.139767 0.539730
0 0.138453 0.470368 0.141761 0.473184 0.142851 0.477765 0.141602 0.481805 0.138447 0.484323 0.134402 0.484841 0.129231 0.482932 0.126160 0.479026 0.125883 0.475626 0.127654 0.471605 0.130910 0.468856 0.134560 0.468708
0 0.202506 0.527150 0.205813 0.529965 0.206904 0.534546 0.205656 0.538586 0.202501 0.541104 0.198455 0.541622 0.193284 0.539713 0.190213 0.535807 0.189936 0.532408 0.191706 0.528387 0.194963 0.525638 0.198614 0.525489
0 0.256983 0.599451 0.260290 0.602267 0.261381 0.606847 0.260133 0.610888 0.256977 0.613406 0.252932 0.613923 0.247761 0.612014 0.244690 0.608108 0.244413 0.604709 0.246183 0.600688 0.249440 0.597939 0.253091 0.597791
0 0.144201 0.435898 0.147508 0.438713 0.148599 0.443294 0.147351 0.447335 0.144196 0.449853 0.140150 0.450370 0.134979 0.448461 0.131908 0.444555 0.131631 0.441156 0.133402 0.437135 0.136658 0.434386 0.140309 0.434238
0 0.235398 0.493800 0.238707 0.496615 0.239797 0.501197 0.238548 0.505237 0.235393 0.507755 0.231348 0.508272 0.226177 0.506363 0.223105 0.502457 0.222829 0.499058 0.224599 0.495037 0.227856 0.492288 0.231506 0.492140
0 0.179489 0.582974 0.182797 0.585790 0.183887 0.590371 0.182639 0.594411 0.179484 0.596929 0.175439 0.597447 0.170267 0.595538 0.167196 0.591632 0.166919 0.588233 0.168690 0.584211 0.171946 0.581462 0.175597 0.581314
0 0.301177 0.625774 0.304485 0.628589 0.305575 0.633170 0.304327 0.637210 0.301172 0.639728 0.297126 0.640246 0.291955 0.638337 0.288884 0.634431 0.288607 0.631032 0.290378 0.627011 0.293635 0.624262 0.297285 0.624113
0 0.359693 0.574380 0.363001 0.577196 0.364092 0.581777 0.362843 0.585817 0.359688 0.588335 0.355643 0.588853 0.350472 0.586944 0.347400 0.583038 0.347124 0.579639 0.348894 0.575617 0.352151 0.572868 0.355801 0.572720
0 0.369749 0.560217 0.373057 0.563032 0.374147 0.567613 0.372899 0.571654 0.369744 0.574172 0.365698 0.574689 0.360527 0.572780 0.357456 0.568874 0.357179 0.565475 0.358950 0.561454 0.362206 0.558705 0.365857 0.558557
0 0.333421 0.551252 0.336729 0.554068 0.337819 0.558649 0.336571 0.562689 0.333416 0.565207 0.329370 0.565725 0.324199 0.563816 0.321128 0.559910 0.320851 0.556510 0.322622 0.552489 0.325879 0.549740 0.329529 0.549592
0 0.221815 0.438050 0.218919 0.446594 0.213015 0.449725 0.206476 0.449049 0.199735 0.445554 0.196418 0.441058 0.195384 0.436190 0.198048 0.430357 0.203021 0.427155 0.207410 0.426153 0.213627 0.427123 0.219272 0.432234
0 0.243578 0.474325 0.240683 0.482869 0.234778 0.486000 0.228239 0.485325 0.221498 0.481829 0.218181 0.477333 0.217148 0.472465 0.219812 0.466632 0.224784 0.463430 0.229174 0.462428 0.235390 0.463398 0.241036 0.468509
0 0.270568 0.486921 0.267673 0.495465 0.261768 0.498596 0.255229 0.497920 0.248488 0.494425 0.245171 0.489929 0.244138 0.485061 0.246802 0.479228 0.251774 0.476026 0.256164 0.475024 0.262380 0.475994 0.268026 0.481104
0 0.287991 0.443172 0.285097 0.451716 0.279192 0.454848 0.272653 0.454172 0.265912 0.450676 0.262595 0.446181 0.261561 0.441312 0.264226 0.435480 0.269198 0.432278 0.273587 0.431275 0.279804 0.432246 0.285450 0.437356
0 0.070900 0.331958 0.068005 0.340502 0.062100 0.343633 0.055561 0.342958 0.048820 0.339462 0.045504 0.334967 0.044470 0.330098 0.047134 0.324266 0.052106 0.321064 0.056496 0.320061 0.062712 0.321031 0.068358 0.326142
0 0.036287 0.512315 0.033392 0.520859 0.027487 0.523991 0.020949 0.523315 0.014207 0.519819 0.010890 0.515324 0.009856 0.510455 0.012521 0.504623 0.017493 0.501421 0.021882 0.500418 0.028099 0.501388 0.033744 0.506499
0 0.328360 0.576337 0.325465 0.584881 0.319560 0.588012 0.313021 0.587337 0.306280 0.583841 0.302963 0.579346 0.301930 0.574477 0.304594 0.568644 0.309567 0.565442 0.313956 0.564440 0.320173 0.565410 0.325818 0.570521
0 0.320598 0.653770 0.317703 0.662314 0.311798 0.665445 0.305259 0.664770 0.298518 0.661274 0.295202 0.656779 0.294168 0.651910 0.296832 0.646078 0.301804 0.642875 0.306194 0.641873 0.312411 0.642843 0.318056 0.647954
0 0.548623 0.612726 0.546375 0.620236 0.541579 0.623085 0.540203 0.623330 0.535040 0.622409 0.528298 0.618914 0.524981 0.614419 0.523948 0.609550 0.526612 0.603717 0.531585 0.600515 0.535974 0.599513 0.541263 0.601036 0.546279 0.605596
0 0.405944 0.584787 0.403048 0.593331 0.397144 0.596463 0.390605 0.595787 0.383864 0.592291 0.380547 0.587796 0.379513 0.582927 0.382178 0.577094 0.387150 0.573892 0.391539 0.572890 0.397756 0.573860 0.403401 0.578971
0 0.490483 0.441520 0.487589 0.450064 0.481684 0.453195 0.475145 0.452519 0.468404 0.449023 0.465087 0.444528 0.464053 0.439660 0.466718 0.433827 0.471690 0.430625 0.476079 0.429623 0.482296 0.430593 0.487942 0.435703
0 0.379551 0.348420 0.376656 0.356964 0.370752 0.360096 0.364213 0.359420 0.357471 0.355924 0.354155 0.351429 0.353121 0.346560 0.355785 0.340728 0.360758 0.337526 0.365147 0.336523 0.371364 0.337493 0.377009 0.342604
0 0.393810 0.378170 0.390915 0.386714 0.385010 0.389846 0.378472 0.389170 0.371730 0.385674 0.368414 0.381178 0.367380 0.376310 0.370044 0.370478 0.375017 0.367276 0.379406 0.366273 0.385623 0.367243 0.391268 0.372354
0 0.374726 0.445783 0.371831 0.454327 0.365927 0.457458 0.359388 0.456783 0.352646 0.453287 0.349330 0.448792 0.348296 0.443923 0.350961 0.438090 0.355933 0.434889 0.360322 0.433886 0.366539 0.434856 0.372184 0.439967
0 0.556467 0.715535 0.553572 0.724078 0.547667 0.727210 0.541129 0.726534 0.534387 0.723038 0.531070 0.718543 0.530036 0.713674 0.532701 0.707842 0.537673 0.704640 0.542062 0.703637 0.548279 0.704607 0.553925 0.709718
0 0.634987 0.779335 0.632091 0.787878 0.626187 0.791010 0.619649 0.790334 0.612907 0.786839 0.609590 0.782344 0.608556 0.777474 0.611221 0.771642 0.616193 0.768440 0.620582 0.767438 0.626799 0.768408 0.632444 0.773519
0 0.718381 0.787211 0.715486 0.795754 0.709581 0.798886 0.703043 0.798210 0.696301 0.794715 0.692984 0.790220 0.691951 0.785351 0.694615 0.779518 0.699588 0.776316 0.703977 0.775314 0.710194 0.776284 0.715839 0.781395
0 0.812574 0.769978 0.809679 0.778522 0.803775 0.781653 0.797236 0.780977 0.790495 0.777482 0.787178 0.772986 0.786144 0.768118 0.788808 0.762285 0.793781 0.759083 0.798170 0.758081 0.804387 0.759051 0.810032 0.764161
0 0.783391 0.524999 0.780496 0.533543 0.774592 0.536675 0.768053 0.535999 0.761312 0.532503 0.757995 0.528008 0.756961 0.523139 0.759625 0.517307 0.764598 0.514105 0.768987 0.513102 0.775204 0.514072 0.780849 0.519183
0 0.740233 0.503407 0.737338 0.511951 0.731433 0.515082 0.724895 0.514407 0.718153 0.510911 0.714836 0.506416 0.713803 0.501547 0.716467 0.495715 0.721440 0.492512 0.725829 0.491510 0.732046 0.492480 0.737691 0.497591
0 0.667932 0.478685 0.665037 0.487228 0.659132 0.490360 0.652593 0.489685 0.645852 0.486189 0.642535 0.481694 0.641501 0.476825 0.644166 0.470992 0.649138 0.467790 0.653528 0.466788 0.659744 0.467758 0.665389 0.472869
0 0.640264 0.459192 0.637369 0.467735 0.631465 0.470867 0.624926 0.470191 0.618184 0.466696 0.614868 0.462201 0.613834 0.457332 0.616498 0.451499 0.621471 0.448297 0.625860 0.447295 0.632077 0.448265 0.637722 0.453376
0 0.609319 0.412194 0.606424 0.420737 0.600519 0.423869 0.593980 0.423193 0.587239 0.419697 0.583922 0.415202 0.582888 0.410333 0.585553 0.404501 0.590525 0.401299 0.594915 0.400296 0.601131 0.401266 0.606776 0.406377
0 0.671119 0.455288 0.668223 0.463832 0.662319 0.466963 0.655780 0.466288 0.649038 0.462792 0.645722 0.458297 0.644688 0.453428 0.647353 0.447596 0.652325 0.444393 0.656714 0.443391 0.662932 0.444361 0.668576 0.449472
0 0.805040 0.370972 0.802145 0.379516 0.796240 0.382647 0.789702 0.381972 0.782960 0.378476 0.779644 0.373981 0.778610 0.369112 0.781274 0.363279 0.786247 0.360077 0.790636 0.359075 0.796853 0.360045 0.802498 0.365156
0 0.747135 0.359573 0.744240 0.368117 0.738335 0.371248 0.731796 0.370572 0.725055 0.367077 0.721738 0.362582 0.720705 0.357713 0.723369 0.351880 0.728341 0.348678 0.732731 0.347676 0.738947 0.348646 0.744592 0.353757
0 0.540043 0.377223 0.537148 0.385768 0.531243 0.388899 0.524704 0.388223 0.517963 0.384727 0.514646 0.380232 0.513613 0.375364 0.516277 0.369531 0.521250 0.366329 0.525638 0.365326 0.531856 0.366296 0.537501 0.371407
0 0.902980 0.485226 0.900085 0.493769 0.894181 0.496901 0.887642 0.496225 0.880901 0.492730 0.877584 0.488234 0.876550 0.483366 0.879214 0.477533 0.884187 0.474331 0.888576 0.473329 0.894793 0.474299 0.900438 0.479409
0 0.947911 0.426676 0.945015 0.435220 0.939111 0.438351 0.932572 0.437675 0.925831 0.434179 0.922514 0.429684 0.921480 0.424816 0.924144 0.418983 0.929117 0.415781 0.933506 0.414779 0.939723 0.415748 0.945368 0.420859
0 0.684599 0.310920 0.681704 0.319464 0.675800 0.322595 0.669261 0.321920 0.662519 0.318424 0.659203 0.313928 0.658169 0.309060 0.660834 0.303227 0.665806 0.300025 0.670195 0.299023 0.676412 0.299993 0.682057 0.305104
0 0.385450 0.297531 0.382554 0.306074 0.376650 0.309206 0.370111 0.308530 0.363369 0.305034 0.360053 0.300539 0.359019 0.295670 0.361683 0.289838 0.366656 0.286636 0.371045 0.285633 0.377262 0.286603 0.382907 0.291714
0 0.435393 0.314389 0.432498 0.322932 0.426594 0.326064 0.420055 0.325388 0.413313 0.321892 0.409997 0.317397 0.408963 0.312528 0.411627 0.306696 0.416600 0.303494 0.420989 0.302491 0.427206 0.303461 0.432851 0.308572
0 0.467110 0.210703 0.464215 0.219246 0.458311 0.222378 0.451772 0.221702 0.445031 0.218207 0.441714 0.213711 0.440680 0.208843 0.443344 0.203010 0.448317 0.199808 0.452706 0.198805 0.458923 0.199776 0.464568 0.204887
0 0.551762 0.250091 0.548867 0.258635 0.542963 0.261767 0.536424 0.261091 0.529682 0.257595 0.526366 0.253100 0.525332 0.248231 0.527996 0.242399 0.532969 0.239197 0.537358 0.238194 0.543575 0.239164 0.549220 0.244275
0 0.277221 0.219258 0.274325 0.227802 0.268421 0.230933 0.261882 0.230258 0.255141 0.226762 0.251824 0.222266 0.250790 0.217398 0.253455 0.211566 0.258428 0.208363 0.262817 0.207361 0.269033 0.208331 0.274678 0.213442
0 0.297111 0.237965 0.294216 0.246509 0.288312 0.249640 0.281773 0.248965 0.275031 0.245469 0.271715 0.240973 0.270681 0.236105 0.273345 0.230273 0.278318 0.227070 0.282707 0.226068 0.288924 0.227037 0.294569 0.232149
0 0.284469 0.159882 0.281574 0.168426 0.275669 0.171558 0.269130 0.170881 0.262389 0.167386 0.259072 0.162891 0.258039 0.158022 0.260703 0.152190 0.265675 0.148987 0.270065 0.147985 0.276282 0.148955 0.281927 0.154066
0 0.131674 0.163606 0.128779 0.172149 0.122875 0.175281 0.116336 0.174605 0.109595 0.171110 0.106278 0.166614 0.105244 0.161746 0.107909 0.155913 0.112881 0.152711 0.117270 0.151709 0.123487 0.152679 0.129132 0.157789
0 0.135326 0.092205 0.132431 0.100749 0.126526 0.103881 0.119988 0.103205 0.113246 0.099709 0.109930 0.095214 0.108896 0.090345 0.111560 0.084513 0.116533 0.081311 0.120922 0.080308 0.127139 0.081278 0.132784 0.086389
0 0.137678 0.066864 0.134783 0.075407 0.128878 0.078539 0.122340 0.077863 0.115598 0.074367 0.112281 0.069872 0.111248 0.065003 0.113912 0.059171 0.118884 0.055969 0.123274 0.054966 0.129490 0.055936 0.135136 0.061047
0 0.159181 0.384235 0.156285 0.392779 0.150381 0.395910 0.143842 0.395234 0.137100 0.391738 0.133784 0.387243 0.132750 0.382375 0.135414 0.376542 0.140387 0.373340 0.144776 0.372338 0.150993 0.373308 0.156638 0.378418
0 0.177665 0.555842 0.174769 0.564386 0.168865 0.567518 0.162326 0.566842 0.155584 0.563346 0.152268 0.558851 0.151234 0.553982 0.153899 0.548150 0.158871 0.544948 0.163260 0.543945 0.169477 0.544915 0.175122 0.550026
0 0.332706 0.489538 0.329811 0.498082 0.323907 0.501214 0.317368 0.500538 0.310626 0.497042 0.307310 0.492547 0.306276 0.487678 0.308940 0.481846 0.313913 0.478644 0.318302 0.477641 0.324519 0.478611 0.330164 0.483722
0 0.347017 0.417812 0.344122 0.426356 0.338217 0.429488 0.331678 0.428812 0.324937 0.425316 0.321620 0.420821 0.320587 0.415952 0.323251 0.410120 0.328224 0.406918 0.332613 0.405915 0.338830 0.406885 0.344475 0.411996
0 0.313821 0.381749 0.310927 0.390293 0.305022 0.393425 0.298483 0.392748 0.291742 0.389253 0.288425 0.384757 0.287392 0.379889 0.290056 0.374057 0.295028 0.370855 0.299417 0.369852 0.305634 0.370822 0.311280 0.375933
0 0.775651 0.702743 0.772756 0.711287 0.766851 0.714419 0.760312 0.713743 0.753571 0.710247 0.750255 0.705752 0.749221 0.700883 0.751885 0.695051 0.756857 0.691848 0.761247 0.690846 0.767463 0.691816 0.773109 0.696927
0 0.581136 0.611096 0.579186 0.617954 0.574671 0.623725 0.567062 0.625688 0.559662 0.623414 0.554268 0.620564 0.550110 0.613945 0.549423 0.607846 0.552030 0.602112 0.555498 0.597972 0.563831 0.597164 0.570567 0.598489 0.578432 0.604909
0 0.506983 0.486337 0.505033 0.493195 0.500518 0.498965 0.492910 0.500928 0.485510 0.498655 0.480115 0.495806 0.475957 0.489185 0.475271 0.483087 0.477877 0.477353 0.481345 0.473213 0.489679 0.472405 0.496415 0.473729 0.504279 0.480151
0 0.563117 0.303382 0.565578 0.305952 0.566366 0.309639 0.565057 0.313079 0.562275 0.315321 0.557267 0.315036 0.552888 0.312106 0.552397 0.309311 0.553768 0.305383 0.556180 0.302818 0.559720 0.301889
0 0.608511 0.302576 0.611819 0.305392 0.612910 0.309973 0.611661 0.314013 0.608506 0.316531 0.604461 0.317048 0.599290 0.315140 0.596218 0.311233 0.595475 0.307623 0.597238 0.303598 0.600969 0.301064 0.604619 0.300916
0 0.723624 0.389925 0.721864 0.394284 0.719379 0.396861 0.716558 0.398152 0.712296 0.397427 0.706428 0.394331 0.704524 0.390619 0.704894 0.386083 0.707010 0.382391 0.710067 0.379931 0.714038 0.379340 0.718234 0.380873 0.722349 0.385062
0 0.756193 0.435740 0.754433 0.440099 0.751947 0.442676 0.749126 0.443967 0.744864 0.443242 0.738996 0.440146 0.737092 0.436434 0.737463 0.431898 0.739578 0.428206 0.742635 0.425746 0.746607 0.425155 0.750802 0.426688 0.754917 0.430878
0 0.709328 0.423875 0.707568 0.428233 0.705082 0.430810 0.702262 0.432102 0.698000 0.431376 0.692132 0.428280 0.690228 0.424568 0.690598 0.420033 0.692714 0.416340 0.695770 0.413880 0.699743 0.413289 0.703937 0.414822 0.708052 0.419012
0 0.720284 0.469616 0.718524 0.473975 0.716038 0.476552 0.713218 0.477843 0.708956 0.477118 0.703088 0.474022 0.701184 0.470310 0.701554 0.465774 0.703670 0.462082 0.706726 0.459622 0.710699 0.459031 0.714893 0.460564 0.719009 0.464753
0 0.755288 0.479887 0.753528 0.484245 0.751042 0.486822 0.748222 0.488114 0.743960 0.487388 0.738091 0.484292 0.736188 0.480580 0.736558 0.476044 0.738674 0.472352 0.741730 0.469892 0.745702 0.469301 0.749897 0.470834 0.754012 0.475024
0 0.759176 0.384182 0.757416 0.388540 0.754930 0.391118 0.752110 0.392409 0.747847 0.391684 0.741979 0.388588 0.740076 0.384876 0.740446 0.380340 0.742562 0.376648 0.745618 0.374188 0.749590 0.373597 0.753785 0.375130 0.757900 0.379319
0 0.810318 0.394645 0.808558 0.399003 0.806073 0.401581 0.803252 0.402872 0.798990 0.402146 0.793122 0.399051 0.791218 0.395339 0.791589 0.390803 0.793704 0.387111 0.796761 0.384651 0.800733 0.384060 0.804927 0.385593 0.809043 0.389782
0 0.808731 0.459122 0.806971 0.463480 0.804485 0.466058 0.801665 0.467349 0.797402 0.466623 0.791534 0.463528 0.789631 0.459816 0.790001 0.455280 0.792116 0.451588 0.795173 0.449128 0.799145 0.448537 0.803340 0.450070 0.807455 0.454259
0 0.882372 0.438101 0.880612 0.442460 0.878127 0.445037 0.875306 0.446328 0.871043 0.445603 0.865175 0.442507 0.863272 0.438795 0.863642 0.434259 0.865757 0.430567 0.868814 0.428107 0.872786 0.427516 0.876981 0.429049 0.881096 0.433238
0 0.841662 0.428301 0.839901 0.432660 0.837416 0.435237 0.834595 0.436529 0.830333 0.435803 0.824465 0.432707 0.822561 0.428995 0.822932 0.424460 0.825047 0.420767 0.828104 0.418307 0.832076 0.417716 0.836271 0.419249 0.840386 0.423438
0 0.863920 0.489408 0.862160 0.493767 0.859674 0.496344 0.856854 0.497636 0.852592 0.496910 0.846724 0.493814 0.844820 0.490102 0.845190 0.485566 0.847306 0.481874 0.850362 0.479414 0.854335 0.478823 0.858529 0.480356 0.862644 0.484546
0 0.894267 0.454750 0.892507 0.459109 0.890021 0.461686 0.887201 0.462978 0.882939 0.462252 0.877071 0.459156 0.875167 0.455444 0.875537 0.450908 0.877653 0.447216 0.880709 0.444756 0.884681 0.444166 0.888876 0.445698 0.892991 0.449887
0 0.737466 0.407174 0.735706 0.411533 0.733221 0.414109 0.730400 0.415401 0.726138 0.414675 0.720270 0.411580 0.718366 0.407867 0.718736 0.403332 0.720852 0.399639 0.723909 0.397180 0.727881 0.396589 0.732076 0.398122 0.736191 0.402311
0 0.726357 0.526279 0.724597 0.530637 0.722111 0.533214 0.719291 0.534506 0.715028 0.533780 0.709160 0.530685 0.707257 0.526973 0.707627 0.522437 0.709742 0.518745 0.712799 0.516284 0.716771 0.515694 0.720966 0.517227 0.725081 0.521416
0 0.917327 0.444415 0.915567 0.448773 0.913081 0.451350 0.910261 0.452642 0.905998 0.451916 0.900131 0.448820 0.898227 0.445108 0.898597 0.440573 0.900713 0.436880 0.903769 0.434420 0.907741 0.433830 0.911936 0.435363 0.916051 0.439552
0 0.864397 0.384970 0.862637 0.389328 0.860151 0.391906 0.857331 0.393197 0.853069 0.392471 0.847201 0.389376 0.845297 0.385664 0.845667 0.381128 0.847783 0.377436 0.850839 0.374976 0.854812 0.374385 0.859006 0.375918 0.863121 0.380107
0 0.818197 0.590503 0.816436 0.594861 0.813951 0.597438 0.811130 0.598730 0.806868 0.598004 0.801000 0.594908 0.799096 0.591196 0.799467 0.586661 0.801582 0.582968 0.804639 0.580508 0.808611 0.579917 0.812806 0.581450 0.816921 0.585639
0 0.861498 0.608144 0.859739 0.612502 0.857253 0.615079 0.854432 0.616371 0.850170 0.615645 0.844302 0.612549 0.842398 0.608837 0.842769 0.604302 0.844884 0.600609 0.847941 0.598149 0.851913 0.597559 0.856108 0.599091 0.860223 0.603281
0 0.742939 0.546807 0.741179 0.551166 0.738694 0.553743 0.735874 0.555035 0.731611 0.554309 0.725743 0.551214 0.723839 0.547501 0.724209 0.542965 0.726325 0.539273 0.729382 0.536813 0.733354 0.536223 0.737549 0.537755 0.741664 0.541944
0 0.756992 0.564539 0.755232 0.568897 0.752747 0.571474 0.749926 0.572766 0.745664 0.572040 0.739795 0.568944 0.737892 0.565232 0.738262 0.560697 0.740378 0.557004 0.743435 0.554544 0.747406 0.553954 0.751601 0.555486 0.755716 0.559676
0 0.706645 0.615562 0.704885 0.619921 0.702400 0.622498 0.699579 0.623790 0.695317 0.623064 0.689449 0.619968 0.687545 0.616256 0.687915 0.611720 0.690031 0.608028 0.693088 0.605568 0.697060 0.604977 0.701255 0.606510 0.705370 0.610699
0 0.734055 0.663529 0.732295 0.667887 0.729810 0.670464 0.726989 0.671756 0.722727 0.671030 0.716859 0.667934 0.714955 0.664222 0.715325 0.659687 0.717440 0.655994 0.720498 0.653534 0.724469 0.652944 0.728665 0.654476 0.732780 0.658666
0 0.800913 0.683915 0.799153 0.688274 0.796667 0.690851 0.793846 0.692143 0.789584 0.691417 0.783716 0.688322 0.781812 0.684609 0.782183 0.680073 0.784298 0.676381 0.787355 0.673921 0.791327 0.673330 0.795522 0.674864 0.799637 0.679053
0 0.618740 0.523331 0.616979 0.527689 0.614494 0.530266 0.611674 0.531558 0.607411 0.530832 0.601543 0.527736 0.599639 0.524024 0.600010 0.519489 0.602125 0.515796 0.605182 0.513336 0.609154 0.512745 0.613349 0.514278 0.617464 0.518468
0 0.593474 0.493835 0.591714 0.498194 0.589228 0.500771 0.586408 0.502063 0.582145 0.501337 0.576277 0.498241 0.574374 0.494530 0.574744 0.489994 0.576859 0.486302 0.579916 0.483841 0.583888 0.483251 0.588083 0.484783 0.592198 0.488973
0 0.654453 0.616987 0.652693 0.621345 0.650208 0.623922 0.647387 0.625214 0.643125 0.624488 0.637257 0.621393 0.635353 0.617680 0.635723 0.613145 0.637839 0.609452 0.640896 0.606993 0.644868 0.606402 0.649063 0.607935 0.653178 0.612124
0 0.575533 0.585805 0.573773 0.590164 0.571287 0.592740 0.568467 0.594032 0.564204 0.593306 0.558336 0.590211 0.556433 0.586498 0.556803 0.581963 0.558918 0.578270 0.561975 0.575810 0.565947 0.575220 0.570142 0.576753 0.574257 0.580942
0 0.635378 0.678844 0.633617 0.683202 0.631132 0.685780 0.628312 0.687071 0.624049 0.686345 0.618181 0.683250 0.616277 0.679538 0.616648 0.675002 0.618763 0.671310 0.621820 0.668850 0.625792 0.668259 0.629987 0.669792 0.634102 0.673981
0 0.593533 0.686521 0.591774 0.690879 0.589288 0.693456 0.586467 0.694748 0.582205 0.694022 0.576337 0.690927 0.574433 0.687215 0.574803 0.682679 0.576919 0.678987 0.579976 0.676526 0.583947 0.675936 0.588143 0.677469 0.592258 0.681658
0 0.550991 0.658287 0.549231 0.662646 0.546745 0.665222 0.543925 0.666514 0.539662 0.665789 0.533795 0.662693 0.531891 0.658981 0.532261 0.654445 0.534377 0.650753 0.537433 0.648292 0.541405 0.647702 0.545600 0.649235 0.549715 0.653424
0 0.451769 0.654465 0.450009 0.658823 0.447523 0.661400 0.444703 0.662692 0.440441 0.661966 0.434573 0.658870 0.432669 0.655158 0.433039 0.650623 0.435155 0.646930 0.438211 0.644470 0.442183 0.643880 0.446378 0.645413 0.450494 0.649602
0 0.467194 0.642640 0.465434 0.646999 0.462948 0.649575 0.460128 0.650867 0.455865 0.650141 0.449997 0.647046 0.448094 0.643333 0.448464 0.638798 0.450579 0.635105 0.453636 0.632646 0.457608 0.632055 0.461803 0.633588 0.465918 0.637777
0 0.376225 0.660936 0.374465 0.665294 0.371979 0.667871 0.369159 0.669163 0.364896 0.668437 0.359028 0.665341 0.357125 0.661629 0.357495 0.657094 0.359610 0.653401 0.362667 0.650941 0.366639 0.650351 0.370834 0.651883 0.374949 0.656072
0 0.403601 0.659944 0.401841 0.664303 0.399355 0.666880 0.396535 0.668172 0.392273 0.667446 0.386405 0.664351 0.384501 0.660638 0.384871 0.656102 0.386987 0.652410 0.390043 0.649950 0.394016 0.649360 0.398210 0.650893 0.402325 0.655082
0 0.416698 0.678404 0.414939 0.682762 0.412453 0.685339 0.409633 0.686631 0.405370 0.685905 0.399502 0.682809 0.397599 0.679097 0.397968 0.674562 0.400084 0.670869 0.403141 0.668409 0.407113 0.667819 0.411308 0.669351 0.415423 0.673541
0 0.432559 0.693472 0.430799 0.697830 0.428313 0.700408 0.425493 0.701699 0.421230 0.700973 0.415362 0.697878 0.413458 0.694165 0.413829 0.689630 0.415944 0.685937 0.419001 0.683478 0.422973 0.682887 0.427168 0.684420 0.431283 0.688609
0 0.452798 0.693308 0.451037 0.697667 0.448552 0.700243 0.445732 0.701535 0.441469 0.700809 0.435601 0.697714 0.433697 0.694002 0.434068 0.689466 0.436183 0.685774 0.439240 0.683314 0.443212 0.682723 0.447407 0.684256 0.451522 0.688445
0 0.395826 0.688712 0.394066 0.693070 0.391580 0.695647 0.388760 0.696939 0.384497 0.696213 0.378629 0.693117 0.376726 0.689405 0.377096 0.684870 0.379211 0.681177 0.382268 0.678717 0.386240 0.678127 0.390435 0.679660 0.394550 0.683849
0 0.498481 0.719134 0.496720 0.723493 0.494235 0.726070 0.491415 0.727361 0.487152 0.726636 0.481284 0.723540 0.479381 0.719828 0.479751 0.715292 0.481866 0.711600 0.484923 0.709140 0.488895 0.708549 0.493090 0.710082 0.497205 0.714271
0 0.597930 0.761645 0.596170 0.766004 0.593684 0.768581 0.590864 0.769872 0.586601 0.769147 0.580734 0.766051 0.578830 0.762339 0.579200 0.757804 0.581316 0.754111 0.584372 0.751651 0.588344 0.751060 0.592539 0.752593 0.596654 0.756782
0 0.568664 0.735947 0.566904 0.740306 0.564419 0.742883 0.561598 0.744174 0.557335 0.743448 0.551467 0.740353 0.549564 0.736641 0.549934 0.732105 0.552050 0.728413 0.555107 0.725953 0.559078 0.725362 0.563273 0.726895 0.567388 0.731084
0 0.638864 0.714131 0.637104 0.718489 0.634618 0.721066 0.631798 0.722358 0.627536 0.721632 0.621668 0.718537 0.619764 0.714824 0.620134 0.710289 0.622250 0.706596 0.625306 0.704136 0.629279 0.703546 0.633473 0.705079 0.637589 0.709268
0 0.677349 0.753769 0.675589 0.758128 0.673103 0.760705 0.670283 0.761996 0.666021 0.761271 0.660153 0.758175 0.658249 0.754463 0.658619 0.749928 0.660735 0.746235 0.663791 0.743775 0.667764 0.743184 0.671958 0.744717 0.676073 0.748906
0 0.669301 0.781795 0.667541 0.786153 0.665056 0.788730 0.662235 0.790022 0.657973 0.789296 0.652105 0.786201 0.650201 0.782488 0.650571 0.777953 0.652687 0.774260 0.655744 0.771800 0.659715 0.771210 0.663911 0.772743 0.668026 0.776932
0 0.672667 0.824279 0.670907 0.828637 0.668421 0.831214 0.665601 0.832506 0.661339 0.831780 0.655471 0.828685 0.653567 0.824973 0.653937 0.820437 0.656053 0.816745 0.659109 0.814285 0.663081 0.813694 0.667276 0.815227 0.671391 0.819416
0 0.706821 0.825200 0.705061 0.829558 0.702575 0.832135 0.699755 0.833427 0.695493 0.832701 0.689625 0.829606 0.687721 0.825893 0.688091 0.821358 0.690207 0.817665 0.693263 0.815205 0.697236 0.814615 0.701430 0.816148 0.705545 0.820337
0 0.781266 0.752883 0.779505 0.757241 0.777020 0.759819 0.774199 0.761110 0.769937 0.760384 0.764069 0.757289 0.762165 0.753576 0.762536 0.749041 0.764651 0.745348 0.767708 0.742889 0.771680 0.742298 0.775875 0.743831 0.779990 0.748020
0 0.747848 0.767861 0.746088 0.772220 0.743602 0.774796 0.740782 0.776088 0.736519 0.775363 0.730651 0.772267 0.728748 0.768555 0.729118 0.764019 0.731234 0.760327 0.734290 0.757867 0.738262 0.757276 0.742457 0.758809 0.746572 0.762998
0 0.727353 0.753490 0.725593 0.757848 0.723107 0.760426 0.720287 0.761717 0.716025 0.760991 0.710157 0.757896 0.708253 0.754184 0.708623 0.749648 0.710739 0.745955 0.713795 0.743496 0.717768 0.742905 0.721962 0.744438 0.726078 0.748627
0 0.779638 0.830529 0.777878 0.834887 0.775392 0.837464 0.772572 0.838756 0.768310 0.838030 0.762442 0.834934 0.760538 0.831222 0.760908 0.826687 0.763024 0.822994 0.766080 0.820534 0.770052 0.819943 0.774247 0.821476 0.778363 0.825665
0 0.657767 0.684896 0.656007 0.689255 0.653521 0.691831 0.650701 0.693123 0.646439 0.692398 0.640571 0.689302 0.638667 0.685590 0.639037 0.681054 0.641153 0.677361 0.644209 0.674902 0.648182 0.674311 0.652376 0.675844 0.656491 0.680033
0 0.627480 0.625463 0.625721 0.629821 0.623235 0.632398 0.620415 0.633690 0.616152 0.632964 0.610284 0.629869 0.608380 0.626156 0.608750 0.621621 0.610866 0.617928 0.613923 0.615468 0.617895 0.614878 0.622090 0.616411 0.626205 0.620600
0 0.919728 0.409408 0.917968 0.413766 0.915482 0.416343 0.912662 0.417635 0.908399 0.416909 0.902531 0.413814 0.900627 0.410101 0.900998 0.405566 0.903113 0.401873 0.906170 0.399413 0.910142 0.398823 0.914337 0.400356 0.918452 0.404545
0 0.391167 0.213491 0.389406 0.217850 0.386921 0.220427 0.384100 0.221718 0.379838 0.220993 0.373970 0.217897 0.372066 0.214185 0.372437 0.209649 0.374552 0.205957 0.377609 0.203497 0.381581 0.202906 0.385776 0.204439 0.389891 0.208629
0 0.799547 0.410401 0.802008 0.412970 0.802796 0.416658 0.801487 0.420098 0.798705 0.422340 0.793697 0.422055 0.789319 0.419125 0.788828 0.416330 0.790198 0.412402 0.792610 0.409836 0.796150 0.408908
0 0.825858 0.395966 0.828318 0.398536 0.829107 0.402223 0.827798 0.405663 0.825016 0.407905 0.820008 0.407620 0.815629 0.404690 0.815138 0.401895 0.816509 0.397967 0.818921 0.395402 0.822461 0.394473
0 0.592077 0.348613 0.590316 0.352971 0.587831 0.355548 0.585011 0.356840 0.580748 0.356114 0.574880 0.353019 0.572976 0.349306 0.573347 0.344771 0.575462 0.341078 0.578519 0.338618 0.582491 0.338028 0.586686 0.339561 0.590801 0.343750
0 0.657285 0.314454 0.659746 0.317023 0.660535 0.320711 0.659225 0.324151 0.656443 0.326393 0.651435 0.326108 0.647057 0.323177 0.646566 0.320383 0.647936 0.316454 0.650349 0.313889 0.653888 0.312961
0 0.438775 0.280479 0.437015 0.284838 0.434530 0.287415 0.431709 0.288706 0.427447 0.287981 0.421579 0.284885 0.419675 0.281173 0.420046 0.276637 0.422161 0.272945 0.425218 0.270485 0.429190 0.269894 0.433385 0.271427 0.437500 0.275617
0 0.416157 0.397708 0.414397 0.402067 0.411911 0.404644 0.409091 0.405935 0.404829 0.405210 0.398961 0.402114 0.397057 0.398402 0.397427 0.393866 0.399543 0.390174 0.402599 0.387714 0.406572 0.387123 0.410766 0.388656 0.414881 0.392845
0 0.423106 0.465224 0.421346 0.469582 0.418860 0.472159 0.416040 0.473451 0.411778 0.472725 0.405910 0.469629 0.404006 0.465917 0.404376 0.461382 0.406492 0.457689 0.409548 0.455229 0.413520 0.454638 0.417715 0.456171 0.421830 0.460361
0 0.429926 0.511401 0.428165 0.515760 0.425680 0.518337 0.422859 0.519629 0.418597 0.518903 0.412729 0.515807 0.410825 0.512095 0.411196 0.507559 0.413311 0.503867 0.416368 0.501407 0.420340 0.500816 0.424535 0.502349 0.428650 0.506538
0 0.457306 0.540204 0.455547 0.544562 0.453061 0.547139 0.450241 0.548431 0.445978 0.547705 0.440110 0.544609 0.438207 0.540897 0.438576 0.536362 0.440692 0.532669 0.443749 0.530209 0.447721 0.529619 0.451916 0.531151 0.456031 0.535341
0 0.423201 0.562994 0.421440 0.567353 0.418955 0.569930 0.416135 0.571222 0.411872 0.570496 0.406004 0.567400 0.404100 0.563688 0.404471 0.559153 0.406586 0.555460 0.409643 0.553000 0.413615 0.552410 0.417810 0.553942 0.421925 0.558132
0 0.388736 0.604387 0.386976 0.608746 0.384490 0.611323 0.381670 0.612614 0.377408 0.611889 0.371539 0.608793 0.369635 0.605081 0.370006 0.600545 0.372121 0.596853 0.375178 0.594393 0.379150 0.593802 0.383345 0.595335 0.387460 0.599524
0 0.425426 0.721171 0.423666 0.725530 0.421180 0.728107 0.418360 0.729398 0.414098 0.728673 0.408230 0.725577 0.406326 0.721865 0.406696 0.717329 0.408812 0.713637 0.411868 0.711177 0.415840 0.710586 0.420035 0.712119 0.424150 0.716308
0 0.499169 0.680732 0.497410 0.685090 0.494924 0.687667 0.492103 0.688959 0.487841 0.688233 0.481973 0.685138 0.480069 0.681425 0.480439 0.676890 0.482555 0.673197 0.485612 0.670738 0.489584 0.670147 0.493779 0.671680 0.497893 0.675869
0 0.387951 0.710406 0.386190 0.714764 0.383705 0.717341 0.380884 0.718633 0.376622 0.717907 0.370754 0.714812 0.368850 0.711100 0.369221 0.706564 0.371336 0.702872 0.374392 0.700412 0.378365 0.699821 0.382560 0.701354 0.386675 0.705543
0 0.367201 0.700940 0.365440 0.705298 0.362955 0.707875 0.360135 0.709167 0.356063 0.708008 0.350035 0.705276 0.348100 0.701633 0.348471 0.697098 0.350586 0.693405 0.353643 0.690945 0.357615 0.690355 0.361810 0.691888 0.365925 0.696077
0 0.321351 0.513407 0.319591 0.517765 0.317105 0.520342 0.314285 0.521634 0.310213 0.520475 0.304186 0.517743 0.302251 0.514100 0.302621 0.509565 0.304737 0.505872 0.307793 0.503412 0.311766 0.502822 0.315960 0.504355 0.320075 0.508544
0 0.150361 0.584610 0.148601 0.588968 0.146115 0.591545 0.143295 0.592837 0.139223 0.591678 0.133195 0.588946 0.131261 0.585303 0.131631 0.580768 0.133746 0.577075 0.136803 0.574615 0.140775 0.574025 0.144970 0.575557 0.149085 0.579747
0 0.133789 0.569502 0.132028 0.573860 0.129543 0.576437 0.126722 0.577729 0.122651 0.576569 0.116623 0.573837 0.114688 0.570195 0.115059 0.565660 0.117174 0.561967 0.120231 0.559507 0.124203 0.558916 0.128398 0.560449 0.132513 0.564638
0 0.177668 0.517570 0.175907 0.521928 0.173422 0.524506 0.170602 0.525797 0.166530 0.524638 0.160502 0.521906 0.158567 0.518264 0.158938 0.513728 0.161053 0.510036 0.164110 0.507576 0.168082 0.506985 0.172277 0.508518 0.176392 0.512707
0 0.221711 0.519105 0.219951 0.523463 0.217466 0.526040 0.214645 0.527332 0.210574 0.526173 0.204546 0.523441 0.202611 0.519798 0.202982 0.515263 0.205097 0.511570 0.208154 0.509111 0.212126 0.508520 0.216321 0.510053 0.220436 0.514242
0 0.113278 0.431407 0.111518 0.435765 0.109032 0.438342 0.106212 0.439634 0.102140 0.438475 0.096112 0.435743 0.094178 0.432100 0.094548 0.427565 0.096663 0.423872 0.099720 0.421412 0.103692 0.420822 0.107887 0.422355 0.112002 0.426544
0 0.022810 0.416580 0.022357 0.419383 0.020220 0.421576 0.017087 0.421787 0.014695 0.421263 0.011944 0.419404 0.011151 0.415629 0.012707 0.412919 0.014852 0.411342 0.018770 0.411945 0.021298 0.413805
0 0.130601 0.436178 0.130148 0.438981 0.128011 0.441174 0.124878 0.441384 0.122486 0.440861 0.119735 0.439002 0.118943 0.435227 0.120498 0.432517 0.122643 0.430940 0.126561 0.431543 0.129090 0.433403
0 0.132460 0.394994 0.132006 0.397797 0.129870 0.399989 0.126737 0.400200 0.124345 0.399677 0.121593 0.397818 0.120801 0.394043 0.122357 0.391333 0.124502 0.389756 0.128420 0.390359 0.130948 0.392219
0 0.037027 0.378021 0.036575 0.380824 0.034438 0.383016 0.031305 0.383227 0.028913 0.382703 0.026161 0.380844 0.025369 0.377070 0.026925 0.374359 0.029070 0.372782 0.032988 0.373385 0.035516 0.375245
0 0.032968 0.366476 0.032516 0.369278 0.030378 0.371471 0.027245 0.371682 0.024854 0.371159 0.022103 0.369300 0.021310 0.365525 0.022866 0.362814 0.025011 0.361237 0.028929 0.361841 0.031457 0.363700
0 0.045469 0.368955 0.045016 0.371758 0.042880 0.373951 0.039746 0.374162 0.037355 0.373638 0.034603 0.371780 0.033811 0.368004 0.035367 0.365294 0.037511 0.363717 0.041430 0.364321 0.043958 0.366180
0 0.000000 0.441495 0.000000 0.444298 0.000000 0.446490 0.000000 0.446701 0.000000 0.446178 0.000000 0.444319 0.000000 0.440544 0.000000 0.437834 0.000000 0.436257 0.000000 0.436860 0.000000 0.438720
0 0.000000 0.433805 0.000000 0.436607 0.000000 0.438800 0.000000 0.439010 0.000000 0.438487 0.000000 0.436628 0.000000 0.432853 0.000000 0.430143 0.000000 0.428566 0.000000 0.429169 0.000000 0.431029
0 0.000000 0.495168 0.000000 0.497970 0.000000 0.500163 0.000000 0.500374 0.000000 0.499851 0.000000 0.497992 0.000000 0.494217 0.000000 0.491506 0.000000 0.489929 0.000000 0.490533 0.000000 0.492392
0 0.111921 0.578767 0.111468 0.581570 0.109331 0.583762 0.106198 0.583973 0.103807 0.583450 0.101055 0.581591 0.100262 0.577816 0.101818 0.575106 0.103963 0.573529 0.107881 0.574132 0.110409 0.575992
0 0.167082 0.601127 0.166629 0.603930 0.164492 0.606122 0.161359 0.606333 0.158967 0.605810 0.156216 0.603951 0.155424 0.600176 0.156980 0.597466 0.159125 0.595889 0.163042 0.596492 0.165571 0.598352
0 0.221519 0.614332 0.221066 0.617134 0.218930 0.619327 0.215796 0.619538 0.213405 0.619015 0.210653 0.617156 0.209861 0.613381 0.211417 0.610670 0.213562 0.609093 0.217480 0.609697 0.220008 0.611556
0 0.282198 0.586364 0.281744 0.589167 0.279608 0.591359 0.276475 0.591570 0.274083 0.591047 0.271331 0.589188 0.270539 0.585413 0.272095 0.582703 0.274240 0.581126 0.278158 0.581729 0.280686 0.583589
0 0.295262 0.603087 0.294809 0.605890 0.292672 0.608082 0.289539 0.608294 0.287148 0.607771 0.284396 0.605911 0.283604 0.602136 0.285160 0.599426 0.287304 0.597849 0.291223 0.598453 0.293751 0.600312
0 0.373286 0.682528 0.372834 0.685330 0.370697 0.687523 0.367563 0.687734 0.365172 0.687211 0.362421 0.685352 0.361628 0.681577 0.363184 0.678866 0.365329 0.677289 0.369247 0.677893 0.371775 0.679752
0 0.536343 0.730164 0.535890 0.732966 0.533753 0.735159 0.530620 0.735370 0.528229 0.734847 0.525477 0.732988 0.524684 0.729212 0.526240 0.726502 0.528385 0.724925 0.532303 0.725529 0.534831 0.727388
0 0.529944 0.711447 0.529491 0.714249 0.527354 0.716442 0.524221 0.716653 0.521829 0.716130 0.519078 0.714271 0.518285 0.710496 0.519841 0.707785 0.521986 0.706208 0.525904 0.706812 0.528433 0.708672
0 0.689782 0.835576 0.689329 0.838379 0.687192 0.840571 0.684059 0.840782 0.681667 0.840259 0.678916 0.838400 0.678123 0.834625 0.679679 0.831915 0.681824 0.830338 0.685742 0.830941 0.688270 0.832801
0 0.714404 0.806476 0.713951 0.809279 0.711814 0.811471 0.708681 0.811682 0.706290 0.811158 0.703538 0.809299 0.702746 0.805525 0.704302 0.802814 0.706447 0.801237 0.710365 0.801840 0.712893 0.803701
0 0.716782 0.732390 0.716329 0.735193 0.714192 0.737385 0.711059 0.737596 0.708667 0.737073 0.705916 0.735214 0.705123 0.731439 0.706679 0.728729 0.708824 0.727151 0.712742 0.727755 0.715271 0.729615
0 0.820302 0.731990 0.819849 0.734793 0.817712 0.736985 0.814579 0.737196 0.812187 0.736673 0.809436 0.734814 0.808643 0.731039 0.810199 0.728328 0.812344 0.726751 0.816262 0.727355 0.818790 0.729214
0 0.807948 0.703512 0.807494 0.706315 0.805358 0.708507 0.802225 0.708718 0.799833 0.708194 0.797081 0.706335 0.796289 0.702561 0.797845 0.699850 0.799990 0.698274 0.803908 0.698876 0.806436 0.700736
0 0.602227 0.626216 0.601774 0.629019 0.599637 0.631211 0.596504 0.631422 0.594113 0.630899 0.591361 0.629040 0.590569 0.625265 0.592125 0.622555 0.594269 0.620978 0.598188 0.621581 0.600716 0.623441
0 0.649642 0.596311 0.649189 0.599113 0.647052 0.601306 0.643919 0.601517 0.641528 0.600994 0.638776 0.599135 0.637984 0.595359 0.639540 0.592649 0.641684 0.591072 0.645603 0.591676 0.648131 0.593535
0 0.631905 0.534836 0.631452 0.537639 0.629315 0.539831 0.626182 0.540043 0.623790 0.539519 0.621038 0.537660 0.620246 0.533885 0.621802 0.531175 0.623947 0.529598 0.627865 0.530202 0.630393 0.532061
0 0.540683 0.460348 0.540231 0.463151 0.538093 0.465343 0.534960 0.465554 0.532569 0.465031 0.529817 0.463172 0.529025 0.459397 0.530581 0.456687 0.532726 0.455110 0.536644 0.455713 0.539172 0.457573
0 0.598237 0.440744 0.597783 0.443547 0.595646 0.445740 0.592513 0.445950 0.590122 0.445427 0.587370 0.443568 0.586578 0.439793 0.588134 0.437083 0.590279 0.435506 0.594196 0.436109 0.596725 0.437969
0 0.531333 0.397281 0.530880 0.400084 0.528743 0.402276 0.525610 0.402487 0.523219 0.401964 0.520467 0.400105 0.519675 0.396330 0.521231 0.393619 0.523375 0.392042 0.527293 0.392646 0.529821 0.394505
0 0.476459 0.469282 0.476005 0.472084 0.473869 0.474277 0.470735 0.474488 0.468344 0.473964 0.465592 0.472106 0.464800 0.468330 0.466356 0.465620 0.468501 0.464043 0.472419 0.464647 0.474947 0.466506
0 0.428299 0.434903 0.427846 0.437706 0.425709 0.439898 0.422576 0.440109 0.420185 0.439586 0.417433 0.437727 0.416641 0.433952 0.418197 0.431242 0.420342 0.429665 0.424259 0.430268 0.426788 0.432128
0 0.371867 0.482666 0.371413 0.485468 0.369277 0.487661 0.366144 0.487872 0.363752 0.487348 0.361001 0.485489 0.360208 0.481714 0.361764 0.479004 0.363908 0.477427 0.367827 0.478030 0.370355 0.479890
0 0.495124 0.515855 0.493365 0.520213 0.490879 0.522790 0.488059 0.524082 0.483796 0.523356 0.477928 0.520260 0.476025 0.516548 0.476395 0.512013 0.478510 0.508320 0.481567 0.505860 0.485539 0.505270 0.489734 0.506802 0.493849 0.510992
0 0.355296 0.429659 0.354843 0.432462 0.352706 0.434654 0.349573 0.434866 0.347182 0.434342 0.344430 0.432483 0.343637 0.428708 0.345193 0.425998 0.347338 0.424421 0.351256 0.425024 0.353784 0.426884
0 0.315461 0.420232 0.315008 0.423035 0.312871 0.425228 0.309738 0.425439 0.307347 0.424916 0.304595 0.423057 0.303803 0.419281 0.305358 0.416571 0.307503 0.414994 0.311422 0.415598 0.313950 0.417457
0 0.355298 0.462395 0.352994 0.463498 0.350506 0.462847 0.347952 0.461351 0.347305 0.459464 0.347967 0.457271 0.349513 0.456171 0.351297 0.455733 0.353213 0.455770 0.355399 0.456830 0.356981 0.459002 0.356338 0.461066
0 0.283139 0.522893 0.280834 0.523996 0.278347 0.523345 0.275792 0.521849 0.275145 0.519962 0.275808 0.517769 0.277353 0.516669 0.279137 0.516231 0.281053 0.516268 0.283240 0.517328 0.284822 0.519500 0.284179 0.521564
0 0.231941 0.454716 0.229636 0.455818 0.227149 0.455168 0.224594 0.453672 0.223947 0.451785 0.224609 0.449592 0.226155 0.448492 0.227939 0.448054 0.229856 0.448091 0.232042 0.449151 0.233624 0.451322 0.232981 0.453386
0 0.220357 0.606035 0.218052 0.607137 0.215565 0.606486 0.213010 0.604991 0.212362 0.603104 0.213025 0.600911 0.214571 0.599810 0.216355 0.599372 0.218271 0.599410 0.220457 0.600470 0.222040 0.602642 0.221397 0.604705
0 0.235905 0.583482 0.233600 0.584585 0.231113 0.583934 0.228558 0.582438 0.227911 0.580552 0.228574 0.578358 0.230119 0.577258 0.231904 0.576820 0.233820 0.576857 0.236006 0.577917 0.237588 0.580089 0.236945 0.582153
0 0.100316 0.561590 0.098012 0.562693 0.095525 0.562042 0.092970 0.560546 0.092323 0.558659 0.092985 0.556466 0.094531 0.555366 0.096315 0.554928 0.098231 0.554965 0.100417 0.556025 0.101999 0.558197 0.101357 0.560260
0 0.059636 0.503042 0.057332 0.504145 0.054845 0.503494 0.052290 0.501998 0.051643 0.500112 0.052305 0.497918 0.053851 0.496818 0.055635 0.496380 0.057551 0.496417 0.059737 0.497477 0.061320 0.499649 0.060677 0.501713
0 0.000000 0.496898 0.000000 0.498000 0.000000 0.497350 0.000000 0.495854 0.000000 0.493967 0.000000 0.491774 0.000000 0.490674 0.000000 0.490236 0.000000 0.490273 0.000000 0.491333 0.000000 0.493505 0.000000 0.495568
0 0.000000 0.423318 0.000000 0.424420 0.000000 0.423770 0.000000 0.422274 0.000000 0.420387 0.000000 0.418194 0.000000 0.417093 0.000000 0.416656 0.000000 0.416693 0.000000 0.417753 0.000000 0.419925 0.000000 0.421988
0 0.165860 0.315273 0.163555 0.316375 0.161068 0.315724 0.158513 0.314229 0.157866 0.312342 0.158529 0.310149 0.160074 0.309048 0.161858 0.308610 0.163775 0.308648 0.165961 0.309708 0.167543 0.311880 0.166900 0.313943
0 0.245255 0.263472 0.242950 0.264575 0.240463 0.263924 0.237908 0.262428 0.237261 0.260541 0.237923 0.258348 0.239469 0.257247 0.241253 0.256809 0.243170 0.256847 0.245356 0.257907 0.246938 0.260079 0.246295 0.262143
0 0.272156 0.144589 0.269851 0.145692 0.267364 0.145041 0.264809 0.143545 0.264162 0.141659 0.264825 0.139465 0.266370 0.138365 0.268155 0.137927 0.270071 0.137964 0.272257 0.139024 0.273839 0.141196 0.273196 0.143260
0 0.326236 0.208355 0.323932 0.209458 0.321444 0.208807 0.318890 0.207311 0.318242 0.205425 0.318905 0.203232 0.320451 0.202131 0.322235 0.201693 0.324151 0.201731 0.326337 0.202790 0.327920 0.204962 0.327276 0.207026
0 0.578893 0.378416 0.578440 0.381219 0.576303 0.383411 0.573170 0.383623 0.570779 0.383099 0.568027 0.381240 0.567235 0.377465 0.568791 0.374755 0.570936 0.373178 0.574853 0.373781 0.577382 0.375641
0 0.565224 0.659580 0.567685 0.662150 0.568473 0.665837 0.567164 0.669277 0.564382 0.671519 0.559374 0.671234 0.554995 0.668304 0.554504 0.665509 0.555875 0.661581 0.558287 0.659016 0.561827 0.658087
0 0.525620 0.598778 0.525167 0.601581 0.523030 0.603773 0.519897 0.603984 0.517506 0.603461 0.514754 0.601602 0.513962 0.597827 0.515518 0.595117 0.517662 0.593540 0.521580 0.594143 0.524109 0.596003
0 0.250308 0.400521 0.253616 0.403337 0.254707 0.407917 0.253458 0.411958 0.250303 0.414476 0.246258 0.414993 0.241087 0.413084 0.238015 0.409178 0.237272 0.405568 0.239035 0.401543 0.242766 0.399009 0.246416 0.398861
0 0.188912 0.360364 0.186608 0.361466 0.184120 0.360815 0.181565 0.359320 0.180918 0.357433 0.181581 0.355240 0.183126 0.354139 0.184911 0.353701 0.186827 0.353739 0.189012 0.354799 0.190595 0.356971 0.189952 0.359034
0 0.200543 0.151677 0.203851 0.154492 0.204941 0.159073 0.203692 0.163113 0.200537 0.165631 0.196492 0.166149 0.191321 0.164240 0.188250 0.160334 0.187506 0.156723 0.189270 0.152699 0.193000 0.150165 0.196651 0.150016
0 0.248376 0.126565 0.246072 0.127667 0.243584 0.127016 0.241030 0.125520 0.240383 0.123634 0.241045 0.121441 0.242591 0.120340 0.244375 0.119902 0.246291 0.119940 0.248477 0.121000 0.250060 0.123172 0.249417 0.125235
0 0.288986 0.313572 0.291447 0.316142 0.292236 0.319829 0.290926 0.323269 0.288144 0.325511 0.283136 0.325226 0.278757 0.322296 0.278267 0.319501 0.279637 0.315573 0.282050 0.313008 0.285589 0.312079
0 0.568076 0.787646 0.566315 0.792004 0.563830 0.794581 0.561009 0.795873 0.556747 0.795147 0.550879 0.792051 0.548975 0.788339 0.549346 0.783803 0.551461 0.780111 0.554518 0.777651 0.558490 0.777060 0.562685 0.778593 0.566800 0.782782
