0 0.713141 0.573718 0.709936 0.573718 0.706731 0.570513 0.705128 0.567308 0.705128 0.562500 0.709936 0.559295 0.714744 0.557692 0.717949 0.559295 0.719551 0.564103 0.719551 0.568910 0.717949 0.572115
0 0.689103 0.562500 0.684295 0.562500 0.681090 0.560897 0.679487 0.556090 0.679487 0.551282 0.684295 0.548077 0.689103 0.546474 0.692308 0.548077 0.693910 0.552885 0.693910 0.557692 0.692308 0.560897
0 0.746795 0.535256 0.743590 0.535256 0.740385 0.532051 0.738782 0.528846 0.738782 0.524038 0.741987 0.519231 0.748397 0.519231 0.750000 0.520833 0.753205 0.525641 0.753205 0.528846 0.750000 0.533654
0 0.751603 0.554487 0.746795 0.554487 0.743590 0.551282 0.741987 0.548077 0.743590 0.543269 0.746795 0.540064 0.753205 0.538462 0.754808 0.540064 0.756410 0.544872 0.756410 0.549679 0.754808 0.552885
0 0.645833 0.621795 0.642628 0.621795 0.639423 0.620192 0.636218 0.616987 0.637821 0.612179 0.641026 0.607372 0.647436 0.605769 0.649038 0.608974 0.652244 0.612179 0.652244 0.616987 0.649038 0.620192
0 0.697115 0.500000 0.693910 0.500000 0.689103 0.498397 0.687500 0.493590 0.689103 0.490385 0.692308 0.485577 0.698718 0.485577 0.700321 0.487179 0.701923 0.491987 0.703526 0.495192 0.698718 0.500000
0 0.732372 0.447115 0.727564 0.447115 0.724359 0.443910 0.722756 0.440705 0.722756 0.435897 0.727564 0.432692 0.732372 0.431090 0.735577 0.432692 0.737179 0.437500 0.737179 0.442308 0.735577 0.445513
0 0.663462 0.471154 0.660256 0.471154 0.657051 0.467949 0.655449 0.464744 0.655449 0.459936 0.660256 0.456731 0.665064 0.455128 0.668269 0.456731 0.669872 0.461538 0.669872 0.466346 0.668269 0.469551
0 0.645833 0.554487 0.641026 0.554487 0.637821 0.551282 0.636218 0.548077 0.636218 0.543269 0.641026 0.540064 0.645833 0.538462 0.649038 0.540064 0.650641 0.544872 0.650641 0.549679 0.649038 0.552885
0 0.596154 0.639423 0.591346 0.639423 0.588141 0.637821 0.586538 0.633013 0.588141 0.628205 0.591346 0.625000 0.597756 0.623397 0.599359 0.625000 0.600962 0.629808 0.600962 0.634615 0.599359 0.637821
0 0.735577 0.467949 0.730769 0.466346 0.727564 0.464744 0.725962 0.459936 0.727564 0.456731 0.730769 0.451923 0.737179 0.451923 0.738782 0.453526 0.740385 0.458333 0.740385 0.461538 0.738782 0.466346
0 0.540064 0.652244 0.536859 0.652244 0.533654 0.649038 0.532051 0.645833 0.532051 0.641026 0.536859 0.637821 0.541667 0.636218 0.544872 0.637821 0.546474 0.642628 0.546474 0.647436 0.544872 0.650641
0 0.562500 0.641026 0.557692 0.641026 0.554487 0.637821 0.552885 0.634615 0.554487 0.629808 0.557692 0.626603 0.564103 0.625000 0.565705 0.626603 0.567308 0.631410 0.568910 0.636218 0.565705 0.639423
0 0.544872 0.626603 0.540064 0.626603 0.536859 0.623397 0.535256 0.620192 0.535256 0.615385 0.540064 0.612179 0.544872 0.610577 0.548077 0.612179 0.549679 0.616987 0.549679 0.621795 0.548077 0.625000
0 0.540064 0.589744 0.535256 0.589744 0.532051 0.588141 0.528846 0.584936 0.530449 0.580128 0.535256 0.575321 0.540064 0.575321 0.543269 0.576923 0.544872 0.581731 0.544872 0.584936 0.543269 0.589744
0 0.735577 0.618590 0.732372 0.618590 0.729167 0.616987 0.725962 0.613782 0.727564 0.608974 0.730769 0.604167 0.737179 0.604167 0.740385 0.605769 0.741987 0.610577 0.741987 0.613782 0.740385 0.618590
0 0.719551 0.634615 0.714744 0.634615 0.711538 0.633013 0.709936 0.628205 0.711538 0.623397 0.714744 0.620192 0.721154 0.618590 0.722756 0.620192 0.724359 0.625000 0.724359 0.629808 0.722756 0.633013
0 0.777244 0.532051 0.774038 0.532051 0.769231 0.528846 0.767628 0.525641 0.769231 0.520833 0.772436 0.517628 0.778846 0.516026 0.780449 0.517628 0.783654 0.522436 0.783654 0.527244 0.780449 0.530449
0 0.793269 0.516026 0.790064 0.514423 0.786859 0.512821 0.783654 0.509615 0.785256 0.504808 0.790064 0.500000 0.794872 0.500000 0.798077 0.501603 0.799679 0.506410 0.799679 0.509615 0.798077 0.514423
0 0.806090 0.471154 0.802885 0.471154 0.798077 0.467949 0.796474 0.464744 0.798077 0.459936 0.801282 0.456731 0.807692 0.455128 0.809295 0.456731 0.812500 0.461538 0.812500 0.466346 0.809295 0.469551
0 0.786859 0.395833 0.783654 0.395833 0.780449 0.394231 0.777244 0.391026 0.778846 0.386218 0.783654 0.381410 0.788462 0.379808 0.791667 0.383013 0.793269 0.386218 0.793269 0.391026 0.791667 0.394231
0 0.737179 0.421474 0.733974 0.421474 0.730769 0.418269 0.729167 0.415064 0.729167 0.410256 0.733974 0.407051 0.738782 0.405449 0.741987 0.407051 0.743590 0.411859 0.743590 0.416667 0.741987 0.419872
0 0.775641 0.432692 0.772436 0.431090 0.769231 0.429487 0.766026 0.426282 0.766026 0.423077 0.772436 0.416667 0.777244 0.416667 0.780449 0.418269 0.782051 0.423077 0.782051 0.426282 0.780449 0.431090
0 0.806090 0.429487 0.801282 0.429487 0.798077 0.427885 0.796474 0.423077 0.798077 0.418269 0.801282 0.415064 0.807692 0.413462 0.809295 0.416667 0.810897 0.419872 0.810897 0.424679 0.809295 0.427885
0 0.830128 0.410256 0.826923 0.410256 0.823718 0.408654 0.820513 0.405449 0.822115 0.400641 0.825321 0.395833 0.830128 0.395833 0.831731 0.397436 0.834936 0.400641 0.834936 0.405449 0.833333 0.408654
0 0.924679 0.395833 0.919872 0.395833 0.916667 0.394231 0.915064 0.389423 0.915064 0.384615 0.919872 0.381410 0.924679 0.379808 0.927885 0.381410 0.929487 0.386218 0.929487 0.391026 0.927885 0.394231
0 0.873397 0.386218 0.870192 0.386218 0.866987 0.383013 0.865385 0.379808 0.865385 0.375000 0.870192 0.371795 0.875000 0.370192 0.878205 0.371795 0.879808 0.376603 0.879808 0.379808 0.878205 0.384615
0 0.908654 0.344551 0.903846 0.344551 0.902244 0.341346 0.900641 0.338141 0.900641 0.333333 0.903846 0.330128 0.908654 0.328526 0.911859 0.330128 0.913462 0.334936 0.913462 0.338141 0.911859 0.342949
0 0.948718 0.366987 0.943910 0.366987 0.940705 0.365385 0.939103 0.360577 0.940705 0.357372 0.943910 0.352564 0.950321 0.352564 0.951923 0.354167 0.953526 0.358974 0.953526 0.362179 0.951923 0.365385
0 0.967949 0.365385 0.964744 0.363782 0.963141 0.362179 0.959936 0.358974 0.961538 0.354167 0.964744 0.349359 0.967949 0.350962 0.971154 0.352564 0.974359 0.355769 0.974359 0.358974 0.972756 0.363782
0 0.889423 0.504808 0.886218 0.504808 0.883013 0.501603 0.879808 0.500000 0.881410 0.495192 0.886218 0.491987 0.891026 0.490385 0.894231 0.491987 0.895833 0.496795 0.895833 0.500000 0.894231 0.503205
0 0.924679 0.504808 0.921474 0.503205 0.918269 0.501603 0.916667 0.500000 0.916667 0.495192 0.921474 0.490385 0.924679 0.488782 0.927885 0.491987 0.929487 0.495192 0.927885 0.500000 0.927885 0.501603
0 0.979167 0.487179 0.975962 0.487179 0.972756 0.485577 0.969551 0.482372 0.971154 0.477564 0.975962 0.472756 0.979167 0.471154 0.982372 0.474359 0.983974 0.477564 0.983974 0.482372 0.982372 0.485577
0 0.975962 0.451923 0.972756 0.448718 0.969551 0.447115 0.967949 0.442308 0.969551 0.439103 0.972756 0.434295 0.977564 0.434295 0.979167 0.435897 0.980769 0.440705 0.980769 0.443910 0.979167 0.448718
0 0.955128 0.483974 0.951923 0.483974 0.947115 0.482372 0.945513 0.477564 0.947115 0.474359 0.950321 0.469551 0.956731 0.469551 0.958333 0.471154 0.961538 0.475962 0.961538 0.479167 0.958333 0.482372
0 0.977564 0.552885 0.975962 0.552885 0.972756 0.551282 0.971154 0.546474 0.971154 0.541667 0.975962 0.538462 0.979167 0.536859 0.982372 0.538462 0.983974 0.543269 0.983974 0.548077 0.982372 0.551282
0 0.982372 0.599359 0.979167 0.599359 0.975962 0.596154 0.974359 0.592949 0.974359 0.588141 0.977564 0.584936 0.983974 0.583333 0.985577 0.584936 0.988782 0.589744 0.988782 0.594551 0.985577 0.597756
0 0.990385 0.612179 0.987179 0.612179 0.983974 0.610577 0.982372 0.605769 0.982372 0.600962 0.987179 0.597756 0.991987 0.596154 0.958333 0.625000 0.955128 0.625000 0.951923 0.623397 0.950321 0.618590
0 0.950321 0.613782 0.955128 0.610577 0.959936 0.608974 0.963141 0.610577 0.964744 0.615385 0.964744 0.620192 0.963141 0.623397 0.945513 0.642628 0.942308 0.642628 0.939103 0.639423 0.937500 0.636218
0 0.937500 0.631410 0.942308 0.628205 0.947115 0.626603 0.950321 0.628205 0.951923 0.633013 0.951923 0.637821 0.950321 0.641026 0.939103 0.605769 0.935897 0.605769 0.932692 0.602564 0.931090 0.599359
0 0.931090 0.594551 0.934295 0.591346 0.940705 0.589744 0.943910 0.591346 0.945513 0.596154 0.945513 0.599359 0.943910 0.604167 0.798077 0.567308 0.793269 0.565705 0.790064 0.564103 0.788462 0.559295
0 0.790064 0.556090 0.793269 0.551282 0.799679 0.551282 0.801282 0.552885 0.802885 0.557692 0.802885 0.560897 0.801282 0.565705 0.762821 0.660256 0.758013 0.660256 0.754808 0.658654 0.753205 0.653846
0 0.753205 0.649038 0.758013 0.645833 0.762821 0.644231 0.766026 0.645833 0.767628 0.650641 0.767628 0.655449 0.766026 0.658654 0.783654 0.673077 0.780449 0.671474 0.777244 0.669872 0.774038 0.666667
0 0.775641 0.665064 0.780449 0.657051 0.785256 0.657051 0.788462 0.658654 0.790064 0.663462 0.790064 0.666667 0.788462 0.671474 0.767628 0.628205 0.762821 0.628205 0.759615 0.625000 0.756410 0.621795
0 0.758013 0.616987 0.762821 0.612179 0.767628 0.612179 0.770833 0.613782 0.772436 0.618590 0.772436 0.621795 0.770833 0.626603 0.679487 0.706731 0.674679 0.706731 0.671474 0.705128 0.669872 0.700321
0 0.671474 0.697115 0.674679 0.692308 0.681090 0.692308 0.682692 0.693910 0.684295 0.698718 0.684295 0.701923 0.682692 0.705128 0.645833 0.708333 0.641026 0.708333 0.637821 0.706731 0.636218 0.701923
0 0.636218 0.697115 0.641026 0.695513 0.645833 0.693910 0.649038 0.693910 0.650641 0.698718 0.650641 0.703526 0.649038 0.706731 0.653846 0.725962 0.650641 0.725962 0.647436 0.722756 0.644231 0.719551
0 0.645833 0.714744 0.649038 0.709936 0.655449 0.709936 0.657051 0.711538 0.660256 0.716346 0.660256 0.719551 0.657051 0.724359 0.750000 0.687500 0.746795 0.687500 0.743590 0.684295 0.740385 0.681090
0 0.741987 0.676282 0.746795 0.671474 0.751603 0.671474 0.754808 0.673077 0.756410 0.677885 0.756410 0.681090 0.754808 0.685897 0.775641 0.735577 0.772436 0.733974 0.769231 0.732372 0.766026 0.729167
0 0.767628 0.724359 0.770833 0.719551 0.777244 0.719551 0.778846 0.721154 0.782051 0.725962 0.782051 0.729167 0.778846 0.733974 0.756410 0.733974 0.751603 0.733974 0.748397 0.730769 0.746795 0.725962
0 0.748397 0.722756 0.751603 0.717949 0.758013 0.717949 0.759615 0.719551 0.761218 0.724359 0.761218 0.727564 0.759615 0.732372 0.684295 0.738782 0.679487 0.738782 0.676282 0.735577 0.674679 0.732372
0 0.674679 0.727564 0.679487 0.724359 0.684295 0.722756 0.687500 0.724359 0.689103 0.729167 0.689103 0.733974 0.687500 0.737179 0.615385 0.766026 0.612179 0.766026 0.607372 0.762821 0.605769 0.759615
0 0.607372 0.754808 0.610577 0.751603 0.616987 0.750000 0.618590 0.751603 0.620192 0.756410 0.621795 0.761218 0.618590 0.764423 0.621795 0.605769 0.618590 0.605769 0.615385 0.604167 0.612179 0.600962
0 0.613782 0.596154 0.616987 0.591346 0.623397 0.589744 0.625000 0.592949 0.628205 0.596154 0.628205 0.600962 0.625000 0.604167 0.605769 0.620192 0.602564 0.620192 0.599359 0.618590 0.596154 0.615385
0 0.597756 0.610577 0.602564 0.605769 0.607372 0.604167 0.610577 0.607372 0.612179 0.610577 0.612179 0.615385 0.610577 0.618590 0.512821 0.684295 0.508013 0.684295 0.504808 0.682692 0.503205 0.677885
0 0.504808 0.674679 0.508013 0.669872 0.514423 0.668269 0.516026 0.671474 0.517628 0.674679 0.519231 0.679487 0.516026 0.682692 0.504808 0.608974 0.501603 0.608974 0.498397 0.607372 0.496795 0.602564
0 0.498397 0.599359 0.500000 0.594551 0.506410 0.592949 0.508013 0.596154 0.511218 0.599359 0.511218 0.604167 0.508013 0.607372 0.552885 0.602564 0.548077 0.600962 0.544872 0.599359 0.541667 0.596154
0 0.543269 0.591346 0.548077 0.586538 0.554487 0.586538 0.556090 0.588141 0.557692 0.592949 0.557692 0.596154 0.556090 0.600962 0.467949 0.655449 0.463141 0.655449 0.459936 0.652244 0.458333 0.647436
0 0.459936 0.644231 0.463141 0.639423 0.469551 0.639423 0.471154 0.641026 0.472756 0.645833 0.472756 0.649038 0.471154 0.653846 0.459936 0.679487 0.455128 0.679487 0.451923 0.676282 0.450321 0.673077
0 0.450321 0.668269 0.455128 0.665064 0.459936 0.663462 0.463141 0.665064 0.464744 0.669872 0.464744 0.673077 0.463141 0.677885 0.421474 0.759615 0.418269 0.759615 0.413462 0.756410 0.411859 0.753205
0 0.413462 0.748397 0.416667 0.743590 0.423077 0.743590 0.424679 0.745192 0.427885 0.750000 0.427885 0.753205 0.424679 0.758013 0.426282 0.737179 0.421474 0.737179 0.418269 0.733974 0.416667 0.729167
0 0.418269 0.725962 0.421474 0.721154 0.427885 0.721154 0.429487 0.722756 0.431090 0.727564 0.431090 0.730769 0.429487 0.735577 0.520833 0.754808 0.516026 0.754808 0.512821 0.753205 0.509615 0.750000
0 0.511218 0.745192 0.516026 0.740385 0.520833 0.740385 0.524038 0.741987 0.525641 0.746795 0.525641 0.750000 0.524038 0.754808 0.543269 0.754808 0.538462 0.754808 0.535256 0.753205 0.532051 0.750000
0 0.533654 0.745192 0.538462 0.740385 0.543269 0.738782 0.546474 0.741987 0.548077 0.745192 0.548077 0.750000 0.546474 0.753205 0.541667 0.806090 0.538462 0.806090 0.535256 0.804487 0.533654 0.799679
0 0.533654 0.794872 0.536859 0.791667 0.543269 0.790064 0.544872 0.791667 0.548077 0.796474 0.548077 0.801282 0.544872 0.804487 0.410256 0.693910 0.405449 0.693910 0.402244 0.690705 0.400641 0.687500
0 0.400641 0.682692 0.405449 0.679487 0.410256 0.677885 0.413462 0.679487 0.415064 0.684295 0.415064 0.689103 0.413462 0.692308 0.440705 0.676282 0.435897 0.676282 0.432692 0.674679 0.429487 0.671474
0 0.431090 0.666667 0.435897 0.661859 0.440705 0.661859 0.443910 0.663462 0.445513 0.668269 0.445513 0.671474 0.443910 0.674679 0.429487 0.693910 0.426282 0.693910 0.423077 0.692308 0.419872 0.689103
0 0.421474 0.684295 0.424679 0.679487 0.431090 0.679487 0.434295 0.681090 0.435897 0.685897 0.435897 0.689103 0.434295 0.693910 0.511218 0.705128 0.506410 0.705128 0.503205 0.703526 0.501603 0.698718
0 0.501603 0.693910 0.506410 0.690705 0.511218 0.689103 0.514423 0.692308 0.516026 0.695513 0.516026 0.700321 0.514423 0.703526 0.533654 0.738782 0.528846 0.738782 0.525641 0.735577 0.524038 0.732372
0 0.524038 0.727564 0.528846 0.722756 0.533654 0.722756 0.536859 0.724359 0.538462 0.729167 0.538462 0.732372 0.536859 0.737179 0.504808 0.733974 0.501603 0.733974 0.498397 0.732372 0.498397 0.727564
0 0.498397 0.722756 0.501603 0.719551 0.506410 0.717949 0.509615 0.719551 0.511218 0.724359 0.511218 0.729167 0.509615 0.732372 0.456731 0.618590 0.451923 0.618590 0.448718 0.616987 0.447115 0.612179
0 0.448718 0.608974 0.451923 0.604167 0.458333 0.602564 0.459936 0.605769 0.461538 0.608974 0.461538 0.613782 0.459936 0.616987 0.407051 0.631410 0.403846 0.631410 0.400641 0.628205 0.399038 0.625000
0 0.399038 0.620192 0.402244 0.616987 0.408654 0.615385 0.410256 0.616987 0.411859 0.623397 0.413462 0.625000 0.410256 0.629808 0.541667 0.552885 0.538462 0.552885 0.535256 0.549679 0.533654 0.546474
0 0.533654 0.541667 0.536859 0.538462 0.543269 0.536859 0.544872 0.538462 0.548077 0.543269 0.548077 0.546474 0.544872 0.551282 0.530449 0.525641 0.527244 0.525641 0.522436 0.522436 0.520833 0.519231
0 0.522436 0.514423 0.525641 0.511218 0.532051 0.509615 0.533654 0.511218 0.536859 0.516026 0.536859 0.520833 0.533654 0.524038 0.427885 0.514423 0.424679 0.514423 0.421474 0.511218 0.419872 0.508013
0 0.419872 0.503205 0.424679 0.500000 0.427885 0.500000 0.432692 0.500000 0.434295 0.504808 0.434295 0.509615 0.432692 0.512821 0.402244 0.604167 0.399038 0.604167 0.395833 0.602564 0.392628 0.599359
0 0.394231 0.594551 0.397436 0.589744 0.403846 0.589744 0.405449 0.591346 0.408654 0.596154 0.408654 0.599359 0.405449 0.602564 0.557692 0.512821 0.552885 0.512821 0.549679 0.511218 0.548077 0.506410
0 0.549679 0.503205 0.551282 0.500000 0.559295 0.498397 0.560897 0.501603 0.562500 0.503205 0.562500 0.508013 0.560897 0.511218 0.368590 0.610577 0.365385 0.608974 0.362179 0.607372 0.358974 0.604167
0 0.360577 0.599359 0.365385 0.594551 0.370192 0.594551 0.373397 0.596154 0.375000 0.600962 0.375000 0.604167 0.373397 0.608974 0.339744 0.655449 0.336538 0.655449 0.333333 0.653846 0.330128 0.650641
0 0.331731 0.645833 0.334936 0.641026 0.341346 0.639423 0.344551 0.642628 0.346154 0.645833 0.346154 0.650641 0.344551 0.653846 0.309295 0.679487 0.304487 0.679487 0.301282 0.676282 0.299679 0.673077
0 0.299679 0.668269 0.304487 0.665064 0.309295 0.663462 0.312500 0.665064 0.314103 0.669872 0.314103 0.674679 0.312500 0.677885 0.278846 0.695513 0.275641 0.695513 0.272436 0.692308 0.270833 0.689103
0 0.270833 0.684295 0.275641 0.681090 0.280449 0.679487 0.283654 0.681090 0.285256 0.685897 0.285256 0.690705 0.283654 0.693910 0.251603 0.711538 0.248397 0.711538 0.245192 0.709936 0.243590 0.705128
0 0.243590 0.700321 0.246795 0.697115 0.253205 0.695513 0.254808 0.697115 0.258013 0.701923 0.258013 0.706731 0.254808 0.709936 0.318910 0.770833 0.315705 0.770833 0.312500 0.767628 0.310897 0.764423
0 0.310897 0.759615 0.314103 0.756410 0.320513 0.754808 0.322115 0.756410 0.325321 0.761218 0.325321 0.766026 0.322115 0.769231 0.298077 0.798077 0.294872 0.798077 0.290064 0.796474 0.288462 0.791667
0 0.290064 0.788462 0.293269 0.783654 0.299679 0.783654 0.301282 0.785256 0.304487 0.790064 0.304487 0.793269 0.301282 0.796474 0.328526 0.814103 0.325321 0.812500 0.320513 0.810897 0.318910 0.807692
0 0.320513 0.802885 0.323718 0.799679 0.330128 0.798077 0.331731 0.801282 0.333333 0.806090 0.334936 0.809295 0.331731 0.812500 0.342949 0.802885 0.339744 0.802885 0.334936 0.801282 0.333333 0.796474
0 0.334936 0.793269 0.338141 0.788462 0.344551 0.786859 0.346154 0.790064 0.349359 0.793269 0.349359 0.798077 0.346154 0.801282 0.410256 0.846154 0.405449 0.846154 0.402244 0.842949 0.400641 0.839744
0 0.400641 0.834936 0.403846 0.833333 0.410256 0.831731 0.413462 0.833333 0.415064 0.836538 0.415064 0.841346 0.413462 0.844551 0.453526 0.852564 0.450321 0.852564 0.447115 0.849359 0.445513 0.846154
0 0.445513 0.841346 0.448718 0.839744 0.455128 0.838141 0.458333 0.839744 0.459936 0.842949 0.459936 0.847756 0.458333 0.850962 0.488782 0.767628 0.485577 0.767628 0.482372 0.766026 0.480769 0.761218
0 0.480769 0.756410 0.483974 0.753205 0.490385 0.751603 0.493590 0.754808 0.495192 0.758013 0.495192 0.762821 0.493590 0.766026 0.375000 0.887821 0.370192 0.887821 0.366987 0.886218 0.365385 0.881410
0 0.365385 0.876603 0.370192 0.873397 0.376603 0.871795 0.378205 0.875000 0.379808 0.878205 0.379808 0.883013 0.378205 0.886218 0.213141 0.810897 0.208333 0.810897 0.205128 0.809295 0.203526 0.804487
0 0.205128 0.801282 0.208333 0.796474 0.214744 0.794872 0.216346 0.798077 0.217949 0.801282 0.217949 0.806090 0.216346 0.809295 0.177885 0.858974 0.174679 0.858974 0.171474 0.855769 0.169872 0.852564
0 0.169872 0.847756 0.173077 0.844551 0.177885 0.842949 0.181090 0.844551 0.182692 0.849359 0.182692 0.852564 0.181090 0.857372 0.129808 0.826923 0.126603 0.826923 0.123397 0.823718 0.121795 0.820513
0 0.121795 0.815705 0.126603 0.812500 0.129808 0.812500 0.133013 0.814103 0.136218 0.817308 0.136218 0.822115 0.134615 0.825321 0.092949 0.817308 0.089744 0.815705 0.086538 0.812500 0.084936 0.809295
0 0.086538 0.804487 0.088141 0.801282 0.094551 0.799679 0.096154 0.801282 0.097756 0.806090 0.097756 0.810897 0.096154 0.814103 0.092949 0.834936 0.089744 0.834936 0.086538 0.833333 0.083333 0.830128
0 0.084936 0.825321 0.088141 0.820513 0.094551 0.820513 0.096154 0.823718 0.099359 0.826923 0.099359 0.830128 0.097756 0.833333 0.115385 0.814103 0.112179 0.814103 0.107372 0.810897 0.105769 0.807692
0 0.107372 0.802885 0.108974 0.801282 0.116987 0.799679 0.118590 0.801282 0.120192 0.806090 0.121795 0.809295 0.118590 0.812500 0.128205 0.783654 0.123397 0.782051 0.120192 0.780449 0.118590 0.775641
0 0.120192 0.772436 0.123397 0.767628 0.129808 0.767628 0.131410 0.769231 0.133013 0.774038 0.133013 0.777244 0.131410 0.782051 0.070513 0.802885 0.067308 0.802885 0.064103 0.799679 0.062500 0.796474
0 0.062500 0.791667 0.067308 0.788462 0.072115 0.786859 0.075321 0.788462 0.076923 0.793269 0.076923 0.798077 0.075321 0.801282 0.165064 0.822115 0.161859 0.820513 0.158654 0.820513 0.157051 0.815705
0 0.157051 0.810897 0.161859 0.806090 0.166667 0.806090 0.169872 0.807692 0.171474 0.812500 0.171474 0.815705 0.169872 0.820513 0.141026 0.923077 0.136218 0.923077 0.133013 0.921474 0.129808 0.918269
0 0.131410 0.913462 0.136218 0.908654 0.141026 0.907051 0.144231 0.910256 0.145833 0.913462 0.145833 0.918269 0.144231 0.921474 0.125000 0.931090 0.120192 0.931090 0.116987 0.927885 0.115385 0.924679
0 0.115385 0.919872 0.120192 0.916667 0.125000 0.916667 0.128205 0.918269 0.129808 0.923077 0.128205 0.926282 0.128205 0.929487 0.107372 0.951923 0.102564 0.951923 0.099359 0.950321 0.097756 0.945513
0 0.099359 0.942308 0.102564 0.937500 0.107372 0.937500 0.108974 0.940705 0.112179 0.942308 0.112179 0.947115 0.110577 0.950321 0.224359 0.865385 0.219551 0.865385 0.216346 0.862179 0.214744 0.858974
0 0.213141 0.855769 0.219551 0.852564 0.224359 0.850962 0.227564 0.852564 0.229167 0.857372 0.229167 0.862179 0.227564 0.863782 0.222756 0.932692 0.217949 0.932692 0.214744 0.929487 0.213141 0.926282
0 0.214744 0.921474 0.216346 0.919872 0.222756 0.918269 0.224359 0.919872 0.225962 0.923077 0.225962 0.927885 0.224359 0.932692 0.240385 0.932692 0.237179 0.932692 0.233974 0.931090 0.230769 0.927885
0 0.232372 0.924679 0.237179 0.919872 0.241987 0.919872 0.245192 0.921474 0.246795 0.926282 0.246795 0.929487 0.245192 0.931090 0.165064 0.772436 0.160256 0.772436 0.157051 0.769231 0.155449 0.766026
0 0.157051 0.761218 0.160256 0.758013 0.166667 0.756410 0.168269 0.758013 0.169872 0.762821 0.169872 0.767628 0.168269 0.770833 0.041667 0.751603 0.038462 0.751603 0.035256 0.748397 0.033654 0.745192
0 0.033654 0.740385 0.038462 0.737179 0.043269 0.735577 0.046474 0.737179 0.048077 0.741987 0.048077 0.746795 0.046474 0.750000 0.084936 0.713141 0.080128 0.713141 0.076923 0.709936 0.075321 0.706731
0 0.075321 0.701923 0.080128 0.698718 0.084936 0.697115 0.088141 0.698718 0.089744 0.703526 0.089744 0.708333 0.088141 0.711538 0.133013 0.666667 0.129808 0.666667 0.126603 0.665064 0.123397 0.661859
0 0.125000 0.657051 0.128205 0.652244 0.134615 0.650641 0.137821 0.653846 0.139423 0.657051 0.139423 0.661859 0.137821 0.665064 0.060897 0.717949 0.056090 0.717949 0.054487 0.714744 0.052885 0.711538
0 0.051282 0.708333 0.056090 0.703526 0.060897 0.701923 0.064103 0.703526 0.065705 0.708333 0.065705 0.713141 0.064103 0.716346 0.041667 0.774038 0.036859 0.774038 0.033654 0.772436 0.030449 0.769231
0 0.032051 0.764423 0.036859 0.759615 0.041667 0.758013 0.044872 0.761218 0.046474 0.764423 0.046474 0.769231 0.044872 0.772436 0.185897 0.652244 0.181090 0.652244 0.177885 0.650641 0.177885 0.645833
0 0.176282 0.642628 0.181090 0.637821 0.185897 0.636218 0.189103 0.637821 0.190705 0.642628 0.190705 0.647436 0.189103 0.650641 0.200321 0.570513 0.195513 0.570513 0.192308 0.567308 0.190705 0.564103
0 0.190705 0.559295 0.195513 0.556090 0.200321 0.554487 0.203526 0.556090 0.205128 0.560897 0.205128 0.564103 0.203526 0.568910 0.222756 0.525641 0.217949 0.525641 0.214744 0.522436 0.213141 0.519231
0 0.214744 0.514423 0.217949 0.509615 0.224359 0.509615 0.225962 0.511218 0.227564 0.516026 0.227564 0.519231 0.225962 0.524038 0.270833 0.500000 0.266026 0.500000 0.264423 0.496795 0.262821 0.493590
0 0.262821 0.488782 0.267628 0.485577 0.272436 0.483974 0.275641 0.485577 0.277244 0.490385 0.277244 0.495192 0.275641 0.498397 0.062500 0.583333 0.057692 0.581731 0.054487 0.580128 0.051282 0.576923
0 0.052885 0.572115 0.057692 0.567308 0.062500 0.567308 0.065705 0.568910 0.067308 0.573718 0.067308 0.576923 0.065705 0.581731 0.089744 0.629808 0.086538 0.628205 0.081731 0.625000 0.080128 0.621795
0 0.081731 0.616987 0.084936 0.613782 0.089744 0.612179 0.091346 0.613782 0.092949 0.618590 0.094551 0.623397 0.091346 0.626603 0.163462 0.447115 0.160256 0.445513 0.158654 0.443910 0.155449 0.440705
0 0.157051 0.435897 0.160256 0.432692 0.165064 0.431090 0.168269 0.432692 0.169872 0.437500 0.169872 0.440705 0.168269 0.445513 0.116987 0.495192 0.112179 0.495192 0.108974 0.493590 0.105769 0.490385
0 0.107372 0.485577 0.112179 0.480769 0.118590 0.480769 0.120192 0.482372 0.121795 0.487179 0.121795 0.490385 0.120192 0.493590 0.136218 0.500000 0.131410 0.500000 0.129808 0.498397 0.126603 0.495192
0 0.128205 0.490385 0.131410 0.485577 0.137821 0.485577 0.139423 0.487179 0.142628 0.491987 0.142628 0.495192 0.137821 0.500000 0.065705 0.467949 0.060897 0.467949 0.057692 0.466346 0.056090 0.461538
0 0.057692 0.456731 0.060897 0.453526 0.067308 0.451923 0.068910 0.453526 0.070513 0.458333 0.070513 0.463141 0.068910 0.466346 0.083333 0.413462 0.080128 0.413462 0.076923 0.411859 0.075321 0.407051
0 0.075321 0.402244 0.080128 0.399038 0.083333 0.399038 0.086538 0.400641 0.088141 0.403846 0.088141 0.408654 0.086538 0.411859 0.125000 0.392628 0.121795 0.392628 0.116987 0.389423 0.115385 0.386218
0 0.116987 0.381410 0.120192 0.378205 0.126603 0.376603 0.128205 0.378205 0.131410 0.383013 0.131410 0.387821 0.128205 0.391026 0.080128 0.394231 0.076923 0.394231 0.072115 0.391026 0.070513 0.386218
0 0.072115 0.383013 0.075321 0.378205 0.081731 0.378205 0.083333 0.379808 0.084936 0.384615 0.084936 0.389423 0.083333 0.392628 0.181090 0.375000 0.176282 0.375000 0.173077 0.373397 0.171474 0.370192
0 0.173077 0.365385 0.176282 0.360577 0.181090 0.358974 0.184295 0.362179 0.185897 0.365385 0.185897 0.370192 0.184295 0.373397 0.243590 0.429487 0.240385 0.429487 0.237179 0.426282 0.235577 0.423077
0 0.235577 0.418269 0.240385 0.415064 0.245192 0.413462 0.248397 0.415064 0.250000 0.419872 0.250000 0.424679 0.248397 0.427885 0.277244 0.434295 0.272436 0.434295 0.269231 0.431090 0.266026 0.427885
0 0.267628 0.423077 0.272436 0.419872 0.278846 0.418269 0.280449 0.419872 0.282051 0.424679 0.282051 0.427885 0.280449 0.432692 0.264423 0.411859 0.261218 0.411859 0.256410 0.408654 0.254808 0.403846
0 0.256410 0.400641 0.259615 0.397436 0.266026 0.395833 0.267628 0.397436 0.270833 0.402244 0.270833 0.405449 0.267628 0.410256 0.108974 0.471154 0.104167 0.471154 0.100962 0.467949 0.097756 0.464744
0 0.099359 0.459936 0.104167 0.456731 0.110577 0.455128 0.112179 0.456731 0.113782 0.461538 0.113782 0.464744 0.112179 0.469551 0.307692 0.389423 0.304487 0.389423 0.299679 0.387821 0.298077 0.383013
0 0.299679 0.379808 0.302885 0.376603 0.309295 0.373397 0.310897 0.376603 0.314103 0.379808 0.314103 0.384615 0.310897 0.387821 0.314103 0.418269 0.310897 0.418269 0.306090 0.415064 0.304487 0.411859
0 0.306090 0.407051 0.309295 0.403846 0.315705 0.402244 0.317308 0.403846 0.320513 0.408654 0.320513 0.411859 0.317308 0.416667 0.301282 0.432692 0.298077 0.432692 0.294872 0.429487 0.291667 0.426282
0 0.293269 0.421474 0.298077 0.418269 0.302885 0.416667 0.306090 0.418269 0.307692 0.423077 0.307692 0.426282 0.306090 0.431090 0.275641 0.383013 0.272436 0.383013 0.269231 0.379808 0.267628 0.376603
0 0.267628 0.373397 0.272436 0.368590 0.277244 0.366987 0.280449 0.368590 0.282051 0.373397 0.282051 0.378205 0.280449 0.381410 0.341346 0.437500 0.336538 0.435897 0.333333 0.434295 0.331731 0.429487
0 0.333333 0.426282 0.336538 0.423077 0.342949 0.421474 0.344551 0.423077 0.346154 0.427885 0.347756 0.431090 0.344551 0.435897 0.370192 0.400641 0.365385 0.400641 0.362179 0.399038 0.360577 0.394231
0 0.360577 0.389423 0.365385 0.386218 0.370192 0.384615 0.373397 0.387821 0.375000 0.391026 0.375000 0.395833 0.373397 0.399038 0.392628 0.362179 0.387821 0.362179 0.384615 0.358974 0.383013 0.355769
0 0.383013 0.350962 0.387821 0.347756 0.392628 0.346154 0.395833 0.347756 0.397436 0.352564 0.397436 0.355769 0.395833 0.360577 0.416667 0.387821 0.411859 0.387821 0.408654 0.384615 0.407051 0.381410
0 0.407051 0.376603 0.411859 0.373397 0.416667 0.371795 0.419872 0.373397 0.421474 0.378205 0.421474 0.383013 0.419872 0.386218 0.379808 0.424679 0.375000 0.424679 0.371795 0.423077 0.368590 0.419872
0 0.370192 0.415064 0.375000 0.411859 0.379808 0.410256 0.383013 0.411859 0.384615 0.416667 0.384615 0.419872 0.383013 0.423077 0.334936 0.527244 0.331731 0.527244 0.326923 0.525641 0.325321 0.520833
0 0.326923 0.517628 0.330128 0.514423 0.336538 0.511218 0.338141 0.514423 0.341346 0.517628 0.341346 0.522436 0.338141 0.525641 0.541667 0.358974 0.538462 0.358974 0.535256 0.357372 0.532051 0.354167
0 0.533654 0.349359 0.538462 0.344551 0.543269 0.342949 0.544872 0.346154 0.548077 0.349359 0.548077 0.354167 0.544872 0.357372 0.299679 0.325321 0.294872 0.325321 0.291667 0.322115 0.290064 0.318910
0 0.290064 0.314103 0.294872 0.310897 0.299679 0.309295 0.302885 0.310897 0.304487 0.315705 0.304487 0.320513 0.302885 0.323718 0.480769 0.256410 0.477564 0.256410 0.472756 0.254808 0.471154 0.250000
0 0.472756 0.245192 0.475962 0.241987 0.482372 0.240385 0.483974 0.241987 0.487179 0.246795 0.487179 0.251603 0.483974 0.254808 0.471154 0.342949 0.467949 0.342949 0.464744 0.341346 0.461538 0.338141
0 0.463141 0.333333 0.467949 0.330128 0.472756 0.326923 0.475962 0.330128 0.477564 0.333333 0.477564 0.338141 0.475962 0.341346 0.564103 0.322115 0.559295 0.322115 0.556090 0.318910 0.554487 0.315705
0 0.554487 0.312500 0.559295 0.307692 0.565705 0.306090 0.567308 0.307692 0.568910 0.312500 0.568910 0.315705 0.567308 0.320513 0.525641 0.349359 0.522436 0.349359 0.519231 0.346154 0.516026 0.342949
0 0.517628 0.338141 0.520833 0.334936 0.527244 0.333333 0.528846 0.334936 0.532051 0.339744 0.532051 0.342949 0.528846 0.347756 0.543269 0.379808 0.538462 0.379808 0.535256 0.376603 0.533654 0.373397
0 0.535256 0.368590 0.538462 0.365385 0.544872 0.363782 0.546474 0.365385 0.548077 0.370192 0.548077 0.373397 0.546474 0.378205 0.495192 0.451923 0.490385 0.451923 0.487179 0.448718 0.485577 0.445513
0 0.485577 0.440705 0.490385 0.437500 0.495192 0.435897 0.498397 0.437500 0.498397 0.443910 0.498397 0.448718 0.498397 0.450321 0.551282 0.298077 0.548077 0.298077 0.544872 0.294872 0.543269 0.291667
0 0.543269 0.286859 0.546474 0.283654 0.552885 0.282051 0.554487 0.283654 0.557692 0.288462 0.557692 0.293269 0.554487 0.296474 0.376603 0.511218 0.373397 0.511218 0.370192 0.508013 0.368590 0.504808
0 0.368590 0.500000 0.373397 0.498397 0.378205 0.496795 0.381410 0.498397 0.383013 0.501603 0.383013 0.506410 0.381410 0.509615 0.559295 0.256410 0.556090 0.256410 0.552885 0.253205 0.549679 0.250000
0 0.551282 0.245192 0.556090 0.241987 0.560897 0.240385 0.562500 0.241987 0.565705 0.246795 0.565705 0.250000 0.562500 0.254808 0.575321 0.243590 0.570513 0.243590 0.567308 0.241987 0.564103 0.238782
0 0.565705 0.233974 0.570513 0.230769 0.575321 0.229167 0.578526 0.230769 0.580128 0.235577 0.580128 0.238782 0.578526 0.241987 0.530449 0.225962 0.527244 0.225962 0.524038 0.224359 0.522436 0.219551
0 0.522436 0.214744 0.527244 0.211538 0.532051 0.209936 0.535256 0.211538 0.536859 0.216346 0.536859 0.221154 0.535256 0.224359 0.528846 0.243590 0.525641 0.243590 0.522436 0.241987 0.519231 0.238782
0 0.520833 0.233974 0.525641 0.229167 0.530449 0.227564 0.533654 0.230769 0.535256 0.233974 0.535256 0.238782 0.533654 0.241987 0.500000 0.222756 0.498397 0.222756 0.493590 0.219551 0.491987 0.216346
0 0.493590 0.211538 0.496795 0.208333 0.501603 0.206731 0.503205 0.208333 0.506410 0.213141 0.506410 0.216346 0.503205 0.221154 0.464744 0.243590 0.461538 0.241987 0.456731 0.240385 0.455128 0.235577
0 0.456731 0.232372 0.461538 0.229167 0.466346 0.227564 0.467949 0.229167 0.471154 0.233974 0.471154 0.237179 0.467949 0.241987 0.602564 0.280449 0.599359 0.278846 0.596154 0.277244 0.592949 0.274038
0 0.594551 0.269231 0.599359 0.266026 0.604167 0.264423 0.607372 0.266026 0.608974 0.270833 0.608974 0.274038 0.607372 0.278846 0.641026 0.325321 0.637821 0.325321 0.634615 0.322115 0.633013 0.318910
0 0.633013 0.314103 0.637821 0.310897 0.642628 0.309295 0.644231 0.310897 0.647436 0.315705 0.647436 0.320513 0.644231 0.323718 0.592949 0.254808 0.589744 0.254808 0.586538 0.251603 0.584936 0.248397
0 0.584936 0.243590 0.589744 0.240385 0.594551 0.238782 0.596154 0.240385 0.599359 0.245192 0.599359 0.248397 0.596154 0.253205 0.621795 0.214744 0.616987 0.214744 0.613782 0.213141 0.610577 0.209936
0 0.612179 0.205128 0.616987 0.200321 0.621795 0.198718 0.625000 0.201923 0.626603 0.205128 0.626603 0.209936 0.625000 0.213141 0.641026 0.211538 0.636218 0.211538 0.633013 0.209936 0.631410 0.205128
0 0.633013 0.201923 0.634615 0.198718 0.642628 0.197115 0.644231 0.198718 0.645833 0.203526 0.645833 0.206731 0.644231 0.209936 0.684295 0.270833 0.681090 0.270833 0.676282 0.269231 0.674679 0.264423
0 0.676282 0.259615 0.679487 0.256410 0.685897 0.254808 0.687500 0.258013 0.690705 0.261218 0.690705 0.266026 0.687500 0.269231 0.645833 0.294872 0.641026 0.294872 0.637821 0.293269 0.636218 0.288462
0 0.637821 0.285256 0.641026 0.280449 0.647436 0.280449 0.649038 0.282051 0.650641 0.286859 0.650641 0.290064 0.649038 0.293269 0.685897 0.288462 0.682692 0.288462 0.679487 0.286859 0.676282 0.283654
0 0.677885 0.278846 0.682692 0.274038 0.687500 0.274038 0.690705 0.275641 0.692308 0.280449 0.692308 0.283654 0.690705 0.286859 0.717949 0.173077 0.713141 0.173077 0.709936 0.169872 0.708333 0.166667
0 0.709936 0.161859 0.713141 0.158654 0.719551 0.157051 0.721154 0.158654 0.722756 0.163462 0.722756 0.168269 0.721154 0.171474 0.685897 0.203526 0.682692 0.203526 0.679487 0.200321 0.677885 0.197115
0 0.677885 0.192308 0.681090 0.190705 0.687500 0.189103 0.690705 0.190705 0.692308 0.193910 0.692308 0.197115 0.690705 0.201923 0.847756 0.160256 0.842949 0.160256 0.839744 0.158654 0.838141 0.153846
0 0.839744 0.150641 0.842949 0.145833 0.849359 0.145833 0.850962 0.147436 0.852564 0.152244 0.854167 0.155449 0.850962 0.158654 0.862179 0.195513 0.858974 0.195513 0.854167 0.193910 0.852564 0.189103
0 0.854167 0.185897 0.857372 0.181090 0.863782 0.181090 0.863782 0.184295 0.866987 0.187500 0.868590 0.190705 0.865385 0.193910 0.886218 0.145833 0.883013 0.145833 0.879808 0.144231 0.878205 0.139423
0 0.878205 0.134615 0.881410 0.131410 0.886218 0.131410 0.887821 0.133013 0.891026 0.136218 0.891026 0.141026 0.889423 0.144231 0.866987 0.102564 0.862179 0.102564 0.860577 0.100962 0.857372 0.097756
0 0.858974 0.092949 0.862179 0.088141 0.868590 0.088141 0.870192 0.089744 0.871795 0.094551 0.871795 0.097756 0.870192 0.100962 0.943910 0.176282 0.940705 0.176282 0.937500 0.173077 0.935897 0.169872
0 0.935897 0.165064 0.939103 0.163462 0.943910 0.161859 0.945513 0.163462 0.947115 0.168269 0.948718 0.171474 0.947115 0.174679 0.910256 0.062500 0.905449 0.062500 0.902244 0.059295 0.900641 0.056090
0 0.900641 0.051282 0.903846 0.049679 0.910256 0.048077 0.913462 0.049679 0.913462 0.054487 0.915064 0.057692 0.913462 0.060897 0.894231 0.198718 0.891026 0.198718 0.887821 0.195513 0.886218 0.192308
0 0.886218 0.187500 0.891026 0.184295 0.895833 0.182692 0.899038 0.184295 0.900641 0.189103 0.900641 0.192308 0.899038 0.197115 0.942308 0.237179 0.937500 0.237179 0.934295 0.235577 0.931090 0.232372
0 0.932692 0.227564 0.937500 0.224359 0.942308 0.222756 0.945513 0.225962 0.947115 0.229167 0.947115 0.233974 0.945513 0.235577 0.905449 0.307692 0.902244 0.307692 0.899038 0.306090 0.895833 0.302885
0 0.897436 0.298077 0.902244 0.293269 0.907051 0.293269 0.910256 0.294872 0.911859 0.298077 0.911859 0.302885 0.910256 0.306090 0.810897 0.253205 0.806090 0.253205 0.802885 0.251603 0.799679 0.248397
0 0.801282 0.245192 0.806090 0.240385 0.812500 0.240385 0.814103 0.241987 0.815705 0.246795 0.815705 0.250000 0.814103 0.253205 0.990385 0.277244 0.987179 0.275641 0.985577 0.272436 0.985577 0.267628
0 0.988782 0.264423 0.958333 0.245192 0.955128 0.243590 0.951923 0.241987 0.948718 0.238782 0.950321 0.235577 0.955128 0.230769 0.959936 0.229167 0.963141 0.232372 0.964744 0.235577 0.964744 0.240385
0 0.963141 0.243590 0.964744 0.214744 0.961538 0.214744 0.958333 0.211538 0.956731 0.208333 0.956731 0.203526 0.959936 0.200321 0.964744 0.198718 0.967949 0.200321 0.969551 0.205128 0.969551 0.209936
0 0.967949 0.213141 0.975962 0.298077 0.972756 0.298077 0.969551 0.296474 0.966346 0.293269 0.967949 0.288462 0.972756 0.283654 0.977564 0.282051 0.979167 0.285256 0.980769 0.288462 0.982372 0.293269
0 0.980769 0.296474 0.721154 0.241987 0.716346 0.241987 0.713141 0.240385 0.711538 0.235577 0.713141 0.232372 0.716346 0.227564 0.722756 0.227564 0.724359 0.229167 0.725962 0.233974 0.725962 0.237179
0 0.724359 0.241987 0.546474 0.315705 0.543269 0.315705 0.540064 0.312500 0.538462 0.309295 0.538462 0.304487 0.543269 0.301282 0.548077 0.299679 0.549679 0.301282 0.551282 0.306090 0.552885 0.309295
0 0.551282 0.314103 0.516026 0.493590 0.512821 0.491987 0.508013 0.490385 0.506410 0.485577 0.508013 0.482372 0.511218 0.477564 0.517628 0.477564 0.519231 0.479167 0.520833 0.483974 0.522436 0.487179
0 0.519231 0.491987 0.483974 0.524038 0.480769 0.524038 0.477564 0.522436 0.474359 0.519231 0.475962 0.514423 0.483974 0.512821 0.487179 0.512821 0.490385 0.516026 0.490385 0.519231 0.488782 0.522436
0 0.649038 0.448718 0.645833 0.448718 0.642628 0.445513 0.641026 0.442308 0.641026 0.437500 0.645833 0.434295 0.650641 0.432692 0.652244 0.434295 0.653846 0.439103 0.655449 0.442308 0.652244 0.447115
0 0.700321 0.466346 0.695513 0.466346 0.692308 0.463141 0.690705 0.459936 0.692308 0.455128 0.695513 0.451923 0.701923 0.450321 0.703526 0.451923 0.705128 0.456731 0.705128 0.461538 0.703526 0.464744
0 0.782051 0.498397 0.775641 0.500000 0.772436 0.496795 0.770833 0.491987 0.770833 0.487179 0.774038 0.483974 0.778846 0.480769 0.785256 0.480769 0.788462 0.483974 0.790064 0.488782 0.788462 0.493590
0 0.786859 0.496795 0.818910 0.530449 0.814103 0.530449 0.810897 0.528846 0.807692 0.524038 0.809295 0.519231 0.812500 0.514423 0.817308 0.512821 0.822115 0.512821 0.825321 0.516026 0.826923 0.520833
0 0.826923 0.525641 0.823718 0.528846 0.850962 0.554487 0.846154 0.554487 0.841346 0.551282 0.839744 0.548077 0.839744 0.544872 0.842949 0.538462 0.847756 0.536859 0.852564 0.536859 0.855769 0.540064
0 0.858974 0.544872 0.857372 0.549679 0.854167 0.552885 0.700321 0.519231 0.695513 0.520833 0.690705 0.517628 0.689103 0.512821 0.689103 0.508013 0.692308 0.504808 0.697115 0.501603 0.701923 0.501603
0 0.706731 0.504808 0.708333 0.509615 0.706731 0.514423 0.703526 0.517628 0.850962 0.464744 0.846154 0.464744 0.842949 0.461538 0.839744 0.458333 0.841346 0.451923 0.842949 0.448718 0.849359 0.445513
0 0.854167 0.447115 0.857372 0.448718 0.858974 0.453526 0.857372 0.459936 0.855769 0.461538 0.844551 0.427885 0.839744 0.427885 0.834936 0.426282 0.834936 0.421474 0.834936 0.416667 0.836538 0.411859
0 0.841346 0.410256 0.846154 0.410256 0.850962 0.413462 0.852564 0.418269 0.850962 0.423077 0.847756 0.426282 0.860577 0.408654 0.855769 0.408654 0.850962 0.405449 0.849359 0.400641 0.849359 0.395833
0 0.852564 0.392628 0.857372 0.389423 0.863782 0.391026 0.866987 0.392628 0.868590 0.397436 0.866987 0.403846 0.865385 0.407051 0.849359 0.378205 0.844551 0.378205 0.841346 0.375000 0.838141 0.370192
0 0.839744 0.365385 0.841346 0.362179 0.847756 0.358974 0.852564 0.360577 0.855769 0.362179 0.857372 0.366987 0.857372 0.371795 0.854167 0.375000 0.913462 0.415064 0.908654 0.416667 0.905449 0.413462
0 0.902244 0.408654 0.903846 0.403846 0.907051 0.400641 0.911859 0.397436 0.915064 0.397436 0.918269 0.400641 0.919872 0.405449 0.919872 0.410256 0.916667 0.415064 0.927885 0.472756 0.924679 0.474359
0 0.921474 0.471154 0.918269 0.466346 0.919872 0.461538 0.921474 0.459936 0.926282 0.455128 0.931090 0.456731 0.934295 0.458333 0.935897 0.463141 0.935897 0.467949 0.932692 0.471154 0.956731 0.437500
0 0.951923 0.437500 0.948718 0.434295 0.945513 0.429487 0.947115 0.424679 0.948718 0.421474 0.955128 0.418269 0.959936 0.419872 0.963141 0.421474 0.964744 0.426282 0.964744 0.431090 0.961538 0.434295
0 0.988782 0.399038 0.983974 0.399038 0.980769 0.395833 0.977564 0.391026 0.979167 0.386218 0.980769 0.383013 0.985577 0.381410 0.991987 0.381410 0.988782 0.378205 0.985577 0.375000 0.982372 0.370192
0 0.983974 0.365385 0.985577 0.362179 0.991987 0.360577 0.988782 0.341346 0.983974 0.341346 0.980769 0.338141 0.977564 0.333333 0.979167 0.328526 0.982372 0.325321 0.987179 0.322115
0 0.991987 0.323718 0.879808 0.410256 0.875000 0.410256 0.870192 0.407051 0.868590 0.403846 0.868590 0.399038 0.871795 0.394231 0.876603 0.391026 0.881410 0.392628 0.886218 0.394231 0.887821 0.400641
0 0.886218 0.405449 0.883013 0.408654 0.945513 0.339744 0.940705 0.339744 0.937500 0.336538 0.934295 0.333333 0.934295 0.330128 0.937500 0.325321 0.943910 0.323718 0.948718 0.323718 0.951923 0.326923
0 0.953526 0.331731 0.953526 0.336538 0.948718 0.339744 0.894231 0.461538 0.889423 0.461538 0.886218 0.458333 0.883013 0.453526 0.884615 0.448718 0.886218 0.445513 0.892628 0.442308 0.897436 0.443910 0.900641 0.445513
0 0.902244 0.450321 0.902244 0.456731 0.899038 0.459936 0.923077 0.535256 0.919872 0.535256 0.915064 0.532051 0.913462 0.528846 0.913462 0.524038 0.916667 0.519231 0.923077 0.517628 0.926282 0.517628 0.929487 0.520833
0 0.931090 0.525641 0.929487 0.530449 0.927885 0.533654 0.988782 0.636218 0.987179 0.631410 0.987179 0.626603 0.990385 0.623397 0.812500 0.676282 0.809295 0.676282 0.806090 0.673077 0.802885 0.668269 0.804487 0.663462
0 0.806090 0.660256 0.812500 0.657051 0.815705 0.660256 0.818910 0.660256 0.820513 0.665064 0.820513 0.671474 0.817308 0.674679 0.809295 0.716346 0.804487 0.717949 0.799679 0.714744 0.798077 0.709936 0.798077 0.706731
0 0.801282 0.701923 0.806090 0.698718 0.810897 0.698718 0.814103 0.701923 0.817308 0.706731 0.815705 0.711538 0.812500 0.714744 0.713141 0.600962 0.708333 0.602564 0.703526 0.599359 0.701923 0.594551 0.701923 0.589744
0 0.705128 0.586538 0.709936 0.583333 0.716346 0.584936 0.719551 0.586538 0.721154 0.591346 0.719551 0.596154 0.716346 0.599359 0.748397 0.714744 0.743590 0.714744 0.738782 0.711538 0.737179 0.706731 0.737179 0.701923
0 0.740385 0.698718 0.745192 0.695513 0.750000 0.697115 0.754808 0.698718 0.756410 0.703526 0.754808 0.709936 0.751603 0.713141 0.695513 0.717949 0.690705 0.719551 0.685897 0.716346 0.684295 0.711538 0.684295 0.706731
0 0.687500 0.703526 0.692308 0.700321 0.697115 0.700321 0.701923 0.703526 0.703526 0.708333 0.701923 0.713141 0.698718 0.716346 0.573718 0.605769 0.568910 0.605769 0.564103 0.602564 0.562500 0.599359 0.562500 0.594551
0 0.565705 0.589744 0.570513 0.588141 0.575321 0.588141 0.578526 0.591346 0.581731 0.596154 0.580128 0.600962 0.576923 0.604167 0.544872 0.713141 0.540064 0.713141 0.535256 0.709936 0.533654 0.706731 0.533654 0.701923
0 0.536859 0.697115 0.541667 0.695513 0.548077 0.695513 0.551282 0.698718 0.552885 0.703526 0.551282 0.708333 0.549679 0.711538 0.570513 0.693910 0.565705 0.693910 0.562500 0.690705 0.559295 0.685897 0.560897 0.682692
0 0.562500 0.677885 0.568910 0.674679 0.573718 0.676282 0.576923 0.677885 0.578526 0.682692 0.578526 0.689103 0.575321 0.692308 0.495192 0.751603 0.490385 0.753205 0.485577 0.750000 0.483974 0.745192 0.483974 0.740385
0 0.487179 0.737179 0.491987 0.733974 0.498397 0.733974 0.500000 0.737179 0.501603 0.741987 0.500000 0.746795 0.498397 0.751603 0.432692 0.807692 0.427885 0.807692 0.423077 0.804487 0.421474 0.799679 0.421474 0.794872
0 0.424679 0.791667 0.429487 0.788462 0.434295 0.790064 0.437500 0.791667 0.440705 0.796474 0.439103 0.802885 0.435897 0.806090 0.450321 0.697115 0.445513 0.697115 0.440705 0.693910 0.439103 0.689103 0.439103 0.684295
0 0.442308 0.681090 0.447115 0.677885 0.451923 0.679487 0.455128 0.681090 0.458333 0.685897 0.456731 0.692308 0.453526 0.695513 0.500000 0.641026 0.496795 0.641026 0.493590 0.637821 0.490385 0.634615 0.491987 0.629808
0 0.493590 0.625000 0.498397 0.625000 0.503205 0.623397 0.506410 0.626603 0.508013 0.631410 0.508013 0.636218 0.504808 0.639423 0.466346 0.790064 0.461538 0.790064 0.456731 0.786859 0.455128 0.782051 0.455128 0.777244
0 0.458333 0.774038 0.463141 0.770833 0.467949 0.772436 0.472756 0.774038 0.474359 0.778846 0.472756 0.783654 0.469551 0.786859 0.501603 0.583333 0.498397 0.584936 0.495192 0.580128 0.493590 0.575321 0.493590 0.570513
0 0.496795 0.567308 0.500000 0.564103 0.504808 0.565705 0.508013 0.567308 0.509615 0.572115 0.509615 0.578526 0.506410 0.581731 0.371795 0.681090 0.366987 0.681090 0.362179 0.677885 0.360577 0.673077 0.360577 0.668269
0 0.363782 0.665064 0.370192 0.661859 0.375000 0.663462 0.378205 0.665064 0.379808 0.669872 0.378205 0.676282 0.376603 0.679487 0.376603 0.652244 0.371795 0.652244 0.366987 0.649038 0.365385 0.645833 0.365385 0.641026
0 0.368590 0.637821 0.373397 0.634615 0.379808 0.634615 0.383013 0.637821 0.384615 0.642628 0.383013 0.647436 0.381410 0.650641 0.407051 0.580128 0.402244 0.581731 0.399038 0.578526 0.395833 0.573718 0.397436 0.568910
0 0.399038 0.565705 0.405449 0.562500 0.410256 0.562500 0.413462 0.565705 0.415064 0.570513 0.415064 0.575321 0.411859 0.578526 0.387821 0.548077 0.383013 0.548077 0.378205 0.544872 0.376603 0.541667 0.376603 0.536859
0 0.379808 0.532051 0.384615 0.530449 0.391026 0.530449 0.394231 0.533654 0.395833 0.538462 0.394231 0.543269 0.391026 0.546474 0.360577 0.552885 0.355769 0.552885 0.350962 0.549679 0.349359 0.544872 0.349359 0.540064
0 0.352564 0.536859 0.357372 0.533654 0.363782 0.535256 0.366987 0.536859 0.368590 0.541667 0.366987 0.548077 0.363782 0.551282 0.395833 0.517628 0.391026 0.517628 0.386218 0.516026 0.384615 0.511218 0.384615 0.506410
0 0.387821 0.501603 0.392628 0.500000 0.397436 0.500000 0.402244 0.503205 0.403846 0.508013 0.402244 0.512821 0.399038 0.516026 0.395833 0.496795 0.392628 0.496795 0.387821 0.493590 0.386218 0.490385 0.386218 0.485577
0 0.389423 0.480769 0.394231 0.479167 0.399038 0.479167 0.402244 0.482372 0.403846 0.487179 0.403846 0.491987 0.400641 0.495192 0.354167 0.530449 0.349359 0.530449 0.346154 0.527244 0.342949 0.522436 0.344551 0.517628
0 0.346154 0.514423 0.352564 0.511218 0.357372 0.512821 0.360577 0.514423 0.362179 0.519231 0.362179 0.524038 0.358974 0.527244 0.314103 0.522436 0.310897 0.522436 0.306090 0.519231 0.304487 0.516026 0.304487 0.511218
0 0.306090 0.508013 0.312500 0.504808 0.317308 0.504808 0.320513 0.508013 0.322115 0.512821 0.322115 0.517628 0.318910 0.520833 0.475962 0.429487 0.471154 0.429487 0.466346 0.426282 0.464744 0.421474 0.464744 0.416667
0 0.467949 0.413462 0.474359 0.410256 0.479167 0.411859 0.482372 0.413462 0.483974 0.418269 0.482372 0.424679 0.480769 0.427885 0.493590 0.538462 0.488782 0.540064 0.485577 0.536859 0.482372 0.532051 0.483974 0.527244
0 0.485577 0.524038 0.491987 0.520833 0.496795 0.520833 0.498397 0.524038 0.500000 0.528846 0.500000 0.533654 0.498397 0.536859 0.588141 0.517628 0.583333 0.517628 0.578526 0.514423 0.576923 0.511218 0.576923 0.506410
0 0.580128 0.501603 0.586538 0.500000 0.591346 0.500000 0.594551 0.503205 0.596154 0.508013 0.594551 0.512821 0.592949 0.516026 0.631410 0.493590 0.626603 0.493590 0.621795 0.491987 0.620192 0.488782 0.620192 0.482372
0 0.623397 0.477564 0.626603 0.477564 0.634615 0.475962 0.637821 0.479167 0.637821 0.485577 0.637821 0.488782 0.634615 0.491987 0.620192 0.541667 0.615385 0.543269 0.610577 0.540064 0.608974 0.535256 0.608974 0.530449
0 0.612179 0.527244 0.616987 0.524038 0.621795 0.524038 0.625000 0.527244 0.626603 0.532051 0.626603 0.536859 0.623397 0.540064 0.701923 0.411859 0.697115 0.411859 0.692308 0.408654 0.690705 0.403846 0.690705 0.399038
0 0.693910 0.395833 0.698718 0.392628 0.703526 0.394231 0.708333 0.395833 0.709936 0.400641 0.708333 0.407051 0.705128 0.410256 0.727564 0.352564 0.722756 0.352564 0.717949 0.349359 0.716346 0.344551 0.716346 0.339744
0 0.719551 0.336538 0.724359 0.333333 0.730769 0.334936 0.733974 0.336538 0.735577 0.341346 0.733974 0.347756 0.730769 0.349359 0.762821 0.394231 0.758013 0.394231 0.753205 0.392628 0.751603 0.387821 0.751603 0.383013
0 0.754808 0.378205 0.759615 0.376603 0.764423 0.376603 0.767628 0.379808 0.769231 0.384615 0.769231 0.389423 0.766026 0.392628 0.666667 0.573718 0.661859 0.573718 0.658654 0.570513 0.655449 0.567308 0.657051 0.562500
0 0.658654 0.557692 0.665064 0.556090 0.669872 0.556090 0.673077 0.559295 0.674679 0.564103 0.674679 0.568910 0.671474 0.572115 0.641026 0.482372 0.636218 0.482372 0.631410 0.479167 0.629808 0.474359 0.631410 0.471154
0 0.633013 0.466346 0.639423 0.463141 0.644231 0.464744 0.647436 0.466346 0.649038 0.471154 0.647436 0.477564 0.645833 0.480769 0.865385 0.309295 0.862179 0.310897 0.857372 0.307692 0.855769 0.302885 0.855769 0.298077
0 0.858974 0.294872 0.862179 0.293269 0.868590 0.293269 0.871795 0.294872 0.873397 0.299679 0.873397 0.304487 0.870192 0.307692 0.889423 0.301282 0.884615 0.299679 0.879808 0.296474 0.879808 0.293269 0.879808 0.288462
0 0.883013 0.285256 0.886218 0.282051 0.892628 0.282051 0.895833 0.285256 0.897436 0.290064 0.895833 0.294872 0.894231 0.298077 0.916667 0.269231 0.911859 0.269231 0.907051 0.266026 0.903846 0.262821 0.905449 0.258013
0 0.908654 0.253205 0.913462 0.250000 0.918269 0.251603 0.921474 0.253205 0.924679 0.258013 0.923077 0.264423 0.919872 0.267628 0.926282 0.299679 0.921474 0.301282 0.916667 0.298077 0.915064 0.293269 0.915064 0.288462
0 0.918269 0.285256 0.923077 0.282051 0.929487 0.282051 0.932692 0.285256 0.934295 0.290064 0.932692 0.294872 0.931090 0.298077 0.943910 0.280449 0.942308 0.280449 0.937500 0.277244 0.935897 0.272436 0.935897 0.267628
0 0.937500 0.264423 0.942308 0.261218 0.947115 0.262821 0.950321 0.264423 0.951923 0.269231 0.951923 0.274038 0.948718 0.277244 0.985577 0.259615 0.980769 0.259615 0.975962 0.256410 0.975962 0.253205 0.975962 0.248397
0 0.977564 0.243590 0.982372 0.241987 0.988782 0.241987 0.988782 0.258013 0.902244 0.230769 0.897436 0.230769 0.892628 0.227564 0.891026 0.222756 0.891026 0.217949 0.894231 0.214744 0.899038 0.211538 0.905449 0.213141
0 0.907051 0.214744 0.908654 0.219551 0.908654 0.224359 0.905449 0.227564 0.778846 0.267628 0.774038 0.267628 0.769231 0.266026 0.767628 0.261218 0.767628 0.256410 0.770833 0.251603 0.777244 0.250000 0.780449 0.250000
0 0.783654 0.253205 0.785256 0.258013 0.785256 0.262821 0.783654 0.266026 0.815705 0.274038 0.810897 0.274038 0.807692 0.270833 0.804487 0.267628 0.806090 0.262821 0.809295 0.258013 0.814103 0.256410 0.817308 0.258013
0 0.822115 0.259615 0.823718 0.264423 0.823718 0.269231 0.820513 0.272436 0.802885 0.299679 0.799679 0.301282 0.794872 0.298077 0.793269 0.293269 0.793269 0.288462 0.794872 0.286859 0.799679 0.282051 0.804487 0.283654
0 0.807692 0.285256 0.809295 0.290064 0.809295 0.294872 0.806090 0.298077 0.785256 0.453526 0.782051 0.455128 0.777244 0.451923 0.774038 0.447115 0.775641 0.442308 0.778846 0.439103 0.783654 0.435897 0.788462 0.435897
0 0.791667 0.439103 0.793269 0.443910 0.793269 0.448718 0.790064 0.451923 0.868590 0.259615 0.863782 0.261218 0.858974 0.258013 0.857372 0.253205 0.857372 0.248397 0.860577 0.245192 0.865385 0.241987 0.870192 0.241987
0 0.873397 0.245192 0.875000 0.250000 0.873397 0.256410 0.873397 0.258013 0.748397 0.168269 0.743590 0.168269 0.738782 0.165064 0.737179 0.160256 0.737179 0.155449 0.740385 0.152244 0.745192 0.149038 0.750000 0.150641
0 0.753205 0.153846 0.754808 0.158654 0.754808 0.163462 0.751603 0.166667 0.817308 0.120192 0.812500 0.120192 0.809295 0.116987 0.806090 0.113782 0.807692 0.108974 0.809295 0.104167 0.815705 0.102564 0.820513 0.102564
0 0.823718 0.105769 0.825321 0.110577 0.825321 0.115385 0.822115 0.118590 0.732372 0.219551 0.727564 0.219551 0.724359 0.216346 0.721154 0.211538 0.722756 0.206731 0.725962 0.205128 0.730769 0.201923 0.735577 0.203526
0 0.738782 0.205128 0.740385 0.209936 0.738782 0.214744 0.737179 0.216346 0.894231 0.089744 0.891026 0.089744 0.887821 0.086538 0.886218 0.083333 0.884615 0.080128 0.891026 0.076923 0.895833 0.075321 0.897436 0.078526
0 0.900641 0.081731 0.900641 0.086538 0.899038 0.088141 0.910256 0.125000 0.907051 0.125000 0.903846 0.121795 0.902244 0.118590 0.902244 0.113782 0.907051 0.110577 0.911859 0.108974 0.915064 0.110577 0.916667 0.115385
0 0.916667 0.118590 0.915064 0.123397 0.695513 0.173077 0.692308 0.173077 0.689103 0.169872 0.687500 0.166667 0.687500 0.161859 0.692308 0.158654 0.697115 0.157051 0.700321 0.158654 0.701923 0.163462 0.701923 0.166667
0 0.700321 0.171474 0.926282 0.126603 0.924679 0.126603 0.921474 0.125000 0.918269 0.121795 0.919872 0.116987 0.923077 0.112179 0.927885 0.110577 0.931090 0.113782 0.932692 0.116987 0.932692 0.121795 0.931090 0.125000
0 0.919872 0.092949 0.915064 0.091346 0.911859 0.089744 0.908654 0.086538 0.910256 0.081731 0.915064 0.076923 0.921474 0.076923 0.923077 0.078526 0.924679 0.083333 0.924679 0.086538 0.923077 0.091346 0.850962 0.270833
0 0.847756 0.270833 0.842949 0.269231 0.841346 0.264423 0.842949 0.259615 0.846154 0.256410 0.852564 0.254808 0.854167 0.258013 0.857372 0.261218 0.857372 0.266026 0.854167 0.269231 0.871795 0.128205 0.866987 0.128205
0 0.862179 0.126603 0.860577 0.121795 0.860577 0.116987 0.863782 0.115385 0.866987 0.113782 0.873397 0.112179 0.875000 0.115385 0.876603 0.120192 0.875000 0.125000 0.875000 0.126603 0.705128 0.259615 0.700321 0.259615
0 0.697115 0.256410 0.693910 0.253205 0.695513 0.248397 0.697115 0.243590 0.703526 0.241987 0.708333 0.241987 0.711538 0.245192 0.713141 0.250000 0.713141 0.254808 0.709936 0.258013 0.658654 0.224359 0.653846 0.224359
0 0.649038 0.221154 0.647436 0.217949 0.647436 0.213141 0.650641 0.208333 0.655449 0.206731 0.661859 0.206731 0.663462 0.209936 0.665064 0.214744 0.665064 0.219551 0.661859 0.222756 0.716346 0.280449 0.711538 0.280449
0 0.706731 0.277244 0.705128 0.272436 0.705128 0.267628 0.708333 0.264423 0.713141 0.261218 0.719551 0.262821 0.722756 0.266026 0.724359 0.270833 0.722756 0.275641 0.721154 0.278846 0.623397 0.285256 0.618590 0.285256
0 0.615385 0.283654 0.612179 0.278846 0.613782 0.274038 0.615385 0.269231 0.621795 0.267628 0.626603 0.267628 0.629808 0.270833 0.631410 0.275641 0.631410 0.280449 0.628205 0.283654 0.527244 0.269231 0.522436 0.270833
0 0.517628 0.267628 0.516026 0.262821 0.516026 0.258013 0.519231 0.254808 0.524038 0.251603 0.528846 0.251603 0.532051 0.254808 0.533654 0.259615 0.533654 0.264423 0.530449 0.267628 0.738782 0.314103 0.733974 0.314103
0 0.729167 0.310897 0.727564 0.307692 0.727564 0.302885 0.730769 0.298077 0.735577 0.296474 0.740385 0.296474 0.743590 0.299679 0.745192 0.304487 0.745192 0.309295 0.741987 0.312500 0.623397 0.341346 0.618590 0.341346
0 0.613782 0.338141 0.612179 0.333333 0.613782 0.328526 0.615385 0.325321 0.621795 0.322115 0.626603 0.323718 0.629808 0.326923 0.631410 0.331731 0.629808 0.336538 0.628205 0.339744 0.599359 0.219551 0.594551 0.219551
0 0.589744 0.216346 0.588141 0.211538 0.588141 0.206731 0.591346 0.203526 0.596154 0.200321 0.602564 0.201923 0.604167 0.203526 0.605769 0.208333 0.605769 0.214744 0.604167 0.217949 0.474359 0.283654 0.469551 0.285256
0 0.464744 0.282051 0.463141 0.277244 0.463141 0.272436 0.466346 0.269231 0.471154 0.266026 0.477564 0.266026 0.479167 0.269231 0.480769 0.274038 0.480769 0.278846 0.479167 0.282051 0.467949 0.376603 0.463141 0.376603
0 0.458333 0.373397 0.456731 0.368590 0.456731 0.363782 0.459936 0.360577 0.464744 0.357372 0.471154 0.358974 0.474359 0.362179 0.475962 0.366987 0.474359 0.371795 0.472756 0.375000 0.471154 0.397436 0.466346 0.397436
0 0.461538 0.394231 0.459936 0.389423 0.459936 0.384615 0.463141 0.381410 0.467949 0.378205 0.474359 0.379808 0.475962 0.381410 0.477564 0.386218 0.477564 0.391026 0.474359 0.394231 0.504808 0.373397 0.500000 0.375000
0 0.496795 0.371795 0.495192 0.366987 0.495192 0.362179 0.498397 0.358974 0.501603 0.355769 0.506410 0.355769 0.509615 0.358974 0.511218 0.363782 0.511218 0.368590 0.508013 0.371795 0.676282 0.376603 0.671474 0.366987
0 0.674679 0.358974 0.679487 0.354167 0.687500 0.352564 0.693910 0.352564 0.698718 0.355769 0.700321 0.363782 0.698718 0.370192 0.697115 0.375000 0.690705 0.379808 0.682692 0.379808 0.631410 0.363782 0.628205 0.354167
0 0.629808 0.347756 0.636218 0.342949 0.642628 0.339744 0.649038 0.341346 0.653846 0.344551 0.655449 0.350962 0.655449 0.357372 0.652244 0.362179 0.647436 0.366987 0.637821 0.366987 0.600962 0.376603
0 0.597756 0.366987 0.599359 0.358974 0.605769 0.354167 0.612179 0.350962 0.618590 0.352564 0.623397 0.355769 0.626603 0.362179 0.625000 0.370192 0.621795 0.375000 0.616987 0.378205 0.607372 0.378205
0 0.621795 0.427885 0.616987 0.418269 0.618590 0.410256 0.625000 0.405449 0.633013 0.402244 0.639423 0.403846 0.642628 0.407051 0.645833 0.415064 0.644231 0.421474 0.641026 0.426282 0.636218 0.429487
0 0.628205 0.431090 0.871795 0.341346 0.868590 0.331731 0.870192 0.323718 0.875000 0.318910 0.883013 0.315705 0.889423 0.317308 0.894231 0.320513 0.895833 0.328526 0.894231 0.334936 0.892628 0.339744
0 0.886218 0.342949 0.878205 0.344551 0.761218 0.161859 0.758013 0.152244 0.759615 0.144231 0.766026 0.139423 0.772436 0.137821 0.777244 0.139423 0.782051 0.142628 0.786859 0.147436 0.785256 0.155449
0 0.782051 0.158654 0.777244 0.163462 0.767628 0.163462 0.490385 0.349359 0.487179 0.339744 0.488782 0.331731 0.493590 0.326923 0.500000 0.323718 0.506410 0.325321 0.511218 0.328526 0.512821 0.334936
0 0.511218 0.342949 0.509615 0.346154 0.503205 0.350962 0.496795 0.350962 0.437500 0.277244 0.434295 0.267628 0.435897 0.259615 0.440705 0.254808 0.448718 0.251603 0.455128 0.253205 0.459936 0.256410 0.461538 0.262821
0 0.459936 0.270833 0.458333 0.274038 0.451923 0.278846 0.443910 0.278846 0.293269 0.500000 0.288462 0.493590 0.288462 0.488782 0.291667 0.485577 0.296474 0.482372 0.304487 0.479167 0.309295 0.480769 0.314103 0.483974
0 0.317308 0.490385 0.315705 0.496795 0.312500 0.500000 0.307692 0.503205 0.299679 0.503205 0.424679 0.405449 0.419872 0.395833 0.421474 0.389423 0.427885 0.384615 0.435897 0.381410 0.442308 0.383013 0.445513 0.386218
0 0.448718 0.392628 0.447115 0.399038 0.443910 0.403846 0.439103 0.408654 0.431090 0.408654 0.467949 0.596154 0.463141 0.586538 0.466346 0.578526 0.471154 0.573718 0.479167 0.570513 0.485577 0.572115 0.488782 0.575321
0 0.491987 0.583333 0.490385 0.589744 0.487179 0.594551 0.482372 0.597756 0.474359 0.599359 0.621795 0.581731 0.618590 0.572115 0.620192 0.565705 0.626603 0.560897 0.634615 0.557692 0.639423 0.559295 0.644231 0.562500
0 0.647436 0.568910 0.645833 0.575321 0.642628 0.580128 0.637821 0.584936 0.628205 0.584936 0.588141 0.568910 0.584936 0.559295 0.586538 0.551282 0.592949 0.546474 0.600962 0.544872 0.605769 0.544872 0.610577 0.548077
0 0.613782 0.556090 0.612179 0.562500 0.608974 0.567308 0.604167 0.572115 0.594551 0.572115 0.552885 0.496795 0.548077 0.487179 0.549679 0.480769 0.556090 0.475962 0.564103 0.472756 0.568910 0.474359 0.573718 0.477564
0 0.576923 0.483974 0.575321 0.490385 0.572115 0.495192 0.565705 0.500000 0.557692 0.500000 0.208333 0.421474 0.203526 0.413462 0.206731 0.403846 0.211538 0.399038 0.217949 0.397436 0.225962 0.397436 0.229167 0.402244
0 0.232372 0.407051 0.230769 0.415064 0.229167 0.418269 0.222756 0.423077 0.214744 0.423077 0.100962 0.432692 0.096154 0.423077 0.099359 0.415064 0.104167 0.410256 0.112179 0.407051 0.118590 0.408654 0.123397 0.411859
0 0.125000 0.418269 0.123397 0.426282 0.121795 0.429487 0.115385 0.434295 0.107372 0.434295 0.032051 0.495192 0.027244 0.485577 0.030449 0.477564 0.035256 0.472756 0.043269 0.469551 0.049679 0.471154 0.054487 0.474359
0 0.056090 0.480769 0.054487 0.488782 0.052885 0.493590 0.046474 0.496795 0.038462 0.498397 0.179487 0.767628 0.174679 0.758013 0.177885 0.750000 0.182692 0.745192 0.190705 0.743590 0.197115 0.745192 0.201923 0.748397
0 0.201923 0.756410 0.201923 0.761218 0.198718 0.766026 0.193910 0.769231 0.185897 0.770833 0.227564 0.751603 0.222756 0.741987 0.225962 0.733974 0.230769 0.729167 0.238782 0.725962 0.245192 0.727564 0.250000 0.730769
0 0.251603 0.738782 0.250000 0.745192 0.248397 0.750000 0.241987 0.753205 0.233974 0.754808 0.302885 0.711538 0.298077 0.701923 0.299679 0.695513 0.306090 0.690705 0.314103 0.687500 0.318910 0.689103 0.323718 0.692308
0 0.326923 0.698718 0.325321 0.705128 0.322115 0.709936 0.317308 0.714744 0.309295 0.714744 0.338141 0.705128 0.333333 0.695513 0.336538 0.689103 0.341346 0.682692 0.349359 0.681090 0.355769 0.681090 0.360577 0.685897
0 0.362179 0.692308 0.360577 0.698718 0.358974 0.703526 0.352564 0.708333 0.344551 0.708333 0.397436 0.719551 0.394231 0.709936 0.395833 0.701923 0.402244 0.697115 0.408654 0.695513 0.415064 0.695513 0.419872 0.698718
0 0.421474 0.706731 0.421474 0.713141 0.418269 0.717949 0.411859 0.722756 0.403846 0.722756 0.317308 0.733974 0.312500 0.724359 0.315705 0.717949 0.320513 0.713141 0.328526 0.709936 0.334936 0.711538 0.339744 0.714744
0 0.341346 0.721154 0.339744 0.727564 0.338141 0.732372 0.331731 0.737179 0.323718 0.737179 0.278846 0.913462 0.275641 0.903846 0.277244 0.899038 0.283654 0.892628 0.291667 0.889423 0.296474 0.891026 0.301282 0.894231
0 0.304487 0.900641 0.302885 0.907051 0.299679 0.911859 0.294872 0.916667 0.285256 0.916667 0.331731 0.876603 0.326923 0.866987 0.328526 0.860577 0.334936 0.855769 0.342949 0.852564 0.349359 0.854167 0.352564 0.857372
0 0.355769 0.863782 0.354167 0.870192 0.350962 0.875000 0.346154 0.879808 0.338141 0.879808 0.477564 0.690705 0.474359 0.681090 0.475962 0.674679 0.482372 0.669872 0.488782 0.666667 0.495192 0.668269 0.498397 0.673077
0 0.500000 0.677885 0.500000 0.684295 0.498397 0.689103 0.491987 0.693910 0.483974 0.693910 0.120192 0.897436 0.115385 0.887821 0.118590 0.879808 0.123397 0.875000 0.129808 0.875000 0.136218 0.875000 0.141026 0.878205
0 0.142628 0.884615 0.141026 0.891026 0.139423 0.895833 0.134615 0.899038 0.126603 0.900641 0.131410 0.980769 0.126603 0.971154 0.128205 0.964744 0.133013 0.959936 0.141026 0.958333 0.147436 0.958333 0.152244 0.961538
0 0.153846 0.969551 0.152244 0.975962 0.150641 0.979167 0.144231 0.983974 0.137821 0.983974 0.416667 0.866987 0.411859 0.855769 0.415064 0.849359 0.419872 0.844551 0.426282 0.842949 0.432692 0.844551 0.439103 0.846154 0.440705 0.852564
0 0.439103 0.858974 0.437500 0.863782 0.431090 0.868590 0.423077 0.868590 0.657051 0.629808 0.652244 0.620192 0.653846 0.613782 0.660256 0.607372 0.668269 0.605769 0.674679 0.605769 0.677885 0.610577 0.681090 0.616987
0 0.679487 0.623397 0.676282 0.628205 0.671474 0.633013 0.663462 0.633013 0.605769 0.657051 0.600962 0.647436 0.602564 0.641026 0.608974 0.636218 0.616987 0.633013 0.621795 0.634615 0.626603 0.637821 0.629808 0.644231
0 0.628205 0.650641 0.625000 0.655449 0.620192 0.660256 0.612179 0.660256 0.658654 0.770833 0.655449 0.761218 0.657051 0.754808 0.663462 0.750000 0.671474 0.746795 0.676282 0.748397 0.681090 0.751603 0.684295 0.758013
0 0.682692 0.764423 0.679487 0.769231 0.674679 0.774038 0.665064 0.774038 0.564103 0.809295 0.559295 0.799679 0.562500 0.791667 0.567308 0.786859 0.575321 0.783654 0.581731 0.785256 0.586538 0.788462 0.588141 0.794872
0 0.586538 0.802885 0.583333 0.806090 0.578526 0.810897 0.570513 0.810897 0.799679 0.605769 0.793269 0.597756 0.798077 0.589744 0.802885 0.584936 0.810897 0.581731 0.817308 0.583333 0.822115 0.586538 0.823718 0.592949
0 0.822115 0.599359 0.820513 0.604167 0.814103 0.608974 0.806090 0.608974 0.770833 0.607372 0.766026 0.597756 0.767628 0.589744 0.774038 0.584936 0.782051 0.581731 0.786859 0.583333 0.791667 0.586538 0.794872 0.594551
0 0.793269 0.600962 0.790064 0.605769 0.785256 0.608974 0.777244 0.610577 0.838141 0.661859 0.833333 0.652244 0.834936 0.645833 0.841346 0.641026 0.849359 0.637821 0.854167 0.639423 0.858974 0.642628 0.862179 0.649038
0 0.860577 0.655449 0.857372 0.660256 0.852564 0.665064 0.844551 0.665064 0.951923 0.532051 0.947115 0.522436 0.948718 0.514423 0.955128 0.509615 0.963141 0.508013 0.967949 0.508013 0.972756 0.511218 0.975962 0.519231
0 0.974359 0.525641 0.971154 0.530449 0.966346 0.535256 0.958333 0.535256 0.766026 0.370192 0.761218 0.360577 0.764423 0.352564 0.769231 0.347756 0.777244 0.346154 0.783654 0.346154 0.786859 0.349359 0.790064 0.357372
0 0.788462 0.363782 0.785256 0.368590 0.780449 0.373397 0.772436 0.373397 0.621795 0.240385 0.616987 0.230769 0.618590 0.222756 0.625000 0.217949 0.633013 0.216346 0.637821 0.216346 0.642628 0.219551 0.645833 0.227564
0 0.644231 0.233974 0.641026 0.238782 0.636218 0.243590 0.628205 0.243590 0.551282 0.426282 0.548077 0.416667 0.549679 0.408654 0.554487 0.403846 0.562500 0.400641 0.568910 0.402244 0.573718 0.405449 0.575321 0.411859
0 0.573718 0.419872 0.572115 0.423077 0.565705 0.427885 0.557692 0.427885 0.594551 0.498397 0.591346 0.488782 0.592949 0.480769 0.597756 0.475962 0.605769 0.472756 0.612179 0.474359 0.616987 0.477564 0.618590 0.485577
0 0.616987 0.491987 0.615385 0.496795 0.607372 0.500000 0.600962 0.500000 0.647436 0.500000 0.644231 0.491987 0.645833 0.483974 0.652244 0.479167 0.658654 0.475962 0.665064 0.477564 0.669872 0.480769 0.671474 0.487179
0 0.671474 0.495192 0.668269 0.498397 0.661859 0.501603 0.653846 0.501603 0.051282 0.612179 0.048077 0.602564 0.049679 0.594551 0.056090 0.589744 0.064103 0.588141 0.068910 0.588141 0.073718 0.591346 0.076923 0.599359
0 0.075321 0.605769 0.072115 0.610577 0.067308 0.615385 0.057692 0.615385 0.269231 0.527244 0.264423 0.520833 0.264423 0.511218 0.269231 0.503205 0.275641 0.500000 0.282051 0.498397 0.290064 0.500000 0.296474 0.504808
0 0.298077 0.511218 0.298077 0.517628 0.293269 0.525641 0.286859 0.530449 0.275641 0.530449 0.421474 0.572115 0.416667 0.564103 0.416667 0.556090 0.419872 0.548077 0.427885 0.543269 0.434295 0.541667 0.442308 0.543269
0 0.447115 0.548077 0.450321 0.554487 0.450321 0.560897 0.445513 0.568910 0.439103 0.573718 0.427885 0.575321 0.514423 0.772436 0.511218 0.772436 0.508013 0.770833 0.504808 0.767628 0.506410 0.762821 0.509615 0.758013
0 0.516026 0.758013 0.519231 0.759615 0.520833 0.764423 0.520833 0.767628 0.519231 0.770833 0.482372 0.810897 0.477564 0.812500 0.472756 0.809295 0.471154 0.804487 0.471154 0.799679 0.474359 0.796474 0.479167 0.793269
0 0.483974 0.793269 0.488782 0.796474 0.490385 0.801282 0.488782 0.806090 0.485577 0.809295 0.326923 0.831731 0.325321 0.826923 0.323718 0.822115 0.325321 0.818910 0.330128 0.815705 0.334936 0.815705 0.339744 0.817308
0 0.344551 0.818910 0.344551 0.823718 0.344551 0.828526 0.341346 0.833333 0.338141 0.834936 0.331731 0.834936 0.266026 0.820513 0.264423 0.815705 0.264423 0.810897 0.266026 0.807692 0.269231 0.804487 0.277244 0.802885
0 0.280449 0.804487 0.283654 0.807692 0.285256 0.812500 0.285256 0.817308 0.282051 0.820513 0.277244 0.823718 0.270833 0.823718 0.312500 0.793269 0.309295 0.788462 0.309295 0.783654 0.310897 0.780449 0.314103 0.777244
0 0.322115 0.775641 0.325321 0.775641 0.328526 0.780449 0.330128 0.785256 0.330128 0.790064 0.326923 0.793269 0.322115 0.796474 0.315705 0.796474 0.269231 0.762821 0.266026 0.758013 0.266026 0.753205 0.267628 0.750000
0 0.272436 0.746795 0.278846 0.745192 0.282051 0.746795 0.285256 0.751603 0.286859 0.756410 0.286859 0.761218 0.283654 0.764423 0.278846 0.766026 0.274038 0.766026 0.235577 0.782051 0.232372 0.778846 0.232372 0.774038
0 0.230769 0.770833 0.237179 0.767628 0.243590 0.766026 0.248397 0.767628 0.251603 0.770833 0.251603 0.775641 0.250000 0.780449 0.248397 0.783654 0.245192 0.785256 0.238782 0.785256 0.302885 0.866987 0.299679 0.862179
0 0.301282 0.857372 0.302885 0.854167 0.306090 0.850962 0.314103 0.847756 0.317308 0.849359 0.320513 0.854167 0.322115 0.858974 0.322115 0.863782 0.318910 0.866987 0.314103 0.870192 0.307692 0.868590 0.258013 0.899038
0 0.253205 0.894231 0.254808 0.889423 0.256410 0.886218 0.261218 0.883013 0.267628 0.879808 0.272436 0.881410 0.275641 0.886218 0.275641 0.891026 0.275641 0.895833 0.272436 0.899038 0.269231 0.902244 0.262821 0.902244
0 0.209936 0.844551 0.208333 0.839744 0.206731 0.836538 0.208333 0.831731 0.213141 0.828526 0.219551 0.826923 0.224359 0.826923 0.227564 0.831731 0.227564 0.836538 0.227564 0.841346 0.225962 0.844551 0.221154 0.847756
0 0.214744 0.847756 0.169872 0.919872 0.168269 0.916667 0.168269 0.911859 0.169872 0.907051 0.173077 0.903846 0.179487 0.903846 0.182692 0.905449 0.187500 0.907051 0.189103 0.911859 0.189103 0.916667 0.185897 0.921474
0 0.181090 0.923077 0.174679 0.923077 0.208333 0.895833 0.205128 0.891026 0.205128 0.886218 0.206731 0.883013 0.211538 0.879808 0.217949 0.878205 0.221154 0.879808 0.224359 0.883013 0.225962 0.887821 0.225962 0.892628
0 0.222756 0.897436 0.217949 0.899038 0.213141 0.899038 0.145833 0.862179 0.142628 0.858974 0.144231 0.854167 0.144231 0.849359 0.149038 0.847756 0.155449 0.844551 0.160256 0.846154 0.163462 0.850962 0.163462 0.855769
0 0.163462 0.860577 0.161859 0.863782 0.157051 0.865385 0.150641 0.865385 0.149038 0.915064 0.145833 0.911859 0.145833 0.907051 0.147436 0.902244 0.152244 0.900641 0.158654 0.897436 0.163462 0.899038 0.166667 0.903846
0 0.166667 0.908654 0.166667 0.913462 0.163462 0.916667 0.160256 0.918269 0.153846 0.918269 0.302885 0.828526 0.301282 0.823718 0.299679 0.820513 0.301282 0.815705 0.306090 0.812500 0.312500 0.810897 0.317308 0.812500
0 0.320513 0.815705 0.320513 0.822115 0.320513 0.825321 0.318910 0.830128 0.314103 0.831731 0.307692 0.831731 0.221154 0.721154 0.217949 0.716346 0.217949 0.713141 0.219551 0.708333 0.224359 0.705128 0.230769 0.701923
0 0.235577 0.703526 0.238782 0.708333 0.238782 0.713141 0.238782 0.717949 0.235577 0.721154 0.232372 0.724359 0.225962 0.722756 0.139423 0.942308 0.137821 0.937500 0.137821 0.932692 0.137821 0.931090 0.142628 0.927885
0 0.150641 0.926282 0.153846 0.927885 0.157051 0.931090 0.158654 0.935897 0.157051 0.940705 0.155449 0.943910 0.150641 0.945513 0.144231 0.945513 0.224359 0.950321 0.222756 0.945513 0.222756 0.940705 0.224359 0.937500
0 0.227564 0.934295 0.232372 0.932692 0.237179 0.934295 0.240385 0.937500 0.241987 0.942308 0.240385 0.947115 0.238782 0.950321 0.235577 0.953526 0.229167 0.953526 0.104167 0.740385 0.100962 0.737179 0.102564 0.732372
0 0.104167 0.727564 0.107372 0.725962 0.113782 0.722756 0.116987 0.724359 0.120192 0.729167 0.121795 0.733974 0.121795 0.738782 0.120192 0.741987 0.115385 0.743590 0.108974 0.743590 0.059295 0.762821 0.056090 0.758013
0 0.056090 0.754808 0.057692 0.750000 0.062500 0.746795 0.067308 0.743590 0.072115 0.745192 0.075321 0.750000 0.075321 0.754808 0.075321 0.759615 0.072115 0.762821 0.070513 0.766026 0.064103 0.764423 0.193910 0.716346 0.192308 0.711538
0 0.192308 0.706731 0.193910 0.703526 0.197115 0.701923 0.201923 0.698718 0.206731 0.700321 0.209936 0.705128 0.211538 0.709936 0.209936 0.714744 0.208333 0.717949 0.205128 0.719551 0.198718 0.719551 0.169872 0.713141 0.168269 0.708333
0 0.166667 0.705128 0.168269 0.700321 0.173077 0.697115 0.179487 0.695513 0.184295 0.697115 0.187500 0.701923 0.187500 0.706731 0.187500 0.711538 0.185897 0.714744 0.181090 0.716346 0.174679 0.716346
0 0.169872 0.628205 0.168269 0.623397 0.168269 0.618590 0.169872 0.615385 0.171474 0.612179 0.177885 0.610577 0.182692 0.612179 0.185897 0.616987 0.187500 0.621795 0.185897 0.625000 0.184295 0.629808 0.179487 0.631410
0 0.173077 0.633013 0.112179 0.610577 0.110577 0.605769 0.110577 0.600962 0.112179 0.597756 0.115385 0.594551 0.121795 0.592949 0.126603 0.594551 0.129808 0.597756 0.131410 0.604167 0.129808 0.607372 0.128205 0.612179 0.123397 0.613782
0 0.116987 0.613782 0.046474 0.649038 0.044872 0.644231 0.044872 0.639423 0.046474 0.636218 0.049679 0.633013 0.056090 0.631410 0.060897 0.633013 0.064103 0.636218 0.065705 0.641026 0.064103 0.645833 0.062500 0.650641 0.057692 0.652244
0 0.051282 0.652244 0.306090 0.633013 0.304487 0.628205 0.304487 0.623397 0.306090 0.620192 0.309295 0.616987 0.315705 0.615385 0.320513 0.616987 0.323718 0.621795 0.325321 0.626603 0.323718 0.629808 0.322115 0.634615 0.317308 0.636218
0 0.310897 0.636218 0.347756 0.637821 0.344551 0.633013 0.346154 0.628205 0.347756 0.625000 0.350962 0.621795 0.358974 0.618590 0.362179 0.620192 0.365385 0.625000 0.366987 0.629808 0.366987 0.634615 0.363782 0.637821 0.358974 0.641026
0 0.352564 0.641026 0.208333 0.583333 0.203526 0.580128 0.205128 0.575321 0.206731 0.570513 0.209936 0.568910 0.217949 0.565705 0.221154 0.567308 0.224359 0.572115 0.225962 0.576923 0.225962 0.581731 0.222756 0.584936 0.217949 0.586538
0 0.211538 0.586538 0.291667 0.544872 0.290064 0.540064 0.290064 0.535256 0.291667 0.532051 0.294872 0.528846 0.302885 0.527244 0.306090 0.528846 0.309295 0.532051 0.310897 0.536859 0.310897 0.541667 0.307692 0.544872 0.302885 0.548077
0 0.296474 0.548077 0.174679 0.516026 0.173077 0.511218 0.173077 0.506410 0.174679 0.503205 0.177885 0.500000 0.184295 0.500000 0.189103 0.500000 0.192308 0.503205 0.193910 0.508013 0.193910 0.512821 0.190705 0.516026 0.185897 0.519231
0 0.179487 0.519231 0.201923 0.475962 0.200321 0.471154 0.200321 0.466346 0.201923 0.463141 0.205128 0.459936 0.211538 0.458333 0.216346 0.459936 0.219551 0.463141 0.221154 0.467949 0.219551 0.472756 0.217949 0.477564 0.213141 0.479167
0 0.206731 0.479167 0.256410 0.464744 0.254808 0.459936 0.253205 0.456731 0.254808 0.451923 0.259615 0.448718 0.266026 0.447115 0.270833 0.448718 0.274038 0.451923 0.274038 0.456731 0.274038 0.461538 0.272436 0.464744 0.267628 0.467949
0 0.261218 0.467949 0.336538 0.384615 0.331731 0.381410 0.333333 0.376603 0.334936 0.371795 0.339744 0.370192 0.346154 0.366987 0.349359 0.368590 0.352564 0.373397 0.354167 0.378205 0.354167 0.383013 0.350962 0.386218 0.346154 0.387821
0 0.341346 0.387821 0.333333 0.408654 0.330128 0.403846 0.330128 0.400641 0.331731 0.395833 0.336538 0.392628 0.342949 0.389423 0.347756 0.391026 0.350962 0.395833 0.350962 0.400641 0.350962 0.405449 0.347756 0.408654 0.344551 0.411859
0 0.338141 0.411859 0.389423 0.317308 0.387821 0.312500 0.386218 0.309295 0.387821 0.304487 0.392628 0.301282 0.399038 0.298077 0.403846 0.299679 0.407051 0.304487 0.408654 0.309295 0.407051 0.314103 0.405449 0.317308 0.400641 0.320513
0 0.394231 0.320513 0.368590 0.339744 0.365385 0.336538 0.366987 0.331731 0.368590 0.326923 0.371795 0.325321 0.378205 0.322115 0.383013 0.323718 0.386218 0.328526 0.387821 0.333333 0.387821 0.338141 0.384615 0.341346 0.379808 0.342949
0 0.373397 0.342949 0.344551 0.336538 0.341346 0.331731 0.342949 0.326923 0.344551 0.323718 0.347756 0.320513 0.354167 0.317308 0.358974 0.318910 0.362179 0.323718 0.363782 0.328526 0.362179 0.333333 0.360577 0.336538 0.355769 0.339744
0 0.349359 0.338141 0.318910 0.331731 0.318910 0.326923 0.320513 0.323718 0.323718 0.320513 0.331731 0.318910 0.334936 0.320513 0.338141 0.323718 0.339744 0.328526 0.339744 0.333333 0.336538 0.336538 0.331731 0.339744 0.325321 0.339744
0 0.306090 0.352564 0.301282 0.349359 0.302885 0.344551 0.304487 0.339744 0.309295 0.338141 0.315705 0.334936 0.320513 0.336538 0.323718 0.341346 0.323718 0.346154 0.323718 0.350962 0.320513 0.354167 0.317308 0.355769 0.310897 0.355769
0 0.352564 0.309295 0.350962 0.304487 0.350962 0.299679 0.352564 0.296474 0.355769 0.293269 0.363782 0.291667 0.366987 0.293269 0.370192 0.298077 0.371795 0.302885 0.371795 0.307692 0.368590 0.310897 0.363782 0.312500 0.357372 0.312500
0 0.250000 0.370192 0.246795 0.365385 0.248397 0.360577 0.250000 0.357372 0.253205 0.354167 0.261218 0.350962 0.264423 0.352564 0.267628 0.357372 0.269231 0.362179 0.269231 0.366987 0.266026 0.370192 0.261218 0.371795 0.254808 0.371795
0 0.142628 0.416667 0.141026 0.411859 0.141026 0.407051 0.142628 0.403846 0.145833 0.400641 0.152244 0.397436 0.157051 0.399038 0.160256 0.403846 0.161859 0.408654 0.161859 0.413462 0.158654 0.416667 0.153846 0.419872 0.147436 0.419872
0 0.184295 0.413462 0.181090 0.408654 0.181090 0.403846 0.182692 0.400641 0.185897 0.397436 0.193910 0.395833 0.197115 0.397436 0.200321 0.400641 0.201923 0.405449 0.201923 0.410256 0.198718 0.415064 0.193910 0.416667 0.189103 0.416667
0 0.147436 0.490385 0.145833 0.485577 0.145833 0.480769 0.147436 0.477564 0.150641 0.474359 0.155449 0.474359 0.160256 0.474359 0.163462 0.477564 0.165064 0.482372 0.163462 0.487179 0.161859 0.491987 0.157051 0.493590 0.152244 0.493590
0 0.088141 0.488782 0.084936 0.483974 0.084936 0.479167 0.086538 0.475962 0.091346 0.472756 0.097756 0.471154 0.102564 0.472756 0.105769 0.475962 0.105769 0.480769 0.105769 0.485577 0.102564 0.490385 0.099359 0.491987 0.092949 0.491987
0 0.073718 0.458333 0.072115 0.453526 0.072115 0.448718 0.073718 0.445513 0.076923 0.442308 0.083333 0.440705 0.086538 0.442308 0.089744 0.445513 0.091346 0.450321 0.091346 0.455128 0.088141 0.459936 0.083333 0.461538 0.076923 0.461538
0 0.040064 0.424679 0.035256 0.421474 0.036859 0.416667 0.038462 0.411859 0.041667 0.410256 0.049679 0.407051 0.052885 0.408654 0.056090 0.413462 0.057692 0.418269 0.057692 0.423077 0.054487 0.426282 0.049679 0.427885 0.043269 0.427885
0 0.014423 0.453526 0.011218 0.448718 0.011218 0.443910 0.012821 0.440705 0.017628 0.437500 0.022436 0.435897 0.027244 0.435897 0.028846 0.440705 0.030449 0.445513 0.030449 0.450321 0.027244 0.453526 0.024038 0.456731 0.019231 0.456731
0 0.011218 0.575321 0.008013 0.570513 0.008013 0.567308 0.009615 0.562500 0.014423 0.559295 0.020833 0.556090 0.024038 0.557692 0.027244 0.562500 0.028846 0.567308 0.027244 0.572115 0.025641 0.575321 0.022436 0.578526 0.016026 0.576923
0 0.024038 0.533654 0.022436 0.528846 0.022436 0.524038 0.024038 0.520833 0.027244 0.517628 0.033654 0.516026 0.038462 0.517628 0.041667 0.522436 0.043269 0.527244 0.041667 0.532051 0.040064 0.535256 0.035256 0.536859 0.028846 0.536859
0 0.051282 0.528846 0.048077 0.524038 0.048077 0.519231 0.049679 0.516026 0.054487 0.512821 0.060897 0.511218 0.065705 0.512821 0.068910 0.517628 0.068910 0.522436 0.068910 0.525641 0.065705 0.530449 0.062500 0.532051 0.056090 0.532051
0 0.155449 0.528846 0.153846 0.524038 0.152244 0.520833 0.153846 0.516026 0.157051 0.512821 0.163462 0.511218 0.168269 0.512821 0.171474 0.517628 0.171474 0.522436 0.171474 0.527244 0.168269 0.530449 0.165064 0.532051 0.158654 0.532051
0 0.222756 0.554487 0.219551 0.549679 0.219551 0.544872 0.221154 0.541667 0.224359 0.538462 0.232372 0.536859 0.235577 0.538462 0.238782 0.541667 0.240385 0.546474 0.240385 0.551282 0.237179 0.556090 0.232372 0.557692 0.225962 0.557692
0 0.165064 0.974359 0.161859 0.969551 0.161859 0.966346 0.163462 0.961538 0.168269 0.958333 0.173077 0.955128 0.177885 0.956731 0.181090 0.961538 0.181090 0.966346 0.182692 0.971154 0.181090 0.974359 0.176282 0.977564 0.169872 0.977564
0 0.716346 0.706731 0.714744 0.700321 0.713141 0.697115 0.714744 0.693910 0.719551 0.690705 0.725962 0.687500 0.730769 0.689103 0.733974 0.693910 0.733974 0.698718 0.733974 0.703526 0.730769 0.706731 0.727564 0.709936 0.721154 0.708333
0 0.253205 0.876603 0.250000 0.876603 0.246795 0.873397 0.245192 0.870192 0.245192 0.866987 0.250000 0.863782 0.254808 0.862179 0.258013 0.863782 0.259615 0.868590 0.259615 0.871795 0.256410 0.876603 0.245192 0.910256 0.240385 0.910256
0 0.237179 0.907051 0.235577 0.903846 0.235577 0.899038 0.240385 0.895833 0.245192 0.894231 0.248397 0.895833 0.250000 0.900641 0.250000 0.905449 0.248397 0.908654 0.459936 0.759615 0.456731 0.754808 0.456731 0.751603 0.458333 0.746795
0 0.463141 0.743590 0.469551 0.740385 0.474359 0.741987 0.477564 0.746795 0.477564 0.751603 0.477564 0.756410 0.474359 0.759615 0.471154 0.762821 0.464744 0.761218 0.434295 0.839744 0.431090 0.839744 0.427885 0.838141 0.426282 0.836538
0 0.426282 0.831731 0.431090 0.826923 0.435897 0.826923 0.439103 0.828526 0.440705 0.833333 0.440705 0.836538 0.437500 0.839744 0.628205 0.689103 0.626603 0.684295 0.626603 0.679487 0.628205 0.676282 0.631410 0.673077 0.637821 0.671474
0 0.642628 0.673077 0.645833 0.676282 0.647436 0.681090 0.645833 0.685897 0.644231 0.690705 0.639423 0.692308 0.633013 0.692308 0.556090 0.570513 0.554487 0.565705 0.554487 0.560897 0.556090 0.557692 0.559295 0.556090 0.567308 0.552885
0 0.570513 0.554487 0.573718 0.559295 0.575321 0.564103 0.575321 0.568910 0.572115 0.572115 0.567308 0.573718 0.560897 0.573718 0.498397 0.520833 0.498397 0.514423 0.498397 0.509615 0.498397 0.508013 0.509615 0.501603 0.514423 0.503205
0 0.517628 0.508013 0.519231 0.512821 0.517628 0.517628 0.516026 0.520833 0.511218 0.522436 0.504808 0.522436 0.461538 0.488782 0.458333 0.483974 0.458333 0.480769 0.459936 0.475962 0.464744 0.472756 0.471154 0.469551 0.475962 0.471154
0 0.479167 0.475962 0.479167 0.480769 0.479167 0.485577 0.477564 0.488782 0.472756 0.490385 0.466346 0.490385 0.418269 0.487179 0.415064 0.482372 0.416667 0.477564 0.418269 0.474359 0.421474 0.471154 0.427885 0.467949 0.432692 0.469551
0 0.435897 0.474359 0.437500 0.479167 0.435897 0.483974 0.434295 0.487179 0.429487 0.490385 0.423077 0.488782 0.427885 0.439103 0.424679 0.434295 0.424679 0.429487 0.426282 0.426282 0.431090 0.423077 0.437500 0.421474 0.442308 0.423077
0 0.445513 0.426282 0.445513 0.431090 0.445513 0.435897 0.442308 0.439103 0.439103 0.442308 0.432692 0.442308 0.423077 0.375000 0.421474 0.370192 0.419872 0.365385 0.421474 0.362179 0.426282 0.358974 0.432692 0.357372 0.437500 0.358974
0 0.440705 0.362179 0.440705 0.366987 0.440705 0.371795 0.437500 0.376603 0.434295 0.378205 0.427885 0.378205 0.306090 0.307692 0.301282 0.302885 0.302885 0.298077 0.304487 0.294872 0.309295 0.291667 0.315705 0.288462 0.320513 0.290064
0 0.323718 0.294872 0.323718 0.299679 0.323718 0.304487 0.320513 0.307692 0.317308 0.309295 0.310897 0.309295 0.278846 0.402244 0.277244 0.397436 0.277244 0.392628 0.278846 0.389423 0.282051 0.386218 0.288462 0.384615 0.293269 0.386218
0 0.296474 0.389423 0.298077 0.394231 0.298077 0.399038 0.294872 0.403846 0.290064 0.405449 0.283654 0.405449 0.342949 0.285256 0.341346 0.280449 0.339744 0.277244 0.341346 0.272436 0.346154 0.269231 0.352564 0.266026 0.357372 0.267628
0 0.360577 0.272436 0.360577 0.277244 0.360577 0.282051 0.358974 0.285256 0.354167 0.288462 0.347756 0.288462 0.365385 0.275641 0.363782 0.270833 0.363782 0.266026 0.365385 0.262821 0.368590 0.259615 0.376603 0.258013 0.379808 0.259615
0 0.383013 0.262821 0.384615 0.267628 0.384615 0.272436 0.381410 0.277244 0.376603 0.278846 0.370192 0.278846 0.541667 0.395833 0.540064 0.391026 0.540064 0.386218 0.541667 0.383013 0.544872 0.381410 0.552885 0.378205 0.556090 0.379808
0 0.559295 0.383013 0.560897 0.387821 0.560897 0.392628 0.557692 0.397436 0.552885 0.399038 0.546474 0.399038 0.620192 0.193910 0.618590 0.189103 0.618590 0.184295 0.620192 0.181090 0.623397 0.177885 0.629808 0.176282 0.634615 0.176282
0 0.637821 0.181090 0.639423 0.185897 0.637821 0.190705 0.636218 0.193910 0.631410 0.197115 0.625000 0.197115 0.644231 0.192308 0.642628 0.187500 0.642628 0.182692 0.644231 0.179487 0.645833 0.179487 0.655449 0.176282 0.658654 0.177885
0 0.661859 0.181090 0.663462 0.184295 0.663462 0.189103 0.660256 0.193910 0.655449 0.195513 0.649038 0.195513 0.650641 0.272436 0.647436 0.267628 0.647436 0.262821 0.649038 0.259615 0.653846 0.258013 0.660256 0.254808 0.665064 0.256410
0 0.668269 0.261218 0.668269 0.266026 0.668269 0.270833 0.665064 0.274038 0.661859 0.275641 0.655449 0.275641 0.615385 0.307692 0.613782 0.302885 0.612179 0.298077 0.613782 0.294872 0.618590 0.293269 0.625000 0.290064 0.629808 0.291667
0 0.633013 0.296474 0.633013 0.301282 0.633013 0.306090 0.629808 0.309295 0.626603 0.310897 0.620192 0.310897 0.766026 0.291667 0.762821 0.286859 0.762821 0.282051 0.764423 0.278846 0.769231 0.277244 0.775641 0.274038 0.778846 0.275641
0 0.782051 0.280449 0.783654 0.285256 0.783654 0.290064 0.780449 0.293269 0.775641 0.294872 0.770833 0.294872 0.844551 0.230769 0.841346 0.229167 0.842949 0.224359 0.846154 0.221154 0.847756 0.221154 0.850962 0.219551 0.854167 0.222756
0 0.855769 0.225962 0.855769 0.229167 0.850962 0.232372 0.847756 0.232372 0.748397 0.302885 0.745192 0.301282 0.746795 0.296474 0.748397 0.293269 0.751603 0.291667 0.754808 0.291667 0.758013 0.293269 0.759615 0.296474 0.758013 0.299679
0 0.754808 0.302885 0.751603 0.302885 0.778846 0.339744 0.774038 0.338141 0.775641 0.333333 0.777244 0.331731 0.780449 0.328526 0.783654 0.326923 0.788462 0.330128 0.788462 0.333333 0.788462 0.336538
0 0.785256 0.339744 0.782051 0.339744 0.863782 0.275641 0.860577 0.274038 0.862179 0.269231 0.862179 0.267628 0.865385 0.264423 0.870192 0.264423 0.873397 0.266026 0.873397 0.270833 0.871795 0.275641
0 0.870192 0.275641 0.866987 0.277244 0.875000 0.282051 0.873397 0.280449 0.873397 0.275641 0.875000 0.272436 0.878205 0.270833 0.879808 0.272436 0.883013 0.272436 0.884615 0.277244 0.883013 0.282051 0.881410 0.282051 0.878205 0.283654
0 0.863782 0.288462 0.860577 0.286859 0.860577 0.283654 0.863782 0.280449 0.866987 0.278846 0.870192 0.278846 0.873397 0.282051 0.875000 0.285256 0.873397 0.288462 0.868590 0.290064 0.866987 0.290064
0 0.873397 0.158654 0.870192 0.157051 0.871795 0.152244 0.873397 0.149038 0.876603 0.147436 0.879808 0.147436 0.883013 0.150641 0.884615 0.153846 0.883013 0.157051 0.879808 0.158654 0.876603 0.160256 0.870192 0.174679 0.866987 0.173077
0 0.868590 0.168269 0.870192 0.166667 0.873397 0.163462 0.876603 0.163462 0.879808 0.165064 0.881410 0.169872 0.881410 0.173077 0.878205 0.174679 0.873397 0.176282 0.838141 0.108974 0.836538 0.105769 0.836538 0.104167 0.838141 0.100962
0 0.841346 0.099359 0.844551 0.097756 0.847756 0.100962 0.849359 0.104167 0.847756 0.107372 0.844551 0.108974 0.841346 0.108974 0.653846 0.168269 0.650641 0.166667 0.652244 0.161859 0.653846 0.160256 0.657051 0.157051 0.660256 0.157051
0 0.665064 0.158654 0.665064 0.163462 0.665064 0.166667 0.661859 0.168269 0.657051 0.169872 0.594551 0.193910 0.591346 0.192308 0.592949 0.187500 0.594551 0.185897 0.597756 0.182692 0.600962 0.182692 0.604167 0.184295 0.605769 0.187500
0 0.605769 0.190705 0.600962 0.193910 0.597756 0.193910 0.543269 0.227564 0.540064 0.225962 0.541667 0.221154 0.541667 0.219551 0.544872 0.216346 0.549679 0.216346 0.552885 0.217949 0.552885 0.222756 0.552885 0.225962 0.549679 0.227564
0 0.546474 0.229167 0.517628 0.302885 0.516026 0.299679 0.514423 0.296474 0.516026 0.294872 0.519231 0.291667 0.524038 0.290064 0.527244 0.293269 0.527244 0.296474 0.527244 0.299679 0.524038 0.302885 0.520833 0.302885 0.495192 0.299679
0 0.493590 0.296474 0.493590 0.291667 0.495192 0.291667 0.498397 0.288462 0.500000 0.286859 0.504808 0.290064 0.504808 0.293269 0.504808 0.296474 0.501603 0.299679 0.498397 0.299679 0.375000 0.296474 0.371795 0.294872 0.373397 0.290064
0 0.375000 0.286859 0.378205 0.285256 0.381410 0.285256 0.384615 0.286859 0.386218 0.291667 0.384615 0.293269 0.381410 0.296474 0.378205 0.298077 0.213141 0.392628 0.211538 0.389423 0.209936 0.386218 0.213141 0.383013 0.216346 0.381410
0 0.219551 0.379808 0.222756 0.383013 0.224359 0.386218 0.222756 0.389423 0.219551 0.392628 0.216346 0.392628 0.232372 0.402244 0.229167 0.400641 0.230769 0.395833 0.232372 0.392628 0.235577 0.391026 0.238782 0.391026 0.241987 0.392628
0 0.241987 0.397436 0.241987 0.400641 0.238782 0.402244 0.235577 0.403846 0.019231 0.431090 0.017628 0.427885 0.016026 0.424679 0.019231 0.421474 0.022436 0.419872 0.024038 0.419872 0.027244 0.421474 0.028846 0.424679 0.027244 0.427885
0 0.024038 0.431090 0.022436 0.431090 0.020833 0.475962 0.019231 0.474359 0.020833 0.469551 0.020833 0.467949 0.024038 0.464744 0.027244 0.463141 0.030449 0.466346 0.030449 0.469551 0.030449 0.472756 0.027244 0.475962 0.024038 0.475962
0 0.075321 0.538462 0.072115 0.536859 0.073718 0.532051 0.073718 0.530449 0.075321 0.528846 0.080128 0.527244 0.083333 0.528846 0.083333 0.533654 0.083333 0.535256 0.080128 0.538462 0.076923 0.540064 0.006410 0.615385 0.008013 0.620192
0 0.006410 0.621795 0.027244 0.639423 0.025641 0.636218 0.025641 0.631410 0.027244 0.631410 0.030449 0.628205 0.032051 0.628205 0.036859 0.629808 0.036859 0.633013 0.036859 0.636218 0.035256 0.641026 0.032051 0.639423 0.240385 0.533654
0 0.238782 0.530449 0.238782 0.525641 0.240385 0.525641 0.243590 0.522436 0.246795 0.520833 0.250000 0.524038 0.251603 0.527244 0.251603 0.530449 0.248397 0.533654 0.243590 0.533654 0.227564 0.597756 0.224359 0.596154 0.225962 0.591346
0 0.225962 0.589744 0.229167 0.586538 0.233974 0.586538 0.237179 0.588141 0.237179 0.591346 0.237179 0.594551 0.233974 0.597756 0.230769 0.597756 0.286859 0.634615 0.283654 0.633013 0.285256 0.628205 0.286859 0.626603 0.290064 0.623397
0 0.293269 0.623397 0.296474 0.625000 0.298077 0.629808 0.298077 0.633013 0.293269 0.634615 0.290064 0.636218 0.415064 0.621795 0.411859 0.620192 0.413462 0.615385 0.413462 0.613782 0.416667 0.610577 0.421474 0.610577 0.424679 0.612179
0 0.424679 0.616987 0.424679 0.620192 0.421474 0.621795 0.418269 0.623397 0.384615 0.685897 0.381410 0.684295 0.383013 0.679487 0.384615 0.676282 0.387821 0.674679 0.391026 0.674679 0.394231 0.677885 0.395833 0.681090 0.394231 0.684295
0 0.391026 0.687500 0.387821 0.687500 0.469551 0.668269 0.467949 0.665064 0.466346 0.661859 0.469551 0.658654 0.472756 0.657051 0.475962 0.655449 0.479167 0.658654 0.480769 0.661859 0.479167 0.665064
0 0.475962 0.668269 0.472756 0.668269 0.456731 0.560897 0.453526 0.559295 0.455128 0.554487 0.456731 0.552885 0.459936 0.549679 0.463141 0.549679 0.466346 0.551282 0.467949 0.556090 0.467949 0.559295
0 0.464744 0.560897 0.459936 0.562500 0.519231 0.549679 0.516026 0.548077 0.517628 0.543269 0.519231 0.540064 0.522436 0.538462 0.525641 0.538462 0.528846 0.540064 0.530449 0.544872 0.528846 0.548077
0 0.525641 0.549679 0.522436 0.551282 0.527244 0.464744 0.522436 0.463141 0.524038 0.458333 0.525641 0.456731 0.528846 0.453526 0.532051 0.451923 0.536859 0.455128 0.536859 0.458333 0.536859 0.461538
0 0.533654 0.464744 0.530449 0.464744 0.407051 0.536859 0.405449 0.532051 0.405449 0.527244 0.407051 0.524038 0.410256 0.520833 0.418269 0.519231 0.421474 0.520833 0.424679 0.524038 0.426282 0.528846
0 0.426282 0.533654 0.423077 0.538462 0.418269 0.540064 0.411859 0.540064 0.580128 0.495192 0.576923 0.493590 0.578526 0.488782 0.578526 0.487179 0.581731 0.483974 0.586538 0.483974 0.589744 0.485577
0 0.589744 0.490385 0.589744 0.493590 0.586538 0.495192 0.583333 0.496795 0.616987 0.469551 0.613782 0.467949 0.615385 0.463141 0.618590 0.459936 0.620192 0.459936 0.623397 0.458333 0.626603 0.461538
0 0.628205 0.464744 0.628205 0.467949 0.623397 0.471154 0.620192 0.471154 0.554487 0.467949 0.554487 0.466346 0.557692 0.463141 0.560897 0.461538 0.562500 0.463141 0.564103 0.466346 0.564103 0.467949
0 0.562500 0.469551 0.560897 0.471154 0.559295 0.472756 0.556090 0.472756 0.554487 0.469551 0.564103 0.355769 0.565705 0.352564 0.567308 0.352564 0.570513 0.350962 0.573718 0.352564 0.573718 0.354167
0 0.573718 0.357372 0.572115 0.358974 0.570513 0.360577 0.568910 0.360577 0.565705 0.360577 0.564103 0.357372 0.655449 0.371795 0.655449 0.370192 0.658654 0.366987 0.661859 0.365385 0.665064 0.366987
0 0.665064 0.370192 0.665064 0.371795 0.663462 0.373397 0.661859 0.375000 0.660256 0.376603 0.657051 0.376603 0.655449 0.373397 0.549679 0.233974 0.549679 0.232372 0.552885 0.229167 0.556090 0.229167
0 0.557692 0.229167 0.559295 0.232372 0.559295 0.233974 0.557692 0.235577 0.556090 0.237179 0.554487 0.238782 0.551282 0.238782 0.549679 0.235577 0.554487 0.266026 0.554487 0.264423 0.557692 0.261218
0 0.560897 0.261218 0.564103 0.261218 0.564103 0.264423 0.564103 0.266026 0.562500 0.267628 0.562500 0.269231 0.559295 0.270833 0.554487 0.270833 0.556090 0.267628 0.676282 0.173077 0.676282 0.171474
0 0.679487 0.168269 0.682692 0.168269 0.684295 0.168269 0.685897 0.171474 0.685897 0.173077 0.684295 0.174679 0.682692 0.176282 0.681090 0.177885 0.677885 0.177885 0.676282 0.174679 0.750000 0.190705
0 0.751603 0.185897 0.754808 0.184295 0.758013 0.182692 0.759615 0.184295 0.761218 0.187500 0.759615 0.189103 0.759615 0.190705 0.758013 0.192308 0.754808 0.193910 0.750000 0.193910 0.751603 0.190705
0 0.828526 0.115385 0.830128 0.110577 0.833333 0.108974 0.836538 0.108974 0.838141 0.110577 0.839744 0.112179 0.838141 0.113782 0.838141 0.116987 0.836538 0.118590 0.833333 0.118590 0.828526 0.120192
0 0.830128 0.115385 0.894231 0.166667 0.895833 0.163462 0.897436 0.160256 0.900641 0.158654 0.902244 0.160256 0.903846 0.163462 0.903846 0.165064 0.902244 0.166667 0.900641 0.168269 0.899038 0.169872
0 0.897436 0.169872 0.895833 0.166667 0.812500 0.434295 0.812500 0.432692 0.815705 0.429487 0.818910 0.429487 0.820513 0.429487 0.822115 0.432692 0.822115 0.434295 0.820513 0.435897 0.818910 0.437500
0 0.817308 0.439103 0.814103 0.439103 0.812500 0.435897 0.788462 0.543269 0.791667 0.540064 0.794872 0.538462 0.798077 0.536859 0.799679 0.538462 0.799679 0.540064 0.799679 0.543269 0.799679 0.544872
0 0.798077 0.546474 0.794872 0.546474 0.790064 0.548077 0.791667 0.544872 0.857372 0.666667 0.858974 0.661859 0.862179 0.660256 0.865385 0.660256 0.866987 0.661859 0.868590 0.663462 0.868590 0.665064
0 0.866987 0.668269 0.865385 0.669872 0.862179 0.669872 0.860577 0.669872 0.858974 0.666667 0.769231 0.658654 0.770833 0.653846 0.774038 0.652244 0.777244 0.650641 0.778846 0.652244 0.778846 0.653846
0 0.778846 0.657051 0.778846 0.658654 0.777244 0.660256 0.774038 0.661859 0.769231 0.661859 0.770833 0.658654 0.447115 0.722756 0.443910 0.721154 0.445513 0.716346 0.447115 0.713141 0.450321 0.711538
0 0.453526 0.711538 0.456731 0.713141 0.458333 0.717949 0.456731 0.721154 0.453526 0.722756 0.450321 0.724359 0.243590 0.475962 0.240385 0.475962 0.237179 0.472756 0.233974 0.469551 0.235577 0.464744
0 0.240385 0.459936 0.245192 0.459936 0.248397 0.461538 0.250000 0.466346 0.250000 0.469551 0.248397 0.474359 0.320513 0.493590 0.317308 0.491987 0.318910 0.487179 0.320513 0.485577 0.323718 0.482372
0 0.326923 0.482372 0.330128 0.485577 0.331731 0.488782 0.331731 0.491987 0.326923 0.493590 0.323718 0.495192 0.682692 0.432692 0.677885 0.432692 0.673077 0.429487 0.671474 0.424679 0.671474 0.419872
0 0.674679 0.416667 0.681090 0.413462 0.685897 0.415064 0.689103 0.416667 0.690705 0.421474 0.689103 0.427885 0.687500 0.431090 0.759615 0.416667 0.761218 0.411859 0.764423 0.410256 0.767628 0.410256
0 0.769231 0.410256 0.770833 0.413462 0.769231 0.415064 0.769231 0.418269 0.767628 0.418269 0.764423 0.419872 0.762821 0.419872 0.761218 0.416667 0.908654 0.599359 0.903846 0.599359 0.899038 0.597756
0 0.897436 0.592949 0.897436 0.588141 0.900641 0.583333 0.907051 0.581731 0.911859 0.581731 0.915064 0.584936 0.916667 0.589744 0.915064 0.594551 0.913462 0.597756 0.889423 0.661859 0.891026 0.658654
0 0.894231 0.657051 0.897436 0.655449 0.899038 0.657051 0.900641 0.658654 0.900641 0.661859 0.899038 0.663462 0.897436 0.665064 0.894231 0.665064 0.892628 0.666667 0.891026 0.663462 0.719551 0.536859
0 0.714744 0.536859 0.711538 0.533654 0.709936 0.530449 0.709936 0.525641 0.714744 0.522436 0.719551 0.520833 0.722756 0.522436 0.724359 0.527244 0.724359 0.530449 0.722756 0.535256 0.145833 0.370192
0 0.142628 0.365385 0.144231 0.360577 0.145833 0.355769 0.149038 0.354167 0.157051 0.350962 0.160256 0.352564 0.163462 0.357372 0.165064 0.362179 0.165064 0.366987 0.161859 0.370192 0.157051 0.371795
