0 0.274943 0.426310 0.278615 0.427680 0.281037 0.430993 0.281174 0.435087 0.279262 0.438702 0.273940 0.440875 0.268122 0.440084 0.266396 0.437521 0.266110 0.432906 0.267499 0.429149 0.270768 0.426479
0 0.295479 0.444366 0.299150 0.445735 0.301573 0.449048 0.301710 0.453143 0.299798 0.456758 0.294476 0.458931 0.288657 0.458140 0.286933 0.455577 0.286646 0.450963 0.288035 0.447204 0.291304 0.444535
0 0.229073 0.450358 0.232745 0.451728 0.235167 0.455041 0.235304 0.459135 0.233392 0.462750 0.228070 0.464923 0.222251 0.464132 0.220527 0.461569 0.220241 0.456955 0.221629 0.453197 0.224898 0.450527
0 0.231758 0.431276 0.235429 0.432646 0.237851 0.435959 0.237988 0.440054 0.236076 0.443669 0.230754 0.445842 0.224936 0.445051 0.223211 0.442488 0.222925 0.437873 0.224313 0.434115 0.227583 0.431446
0 0.357218 0.405084 0.360889 0.406454 0.363312 0.409767 0.363449 0.413862 0.361537 0.417476 0.356215 0.419649 0.350396 0.418858 0.348672 0.416295 0.348386 0.411681 0.349774 0.407923 0.353043 0.405254
0 0.264861 0.498242 0.268533 0.499612 0.270955 0.502924 0.271092 0.507019 0.269180 0.510634 0.263859 0.512807 0.258040 0.512016 0.256315 0.509453 0.256029 0.504838 0.257417 0.501081 0.260686 0.498411
0 0.212520 0.535147 0.216192 0.536517 0.218614 0.539830 0.218751 0.543924 0.216839 0.547539 0.211517 0.549712 0.205699 0.548921 0.203974 0.546358 0.203688 0.541744 0.205076 0.537986 0.208345 0.535317
0 0.286021 0.535639 0.289693 0.537010 0.292114 0.540323 0.292251 0.544417 0.290340 0.548032 0.285018 0.550205 0.279199 0.549414 0.277475 0.546851 0.277189 0.542236 0.278576 0.538479 0.281846 0.535809
0 0.334075 0.466132 0.337747 0.467502 0.340169 0.470815 0.340306 0.474910 0.338394 0.478525 0.333072 0.480697 0.327254 0.479907 0.325529 0.477344 0.325243 0.472729 0.326631 0.468971 0.329900 0.466302
0 0.411602 0.405794 0.415274 0.407164 0.417695 0.410477 0.417832 0.414572 0.415921 0.418186 0.410599 0.420359 0.404780 0.419568 0.403055 0.417005 0.402769 0.412391 0.404157 0.408633 0.407427 0.405964
0 0.215985 0.515874 0.219656 0.517244 0.222078 0.520557 0.222215 0.524652 0.220303 0.528266 0.214982 0.530439 0.209163 0.529648 0.207438 0.527085 0.207152 0.522471 0.208540 0.518713 0.211810 0.516044
0 0.469196 0.412557 0.472868 0.413926 0.475290 0.417240 0.475427 0.421334 0.473515 0.424949 0.468193 0.427122 0.462374 0.426331 0.460650 0.423768 0.460363 0.419154 0.461752 0.415396 0.465021 0.412726
0 0.444373 0.415749 0.448045 0.417119 0.450467 0.420432 0.450604 0.424526 0.448692 0.428142 0.443371 0.430314 0.437552 0.429524 0.435827 0.426961 0.435541 0.422346 0.436929 0.418588 0.440198 0.415919
0 0.456904 0.434391 0.460576 0.435761 0.462998 0.439074 0.463135 0.443168 0.461223 0.446784 0.455902 0.448956 0.450083 0.448165 0.448358 0.445603 0.448072 0.440988 0.449460 0.437230 0.452730 0.434560
0 0.448881 0.468240 0.452553 0.469611 0.454975 0.472924 0.455112 0.477018 0.453200 0.480633 0.447878 0.482806 0.442059 0.482015 0.440334 0.479452 0.440048 0.474838 0.441437 0.471079 0.444706 0.468410
0 0.269558 0.378282 0.273230 0.379652 0.275652 0.382965 0.275789 0.387060 0.273877 0.390675 0.268556 0.392848 0.262737 0.392057 0.261012 0.389494 0.260726 0.384879 0.262114 0.381121 0.265383 0.378452
0 0.290963 0.369916 0.294634 0.371286 0.297056 0.374599 0.297194 0.378693 0.295281 0.382308 0.289960 0.384481 0.284141 0.383690 0.282416 0.381127 0.282130 0.376513 0.283518 0.372755 0.286788 0.370085
0 0.198972 0.442825 0.202644 0.444195 0.205066 0.447508 0.205203 0.451602 0.203291 0.455217 0.197969 0.457390 0.192151 0.456599 0.190426 0.454036 0.190140 0.449422 0.191528 0.445664 0.194797 0.442994
0 0.177154 0.452441 0.180825 0.453811 0.183247 0.457124 0.183384 0.461218 0.181472 0.464833 0.176151 0.467006 0.170332 0.466215 0.168607 0.463652 0.168321 0.459037 0.169709 0.455280 0.172979 0.452610
0 0.149189 0.489161 0.152861 0.490531 0.155283 0.493844 0.155420 0.497938 0.153508 0.501554 0.148187 0.503727 0.142368 0.502936 0.140643 0.500373 0.140357 0.495758 0.141745 0.492000 0.145014 0.489331
0 0.140846 0.562263 0.144517 0.563634 0.146939 0.566947 0.147077 0.571041 0.145164 0.574656 0.139843 0.576829 0.134024 0.576038 0.132299 0.573475 0.132013 0.568860 0.133401 0.565102 0.136671 0.562433
0 0.197897 0.555846 0.201569 0.557216 0.203991 0.560529 0.204128 0.564623 0.202216 0.568239 0.196894 0.570411 0.191076 0.569620 0.189351 0.567058 0.189065 0.562443 0.190453 0.558685 0.193722 0.556016
0 0.164169 0.533957 0.167841 0.535327 0.170263 0.538641 0.170400 0.542735 0.168488 0.546350 0.163167 0.548523 0.157348 0.547732 0.155623 0.545169 0.155337 0.540555 0.156725 0.536796 0.159994 0.534128
0 0.134866 0.526194 0.138537 0.527564 0.140959 0.530877 0.141096 0.534972 0.139184 0.538587 0.133863 0.540760 0.128044 0.539969 0.126319 0.537406 0.126033 0.532791 0.127421 0.529033 0.130691 0.526364
0 0.104670 0.535351 0.108342 0.536721 0.110764 0.540034 0.110901 0.544129 0.108989 0.547743 0.103668 0.549916 0.097849 0.549125 0.096124 0.546563 0.095838 0.541948 0.097226 0.538190 0.100495 0.535521
0 0.006146 0.516765 0.009819 0.518136 0.012240 0.521449 0.012377 0.525543 0.010466 0.529158 0.005143 0.531331 0.000000 0.530540 0.000000 0.527977 0.000000 0.523363 0.000000 0.519604 0.001972 0.516935
0 0.052470 0.542866 0.056142 0.544236 0.058564 0.547549 0.058701 0.551644 0.056789 0.555259 0.051467 0.557432 0.045648 0.556641 0.043924 0.554078 0.043638 0.549463 0.045026 0.545705 0.048296 0.543036
0 0.003065 0.568423 0.006736 0.569793 0.009158 0.573106 0.009295 0.577201 0.007383 0.580815 0.002062 0.582988 0.000000 0.582197 0.000000 0.579634 0.000000 0.575020 0.000000 0.571262 0.000000 0.568593
0 0.000000 0.534124 0.000000 0.535494 0.000000 0.538807 0.000000 0.542901 0.000000 0.546516 0.000000 0.548689 0.000000 0.547898 0.000000 0.545335 0.000000 0.540721 0.000000 0.536963 0.000000 0.534294
0 0.000000 0.529835 0.000000 0.531206 0.000000 0.534519 0.000000 0.538613 0.000000 0.542228 0.000000 0.544401 0.000000 0.543610 0.000000 0.541047 0.000000 0.536433 0.000000 0.532674 0.000000 0.530005
0 0.078882 0.430005 0.082554 0.431375 0.084976 0.434688 0.085113 0.438782 0.083201 0.442397 0.077879 0.444570 0.072061 0.443779 0.070336 0.441216 0.070050 0.436602 0.071438 0.432844 0.074707 0.430174
0 0.044953 0.419209 0.048625 0.420579 0.051047 0.423892 0.051184 0.427987 0.049272 0.431602 0.043951 0.433775 0.038132 0.432984 0.036407 0.430421 0.036121 0.425806 0.037509 0.422048 0.040778 0.419379
0 0.000000 0.416590 0.000000 0.417960 0.000000 0.421273 0.000000 0.425368 0.000000 0.428982 0.000000 0.431155 0.000000 0.430364 0.000000 0.427801 0.000000 0.423187 0.000000 0.419429 0.000000 0.416760
0 0.000000 0.425486 0.000000 0.426856 0.000000 0.430169 0.000000 0.434264 0.000000 0.437878 0.000000 0.440051 0.000000 0.439260 0.000000 0.436698 0.000000 0.432083 0.000000 0.428325 0.000000 0.425656
0 0.000000 0.451578 0.000000 0.452949 0.000000 0.456262 0.000000 0.460356 0.000000 0.463971 0.000000 0.466143 0.000000 0.465353 0.000000 0.462790 0.000000 0.458175 0.000000 0.454417 0.000000 0.451748
0 0.007169 0.427364 0.010840 0.428734 0.013263 0.432047 0.013400 0.436141 0.011487 0.439756 0.006166 0.441929 0.000347 0.441138 0.000000 0.438575 0.000000 0.433961 0.000000 0.430203 0.002994 0.427533
0 0.000000 0.505988 0.000000 0.507358 0.000000 0.510671 0.000000 0.514766 0.000000 0.518380 0.000000 0.520553 0.000000 0.519762 0.000000 0.517199 0.000000 0.512585 0.000000 0.508827 0.000000 0.506158
0 0.008138 0.356773 0.011810 0.358143 0.014232 0.361455 0.014369 0.365550 0.012457 0.369165 0.007135 0.371338 0.001316 0.370547 0.000000 0.367984 0.000000 0.363369 0.000694 0.359612 0.003963 0.356942
0 0.000000 0.361311 0.000000 0.362681 0.000000 0.365994 0.000000 0.370089 0.000000 0.373704 0.000000 0.375877 0.000000 0.375086 0.000000 0.372523 0.000000 0.367908 0.000000 0.364150 0.000000 0.361481
0 0.000000 0.382301 0.000000 0.383671 0.000000 0.386984 0.000000 0.391078 0.000000 0.394694 0.000000 0.396866 0.000000 0.396075 0.000000 0.393513 0.000000 0.388898 0.000000 0.385140 0.000000 0.382470
0 0.000000 0.372219 0.000000 0.373589 0.000000 0.376902 0.000000 0.380997 0.000000 0.384612 0.000000 0.386785 0.000000 0.385994 0.000000 0.383431 0.000000 0.378816 0.000000 0.375058 0.000000 0.372389
0 0.020022 0.314024 0.023694 0.315394 0.026116 0.318707 0.026253 0.322802 0.024340 0.326417 0.019019 0.328590 0.013200 0.327799 0.011476 0.325236 0.011189 0.320621 0.012577 0.316863 0.015847 0.314194
0 0.016579 0.299521 0.020250 0.300891 0.022672 0.304204 0.022809 0.308299 0.020897 0.311914 0.015576 0.314087 0.009757 0.313296 0.008032 0.310733 0.007746 0.306118 0.009134 0.302360 0.012404 0.299691
0 0.053632 0.299144 0.057304 0.300514 0.059726 0.303827 0.059863 0.307921 0.057951 0.311537 0.052629 0.313709 0.046810 0.312919 0.045086 0.310356 0.044800 0.305741 0.046188 0.301983 0.049457 0.299313
0 0.000000 0.313409 0.000000 0.314779 0.000000 0.318092 0.000000 0.322187 0.000000 0.325801 0.000000 0.327974 0.000000 0.327183 0.000000 0.324620 0.000000 0.320006 0.000000 0.316248 0.000000 0.313579
0 0.000000 0.321627 0.000000 0.322997 0.000000 0.326310 0.000000 0.330404 0.000000 0.334019 0.000000 0.336192 0.000000 0.335401 0.000000 0.332838 0.000000 0.328224 0.000000 0.324466 0.000000 0.321797
0 0.000000 0.302683 0.000000 0.304053 0.000000 0.307366 0.000000 0.311460 0.000000 0.315075 0.000000 0.317248 0.000000 0.316457 0.000000 0.313894 0.000000 0.309279 0.000000 0.305522 0.000000 0.302852
0 0.000000 0.272789 0.000000 0.274159 0.000000 0.277472 0.000000 0.281567 0.000000 0.285182 0.000000 0.287355 0.000000 0.286564 0.000000 0.284001 0.000000 0.279386 0.000000 0.275628 0.000000 0.272959
0 0.071782 0.287715 0.075454 0.289085 0.077876 0.292398 0.078013 0.296493 0.076101 0.300108 0.070779 0.302281 0.064960 0.301490 0.063236 0.298927 0.062950 0.294312 0.064338 0.290554 0.067607 0.287885
0 0.065288 0.323280 0.068959 0.324650 0.071381 0.327963 0.071519 0.332058 0.069606 0.335672 0.064285 0.337845 0.058466 0.337054 0.056741 0.334491 0.056455 0.329877 0.057844 0.326119 0.061113 0.323450
0 0.191266 0.405220 0.194938 0.406590 0.197360 0.409903 0.197497 0.413997 0.195585 0.417612 0.190264 0.419785 0.184445 0.418994 0.182720 0.416431 0.182434 0.411816 0.183822 0.408059 0.187091 0.405389
0 0.258481 0.332864 0.262152 0.334234 0.264575 0.337547 0.264712 0.341642 0.262799 0.345257 0.257478 0.347430 0.251659 0.346639 0.249935 0.344076 0.249648 0.339462 0.251037 0.335703 0.254306 0.333034
0 0.241345 0.315090 0.245016 0.316460 0.247438 0.319773 0.247575 0.323867 0.245664 0.327482 0.240341 0.329655 0.234523 0.328864 0.232798 0.326301 0.232512 0.321687 0.233900 0.317928 0.237170 0.315260
0 0.242374 0.360794 0.246046 0.362164 0.248468 0.365477 0.248605 0.369571 0.246693 0.373186 0.241371 0.375359 0.235552 0.374568 0.233828 0.372005 0.233542 0.367391 0.234930 0.363632 0.238199 0.360964
0 0.355070 0.318081 0.358741 0.319451 0.361163 0.322764 0.361300 0.326858 0.359388 0.330473 0.354067 0.332646 0.348248 0.331855 0.346523 0.329292 0.346237 0.324678 0.347625 0.320920 0.350895 0.318250
0 0.388424 0.328195 0.392095 0.329565 0.394517 0.332877 0.394654 0.336972 0.392742 0.340587 0.387420 0.342760 0.381602 0.341969 0.379877 0.339406 0.379591 0.334791 0.380979 0.331034 0.384249 0.328364
0 0.385626 0.310329 0.389298 0.311699 0.391719 0.315012 0.391857 0.319106 0.389945 0.322722 0.384623 0.324894 0.378804 0.324104 0.377079 0.321541 0.376793 0.316926 0.378182 0.313168 0.381451 0.310499
0 0.279303 0.313265 0.282975 0.314635 0.285396 0.317948 0.285533 0.322043 0.283622 0.325657 0.278300 0.327830 0.272481 0.327039 0.270757 0.324477 0.270471 0.319862 0.271858 0.316104 0.275128 0.313435
0 0.271648 0.262105 0.275320 0.263475 0.277742 0.266788 0.277879 0.270883 0.275967 0.274498 0.270645 0.276671 0.264827 0.275880 0.263102 0.273317 0.262816 0.268703 0.264204 0.264944 0.267473 0.262275
0 0.290031 0.269841 0.293703 0.271212 0.296125 0.274525 0.296262 0.278619 0.294350 0.282234 0.289028 0.284407 0.283210 0.283616 0.281485 0.281053 0.281198 0.276439 0.282587 0.272680 0.285856 0.270011
0 0.361835 0.288686 0.365507 0.290056 0.367928 0.293369 0.368065 0.297463 0.366154 0.301078 0.360831 0.303251 0.355013 0.302460 0.353288 0.299897 0.353002 0.295283 0.354390 0.291525 0.357660 0.288855
0 0.437331 0.286656 0.441003 0.288026 0.443424 0.291339 0.443561 0.295434 0.441650 0.299049 0.436328 0.301222 0.430509 0.300431 0.428785 0.297868 0.428499 0.293254 0.429886 0.289495 0.433156 0.286826
0 0.374758 0.427099 0.378429 0.428469 0.380851 0.431782 0.380988 0.435877 0.379076 0.439491 0.373755 0.441664 0.367936 0.440873 0.366211 0.438311 0.365925 0.433696 0.367313 0.429938 0.370583 0.427269
0 0.394978 0.419471 0.398650 0.420841 0.401072 0.424154 0.401209 0.428249 0.399297 0.431863 0.393975 0.434036 0.388157 0.433245 0.386432 0.430682 0.386146 0.426068 0.387534 0.422310 0.390803 0.419641
0 0.507777 0.392593 0.511449 0.393963 0.513871 0.397276 0.514008 0.401371 0.512096 0.404986 0.506774 0.407158 0.500955 0.406368 0.499231 0.403805 0.498945 0.399190 0.500333 0.395432 0.503602 0.392763
0 0.488764 0.462664 0.492436 0.464034 0.494857 0.467347 0.494994 0.471442 0.493083 0.475057 0.487761 0.477230 0.481942 0.476439 0.480217 0.473876 0.479931 0.469261 0.481320 0.465503 0.484589 0.462834
0 0.440175 0.453881 0.443846 0.455251 0.446268 0.458564 0.446405 0.462659 0.444493 0.466273 0.439172 0.468446 0.433353 0.467655 0.431628 0.465092 0.431342 0.460478 0.432730 0.456720 0.436000 0.454051
0 0.542109 0.434712 0.545781 0.436082 0.548203 0.439395 0.548340 0.443490 0.546428 0.447105 0.541107 0.449277 0.535288 0.448487 0.533563 0.445924 0.533277 0.441309 0.534665 0.437551 0.537935 0.434882
0 0.558831 0.415748 0.562503 0.417118 0.564924 0.420431 0.565061 0.424525 0.563150 0.428140 0.557828 0.430313 0.552009 0.429522 0.550284 0.426959 0.549998 0.422345 0.551386 0.418587 0.554656 0.415917
0 0.623270 0.356672 0.626942 0.358042 0.629364 0.361355 0.629501 0.365450 0.627589 0.369065 0.622267 0.371238 0.616448 0.370447 0.614724 0.367884 0.614438 0.363269 0.615826 0.359511 0.619096 0.356842
0 0.611037 0.375334 0.614709 0.376705 0.617130 0.380018 0.617268 0.384112 0.615356 0.387727 0.610034 0.389900 0.604216 0.389109 0.602490 0.386546 0.602205 0.381932 0.603593 0.378173 0.606862 0.375504
0 0.525336 0.326985 0.529008 0.328355 0.531430 0.331668 0.531567 0.335763 0.529655 0.339378 0.524333 0.341550 0.518515 0.340760 0.516789 0.338197 0.516503 0.333582 0.517892 0.329824 0.521161 0.327155
0 0.503625 0.319880 0.507297 0.321250 0.509718 0.324563 0.509855 0.328658 0.507944 0.332272 0.502622 0.334445 0.496803 0.333654 0.495078 0.331091 0.494793 0.326477 0.496180 0.322719 0.499450 0.320050
0 0.522381 0.274635 0.526053 0.276005 0.528475 0.279318 0.528612 0.283413 0.526700 0.287027 0.521379 0.289200 0.515560 0.288409 0.513835 0.285846 0.513549 0.281232 0.514937 0.277474 0.518207 0.274805
0 0.611806 0.418790 0.615478 0.420160 0.617900 0.423473 0.618037 0.427567 0.616125 0.431182 0.610803 0.433354 0.604984 0.432564 0.603260 0.430001 0.602974 0.425386 0.604362 0.421629 0.607631 0.418959
0 0.576420 0.423875 0.580092 0.425244 0.582514 0.428557 0.582651 0.432652 0.580739 0.436267 0.575417 0.438440 0.569598 0.437649 0.567874 0.435086 0.567588 0.430472 0.568976 0.426713 0.572245 0.424044
0 0.592633 0.411437 0.596305 0.412806 0.598727 0.416119 0.598864 0.420214 0.596952 0.423829 0.591630 0.426002 0.585811 0.425211 0.584087 0.422648 0.583801 0.418033 0.585189 0.414275 0.588458 0.411606
0 0.517052 0.374934 0.520724 0.376304 0.523146 0.379617 0.523283 0.383711 0.521371 0.387326 0.516049 0.389499 0.510230 0.388708 0.508506 0.386145 0.508220 0.381531 0.509608 0.377773 0.512878 0.375103
0 0.506802 0.338265 0.510473 0.339635 0.512896 0.342947 0.513033 0.347042 0.511120 0.350657 0.505799 0.352830 0.499980 0.352039 0.498256 0.349476 0.497969 0.344862 0.499358 0.341104 0.502627 0.338434
0 0.531914 0.351259 0.535586 0.352629 0.538008 0.355942 0.538145 0.360037 0.536233 0.363652 0.530911 0.365825 0.525092 0.365034 0.523368 0.362471 0.523082 0.357856 0.524470 0.354098 0.527739 0.351429
0 0.540287 0.470332 0.543959 0.471702 0.546381 0.475014 0.546518 0.479109 0.544606 0.482724 0.539284 0.484897 0.533465 0.484106 0.531741 0.481543 0.531455 0.476929 0.532843 0.473170 0.536113 0.470501
0 0.592056 0.475683 0.595728 0.477053 0.598150 0.480366 0.598287 0.484461 0.596375 0.488076 0.591054 0.490249 0.585235 0.489458 0.583510 0.486895 0.583224 0.482280 0.584612 0.478522 0.587881 0.475853
0 0.433063 0.501453 0.436735 0.502824 0.439157 0.506137 0.439294 0.510231 0.437382 0.513846 0.432060 0.516019 0.426241 0.515228 0.424517 0.512665 0.424231 0.508051 0.425618 0.504292 0.428889 0.501624
0 0.434708 0.529037 0.438380 0.530407 0.440801 0.533720 0.440938 0.537815 0.439027 0.541429 0.433705 0.543602 0.427886 0.542811 0.426161 0.540248 0.425875 0.535634 0.427263 0.531876 0.430533 0.529207
0 0.530433 0.572875 0.534105 0.574245 0.536526 0.577558 0.536663 0.581652 0.534752 0.585267 0.529429 0.587440 0.523611 0.586649 0.521886 0.584086 0.521600 0.579472 0.522988 0.575714 0.526258 0.573044
0 0.587506 0.500640 0.591177 0.502010 0.593599 0.505323 0.593737 0.509418 0.591824 0.513032 0.586503 0.515205 0.580684 0.514414 0.578959 0.511851 0.578673 0.507237 0.580061 0.503479 0.583331 0.500810
0 0.404244 0.531344 0.407916 0.532713 0.410338 0.536026 0.410475 0.540121 0.408563 0.543736 0.403242 0.545909 0.397423 0.545118 0.395698 0.542555 0.395412 0.537941 0.396800 0.534182 0.400069 0.531513
0 0.621316 0.507048 0.624987 0.508418 0.627409 0.511730 0.627546 0.515825 0.625634 0.519440 0.620313 0.521613 0.614494 0.520822 0.612769 0.518259 0.612483 0.513644 0.613871 0.509887 0.617141 0.507217
0 0.665566 0.475311 0.669238 0.476682 0.671660 0.479995 0.671797 0.484089 0.669885 0.487704 0.664563 0.489877 0.658745 0.489086 0.657020 0.486523 0.656734 0.481909 0.658122 0.478150 0.661392 0.475481
0 0.704170 0.464682 0.707842 0.466052 0.710264 0.469365 0.710401 0.473460 0.708489 0.477074 0.703168 0.479247 0.697349 0.478456 0.695624 0.475893 0.695338 0.471279 0.696726 0.467521 0.699995 0.464852
0 0.737792 0.460006 0.741464 0.461376 0.743886 0.464689 0.744023 0.468783 0.742111 0.472398 0.736789 0.474571 0.730970 0.473780 0.729246 0.471217 0.728960 0.466603 0.730348 0.462845 0.733617 0.460176
0 0.770262 0.454307 0.773934 0.455677 0.776356 0.458990 0.776493 0.463085 0.774581 0.466700 0.769259 0.468873 0.763441 0.468082 0.761716 0.465519 0.761429 0.460904 0.762818 0.457146 0.766087 0.454477
0 0.726181 0.379576 0.729853 0.380946 0.732275 0.384258 0.732412 0.388353 0.730500 0.391968 0.725178 0.394141 0.719359 0.393350 0.717635 0.390787 0.717349 0.386173 0.718737 0.382415 0.722007 0.379745
0 0.756147 0.361456 0.759818 0.362826 0.762240 0.366139 0.762377 0.370233 0.760465 0.373848 0.755143 0.376021 0.749325 0.375230 0.747600 0.372667 0.747314 0.368053 0.748702 0.364295 0.751972 0.361625
0 0.732400 0.337516 0.736072 0.338886 0.738493 0.342198 0.738630 0.346293 0.736719 0.349908 0.731397 0.352081 0.725578 0.351290 0.723854 0.348727 0.723568 0.344113 0.724956 0.340355 0.728226 0.337685
0 0.714563 0.342615 0.718235 0.343985 0.720656 0.347299 0.720793 0.351393 0.718882 0.355008 0.713560 0.357181 0.707741 0.356390 0.706016 0.353827 0.705730 0.349213 0.707118 0.345454 0.710388 0.342785
0 0.665756 0.281221 0.669427 0.282590 0.671849 0.285903 0.671987 0.289998 0.670074 0.293613 0.664753 0.295786 0.658934 0.294995 0.657209 0.292432 0.656923 0.287818 0.658312 0.284059 0.661581 0.281390
0 0.624976 0.261122 0.628648 0.262492 0.631069 0.265805 0.631207 0.269900 0.629295 0.273515 0.623973 0.275688 0.618154 0.274897 0.616429 0.272334 0.616143 0.267719 0.617531 0.263961 0.620801 0.261292
0 0.561196 0.326695 0.564869 0.328065 0.567290 0.331378 0.567427 0.335473 0.565515 0.339088 0.560193 0.341261 0.554375 0.340470 0.552650 0.337907 0.552364 0.333292 0.553752 0.329534 0.557022 0.326865
0 0.714386 0.255169 0.718058 0.256539 0.720480 0.259852 0.720617 0.263946 0.718705 0.267561 0.713383 0.269734 0.707565 0.268943 0.705840 0.266380 0.705553 0.261766 0.706942 0.258008 0.710211 0.255338
0 0.844967 0.377003 0.848639 0.378372 0.851061 0.381685 0.851198 0.385780 0.849286 0.389395 0.843965 0.391568 0.838146 0.390777 0.836421 0.388214 0.836135 0.383599 0.837523 0.379841 0.840792 0.377172
0 0.897015 0.345390 0.900687 0.346760 0.903109 0.350073 0.903246 0.354168 0.901334 0.357782 0.896013 0.359955 0.890194 0.359164 0.888469 0.356602 0.888183 0.351987 0.889571 0.348229 0.892840 0.345560
0 0.931705 0.389429 0.935377 0.390799 0.937799 0.394112 0.937936 0.398207 0.936024 0.401821 0.930702 0.403994 0.924883 0.403203 0.923159 0.400640 0.922873 0.396026 0.924261 0.392268 0.927531 0.389599
0 0.964452 0.411528 0.968124 0.412897 0.970546 0.416210 0.970683 0.420305 0.968771 0.423920 0.963449 0.426093 0.957631 0.425302 0.955906 0.422739 0.955620 0.418124 0.957008 0.414366 0.960277 0.411697
0 0.972372 0.394052 0.976044 0.395422 0.978466 0.398735 0.978603 0.402830 0.976691 0.406444 0.971369 0.408617 0.965551 0.407826 0.963825 0.405264 0.963539 0.400649 0.964928 0.396891 0.968197 0.394222
0 0.941937 0.405680 0.945609 0.407050 0.948031 0.410363 0.948168 0.414457 0.946256 0.418072 0.940934 0.420245 0.935116 0.419454 0.933391 0.416891 0.933105 0.412276 0.934493 0.408519 0.937762 0.405849
0 0.918279 0.430830 0.921951 0.432200 0.924373 0.435513 0.924510 0.439608 0.922598 0.443223 0.917276 0.445396 0.911458 0.444605 0.909733 0.442042 0.909447 0.437427 0.910835 0.433669 0.914104 0.431000
0 0.982240 0.430546 0.985911 0.431916 0.988334 0.435229 0.988471 0.439324 0.986558 0.442939 0.981237 0.445112 0.975418 0.444321 0.973694 0.441758 0.973407 0.437143 0.974795 0.433385 0.978065 0.430716
0 0.893789 0.383502 0.897460 0.384871 0.899882 0.388184 0.900020 0.392279 0.898107 0.395894 0.892786 0.398067 0.886967 0.397276 0.885242 0.394713 0.884956 0.390098 0.886344 0.386340 0.889614 0.383671
0 0.958498 0.298725 0.962170 0.300095 0.964592 0.303408 0.964729 0.307502 0.962817 0.311117 0.957495 0.313290 0.951676 0.312499 0.949952 0.309936 0.949666 0.305322 0.951054 0.301564 0.954323 0.298894
0 0.976870 0.296254 0.980542 0.297624 0.982964 0.300937 0.983102 0.305032 0.981189 0.308647 0.975868 0.310820 0.970049 0.310029 0.968325 0.307466 0.968038 0.302851 0.969426 0.299093 0.972696 0.296424
0 0.998397 0.282826 0.998397 0.284197 0.998397 0.287510 0.998397 0.291604 0.998397 0.295219 0.998397 0.297392 0.996029 0.296601 0.994305 0.294038 0.994019 0.289424 0.995407 0.285665 0.998397 0.282996
0 0.854115 0.323778 0.857786 0.325148 0.860209 0.328461 0.860346 0.332556 0.858433 0.336170 0.853112 0.338343 0.847293 0.337552 0.845568 0.334989 0.845282 0.330375 0.846671 0.326617 0.849940 0.323948
0 0.880751 0.263344 0.884423 0.264714 0.886845 0.268027 0.886982 0.272121 0.885070 0.275737 0.879748 0.277909 0.873929 0.277119 0.872205 0.274556 0.871918 0.269941 0.873306 0.266183 0.876576 0.263514
0 0.861579 0.255988 0.865251 0.257358 0.867673 0.260671 0.867810 0.264766 0.865898 0.268380 0.860576 0.270553 0.854757 0.269762 0.853033 0.267200 0.852747 0.262585 0.854135 0.258827 0.857404 0.256158
0 0.877581 0.427632 0.881252 0.429001 0.883674 0.432314 0.883811 0.436409 0.881899 0.440024 0.876578 0.442197 0.870759 0.441406 0.869034 0.438843 0.868748 0.434229 0.870136 0.430470 0.873406 0.427801
0 0.991546 0.487126 0.995218 0.488496 0.997639 0.491809 0.997776 0.495903 0.995865 0.499519 0.990543 0.501691 0.984724 0.500901 0.982999 0.498338 0.982714 0.493723 0.984101 0.489965 0.987371 0.487295
0 0.935800 0.507413 0.939472 0.508783 0.941894 0.512096 0.942031 0.516191 0.940120 0.519805 0.934798 0.521978 0.928979 0.521187 0.927255 0.518624 0.926968 0.514010 0.928356 0.510252 0.931626 0.507583
0 0.870401 0.533261 0.874072 0.534632 0.876494 0.537944 0.876631 0.542039 0.874719 0.545654 0.869398 0.547826 0.863579 0.547036 0.861854 0.544473 0.861568 0.539858 0.862957 0.536101 0.866226 0.533431
0 0.960690 0.511090 0.964362 0.512460 0.966784 0.515772 0.966922 0.519867 0.965009 0.523482 0.959688 0.525655 0.953869 0.524864 0.952144 0.522301 0.951858 0.517686 0.953246 0.513929 0.956516 0.511259
0 0.998397 0.465740 0.998397 0.467109 0.998397 0.470422 0.998397 0.474517 0.998397 0.478132 0.998397 0.480305 0.994272 0.479514 0.992546 0.476951 0.992260 0.472336 0.993649 0.468578 0.996918 0.465909
0 0.813334 0.529483 0.817006 0.530853 0.819428 0.534166 0.819565 0.538260 0.817653 0.541875 0.812331 0.544048 0.806512 0.543257 0.804788 0.540694 0.804502 0.536080 0.805890 0.532322 0.809160 0.529653
0 0.770663 0.597888 0.774335 0.599258 0.776756 0.602571 0.776894 0.606665 0.774982 0.610280 0.769660 0.612453 0.763842 0.611662 0.762117 0.609099 0.761831 0.604485 0.763219 0.600727 0.766489 0.598057
0 0.732960 0.630775 0.736631 0.632145 0.739053 0.635458 0.739191 0.639553 0.737278 0.643168 0.731957 0.645341 0.726138 0.644550 0.724413 0.641987 0.724127 0.637372 0.725515 0.633614 0.728785 0.630945
0 0.676245 0.638815 0.679917 0.640185 0.682338 0.643498 0.682475 0.647593 0.680564 0.651207 0.675242 0.653380 0.669423 0.652589 0.667698 0.650026 0.667412 0.645412 0.668800 0.641653 0.672070 0.638985
0 0.910893 0.632789 0.914565 0.634159 0.916987 0.637472 0.917124 0.641567 0.915212 0.645181 0.909890 0.647354 0.904071 0.646563 0.902346 0.644000 0.902060 0.639386 0.903449 0.635628 0.906718 0.632959
0 0.900365 0.582916 0.904037 0.584286 0.906459 0.587599 0.906596 0.591693 0.904684 0.595308 0.899362 0.597481 0.893544 0.596690 0.891819 0.594127 0.891533 0.589513 0.892921 0.585755 0.896191 0.583085
0 0.990820 0.628644 0.994492 0.630013 0.996914 0.633326 0.997051 0.637421 0.995139 0.641036 0.989817 0.643209 0.983999 0.642418 0.982274 0.639855 0.981987 0.635240 0.983376 0.631482 0.986645 0.628813
0 0.961953 0.689670 0.965624 0.691041 0.968047 0.694354 0.968184 0.698448 0.966271 0.702063 0.960950 0.704236 0.955131 0.703445 0.953406 0.700882 0.953120 0.696268 0.954509 0.692510 0.957778 0.689841
0 0.761010 0.721478 0.764682 0.722847 0.767104 0.726160 0.767241 0.730255 0.765329 0.733870 0.760007 0.736043 0.754188 0.735252 0.752464 0.732689 0.752178 0.728074 0.753566 0.724316 0.756835 0.721647
0 0.825773 0.693309 0.829444 0.694679 0.831867 0.697992 0.832004 0.702087 0.830091 0.705702 0.824770 0.707874 0.818951 0.707084 0.817226 0.704521 0.816940 0.699906 0.818329 0.696148 0.821598 0.693479
0 0.808323 0.682426 0.811995 0.683796 0.814416 0.687108 0.814553 0.691203 0.812642 0.694818 0.807320 0.696991 0.801501 0.696200 0.799776 0.693637 0.799491 0.689022 0.800878 0.685265 0.804148 0.682595
0 0.993580 0.702206 0.997252 0.703576 0.998397 0.706889 0.998397 0.710983 0.997899 0.714598 0.992577 0.716771 0.986759 0.715980 0.985034 0.713417 0.984748 0.708803 0.986136 0.705045 0.989406 0.702376
0 0.976248 0.714738 0.979919 0.716108 0.982341 0.719421 0.982478 0.723515 0.980566 0.727130 0.975244 0.729303 0.969426 0.728512 0.967701 0.725949 0.967415 0.721334 0.968803 0.717577 0.972073 0.714907
0 0.866868 0.735329 0.870540 0.736699 0.872961 0.740011 0.873098 0.744106 0.871187 0.747721 0.865865 0.749894 0.860046 0.749103 0.858321 0.746540 0.858035 0.741925 0.859423 0.738168 0.862693 0.735498
0 0.829533 0.777719 0.833204 0.779089 0.835627 0.782402 0.835764 0.786497 0.833852 0.790111 0.828530 0.792284 0.822711 0.791493 0.820987 0.788930 0.820700 0.784316 0.822089 0.780558 0.825358 0.777889
0 0.781245 0.783106 0.784917 0.784476 0.787339 0.787789 0.787476 0.791884 0.785564 0.795499 0.780242 0.797671 0.774423 0.796880 0.772699 0.794318 0.772413 0.789703 0.773801 0.785945 0.777070 0.783276
0 0.826592 0.797207 0.830264 0.798577 0.832686 0.801890 0.832823 0.805985 0.830911 0.809600 0.825589 0.811773 0.819770 0.810982 0.818046 0.808419 0.817760 0.803805 0.819148 0.800046 0.822417 0.797377
0 0.965274 0.761967 0.968945 0.763337 0.971367 0.766650 0.971504 0.770744 0.969592 0.774359 0.964280 0.776004 0.958452 0.775741 0.956727 0.773178 0.956441 0.768563 0.957829 0.764806 0.961099 0.762136
0 0.720262 0.779450 0.723934 0.780820 0.726355 0.784133 0.726492 0.788227 0.724581 0.791842 0.719268 0.793487 0.713440 0.793224 0.711715 0.790661 0.711429 0.786047 0.712817 0.782289 0.716087 0.779619
0 0.677644 0.710511 0.681315 0.711882 0.683738 0.715195 0.683875 0.719289 0.681962 0.722904 0.676651 0.724549 0.670822 0.724286 0.669097 0.721723 0.668811 0.717109 0.670200 0.713350 0.673469 0.710681
0 0.647825 0.696087 0.651496 0.697457 0.653918 0.700770 0.654055 0.704864 0.652143 0.708479 0.646831 0.710123 0.641003 0.709861 0.639278 0.707298 0.638992 0.702684 0.640380 0.698926 0.643650 0.696257
0 0.651905 0.720190 0.655577 0.721560 0.657999 0.724873 0.658136 0.728968 0.656224 0.732582 0.650912 0.734227 0.645084 0.733964 0.643359 0.731401 0.643073 0.726787 0.644461 0.723029 0.647730 0.720360
0 0.824575 0.718627 0.828246 0.719997 0.830669 0.723310 0.830806 0.727405 0.828894 0.731019 0.823582 0.732664 0.817753 0.732401 0.816029 0.729838 0.815742 0.725224 0.817131 0.721466 0.820400 0.718797
0 0.602741 0.724943 0.606412 0.726312 0.608834 0.729625 0.608971 0.733720 0.607059 0.737335 0.601747 0.738979 0.595919 0.738717 0.594194 0.736154 0.593908 0.731539 0.595297 0.727781 0.598566 0.725112
0 0.606393 0.698073 0.610065 0.699443 0.612486 0.702756 0.612623 0.706851 0.610712 0.710466 0.605399 0.712111 0.599571 0.711848 0.597846 0.709285 0.597560 0.704670 0.598948 0.700912 0.602218 0.698243
0 0.623231 0.689358 0.626903 0.690728 0.629325 0.694041 0.629462 0.698136 0.627550 0.701751 0.622237 0.703395 0.616410 0.703133 0.614684 0.700570 0.614399 0.695956 0.615787 0.692197 0.619056 0.689528
0 0.630590 0.741419 0.634262 0.742790 0.636684 0.746103 0.636821 0.750197 0.634909 0.753812 0.629597 0.755457 0.623769 0.755194 0.622044 0.752631 0.621758 0.748016 0.623146 0.744258 0.626415 0.741589
0 0.586895 0.672269 0.590567 0.673639 0.592989 0.676952 0.593126 0.681046 0.591214 0.684661 0.585902 0.686306 0.580073 0.686043 0.578349 0.683480 0.578062 0.678866 0.579451 0.675108 0.582720 0.672438
0 0.935032 0.762105 0.938703 0.763475 0.941126 0.766788 0.941263 0.770882 0.939351 0.774497 0.934039 0.776142 0.928210 0.775879 0.926486 0.773316 0.926199 0.768702 0.927588 0.764944 0.930857 0.762275
0 0.546943 0.694976 0.550615 0.696346 0.553037 0.699659 0.553174 0.703753 0.551262 0.707369 0.545950 0.709013 0.540121 0.708751 0.538397 0.706188 0.538111 0.701573 0.539499 0.697815 0.542769 0.695146
0 0.511496 0.722674 0.515168 0.724045 0.517589 0.727358 0.517726 0.731452 0.515815 0.735067 0.510503 0.736712 0.504674 0.736449 0.502950 0.733886 0.502664 0.729272 0.504052 0.725513 0.507321 0.722845
0 0.497383 0.691690 0.501055 0.693060 0.503477 0.696373 0.503614 0.700468 0.501702 0.704082 0.496390 0.705727 0.490562 0.705464 0.488837 0.702901 0.488551 0.698287 0.489939 0.694529 0.493208 0.691860
0 0.546350 0.670082 0.550022 0.671452 0.552443 0.674765 0.552580 0.678860 0.550669 0.682475 0.545357 0.684119 0.539528 0.683857 0.537804 0.681294 0.537518 0.676679 0.538905 0.672921 0.542175 0.670252
0 0.625540 0.591483 0.629211 0.592853 0.631634 0.596166 0.631771 0.600260 0.629858 0.603875 0.624547 0.605520 0.618718 0.605257 0.616994 0.602694 0.616707 0.598080 0.618096 0.594322 0.621365 0.591653
0 0.364732 0.675293 0.368403 0.676664 0.370825 0.679976 0.370963 0.684071 0.369050 0.687686 0.363738 0.689330 0.357910 0.689067 0.356185 0.686504 0.355899 0.681890 0.357288 0.678132 0.360557 0.675463
0 0.588349 0.785919 0.592020 0.787289 0.594443 0.790602 0.594580 0.794697 0.592667 0.798312 0.587355 0.799956 0.581527 0.799694 0.579803 0.797131 0.579516 0.792516 0.580905 0.788758 0.584174 0.786089
0 0.389031 0.787673 0.392703 0.789043 0.395125 0.792356 0.395262 0.796451 0.393350 0.800065 0.388038 0.801710 0.382209 0.801447 0.380485 0.798884 0.380199 0.794270 0.381587 0.790512 0.384857 0.787843
0 0.428148 0.712929 0.431820 0.714299 0.434241 0.717612 0.434379 0.721707 0.432467 0.725322 0.427154 0.726966 0.421326 0.726704 0.419601 0.724141 0.419315 0.719526 0.420704 0.715768 0.423973 0.713099
0 0.330422 0.701954 0.334094 0.703324 0.336515 0.706637 0.336652 0.710732 0.334741 0.714346 0.329428 0.715991 0.323600 0.715728 0.321875 0.713165 0.321589 0.708551 0.322977 0.704793 0.326247 0.702124
0 0.376507 0.690188 0.380179 0.691558 0.382601 0.694871 0.382738 0.698966 0.380826 0.702581 0.375514 0.704225 0.369686 0.703963 0.367961 0.701400 0.367675 0.696785 0.369063 0.693027 0.372332 0.690358
0 0.370539 0.657258 0.374210 0.658628 0.376632 0.661941 0.376769 0.666035 0.374857 0.669650 0.369545 0.671295 0.363717 0.671032 0.361992 0.668469 0.361706 0.663855 0.363095 0.660097 0.366364 0.657427
0 0.444322 0.608578 0.447993 0.609948 0.450416 0.613261 0.450553 0.617356 0.448640 0.620970 0.443328 0.622615 0.437500 0.622352 0.435776 0.619790 0.435489 0.615175 0.436878 0.611417 0.440147 0.608748
0 0.333982 0.727020 0.337654 0.728389 0.340075 0.731702 0.340213 0.735797 0.338301 0.739412 0.332989 0.741056 0.327161 0.740794 0.325436 0.738231 0.325150 0.733616 0.326538 0.729858 0.329808 0.727189
0 0.579063 0.592584 0.582735 0.593954 0.585157 0.597266 0.585294 0.601361 0.583382 0.604976 0.578070 0.606620 0.572242 0.606358 0.570517 0.603795 0.570231 0.599180 0.571619 0.595423 0.574888 0.592753
0 0.311296 0.762223 0.314967 0.763593 0.317390 0.766906 0.317527 0.771000 0.315614 0.774615 0.310302 0.776260 0.304474 0.775997 0.302749 0.773434 0.302463 0.768820 0.303852 0.765062 0.307121 0.762393
0 0.292473 0.767480 0.296144 0.768850 0.298566 0.772163 0.298703 0.776258 0.296792 0.779872 0.291479 0.781517 0.285651 0.781254 0.283926 0.778691 0.283640 0.774077 0.285028 0.770319 0.288298 0.767650
0 0.328603 0.797964 0.332275 0.799334 0.334697 0.802647 0.334834 0.806742 0.332922 0.810356 0.327610 0.812001 0.321782 0.811738 0.320057 0.809175 0.319771 0.804561 0.321159 0.800803 0.324428 0.798134
0 0.336104 0.782448 0.339776 0.783818 0.342198 0.787131 0.342335 0.791225 0.340423 0.794840 0.335111 0.796485 0.329283 0.796222 0.327558 0.793659 0.327272 0.789045 0.328660 0.785287 0.331930 0.782617
0 0.356855 0.811473 0.360526 0.812844 0.362948 0.816157 0.363086 0.820252 0.361174 0.823866 0.355862 0.825511 0.350033 0.825248 0.348309 0.822685 0.348022 0.818071 0.349410 0.814313 0.352680 0.811644
0 0.399598 0.805141 0.403270 0.806511 0.405692 0.809824 0.405829 0.813919 0.403917 0.817533 0.398615 0.818650 0.392779 0.818820 0.391052 0.816352 0.390766 0.811738 0.392154 0.807980 0.395423 0.805311
0 0.277419 0.726505 0.281091 0.727875 0.283512 0.731187 0.283649 0.735282 0.281738 0.738897 0.276435 0.740013 0.270599 0.740184 0.268873 0.737716 0.268586 0.733101 0.269974 0.729344 0.273244 0.726674
0 0.256947 0.673507 0.260619 0.674877 0.263040 0.678190 0.263177 0.682284 0.261266 0.685899 0.255963 0.687016 0.250127 0.687186 0.248401 0.684718 0.248115 0.680103 0.249503 0.676346 0.252772 0.673676
0 0.278415 0.752477 0.282087 0.753847 0.284509 0.757160 0.284646 0.761255 0.282734 0.764869 0.277175 0.766994 0.271595 0.766156 0.269869 0.763689 0.269582 0.759074 0.270971 0.755316 0.274240 0.752647
0 0.237687 0.778389 0.241359 0.779759 0.243781 0.783072 0.243918 0.787167 0.242006 0.790782 0.236448 0.792906 0.230868 0.792069 0.229141 0.789601 0.228855 0.784987 0.230243 0.781228 0.233513 0.778559
0 0.217594 0.774583 0.221266 0.775953 0.223688 0.779266 0.223825 0.783361 0.221913 0.786976 0.216355 0.789099 0.210774 0.788262 0.209048 0.785794 0.208762 0.781180 0.210150 0.777422 0.213419 0.774753
0 0.196352 0.707648 0.200024 0.709018 0.202446 0.712331 0.202583 0.716425 0.200671 0.720040 0.195112 0.722164 0.189532 0.721327 0.187806 0.718859 0.187519 0.714245 0.188908 0.710487 0.192177 0.707818
0 0.242285 0.698569 0.245957 0.699939 0.248378 0.703252 0.248515 0.707347 0.246604 0.710962 0.241045 0.713085 0.235465 0.712249 0.233738 0.709781 0.233453 0.705166 0.234841 0.701408 0.238110 0.698739
0 0.200404 0.690786 0.204076 0.692156 0.206498 0.695469 0.206635 0.699564 0.204723 0.703179 0.199165 0.705302 0.193585 0.704466 0.191858 0.701998 0.191572 0.697383 0.192960 0.693625 0.196229 0.690956
0 0.129162 0.785845 0.132834 0.787215 0.135255 0.790528 0.135393 0.794622 0.133481 0.798238 0.127922 0.800361 0.122342 0.799524 0.120615 0.797056 0.120330 0.792442 0.121718 0.788684 0.124987 0.786015
0 0.170673 0.767827 0.174345 0.769197 0.176767 0.772510 0.176904 0.776605 0.174992 0.780220 0.169434 0.782344 0.163854 0.781507 0.162127 0.779039 0.161841 0.774424 0.163229 0.770666 0.166498 0.767997
0 0.000000 0.754701 0.000000 0.756071 0.002064 0.759384 0.002201 0.763479 0.000289 0.767093 0.000000 0.769217 0.000000 0.768380 0.000000 0.765912 0.000000 0.761298 0.000000 0.757540 0.000000 0.754871
0 0.000000 0.717248 0.000000 0.718618 0.000913 0.721931 0.001050 0.726025 0.000000 0.729640 0.000000 0.731764 0.000000 0.730927 0.000000 0.728459 0.000000 0.723845 0.000000 0.720087 0.000000 0.717417
0 0.000000 0.754981 0.000000 0.756351 0.000000 0.759664 0.000000 0.763759 0.000000 0.767373 0.000000 0.769497 0.000000 0.768660 0.000000 0.766192 0.000000 0.761578 0.000000 0.757820 0.000000 0.755151
0 0.000000 0.800940 0.000000 0.802310 0.000000 0.805623 0.000000 0.809718 0.000000 0.813332 0.000000 0.815456 0.000000 0.814619 0.000000 0.812151 0.000000 0.807537 0.000000 0.803779 0.000000 0.801110
0 0.000000 0.709026 0.000000 0.710397 0.000000 0.713709 0.000000 0.717804 0.000000 0.721418 0.000000 0.723543 0.000000 0.722705 0.000000 0.720238 0.000000 0.715623 0.000000 0.711865 0.000000 0.709196
0 0.000000 0.824269 0.000000 0.825639 0.000000 0.828952 0.000000 0.833046 0.000000 0.836661 0.000000 0.838785 0.000000 0.837948 0.000000 0.835480 0.000000 0.830865 0.000000 0.827108 0.000000 0.824438
0 0.000000 0.705888 0.000000 0.707258 0.000000 0.710571 0.000000 0.714666 0.000000 0.718281 0.000000 0.720242 0.000000 0.719568 0.000000 0.717100 0.000000 0.712485 0.000000 0.708727 0.000000 0.706058
0 0.000000 0.653429 0.000000 0.654800 0.000000 0.658113 0.000000 0.662207 0.000000 0.665822 0.000000 0.667784 0.000000 0.667109 0.000000 0.664641 0.000000 0.660027 0.000000 0.656269 0.000000 0.653600
0 0.000000 0.602556 0.000000 0.603926 0.000000 0.607239 0.000000 0.611334 0.000000 0.614948 0.000000 0.616909 0.000000 0.616235 0.000000 0.613767 0.000000 0.609153 0.000000 0.605395 0.000000 0.602726
0 0.067069 0.681405 0.070740 0.682775 0.073162 0.686087 0.073300 0.690182 0.071387 0.693797 0.065832 0.695758 0.060249 0.695084 0.058523 0.692616 0.058236 0.688001 0.059624 0.684244 0.062894 0.681574
0 0.000000 0.600007 0.000000 0.601376 0.000000 0.604689 0.000000 0.608784 0.000000 0.612399 0.000000 0.614360 0.000000 0.613685 0.000000 0.611218 0.000000 0.606603 0.000000 0.602845 0.000000 0.600176
0 0.000000 0.642018 0.000000 0.643388 0.000000 0.646701 0.000000 0.650796 0.000000 0.654411 0.000000 0.656372 0.000000 0.655698 0.000000 0.653224 0.000000 0.648598 0.000000 0.644857 0.000000 0.642188
0 0.000000 0.667702 0.000000 0.669071 0.000000 0.672385 0.000000 0.676479 0.000000 0.680094 0.000000 0.682056 0.000000 0.681381 0.000000 0.678907 0.000000 0.674281 0.000000 0.670540 0.000000 0.667871
0 0.000000 0.587805 0.000000 0.589175 0.000000 0.592488 0.000000 0.596583 0.000000 0.600198 0.000000 0.602159 0.000000 0.601485 0.000000 0.599010 0.000000 0.594385 0.000000 0.590644 0.000000 0.587975
0 0.151087 0.721095 0.154759 0.722465 0.157181 0.725777 0.157318 0.729872 0.155406 0.733487 0.149851 0.735449 0.144268 0.734774 0.142757 0.732300 0.142841 0.727674 0.143643 0.723934 0.146912 0.721264
0 0.344372 0.713275 0.348044 0.714645 0.350466 0.717958 0.350603 0.722053 0.348691 0.725667 0.343135 0.727629 0.337552 0.726954 0.336041 0.724481 0.336125 0.719855 0.336928 0.716114 0.340197 0.713445
0 0.436551 0.564586 0.440222 0.565956 0.442644 0.569269 0.442781 0.573364 0.440869 0.576978 0.435314 0.578940 0.429730 0.578265 0.428220 0.575792 0.428303 0.571166 0.429106 0.567425 0.432376 0.564756
0 0.480019 0.545560 0.483690 0.546930 0.486112 0.550243 0.486250 0.554338 0.484841 0.557040 0.476086 0.556854 0.472809 0.555292 0.471872 0.551173 0.472724 0.548109 0.475844 0.545730
0 0.292462 0.560808 0.296134 0.562178 0.298556 0.565491 0.298693 0.569586 0.296781 0.573200 0.291226 0.575162 0.285643 0.574487 0.284132 0.572013 0.284216 0.567388 0.285018 0.563646 0.288288 0.560978
0 0.249620 0.528233 0.253292 0.529603 0.255714 0.532917 0.255851 0.537011 0.253939 0.540625 0.248383 0.542587 0.242801 0.541912 0.241290 0.539439 0.241373 0.534813 0.242176 0.531072 0.245445 0.528403
0 0.182220 0.472286 0.186877 0.473487 0.190001 0.477549 0.190462 0.482215 0.188283 0.486291 0.184310 0.488796 0.178113 0.489419 0.173227 0.487008 0.170885 0.483749 0.170965 0.478846 0.173734 0.474472 0.177458 0.472531
0 0.157685 0.430178 0.162342 0.431379 0.165466 0.435440 0.165927 0.440107 0.163748 0.444182 0.159774 0.446688 0.153578 0.447311 0.148691 0.444899 0.146350 0.441642 0.146430 0.436738 0.149199 0.432364 0.152923 0.430423
0 0.134906 0.398377 0.139564 0.399578 0.142687 0.403639 0.143148 0.408306 0.140969 0.412382 0.136996 0.414887 0.130799 0.415510 0.125912 0.413099 0.123571 0.409840 0.123650 0.404937 0.126420 0.400562 0.130144 0.398622
0 0.269367 0.478951 0.274024 0.480152 0.277148 0.484214 0.277610 0.488880 0.275430 0.492956 0.271457 0.495461 0.265260 0.496084 0.260374 0.493673 0.258032 0.490415 0.258112 0.485511 0.260881 0.481137 0.264605 0.479196
0 0.101724 0.480232 0.106382 0.481433 0.109506 0.485494 0.109967 0.490161 0.107788 0.494237 0.103814 0.496742 0.097617 0.497365 0.092731 0.494954 0.090390 0.491695 0.090469 0.486792 0.093239 0.482418 0.096963 0.480477
0 0.095930 0.514868 0.100588 0.516069 0.103712 0.520130 0.104173 0.524797 0.101994 0.528872 0.098020 0.531377 0.091824 0.532001 0.086937 0.529589 0.084595 0.526331 0.084675 0.521428 0.087445 0.517053 0.091169 0.515113
0 0.073062 0.527054 0.077719 0.528255 0.080843 0.532316 0.081304 0.536983 0.079125 0.541059 0.075151 0.543564 0.068955 0.544187 0.064068 0.541775 0.061727 0.538518 0.061806 0.533614 0.064576 0.529240 0.068300 0.527299
0 0.072629 0.558186 0.077286 0.559387 0.080410 0.563448 0.080871 0.568115 0.078692 0.572191 0.074718 0.574696 0.068522 0.575319 0.063635 0.572908 0.061294 0.569650 0.061373 0.564746 0.064143 0.560372 0.067867 0.558431
0 0.023961 0.503079 0.028618 0.504279 0.031743 0.508341 0.032204 0.513008 0.030025 0.517083 0.026051 0.519588 0.019854 0.520212 0.014968 0.517800 0.012626 0.514542 0.012706 0.509638 0.015476 0.505264 0.019200 0.503323
0 0.028831 0.446086 0.033489 0.447287 0.036612 0.451348 0.037074 0.456015 0.034895 0.460091 0.030921 0.462596 0.024724 0.463219 0.019838 0.460808 0.017497 0.457549 0.017576 0.452646 0.020346 0.448272 0.024070 0.446331
0 0.000000 0.469621 0.000000 0.470822 0.000000 0.474884 0.000000 0.479550 0.000000 0.483626 0.000000 0.486131 0.000000 0.486754 0.000000 0.484343 0.000000 0.481085 0.000000 0.476181 0.000000 0.471807 0.000000 0.469866
0 0.000000 0.492684 0.000000 0.493885 0.000000 0.497947 0.000000 0.502613 0.000000 0.506689 0.000000 0.509194 0.000000 0.509817 0.000000 0.507406 0.000000 0.504148 0.000000 0.499244 0.000000 0.494870 0.000000 0.492929
0 0.000000 0.510136 0.000000 0.511337 0.000000 0.515398 0.000000 0.520065 0.000000 0.524141 0.000000 0.526646 0.000000 0.527269 0.000000 0.524858 0.000000 0.521600 0.000000 0.516696 0.000000 0.512322 0.000000 0.510381
0 0.000000 0.463690 0.000000 0.464891 0.000000 0.468952 0.000000 0.473619 0.000000 0.477694 0.000000 0.480199 0.000000 0.480823 0.000000 0.478411 0.000000 0.475153 0.000000 0.470250 0.000000 0.465875 0.000000 0.463935
0 0.000000 0.477260 0.000000 0.478461 0.000000 0.482522 0.000000 0.487189 0.000000 0.491264 0.000000 0.493769 0.000000 0.494393 0.000000 0.491981 0.000000 0.488723 0.000000 0.483820 0.000000 0.479445 0.000000 0.477505
0 0.000000 0.545583 0.000000 0.546784 0.000000 0.550846 0.000000 0.555512 0.000000 0.559588 0.000000 0.562093 0.000000 0.562716 0.000000 0.560305 0.000000 0.557047 0.000000 0.552143 0.000000 0.547769 0.000000 0.545828
0 0.055739 0.519389 0.060396 0.520589 0.063521 0.524650 0.063982 0.529318 0.061803 0.533393 0.057829 0.535898 0.051632 0.536521 0.046746 0.534110 0.044404 0.530852 0.044484 0.525948 0.047254 0.521574 0.050978 0.519633
0 0.000000 0.559847 0.000000 0.561048 0.000000 0.565110 0.000000 0.569776 0.000000 0.573852 0.000000 0.576357 0.000000 0.576980 0.000000 0.574569 0.000000 0.571311 0.000000 0.566407 0.000000 0.562033 0.000000 0.560092
0 0.058860 0.468706 0.063517 0.469907 0.066641 0.473968 0.067103 0.478635 0.064923 0.482710 0.060950 0.485215 0.054753 0.485838 0.049867 0.483427 0.047525 0.480169 0.047605 0.475265 0.050374 0.470891 0.054098 0.468950
0 0.056334 0.391053 0.060992 0.392254 0.064115 0.396315 0.064577 0.400982 0.062397 0.405057 0.058424 0.407562 0.052227 0.408186 0.047341 0.405774 0.044999 0.402516 0.045079 0.397613 0.047849 0.393238 0.051573 0.391298
0 0.000000 0.340703 0.000000 0.341904 0.000000 0.345965 0.000000 0.350632 0.000000 0.354707 0.000000 0.357212 0.000000 0.357836 0.000000 0.355424 0.000000 0.352166 0.000000 0.347263 0.000000 0.342888 0.000000 0.340948
0 0.018813 0.273669 0.023470 0.274870 0.026594 0.278932 0.027055 0.283599 0.024876 0.287674 0.020902 0.290179 0.014706 0.290802 0.009819 0.288391 0.007478 0.285133 0.007557 0.280229 0.010327 0.275855 0.014051 0.273914
0 0.213724 0.302116 0.218381 0.303318 0.221505 0.307378 0.221967 0.312045 0.219787 0.316121 0.215814 0.318626 0.209617 0.319249 0.204731 0.316838 0.202389 0.313580 0.202469 0.308676 0.205239 0.304302 0.208963 0.302361
0 0.232153 0.266720 0.236810 0.267921 0.239934 0.271982 0.240396 0.276649 0.238216 0.280724 0.234243 0.283230 0.228046 0.283853 0.223160 0.281441 0.220818 0.278184 0.220898 0.273280 0.223668 0.268905 0.227392 0.266965
0 0.285641 0.401615 0.290298 0.402816 0.293422 0.406877 0.293883 0.411544 0.291704 0.415620 0.287730 0.418125 0.281534 0.418748 0.276647 0.416337 0.274306 0.413078 0.274385 0.408175 0.277155 0.403801 0.280879 0.401860
0 0.291330 0.289618 0.295987 0.290819 0.299111 0.294880 0.299572 0.299547 0.297393 0.303622 0.293420 0.306127 0.287222 0.306751 0.282337 0.304339 0.279995 0.301081 0.280075 0.296178 0.282844 0.291803 0.286569 0.289863
0 0.343839 0.302947 0.348496 0.304148 0.351621 0.308209 0.352082 0.312876 0.349902 0.316951 0.345929 0.319456 0.339732 0.320080 0.334846 0.317668 0.332504 0.314410 0.332584 0.309507 0.335354 0.305132 0.339078 0.303192
0 0.421769 0.443502 0.426426 0.444702 0.429550 0.448764 0.430012 0.453431 0.427833 0.457506 0.423859 0.460011 0.417662 0.460635 0.412776 0.458223 0.410434 0.454965 0.410514 0.450062 0.413283 0.445687 0.417008 0.443747
0 0.486683 0.356864 0.491340 0.358066 0.494464 0.362126 0.494925 0.366793 0.492746 0.370869 0.488772 0.373374 0.482575 0.373997 0.477689 0.371586 0.475348 0.368328 0.475427 0.363424 0.478197 0.359050 0.481921 0.357109
0 0.454517 0.365657 0.459174 0.366858 0.462298 0.370920 0.462759 0.375586 0.460580 0.379662 0.456607 0.382167 0.450409 0.382790 0.445524 0.380379 0.443182 0.377121 0.443262 0.372217 0.446031 0.367843 0.449755 0.365902
0 0.549781 0.338691 0.554438 0.339892 0.557562 0.343953 0.558024 0.348620 0.555845 0.352695 0.551871 0.355201 0.545674 0.355824 0.540788 0.353412 0.538446 0.350155 0.538526 0.345251 0.541295 0.340876 0.545020 0.338936
0 0.630066 0.310091 0.634723 0.311292 0.637847 0.315353 0.638309 0.320020 0.636129 0.324096 0.632156 0.326600 0.625959 0.327224 0.621073 0.324812 0.618731 0.321555 0.618811 0.316651 0.621581 0.312276 0.625305 0.310336
0 0.574124 0.403246 0.578781 0.404447 0.581906 0.408508 0.582367 0.413175 0.580188 0.417250 0.576214 0.419755 0.570017 0.420379 0.565131 0.417967 0.562789 0.414710 0.562869 0.409806 0.565639 0.405431 0.569363 0.403491
0 0.504270 0.435771 0.508928 0.436972 0.512052 0.441033 0.512513 0.445700 0.510334 0.449776 0.506360 0.452281 0.500163 0.452904 0.495277 0.450493 0.492936 0.447234 0.493015 0.442331 0.495785 0.437957 0.499509 0.436016
0 0.591165 0.315184 0.595822 0.316385 0.598946 0.320445 0.599407 0.325113 0.597228 0.329188 0.593255 0.331693 0.587057 0.332316 0.582172 0.329905 0.579830 0.326647 0.579910 0.321744 0.582679 0.317369 0.586403 0.315428
0 0.481885 0.487031 0.486542 0.488232 0.489666 0.492293 0.490127 0.496960 0.487948 0.501035 0.483974 0.503540 0.477777 0.504164 0.472891 0.501752 0.470549 0.498495 0.470629 0.493591 0.473399 0.489216 0.477123 0.487276
0 0.643501 0.442825 0.648159 0.444026 0.651282 0.448087 0.651744 0.452754 0.649564 0.456830 0.645591 0.459335 0.639394 0.459958 0.634508 0.457547 0.632166 0.454289 0.632246 0.449385 0.635016 0.445011 0.638740 0.443070
0 0.629250 0.466712 0.633907 0.467913 0.637031 0.471974 0.637493 0.476641 0.635313 0.480716 0.631340 0.483222 0.625143 0.483845 0.620256 0.481433 0.617915 0.478175 0.617995 0.473272 0.620764 0.468898 0.624488 0.466957
0 0.573841 0.520647 0.578498 0.521848 0.581622 0.525910 0.582084 0.530576 0.579904 0.534652 0.575931 0.537157 0.569734 0.537780 0.564848 0.535369 0.562506 0.532111 0.562586 0.527207 0.565355 0.522833 0.569080 0.520892
0 0.581978 0.556310 0.586636 0.557511 0.589759 0.561572 0.590221 0.566239 0.588041 0.570314 0.584068 0.572819 0.577871 0.573443 0.572985 0.571031 0.570643 0.567773 0.570723 0.562869 0.573493 0.558495 0.577217 0.556554
0 0.609921 0.561114 0.614579 0.562315 0.617702 0.566376 0.618164 0.571043 0.615984 0.575118 0.612011 0.577623 0.605814 0.578247 0.600928 0.575835 0.598586 0.572577 0.598666 0.567674 0.601435 0.563299 0.605160 0.561359
0 0.563787 0.580674 0.568445 0.581875 0.571568 0.585936 0.572030 0.590603 0.569850 0.594679 0.565877 0.597184 0.559680 0.597807 0.554794 0.595396 0.552452 0.592137 0.552532 0.587234 0.555302 0.582860 0.559025 0.580919
0 0.554554 0.600430 0.559212 0.601631 0.562335 0.605692 0.562797 0.610359 0.560617 0.614434 0.556644 0.616940 0.550448 0.617563 0.545561 0.615151 0.543219 0.611893 0.543299 0.606990 0.546069 0.602615 0.549793 0.600675
0 0.607259 0.583473 0.611916 0.584674 0.615040 0.588735 0.615501 0.593402 0.613322 0.597478 0.609349 0.599983 0.603152 0.600606 0.598266 0.598195 0.595924 0.594937 0.596004 0.590033 0.598774 0.585659 0.602497 0.583718
0 0.642884 0.602873 0.647541 0.604075 0.650665 0.608136 0.651126 0.612802 0.648947 0.616878 0.644974 0.619383 0.638776 0.620006 0.633891 0.617595 0.631549 0.614337 0.631629 0.609433 0.634398 0.605059 0.638122 0.603118
0 0.454019 0.635214 0.458677 0.636415 0.461801 0.640476 0.462262 0.645143 0.460083 0.649218 0.456109 0.651723 0.449912 0.652346 0.445026 0.649935 0.442684 0.646677 0.442764 0.641773 0.445534 0.637399 0.449258 0.635458
0 0.475931 0.529394 0.480588 0.530595 0.483712 0.534656 0.484173 0.539323 0.481994 0.543399 0.478021 0.545904 0.471824 0.546527 0.466938 0.544116 0.464596 0.540857 0.464676 0.535954 0.467446 0.531580 0.471169 0.529639
0 0.376216 0.517288 0.380873 0.518489 0.383997 0.522550 0.384459 0.527217 0.382280 0.531292 0.378306 0.533798 0.372109 0.534421 0.367223 0.532009 0.364881 0.528752 0.364961 0.523848 0.367730 0.519473 0.371455 0.517533
0 0.326048 0.526205 0.330705 0.527406 0.333829 0.531467 0.334290 0.536134 0.332111 0.540210 0.328137 0.542715 0.321940 0.543338 0.317054 0.540927 0.314713 0.537668 0.314793 0.532765 0.317562 0.528391 0.321286 0.526450
0 0.354673 0.485223 0.359330 0.486424 0.362453 0.490485 0.362915 0.495152 0.360736 0.499227 0.356762 0.501733 0.350566 0.502356 0.345679 0.499944 0.343338 0.496686 0.343417 0.491783 0.346187 0.487409 0.349911 0.485468
0 0.229301 0.576644 0.233959 0.577845 0.237083 0.581907 0.237544 0.586573 0.235365 0.590649 0.231391 0.593154 0.225195 0.593777 0.220308 0.591366 0.217967 0.588108 0.218046 0.583204 0.220816 0.578830 0.224540 0.576889
0 0.183359 0.621465 0.188016 0.622666 0.191140 0.626727 0.191602 0.631394 0.189422 0.635469 0.185449 0.637974 0.179252 0.638598 0.174366 0.636186 0.172024 0.632928 0.172104 0.628025 0.174873 0.623650 0.178598 0.621709
0 0.164739 0.572030 0.169396 0.573231 0.172519 0.577293 0.172981 0.581960 0.170802 0.586035 0.166828 0.588540 0.160631 0.589163 0.155745 0.586752 0.153403 0.583494 0.153483 0.578590 0.156252 0.574216 0.159977 0.572275
0 0.319951 0.441494 0.324608 0.442695 0.327732 0.446757 0.328193 0.451424 0.326014 0.455499 0.322041 0.458004 0.315844 0.458627 0.310958 0.456216 0.308616 0.452958 0.308696 0.448054 0.311466 0.443680 0.315189 0.441739
0 0.312018 0.533204 0.316675 0.534405 0.319799 0.538466 0.320260 0.543133 0.318081 0.547208 0.314108 0.549713 0.307911 0.550337 0.303025 0.547925 0.300683 0.544667 0.300763 0.539763 0.303532 0.535389 0.307256 0.533448
0 0.033160 0.613048 0.037818 0.614250 0.040941 0.618311 0.041403 0.622978 0.039224 0.627053 0.035250 0.629558 0.029053 0.630181 0.024167 0.627770 0.021825 0.624512 0.021905 0.619608 0.024675 0.615234 0.028399 0.613293
0 0.005132 0.615614 0.009789 0.616814 0.012913 0.620875 0.013375 0.625543 0.011195 0.629618 0.007222 0.632123 0.001025 0.632746 0.000000 0.630335 0.000000 0.627077 0.000000 0.622173 0.000000 0.617799 0.000371 0.615858
0 0.000000 0.634297 0.000000 0.635498 0.000000 0.639560 0.000000 0.644226 0.000000 0.648302 0.000000 0.650807 0.000000 0.651430 0.000000 0.649019 0.000000 0.645761 0.000000 0.640857 0.000000 0.636483 0.000000 0.634542
0 0.000000 0.603091 0.000000 0.604292 0.000000 0.608353 0.000000 0.613020 0.000000 0.617096 0.000000 0.619601 0.000000 0.620224 0.000000 0.617813 0.000000 0.614554 0.000000 0.609651 0.000000 0.605277 0.000000 0.603336
0 0.000000 0.614825 0.000000 0.616026 0.000000 0.620087 0.000000 0.624754 0.000000 0.628829 0.000000 0.631334 0.000000 0.631958 0.000000 0.629546 0.000000 0.626288 0.000000 0.621384 0.000000 0.617010 0.000000 0.615070
0 0.000000 0.620523 0.000000 0.621724 0.000000 0.625785 0.000000 0.630452 0.000000 0.634527 0.000000 0.637033 0.000000 0.637656 0.000000 0.635244 0.000000 0.631986 0.000000 0.627083 0.000000 0.622708 0.000000 0.620768
0 0.000000 0.673806 0.000000 0.675006 0.000000 0.679068 0.000000 0.683735 0.000000 0.687810 0.000000 0.690315 0.000000 0.690939 0.000000 0.688527 0.000000 0.685252 0.000000 0.680348 0.000000 0.675991 0.000000 0.674050
0 0.103975 0.679618 0.108632 0.680818 0.111755 0.684880 0.112217 0.689547 0.110038 0.693622 0.106064 0.696127 0.099867 0.696751 0.094981 0.694339 0.093216 0.691064 0.093305 0.686160 0.095489 0.681803 0.099213 0.679863
0 0.068507 0.661436 0.073164 0.662637 0.076288 0.666698 0.076749 0.671365 0.074570 0.675440 0.070597 0.677945 0.064399 0.678569 0.059514 0.676157 0.057748 0.672883 0.057837 0.667979 0.060021 0.663621 0.063745 0.661681
0 0.091448 0.642526 0.096105 0.643727 0.099229 0.647788 0.099691 0.652455 0.097511 0.656530 0.093538 0.659036 0.087341 0.659659 0.082455 0.657247 0.080689 0.653973 0.080778 0.649069 0.082962 0.644711 0.086687 0.642771
0 0.162668 0.510920 0.167325 0.512121 0.170449 0.516182 0.170911 0.520849 0.168731 0.524924 0.164758 0.527430 0.158561 0.528053 0.153675 0.525641 0.151909 0.522367 0.151998 0.517463 0.154182 0.513106 0.157907 0.511165
0 0.012749 0.658383 0.017406 0.659584 0.020530 0.663645 0.020991 0.668312 0.018812 0.672388 0.014839 0.674893 0.008641 0.675516 0.003756 0.673105 0.001990 0.669829 0.002079 0.664926 0.004263 0.660569 0.007988 0.658628
0 0.096968 0.780116 0.101625 0.781317 0.104749 0.785379 0.105210 0.790045 0.103031 0.794121 0.099058 0.796626 0.092860 0.797249 0.087975 0.794838 0.086209 0.791563 0.086298 0.786659 0.088482 0.782302 0.092206 0.780361
0 0.010649 0.800844 0.015306 0.802044 0.018430 0.806105 0.018891 0.810773 0.016712 0.814848 0.012739 0.817353 0.006542 0.817976 0.001656 0.815565 0.000000 0.812290 0.000000 0.807386 0.002164 0.803029 0.005888 0.801088
0 0.130979 0.738529 0.135636 0.739730 0.138760 0.743791 0.139221 0.748458 0.137042 0.752533 0.133069 0.755039 0.126871 0.755662 0.121986 0.753250 0.120220 0.749976 0.120309 0.745072 0.122493 0.740714 0.126217 0.738774
0 0.000000 0.803851 0.000000 0.805221 0.000000 0.808534 0.000000 0.812629 0.000000 0.816244 0.000000 0.818009 0.000000 0.817531 0.000000 0.815063 0.000000 0.810448 0.000000 0.806690 0.000000 0.804021
0 0.000000 0.767499 0.000000 0.768868 0.000000 0.772181 0.000000 0.776276 0.000000 0.779891 0.000000 0.781656 0.000000 0.781178 0.000000 0.778710 0.000000 0.774095 0.000000 0.770337 0.000000 0.767668
0 0.150027 0.793469 0.153699 0.794840 0.156121 0.798153 0.156258 0.802247 0.154346 0.805862 0.148794 0.807627 0.143207 0.807149 0.141481 0.804681 0.141195 0.800067 0.142583 0.796308 0.145852 0.793640
0 0.000000 0.759456 0.000000 0.760826 0.000000 0.764139 0.000000 0.768234 0.000000 0.771848 0.000000 0.773972 0.000000 0.773135 0.000000 0.770667 0.000000 0.766053 0.000000 0.762295 0.000000 0.759626
0 0.000000 0.794482 0.000000 0.795852 0.000000 0.799165 0.000000 0.803260 0.000000 0.806874 0.000000 0.808998 0.000000 0.808161 0.000000 0.805693 0.000000 0.801079 0.000000 0.797321 0.000000 0.794652
0 0.033561 0.654167 0.037233 0.655536 0.039655 0.658849 0.039793 0.662944 0.037880 0.666559 0.032322 0.668683 0.026742 0.667846 0.025015 0.665378 0.024729 0.660763 0.026117 0.657005 0.029387 0.654336
0 0.000000 0.775790 0.000000 0.776991 0.000000 0.781052 0.000000 0.785719 0.000000 0.789795 0.000000 0.792300 0.000000 0.792923 0.000000 0.790512 0.000000 0.787236 0.000000 0.782333 0.000000 0.777976 0.000000 0.776035
0 0.171898 0.711042 0.176555 0.712243 0.179680 0.716304 0.180141 0.720971 0.177962 0.725046 0.173988 0.727551 0.167791 0.728175 0.162905 0.725763 0.161140 0.722489 0.161228 0.717584 0.163413 0.713227 0.167137 0.711286
0 0.204938 0.757862 0.209595 0.759063 0.212720 0.763124 0.213181 0.767791 0.211002 0.771867 0.207028 0.774372 0.200831 0.774995 0.195945 0.772584 0.194179 0.769309 0.194268 0.764405 0.196453 0.760048 0.200177 0.758107
0 0.168648 0.689157 0.173306 0.690358 0.176429 0.694419 0.176891 0.699086 0.174711 0.703161 0.170738 0.705667 0.164541 0.706290 0.159655 0.703878 0.157890 0.700603 0.157979 0.695700 0.160163 0.691342 0.163887 0.689402
0 0.259818 0.714685 0.264475 0.715886 0.267600 0.719947 0.268061 0.724614 0.265882 0.728689 0.261908 0.731194 0.255711 0.731818 0.250825 0.729406 0.249059 0.726131 0.249148 0.721227 0.251333 0.716870 0.255057 0.714929
0 0.347799 0.760486 0.352456 0.761687 0.355581 0.765748 0.356042 0.770415 0.353862 0.774490 0.349889 0.776996 0.343692 0.777619 0.338806 0.775207 0.337041 0.771933 0.337129 0.767029 0.339314 0.762672 0.343038 0.760731
0 0.159623 0.651748 0.164280 0.652950 0.167404 0.657010 0.167866 0.661677 0.165687 0.665753 0.161713 0.668258 0.155516 0.668881 0.150630 0.666470 0.148864 0.663195 0.148953 0.658291 0.151138 0.653934 0.154862 0.651993
0 0.279452 0.665075 0.284110 0.666276 0.287233 0.670337 0.287695 0.675004 0.285515 0.679079 0.281542 0.681585 0.275345 0.682208 0.270459 0.679796 0.268693 0.676521 0.268782 0.671618 0.270966 0.667260 0.274691 0.665320
0 0.260209 0.781997 0.264866 0.783198 0.267989 0.787259 0.268451 0.791926 0.266272 0.796001 0.262298 0.798507 0.256101 0.799130 0.251215 0.796718 0.249450 0.793444 0.249539 0.788540 0.251723 0.784183 0.255447 0.782242
0 0.405113 0.765201 0.409770 0.766403 0.412894 0.770464 0.413356 0.775131 0.411176 0.779206 0.407203 0.781711 0.401006 0.782334 0.396120 0.779923 0.394354 0.776648 0.394443 0.771744 0.396628 0.767387 0.400352 0.765446
0 0.443493 0.684908 0.448150 0.686109 0.451274 0.690170 0.451736 0.694837 0.449556 0.698913 0.445583 0.701418 0.439386 0.702041 0.434500 0.699630 0.432734 0.696355 0.432823 0.691451 0.435007 0.687094 0.438732 0.685153
0 0.447769 0.665760 0.452427 0.666961 0.455550 0.671022 0.456012 0.675689 0.453832 0.679765 0.449859 0.682270 0.443662 0.682893 0.438776 0.680482 0.437011 0.677207 0.437100 0.672303 0.439283 0.667946 0.443008 0.666005
0 0.406168 0.674600 0.410826 0.675800 0.413949 0.679862 0.414411 0.684529 0.412232 0.688604 0.408258 0.691109 0.402061 0.691733 0.397175 0.689321 0.395410 0.686046 0.395499 0.681142 0.397683 0.676785 0.401407 0.674844
0 0.241109 0.615805 0.241820 0.625799 0.237054 0.631840 0.229974 0.634372 0.221457 0.634174 0.216060 0.631291 0.212870 0.626914 0.213098 0.619754 0.216866 0.614100 0.220986 0.610940 0.227860 0.608861 0.235941 0.611217
0 0.279472 0.641519 0.280182 0.651513 0.275416 0.657553 0.268336 0.660085 0.259819 0.659887 0.254422 0.657005 0.251232 0.652628 0.251461 0.645467 0.255229 0.639813 0.259348 0.636653 0.266222 0.634574 0.274303 0.636931
0 0.312960 0.640907 0.313671 0.650901 0.308905 0.656942 0.301825 0.659473 0.293308 0.659276 0.287911 0.656394 0.284721 0.652016 0.284950 0.644856 0.288718 0.639202 0.292837 0.636041 0.299711 0.633963 0.307792 0.636319
0 0.312017 0.588457 0.312728 0.598451 0.307962 0.604492 0.300882 0.607024 0.292366 0.606826 0.286968 0.603944 0.283778 0.599566 0.284007 0.592406 0.287775 0.586752 0.291894 0.583591 0.298768 0.581513 0.306850 0.583869
0 0.038347 0.583443 0.039057 0.593437 0.034291 0.599477 0.027211 0.602009 0.018695 0.601811 0.013298 0.598929 0.010107 0.594552 0.010336 0.587392 0.014104 0.581738 0.018224 0.578577 0.025097 0.576498 0.033179 0.578855
0 0.080859 0.781401 0.081570 0.791394 0.076805 0.797435 0.069724 0.799967 0.061207 0.799769 0.055810 0.796887 0.052620 0.792509 0.052849 0.785349 0.056617 0.779695 0.060736 0.776535 0.067610 0.774456 0.075691 0.776812
0 0.411825 0.702253 0.412536 0.712247 0.407770 0.718288 0.400690 0.720820 0.392173 0.720622 0.386776 0.717740 0.383586 0.713362 0.383815 0.706202 0.387583 0.700548 0.391702 0.697388 0.398576 0.695309 0.406657 0.697666
0 0.437444 0.783758 0.438155 0.793752 0.433389 0.799793 0.426309 0.802325 0.417792 0.802127 0.412395 0.799244 0.409205 0.794867 0.409433 0.787707 0.413201 0.782053 0.417321 0.778892 0.424195 0.776813 0.432276 0.779170
0 0.656246 0.630633 0.657179 0.639272 0.653440 0.644486 0.652119 0.645406 0.646360 0.647018 0.637844 0.646820 0.632446 0.643938 0.629256 0.639560 0.629485 0.632400 0.633253 0.626746 0.637372 0.623585 0.643524 0.622517 0.650713 0.624630
0 0.496018 0.672645 0.496729 0.682638 0.491964 0.688679 0.484884 0.691211 0.476367 0.691013 0.470970 0.688131 0.467779 0.683753 0.468008 0.676593 0.471776 0.670939 0.475895 0.667779 0.482769 0.665700 0.490851 0.668057
0 0.521451 0.487391 0.522162 0.497385 0.517396 0.503426 0.510316 0.505958 0.501800 0.505760 0.496402 0.502878 0.493212 0.498500 0.493441 0.491340 0.497209 0.485686 0.501328 0.482526 0.508202 0.480447 0.516284 0.482803
0 0.365834 0.448437 0.366545 0.458431 0.361779 0.464472 0.354699 0.467004 0.346182 0.466806 0.340785 0.463923 0.337595 0.459546 0.337823 0.452386 0.341592 0.446732 0.345711 0.443571 0.352585 0.441492 0.360666 0.443849
0 0.393571 0.471287 0.394281 0.481281 0.389515 0.487322 0.382435 0.489854 0.373918 0.489656 0.368521 0.486773 0.365331 0.482396 0.365560 0.475236 0.369328 0.469582 0.373447 0.466422 0.380321 0.464343 0.388403 0.466699
0 0.403169 0.548497 0.403879 0.558491 0.399114 0.564532 0.392034 0.567064 0.383516 0.566866 0.378120 0.563983 0.374929 0.559606 0.375158 0.552445 0.378926 0.546792 0.383046 0.543631 0.389919 0.541552 0.398001 0.543909
0 0.709097 0.729938 0.709808 0.739932 0.705042 0.745973 0.697962 0.748504 0.689445 0.748307 0.684048 0.745424 0.680858 0.741047 0.681087 0.733887 0.684855 0.728233 0.688974 0.725072 0.695848 0.722993 0.703929 0.725350
0 0.818334 0.755406 0.819044 0.765400 0.814279 0.771441 0.807199 0.773973 0.798681 0.773775 0.793285 0.770893 0.790094 0.766515 0.790323 0.759355 0.794091 0.753701 0.798210 0.750540 0.805084 0.748462 0.813166 0.750819
0 0.908308 0.722369 0.909019 0.732363 0.904253 0.738404 0.897173 0.740935 0.888656 0.740738 0.883259 0.737856 0.880069 0.733478 0.880298 0.726318 0.884066 0.720664 0.888185 0.717503 0.895059 0.715424 0.903141 0.717781
0 0.998397 0.658836 0.998397 0.668830 0.994516 0.674871 0.987436 0.677403 0.978919 0.677205 0.973522 0.674322 0.970332 0.669945 0.970560 0.662785 0.974328 0.657131 0.978447 0.653971 0.985321 0.651892 0.993403 0.654248
0 0.861744 0.427358 0.862456 0.437352 0.857690 0.443393 0.850609 0.445925 0.842093 0.445726 0.836696 0.442844 0.833506 0.438467 0.833734 0.431307 0.837502 0.425653 0.841621 0.422492 0.848495 0.420413 0.856577 0.422770
0 0.807564 0.426880 0.808275 0.436874 0.803508 0.442915 0.796428 0.445447 0.787912 0.445249 0.782514 0.442367 0.779325 0.437989 0.779553 0.430829 0.783321 0.425175 0.787441 0.422014 0.794314 0.419935 0.802396 0.422292
0 0.721776 0.437569 0.722486 0.447563 0.717720 0.453604 0.710640 0.456136 0.702124 0.455938 0.696727 0.453055 0.693536 0.448678 0.693765 0.441518 0.697533 0.435864 0.701652 0.432703 0.708526 0.430624 0.716608 0.432981
0 0.684584 0.431593 0.685295 0.441586 0.680529 0.447627 0.673449 0.450159 0.664932 0.449961 0.659535 0.447079 0.656345 0.442701 0.656573 0.435541 0.660342 0.429887 0.664461 0.426727 0.671335 0.424648 0.679416 0.427005
0 0.632029 0.399627 0.632740 0.409621 0.627973 0.415662 0.620893 0.418194 0.612377 0.417996 0.606979 0.415114 0.603790 0.410736 0.604018 0.403577 0.607786 0.397922 0.611906 0.394762 0.618779 0.392683 0.626861 0.395040
0 0.714908 0.412529 0.715619 0.422523 0.710853 0.428563 0.703773 0.431095 0.695256 0.430897 0.689859 0.428015 0.686669 0.423638 0.686898 0.416478 0.690666 0.410823 0.694785 0.407663 0.701659 0.405584 0.709740 0.407941
0 0.817228 0.262183 0.817939 0.272177 0.813173 0.278218 0.806093 0.280750 0.797576 0.280552 0.792179 0.277670 0.788989 0.273292 0.789217 0.266132 0.792985 0.260478 0.797105 0.257317 0.803978 0.255239 0.812060 0.257596
0 0.752175 0.279173 0.752885 0.289166 0.748119 0.295208 0.741039 0.297739 0.732522 0.297541 0.727125 0.294659 0.723935 0.290281 0.724164 0.283121 0.727932 0.277468 0.732051 0.274307 0.738925 0.272228 0.747006 0.274585
0 0.544924 0.398549 0.545635 0.408543 0.540869 0.414583 0.533789 0.417115 0.525272 0.416917 0.519875 0.414035 0.516685 0.409658 0.516913 0.402498 0.520681 0.396843 0.524800 0.393683 0.531675 0.391604 0.539756 0.393961
0 0.968561 0.328742 0.969272 0.338735 0.964506 0.344776 0.957426 0.347308 0.948909 0.347110 0.943512 0.344228 0.940322 0.339850 0.940551 0.332690 0.944319 0.327036 0.948438 0.323876 0.955312 0.321797 0.963393 0.324153
0 0.989729 0.247937 0.990439 0.257931 0.985673 0.263971 0.978593 0.266503 0.970076 0.266305 0.964679 0.263423 0.961489 0.259046 0.961718 0.251886 0.965486 0.246231 0.969605 0.243071 0.976479 0.240992 0.984560 0.243349
0 0.666114 0.261055 0.666825 0.271050 0.662060 0.277090 0.654980 0.279622 0.646462 0.279424 0.641066 0.276542 0.637875 0.272164 0.638104 0.265004 0.641872 0.259350 0.645991 0.256190 0.652865 0.254111 0.660946 0.256468
0 0.349824 0.394480 0.350535 0.404474 0.345769 0.410515 0.338689 0.413046 0.330172 0.412849 0.324775 0.409966 0.321585 0.405589 0.321813 0.398429 0.325581 0.392775 0.329701 0.389614 0.336574 0.387535 0.344656 0.389892
0 0.408988 0.386876 0.409700 0.396870 0.404934 0.402911 0.397854 0.405443 0.389337 0.405245 0.383940 0.402363 0.380750 0.397985 0.380978 0.390825 0.384746 0.385171 0.388865 0.382011 0.395739 0.379932 0.403821 0.382288
0 0.396814 0.267270 0.397525 0.277264 0.392759 0.283305 0.385679 0.285837 0.377162 0.285639 0.371765 0.282757 0.368575 0.278379 0.368804 0.271219 0.372572 0.265565 0.376691 0.262404 0.383565 0.260326 0.391646 0.262682
0 0.501798 0.265234 0.502509 0.275228 0.497743 0.281269 0.490663 0.283801 0.482146 0.283603 0.476749 0.280721 0.473559 0.276343 0.473788 0.269183 0.477556 0.263529 0.481675 0.260368 0.488549 0.258290 0.496630 0.260646
0 0.203461 0.369075 0.204172 0.379069 0.199406 0.385110 0.192326 0.387642 0.183809 0.387444 0.178412 0.384562 0.175222 0.380184 0.175451 0.373024 0.179219 0.367370 0.183338 0.364209 0.190211 0.362130 0.198293 0.364487
0 0.232239 0.378080 0.232950 0.388075 0.228185 0.394115 0.221105 0.396647 0.212587 0.396449 0.207191 0.393567 0.204000 0.389189 0.204229 0.382030 0.207997 0.376375 0.212116 0.373215 0.218990 0.371136 0.227071 0.373493
0 0.185162 0.305941 0.185872 0.315934 0.181106 0.321976 0.174026 0.324507 0.165509 0.324310 0.160112 0.321427 0.156922 0.317049 0.157151 0.309889 0.160919 0.304236 0.165038 0.301075 0.171912 0.298996 0.179994 0.301353
0 0.028205 0.384687 0.028917 0.394681 0.024151 0.400722 0.017071 0.403253 0.008554 0.403056 0.003157 0.400174 0.000000 0.395796 0.000195 0.388636 0.003963 0.382982 0.008083 0.379821 0.014956 0.377742 0.023038 0.380099
0 0.000944 0.311253 0.001655 0.321247 0.000000 0.327288 0.000000 0.329820 0.000000 0.329622 0.000000 0.326739 0.000000 0.322362 0.000000 0.315202 0.000000 0.309548 0.000000 0.306387 0.000000 0.304308 0.000000 0.306665
0 0.000000 0.284671 0.000000 0.294665 0.000000 0.300706 0.000000 0.303237 0.000000 0.303040 0.000000 0.300158 0.000000 0.295780 0.000000 0.288620 0.000000 0.282966 0.000000 0.279805 0.000000 0.277726 0.000000 0.280083
0 0.152702 0.592557 0.153412 0.602551 0.148646 0.608592 0.141566 0.611124 0.133050 0.610926 0.127653 0.608043 0.124462 0.603666 0.124691 0.596506 0.128459 0.590852 0.132578 0.587691 0.139452 0.585613 0.147534 0.587969
0 0.246515 0.755669 0.247226 0.765663 0.242460 0.771704 0.235380 0.774236 0.226863 0.774038 0.221467 0.771155 0.218276 0.766778 0.218505 0.759618 0.222273 0.753964 0.226392 0.750803 0.233266 0.748724 0.241347 0.751081
0 0.378588 0.613028 0.379298 0.623022 0.374533 0.629063 0.367453 0.631595 0.358935 0.631397 0.353539 0.628514 0.350348 0.624137 0.350577 0.616977 0.354345 0.611323 0.358464 0.608162 0.365339 0.606084 0.373420 0.608440
0 0.362247 0.534035 0.362958 0.544029 0.358192 0.550069 0.351112 0.552602 0.342595 0.552403 0.337198 0.549521 0.334008 0.545144 0.334236 0.537983 0.338005 0.532329 0.342124 0.529169 0.348998 0.527090 0.357079 0.529447
0 0.312112 0.514146 0.312823 0.524140 0.308057 0.530181 0.300977 0.532713 0.292460 0.532515 0.287063 0.529632 0.283873 0.525255 0.284102 0.518095 0.287870 0.512441 0.291989 0.509281 0.298863 0.507202 0.306944 0.509558
0 0.931011 0.609501 0.931721 0.619495 0.926955 0.625536 0.919875 0.628068 0.911359 0.627870 0.905962 0.624988 0.902771 0.620610 0.903000 0.613450 0.906768 0.607796 0.910888 0.604635 0.917761 0.602557 0.925843 0.604914
0 0.689280 0.613037 0.690238 0.620875 0.688062 0.628882 0.681020 0.634586 0.672351 0.635938 0.665513 0.635727 0.658319 0.631126 0.654954 0.625344 0.655166 0.618311 0.656965 0.612454 0.665262 0.607553 0.672829 0.605575 0.683784 0.608157
0 0.558065 0.524260 0.559024 0.532098 0.556848 0.540105 0.549806 0.545809 0.541136 0.547161 0.534299 0.546950 0.527105 0.542349 0.523740 0.536567 0.523952 0.529534 0.525750 0.523678 0.534047 0.518776 0.541615 0.516798 0.552569 0.519380
0 0.536758 0.313131 0.540429 0.314501 0.542851 0.317814 0.542988 0.321908 0.541076 0.325523 0.535755 0.327696 0.529936 0.326905 0.528211 0.324342 0.527925 0.319727 0.529313 0.315970 0.532583 0.313300
0 0.583519 0.290037 0.588176 0.291238 0.591301 0.295299 0.591762 0.299966 0.589583 0.304041 0.585609 0.306546 0.579412 0.307170 0.574526 0.304758 0.572185 0.301500 0.572264 0.296597 0.575034 0.292222 0.578758 0.290282
0 0.740974 0.321169 0.741043 0.326406 0.739584 0.330212 0.737219 0.332893 0.732480 0.334257 0.725044 0.334032 0.721453 0.331242 0.719865 0.326509 0.720454 0.321766 0.722557 0.317797 0.726422 0.315254 0.731443 0.314733 0.737536 0.316916
0 0.794699 0.351150 0.794768 0.356388 0.793309 0.360194 0.790944 0.362874 0.786204 0.364238 0.778768 0.364013 0.775178 0.361223 0.773590 0.356490 0.774179 0.351747 0.776282 0.347778 0.780147 0.345235 0.785168 0.344714 0.791260 0.346898
0 0.740902 0.362251 0.740970 0.367489 0.739511 0.371294 0.737146 0.373975 0.732407 0.375340 0.724971 0.375114 0.721380 0.372324 0.719792 0.367591 0.720382 0.362848 0.722484 0.358879 0.726350 0.356336 0.731370 0.355815 0.737463 0.357998
0 0.772164 0.402769 0.772233 0.408006 0.770774 0.411812 0.768409 0.414492 0.763670 0.415857 0.756234 0.415631 0.752644 0.412841 0.751055 0.408109 0.751645 0.403365 0.753748 0.399397 0.757613 0.396854 0.762633 0.396333 0.768726 0.398515
0 0.812959 0.395889 0.813028 0.401126 0.811569 0.404933 0.809204 0.407613 0.804464 0.408977 0.797028 0.408752 0.793438 0.405962 0.791850 0.401229 0.792440 0.396486 0.794542 0.392517 0.798408 0.389974 0.803428 0.389453 0.809520 0.391637
0 0.775373 0.297954 0.775442 0.303191 0.773983 0.306997 0.771618 0.309677 0.766878 0.311042 0.759442 0.310817 0.755852 0.308026 0.754264 0.303294 0.754854 0.298550 0.756956 0.294582 0.760822 0.292039 0.765842 0.291518 0.771935 0.293700
0 0.833001 0.283345 0.833069 0.288582 0.831611 0.292388 0.829245 0.295069 0.824506 0.296433 0.817070 0.296208 0.813480 0.293417 0.811891 0.288685 0.812481 0.283941 0.814584 0.279973 0.818449 0.277430 0.823469 0.276909 0.829562 0.279092
0 0.859394 0.348819 0.859462 0.354056 0.858003 0.357862 0.855638 0.360543 0.850899 0.361907 0.843462 0.361681 0.839872 0.358891 0.838284 0.354159 0.838874 0.349415 0.840976 0.345447 0.844842 0.342904 0.849862 0.342383 0.855955 0.344566
0 0.926679 0.291575 0.926748 0.296812 0.925289 0.300618 0.922923 0.303299 0.918184 0.304663 0.910748 0.304438 0.907158 0.301648 0.905570 0.296915 0.906159 0.292172 0.908262 0.288202 0.912127 0.285660 0.917148 0.285139 0.923240 0.287322
0 0.880167 0.301727 0.880235 0.306965 0.878776 0.310771 0.876411 0.313452 0.871672 0.314816 0.864235 0.314590 0.860645 0.311800 0.859057 0.307068 0.859647 0.302324 0.861749 0.298355 0.865615 0.295813 0.870635 0.295291 0.876728 0.297475
0 0.929842 0.352114 0.929911 0.357351 0.928452 0.361157 0.926087 0.363837 0.921347 0.365202 0.913911 0.364977 0.910321 0.362186 0.908732 0.357454 0.909323 0.352710 0.911425 0.348741 0.915291 0.346199 0.920311 0.345678 0.926403 0.347861
0 0.946264 0.302441 0.946333 0.307678 0.944874 0.311484 0.942509 0.314165 0.937770 0.315529 0.930334 0.315303 0.926744 0.312514 0.925155 0.307781 0.925745 0.303037 0.927847 0.299069 0.931713 0.296526 0.936733 0.296005 0.942826 0.298188
0 0.762841 0.331681 0.762910 0.336918 0.761451 0.340724 0.759086 0.343404 0.754347 0.344769 0.746910 0.344544 0.743320 0.341753 0.741732 0.337021 0.742322 0.332277 0.744424 0.328308 0.748290 0.325766 0.753310 0.325244 0.759403 0.327428
0 0.803109 0.456642 0.803177 0.461879 0.801719 0.465684 0.799353 0.468365 0.794614 0.469730 0.787178 0.469504 0.783588 0.466714 0.782000 0.461982 0.782589 0.457238 0.784692 0.453269 0.788557 0.450727 0.793577 0.450205 0.799670 0.452388
0 0.965702 0.280750 0.965771 0.285987 0.964312 0.289793 0.961947 0.292473 0.957207 0.293838 0.949771 0.293612 0.946181 0.290822 0.944593 0.286090 0.945183 0.281346 0.947285 0.277377 0.951151 0.274835 0.956171 0.274314 0.962263 0.276496
0 0.884918 0.247089 0.884987 0.252326 0.883528 0.256132 0.881163 0.258813 0.876423 0.260177 0.868987 0.259952 0.865397 0.257161 0.863808 0.252429 0.864398 0.247685 0.866501 0.243717 0.870366 0.241174 0.875387 0.240653 0.881479 0.242836
0 0.926354 0.475996 0.926422 0.481232 0.924963 0.485039 0.922598 0.487719 0.917859 0.489083 0.910422 0.488858 0.906832 0.486068 0.905244 0.481335 0.905834 0.476592 0.907936 0.472623 0.911802 0.470081 0.916822 0.469559 0.922915 0.471742
0 0.978966 0.472438 0.979035 0.477675 0.977576 0.481481 0.975210 0.484162 0.970471 0.485526 0.963035 0.485301 0.959444 0.482511 0.957856 0.477778 0.958446 0.473035 0.960549 0.469066 0.964414 0.466524 0.969435 0.466002 0.975527 0.468185
0 0.829246 0.469099 0.829315 0.474335 0.827856 0.478142 0.825491 0.480822 0.820752 0.482186 0.813316 0.481961 0.809726 0.479171 0.808137 0.474438 0.808727 0.469695 0.810830 0.465726 0.814695 0.463183 0.819715 0.462662 0.825808 0.464845
0 0.851542 0.479991 0.851611 0.485227 0.850152 0.489034 0.847786 0.491714 0.843047 0.493079 0.835611 0.492853 0.832021 0.490063 0.830433 0.485330 0.831022 0.480587 0.833125 0.476618 0.836990 0.474076 0.842010 0.473554 0.848103 0.475738
0 0.821480 0.555903 0.821549 0.561140 0.820090 0.564946 0.817725 0.567626 0.812986 0.568991 0.805549 0.568766 0.801959 0.565975 0.800371 0.561243 0.800961 0.556499 0.803063 0.552531 0.806929 0.549988 0.811949 0.549467 0.818042 0.551649
0 0.870787 0.590575 0.870856 0.595812 0.869397 0.599618 0.867031 0.602299 0.862292 0.603663 0.854856 0.603437 0.851266 0.600647 0.849677 0.595915 0.850267 0.591171 0.852370 0.587202 0.856235 0.584660 0.861256 0.584138 0.867348 0.586322
0 0.949040 0.578209 0.949109 0.583446 0.947650 0.587252 0.945284 0.589932 0.940546 0.591297 0.933109 0.591072 0.929519 0.588281 0.927931 0.583549 0.928520 0.578805 0.930623 0.574836 0.934488 0.572294 0.939509 0.571772 0.945602 0.573956
0 0.690138 0.506515 0.690207 0.511752 0.688748 0.515558 0.686383 0.518238 0.681643 0.519603 0.674207 0.519377 0.670617 0.516587 0.669029 0.511854 0.669618 0.507111 0.671721 0.503142 0.675587 0.500600 0.680607 0.500078 0.686699 0.502262
0 0.651089 0.489324 0.651158 0.494561 0.649700 0.498367 0.647334 0.501048 0.642595 0.502412 0.635159 0.502186 0.631569 0.499397 0.629980 0.494664 0.630570 0.489920 0.632673 0.485951 0.636538 0.483409 0.641558 0.482887 0.647651 0.485071
0 0.767933 0.582954 0.768002 0.588191 0.766543 0.591997 0.764177 0.594678 0.759439 0.596042 0.752003 0.595817 0.748412 0.593027 0.746824 0.588294 0.747413 0.583551 0.749516 0.579582 0.753381 0.577039 0.758402 0.576518 0.764495 0.578701
0 0.672466 0.590411 0.672535 0.595648 0.671076 0.599454 0.668711 0.602134 0.663971 0.603499 0.656535 0.603274 0.652945 0.600483 0.651357 0.595750 0.651946 0.591007 0.654050 0.587038 0.657915 0.584496 0.662935 0.583974 0.669027 0.586158
0 0.775037 0.654385 0.775106 0.659622 0.773647 0.663428 0.771282 0.666109 0.766542 0.667473 0.759106 0.667248 0.755516 0.664457 0.753928 0.659725 0.754517 0.654981 0.756620 0.651013 0.760485 0.648470 0.765505 0.647949 0.771598 0.650132
0 0.734948 0.682630 0.735017 0.687867 0.733558 0.691673 0.731192 0.694354 0.726454 0.695718 0.719018 0.695492 0.715427 0.692702 0.713839 0.687970 0.714428 0.683226 0.716531 0.679257 0.720396 0.676715 0.725417 0.676193 0.731510 0.678377
0 0.678518 0.675185 0.678586 0.680423 0.677127 0.684229 0.674762 0.686910 0.670023 0.688274 0.662587 0.688048 0.658997 0.685258 0.657408 0.680526 0.657998 0.675782 0.660101 0.671813 0.663966 0.669271 0.668986 0.668749 0.675079 0.670933
0 0.573880 0.720060 0.573948 0.725297 0.572490 0.729104 0.570124 0.731784 0.565385 0.733148 0.557949 0.732923 0.554359 0.730133 0.552771 0.725400 0.553360 0.720657 0.555463 0.716688 0.559328 0.714145 0.564348 0.713624 0.570441 0.715807
0 0.584746 0.700623 0.584815 0.705861 0.583356 0.709666 0.580990 0.712347 0.576251 0.713711 0.568815 0.713486 0.565224 0.710696 0.563636 0.705963 0.564226 0.701220 0.566329 0.697251 0.570194 0.694708 0.575215 0.694187 0.581307 0.696370
0 0.498292 0.763640 0.498360 0.768877 0.496901 0.772682 0.494536 0.775363 0.489797 0.776728 0.482361 0.776502 0.478770 0.773712 0.477182 0.768980 0.477772 0.764236 0.479874 0.760267 0.483740 0.757725 0.488760 0.757203 0.494853 0.759386
0 0.526272 0.749206 0.526341 0.754443 0.524883 0.758249 0.522517 0.760929 0.517778 0.762293 0.510342 0.762068 0.506752 0.759278 0.505163 0.754545 0.505753 0.749802 0.507856 0.745833 0.511721 0.743291 0.516741 0.742769 0.522834 0.744953
0 0.547893 0.761297 0.547962 0.766534 0.546503 0.770340 0.544138 0.773021 0.539398 0.774385 0.531962 0.774159 0.528372 0.771370 0.526784 0.766637 0.527374 0.761893 0.529476 0.757925 0.533342 0.755382 0.538362 0.754861 0.544455 0.757044
0 0.570907 0.768630 0.570975 0.773867 0.569517 0.777673 0.567151 0.780354 0.562411 0.781718 0.554975 0.781493 0.551385 0.778703 0.549797 0.773970 0.550387 0.769226 0.552490 0.765258 0.556355 0.762715 0.561375 0.762194 0.567468 0.764377
0 0.591840 0.758530 0.591908 0.763767 0.590450 0.767573 0.588084 0.770254 0.583345 0.771618 0.575909 0.771393 0.572319 0.768602 0.570731 0.763870 0.571320 0.759126 0.573423 0.755158 0.577288 0.752615 0.582308 0.752094 0.588401 0.754277
0 0.530714 0.781887 0.530782 0.787124 0.529323 0.790930 0.526958 0.793610 0.522219 0.794975 0.514783 0.794749 0.511193 0.791959 0.509604 0.787227 0.510194 0.782483 0.512296 0.778515 0.516162 0.775972 0.521182 0.775451 0.527275 0.777633
0 0.650483 0.762016 0.650551 0.767254 0.649093 0.771060 0.646727 0.773740 0.641988 0.775104 0.634552 0.774879 0.630962 0.772089 0.629374 0.767356 0.629963 0.762613 0.632066 0.758644 0.635931 0.756101 0.640951 0.755580 0.647044 0.757764
0 0.772182 0.755849 0.772251 0.761086 0.770792 0.764892 0.768427 0.767573 0.763687 0.768937 0.756251 0.768712 0.752661 0.765921 0.751073 0.761189 0.751662 0.756445 0.753765 0.752477 0.757630 0.749934 0.762650 0.749413 0.768743 0.751596
0 0.730633 0.744432 0.730702 0.749669 0.729243 0.753475 0.726877 0.756155 0.722138 0.757520 0.714702 0.757294 0.711112 0.754504 0.709524 0.749772 0.710113 0.745028 0.712216 0.741059 0.716081 0.738517 0.721101 0.737996 0.727194 0.740179
0 0.794001 0.688079 0.794070 0.693316 0.792611 0.697122 0.790246 0.699802 0.785507 0.701167 0.778070 0.700942 0.774480 0.698151 0.772892 0.693419 0.773482 0.688675 0.775584 0.684707 0.779450 0.682164 0.784470 0.681643 0.790563 0.683825
0 0.851181 0.708958 0.851249 0.714195 0.849790 0.718001 0.847425 0.720681 0.842686 0.722046 0.835249 0.721821 0.831659 0.719030 0.830071 0.714298 0.830661 0.709554 0.832763 0.705585 0.836629 0.703043 0.841649 0.702522 0.847742 0.704705
0 0.855016 0.741029 0.855085 0.746266 0.853626 0.750072 0.851260 0.752753 0.846522 0.754117 0.839085 0.753892 0.835495 0.751101 0.833907 0.746369 0.834496 0.741625 0.836599 0.737657 0.840464 0.735114 0.845485 0.734593 0.851578 0.736775
0 0.876985 0.782004 0.877054 0.787241 0.875595 0.791047 0.873230 0.793728 0.868490 0.795092 0.861054 0.794867 0.857464 0.792077 0.855875 0.787344 0.856466 0.782601 0.858568 0.778632 0.862434 0.776089 0.867454 0.775568 0.873546 0.777751
0 0.912832 0.766161 0.912901 0.771398 0.911442 0.775204 0.909076 0.777884 0.904337 0.779249 0.896901 0.779024 0.893311 0.776233 0.891723 0.771501 0.892312 0.766757 0.894415 0.762788 0.898280 0.760246 0.903300 0.759725 0.909393 0.761908
0 0.958643 0.657054 0.958711 0.662291 0.957253 0.666097 0.954887 0.668778 0.950148 0.670142 0.942712 0.669917 0.939122 0.667126 0.937534 0.662394 0.938123 0.657650 0.940226 0.653682 0.944091 0.651139 0.949111 0.650618 0.955204 0.652801
0 0.930475 0.688488 0.930544 0.693725 0.929085 0.697531 0.926719 0.700212 0.921980 0.701576 0.914544 0.701351 0.910954 0.698560 0.909366 0.693828 0.909955 0.689084 0.912058 0.685116 0.915923 0.682573 0.920944 0.682052 0.927036 0.684235
0 0.902955 0.684130 0.903024 0.689367 0.901565 0.693173 0.899199 0.695853 0.894460 0.697218 0.887024 0.696992 0.883434 0.694202 0.881845 0.689470 0.882435 0.684726 0.884538 0.680757 0.888403 0.678215 0.893423 0.677694 0.899516 0.679876
0 0.990721 0.735760 0.990790 0.740997 0.989331 0.744804 0.986966 0.747484 0.982226 0.748848 0.974790 0.748623 0.971200 0.745833 0.969612 0.741100 0.970201 0.736357 0.972304 0.732388 0.976169 0.729845 0.981190 0.729324 0.987282 0.731507
0 0.800906 0.649465 0.800974 0.654703 0.799515 0.658509 0.797150 0.661189 0.792411 0.662554 0.784974 0.662328 0.781384 0.659538 0.779796 0.654806 0.780386 0.650062 0.782488 0.646093 0.786354 0.643551 0.791374 0.643029 0.797467 0.645213
0 0.743626 0.604700 0.743695 0.609937 0.742236 0.613743 0.739871 0.616424 0.735131 0.617788 0.727695 0.617563 0.724105 0.614773 0.722516 0.610040 0.723107 0.605297 0.725209 0.601328 0.729075 0.598785 0.734095 0.598264 0.740187 0.600447
0 0.952969 0.244446 0.953038 0.249683 0.951579 0.253489 0.949214 0.256170 0.944474 0.257534 0.937038 0.257309 0.933448 0.254519 0.931860 0.249786 0.932450 0.245042 0.934552 0.241074 0.938418 0.238531 0.943438 0.238010 0.949530 0.240193
0 0.319210 0.307351 0.319278 0.312588 0.317819 0.316394 0.315454 0.319075 0.310715 0.320439 0.303279 0.320214 0.299689 0.317423 0.298100 0.312691 0.298690 0.307947 0.300792 0.303979 0.304658 0.301436 0.309678 0.300915 0.315771 0.303098
0 0.828674 0.304442 0.832346 0.305812 0.834767 0.309125 0.834904 0.313220 0.832993 0.316834 0.827671 0.319007 0.821852 0.318216 0.820128 0.315653 0.819842 0.311039 0.821229 0.307281 0.824499 0.304612
0 0.849703 0.277042 0.853374 0.278412 0.855796 0.281725 0.855933 0.285819 0.854021 0.289435 0.848700 0.291607 0.842881 0.290816 0.841156 0.288253 0.840870 0.283639 0.842258 0.279881 0.845528 0.277211
0 0.586484 0.344297 0.586552 0.349534 0.585093 0.353340 0.582728 0.356021 0.577989 0.357385 0.570552 0.357160 0.566962 0.354369 0.565374 0.349637 0.565964 0.344893 0.568066 0.340925 0.571932 0.338382 0.576952 0.337861 0.583045 0.340044
0 0.639304 0.278010 0.642975 0.279380 0.645397 0.282693 0.645535 0.286788 0.643622 0.290403 0.638301 0.292576 0.632482 0.291785 0.630757 0.289222 0.630471 0.284607 0.631859 0.280849 0.635129 0.278180
0 0.397752 0.351192 0.397821 0.356430 0.396362 0.360236 0.393996 0.362916 0.389258 0.364281 0.381821 0.364055 0.378231 0.361265 0.376643 0.356532 0.377232 0.351789 0.379335 0.347820 0.383200 0.345277 0.388221 0.344756 0.394314 0.346939
0 0.425259 0.479920 0.425328 0.485158 0.423869 0.488964 0.421504 0.491644 0.416765 0.493009 0.409329 0.492783 0.405739 0.489993 0.404150 0.485261 0.404740 0.480517 0.406843 0.476548 0.410708 0.474005 0.415728 0.473484 0.421821 0.475668
0 0.461833 0.544252 0.461902 0.549490 0.460443 0.553295 0.458078 0.555976 0.453338 0.557340 0.445902 0.557115 0.442312 0.554325 0.440724 0.549592 0.441314 0.544849 0.443416 0.540880 0.447282 0.538337 0.452302 0.537816 0.458394 0.539999
0 0.488993 0.587238 0.489062 0.592475 0.487603 0.596281 0.485237 0.598962 0.480498 0.600326 0.473062 0.600101 0.469472 0.597311 0.467884 0.592578 0.468473 0.587835 0.470576 0.583866 0.474441 0.581323 0.479461 0.580802 0.485554 0.582985
0 0.529936 0.602696 0.530005 0.607933 0.528546 0.611738 0.526180 0.614419 0.521441 0.615784 0.514005 0.615558 0.510415 0.612768 0.508826 0.608035 0.509416 0.603292 0.511519 0.599323 0.515384 0.596781 0.520405 0.596259 0.526497 0.598442
0 0.504451 0.642306 0.504520 0.647544 0.503061 0.651350 0.500696 0.654031 0.495956 0.655395 0.488520 0.655169 0.484930 0.652379 0.483342 0.647647 0.483931 0.642903 0.486034 0.638934 0.489899 0.636392 0.494920 0.635870 0.501012 0.638053
0 0.486683 0.700758 0.486752 0.705995 0.485294 0.709802 0.482928 0.712482 0.478189 0.713846 0.470753 0.713621 0.467162 0.710831 0.465574 0.706098 0.466164 0.701355 0.468267 0.697386 0.472132 0.694844 0.477152 0.694322 0.483245 0.696505
0 0.575550 0.799924 0.575619 0.805161 0.574160 0.808968 0.571795 0.811648 0.567055 0.813012 0.559619 0.812787 0.556029 0.809997 0.554440 0.805264 0.555030 0.800521 0.557133 0.796552 0.560998 0.794010 0.566019 0.793488 0.572111 0.795671
0 0.634497 0.723146 0.634566 0.728383 0.633107 0.732190 0.630741 0.734870 0.626001 0.736234 0.618565 0.736009 0.614975 0.733219 0.613387 0.728486 0.613977 0.723743 0.616080 0.719774 0.619945 0.717231 0.624965 0.716710 0.631057 0.718893
0 0.531975 0.807520 0.532044 0.812757 0.530585 0.816564 0.528219 0.819244 0.523480 0.820608 0.516044 0.820383 0.512454 0.817593 0.510866 0.812860 0.511455 0.808117 0.513558 0.804148 0.517423 0.801605 0.522443 0.801084 0.528536 0.803267
0 0.506324 0.808209 0.506392 0.813446 0.504933 0.817252 0.502568 0.819933 0.497838 0.820768 0.490394 0.820986 0.486802 0.818281 0.485214 0.813549 0.485804 0.808805 0.487906 0.804837 0.491772 0.802294 0.496792 0.801773 0.502885 0.803956
0 0.377183 0.642552 0.377252 0.647789 0.375793 0.651595 0.373428 0.654275 0.368698 0.655111 0.361254 0.655329 0.357662 0.652624 0.356074 0.647892 0.356663 0.643148 0.358766 0.639179 0.362631 0.636637 0.367652 0.636115 0.373744 0.638299
0 0.230689 0.797938 0.230758 0.803175 0.229299 0.806980 0.226934 0.809661 0.222204 0.810497 0.214760 0.810715 0.211168 0.808010 0.209580 0.803278 0.210170 0.798534 0.212272 0.794565 0.216138 0.792023 0.221158 0.791501 0.227251 0.793684
0 0.206920 0.790914 0.206988 0.796151 0.205530 0.799957 0.203164 0.802638 0.198434 0.803474 0.190990 0.803691 0.187399 0.800987 0.185810 0.796254 0.186400 0.791510 0.188502 0.787542 0.192368 0.784999 0.197388 0.784478 0.203481 0.786661
0 0.229874 0.717266 0.229943 0.722504 0.228484 0.726310 0.226119 0.728990 0.221389 0.729826 0.213945 0.730044 0.210353 0.727339 0.208765 0.722606 0.209355 0.717863 0.211457 0.713894 0.215323 0.711352 0.220343 0.710830 0.226436 0.713013
0 0.276252 0.697184 0.276321 0.702421 0.274862 0.706227 0.272496 0.708908 0.267767 0.709744 0.260322 0.709962 0.256731 0.707257 0.255143 0.702524 0.255732 0.697781 0.257835 0.693812 0.261700 0.691269 0.266720 0.690748 0.272813 0.692931
0 0.125577 0.662423 0.125645 0.667660 0.124187 0.671466 0.121821 0.674147 0.117092 0.674982 0.109647 0.675200 0.106056 0.672495 0.104468 0.667763 0.105057 0.663019 0.107160 0.659051 0.111025 0.656508 0.116045 0.655987 0.122138 0.658170
0 0.025239 0.691959 0.025987 0.694994 0.024723 0.698243 0.021563 0.699992 0.018853 0.700641 0.015189 0.700127 0.012725 0.696728 0.013162 0.693245 0.014702 0.690610 0.019030 0.689292 0.022463 0.689916
0 0.145630 0.658706 0.146379 0.661741 0.145115 0.664990 0.141955 0.666739 0.139246 0.667388 0.135582 0.666874 0.133118 0.663475 0.133553 0.659992 0.135093 0.657357 0.139422 0.656039 0.142855 0.656663
0 0.129649 0.616470 0.130397 0.619505 0.129133 0.622754 0.125974 0.624504 0.123264 0.625153 0.119600 0.624638 0.117136 0.621239 0.117572 0.617756 0.119112 0.615121 0.123441 0.613803 0.126873 0.614428
0 0.023225 0.646290 0.023974 0.649324 0.022709 0.652573 0.019550 0.654322 0.016840 0.654971 0.013176 0.654457 0.010712 0.651059 0.011148 0.647575 0.012688 0.644940 0.017016 0.643622 0.020449 0.644247
0 0.013991 0.636698 0.014740 0.639732 0.013476 0.642982 0.010316 0.644731 0.007607 0.645380 0.003943 0.644866 0.001479 0.641467 0.001914 0.637984 0.003454 0.635349 0.007784 0.634031 0.011216 0.634655
0 0.028044 0.633049 0.028792 0.636084 0.027528 0.639333 0.024368 0.641083 0.021659 0.641732 0.017995 0.641217 0.015531 0.637818 0.015966 0.634335 0.017507 0.631700 0.021836 0.630382 0.025268 0.631007
0 0.000000 0.748105 0.000000 0.751140 0.000000 0.754389 0.000000 0.756138 0.000000 0.756787 0.000000 0.756273 0.000000 0.752874 0.000000 0.749391 0.000000 0.746755 0.000000 0.745438 0.000000 0.746062
0 0.000000 0.734971 0.000000 0.738005 0.000000 0.741255 0.000000 0.743004 0.000000 0.743653 0.000000 0.743139 0.000000 0.739740 0.000000 0.736257 0.000000 0.733621 0.000000 0.732303 0.000000 0.732928
0 0.000000 0.805321 0.000000 0.808355 0.000000 0.811604 0.000000 0.813354 0.000000 0.814003 0.000000 0.813489 0.000000 0.810090 0.000000 0.806607 0.000000 0.803971 0.000000 0.802653 0.000000 0.803278
0 0.188254 0.810946 0.189003 0.813981 0.187739 0.817230 0.184579 0.818980 0.181870 0.819629 0.178205 0.819114 0.175741 0.815715 0.176177 0.812232 0.177717 0.809597 0.182046 0.808279 0.185479 0.808904
0 0.255227 0.806302 0.255975 0.809336 0.254711 0.812585 0.251551 0.814335 0.248841 0.814984 0.245177 0.814470 0.242713 0.811071 0.243150 0.807588 0.244690 0.804952 0.249018 0.803634 0.252451 0.804259
0 0.317466 0.792826 0.318215 0.795861 0.316951 0.799110 0.313790 0.800860 0.311081 0.801509 0.307417 0.800994 0.304953 0.797596 0.305389 0.794112 0.306929 0.791477 0.311258 0.790159 0.314690 0.790784
0 0.368277 0.734976 0.369025 0.738011 0.367761 0.741260 0.364601 0.743010 0.361892 0.743659 0.358228 0.743144 0.355764 0.739745 0.356200 0.736262 0.357740 0.733627 0.362068 0.732309 0.365501 0.732934
0 0.389108 0.745342 0.389857 0.748377 0.388593 0.751626 0.385433 0.753376 0.382724 0.754025 0.379059 0.753510 0.376595 0.750112 0.377031 0.746628 0.378571 0.743993 0.382900 0.742675 0.386333 0.743300
0 0.504632 0.786747 0.505381 0.789781 0.504117 0.793030 0.500957 0.794780 0.498248 0.795429 0.494584 0.794915 0.492120 0.791516 0.492555 0.788033 0.494095 0.785397 0.498424 0.784079 0.501857 0.784704
0 0.694574 0.754496 0.695323 0.757530 0.694058 0.760779 0.690899 0.762529 0.688189 0.763178 0.684525 0.762664 0.682061 0.759265 0.682497 0.755781 0.684037 0.753146 0.688366 0.751828 0.691798 0.752453
0 0.679793 0.738857 0.680542 0.741892 0.679277 0.745140 0.676117 0.746890 0.673408 0.747540 0.669744 0.747025 0.667279 0.743626 0.667716 0.740143 0.669256 0.737508 0.673585 0.736190 0.677018 0.736814
0 0.899660 0.784938 0.900409 0.787972 0.899145 0.791221 0.895985 0.792970 0.893276 0.793620 0.889611 0.793105 0.887147 0.789707 0.887583 0.786223 0.889123 0.783588 0.893452 0.782270 0.896885 0.782895
0 0.912559 0.743651 0.913307 0.746686 0.912044 0.749935 0.908884 0.751684 0.906174 0.752333 0.902510 0.751819 0.900046 0.748420 0.900482 0.744937 0.902022 0.742301 0.906351 0.740983 0.909783 0.741609
0 0.882807 0.668148 0.883556 0.671183 0.882292 0.674431 0.879132 0.676181 0.876422 0.676830 0.872758 0.676316 0.870294 0.672917 0.870730 0.669434 0.872270 0.666799 0.876599 0.665481 0.880032 0.666105
0 0.990070 0.616927 0.990818 0.619961 0.989554 0.623210 0.986394 0.624960 0.983685 0.625609 0.980021 0.625095 0.977556 0.621696 0.977993 0.618212 0.979533 0.615577 0.983861 0.614259 0.987294 0.614884
0 0.964863 0.594418 0.965612 0.597452 0.964348 0.600701 0.961188 0.602450 0.958478 0.603099 0.954814 0.602585 0.952350 0.599187 0.952786 0.595703 0.954326 0.593068 0.958655 0.591750 0.962088 0.592375
0 0.717745 0.617853 0.718494 0.620888 0.717229 0.624137 0.714070 0.625887 0.711360 0.626536 0.707696 0.626021 0.705232 0.622622 0.705668 0.619139 0.707208 0.616504 0.711537 0.615186 0.714970 0.615811
0 0.753948 0.564570 0.754697 0.567605 0.753432 0.570853 0.750273 0.572603 0.747563 0.573252 0.743899 0.572738 0.741435 0.569339 0.741871 0.565856 0.743411 0.563221 0.747740 0.561903 0.751173 0.562527
0 0.708805 0.511596 0.709554 0.514631 0.708289 0.517879 0.705130 0.519630 0.702420 0.520279 0.698756 0.519764 0.696292 0.516365 0.696728 0.512882 0.698268 0.510247 0.702597 0.508929 0.706029 0.509554
0 0.581739 0.481640 0.582487 0.484674 0.581223 0.487923 0.578063 0.489672 0.575354 0.490321 0.571689 0.489807 0.569225 0.486408 0.569662 0.482925 0.571202 0.480290 0.575531 0.478972 0.578963 0.479596
0 0.632943 0.433715 0.633692 0.436750 0.632428 0.439999 0.629268 0.441748 0.626558 0.442397 0.622894 0.441883 0.620430 0.438484 0.620866 0.435001 0.622406 0.432366 0.626735 0.431048 0.630168 0.431672
0 0.544607 0.422950 0.545356 0.425984 0.544092 0.429233 0.540932 0.430983 0.538222 0.431632 0.534558 0.431118 0.532094 0.427719 0.532530 0.424235 0.534070 0.421600 0.538399 0.420282 0.541831 0.420907
0 0.518969 0.522132 0.519717 0.525167 0.518453 0.528416 0.515294 0.530166 0.512584 0.530815 0.508920 0.530300 0.506456 0.526901 0.506892 0.523418 0.508432 0.520783 0.512760 0.519465 0.516193 0.520089
0 0.454037 0.511280 0.454785 0.514315 0.453521 0.517563 0.450362 0.519313 0.447652 0.519962 0.443988 0.519448 0.441524 0.516049 0.441960 0.512566 0.443500 0.509931 0.447828 0.508613 0.451261 0.509237
0 0.416241 0.586908 0.416989 0.589942 0.415725 0.593191 0.412565 0.594941 0.409855 0.595590 0.406191 0.595075 0.403727 0.591677 0.404163 0.588194 0.405703 0.585558 0.410032 0.584240 0.413465 0.584865
0 0.558595 0.559699 0.558664 0.564936 0.557205 0.568742 0.554840 0.571422 0.550101 0.572787 0.542665 0.572561 0.539074 0.569771 0.537486 0.565039 0.538076 0.560295 0.540178 0.556326 0.544044 0.553784 0.549064 0.553262 0.555157 0.555445
0 0.375991 0.541858 0.376740 0.544892 0.375476 0.548141 0.372316 0.549891 0.369607 0.550540 0.365942 0.550026 0.363478 0.546627 0.363914 0.543143 0.365454 0.540508 0.369783 0.539190 0.373215 0.539815
0 0.330550 0.551955 0.331298 0.554989 0.330034 0.558238 0.326875 0.559988 0.324165 0.560637 0.320501 0.560123 0.318037 0.556724 0.318473 0.553240 0.320013 0.550605 0.324342 0.549287 0.327774 0.549912
0 0.390230 0.574703 0.388318 0.576940 0.385453 0.577508 0.382151 0.577261 0.380659 0.575686 0.380393 0.573160 0.381519 0.571297 0.383180 0.569982 0.385185 0.569079 0.387915 0.569069 0.390501 0.570472 0.390731 0.572858
0 0.341650 0.670829 0.339738 0.673067 0.336874 0.673635 0.333572 0.673388 0.332080 0.671813 0.331814 0.669287 0.332939 0.667424 0.334600 0.666109 0.336605 0.665206 0.339335 0.665196 0.341922 0.666598 0.342152 0.668985
0 0.258866 0.627556 0.256954 0.629794 0.254089 0.630362 0.250787 0.630115 0.249295 0.628540 0.249029 0.626014 0.250155 0.624151 0.251816 0.622836 0.253821 0.621932 0.256551 0.621923 0.259137 0.623325 0.259367 0.625712
0 0.312651 0.785073 0.310738 0.787310 0.307874 0.787878 0.304572 0.787631 0.303080 0.786057 0.302814 0.783530 0.303939 0.781667 0.305601 0.780352 0.307606 0.779449 0.310335 0.779439 0.312922 0.780842 0.313152 0.783228
0 0.318979 0.754811 0.317067 0.757049 0.314203 0.757617 0.310901 0.757370 0.309409 0.755795 0.309142 0.753269 0.310268 0.751406 0.311929 0.750090 0.313934 0.749187 0.316664 0.749178 0.319251 0.750580 0.319481 0.752966
0 0.168740 0.799408 0.166828 0.801646 0.163964 0.802214 0.160662 0.801967 0.159170 0.800392 0.158903 0.797866 0.160029 0.796003 0.161690 0.794688 0.163695 0.793784 0.166425 0.793775 0.169012 0.795177 0.169242 0.797563
0 0.101060 0.760633 0.099148 0.762871 0.096283 0.763439 0.092981 0.763192 0.091489 0.761617 0.091223 0.759091 0.092348 0.757228 0.094010 0.755913 0.096015 0.755010 0.098744 0.755000 0.101332 0.756402 0.101561 0.758789
0 0.000000 0.802447 0.000000 0.804685 0.000000 0.805253 0.000000 0.805006 0.000000 0.803431 0.000000 0.800905 0.000000 0.799042 0.000000 0.797727 0.000000 0.796823 0.000000 0.796814 0.000000 0.798216 0.000000 0.800602
0 0.000000 0.735483 0.000000 0.737721 0.000000 0.738289 0.000000 0.738042 0.000000 0.736467 0.000000 0.733941 0.000000 0.732078 0.000000 0.730762 0.000000 0.729859 0.000000 0.729850 0.000000 0.731252 0.000000 0.733638
0 0.129643 0.520083 0.127731 0.522321 0.124866 0.522889 0.121564 0.522642 0.120072 0.521067 0.119806 0.518541 0.120931 0.516678 0.122593 0.515363 0.124598 0.514460 0.127327 0.514450 0.129915 0.515853 0.130144 0.518238
0 0.189514 0.429131 0.187601 0.431369 0.184737 0.431937 0.181435 0.431690 0.179943 0.430115 0.179677 0.427589 0.180802 0.425726 0.182463 0.424411 0.184469 0.423508 0.187198 0.423498 0.189785 0.424900 0.190015 0.427287
0 0.165732 0.296641 0.163820 0.298879 0.160955 0.299447 0.157653 0.299200 0.156161 0.297625 0.155895 0.295099 0.157020 0.293236 0.158682 0.291920 0.160687 0.291017 0.163416 0.291008 0.166003 0.292410 0.166233 0.294797
0 0.249589 0.334073 0.247677 0.336311 0.244812 0.336879 0.241510 0.336632 0.240018 0.335057 0.239752 0.332531 0.240878 0.330668 0.242539 0.329353 0.244544 0.328449 0.247274 0.328440 0.249861 0.329842 0.250090 0.332229
0 0.585763 0.380673 0.586511 0.383708 0.585247 0.386956 0.582087 0.388706 0.579377 0.389355 0.575713 0.388841 0.573249 0.385442 0.573686 0.381959 0.575226 0.379324 0.579554 0.378006 0.582987 0.378630
0 0.693851 0.669496 0.697523 0.670866 0.699945 0.674179 0.700082 0.678273 0.698170 0.681888 0.692848 0.684061 0.687030 0.683270 0.685305 0.680707 0.685019 0.676093 0.686407 0.672335 0.689677 0.669665
0 0.626307 0.627931 0.627056 0.630965 0.625792 0.634214 0.622632 0.635964 0.619923 0.636613 0.616258 0.636099 0.613794 0.632700 0.614230 0.629217 0.615770 0.626581 0.620099 0.625263 0.623531 0.625888
0 0.254360 0.564161 0.259017 0.565363 0.262141 0.569424 0.262603 0.574090 0.260423 0.578166 0.256450 0.580671 0.250253 0.581294 0.245367 0.578883 0.243025 0.575625 0.243105 0.570721 0.245874 0.566347 0.249598 0.564406
0 0.173177 0.554010 0.171265 0.556247 0.168400 0.556815 0.165098 0.556569 0.163605 0.554994 0.163339 0.552467 0.164465 0.550605 0.166127 0.549289 0.168131 0.548386 0.170861 0.548377 0.173448 0.549779 0.173678 0.552165
0 0.094492 0.338909 0.099149 0.340110 0.102273 0.344171 0.102734 0.348838 0.100555 0.352913 0.096582 0.355418 0.090384 0.356042 0.085499 0.353630 0.083157 0.350372 0.083237 0.345469 0.086006 0.341094 0.089730 0.339154
0 0.133214 0.290230 0.131302 0.292467 0.128437 0.293035 0.125135 0.292789 0.123643 0.291213 0.123377 0.288687 0.124502 0.286825 0.126164 0.285509 0.128168 0.284606 0.130898 0.284596 0.133486 0.285999 0.133715 0.288385
0 0.256688 0.457932 0.260359 0.459302 0.262781 0.462615 0.262919 0.466709 0.261006 0.470324 0.255685 0.472497 0.249866 0.471706 0.248141 0.469143 0.247855 0.464528 0.249243 0.460771 0.252513 0.458101
0 0.752505 0.796593 0.752574 0.801830 0.751115 0.805636 0.748750 0.808317 0.744010 0.809681 0.736574 0.809456 0.732984 0.806666 0.731396 0.801933 0.731986 0.797190 0.734088 0.793221 0.737954 0.790678 0.742974 0.790157 0.749066 0.792340
