0 0.453526 0.413462 0.451923 0.419872 0.447115 0.424679 0.442308 0.426282 0.435897 0.424679 0.431090 0.419872 0.431090 0.413462 0.437500 0.407051 0.443910 0.405449 0.450321 0.408654
0 0.400641 0.408654 0.399038 0.415064 0.394231 0.419872 0.387821 0.421474 0.383013 0.418269 0.379808 0.415064 0.379808 0.408654 0.384615 0.402244 0.389423 0.402244 0.397436 0.403846
0 0.411859 0.358974 0.410256 0.365385 0.405449 0.370192 0.400641 0.371795 0.392628 0.370192 0.389423 0.365385 0.387821 0.358974 0.394231 0.352564 0.402244 0.350962 0.408654 0.354167
0 0.503205 0.317308 0.501603 0.323718 0.496795 0.328526 0.491987 0.330128 0.485577 0.328526 0.482372 0.323718 0.480769 0.317308 0.487179 0.310897 0.495192 0.309295 0.498397 0.314103
0 0.575321 0.347756 0.573718 0.354167 0.567308 0.358974 0.562500 0.360577 0.556090 0.358974 0.552885 0.354167 0.551282 0.347756 0.557692 0.341346 0.565705 0.339744 0.570513 0.342949
0 0.613782 0.386218 0.612179 0.392628 0.607372 0.397436 0.602564 0.399038 0.596154 0.397436 0.591346 0.392628 0.591346 0.386218 0.597756 0.379808 0.604167 0.378205 0.610577 0.381410
0 0.416667 0.495192 0.415064 0.500000 0.408654 0.504808 0.403846 0.506410 0.397436 0.504808 0.394231 0.500000 0.392628 0.495192 0.399038 0.488782 0.407051 0.487179 0.411859 0.490385
0 0.233974 0.408654 0.232372 0.413462 0.227564 0.419872 0.222756 0.421474 0.214744 0.419872 0.211538 0.415064 0.209936 0.407051 0.216346 0.400641 0.224359 0.400641 0.230769 0.402244
0 0.190705 0.411859 0.189103 0.416667 0.184295 0.423077 0.179487 0.424679 0.171474 0.421474 0.168269 0.416667 0.166667 0.410256 0.173077 0.403846 0.181090 0.403846 0.187500 0.405449
0 0.185897 0.552885 0.184295 0.559295 0.179487 0.564103 0.173077 0.565705 0.166667 0.564103 0.163462 0.559295 0.161859 0.552885 0.168269 0.546474 0.176282 0.544872 0.182692 0.548077
0 0.153846 0.554487 0.152244 0.559295 0.147436 0.565705 0.141026 0.567308 0.134615 0.565705 0.131410 0.560897 0.129808 0.554487 0.136218 0.546474 0.144231 0.546474 0.150641 0.548077
0 0.099359 0.535256 0.097756 0.541667 0.092949 0.546474 0.088141 0.548077 0.081731 0.546474 0.078526 0.541667 0.076923 0.535256 0.083333 0.528846 0.091346 0.527244 0.094551 0.530449
0 0.144231 0.450321 0.142628 0.456731 0.137821 0.461538 0.133013 0.463141 0.125000 0.461538 0.121795 0.456731 0.120192 0.451923 0.126603 0.442308 0.134615 0.442308 0.141026 0.445513
0 0.070513 0.448718 0.068910 0.455128 0.065705 0.458333 0.060897 0.461538 0.052885 0.458333 0.049679 0.455128 0.049679 0.448718 0.056090 0.440705 0.062500 0.439103 0.068910 0.442308
0 0.032051 0.500000 0.032051 0.504808 0.028846 0.509615 0.024038 0.511218 0.017628 0.509615 0.014423 0.506410 0.014423 0.500000 0.019231 0.491987 0.025641 0.491987 0.030449 0.495192
0 0.057692 0.469551 0.056090 0.474359 0.051282 0.479167 0.048077 0.482372 0.040064 0.479167 0.036859 0.474359 0.035256 0.467949 0.041667 0.461538 0.048077 0.463141 0.054487 0.463141
0 0.078526 0.738782 0.076923 0.743590 0.072115 0.750000 0.065705 0.751603 0.059295 0.748397 0.057692 0.745192 0.056090 0.737179 0.062500 0.730769 0.068910 0.732372 0.073718 0.732372
0 0.235577 0.730769 0.233974 0.737179 0.229167 0.741987 0.224359 0.743590 0.217949 0.741987 0.213141 0.737179 0.213141 0.730769 0.217949 0.724359 0.224359 0.724359 0.230769 0.727564
0 0.181090 0.860577 0.179487 0.866987 0.176282 0.870192 0.171474 0.871795 0.165064 0.870192 0.160256 0.865385 0.158654 0.860577 0.166667 0.852564 0.171474 0.852564 0.177885 0.855769
0 0.405449 0.719551 0.403846 0.725962 0.397436 0.730769 0.394231 0.730769 0.387821 0.729167 0.381410 0.725962 0.383013 0.719551 0.387821 0.714744 0.395833 0.711538 0.402244 0.714744
0 0.266026 0.727564 0.264423 0.733974 0.258013 0.738782 0.253205 0.740385 0.248397 0.737179 0.243590 0.733974 0.243590 0.727564 0.248397 0.721154 0.256410 0.719551 0.261218 0.722756
0 0.378205 0.778846 0.378205 0.783654 0.371795 0.788462 0.366987 0.788462 0.360577 0.786859 0.357372 0.783654 0.355769 0.777244 0.362179 0.770833 0.370192 0.769231 0.376603 0.772436
0 0.415064 0.636218 0.413462 0.642628 0.407051 0.647436 0.402244 0.649038 0.395833 0.647436 0.392628 0.642628 0.391026 0.636218 0.397436 0.628205 0.405449 0.628205 0.410256 0.631410
0 0.378205 0.647436 0.376603 0.653846 0.371795 0.658654 0.366987 0.660256 0.358974 0.658654 0.355769 0.653846 0.354167 0.647436 0.360577 0.641026 0.368590 0.639423 0.375000 0.642628
0 0.474359 0.556090 0.472756 0.562500 0.467949 0.567308 0.461538 0.568910 0.455128 0.567308 0.451923 0.562500 0.450321 0.556090 0.456731 0.548077 0.464744 0.548077 0.471154 0.551282
0 0.520833 0.756410 0.519231 0.762821 0.514423 0.767628 0.509615 0.769231 0.503205 0.767628 0.498397 0.764423 0.498397 0.758013 0.504808 0.750000 0.511218 0.748397 0.517628 0.751603
0 0.597756 0.584936 0.596154 0.591346 0.591346 0.596154 0.586538 0.597756 0.578526 0.596154 0.575321 0.591346 0.573718 0.584936 0.580128 0.578526 0.588141 0.576923 0.594551 0.580128
0 0.586538 0.653846 0.584936 0.660256 0.580128 0.665064 0.575321 0.666667 0.567308 0.665064 0.564103 0.660256 0.564103 0.653846 0.570513 0.647436 0.576923 0.645833 0.583333 0.649038
0 0.536859 0.647436 0.535256 0.653846 0.530449 0.658654 0.525641 0.661859 0.519231 0.658654 0.514423 0.653846 0.514423 0.647436 0.520833 0.641026 0.527244 0.639423 0.533654 0.642628
0 0.592949 0.733974 0.592949 0.737179 0.588141 0.743590 0.583333 0.745192 0.575321 0.743590 0.572115 0.738782 0.570513 0.733974 0.576923 0.725962 0.584936 0.725962 0.591346 0.727564
0 0.323718 0.645833 0.322115 0.652244 0.317308 0.657051 0.312500 0.658654 0.304487 0.657051 0.301282 0.652244 0.301282 0.645833 0.307692 0.639423 0.314103 0.637821 0.320513 0.641026
0 0.495192 0.575321 0.495192 0.580128 0.490385 0.584936 0.485577 0.586538 0.477564 0.584936 0.474359 0.580128 0.472756 0.573718 0.479167 0.567308 0.485577 0.567308 0.493590 0.568910
0 0.362179 0.596154 0.360577 0.602564 0.355769 0.607372 0.350962 0.608974 0.344551 0.607372 0.339744 0.602564 0.339744 0.596154 0.346154 0.588141 0.352564 0.588141 0.358974 0.591346
0 0.536859 0.607372 0.535256 0.613782 0.530449 0.618590 0.524038 0.620192 0.517628 0.618590 0.514423 0.613782 0.512821 0.607372 0.519231 0.599359 0.527244 0.599359 0.533654 0.602564
0 0.395833 0.700321 0.394231 0.705128 0.389423 0.711538 0.384615 0.713141 0.378205 0.711538 0.373397 0.706731 0.373397 0.700321 0.379808 0.692308 0.386218 0.692308 0.392628 0.693910
0 0.283654 0.679487 0.282051 0.684295 0.275641 0.689103 0.270833 0.690705 0.264423 0.689103 0.261218 0.684295 0.259615 0.677885 0.264423 0.673077 0.274038 0.671474 0.278846 0.674679
0 0.133013 0.858974 0.131410 0.865385 0.128205 0.868590 0.121795 0.870192 0.115385 0.868590 0.112179 0.863782 0.110577 0.857372 0.116987 0.852564 0.123397 0.850962 0.129808 0.854167
0 0.081731 0.677885 0.078526 0.684295 0.075321 0.687500 0.070513 0.689103 0.064103 0.687500 0.060897 0.682692 0.059295 0.676282 0.065705 0.671474 0.070513 0.673077 0.076923 0.673077
0 0.626603 0.411859 0.625000 0.418269 0.620192 0.423077 0.615385 0.424679 0.607372 0.423077 0.604167 0.418269 0.602564 0.411859 0.608974 0.403846 0.616987 0.403846 0.623397 0.407051
0 0.527244 0.443910 0.525641 0.450321 0.520833 0.455128 0.516026 0.456731 0.508013 0.455128 0.504808 0.450321 0.503205 0.443910 0.511218 0.437500 0.517628 0.435897 0.524038 0.439103
0 0.493590 0.383013 0.491987 0.389423 0.487179 0.394231 0.482372 0.395833 0.474359 0.394231 0.471154 0.389423 0.469551 0.383013 0.475962 0.376603 0.483974 0.375000 0.490385 0.378205
0 0.591346 0.442308 0.589744 0.448718 0.584936 0.453526 0.580128 0.455128 0.572115 0.453526 0.568910 0.448718 0.567308 0.442308 0.573718 0.435897 0.581731 0.434295 0.588141 0.437500
0 0.616987 0.458333 0.615385 0.464744 0.610577 0.469551 0.604167 0.471154 0.597756 0.469551 0.594551 0.464744 0.592949 0.458333 0.599359 0.451923 0.607372 0.450321 0.613782 0.453526
0 0.623397 0.480769 0.621795 0.487179 0.616987 0.491987 0.612179 0.493590 0.605769 0.491987 0.600962 0.487179 0.600962 0.480769 0.607372 0.472756 0.613782 0.472756 0.620192 0.475962
0 0.733974 0.477564 0.737179 0.480769 0.732372 0.487179 0.727564 0.488782 0.719551 0.487179 0.716346 0.482372 0.716346 0.475962 0.719551 0.471154 0.724359 0.469551 0.732372 0.472756
0 0.769231 0.509615 0.770833 0.514423 0.766026 0.520833 0.759615 0.522436 0.753205 0.520833 0.750000 0.516026 0.748397 0.509615 0.751603 0.504808 0.758013 0.503205 0.764423 0.506410
0 0.777244 0.528846 0.778846 0.533654 0.774038 0.538462 0.769231 0.541667 0.761218 0.538462 0.758013 0.533654 0.756410 0.527244 0.759615 0.524038 0.766026 0.522436 0.772436 0.524038
0 0.689103 0.584936 0.689103 0.591346 0.684295 0.596154 0.679487 0.597756 0.673077 0.596154 0.668269 0.591346 0.668269 0.584936 0.671474 0.580128 0.676282 0.578526 0.684295 0.581731
0 0.741987 0.570513 0.741987 0.576923 0.738782 0.580128 0.733974 0.583333 0.727564 0.580128 0.724359 0.575321 0.722756 0.568910 0.727564 0.565705 0.732372 0.564103 0.737179 0.567308
0 0.750000 0.625000 0.751603 0.631410 0.746795 0.636218 0.740385 0.637821 0.733974 0.636218 0.730769 0.631410 0.729167 0.625000 0.732372 0.620192 0.738782 0.618590 0.745192 0.621795
0 0.907051 0.580128 0.908654 0.586538 0.902244 0.591346 0.897436 0.594551 0.892628 0.591346 0.887821 0.586538 0.887821 0.581731 0.891026 0.576923 0.897436 0.576923 0.902244 0.578526
0 0.927885 0.474359 0.929487 0.479167 0.926282 0.483974 0.921474 0.485577 0.913462 0.483974 0.910256 0.479167 0.911859 0.472756 0.915064 0.469551 0.921474 0.467949 0.926282 0.469551
0 0.794872 0.604167 0.796474 0.608974 0.791667 0.613782 0.788462 0.616987 0.782051 0.613782 0.777244 0.608974 0.778846 0.604167 0.782051 0.599359 0.788462 0.597756 0.793269 0.599359
0 0.876603 0.434295 0.878205 0.440705 0.875000 0.445513 0.870192 0.447115 0.862179 0.445513 0.858974 0.440705 0.860577 0.435897 0.863782 0.431090 0.870192 0.429487 0.873397 0.431090
0 0.842949 0.381410 0.844551 0.387821 0.838141 0.391026 0.834936 0.392628 0.828526 0.391026 0.825321 0.386218 0.823718 0.383013 0.828526 0.378205 0.833333 0.376603 0.838141 0.378205
0 0.903846 0.357372 0.905449 0.360577 0.900641 0.365385 0.895833 0.368590 0.891026 0.365385 0.886218 0.360577 0.887821 0.355769 0.889423 0.350962 0.894231 0.350962 0.899038 0.352564
0 0.855769 0.338141 0.855769 0.344551 0.850962 0.349359 0.846154 0.350962 0.839744 0.349359 0.834936 0.344551 0.836538 0.338141 0.839744 0.334936 0.846154 0.333333 0.850962 0.334936
0 0.889423 0.318910 0.891026 0.325321 0.884615 0.330128 0.881410 0.331731 0.875000 0.330128 0.871795 0.325321 0.871795 0.318910 0.875000 0.315705 0.879808 0.314103 0.884615 0.315705
0 0.780449 0.328526 0.782051 0.334936 0.777244 0.339744 0.772436 0.341346 0.766026 0.339744 0.762821 0.334936 0.762821 0.330128 0.764423 0.326923 0.770833 0.325321 0.775641 0.325321
0 0.802885 0.213141 0.806090 0.217949 0.799679 0.222756 0.794872 0.224359 0.788462 0.222756 0.783654 0.217949 0.785256 0.213141 0.788462 0.208333 0.794872 0.206731 0.799679 0.208333
0 0.697115 0.221154 0.698718 0.227564 0.693910 0.232372 0.687500 0.233974 0.681090 0.230769 0.677885 0.227564 0.679487 0.221154 0.682692 0.217949 0.687500 0.216346 0.692308 0.217949
0 0.615385 0.294872 0.616987 0.301282 0.612179 0.306090 0.605769 0.307692 0.599359 0.306090 0.596154 0.301282 0.597756 0.294872 0.600962 0.291667 0.605769 0.290064 0.610577 0.291667
0 0.551282 0.293269 0.552885 0.299679 0.548077 0.304487 0.541667 0.306090 0.535256 0.304487 0.532051 0.299679 0.532051 0.293269 0.535256 0.290064 0.541667 0.288462 0.546474 0.290064
0 0.578526 0.245192 0.580128 0.250000 0.573718 0.256410 0.568910 0.258013 0.562500 0.254808 0.559295 0.250000 0.559295 0.245192 0.562500 0.240385 0.568910 0.240385 0.573718 0.240385
0 0.493590 0.288462 0.493590 0.294872 0.488782 0.299679 0.483974 0.301282 0.477564 0.299679 0.472756 0.294872 0.474359 0.288462 0.477564 0.285256 0.483974 0.283654 0.488782 0.285256
0 0.442308 0.314103 0.443910 0.318910 0.439103 0.323718 0.432692 0.326923 0.426282 0.323718 0.423077 0.318910 0.424679 0.314103 0.426282 0.309295 0.432692 0.309295 0.437500 0.309295
0 0.410256 0.317308 0.411859 0.323718 0.407051 0.328526 0.402244 0.330128 0.394231 0.328526 0.391026 0.323718 0.392628 0.317308 0.395833 0.314103 0.400641 0.312500 0.405449 0.314103
0 0.440705 0.278846 0.440705 0.285256 0.435897 0.290064 0.431090 0.291667 0.424679 0.290064 0.419872 0.285256 0.421474 0.280449 0.424679 0.275641 0.431090 0.274038 0.435897 0.275641
0 0.487179 0.267628 0.488782 0.274038 0.483974 0.278846 0.477564 0.280449 0.471154 0.278846 0.467949 0.274038 0.467949 0.269231 0.471154 0.264423 0.477564 0.262821 0.482372 0.264423
0 0.386218 0.317308 0.387821 0.322115 0.383013 0.326923 0.378205 0.330128 0.370192 0.326923 0.366987 0.322115 0.368590 0.317308 0.371795 0.312500 0.378205 0.312500 0.383013 0.312500
0 0.371795 0.410256 0.373397 0.415064 0.368590 0.419872 0.363782 0.421474 0.358974 0.418269 0.357372 0.415064 0.357372 0.410256 0.358974 0.407051 0.365385 0.405449 0.368590 0.405449
0 0.354167 0.427885 0.355769 0.432692 0.349359 0.439103 0.344551 0.439103 0.338141 0.437500 0.336538 0.432692 0.334936 0.427885 0.338141 0.423077 0.344551 0.423077 0.349359 0.424679
0 0.315705 0.442308 0.317308 0.447115 0.310897 0.451923 0.306090 0.453526 0.299679 0.451923 0.296474 0.447115 0.296474 0.442308 0.299679 0.437500 0.306090 0.437500 0.310897 0.437500
0 0.402244 0.469551 0.403846 0.474359 0.399038 0.479167 0.392628 0.480769 0.386218 0.479167 0.383013 0.474359 0.383013 0.469551 0.386218 0.464744 0.392628 0.463141 0.397436 0.464744
0 0.383013 0.464744 0.384615 0.469551 0.378205 0.474359 0.373397 0.475962 0.366987 0.474359 0.362179 0.469551 0.363782 0.464744 0.366987 0.459936 0.373397 0.458333 0.378205 0.459936
0 0.253205 0.475962 0.254808 0.479167 0.250000 0.483974 0.245192 0.485577 0.238782 0.483974 0.233974 0.479167 0.235577 0.474359 0.238782 0.469551 0.245192 0.467949 0.250000 0.469551
0 0.261218 0.445513 0.262821 0.451923 0.256410 0.456731 0.253205 0.456731 0.246795 0.455128 0.243590 0.450321 0.243590 0.445513 0.246795 0.440705 0.253205 0.440705 0.256410 0.443910
0 0.166667 0.474359 0.166667 0.480769 0.161859 0.485577 0.157051 0.487179 0.150641 0.487179 0.147436 0.480769 0.149038 0.475962 0.150641 0.472756 0.157051 0.469551 0.161859 0.471154
0 0.262821 0.498397 0.264423 0.503205 0.258013 0.508013 0.253205 0.511218 0.248397 0.508013 0.243590 0.503205 0.243590 0.500000 0.248397 0.495192 0.253205 0.495192 0.258013 0.495192
0 0.283654 0.487179 0.283654 0.493590 0.278846 0.498397 0.272436 0.500000 0.267628 0.498397 0.262821 0.493590 0.264423 0.488782 0.267628 0.483974 0.274038 0.482372 0.278846 0.483974
0 0.206731 0.435897 0.208333 0.442308 0.203526 0.447115 0.198718 0.447115 0.193910 0.445513 0.190705 0.440705 0.190705 0.435897 0.193910 0.431090 0.198718 0.431090 0.203526 0.432692
0 0.092949 0.498397 0.094551 0.503205 0.091346 0.508013 0.084936 0.509615 0.080128 0.506410 0.076923 0.501603 0.076923 0.498397 0.080128 0.495192 0.086538 0.493590 0.089744 0.495192
0 0.139423 0.573718 0.141026 0.580128 0.134615 0.584936 0.129808 0.584936 0.125000 0.583333 0.121795 0.578526 0.121795 0.573718 0.123397 0.572115 0.129808 0.568910 0.134615 0.570513
0 0.144231 0.650641 0.145833 0.657051 0.142628 0.661859 0.136218 0.663462 0.129808 0.660256 0.128205 0.655449 0.126603 0.650641 0.129808 0.647436 0.136218 0.645833 0.139423 0.647436
0 0.110577 0.809295 0.112179 0.815705 0.107372 0.822115 0.104167 0.822115 0.097756 0.820513 0.092949 0.815705 0.094551 0.810897 0.097756 0.806090 0.102564 0.806090 0.107372 0.806090
0 0.081731 0.766026 0.083333 0.770833 0.078526 0.775641 0.073718 0.777244 0.067308 0.775641 0.065705 0.769231 0.064103 0.766026 0.067308 0.761218 0.073718 0.759615 0.076923 0.762821
0 0.092949 0.750000 0.092949 0.756410 0.088141 0.761218 0.083333 0.762821 0.076923 0.759615 0.075321 0.754808 0.075321 0.750000 0.076923 0.746795 0.083333 0.745192 0.088141 0.746795
0 0.083333 0.783654 0.084936 0.788462 0.081731 0.791667 0.076923 0.793269 0.073718 0.791667 0.070513 0.786859 0.068910 0.783654 0.072115 0.778846 0.078526 0.778846 0.081731 0.780449
0 0.163462 0.751603 0.165064 0.758013 0.160256 0.762821 0.153846 0.764423 0.150641 0.761218 0.147436 0.758013 0.147436 0.754808 0.149038 0.748397 0.153846 0.746795 0.158654 0.748397
0 0.161859 0.889423 0.163462 0.894231 0.158654 0.899038 0.153846 0.899038 0.149038 0.897436 0.142628 0.894231 0.144231 0.891026 0.147436 0.884615 0.153846 0.883013 0.155449 0.887821
0 0.415064 0.783654 0.416667 0.790064 0.413462 0.793269 0.407051 0.796474 0.402244 0.793269 0.400641 0.788462 0.399038 0.783654 0.402244 0.780449 0.408654 0.778846 0.413462 0.780449
0 0.437500 0.748397 0.437500 0.753205 0.434295 0.758013 0.429487 0.759615 0.424679 0.758013 0.421474 0.753205 0.419872 0.748397 0.423077 0.743590 0.429487 0.743590 0.432692 0.745192
0 0.495192 0.730769 0.495192 0.735577 0.493590 0.740385 0.487179 0.741987 0.482372 0.740385 0.479167 0.735577 0.479167 0.730769 0.482372 0.725962 0.487179 0.725962 0.491987 0.727564
0 0.511218 0.701923 0.511218 0.708333 0.508013 0.711538 0.503205 0.713141 0.498397 0.713141 0.496795 0.706731 0.496795 0.701923 0.498397 0.700321 0.503205 0.697115 0.508013 0.698718
0 0.451923 0.690705 0.451923 0.697115 0.448718 0.700321 0.443910 0.703526 0.437500 0.700321 0.435897 0.695513 0.432692 0.692308 0.437500 0.687500 0.443910 0.685897 0.448718 0.687500
0 0.469551 0.706731 0.469551 0.711538 0.467949 0.716346 0.461538 0.717949 0.456731 0.716346 0.453526 0.711538 0.453526 0.706731 0.456731 0.701923 0.461538 0.701923 0.466346 0.703526
0 0.533654 0.687500 0.535256 0.692308 0.532051 0.697115 0.527244 0.698718 0.520833 0.697115 0.519231 0.690705 0.517628 0.687500 0.520833 0.682692 0.525641 0.682692 0.530449 0.684295
0 0.293269 0.700321 0.293269 0.706731 0.290064 0.709936 0.285256 0.713141 0.280449 0.709936 0.277244 0.705128 0.275641 0.700321 0.278846 0.697115 0.285256 0.695513 0.290064 0.697115
0 0.299679 0.620192 0.299679 0.625000 0.296474 0.629808 0.291667 0.631410 0.286859 0.629808 0.283654 0.625000 0.282051 0.620192 0.285256 0.615385 0.291667 0.615385 0.296474 0.616987
0 0.190705 0.692308 0.190705 0.695513 0.190705 0.698718 0.185897 0.700321 0.179487 0.697115 0.176282 0.693910 0.179487 0.690705 0.181090 0.687500 0.184295 0.687500 0.187500 0.687500
0 0.211538 0.697115 0.211538 0.700321 0.209936 0.703526 0.205128 0.706731 0.198718 0.703526 0.195513 0.700321 0.197115 0.695513 0.200321 0.692308 0.205128 0.690705 0.208333 0.692308
0 0.241987 0.697115 0.243590 0.701923 0.241987 0.705128 0.238782 0.706731 0.232372 0.705128 0.229167 0.700321 0.230769 0.697115 0.233974 0.693910 0.237179 0.692308 0.240385 0.693910
0 0.296474 0.717949 0.298077 0.722756 0.296474 0.725962 0.291667 0.727564 0.285256 0.725962 0.282051 0.721154 0.283654 0.717949 0.286859 0.714744 0.291667 0.713141 0.294872 0.714744
0 0.298077 0.639423 0.299679 0.642628 0.298077 0.645833 0.293269 0.649038 0.286859 0.645833 0.283654 0.642628 0.285256 0.637821 0.288462 0.634615 0.293269 0.633013 0.296474 0.634615
0 0.341346 0.650641 0.342949 0.653846 0.334936 0.660256 0.330128 0.658654 0.326923 0.653846 0.328526 0.649038 0.330128 0.645833 0.334936 0.644231 0.338141 0.647436 0.314103 0.613782
0 0.314103 0.616987 0.312500 0.620192 0.307692 0.623397 0.301282 0.620192 0.298077 0.616987 0.299679 0.612179 0.302885 0.608974 0.307692 0.607372 0.310897 0.608974 0.334936 0.732372
0 0.334936 0.735577 0.333333 0.740385 0.330128 0.741987 0.325321 0.740385 0.322115 0.735577 0.323718 0.732372 0.323718 0.730769 0.328526 0.727564 0.331731 0.729167 0.304487 0.793269
0 0.306090 0.798077 0.302885 0.801282 0.298077 0.802885 0.293269 0.801282 0.290064 0.796474 0.291667 0.793269 0.293269 0.790064 0.298077 0.788462 0.301282 0.790064 0.248397 0.818910
0 0.248397 0.822115 0.248397 0.823718 0.241987 0.826923 0.237179 0.823718 0.235577 0.820513 0.233974 0.817308 0.237179 0.814103 0.241987 0.812500 0.246795 0.814103 0.293269 0.833333
0 0.293269 0.838141 0.290064 0.841346 0.286859 0.841346 0.282051 0.839744 0.277244 0.834936 0.280449 0.833333 0.282051 0.830128 0.286859 0.828526 0.290064 0.830128 0.182692 0.798077
0 0.182692 0.799679 0.179487 0.801282 0.176282 0.802885 0.173077 0.802885 0.169872 0.799679 0.168269 0.796474 0.166667 0.793269 0.169872 0.790064 0.174679 0.788462 0.177885 0.788462
0 0.181090 0.790064 0.184295 0.793269 0.182692 0.762821 0.181090 0.762821 0.179487 0.764423 0.176282 0.766026 0.173077 0.766026 0.169872 0.762821 0.165064 0.761218 0.166667 0.758013 0.169872 0.754808 0.174679 0.751603 0.176282 0.753205
0 0.179487 0.753205 0.182692 0.756410 0.203526 0.746795 0.201923 0.750000 0.198718 0.751603 0.195513 0.754808 0.193910 0.751603 0.189103 0.750000 0.185897 0.748397 0.187500 0.743590 0.189103 0.740385 0.193910 0.737179 0.197115 0.738782
0 0.201923 0.740385 0.203526 0.741987 0.262821 0.783654 0.261218 0.786859 0.258013 0.788462 0.254808 0.788462 0.251603 0.786859 0.248397 0.785256 0.245192 0.783654 0.245192 0.780449 0.248397 0.777244 0.253205 0.774038 0.256410 0.775641
0 0.259615 0.777244 0.262821 0.778846 0.269231 0.761218 0.269231 0.764423 0.266026 0.766026 0.262821 0.766026 0.259615 0.766026 0.256410 0.764423 0.254808 0.761218 0.253205 0.758013 0.256410 0.754808 0.261218 0.751603 0.262821 0.754808
0 0.266026 0.753205 0.269231 0.756410 0.280449 0.778846 0.280449 0.782051 0.278846 0.782051 0.274038 0.785256 0.272436 0.782051 0.267628 0.780449 0.264423 0.778846 0.266026 0.774038 0.267628 0.770833 0.272436 0.770833 0.275641 0.769231
0 0.278846 0.770833 0.282051 0.774038 0.197115 0.852564 0.197115 0.854167 0.193910 0.854167 0.190705 0.855769 0.187500 0.855769 0.184295 0.852564 0.182692 0.849359 0.179487 0.847756 0.184295 0.844551 0.189103 0.842949 0.192308 0.842949
0 0.193910 0.844551 0.197115 0.847756 0.310897 0.758013 0.309295 0.761218 0.307692 0.762821 0.302885 0.764423 0.299679 0.762821 0.294872 0.761218 0.291667 0.759615 0.294872 0.754808 0.296474 0.751603 0.301282 0.750000 0.306090 0.750000
0 0.309295 0.751603 0.312500 0.753205 0.376603 0.799679 0.375000 0.802885 0.371795 0.804487 0.370192 0.807692 0.368590 0.804487 0.363782 0.802885 0.360577 0.801282 0.362179 0.796474 0.362179 0.794872 0.366987 0.790064 0.370192 0.791667
0 0.375000 0.793269 0.375000 0.796474 0.395833 0.777244 0.395833 0.778846 0.392628 0.780449 0.389423 0.782051 0.386218 0.782051 0.383013 0.778846 0.381410 0.775641 0.379808 0.772436 0.383013 0.769231 0.387821 0.767628 0.391026 0.767628
0 0.394231 0.769231 0.397436 0.772436 0.434295 0.685897 0.434295 0.687500 0.431090 0.689103 0.427885 0.690705 0.424679 0.690705 0.421474 0.689103 0.419872 0.685897 0.418269 0.682692 0.421474 0.677885 0.426282 0.676282 0.429487 0.676282
0 0.432692 0.677885 0.435897 0.681090 0.459936 0.743590 0.458333 0.743590 0.456731 0.745192 0.451923 0.746795 0.450321 0.746795 0.445513 0.743590 0.440705 0.743590 0.442308 0.741987 0.445513 0.737179 0.450321 0.733974 0.455128 0.733974
0 0.458333 0.735577 0.461538 0.738782 0.546474 0.717949 0.544872 0.719551 0.543269 0.721154 0.538462 0.724359 0.536859 0.721154 0.532051 0.719551 0.528846 0.717949 0.530449 0.713141 0.532051 0.709936 0.536859 0.708333 0.541667 0.708333
0 0.544872 0.709936 0.548077 0.713141 0.511218 0.725962 0.511218 0.727564 0.508013 0.729167 0.504808 0.730769 0.503205 0.730769 0.498397 0.729167 0.496795 0.725962 0.498397 0.721154 0.498397 0.719551 0.503205 0.716346 0.506410 0.716346
0 0.511218 0.717949 0.512821 0.721154 0.570513 0.719551 0.568910 0.722756 0.567308 0.724359 0.562500 0.724359 0.560897 0.724359 0.556090 0.722756 0.552885 0.719551 0.554487 0.716346 0.556090 0.713141 0.560897 0.709936 0.565705 0.711538
0 0.568910 0.711538 0.572115 0.714744 0.540064 0.674679 0.538462 0.676282 0.535256 0.677885 0.532051 0.679487 0.528846 0.679487 0.525641 0.677885 0.524038 0.674679 0.522436 0.671474 0.525641 0.668269 0.530449 0.665064 0.533654 0.665064
0 0.536859 0.666667 0.540064 0.669872 0.573718 0.700321 0.573718 0.701923 0.570513 0.703526 0.567308 0.705128 0.564103 0.703526 0.560897 0.701923 0.557692 0.700321 0.559295 0.695513 0.560897 0.692308 0.565705 0.690705 0.568910 0.690705
0 0.572115 0.692308 0.575321 0.695513 0.596154 0.716346 0.596154 0.717949 0.592949 0.719551 0.589744 0.721154 0.586538 0.721154 0.583333 0.719551 0.581731 0.716346 0.580128 0.713141 0.583333 0.708333 0.588141 0.706731 0.591346 0.706731
0 0.594551 0.708333 0.597756 0.711538 0.610577 0.685897 0.608974 0.687500 0.607372 0.689103 0.602564 0.692308 0.600962 0.689103 0.596154 0.687500 0.592949 0.685897 0.594551 0.681090 0.596154 0.677885 0.600962 0.676282 0.605769 0.676282
0 0.608974 0.677885 0.612179 0.681090 0.588141 0.681090 0.586538 0.682692 0.583333 0.684295 0.580128 0.685897 0.576923 0.685897 0.573718 0.684295 0.572115 0.681090 0.570513 0.677885 0.573718 0.674679 0.578526 0.671474 0.581731 0.671474
0 0.584936 0.673077 0.588141 0.676282 0.564103 0.676282 0.564103 0.677885 0.560897 0.679487 0.557692 0.681090 0.554487 0.679487 0.551282 0.677885 0.549679 0.674679 0.548077 0.671474 0.551282 0.668269 0.556090 0.666667 0.559295 0.666667
0 0.562500 0.668269 0.565705 0.671474 0.669872 0.661859 0.668269 0.663462 0.665064 0.665064 0.661859 0.666667 0.658654 0.666667 0.655449 0.663462 0.652244 0.661859 0.653846 0.658654 0.655449 0.655449 0.660256 0.652244 0.663462 0.652244
0 0.668269 0.653846 0.669872 0.657051 0.681090 0.671474 0.679487 0.671474 0.677885 0.673077 0.674679 0.674679 0.673077 0.674679 0.668269 0.673077 0.665064 0.671474 0.666667 0.668269 0.668269 0.665064 0.673077 0.661859 0.676282 0.661859
0 0.679487 0.663462 0.681090 0.666667 0.653846 0.673077 0.655449 0.673077 0.652244 0.674679 0.649038 0.676282 0.647436 0.676282 0.642628 0.674679 0.639423 0.673077 0.641026 0.669872 0.642628 0.665064 0.647436 0.663462 0.652244 0.663462
0 0.653846 0.665064 0.655449 0.668269 0.709936 0.660256 0.708333 0.663462 0.706731 0.663462 0.703526 0.665064 0.700321 0.665064 0.697115 0.661859 0.693910 0.660256 0.695513 0.657051 0.697115 0.653846 0.701923 0.650641 0.705128 0.650641
0 0.709936 0.652244 0.709936 0.657051 0.701923 0.602564 0.701923 0.604167 0.698718 0.605769 0.695513 0.607372 0.692308 0.605769 0.689103 0.604167 0.685897 0.602564 0.687500 0.597756 0.689103 0.594551 0.693910 0.592949 0.697115 0.592949
0 0.701923 0.594551 0.703526 0.597756 0.674679 0.616987 0.673077 0.616987 0.671474 0.620192 0.668269 0.620192 0.666667 0.621795 0.661859 0.620192 0.658654 0.618590 0.660256 0.613782 0.661859 0.610577 0.666667 0.607372 0.669872 0.608974
0 0.673077 0.610577 0.674679 0.612179 0.730769 0.605769 0.730769 0.607372 0.727564 0.610577 0.725962 0.610577 0.722756 0.610577 0.719551 0.608974 0.717949 0.605769 0.716346 0.602564 0.719551 0.597756 0.724359 0.596154 0.727564 0.596154
0 0.730769 0.597756 0.732372 0.600962 0.767628 0.626603 0.767628 0.628205 0.764423 0.629808 0.761218 0.631410 0.759615 0.631410 0.754808 0.628205 0.751603 0.626603 0.753205 0.623397 0.754808 0.618590 0.759615 0.616987 0.762821 0.616987
0 0.767628 0.618590 0.769231 0.621795 0.826923 0.616987 0.826923 0.618590 0.823718 0.620192 0.820513 0.621795 0.817308 0.621795 0.814103 0.620192 0.812500 0.616987 0.810897 0.613782 0.814103 0.610577 0.818910 0.608974 0.822115 0.608974
0 0.825321 0.610577 0.828526 0.613782 0.782051 0.584936 0.783654 0.591346 0.778846 0.596154 0.774038 0.597756 0.767628 0.596154 0.762821 0.591346 0.762821 0.584936 0.766026 0.580128 0.770833 0.578526 0.778846 0.581731 0.823718 0.592949
0 0.825321 0.597756 0.820513 0.602564 0.815705 0.605769 0.807692 0.602564 0.804487 0.597756 0.802885 0.591346 0.807692 0.588141 0.814103 0.586538 0.820513 0.588141 0.875000 0.568910
0 0.876603 0.573718 0.873397 0.578526 0.866987 0.580128 0.860577 0.578526 0.857372 0.573718 0.855769 0.567308 0.860577 0.562500 0.865385 0.560897 0.871795 0.562500 0.831731 0.560897
0 0.833333 0.565705 0.826923 0.570513 0.822115 0.573718 0.815705 0.570513 0.812500 0.565705 0.810897 0.559295 0.815705 0.556090 0.820513 0.554487 0.826923 0.557692 0.846154 0.588141
0 0.847756 0.594551 0.842949 0.599359 0.836538 0.602564 0.831731 0.599359 0.828526 0.594551 0.826923 0.588141 0.831731 0.583333 0.836538 0.581731 0.841346 0.583333 0.878205 0.596154
0 0.879808 0.602564 0.875000 0.607372 0.870192 0.608974 0.863782 0.607372 0.860577 0.602564 0.860577 0.597756 0.863782 0.592949 0.870192 0.591346 0.875000 0.591346 0.966346 0.496795
0 0.967949 0.501603 0.963141 0.506410 0.958333 0.508013 0.950321 0.506410 0.948718 0.501603 0.947115 0.496795 0.950321 0.491987 0.956731 0.490385 0.963141 0.491987 0.846154 0.482372
0 0.846154 0.488782 0.841346 0.493590 0.836538 0.495192 0.830128 0.493590 0.825321 0.488782 0.825321 0.482372 0.826923 0.479167 0.834936 0.477564 0.841346 0.477564 0.817308 0.506410
0 0.818910 0.512821 0.814103 0.517628 0.809295 0.519231 0.802885 0.517628 0.799679 0.512821 0.798077 0.506410 0.802885 0.501603 0.807692 0.500000 0.812500 0.501603 0.937500 0.400641
0 0.939103 0.407051 0.934295 0.411859 0.929487 0.413462 0.923077 0.411859 0.919872 0.407051 0.921474 0.400641 0.923077 0.395833 0.929487 0.395833 0.932692 0.397436 0.875000 0.381410
0 0.876603 0.386218 0.871795 0.391026 0.866987 0.394231 0.860577 0.391026 0.857372 0.386218 0.858974 0.381410 0.862179 0.376603 0.865385 0.376603 0.870192 0.376603 0.903846 0.378205
0 0.905449 0.384615 0.900641 0.389423 0.895833 0.392628 0.889423 0.389423 0.886218 0.384615 0.887821 0.379808 0.891026 0.375000 0.894231 0.373397 0.899038 0.375000 0.783654 0.426282
0 0.785256 0.432692 0.780449 0.437500 0.775641 0.439103 0.767628 0.437500 0.764423 0.432692 0.766026 0.426282 0.769231 0.423077 0.775641 0.421474 0.778846 0.423077 0.754808 0.469551
0 0.754808 0.474359 0.750000 0.479167 0.745192 0.482372 0.740385 0.479167 0.735577 0.474359 0.737179 0.469551 0.740385 0.464744 0.745192 0.463141 0.750000 0.464744 0.679487 0.410256
0 0.677885 0.416667 0.673077 0.421474 0.668269 0.423077 0.661859 0.421474 0.657051 0.416667 0.657051 0.410256 0.663462 0.402244 0.669872 0.402244 0.676282 0.405449 0.745192 0.322115
0 0.743590 0.328526 0.738782 0.331731 0.733974 0.333333 0.727564 0.331731 0.722756 0.326923 0.721154 0.322115 0.729167 0.314103 0.735577 0.314103 0.741987 0.317308 0.729167 0.383013
0 0.727564 0.391026 0.724359 0.394231 0.719551 0.395833 0.713141 0.394231 0.708333 0.389423 0.708333 0.383013 0.714744 0.375000 0.721154 0.375000 0.725962 0.378205 0.810897 0.312500
0 0.810897 0.317308 0.804487 0.322115 0.799679 0.323718 0.793269 0.322115 0.790064 0.317308 0.788462 0.310897 0.794872 0.304487 0.802885 0.302885 0.807692 0.306090 0.766026 0.665064
0 0.764423 0.671474 0.758013 0.676282 0.753205 0.677885 0.746795 0.676282 0.743590 0.671474 0.741987 0.666667 0.748397 0.660256 0.754808 0.658654 0.761218 0.660256 0.450321 0.349359
0 0.456731 0.354167 0.459936 0.360577 0.458333 0.366987 0.453526 0.371795 0.447115 0.373397 0.440705 0.373397 0.434295 0.370192 0.431090 0.366987 0.429487 0.360577 0.431090 0.355769
0 0.435897 0.350962 0.442308 0.349359 0.429487 0.466346 0.435897 0.472756 0.437500 0.479167 0.437500 0.483974 0.432692 0.487179 0.426282 0.490385 0.419872 0.490385 0.413462 0.487179
0 0.410256 0.482372 0.408654 0.475962 0.410256 0.471154 0.415064 0.467949 0.421474 0.464744 0.637821 0.365385 0.644231 0.371795 0.647436 0.378205 0.645833 0.383013 0.641026 0.387821 0.634615 0.391026 0.628205 0.389423 0.621795 0.387821
0 0.618590 0.383013 0.616987 0.376603 0.618590 0.371795 0.623397 0.368590 0.629808 0.365385 0.665064 0.500000 0.673077 0.503205 0.673077 0.512821 0.666667 0.519231 0.660256 0.522436 0.653846 0.519231 0.649038 0.516026 0.647436 0.509615
0 0.645833 0.506410 0.653846 0.500000 0.658654 0.500000 0.222756 0.810897 0.230769 0.814103 0.233974 0.820513 0.232372 0.826923 0.225962 0.831731 0.221154 0.833333 0.216346 0.833333 0.209936 0.830128 0.206731 0.826923 0.205128 0.820513
0 0.206731 0.815705 0.209936 0.810897 0.216346 0.809295 0.344551 0.758013 0.350962 0.762821 0.352564 0.767628 0.352564 0.774038 0.349359 0.778846 0.342949 0.780449 0.338141 0.778846 0.333333 0.775641
0 0.326923 0.774038 0.326923 0.767628 0.328526 0.764423 0.333333 0.759615 0.339744 0.758013 0.647436 0.423077 0.653846 0.427885 0.657051 0.434295 0.655449 0.440705 0.650641 0.445513 0.644231 0.447115 0.637821 0.447115 0.631410 0.443910
0 0.629808 0.440705 0.626603 0.434295 0.628205 0.429487 0.633013 0.424679 0.639423 0.423077 0.649038 0.482372 0.653846 0.487179 0.657051 0.493590 0.652244 0.500000 0.647436 0.503205 0.639423 0.503205 0.634615 0.500000 0.631410 0.498397
0 0.629808 0.491987 0.629808 0.487179 0.636218 0.482372 0.641026 0.480769 0.783654 0.554487 0.790064 0.556090 0.793269 0.564103 0.788462 0.570513 0.783654 0.573718 0.775641 0.575321 0.770833 0.572115 0.767628 0.567308 0.766026 0.562500
0 0.766026 0.556090 0.772436 0.552885 0.777244 0.551282 0.721154 0.302885 0.722756 0.307692 0.721154 0.310897 0.717949 0.314103 0.713141 0.315705 0.709936 0.314103 0.706731 0.312500 0.701923 0.310897 0.705128 0.307692
0 0.706731 0.301282 0.711538 0.299679 0.716346 0.299679 0.764423 0.314103 0.766026 0.317308 0.766026 0.322115 0.762821 0.323718 0.759615 0.325321 0.754808 0.326923 0.751603 0.325321 0.748397 0.320513 0.748397 0.315705
0 0.750000 0.312500 0.756410 0.309295 0.761218 0.310897 0.846154 0.282051 0.846154 0.288462 0.846154 0.290064 0.842949 0.293269 0.841346 0.294872 0.836538 0.294872 0.833333 0.293269 0.830128 0.290064 0.830128 0.285256
0 0.833333 0.282051 0.836538 0.278846 0.841346 0.278846 0.766026 0.358974 0.767628 0.362179 0.767628 0.366987 0.764423 0.368590 0.759615 0.370192 0.756410 0.370192 0.751603 0.370192 0.750000 0.365385 0.750000 0.360577
0 0.751603 0.357372 0.758013 0.354167 0.761218 0.355769 0.673077 0.344551 0.674679 0.349359 0.673077 0.354167 0.669872 0.355769 0.666667 0.357372 0.661859 0.357372 0.658654 0.355769 0.655449 0.352564 0.655449 0.347756
0 0.658654 0.344551 0.663462 0.341346 0.668269 0.342949 0.665064 0.365385 0.666667 0.368590 0.665064 0.373397 0.663462 0.376603 0.658654 0.378205 0.655449 0.378205 0.650641 0.376603 0.649038 0.371795 0.649038 0.366987
0 0.650641 0.363782 0.655449 0.362179 0.660256 0.362179 0.700321 0.418269 0.698718 0.427885 0.697115 0.427885 0.693910 0.429487 0.689103 0.431090 0.685897 0.429487 0.682692 0.424679 0.682692 0.419872 0.685897 0.416667
0 0.690705 0.413462 0.695513 0.415064 0.655449 0.235577 0.657051 0.238782 0.657051 0.243590 0.655449 0.245192 0.650641 0.246795 0.647436 0.248397 0.642628 0.246795 0.641026 0.241987 0.641026 0.237179 0.642628 0.233974
0 0.647436 0.230769 0.650641 0.233974 0.544872 0.272436 0.546474 0.277244 0.546474 0.280449 0.543269 0.283654 0.540064 0.285256 0.535256 0.285256 0.532051 0.283654 0.527244 0.280449 0.528846 0.275641 0.530449 0.270833
0 0.536859 0.269231 0.541667 0.269231 0.506410 0.261218 0.508013 0.264423 0.508013 0.269231 0.504808 0.272436 0.500000 0.272436 0.498397 0.274038 0.493590 0.272436 0.491987 0.267628 0.491987 0.262821 0.493590 0.259615
0 0.498397 0.259615 0.501603 0.258013 0.567308 0.266026 0.568910 0.269231 0.567308 0.274038 0.564103 0.275641 0.560897 0.277244 0.556090 0.277244 0.552885 0.277244 0.549679 0.272436 0.549679 0.267628 0.551282 0.264423
0 0.557692 0.261218 0.562500 0.262821 0.724359 0.352564 0.725962 0.355769 0.725962 0.360577 0.722756 0.362179 0.719551 0.363782 0.716346 0.363782 0.711538 0.363782 0.709936 0.358974 0.709936 0.354167 0.711538 0.350962
0 0.716346 0.347756 0.719551 0.349359 0.705128 0.368590 0.706731 0.371795 0.705128 0.376603 0.701923 0.378205 0.698718 0.379808 0.693910 0.379808 0.690705 0.379808 0.687500 0.375000 0.687500 0.370192 0.690705 0.366987
0 0.695513 0.363782 0.700321 0.365385 0.687500 0.376603 0.689103 0.381410 0.689103 0.384615 0.685897 0.387821 0.682692 0.389423 0.677885 0.389423 0.674679 0.387821 0.671474 0.384615 0.671474 0.379808 0.673077 0.376603
0 0.679487 0.373397 0.684295 0.373397 0.584936 0.368590 0.586538 0.371795 0.586538 0.376603 0.583333 0.378205 0.580128 0.379808 0.575321 0.381410 0.572115 0.379808 0.568910 0.375000 0.568910 0.370192 0.570513 0.366987
0 0.576923 0.363782 0.580128 0.365385 0.842949 0.413462 0.844551 0.418269 0.842949 0.423077 0.841346 0.426282 0.838141 0.426282 0.834936 0.426282 0.830128 0.424679 0.828526 0.421474 0.826923 0.416667 0.830128 0.413462
0 0.834936 0.410256 0.838141 0.413462 0.740385 0.448718 0.741987 0.450321 0.741987 0.456731 0.740385 0.456731 0.735577 0.458333 0.732372 0.458333 0.729167 0.458333 0.725962 0.453526 0.725962 0.448718 0.727564 0.445513
0 0.733974 0.442308 0.737179 0.443910 0.700321 0.488782 0.701923 0.491987 0.700321 0.496795 0.697115 0.498397 0.692308 0.500000 0.689103 0.500000 0.684295 0.500000 0.682692 0.495192 0.682692 0.490385 0.685897 0.487179
0 0.690705 0.483974 0.695513 0.485577 0.608974 0.519231 0.610577 0.524038 0.610577 0.528846 0.607372 0.530449 0.604167 0.532051 0.599359 0.532051 0.596154 0.530449 0.592949 0.527244 0.592949 0.522436 0.594551 0.519231
0 0.600962 0.516026 0.604167 0.516026 0.834936 0.541667 0.836538 0.546474 0.833333 0.552885 0.830128 0.554487 0.825321 0.554487 0.822115 0.554487 0.818910 0.549679 0.818910 0.544872 0.820513 0.541667 0.826923 0.538462
0 0.831731 0.540064 0.684295 0.461538 0.687500 0.463141 0.685897 0.467949 0.682692 0.471154 0.679487 0.471154 0.674679 0.472756 0.671474 0.471154 0.668269 0.466346 0.668269 0.461538 0.671474 0.458333 0.676282 0.456731
0 0.681090 0.456731 0.520833 0.580128 0.522436 0.584936 0.520833 0.589744 0.519231 0.591346 0.514423 0.592949 0.511218 0.592949 0.506410 0.592949 0.504808 0.588141 0.503205 0.583333 0.506410 0.580128 0.511218 0.576923
0 0.516026 0.578526 0.565705 0.597756 0.567308 0.600962 0.567308 0.605769 0.564103 0.608974 0.559295 0.608974 0.556090 0.610577 0.551282 0.608974 0.549679 0.604167 0.549679 0.599359 0.551282 0.596154 0.557692 0.594551
0 0.560897 0.594551 0.586538 0.557692 0.588141 0.562500 0.588141 0.565705 0.584936 0.568910 0.581731 0.570513 0.576923 0.570513 0.573718 0.568910 0.570513 0.565705 0.570513 0.560897 0.572115 0.557692 0.578526 0.554487
0 0.583333 0.554487 0.525641 0.532051 0.527244 0.536859 0.525641 0.540064 0.522436 0.543269 0.519231 0.544872 0.516026 0.544872 0.511218 0.543269 0.509615 0.540064 0.508013 0.535256 0.511218 0.532051 0.516026 0.528846
0 0.520833 0.528846 0.456731 0.506410 0.458333 0.511218 0.456731 0.516026 0.453526 0.517628 0.450321 0.519231 0.447115 0.519231 0.442308 0.519231 0.439103 0.514423 0.439103 0.509615 0.442308 0.506410 0.447115 0.503205
0 0.451923 0.504808 0.426282 0.536859 0.427885 0.541667 0.427885 0.544872 0.424679 0.548077 0.421474 0.549679 0.416667 0.549679 0.413462 0.548077 0.410256 0.544872 0.410256 0.540064 0.411859 0.536859 0.418269 0.533654
0 0.421474 0.533654 0.448718 0.535256 0.450321 0.538462 0.448718 0.543269 0.445513 0.544872 0.442308 0.546474 0.437500 0.546474 0.434295 0.546474 0.431090 0.541667 0.431090 0.536859 0.432692 0.533654 0.439103 0.530449
0 0.443910 0.532051 0.431090 0.506410 0.432692 0.511218 0.431090 0.514423 0.429487 0.517628 0.424679 0.519231 0.421474 0.519231 0.416667 0.517628 0.415064 0.514423 0.413462 0.509615 0.416667 0.506410 0.421474 0.503205
0 0.426282 0.503205 0.549679 0.431090 0.551282 0.435897 0.551282 0.440705 0.548077 0.442308 0.543269 0.443910 0.540064 0.443910 0.535256 0.442308 0.533654 0.439103 0.533654 0.434295 0.535256 0.431090 0.541667 0.427885
0 0.544872 0.427885 0.548077 0.475962 0.551282 0.479167 0.549679 0.482372 0.548077 0.485577 0.543269 0.487179 0.540064 0.487179 0.535256 0.485577 0.533654 0.482372 0.533654 0.477564 0.535256 0.474359 0.538462 0.472756
0 0.556090 0.458333 0.557692 0.463141 0.556090 0.467949 0.552885 0.469551 0.549679 0.471154 0.544872 0.471154 0.541667 0.469551 0.538462 0.466346 0.538462 0.461538 0.541667 0.458333 0.546474 0.455128 0.551282 0.456731
0 0.501603 0.402244 0.503205 0.405449 0.501603 0.410256 0.500000 0.411859 0.496795 0.413462 0.493590 0.415064 0.488782 0.413462 0.487179 0.408654 0.485577 0.403846 0.488782 0.400641 0.493590 0.397436 0.498397 0.399038
0 0.426282 0.439103 0.427885 0.443910 0.426282 0.448718 0.424679 0.450321 0.419872 0.451923 0.416667 0.451923 0.411859 0.451923 0.410256 0.447115 0.408654 0.442308 0.411859 0.439103 0.416667 0.435897 0.421474 0.437500
0 0.474359 0.466346 0.475962 0.471154 0.475962 0.474359 0.472756 0.477564 0.469551 0.479167 0.464744 0.479167 0.461538 0.477564 0.458333 0.474359 0.458333 0.469551 0.459936 0.466346 0.466346 0.463141 0.469551 0.463141
0 0.451923 0.463141 0.453526 0.466346 0.451923 0.471154 0.448718 0.472756 0.445513 0.474359 0.440705 0.475962 0.437500 0.474359 0.434295 0.469551 0.434295 0.464744 0.437500 0.461538 0.442308 0.458333 0.447115 0.459936
0 0.485577 0.344551 0.487179 0.349359 0.485577 0.352564 0.482372 0.355769 0.479167 0.357372 0.474359 0.357372 0.471154 0.355769 0.467949 0.352564 0.467949 0.347756 0.469551 0.344551 0.475962 0.341346 0.480769 0.341346
0 0.399038 0.290064 0.400641 0.293269 0.400641 0.298077 0.397436 0.299679 0.394231 0.301282 0.389423 0.302885 0.386218 0.301282 0.383013 0.298077 0.383013 0.291667 0.384615 0.288462 0.391026 0.286859 0.395833 0.286859
0 0.381410 0.294872 0.383013 0.299679 0.383013 0.302885 0.379808 0.306090 0.376603 0.307692 0.371795 0.307692 0.370192 0.304487 0.366987 0.301282 0.366987 0.296474 0.370192 0.293269 0.373397 0.291667 0.376603 0.291667
0 0.466346 0.274038 0.467949 0.278846 0.466346 0.283654 0.463141 0.285256 0.459936 0.286859 0.455128 0.286859 0.451923 0.286859 0.448718 0.282051 0.448718 0.277244 0.451923 0.274038 0.456731 0.270833 0.461538 0.272436
0 0.293269 0.370192 0.294872 0.375000 0.294872 0.378205 0.291667 0.381410 0.288462 0.383013 0.283654 0.383013 0.282051 0.379808 0.278846 0.376603 0.278846 0.371795 0.282051 0.368590 0.285256 0.366987 0.288462 0.366987
0 0.312500 0.363782 0.314103 0.368590 0.312500 0.371795 0.309295 0.375000 0.306090 0.376603 0.302885 0.375000 0.299679 0.373397 0.296474 0.370192 0.298077 0.365385 0.299679 0.362179 0.302885 0.360577 0.307692 0.360577
0 0.312500 0.341346 0.314103 0.344551 0.314103 0.349359 0.310897 0.352564 0.307692 0.354167 0.302885 0.354167 0.301282 0.350962 0.298077 0.347756 0.298077 0.342949 0.301282 0.339744 0.304487 0.338141 0.307692 0.338141
0 0.259615 0.378205 0.261218 0.383013 0.261218 0.387821 0.258013 0.389423 0.254808 0.391026 0.250000 0.391026 0.248397 0.387821 0.245192 0.384615 0.245192 0.379808 0.248397 0.376603 0.251603 0.375000 0.254808 0.375000
0 0.235577 0.366987 0.237179 0.371795 0.235577 0.376603 0.233974 0.378205 0.229167 0.379808 0.225962 0.379808 0.222756 0.376603 0.221154 0.373397 0.221154 0.368590 0.222756 0.365385 0.225962 0.363782 0.230769 0.363782
0 0.272436 0.536859 0.274038 0.541667 0.274038 0.546474 0.270833 0.548077 0.266026 0.549679 0.262821 0.549679 0.259615 0.546474 0.258013 0.543269 0.258013 0.538462 0.261218 0.535256 0.264423 0.533654 0.267628 0.533654
0 0.232372 0.564103 0.233974 0.568910 0.233974 0.573718 0.230769 0.575321 0.225962 0.576923 0.222756 0.576923 0.219551 0.573718 0.217949 0.570513 0.217949 0.565705 0.219551 0.562500 0.224359 0.560897 0.227564 0.562500
0 0.258013 0.557692 0.258013 0.562500 0.258013 0.567308 0.256410 0.567308 0.253205 0.568910 0.248397 0.570513 0.246795 0.567308 0.241987 0.564103 0.243590 0.559295 0.246795 0.556090 0.250000 0.552885 0.253205 0.554487
0 0.306090 0.565705 0.307692 0.570513 0.307692 0.573718 0.304487 0.576923 0.299679 0.578526 0.296474 0.576923 0.293269 0.575321 0.291667 0.572115 0.291667 0.567308 0.294872 0.564103 0.298077 0.562500 0.301282 0.562500
0 0.217949 0.517628 0.219551 0.520833 0.219551 0.525641 0.216346 0.528846 0.213141 0.528846 0.208333 0.530449 0.206731 0.527244 0.201923 0.524038 0.203526 0.519231 0.206731 0.516026 0.209936 0.514423 0.213141 0.514423
0 0.238782 0.495192 0.238782 0.500000 0.240385 0.503205 0.237179 0.504808 0.233974 0.506410 0.229167 0.506410 0.227564 0.503205 0.224359 0.500000 0.224359 0.496795 0.227564 0.493590 0.230769 0.491987 0.233974 0.491987
0 0.230769 0.533654 0.232372 0.536859 0.230769 0.541667 0.227564 0.543269 0.224359 0.544872 0.221154 0.544872 0.217949 0.543269 0.214744 0.538462 0.216346 0.535256 0.217949 0.530449 0.221154 0.528846 0.225962 0.530449
0 0.302885 0.490385 0.304487 0.495192 0.302885 0.500000 0.301282 0.500000 0.298077 0.501603 0.293269 0.503205 0.291667 0.500000 0.288462 0.496795 0.288462 0.491987 0.291667 0.488782 0.294872 0.487179 0.298077 0.488782
0 0.150641 0.612179 0.152244 0.616987 0.150641 0.621795 0.147436 0.623397 0.144231 0.625000 0.141026 0.623397 0.137821 0.621795 0.136218 0.618590 0.136218 0.613782 0.137821 0.610577 0.141026 0.608974 0.145833 0.608974
0 0.349359 0.613782 0.350962 0.616987 0.349359 0.621795 0.346154 0.623397 0.342949 0.625000 0.339744 0.625000 0.336538 0.623397 0.333333 0.620192 0.334936 0.615385 0.336538 0.612179 0.339744 0.608974 0.344551 0.610577
0 0.397436 0.608974 0.399038 0.613782 0.399038 0.616987 0.395833 0.620192 0.392628 0.621795 0.387821 0.621795 0.386218 0.618590 0.383013 0.615385 0.383013 0.610577 0.386218 0.607372 0.389423 0.605769 0.392628 0.605769
0 0.383013 0.589744 0.384615 0.592949 0.384615 0.597756 0.381410 0.600962 0.378205 0.600962 0.373397 0.602564 0.371795 0.599359 0.368590 0.596154 0.368590 0.591346 0.371795 0.588141 0.375000 0.586538 0.379808 0.586538
0 0.423077 0.594551 0.424679 0.597756 0.424679 0.602564 0.421474 0.604167 0.418269 0.605769 0.413462 0.607372 0.411859 0.604167 0.407051 0.600962 0.408654 0.596154 0.411859 0.591346 0.415064 0.589744 0.419872 0.591346
0 0.378205 0.565705 0.379808 0.568910 0.378205 0.573718 0.375000 0.575321 0.371795 0.576923 0.368590 0.576923 0.365385 0.575321 0.362179 0.572115 0.363782 0.567308 0.365385 0.564103 0.368590 0.560897 0.373397 0.562500
0 0.368590 0.538462 0.370192 0.541667 0.370192 0.546474 0.366987 0.548077 0.362179 0.549679 0.358974 0.549679 0.355769 0.548077 0.352564 0.544872 0.354167 0.540064 0.357372 0.535256 0.360577 0.533654 0.363782 0.535256
0 0.397436 0.538462 0.399038 0.543269 0.397436 0.548077 0.394231 0.549679 0.391026 0.551282 0.387821 0.551282 0.384615 0.548077 0.381410 0.544872 0.383013 0.540064 0.384615 0.536859 0.387821 0.535256 0.392628 0.536859
0 0.373397 0.504808 0.375000 0.509615 0.375000 0.512821 0.371795 0.516026 0.366987 0.517628 0.363782 0.516026 0.360577 0.514423 0.358974 0.511218 0.358974 0.506410 0.360577 0.503205 0.365385 0.501603 0.368590 0.501603
0 0.334936 0.512821 0.336538 0.516026 0.336538 0.520833 0.333333 0.522436 0.330128 0.524038 0.325321 0.525641 0.323718 0.522436 0.318910 0.519231 0.320513 0.514423 0.323718 0.511218 0.326923 0.508013 0.331731 0.509615
0 0.285256 0.572115 0.286859 0.575321 0.286859 0.580128 0.283654 0.581731 0.278846 0.581731 0.272436 0.583333 0.274038 0.578526 0.275641 0.573718 0.277244 0.570513 0.282051 0.570513 0.214744 0.581731 0.216346 0.586538
0 0.216346 0.589744 0.213141 0.592949 0.208333 0.594551 0.206731 0.591346 0.205128 0.588141 0.203526 0.584936 0.206731 0.581731 0.211538 0.580128 0.334936 0.573718 0.336538 0.576923 0.334936 0.581731 0.331731 0.583333
0 0.328526 0.583333 0.325321 0.581731 0.322115 0.580128 0.323718 0.575321 0.326923 0.572115 0.330128 0.572115 0.352564 0.564103 0.354167 0.567308 0.354167 0.572115 0.350962 0.573718
0 0.346154 0.575321 0.344551 0.572115 0.339744 0.572115 0.341346 0.567308 0.344551 0.564103 0.349359 0.562500 0.407051 0.511218 0.408654 0.514423 0.408654 0.519231 0.405449 0.520833
0 0.400641 0.524038 0.399038 0.520833 0.397436 0.517628 0.395833 0.514423 0.399038 0.511218 0.403846 0.509615 0.394231 0.575321 0.395833 0.576923 0.395833 0.580128 0.391026 0.581731
0 0.384615 0.583333 0.384615 0.580128 0.386218 0.576923 0.389423 0.573718 0.392628 0.572115 0.251603 0.599359 0.253205 0.604167 0.251603 0.607372 0.248397 0.610577 0.245192 0.610577
0 0.241987 0.608974 0.240385 0.605769 0.240385 0.600962 0.243590 0.599359 0.246795 0.597756 0.181090 0.586538 0.182692 0.591346 0.182692 0.594551 0.179487 0.597756 0.176282 0.599359
0 0.173077 0.597756 0.169872 0.596154 0.166667 0.592949 0.166667 0.588141 0.169872 0.584936 0.173077 0.583333 0.177885 0.583333 0.209936 0.631410 0.211538 0.636218
0 0.208333 0.639423 0.206731 0.641026 0.203526 0.642628 0.200321 0.641026 0.197115 0.639423 0.195513 0.636218 0.195513 0.631410 0.195513 0.629808 0.200321 0.628205 0.205128 0.628205
0 0.120192 0.644231 0.121795 0.647436 0.120192 0.652244 0.118590 0.653846 0.113782 0.655449 0.112179 0.653846 0.108974 0.652244 0.104167 0.650641 0.107372 0.645833 0.108974 0.641026 0.110577 0.639423 0.115385 0.641026
0 0.173077 0.679487 0.174679 0.684295 0.173077 0.689103 0.169872 0.690705 0.166667 0.690705 0.163462 0.689103 0.160256 0.687500 0.158654 0.684295 0.158654 0.681090 0.160256 0.677885 0.163462 0.676282 0.168269 0.676282
0 0.126603 0.540064 0.128205 0.543269 0.128205 0.548077 0.125000 0.549679 0.121795 0.551282 0.118590 0.552885 0.116987 0.549679 0.112179 0.546474 0.113782 0.541667 0.116987 0.538462 0.118590 0.536859 0.121795 0.536859
0 0.097756 0.559295 0.099359 0.564103 0.099359 0.567308 0.096154 0.572115 0.094551 0.572115 0.089744 0.572115 0.088141 0.568910 0.084936 0.565705 0.084936 0.560897 0.088141 0.557692 0.091346 0.556090 0.094551 0.556090
0 0.086538 0.573718 0.088141 0.576923 0.086538 0.581731 0.083333 0.583333 0.080128 0.584936 0.076923 0.584936 0.073718 0.583333 0.072115 0.578526 0.072115 0.575321 0.073718 0.572115 0.076923 0.570513 0.081731 0.570513
0 0.056090 0.588141 0.057692 0.592949 0.057692 0.597756 0.056090 0.599359 0.052885 0.600962 0.049679 0.600962 0.046474 0.597756 0.043269 0.594551 0.043269 0.589744 0.044872 0.588141 0.049679 0.584936 0.052885 0.586538
0 0.051282 0.608974 0.052885 0.613782 0.052885 0.616987 0.048077 0.620192 0.046474 0.620192 0.041667 0.620192 0.040064 0.618590 0.038462 0.613782 0.038462 0.610577 0.040064 0.607372 0.043269 0.605769 0.048077 0.605769
0 0.056090 0.565705 0.060897 0.567308 0.059295 0.572115 0.056090 0.573718 0.052885 0.575321 0.051282 0.575321 0.048077 0.573718 0.044872 0.568910 0.046474 0.564103 0.046474 0.562500 0.051282 0.560897 0.054487 0.562500
0 0.040064 0.562500 0.041667 0.567308 0.041667 0.572115 0.038462 0.573718 0.035256 0.576923 0.032051 0.575321 0.028846 0.572115 0.027244 0.568910 0.027244 0.564103 0.028846 0.560897 0.032051 0.560897 0.035256 0.559295
0 0.032051 0.548077 0.033654 0.551282 0.033654 0.557692 0.030449 0.557692 0.027244 0.557692 0.024038 0.557692 0.020833 0.556090 0.016026 0.554487 0.019231 0.549679 0.020833 0.546474 0.024038 0.543269 0.028846 0.544872
0 0.072115 0.554487 0.073718 0.559295 0.073718 0.562500 0.072115 0.565705 0.067308 0.567308 0.064103 0.565705 0.060897 0.564103 0.059295 0.560897 0.059295 0.556090 0.060897 0.552885 0.065705 0.551282 0.067308 0.552885
0 0.073718 0.535256 0.075321 0.540064 0.073718 0.543269 0.070513 0.548077 0.068910 0.548077 0.065705 0.546474 0.062500 0.544872 0.059295 0.541667 0.060897 0.536859 0.062500 0.533654 0.065705 0.532051 0.068910 0.533654
0 0.054487 0.498397 0.056090 0.500000 0.056090 0.504808 0.052885 0.506410 0.049679 0.508013 0.046474 0.509615 0.044872 0.506410 0.040064 0.503205 0.040064 0.500000 0.043269 0.498397 0.046474 0.495192 0.048077 0.498397
0 0.128205 0.514423 0.129808 0.517628 0.129808 0.522436 0.126603 0.524038 0.123397 0.525641 0.118590 0.528846 0.118590 0.524038 0.113782 0.520833 0.115385 0.516026 0.118590 0.512821 0.120192 0.509615 0.123397 0.511218
0 0.057692 0.719551 0.059295 0.724359 0.057692 0.727564 0.054487 0.730769 0.052885 0.732372 0.049679 0.730769 0.046474 0.729167 0.044872 0.725962 0.044872 0.721154 0.046474 0.717949 0.048077 0.716346 0.052885 0.716346
0 0.102564 0.738782 0.104167 0.741987 0.105769 0.743590 0.102564 0.746795 0.099359 0.748397 0.096154 0.748397 0.094551 0.745192 0.091346 0.741987 0.091346 0.737179 0.092949 0.733974 0.096154 0.733974 0.112179 0.724359
0 0.113782 0.727564 0.112179 0.733974 0.110577 0.735577 0.107372 0.735577 0.104167 0.735577 0.100962 0.733974 0.099359 0.730769 0.099359 0.725962 0.100962 0.722756 0.104167 0.721154 0.107372 0.722756 0.169872 0.721154
0 0.174679 0.722756 0.174679 0.727564 0.171474 0.729167 0.168269 0.730769 0.165064 0.732372 0.163462 0.729167 0.160256 0.724359 0.160256 0.719551 0.161859 0.717949 0.165064 0.714744 0.166667 0.717949 0.115385 0.762821
0 0.116987 0.767628 0.116987 0.770833 0.113782 0.774038 0.108974 0.775641 0.107372 0.774038 0.104167 0.772436 0.102564 0.769231 0.102564 0.764423 0.104167 0.761218 0.107372 0.759615 0.110577 0.759615 0.355769 0.657051
0 0.357372 0.661859 0.355769 0.665064 0.352564 0.668269 0.349359 0.669872 0.346154 0.668269 0.342949 0.666667 0.341346 0.663462 0.341346 0.658654 0.342949 0.655449 0.346154 0.653846 0.350962 0.653846 0.416667 0.653846
0 0.418269 0.658654 0.418269 0.661859 0.415064 0.665064 0.411859 0.666667 0.407051 0.666667 0.405449 0.663462 0.402244 0.660256 0.402244 0.655449 0.405449 0.652244 0.408654 0.650641 0.411859 0.650641 0.511218 0.564103
0 0.512821 0.568910 0.511218 0.572115 0.508013 0.575321 0.504808 0.576923 0.501603 0.575321 0.498397 0.575321 0.496795 0.570513 0.498397 0.565705 0.498397 0.564103 0.501603 0.560897 0.506410 0.560897 0.493590 0.551282
0 0.495192 0.556090 0.495192 0.560897 0.491987 0.562500 0.488782 0.564103 0.483974 0.564103 0.482372 0.560897 0.479167 0.557692 0.479167 0.552885 0.482372 0.549679 0.485577 0.548077 0.488782 0.548077 0.301282 0.676282
0 0.301282 0.681090 0.299679 0.685897 0.293269 0.687500 0.288462 0.685897 0.286859 0.679487 0.285256 0.676282 0.288462 0.671474 0.293269 0.673077 0.298077 0.671474 0.339744 0.669872 0.341346 0.674679 0.341346 0.679487
0 0.338141 0.681090 0.334936 0.682692 0.330128 0.684295 0.328526 0.681090 0.325321 0.676282 0.325321 0.671474 0.328526 0.668269 0.331731 0.666667 0.334936 0.668269 0.022436 0.591346 0.024038 0.596154 0.022436 0.600962
0 0.020833 0.602564 0.016026 0.604167 0.014423 0.602564 0.014423 0.588141 0.017628 0.589744 0.033654 0.633013 0.035256 0.636218 0.035256 0.641026 0.032051 0.642628 0.027244 0.645833
0 0.025641 0.645833 0.024038 0.642628 0.019231 0.639423 0.020833 0.634615 0.024038 0.629808 0.025641 0.628205 0.028846 0.629808 0.070513 0.637821 0.072115 0.642628 0.070513 0.647436 0.067308 0.649038 0.065705 0.650641
0 0.062500 0.650641 0.059295 0.647436 0.056090 0.644231 0.057692 0.639423 0.059295 0.636218 0.062500 0.634615 0.065705 0.634615 0.091346 0.616987 0.092949 0.621795 0.092949 0.625000 0.089744 0.628205 0.084936 0.629808
0 0.081731 0.629808 0.080128 0.626603 0.078526 0.623397 0.078526 0.618590 0.080128 0.615385 0.083333 0.613782 0.086538 0.613782 0.028846 0.650641 0.028846 0.655449 0.028846 0.658654 0.027244 0.660256 0.022436 0.661859
0 0.019231 0.661859 0.016026 0.658654 0.016026 0.657051 0.014423 0.650641 0.016026 0.647436 0.019231 0.647436 0.024038 0.649038 0.076923 0.693910 0.078526 0.698718 0.076923 0.701923 0.075321 0.705128 0.070513 0.706731
0 0.067308 0.705128 0.064103 0.703526 0.062500 0.700321 0.062500 0.695513 0.064103 0.692308 0.067308 0.690705 0.072115 0.690705 0.214744 0.753205 0.214744 0.756410 0.214744 0.759615 0.213141 0.761218 0.208333 0.762821
0 0.205128 0.762821 0.201923 0.761218 0.201923 0.758013 0.200321 0.754808 0.203526 0.750000 0.206731 0.750000 0.211538 0.750000 0.145833 0.754808 0.145833 0.758013 0.145833 0.761218 0.142628 0.762821 0.137821 0.764423
0 0.136218 0.761218 0.133013 0.761218 0.129808 0.759615 0.131410 0.754808 0.134615 0.751603 0.136218 0.751603 0.141026 0.751603 0.107372 0.793269 0.107372 0.796474 0.107372 0.799679 0.105769 0.802885 0.100962 0.802885
0 0.099359 0.804487 0.097756 0.801282 0.094551 0.799679 0.094551 0.794872 0.096154 0.791667 0.099359 0.790064 0.104167 0.791667 0.166667 0.660256 0.166667 0.663462 0.166667 0.668269 0.165064 0.668269 0.160256 0.669872
0 0.157051 0.671474 0.155449 0.668269 0.153846 0.665064 0.152244 0.660256 0.155449 0.657051 0.158654 0.655449 0.163462 0.657051 0.116987 0.673077 0.116987 0.676282 0.116987 0.679487 0.115385 0.681090 0.110577 0.682692
0 0.107372 0.682692 0.105769 0.679487 0.102564 0.677885 0.102564 0.673077 0.105769 0.669872 0.108974 0.668269 0.113782 0.669872 0.158654 0.778846 0.160256 0.782051 0.158654 0.785256 0.157051 0.786859 0.153846 0.788462
0 0.150641 0.788462 0.147436 0.786859 0.144231 0.785256 0.145833 0.780449 0.147436 0.777244 0.150641 0.775641 0.155449 0.777244 0.152244 0.902244 0.153846 0.907051 0.155449 0.908654 0.152244 0.910256 0.149038 0.911859
0 0.145833 0.910256 0.141026 0.910256 0.141026 0.907051 0.141026 0.902244 0.142628 0.899038 0.145833 0.897436 0.149038 0.900641 0.160256 0.847756 0.161859 0.850962 0.161859 0.854167 0.158654 0.855769 0.155449 0.857372
0 0.150641 0.857372 0.149038 0.855769 0.145833 0.854167 0.147436 0.849359 0.149038 0.846154 0.152244 0.844551 0.157051 0.844551 0.227564 0.711538 0.227564 0.714744 0.227564 0.717949 0.225962 0.719551 0.221154 0.722756
0 0.217949 0.721154 0.216346 0.717949 0.213141 0.716346 0.214744 0.713141 0.216346 0.709936 0.219551 0.708333 0.224359 0.709936 0.355769 0.806090 0.355769 0.809295 0.352564 0.812500 0.349359 0.814103 0.346154 0.812500
0 0.342949 0.810897 0.339744 0.809295 0.341346 0.806090 0.347756 0.802885 0.352564 0.802885 0.405449 0.746795 0.405449 0.750000 0.402244 0.753205 0.397436 0.756410 0.395833 0.753205 0.392628 0.750000 0.391026 0.746795
0 0.392628 0.743590 0.397436 0.741987 0.402244 0.743590 0.344551 0.796474 0.346154 0.799679 0.342949 0.802885 0.338141 0.806090 0.336538 0.802885 0.333333 0.801282 0.330128 0.798077 0.333333 0.794872 0.338141 0.793269
0 0.342949 0.793269 0.334936 0.778846 0.334936 0.782051 0.331731 0.783654 0.328526 0.783654 0.322115 0.785256 0.323718 0.780449 0.325321 0.777244 0.328526 0.775641 0.331731 0.777244 0.169872 0.878205 0.171474 0.881410
0 0.169872 0.884615 0.166667 0.886218 0.165064 0.886218 0.163462 0.886218 0.160256 0.884615 0.157051 0.883013 0.158654 0.879808 0.158654 0.875000 0.161859 0.875000 0.166667 0.875000 0.389423 0.793269 0.391026 0.794872
0 0.387821 0.798077 0.384615 0.799679 0.381410 0.798077 0.378205 0.796474 0.376603 0.793269 0.378205 0.790064 0.383013 0.790064 0.387821 0.790064 0.451923 0.708333 0.451923 0.711538 0.448718 0.714744 0.443910 0.717949
0 0.442308 0.714744 0.439103 0.713141 0.435897 0.709936 0.439103 0.706731 0.443910 0.705128 0.448718 0.705128 0.375000 0.668269 0.376603 0.671474 0.373397 0.674679 0.368590 0.674679 0.366987 0.674679 0.363782 0.671474
0 0.362179 0.668269 0.363782 0.665064 0.368590 0.663462 0.373397 0.665064 0.440705 0.766026 0.440705 0.769231 0.437500 0.772436 0.432692 0.775641 0.431090 0.772436 0.427885 0.769231 0.426282 0.766026 0.427885 0.762821
0 0.432692 0.761218 0.437500 0.762821 0.565705 0.639423 0.565705 0.644231 0.562500 0.645833 0.557692 0.647436 0.556090 0.647436 0.552885 0.645833 0.551282 0.642628 0.552885 0.637821
0 0.557692 0.636218 0.562500 0.637821 0.551282 0.634615 0.551282 0.637821 0.548077 0.641026 0.544872 0.642628 0.541667 0.641026 0.538462 0.639423 0.535256 0.636218 0.538462 0.633013
0 0.543269 0.631410 0.548077 0.631410 0.509615 0.673077 0.512821 0.674679 0.509615 0.677885 0.504808 0.679487 0.501603 0.679487 0.500000 0.676282 0.498397 0.674679 0.500000 0.669872
0 0.504808 0.668269 0.508013 0.669872 0.442308 0.663462 0.442308 0.666667 0.439103 0.668269 0.435897 0.669872 0.432692 0.669872 0.427885 0.668269 0.429487 0.663462
0 0.431090 0.660256 0.435897 0.658654 0.440705 0.660256 0.456731 0.668269 0.456731 0.671474 0.453526 0.674679 0.450321 0.676282 0.447115 0.674679 0.443910 0.673077 0.442308 0.669872 0.443910 0.666667 0.448718 0.665064
0 0.453526 0.665064 0.506410 0.647436 0.506410 0.652244 0.503205 0.653846 0.500000 0.655449 0.498397 0.655449 0.491987 0.655449 0.493590 0.650641 0.495192 0.645833 0.498397 0.645833
0 0.503205 0.645833 0.508013 0.634615 0.508013 0.637821 0.503205 0.639423 0.501603 0.639423 0.498397 0.639423 0.498397 0.634615 0.498397 0.633013 0.501603 0.629808 0.503205 0.633013
0 0.516026 0.628205 0.516026 0.631410 0.512821 0.634615 0.509615 0.634615 0.503205 0.634615 0.504808 0.629808 0.506410 0.625000 0.509615 0.625000 0.514423 0.625000 0.451923 0.754808
0 0.451923 0.758013 0.447115 0.759615 0.443910 0.761218 0.442308 0.758013 0.440705 0.754808 0.442308 0.751603 0.445513 0.750000 0.448718 0.751603 0.474359 0.761218 0.469551 0.766026
0 0.466346 0.767628 0.464744 0.764423 0.461538 0.762821 0.463141 0.759615 0.467949 0.756410 0.471154 0.758013 0.442308 0.735577 0.442308 0.738782 0.435897 0.740385 0.434295 0.741987
0 0.434295 0.740385 0.431090 0.735577 0.432692 0.732372 0.435897 0.730769 0.439103 0.732372 0.431090 0.737179 0.431090 0.738782 0.426282 0.740385 0.424679 0.740385 0.421474 0.738782
0 0.418269 0.737179 0.421474 0.733974 0.424679 0.732372 0.427885 0.733974 0.464744 0.751603 0.464744 0.754808 0.459936 0.758013 0.456731 0.758013 0.455128 0.754808 0.453526 0.751603
0 0.455128 0.748397 0.458333 0.748397 0.461538 0.748397 0.541667 0.761218 0.541667 0.764423 0.538462 0.766026 0.535256 0.766026 0.530449 0.766026 0.530449 0.762821 0.532051 0.759615
0 0.535256 0.756410 0.540064 0.758013 0.543269 0.737179 0.543269 0.740385 0.538462 0.741987 0.536859 0.741987 0.533654 0.740385 0.532051 0.737179 0.533654 0.733974 0.536859 0.732372
0 0.540064 0.733974 0.612179 0.649038 0.612179 0.652244 0.607372 0.657051 0.605769 0.653846 0.602564 0.652244 0.600962 0.649038 0.602564 0.645833 0.605769 0.644231 0.608974 0.645833
0 0.625000 0.599359 0.626603 0.602564 0.621795 0.605769 0.618590 0.605769 0.616987 0.602564 0.618590 0.597756 0.620192 0.594551 0.623397 0.596154 0.669872 0.636218
0 0.669872 0.639423 0.665064 0.641026 0.663462 0.641026 0.660256 0.639423 0.658654 0.636218 0.660256 0.633013 0.663462 0.631410 0.666667 0.633013 0.693910 0.663462
0 0.693910 0.669872 0.689103 0.668269 0.685897 0.669872 0.684295 0.666667 0.682692 0.663462 0.684295 0.660256 0.687500 0.658654 0.690705 0.660256 0.701923 0.669872
0 0.701923 0.673077 0.698718 0.676282 0.695513 0.674679 0.689103 0.676282 0.690705 0.671474 0.692308 0.666667 0.695513 0.665064 0.698718 0.666667 0.657051 0.644231
0 0.658654 0.647436 0.653846 0.650641 0.650641 0.650641 0.649038 0.647436 0.647436 0.644231 0.649038 0.641026 0.652244 0.641026 0.655449 0.641026 0.665064 0.584936
0 0.665064 0.588141 0.661859 0.591346 0.658654 0.591346 0.652244 0.591346 0.653846 0.586538 0.655449 0.581731 0.658654 0.581731 0.663462 0.581731 0.519231 0.663462
0 0.520833 0.666667 0.516026 0.668269 0.512821 0.669872 0.511218 0.666667 0.509615 0.663462 0.511218 0.660256 0.514423 0.658654 0.517628 0.660256 0.802885 0.639423
0 0.804487 0.641026 0.802885 0.641026 0.799679 0.641026 0.793269 0.642628 0.794872 0.637821 0.794872 0.634615 0.799679 0.631410 0.802885 0.633013 0.857372 0.608974
0 0.857372 0.612179 0.852564 0.615385 0.849359 0.615385 0.847756 0.612179 0.846154 0.608974 0.847756 0.605769 0.850962 0.604167 0.854167 0.605769 0.817308 0.631410
0 0.817308 0.634615 0.814103 0.636218 0.810897 0.636218 0.804487 0.637821 0.806090 0.633013 0.807692 0.628205 0.810897 0.626603 0.815705 0.628205 0.849359 0.637821
0 0.849359 0.641026 0.844551 0.644231 0.841346 0.644231 0.839744 0.641026 0.838141 0.637821 0.839744 0.634615 0.842949 0.634615 0.846154 0.634615 0.721154 0.543269
0 0.721154 0.546474 0.717949 0.548077 0.714744 0.548077 0.708333 0.549679 0.709936 0.544872 0.711538 0.540064 0.714744 0.538462 0.719551 0.540064 0.673077 0.535256
0 0.673077 0.538462 0.669872 0.540064 0.666667 0.540064 0.660256 0.541667 0.661859 0.536859 0.663462 0.532051 0.666667 0.530449 0.669872 0.532051 0.828526 0.528846
0 0.826923 0.532051 0.825321 0.533654 0.820513 0.536859 0.818910 0.533654 0.814103 0.532051 0.810897 0.530449 0.812500 0.525641 0.814103 0.522436 0.818910 0.520833
0 0.823718 0.520833 0.826923 0.522436 0.830128 0.525641 0.879808 0.471154 0.881410 0.471154 0.878205 0.474359 0.876603 0.474359 0.873397 0.474359 0.870192 0.472756
0 0.868590 0.469551 0.866987 0.466346 0.870192 0.461538 0.875000 0.459936 0.876603 0.461538 0.879808 0.461538 0.881410 0.466346 0.940705 0.568910 0.940705 0.570513
0 0.937500 0.572115 0.934295 0.575321 0.932692 0.572115 0.927885 0.570513 0.926282 0.570513 0.926282 0.565705 0.927885 0.562500 0.932692 0.560897 0.935897 0.560897
0 0.940705 0.562500 0.940705 0.565705 0.961538 0.559295 0.963141 0.559295 0.959936 0.560897 0.956731 0.562500 0.953526 0.562500 0.950321 0.560897 0.947115 0.560897
0 0.948718 0.556090 0.950321 0.551282 0.955128 0.549679 0.958333 0.549679 0.963141 0.551282 0.964744 0.554487 0.974359 0.535256 0.971154 0.536859 0.969551 0.538462
0 0.966346 0.540064 0.964744 0.540064 0.959936 0.536859 0.956731 0.535256 0.958333 0.532051 0.959936 0.528846 0.964744 0.525641 0.967949 0.525641 0.969551 0.528846
0 0.974359 0.530449 0.982372 0.538462 0.983974 0.535256 0.979167 0.519231 0.979167 0.520833 0.975962 0.522436 0.972756 0.525641 0.971154 0.522436 0.967949 0.520833
0 0.964744 0.519231 0.966346 0.514423 0.967949 0.511218 0.971154 0.509615 0.974359 0.509615 0.979167 0.511218 0.980769 0.514423 0.871795 0.504808 0.870192 0.506410
0 0.868590 0.508013 0.863782 0.509615 0.862179 0.509615 0.857372 0.506410 0.854167 0.504808 0.855769 0.501603 0.855769 0.500000 0.862179 0.496795 0.866987 0.496795
0 0.870192 0.498397 0.873397 0.500000 0.897436 0.435897 0.895833 0.439103 0.892628 0.440705 0.889423 0.440705 0.886218 0.440705 0.883013 0.439103 0.881410 0.435897 0.879808 0.432692 0.883013 0.429487 0.887821 0.426282 0.891026 0.427885
0 0.894231 0.429487 0.897436 0.431090 0.956731 0.443910 0.955128 0.445513 0.951923 0.447115 0.948718 0.448718 0.947115 0.448718 0.943910 0.447115 0.942308 0.443910 0.940705 0.440705 0.943910 0.437500 0.947115 0.435897 0.948718 0.435897
0 0.951923 0.437500 0.956731 0.439103 0.900641 0.463141 0.899038 0.466346 0.895833 0.467949 0.892628 0.467949 0.889423 0.467949 0.886218 0.466346 0.884615 0.463141 0.883013 0.459936 0.886218 0.456731 0.891026 0.453526 0.894231 0.455128
0 0.897436 0.456731 0.900641 0.458333 0.847756 0.559295 0.847756 0.560897 0.844551 0.562500 0.842949 0.564103 0.839744 0.564103 0.836538 0.560897 0.834936 0.557692 0.833333 0.554487 0.836538 0.551282 0.841346 0.549679 0.844551 0.549679
0 0.846154 0.551282 0.849359 0.554487 0.791667 0.544872 0.791667 0.546474 0.790064 0.548077 0.785256 0.551282 0.783654 0.548077 0.778846 0.546474 0.775641 0.544872 0.777244 0.540064 0.778846 0.536859 0.783654 0.535256 0.788462 0.535256
0 0.791667 0.536859 0.793269 0.540064 0.759615 0.576923 0.758013 0.580128 0.756410 0.581731 0.751603 0.584936 0.750000 0.581731 0.745192 0.580128 0.741987 0.578526 0.743590 0.573718 0.745192 0.570513 0.750000 0.568910 0.754808 0.568910
0 0.758013 0.570513 0.761218 0.573718 0.799679 0.527244 0.799679 0.528846 0.796474 0.530449 0.793269 0.532051 0.790064 0.532051 0.786859 0.530449 0.785256 0.527244 0.783654 0.524038 0.786859 0.519231 0.791667 0.517628 0.794872 0.517628
0 0.798077 0.519231 0.801282 0.522436 0.833333 0.504808 0.833333 0.506410 0.830128 0.508013 0.826923 0.509615 0.823718 0.509615 0.820513 0.506410 0.818910 0.503205 0.817308 0.500000 0.820513 0.498397 0.825321 0.496795 0.828526 0.496795
0 0.831731 0.498397 0.834936 0.500000 0.862179 0.466346 0.862179 0.467949 0.858974 0.469551 0.855769 0.471154 0.854167 0.471154 0.849359 0.467949 0.846154 0.466346 0.847756 0.463141 0.849359 0.458333 0.854167 0.456731 0.857372 0.456731
0 0.862179 0.458333 0.863782 0.461538 0.828526 0.431090 0.828526 0.432692 0.825321 0.434295 0.822115 0.435897 0.818910 0.435897 0.815705 0.432692 0.814103 0.429487 0.812500 0.426282 0.815705 0.423077 0.820513 0.421474 0.823718 0.421474
0 0.826923 0.423077 0.830128 0.426282 0.701923 0.544872 0.698718 0.546474 0.697115 0.548077 0.692308 0.549679 0.690705 0.549679 0.685897 0.546474 0.682692 0.544872 0.684295 0.541667 0.685897 0.538462 0.692308 0.535256 0.695513 0.535256
0 0.698718 0.536859 0.701923 0.540064 0.714744 0.588141 0.713141 0.589744 0.711538 0.591346 0.708333 0.592949 0.705128 0.592949 0.701923 0.589744 0.697115 0.588141 0.698718 0.584936 0.700321 0.580128 0.706731 0.578526 0.709936 0.578526
0 0.713141 0.580128 0.716346 0.583333 0.636218 0.540064 0.636218 0.541667 0.633013 0.543269 0.629808 0.544872 0.626603 0.543269 0.623397 0.541667 0.620192 0.540064 0.621795 0.535256 0.623397 0.532051 0.628205 0.530449 0.631410 0.530449
0 0.634615 0.532051 0.637821 0.535256 0.629808 0.565705 0.628205 0.565705 0.628205 0.567308 0.625000 0.568910 0.621795 0.570513 0.620192 0.567308 0.618590 0.564103 0.616987 0.560897 0.620192 0.559295 0.623397 0.557692 0.626603 0.557692
0 0.629808 0.560897 0.626603 0.500000 0.628205 0.500000 0.625000 0.501603 0.621795 0.503205 0.618590 0.501603 0.615385 0.500000 0.610577 0.500000 0.613782 0.495192 0.615385 0.491987 0.620192 0.490385 0.623397 0.490385 0.628205 0.491987
0 0.629808 0.495192 0.556090 0.511218 0.554487 0.512821 0.551282 0.514423 0.548077 0.516026 0.546474 0.516026 0.541667 0.512821 0.538462 0.511218 0.540064 0.508013 0.541667 0.504808 0.546474 0.501603 0.549679 0.501603 0.554487 0.503205
0 0.556090 0.506410 0.548077 0.575321 0.548077 0.576923 0.544872 0.578526 0.541667 0.580128 0.538462 0.578526 0.535256 0.576923 0.533654 0.573718 0.532051 0.570513 0.535256 0.567308 0.540064 0.565705 0.543269 0.565705 0.546474 0.567308
0 0.549679 0.570513 0.644231 0.551282 0.642628 0.551282 0.642628 0.554487 0.639423 0.554487 0.636218 0.554487 0.634615 0.554487 0.633013 0.551282 0.631410 0.548077 0.634615 0.546474 0.637821 0.543269 0.642628 0.544872 0.644231 0.546474
0 0.600962 0.559295 0.602564 0.559295 0.600962 0.560897 0.597756 0.562500 0.594551 0.565705 0.592949 0.562500 0.591346 0.559295 0.589744 0.556090 0.592949 0.552885 0.596154 0.551282 0.600962 0.552885 0.602564 0.554487 0.616987 0.597756
0 0.615385 0.599359 0.613782 0.600962 0.610577 0.602564 0.608974 0.602564 0.605769 0.602564 0.602564 0.600962 0.604167 0.596154 0.605769 0.592949 0.610577 0.591346 0.613782 0.592949 0.615385 0.594551 0.588141 0.541667 0.586538 0.541667
0 0.584936 0.543269 0.583333 0.544872 0.580128 0.546474 0.578526 0.544872 0.576923 0.541667 0.575321 0.538462 0.576923 0.535256 0.581731 0.533654 0.584936 0.533654 0.588141 0.536859 0.685897 0.511218 0.687500 0.511218 0.685897 0.512821
0 0.682692 0.514423 0.679487 0.516026 0.677885 0.514423 0.676282 0.511218 0.674679 0.508013 0.677885 0.504808 0.682692 0.503205 0.685897 0.504808 0.687500 0.506410 0.472756 0.576923 0.471154 0.578526 0.469551 0.580128
0 0.467949 0.581731 0.464744 0.581731 0.461538 0.581731 0.458333 0.580128 0.459936 0.575321 0.461538 0.572115 0.466346 0.570513 0.469551 0.572115 0.471154 0.573718 0.451923 0.575321 0.453526 0.576923 0.451923 0.578526 0.448718 0.578526
0 0.443910 0.578526 0.442308 0.575321 0.440705 0.572115 0.443910 0.570513 0.447115 0.567308 0.451923 0.568910 0.453526 0.572115 0.552885 0.700321 0.551282 0.700321 0.549679 0.701923 0.548077 0.703526 0.544872 0.703526 0.541667 0.703526
0 0.536859 0.703526 0.538462 0.698718 0.541667 0.695513 0.546474 0.692308 0.549679 0.693910 0.552885 0.695513 0.557692 0.730769 0.556090 0.730769 0.554487 0.732372 0.552885 0.733974 0.549679 0.735577 0.548077 0.733974 0.546474 0.730769
0 0.544872 0.727564 0.546474 0.724359 0.551282 0.722756 0.554487 0.724359 0.557692 0.725962 0.495192 0.495192 0.493590 0.495192 0.491987 0.496795 0.488782 0.498397 0.487179 0.498397 0.485577 0.498397 0.483974 0.495192
0 0.482372 0.491987 0.485577 0.488782 0.488782 0.487179 0.491987 0.487179 0.495192 0.490385 0.213141 0.541667 0.211538 0.543269 0.209936 0.544872 0.208333 0.546474 0.205128 0.546474 0.201923 0.544872 0.198718 0.543269
0 0.200321 0.540064 0.201923 0.536859 0.206731 0.535256 0.209936 0.536859 0.211538 0.538462 0.216346 0.501603 0.217949 0.503205 0.216346 0.504808 0.213141 0.504808 0.211538 0.506410 0.208333 0.504808 0.205128 0.503205
0 0.213141 0.500000 0.216346 0.496795 0.216346 0.500000 0.211538 0.496795 0.209936 0.496795 0.208333 0.498397 0.205128 0.500000 0.203526 0.500000 0.201923 0.500000 0.200321 0.496795 0.198718 0.493590 0.200321 0.490385
0 0.205128 0.488782 0.208333 0.488782 0.211538 0.491987 0.193910 0.501603 0.192308 0.500000 0.192308 0.501603 0.189103 0.503205 0.185897 0.504808 0.184295 0.503205 0.182692 0.500000 0.181090 0.498397 0.184295 0.495192
0 0.187500 0.493590 0.192308 0.493590 0.192308 0.498397 0.131410 0.592949 0.133013 0.592949 0.129808 0.594551 0.128205 0.594551 0.128205 0.596154 0.125000 0.594551 0.121795 0.592949 0.123397 0.589744 0.125000 0.586538
0 0.128205 0.584936 0.131410 0.586538 0.133013 0.588141 0.113782 0.552885 0.112179 0.552885 0.110577 0.554487 0.108974 0.556090 0.105769 0.559295 0.104167 0.556090 0.102564 0.552885 0.100962 0.549679 0.102564 0.546474
0 0.107372 0.544872 0.110577 0.546474 0.113782 0.548077 0.184295 0.480769 0.182692 0.480769 0.179487 0.482372 0.176282 0.482372 0.174679 0.482372 0.171474 0.479167 0.174679 0.475962 0.177885 0.474359 0.182692 0.474359
0 0.184295 0.475962 0.165064 0.443910 0.166667 0.443910 0.163462 0.445513 0.160256 0.445513 0.155449 0.447115 0.155449 0.442308 0.157051 0.439103 0.161859 0.437500 0.165064 0.437500 0.166667 0.439103 0.248397 0.400641
0 0.246795 0.400641 0.243590 0.402244 0.240385 0.403846 0.238782 0.400641 0.235577 0.399038 0.238782 0.395833 0.241987 0.394231 0.246795 0.394231 0.248397 0.395833 0.112179 0.479167 0.110577 0.479167 0.107372 0.480769
0 0.104167 0.482372 0.102564 0.479167 0.099359 0.477564 0.100962 0.474359 0.104167 0.472756 0.110577 0.472756 0.112179 0.474359 0.070513 0.487179 0.068910 0.487179 0.067308 0.488782 0.064103 0.488782 0.060897 0.488782
0 0.060897 0.483974 0.062500 0.480769 0.065705 0.479167 0.068910 0.482372 0.070513 0.482372 0.059295 0.488782 0.056090 0.488782 0.052885 0.490385 0.049679 0.491987 0.048077 0.490385 0.046474 0.487179 0.048077 0.485577
0 0.051282 0.482372 0.056090 0.482372 0.057692 0.485577 0.107372 0.467949 0.105769 0.467949 0.102564 0.469551 0.099359 0.469551 0.096154 0.469551 0.094551 0.466346 0.097756 0.463141 0.100962 0.461538 0.105769 0.461538
0 0.107372 0.463141 0.102564 0.424679 0.100962 0.424679 0.097756 0.426282 0.096154 0.426282 0.092949 0.426282 0.091346 0.423077 0.092949 0.421474 0.096154 0.419872 0.100962 0.418269 0.102564 0.419872 0.102564 0.411859
0 0.104167 0.411859 0.100962 0.413462 0.097756 0.415064 0.092949 0.415064 0.094551 0.410256 0.096154 0.405449 0.099359 0.405449 0.102564 0.405449 0.104167 0.407051 0.118590 0.416667 0.116987 0.416667 0.113782 0.418269
0 0.110577 0.418269 0.105769 0.418269 0.107372 0.415064 0.108974 0.411859 0.112179 0.410256 0.115385 0.411859 0.118590 0.411859 0.134615 0.399038 0.133013 0.399038 0.129808 0.400641 0.126603 0.402244 0.121795 0.402244
0 0.123397 0.397436 0.126603 0.394231 0.128205 0.392628 0.131410 0.392628 0.134615 0.394231 0.169872 0.402244 0.168269 0.402244 0.165064 0.403846 0.161859 0.403846 0.157051 0.405449
0 0.158654 0.400641 0.160256 0.399038 0.163462 0.395833 0.168269 0.395833 0.169872 0.397436 0.044872 0.439103 0.040064 0.439103 0.038462 0.440705 0.035256 0.440705 0.033654 0.440705
0 0.032051 0.437500 0.032051 0.435897 0.036859 0.432692 0.040064 0.432692 0.043269 0.434295 0.157051 0.391026 0.153846 0.392628 0.150641 0.394231 0.149038 0.391026 0.145833 0.389423
0 0.149038 0.386218 0.153846 0.383013 0.157051 0.384615 0.158654 0.386218 0.046474 0.583333 0.044872 0.583333 0.041667 0.584936 0.038462 0.584936 0.033654 0.586538 0.033654 0.583333
0 0.036859 0.578526 0.040064 0.575321 0.044872 0.576923 0.046474 0.578526 0.081731 0.524038 0.083333 0.524038 0.078526 0.525641 0.075321 0.527244 0.073718 0.524038 0.072115 0.520833
0 0.073718 0.517628 0.076923 0.516026 0.081731 0.517628 0.083333 0.519231 0.067308 0.524038 0.068910 0.524038 0.064103 0.525641 0.060897 0.527244 0.059295 0.524038 0.057692 0.520833
0 0.059295 0.517628 0.062500 0.516026 0.067308 0.517628 0.068910 0.519231 0.030449 0.453526 0.028846 0.453526 0.025641 0.455128 0.022436 0.455128 0.016026 0.456731 0.017628 0.451923
0 0.020833 0.448718 0.024038 0.445513 0.027244 0.447115 0.030449 0.448718 0.088141 0.649038 0.094551 0.653846 0.097756 0.660256 0.096154 0.666667 0.091346 0.673077 0.086538 0.673077
0 0.080128 0.673077 0.073718 0.671474 0.072115 0.666667 0.068910 0.660256 0.070513 0.655449 0.075321 0.650641 0.081731 0.649038 0.136218 0.682692 0.142628 0.687500 0.145833 0.693910
0 0.144231 0.700321 0.137821 0.705128 0.133013 0.706731 0.128205 0.706731 0.121795 0.703526 0.118590 0.700321 0.116987 0.693910 0.118590 0.689103 0.121795 0.684295 0.128205 0.682692
0 0.177885 0.708333 0.179487 0.711538 0.179487 0.714744 0.177885 0.714744 0.176282 0.716346 0.173077 0.717949 0.171474 0.714744 0.166667 0.714744 0.168269 0.711538 0.171474 0.708333
0 0.174679 0.706731 0.150641 0.663462 0.152244 0.666667 0.152244 0.668269 0.149038 0.669872 0.147436 0.669872 0.144231 0.669872 0.144231 0.668269 0.147436 0.663462 0.174679 0.661859
0 0.177885 0.665064 0.176282 0.668269 0.174679 0.668269 0.171474 0.669872 0.166667 0.669872 0.168269 0.665064 0.171474 0.661859 0.182692 0.652244 0.184295 0.655449 0.184295 0.657051
0 0.181090 0.658654 0.179487 0.658654 0.176282 0.658654 0.176282 0.655449 0.179487 0.652244 0.177885 0.637821 0.181090 0.641026 0.181090 0.644231 0.177885 0.645833 0.174679 0.645833
0 0.171474 0.645833 0.173077 0.639423 0.176282 0.637821 0.227564 0.626603 0.230769 0.629808 0.229167 0.631410 0.227564 0.633013 0.224359 0.633013 0.219551 0.633013 0.221154 0.629808
0 0.224359 0.626603 0.237179 0.620192 0.238782 0.623397 0.238782 0.626603 0.235577 0.626603 0.233974 0.626603 0.229167 0.626603 0.230769 0.621795 0.233974 0.620192 0.254808 0.536859
0 0.254808 0.544872 0.251603 0.548077 0.245192 0.549679 0.240385 0.548077 0.235577 0.543269 0.237179 0.538462 0.240385 0.533654 0.245192 0.532051 0.250000 0.533654 0.298077 0.516026
0 0.298077 0.522436 0.293269 0.527244 0.288462 0.528846 0.282051 0.527244 0.277244 0.522436 0.278846 0.517628 0.282051 0.512821 0.288462 0.511218 0.293269 0.512821 0.483974 0.767628
0 0.483974 0.770833 0.480769 0.772436 0.477564 0.772436 0.471154 0.774038 0.472756 0.769231 0.474359 0.764423 0.477564 0.762821 0.480769 0.764423 0.488782 0.782051 0.488782 0.785256
0 0.483974 0.788462 0.480769 0.788462 0.479167 0.785256 0.477564 0.782051 0.479167 0.778846 0.482372 0.778846 0.485577 0.778846 0.360577 0.817308 0.358974 0.818910 0.357372 0.820513
0 0.354167 0.822115 0.352564 0.818910 0.349359 0.817308 0.352564 0.814103 0.355769 0.812500 0.358974 0.814103 0.613782 0.615385 0.613782 0.620192 0.608974 0.621795 0.605769 0.623397 0.604167 0.620192 0.602564 0.616987 0.604167 0.613782
0 0.607372 0.612179 0.610577 0.613782 0.613782 0.724359 0.615385 0.724359 0.613782 0.727564 0.610577 0.727564 0.607372 0.729167 0.602564 0.727564 0.599359 0.724359 0.600962 0.721154 0.602564 0.717949 0.607372 0.714744 0.612179 0.716346
0 0.613782 0.717949 0.615385 0.719551 0.705128 0.625000 0.705128 0.629808 0.700321 0.634615 0.695513 0.637821 0.689103 0.634615 0.684295 0.629808 0.684295 0.625000 0.689103 0.620192 0.695513 0.620192
0 0.700321 0.620192 0.786859 0.628205 0.786859 0.631410 0.783654 0.634615 0.780449 0.634615 0.778846 0.631410 0.777244 0.628205 0.778846 0.625000
0 0.782051 0.625000 0.785256 0.625000 0.766026 0.604167 0.766026 0.607372 0.762821 0.610577 0.759615 0.608974 0.753205 0.610577 0.754808 0.605769
0 0.756410 0.600962 0.759615 0.600962 0.764423 0.600962 0.865385 0.528846 0.865385 0.532051 0.860577 0.533654 0.858974 0.533654 0.852564 0.535256
0 0.854167 0.530449 0.855769 0.525641 0.858974 0.524038 0.862179 0.525641 0.850962 0.514423 0.847756 0.516026 0.846154 0.519231 0.844551 0.519231
0 0.841346 0.519231 0.838141 0.516026 0.833333 0.514423 0.834936 0.511218 0.836538 0.508013 0.842949 0.504808 0.846154 0.504808 0.847756 0.506410
0 0.850962 0.509615 0.927885 0.495192 0.927885 0.496795 0.924679 0.498397 0.921474 0.500000 0.919872 0.498397 0.918269 0.495192 0.919872 0.491987
0 0.923077 0.490385 0.926282 0.491987 0.804487 0.445513 0.804487 0.447115 0.802885 0.450321 0.799679 0.451923 0.798077 0.448718 0.796474 0.445513 0.798077 0.442308 0.801282 0.440705
0 0.802885 0.442308 0.817308 0.448718 0.815705 0.448718 0.812500 0.451923 0.809295 0.453526 0.807692 0.450321 0.804487 0.450321 0.806090 0.447115 0.814103 0.445513 0.814103 0.439103
0 0.814103 0.440705 0.810897 0.443910 0.809295 0.443910 0.806090 0.442308 0.804487 0.439103 0.806090 0.435897 0.809295 0.434295 0.812500 0.435897 0.860577 0.407051
0 0.858974 0.410256 0.857372 0.411859 0.854167 0.411859 0.847756 0.413462 0.849359 0.408654 0.850962 0.405449 0.854167 0.403846 0.857372 0.405449 0.876603 0.408654
0 0.875000 0.408654 0.873397 0.410256 0.871795 0.410256 0.865385 0.413462 0.866987 0.408654 0.866987 0.405449 0.871795 0.405449 0.875000 0.405449 0.766026 0.447115
0 0.764423 0.450321 0.762821 0.451923 0.759615 0.453526 0.753205 0.455128 0.754808 0.450321 0.756410 0.445513 0.759615 0.443910 0.762821 0.445513 0.836538 0.471154
0 0.836538 0.472756 0.833333 0.474359 0.830128 0.475962 0.826923 0.474359 0.823718 0.472756 0.820513 0.471154 0.822115 0.466346 0.823718 0.463141 0.828526 0.461538 0.831731 0.461538 0.836538 0.463141 0.838141 0.466346 0.812500 0.491987
0 0.810897 0.493590 0.809295 0.495192 0.804487 0.495192 0.801282 0.493590 0.796474 0.491987 0.798077 0.487179 0.799679 0.483974 0.804487 0.483974 0.807692 0.482372 0.810897 0.483974
0 0.814103 0.487179 0.801282 0.391026 0.799679 0.394231 0.796474 0.395833 0.794872 0.397436 0.791667 0.395833 0.788462 0.394231 0.786859 0.391026 0.785256 0.387821
0 0.788462 0.384615 0.793269 0.383013 0.794872 0.383013 0.798077 0.384615 0.801282 0.386218 0.762821 0.391026 0.761218 0.394231 0.759615 0.395833 0.754808 0.397436
0 0.753205 0.397436 0.748397 0.394231 0.745192 0.392628 0.746795 0.389423 0.748397 0.384615 0.753205 0.383013 0.758013 0.383013 0.761218 0.384615 0.764423 0.387821
0 0.820513 0.339744 0.818910 0.342949 0.815705 0.344551 0.812500 0.344551 0.809295 0.344551 0.806090 0.342949 0.804487 0.339744 0.802885 0.336538 0.806090 0.333333 0.810897 0.330128 0.814103 0.331731 0.817308 0.331731 0.818910 0.336538
0 0.830128 0.241987 0.830128 0.243590 0.828526 0.245192 0.823718 0.248397 0.822115 0.245192 0.818910 0.243590 0.815705 0.241987 0.815705 0.238782 0.817308 0.233974
0 0.822115 0.232372 0.826923 0.232372 0.830128 0.233974 0.831731 0.237179 0.806090 0.288462 0.806090 0.290064 0.804487 0.293269 0.801282 0.293269 0.798077 0.291667
0 0.794872 0.288462 0.791667 0.286859 0.793269 0.283654 0.794872 0.280449 0.798077 0.280449 0.801282 0.278846 0.806090 0.280449 0.807692 0.283654 0.841346 0.270833
0 0.841346 0.272436 0.838141 0.274038 0.834936 0.275641 0.831731 0.275641 0.830128 0.272436 0.826923 0.270833 0.828526 0.266026 0.828526 0.262821 0.833333 0.261218
0 0.834936 0.262821 0.838141 0.264423 0.842949 0.266026 0.769231 0.264423 0.767628 0.266026 0.764423 0.267628 0.761218 0.269231 0.758013 0.267628 0.754808 0.266026
0 0.751603 0.264423 0.751603 0.261218 0.754808 0.258013 0.759615 0.254808 0.762821 0.254808 0.766026 0.256410 0.769231 0.259615 0.836538 0.205128 0.833333 0.206731
0 0.833333 0.208333 0.828526 0.209936 0.826923 0.209936 0.822115 0.206731 0.818910 0.205128 0.820513 0.201923 0.822115 0.198718 0.826923 0.195513 0.830128 0.195513
0 0.833333 0.197115 0.836538 0.200321 0.812500 0.160256 0.814103 0.166667 0.810897 0.171474 0.804487 0.173077 0.798077 0.169872 0.793269 0.166667 0.796474 0.161859 0.799679 0.157051 0.804487 0.157051 0.809295 0.157051 0.777244 0.193910
0 0.777244 0.195513 0.774038 0.197115 0.770833 0.198718 0.767628 0.197115 0.764423 0.195513 0.762821 0.192308 0.761218 0.189103 0.764423 0.185897 0.767628 0.185897 0.772436 0.185897 0.775641 0.187500 0.777244 0.190705 0.782051 0.171474
0 0.780449 0.171474 0.778846 0.173077 0.774038 0.176282 0.772436 0.173077 0.767628 0.171474 0.764423 0.169872 0.766026 0.165064 0.767628 0.161859 0.774038 0.160256 0.775641 0.161859 0.778846 0.161859 0.782051 0.165064 0.793269 0.133013
0 0.794872 0.139423 0.791667 0.142628 0.786859 0.144231 0.778846 0.142628 0.775641 0.137821 0.775641 0.133013 0.780449 0.128205 0.785256 0.128205 0.790064 0.129808 0.806090 0.253205 0.804487 0.256410 0.802885 0.258013 0.798077 0.259615
0 0.796474 0.259615 0.791667 0.256410 0.788462 0.254808 0.790064 0.250000 0.791667 0.246795 0.796474 0.245192 0.801282 0.245192 0.804487 0.246795 0.807692 0.250000 0.733974 0.264423 0.733974 0.266026 0.730769 0.267628 0.727564 0.269231
0 0.724359 0.269231 0.721154 0.266026 0.717949 0.264423 0.719551 0.259615 0.721154 0.256410 0.725962 0.254808 0.729167 0.254808 0.732372 0.256410 0.735577 0.259615 0.775641 0.245192 0.775641 0.246795 0.772436 0.248397 0.769231 0.250000
0 0.767628 0.250000 0.762821 0.246795 0.759615 0.245192 0.761218 0.241987 0.762821 0.237179 0.767628 0.235577 0.770833 0.235577 0.775641 0.237179 0.777244 0.240385 0.729167 0.229167 0.729167 0.230769 0.725962 0.233974 0.724359 0.233974
0 0.721154 0.233974 0.717949 0.230769 0.716346 0.227564 0.714744 0.224359 0.717949 0.221154 0.721154 0.219551 0.724359 0.219551 0.727564 0.221154 0.730769 0.224359 0.758013 0.251603 0.754808 0.253205 0.753205 0.254808 0.748397 0.256410
0 0.746795 0.256410 0.741987 0.253205 0.738782 0.251603 0.740385 0.248397 0.741987 0.245192 0.748397 0.241987 0.751603 0.241987 0.754808 0.243590 0.758013 0.246795 0.828526 0.314103 0.828526 0.315705 0.825321 0.317308 0.822115 0.318910
0 0.818910 0.318910 0.815705 0.317308 0.814103 0.314103 0.812500 0.310897 0.815705 0.306090 0.820513 0.304487 0.822115 0.306090 0.825321 0.307692 0.828526 0.310897 0.860577 0.315705 0.858974 0.318910 0.855769 0.320513 0.852564 0.322115
0 0.850962 0.322115 0.847756 0.318910 0.846154 0.315705 0.844551 0.312500 0.846154 0.310897 0.850962 0.307692 0.854167 0.307692 0.857372 0.309295 0.860577 0.310897 0.863782 0.286859
0 0.863782 0.288462 0.860577 0.290064 0.857372 0.291667 0.854167 0.290064 0.850962 0.288462 0.849359 0.285256 0.847756 0.282051 0.850962 0.278846 0.855769 0.277244 0.858974 0.277244 0.862179 0.278846 0.865385 0.282051 0.794872 0.376603
0 0.794872 0.378205 0.791667 0.379808 0.790064 0.379808 0.788462 0.378205 0.785256 0.376603 0.786859 0.375000 0.790064 0.371795 0.793269 0.373397 0.775641 0.395833 0.775641 0.397436 0.772436 0.399038 0.769231 0.402244 0.767628 0.399038
0 0.766026 0.395833 0.767628 0.392628 0.770833 0.391026 0.774038 0.392628 0.745192 0.383013 0.745192 0.384615 0.741987 0.386218 0.738782 0.389423 0.737179 0.386218 0.735577 0.383013
0 0.737179 0.379808 0.740385 0.378205 0.743590 0.379808 0.754808 0.334936 0.753205 0.338141 0.751603 0.338141 0.748397 0.338141 0.741987 0.339744 0.743590 0.334936 0.745192 0.331731 0.748397 0.330128 0.751603 0.331731 0.716346 0.251603
0 0.714744 0.254808 0.713141 0.256410 0.708333 0.258013 0.706731 0.258013 0.701923 0.254808 0.698718 0.253205 0.700321 0.250000 0.701923 0.245192 0.706731 0.243590 0.711538 0.243590 0.714744 0.245192 0.717949 0.248397 0.605769 0.269231
0 0.604167 0.272436 0.600962 0.274038 0.597756 0.275641 0.594551 0.274038 0.591346 0.272436 0.589744 0.269231 0.588141 0.266026 0.591346 0.264423 0.594551 0.264423 0.597756 0.264423 0.600962 0.266026 0.604167 0.267628 0.586538 0.304487
0 0.586538 0.306090 0.583333 0.307692 0.580128 0.309295 0.576923 0.307692 0.573718 0.306090 0.572115 0.302885 0.570513 0.299679 0.573718 0.296474 0.578526 0.294872 0.581731 0.294872 0.584936 0.296474 0.588141 0.299679 0.604167 0.346154
0 0.604167 0.347756 0.602564 0.349359 0.597756 0.350962 0.596154 0.350962 0.592949 0.347756 0.588141 0.346154 0.589744 0.341346 0.591346 0.338141 0.597756 0.336538 0.600962 0.336538 0.604167 0.338141 0.605769 0.341346 0.697115 0.346154
0 0.695513 0.349359 0.692308 0.350962 0.689103 0.350962 0.685897 0.350962 0.682692 0.349359 0.679487 0.346154 0.681090 0.342949 0.682692 0.339744 0.687500 0.336538 0.690705 0.338141 0.695513 0.338141 0.695513 0.342949 0.711538 0.338141
0 0.711538 0.339744 0.709936 0.342949 0.706731 0.342949 0.705128 0.342949 0.700321 0.339744 0.697115 0.338141 0.698718 0.334936 0.700321 0.330128 0.703526 0.330128 0.708333 0.328526 0.711538 0.330128 0.713141 0.333333 0.701923 0.306090
0 0.701923 0.307692 0.697115 0.309295 0.695513 0.310897 0.693910 0.307692 0.690705 0.306090 0.689103 0.302885 0.685897 0.301282 0.689103 0.299679 0.693910 0.296474 0.697115 0.296474 0.700321 0.298077 0.703526 0.301282 0.597756 0.419872
0 0.596154 0.423077 0.594551 0.424679 0.589744 0.427885 0.588141 0.424679 0.583333 0.423077 0.580128 0.421474 0.581731 0.416667 0.583333 0.413462 0.588141 0.410256
0 0.592949 0.411859 0.596154 0.413462 0.599359 0.415064 0.641026 0.402244 0.639423 0.402244 0.637821 0.405449 0.636218 0.405449 0.633013 0.405449 0.629808 0.405449
0 0.625000 0.405449 0.626603 0.400641 0.629808 0.397436 0.634615 0.394231 0.637821 0.395833 0.641026 0.397436 0.698718 0.458333 0.697115 0.458333 0.695513 0.459936
0 0.693910 0.461538 0.690705 0.463141 0.689103 0.461538 0.687500 0.458333 0.685897 0.455128 0.687500 0.451923 0.692308 0.450321 0.695513 0.451923 0.698718 0.453526
0 0.706731 0.469551 0.705128 0.469551 0.703526 0.472756 0.701923 0.472756 0.698718 0.475962 0.697115 0.472756 0.695513 0.469551 0.692308 0.467949 0.695513 0.464744 0.700321 0.461538 0.703526 0.463141 0.706731 0.464744 0.685897 0.360577
0 0.684295 0.362179 0.682692 0.363782 0.681090 0.365385 0.677885 0.365385 0.674679 0.363782 0.671474 0.362179 0.673077 0.358974 0.674679 0.355769 0.679487 0.354167 0.682692 0.354167 0.684295 0.357372 0.649038 0.333333 0.650641 0.333333
0 0.649038 0.334936 0.645833 0.336538 0.644231 0.336538 0.641026 0.336538 0.637821 0.334936 0.639423 0.330128 0.641026 0.326923 0.645833 0.325321 0.649038 0.326923 0.650641 0.328526 0.658654 0.318910 0.657051 0.320513 0.655449 0.322115
0 0.653846 0.323718 0.650641 0.323718 0.647436 0.322115 0.642628 0.322115 0.644231 0.317308 0.647436 0.314103 0.652244 0.312500 0.655449 0.312500 0.657051 0.315705 0.565705 0.306090 0.567308 0.306090 0.565705 0.307692 0.562500 0.307692
0 0.560897 0.309295 0.557692 0.307692 0.552885 0.307692 0.554487 0.302885 0.557692 0.299679 0.562500 0.298077 0.565705 0.298077 0.567308 0.301282 0.583333 0.267628 0.584936 0.267628 0.583333 0.269231 0.580128 0.270833 0.578526 0.270833
0 0.575321 0.270833 0.572115 0.269231 0.573718 0.264423 0.573718 0.262821 0.580128 0.261218 0.581731 0.262821 0.583333 0.264423 0.645833 0.256410 0.644231 0.258013 0.642628 0.259615 0.641026 0.261218 0.637821 0.261218 0.634615 0.261218
0 0.629808 0.261218 0.631410 0.256410 0.634615 0.253205 0.639423 0.250000 0.642628 0.251603 0.644231 0.253205 0.671474 0.253205 0.669872 0.253205 0.668269 0.254808 0.666667 0.256410 0.665064 0.258013 0.663462 0.256410 0.661859 0.253205
0 0.660256 0.250000 0.660256 0.248397 0.665064 0.245192 0.668269 0.246795 0.671474 0.248397 0.535256 0.342949 0.533654 0.344551 0.532051 0.346154 0.530449 0.346154 0.527244 0.347756 0.524038 0.346154 0.519231 0.346154 0.520833 0.341346
0 0.524038 0.338141 0.528846 0.336538 0.532051 0.336538 0.533654 0.339744 0.333333 0.629808 0.331731 0.631410 0.330128 0.633013 0.328526 0.634615 0.325321 0.634615 0.322115 0.633013 0.318910 0.631410 0.320513 0.628205
0 0.322115 0.625000 0.326923 0.623397 0.330128 0.625000 0.331731 0.626603 0.509615 0.387821 0.508013 0.389423 0.506410 0.392628 0.504808 0.392628 0.501603 0.392628 0.498397 0.394231 0.495192 0.392628 0.496795 0.387821
0 0.498397 0.386218 0.503205 0.381410 0.506410 0.383013 0.508013 0.384615 0.552885 0.405449 0.551282 0.405449 0.549679 0.407051 0.548077 0.408654 0.544872 0.410256 0.543269 0.408654 0.541667 0.405449 0.540064 0.402244
0 0.541667 0.399038 0.546474 0.397436 0.549679 0.397436 0.552885 0.400641 0.525641 0.283654 0.524038 0.285256 0.522436 0.286859 0.519231 0.286859 0.517628 0.288462 0.514423 0.286859 0.509615 0.286859 0.511218 0.282051
0 0.514423 0.278846 0.519231 0.275641 0.522436 0.277244 0.524038 0.280449 0.725962 0.198718 0.724359 0.200321 0.721154 0.201923 0.719551 0.201923 0.717949 0.201923 0.714744 0.200321 0.711538 0.198718 0.711538 0.197115
0 0.714744 0.193910 0.719551 0.192308 0.722756 0.192308 0.724359 0.195513 0.756410 0.224359 0.754808 0.224359 0.754808 0.225962 0.751603 0.227564 0.748397 0.229167 0.746795 0.227564 0.745192 0.224359 0.743590 0.221154
0 0.746795 0.217949 0.750000 0.216346 0.753205 0.217949 0.756410 0.219551 0.759615 0.179487 0.756410 0.179487 0.756410 0.181090 0.754808 0.181090 0.751603 0.184295 0.750000 0.181090 0.748397 0.177885 0.746795 0.176282
0 0.750000 0.174679 0.753205 0.171474 0.756410 0.173077 0.759615 0.174679 0.733974 0.171474 0.732372 0.169872 0.730769 0.169872 0.729167 0.169872 0.725962 0.173077 0.724359 0.169872 0.722756 0.166667 0.719551 0.165064
0 0.722756 0.163462 0.727564 0.161859 0.730769 0.161859 0.733974 0.165064 0.665064 0.201923 0.666667 0.201923 0.665064 0.203526 0.661859 0.205128 0.660256 0.205128 0.657051 0.203526 0.653846 0.201923 0.655449 0.198718
0 0.657051 0.195513 0.661859 0.193910 0.665064 0.195513 0.666667 0.197115 0.673077 0.222756 0.674679 0.222756 0.673077 0.224359 0.668269 0.225962 0.666667 0.225962 0.663462 0.224359 0.660256 0.222756 0.663462 0.219551
0 0.665064 0.216346 0.669872 0.214744 0.673077 0.216346 0.674679 0.217949 0.786859 0.205128 0.785256 0.206731 0.783654 0.208333 0.782051 0.209936 0.778846 0.209936 0.775641 0.208333 0.772436 0.206731 0.774038 0.203526
0 0.775641 0.200321 0.780449 0.198718 0.783654 0.198718 0.785256 0.201923 0.583333 0.208333 0.581731 0.208333 0.580128 0.209936 0.578526 0.211538 0.575321 0.211538 0.572115 0.211538 0.568910 0.209936 0.570513 0.205128
0 0.572115 0.201923 0.576923 0.200321 0.580128 0.201923 0.583333 0.203526 0.576923 0.222756 0.578526 0.222756 0.576923 0.224359 0.573718 0.225962 0.570513 0.229167 0.568910 0.225962 0.567308 0.222756 0.565705 0.219551
0 0.568910 0.216346 0.572115 0.214744 0.576923 0.216346 0.578526 0.217949 0.604167 0.205128 0.605769 0.208333 0.604167 0.213141 0.600962 0.214744 0.597756 0.216346 0.594551 0.216346 0.589744 0.216346 0.588141 0.211538
0 0.586538 0.206731 0.589744 0.203526 0.594551 0.201923 0.599359 0.203526 0.528846 0.225962 0.532051 0.230769 0.530449 0.235577 0.527244 0.237179 0.524038 0.238782 0.519231 0.238782 0.516026 0.237179 0.512821 0.233974
0 0.512821 0.229167 0.514423 0.225962 0.520833 0.222756 0.525641 0.222756 0.500000 0.238782 0.501603 0.241987 0.501603 0.246795 0.498397 0.250000 0.496795 0.250000 0.491987 0.250000 0.488782 0.250000 0.485577 0.245192
0 0.485577 0.240385 0.487179 0.237179 0.493590 0.233974 0.498397 0.235577 0.615385 0.246795 0.613782 0.246795 0.612179 0.248397 0.610577 0.250000 0.608974 0.251603 0.605769 0.250000 0.604167 0.246795 0.602564 0.243590
0 0.604167 0.240385 0.608974 0.238782 0.612179 0.240385 0.615385 0.241987 0.610577 0.258013 0.608974 0.259615 0.607372 0.261218 0.605769 0.262821 0.602564 0.262821 0.599359 0.261218 0.596154 0.259615 0.597756 0.256410
0 0.599359 0.253205 0.604167 0.251603 0.607372 0.251603 0.608974 0.254808 0.411859 0.283654 0.410256 0.283654 0.408654 0.285256 0.407051 0.286859 0.403846 0.288462 0.402244 0.286859 0.400641 0.283654 0.399038 0.280449
0 0.400641 0.277244 0.405449 0.275641 0.408654 0.277244 0.411859 0.278846 0.423077 0.269231 0.421474 0.270833 0.419872 0.272436 0.418269 0.274038 0.415064 0.274038 0.411859 0.272436 0.408654 0.270833 0.410256 0.267628
0 0.411859 0.264423 0.416667 0.262821 0.419872 0.264423 0.421474 0.266026 0.397436 0.338141 0.395833 0.338141 0.395833 0.339744 0.392628 0.341346 0.389423 0.342949 0.387821 0.339744 0.386218 0.336538 0.384615 0.333333
0 0.387821 0.331731 0.391026 0.330128 0.394231 0.330128 0.397436 0.333333 0.333333 0.394231 0.331731 0.394231 0.330128 0.395833 0.328526 0.395833 0.325321 0.399038 0.323718 0.395833 0.322115 0.392628 0.320513 0.389423
0 0.323718 0.387821 0.326923 0.386218 0.330128 0.386218 0.333333 0.389423 0.318910 0.384615 0.317308 0.384615 0.315705 0.387821 0.314103 0.387821 0.310897 0.391026 0.309295 0.387821 0.307692 0.384615 0.304487 0.383013
0 0.307692 0.379808 0.312500 0.376603 0.315705 0.378205 0.318910 0.379808 0.347756 0.415064 0.346154 0.416667 0.344551 0.418269 0.342949 0.419872 0.339744 0.419872 0.336538 0.418269 0.333333 0.416667 0.334936 0.413462
0 0.336538 0.410256 0.341346 0.408654 0.344551 0.408654 0.346154 0.411859 0.395833 0.394231 0.394231 0.394231 0.392628 0.395833 0.391026 0.397436 0.387821 0.397436 0.384615 0.395833 0.379808 0.395833 0.381410 0.391026
0 0.384615 0.387821 0.389423 0.386218 0.392628 0.386218 0.395833 0.389423 0.378205 0.424679 0.376603 0.424679 0.373397 0.427885 0.371795 0.424679 0.368590 0.423077 0.371795 0.419872 0.375000 0.418269 0.378205 0.418269
0 0.379808 0.421474 0.415064 0.384615 0.413462 0.384615 0.411859 0.386218 0.410256 0.387821 0.407051 0.389423 0.405449 0.387821 0.403846 0.384615 0.402244 0.381410 0.403846 0.378205 0.408654 0.376603 0.411859 0.376603
0 0.415064 0.379808 0.427885 0.402244 0.426282 0.403846 0.424679 0.405449 0.421474 0.407051 0.419872 0.407051 0.416667 0.405449 0.413462 0.403846 0.415064 0.400641 0.416667 0.397436 0.421474 0.395833 0.424679 0.395833
0 0.426282 0.399038 0.262821 0.426282 0.261218 0.426282 0.261218 0.429487 0.259615 0.429487 0.256410 0.429487 0.253205 0.429487 0.248397 0.429487 0.250000 0.424679 0.253205 0.421474 0.258013 0.418269 0.261218 0.419872
0 0.262821 0.421474 0.391026 0.511218 0.389423 0.511218 0.389423 0.512821 0.386218 0.514423 0.383013 0.517628 0.381410 0.514423 0.379808 0.511218 0.378205 0.508013 0.381410 0.504808 0.384615 0.503205 0.387821 0.504808
0 0.391026 0.506410 0.376603 0.557692 0.375000 0.557692 0.371795 0.559295 0.370192 0.556090 0.366987 0.554487 0.370192 0.551282 0.373397 0.549679 0.376603 0.551282 0.378205 0.552885 0.445513 0.580128 0.447115 0.583333
0 0.445513 0.586538 0.442308 0.588141 0.439103 0.588141 0.434295 0.588141 0.435897 0.583333 0.439103 0.580128 0.442308 0.580128 0.453526 0.594551 0.455128 0.596154 0.455128 0.599359 0.450321 0.600962 0.443910 0.602564
0 0.443910 0.599359 0.445513 0.596154 0.448718 0.592949 0.451923 0.591346 0.748397 0.559295 0.746795 0.560897 0.745192 0.562500 0.740385 0.564103 0.738782 0.565705 0.735577 0.560897 0.732372 0.559295 0.733974 0.556090
0 0.735577 0.551282 0.740385 0.549679 0.743590 0.549679 0.746795 0.551282 0.750000 0.554487 0.677885 0.703526 0.676282 0.709936 0.671474 0.714744 0.665064 0.716346 0.658654 0.714744 0.655449 0.711538 0.653846 0.705128
0 0.660256 0.697115 0.668269 0.697115 0.674679 0.700321 0.870192 0.616987 0.868590 0.620192 0.865385 0.621795 0.862179 0.621795 0.860577 0.618590 0.857372 0.616987 0.858974 0.612179 0.862179 0.610577 0.866987 0.610577
0 0.870192 0.612179 0.711538 0.418269 0.709936 0.421474 0.708333 0.423077 0.705128 0.423077 0.698718 0.424679 0.700321 0.419872 0.701923 0.415064 0.705128 0.415064 0.708333 0.415064 0.782051 0.243590 0.783654 0.245192
0 0.785256 0.246795 0.785256 0.251603 0.783654 0.251603 0.780449 0.254808 0.778846 0.251603 0.777244 0.248397 0.778846 0.245192 0.557692 0.421474 0.559295 0.421474
0 0.557692 0.424679 0.554487 0.424679 0.551282 0.427885 0.549679 0.424679 0.548077 0.421474 0.546474 0.418269 0.549679 0.416667 0.554487 0.413462 0.557692 0.415064 0.559295 0.416667 0.250000 0.665064 0.251603 0.668269
