0 0.485577 0.290064 0.479167 0.296474 0.471154 0.301282 0.466346 0.301282 0.459936 0.294872 0.459936 0.288462 0.463141 0.282051 0.472756 0.275641 0.480769 0.278846 0.483974 0.283654
0 0.437500 0.266026 0.432692 0.270833 0.424679 0.275641 0.416667 0.272436 0.413462 0.269231 0.413462 0.262821 0.416667 0.254808 0.424679 0.250000 0.432692 0.253205 0.437500 0.258013
0 0.477564 0.216346 0.472756 0.222756 0.464744 0.225962 0.458333 0.225962 0.453526 0.221154 0.451923 0.214744 0.455128 0.206731 0.466346 0.201923 0.472756 0.203526 0.477564 0.208333
0 0.588141 0.205128 0.583333 0.211538 0.575321 0.214744 0.568910 0.214744 0.564103 0.209936 0.564103 0.203526 0.565705 0.197115 0.576923 0.190705 0.583333 0.193910 0.588141 0.198718
0 0.637821 0.266026 0.633013 0.272436 0.625000 0.275641 0.618590 0.275641 0.613782 0.270833 0.612179 0.264423 0.615385 0.256410 0.626603 0.253205 0.633013 0.254808 0.637821 0.261218
0 0.652244 0.325321 0.647436 0.330128 0.639423 0.334936 0.633013 0.334936 0.628205 0.330128 0.628205 0.322115 0.629808 0.315705 0.641026 0.309295 0.649038 0.312500 0.652244 0.317308
0 0.399038 0.366987 0.394231 0.373397 0.386218 0.376603 0.379808 0.376603 0.375000 0.371795 0.373397 0.365385 0.376603 0.357372 0.387821 0.352564 0.394231 0.354167 0.399038 0.358974
0 0.280449 0.200321 0.274038 0.206731 0.266026 0.209936 0.261218 0.209936 0.256410 0.205128 0.256410 0.198718 0.259615 0.192308 0.269231 0.185897 0.275641 0.189103 0.278846 0.193910
0 0.237179 0.189103 0.232372 0.193910 0.224359 0.198718 0.217949 0.198718 0.213141 0.193910 0.213141 0.185897 0.216346 0.179487 0.225962 0.173077 0.232372 0.176282 0.237179 0.181090
0 0.147436 0.341346 0.142628 0.347756 0.134615 0.350962 0.128205 0.350962 0.123397 0.346154 0.121795 0.339744 0.125000 0.331731 0.134615 0.326923 0.142628 0.328526 0.147436 0.334936
0 0.116987 0.330128 0.110577 0.336538 0.102564 0.339744 0.097756 0.339744 0.091346 0.334936 0.091346 0.330128 0.094551 0.322115 0.104167 0.317308 0.112179 0.318910 0.115385 0.322115
0 0.076923 0.288462 0.072115 0.294872 0.064103 0.298077 0.057692 0.301282 0.052885 0.294872 0.052885 0.290064 0.056090 0.282051 0.065705 0.275641 0.072115 0.278846 0.076923 0.283654
0 0.169872 0.213141 0.163462 0.219551 0.158654 0.222756 0.152244 0.222756 0.145833 0.217949 0.145833 0.211538 0.149038 0.203526 0.158654 0.198718 0.166667 0.200321 0.169872 0.206731
0 0.102564 0.182692 0.097756 0.189103 0.089744 0.193910 0.084936 0.192308 0.080128 0.187500 0.080128 0.181090 0.083333 0.174679 0.092949 0.169872 0.100962 0.169872 0.102564 0.176282
0 0.036859 0.225962 0.033654 0.230769 0.025641 0.233974 0.019231 0.233974 0.016026 0.229167 0.016026 0.222756 0.019231 0.216346 0.027244 0.211538 0.035256 0.211538 0.038462 0.217949
0 0.078526 0.200321 0.073718 0.206731 0.065705 0.209936 0.060897 0.209936 0.054487 0.205128 0.054487 0.198718 0.057692 0.192308 0.067308 0.185897 0.073718 0.187500 0.078526 0.193910
0 0.088141 0.557692 0.081731 0.564103 0.073718 0.568910 0.070513 0.568910 0.064103 0.564103 0.064103 0.556090 0.067308 0.549679 0.075321 0.543269 0.083333 0.546474 0.086538 0.551282
0 0.253205 0.612179 0.250000 0.616987 0.241987 0.620192 0.235577 0.620192 0.230769 0.615385 0.229167 0.608974 0.232372 0.600962 0.241987 0.597756 0.250000 0.597756 0.253205 0.604167
0 0.116987 0.565705 0.112179 0.572115 0.104167 0.575321 0.099359 0.575321 0.094551 0.570513 0.094551 0.564103 0.097756 0.556090 0.105769 0.551282 0.113782 0.552885 0.116987 0.559295
0 0.195513 0.665064 0.190705 0.669872 0.182692 0.674679 0.176282 0.674679 0.171474 0.669872 0.171474 0.661859 0.173077 0.655449 0.184295 0.650641 0.190705 0.652244 0.195513 0.657051
0 0.312500 0.520833 0.306090 0.527244 0.298077 0.530449 0.293269 0.532051 0.286859 0.525641 0.286859 0.519231 0.290064 0.512821 0.299679 0.506410 0.307692 0.509615 0.310897 0.514423
0 0.270833 0.519231 0.266026 0.525641 0.258013 0.530449 0.251603 0.530449 0.246795 0.525641 0.245192 0.517628 0.248397 0.511218 0.258013 0.504808 0.266026 0.508013 0.270833 0.512821
0 0.416667 0.458333 0.411859 0.464744 0.403846 0.467949 0.397436 0.467949 0.392628 0.463141 0.391026 0.456731 0.394231 0.448718 0.405449 0.443910 0.411859 0.445513 0.416667 0.450321
0 0.341346 0.698718 0.334936 0.705128 0.328526 0.708333 0.322115 0.708333 0.315705 0.703526 0.315705 0.697115 0.318910 0.689103 0.328526 0.684295 0.336538 0.685897 0.341346 0.692308
0 0.516026 0.538462 0.511218 0.543269 0.503205 0.548077 0.498397 0.548077 0.493590 0.543269 0.491987 0.535256 0.495192 0.528846 0.504808 0.522436 0.511218 0.525641 0.516026 0.530449
0 0.466346 0.610577 0.459936 0.615385 0.451923 0.620192 0.447115 0.620192 0.440705 0.615385 0.440705 0.608974 0.443910 0.600962 0.453526 0.596154 0.461538 0.597756 0.464744 0.602564
0 0.423077 0.583333 0.416667 0.589744 0.408654 0.592949 0.403846 0.592949 0.397436 0.588141 0.397436 0.581731 0.400641 0.573718 0.410256 0.568910 0.418269 0.570513 0.421474 0.576923
0 0.424679 0.700321 0.419872 0.706731 0.411859 0.709936 0.405449 0.709936 0.400641 0.705128 0.400641 0.698718 0.403846 0.690705 0.413462 0.685897 0.421474 0.687500 0.424679 0.693910
0 0.219551 0.500000 0.216346 0.503205 0.208333 0.508013 0.201923 0.508013 0.197115 0.503205 0.197115 0.496795 0.200321 0.490385 0.209936 0.483974 0.217949 0.487179 0.221154 0.491987
0 0.426282 0.487179 0.421474 0.493590 0.413462 0.496795 0.407051 0.496795 0.402244 0.491987 0.402244 0.485577 0.405449 0.477564 0.415064 0.472756 0.421474 0.475962 0.426282 0.480769
0 0.286859 0.458333 0.282051 0.464744 0.274038 0.467949 0.267628 0.467949 0.262821 0.463141 0.262821 0.456731 0.264423 0.448718 0.275641 0.443910 0.283654 0.445513 0.286859 0.451923
0 0.447115 0.538462 0.440705 0.543269 0.432692 0.548077 0.427885 0.548077 0.421474 0.543269 0.421474 0.535256 0.424679 0.528846 0.434295 0.524038 0.442308 0.525641 0.445513 0.530449
0 0.256410 0.584936 0.251603 0.591346 0.245192 0.594551 0.238782 0.594551 0.233974 0.589744 0.232372 0.583333 0.235577 0.575321 0.243590 0.572115 0.251603 0.572115 0.256410 0.578526
0 0.163462 0.517628 0.157051 0.524038 0.149038 0.527244 0.144231 0.527244 0.137821 0.522436 0.137821 0.516026 0.141026 0.508013 0.150641 0.503205 0.158654 0.504808 0.161859 0.511218
0 0.649038 0.357372 0.644231 0.363782 0.636218 0.366987 0.629808 0.366987 0.625000 0.362179 0.623397 0.355769 0.626603 0.347756 0.637821 0.342949 0.644231 0.344551 0.649038 0.349359
0 0.535256 0.354167 0.530449 0.360577 0.522436 0.363782 0.516026 0.363782 0.511218 0.358974 0.511218 0.352564 0.512821 0.344551 0.524038 0.339744 0.532051 0.341346 0.535256 0.346154
0 0.538462 0.272436 0.533654 0.278846 0.525641 0.282051 0.519231 0.283654 0.514423 0.277244 0.514423 0.270833 0.516026 0.264423 0.527244 0.258013 0.533654 0.261218 0.538462 0.266026
0 0.596154 0.378205 0.591346 0.383013 0.583333 0.387821 0.576923 0.387821 0.572115 0.383013 0.572115 0.375000 0.575321 0.368590 0.584936 0.362179 0.592949 0.365385 0.596154 0.370192
0 0.610577 0.405449 0.605769 0.411859 0.597756 0.415064 0.591346 0.415064 0.586538 0.410256 0.586538 0.403846 0.588141 0.395833 0.599359 0.391026 0.607372 0.392628 0.610577 0.399038
0 0.605769 0.432692 0.599359 0.437500 0.591346 0.442308 0.586538 0.442308 0.580128 0.437500 0.580128 0.429487 0.583333 0.423077 0.592949 0.416667 0.600962 0.419872 0.604167 0.424679
0 0.713141 0.472756 0.711538 0.477564 0.703526 0.480769 0.697115 0.480769 0.692308 0.475962 0.692308 0.469551 0.695513 0.461538 0.700321 0.458333 0.706731 0.459936 0.711538 0.464744
0 0.725962 0.522436 0.722756 0.528846 0.714744 0.532051 0.709936 0.532051 0.703526 0.527244 0.703526 0.520833 0.706731 0.512821 0.711538 0.509615 0.717949 0.511218 0.724359 0.516026
0 0.722756 0.546474 0.719551 0.552885 0.711538 0.556090 0.705128 0.556090 0.700321 0.551282 0.700321 0.544872 0.703526 0.536859 0.708333 0.533654 0.714744 0.535256 0.719551 0.540064
0 0.602564 0.573718 0.599359 0.580128 0.591346 0.583333 0.584936 0.583333 0.580128 0.578526 0.580128 0.572115 0.581731 0.564103 0.588141 0.560897 0.594551 0.562500 0.599359 0.567308
0 0.663462 0.578526 0.658654 0.586538 0.653846 0.588141 0.647436 0.589744 0.641026 0.583333 0.641026 0.576923 0.644231 0.570513 0.650641 0.567308 0.655449 0.567308 0.660256 0.573718
0 0.637821 0.642628 0.634615 0.649038 0.626603 0.652244 0.621795 0.652244 0.615385 0.647436 0.615385 0.641026 0.618590 0.633013 0.623397 0.629808 0.629808 0.631410 0.636218 0.636218
0 0.814103 0.657051 0.812500 0.665064 0.804487 0.668269 0.798077 0.668269 0.794872 0.663462 0.793269 0.657051 0.796474 0.650641 0.801282 0.649038 0.806090 0.647436 0.812500 0.652244
0 0.900641 0.546474 0.899038 0.552885 0.892628 0.556090 0.886218 0.556090 0.879808 0.551282 0.879808 0.544872 0.884615 0.538462 0.889423 0.535256 0.895833 0.535256 0.900641 0.540064
0 0.695513 0.636218 0.692308 0.644231 0.684295 0.647436 0.679487 0.647436 0.673077 0.642628 0.673077 0.636218 0.677885 0.629808 0.682692 0.626603 0.689103 0.628205 0.693910 0.631410
0 0.873397 0.483974 0.870192 0.490385 0.863782 0.493590 0.858974 0.493590 0.852564 0.488782 0.852564 0.482372 0.857372 0.477564 0.862179 0.472756 0.866987 0.475962 0.871795 0.477564
0 0.871795 0.408654 0.870192 0.416667 0.862179 0.421474 0.857372 0.419872 0.852564 0.415064 0.850962 0.408654 0.855769 0.402244 0.860577 0.399038 0.866987 0.399038 0.870192 0.403846
0 0.947115 0.407051 0.945513 0.413462 0.937500 0.416667 0.929487 0.416667 0.924679 0.413462 0.924679 0.405449 0.929487 0.399038 0.934295 0.395833 0.940705 0.397436 0.945513 0.400641
0 0.908654 0.366987 0.907051 0.375000 0.899038 0.378205 0.892628 0.378205 0.887821 0.373397 0.887821 0.366987 0.891026 0.360577 0.895833 0.357372 0.902244 0.357372 0.907051 0.362179
0 0.951923 0.360577 0.950321 0.365385 0.942308 0.370192 0.939103 0.370192 0.932692 0.363782 0.932692 0.357372 0.937500 0.352564 0.940705 0.350962 0.947115 0.350962 0.950321 0.354167
0 0.842949 0.326923 0.842949 0.333333 0.834936 0.336538 0.828526 0.338141 0.823718 0.331731 0.822115 0.325321 0.826923 0.320513 0.833333 0.317308 0.838141 0.317308 0.841346 0.320513
0 0.934295 0.209936 0.931090 0.216346 0.923077 0.219551 0.918269 0.219551 0.913462 0.214744 0.913462 0.208333 0.916667 0.203526 0.921474 0.200321 0.927885 0.200321 0.931090 0.205128
0 0.828526 0.177885 0.825321 0.184295 0.817308 0.187500 0.814103 0.185897 0.807692 0.181090 0.807692 0.176282 0.810897 0.171474 0.815705 0.166667 0.822115 0.168269 0.825321 0.171474
0 0.706731 0.225962 0.705128 0.232372 0.697115 0.235577 0.690705 0.235577 0.685897 0.230769 0.684295 0.224359 0.689103 0.217949 0.695513 0.214744 0.700321 0.217949 0.705128 0.219551
0 0.649038 0.197115 0.647436 0.205128 0.639423 0.208333 0.633013 0.208333 0.628205 0.203526 0.626603 0.197115 0.629808 0.192308 0.636218 0.189103 0.644231 0.190705 0.647436 0.193910
0 0.703526 0.157051 0.700321 0.163462 0.692308 0.165064 0.687500 0.165064 0.679487 0.161859 0.681090 0.155449 0.685897 0.149038 0.690705 0.145833 0.697115 0.147436 0.700321 0.150641
0 0.594551 0.171474 0.592949 0.177885 0.583333 0.181090 0.576923 0.181090 0.573718 0.176282 0.573718 0.169872 0.576923 0.165064 0.583333 0.160256 0.589744 0.161859 0.592949 0.165064
0 0.532051 0.177885 0.530449 0.184295 0.522436 0.187500 0.516026 0.187500 0.511218 0.182692 0.509615 0.176282 0.514423 0.171474 0.520833 0.168269 0.527244 0.169872 0.530449 0.173077
0 0.500000 0.171474 0.498397 0.176282 0.490385 0.179487 0.485577 0.179487 0.479167 0.174679 0.479167 0.171474 0.483974 0.163462 0.488782 0.160256 0.495192 0.161859 0.498397 0.166667
0 0.551282 0.139423 0.548077 0.147436 0.540064 0.150641 0.533654 0.150641 0.528846 0.145833 0.528846 0.139423 0.533654 0.133013 0.536859 0.131410 0.543269 0.133013 0.548077 0.134615
0 0.602564 0.145833 0.599359 0.153846 0.591346 0.157051 0.584936 0.157051 0.580128 0.152244 0.580128 0.145833 0.584936 0.139423 0.588141 0.137821 0.596154 0.137821 0.599359 0.141026
0 0.479167 0.160256 0.477564 0.168269 0.469551 0.171474 0.463141 0.171474 0.458333 0.166667 0.456731 0.160256 0.461538 0.153846 0.467949 0.150641 0.474359 0.150641 0.477564 0.155449
0 0.410256 0.254808 0.407051 0.261218 0.399038 0.264423 0.395833 0.264423 0.391026 0.259615 0.392628 0.254808 0.394231 0.251603 0.399038 0.248397 0.405449 0.248397 0.405449 0.250000
0 0.381410 0.267628 0.379808 0.274038 0.371795 0.277244 0.365385 0.277244 0.360577 0.272436 0.360577 0.264423 0.363782 0.261218 0.368590 0.258013 0.375000 0.258013 0.379808 0.261218
0 0.336538 0.269231 0.333333 0.274038 0.325321 0.278846 0.320513 0.278846 0.315705 0.274038 0.315705 0.267628 0.318910 0.262821 0.323718 0.259615 0.330128 0.259615 0.333333 0.262821
0 0.402244 0.331731 0.400641 0.338141 0.392628 0.342949 0.386218 0.341346 0.381410 0.336538 0.381410 0.330128 0.389423 0.322115 0.395833 0.322115 0.400641 0.325321 0.386218 0.318910
0 0.384615 0.325321 0.376603 0.328526 0.370192 0.328526 0.365385 0.323718 0.366987 0.317308 0.368590 0.312500 0.375000 0.307692 0.381410 0.309295 0.384615 0.312500 0.259615 0.280449
0 0.256410 0.286859 0.248397 0.290064 0.243590 0.290064 0.238782 0.285256 0.238782 0.277244 0.241987 0.274038 0.246795 0.269231 0.253205 0.270833 0.256410 0.274038 0.283654 0.251603
0 0.282051 0.259615 0.274038 0.262821 0.267628 0.261218 0.262821 0.256410 0.264423 0.250000 0.266026 0.245192 0.272436 0.241987 0.278846 0.241987 0.282051 0.246795 0.176282 0.248397
0 0.174679 0.254808 0.166667 0.258013 0.160256 0.258013 0.155449 0.253205 0.157051 0.245192 0.158654 0.240385 0.165064 0.237179 0.171474 0.238782 0.174679 0.241987 0.253205 0.312500
0 0.251603 0.317308 0.243590 0.320513 0.237179 0.322115 0.232372 0.317308 0.233974 0.309295 0.235577 0.304487 0.240385 0.301282 0.246795 0.302885 0.251603 0.306090 0.278846 0.306090
0 0.277244 0.312500 0.269231 0.315705 0.262821 0.315705 0.259615 0.310897 0.259615 0.304487 0.261218 0.301282 0.267628 0.296474 0.274038 0.298077 0.277244 0.301282 0.238782 0.221154
0 0.237179 0.227564 0.229167 0.232372 0.222756 0.230769 0.219551 0.225962 0.219551 0.219551 0.221154 0.214744 0.227564 0.211538 0.233974 0.211538 0.237179 0.214744 0.094551 0.245192
0 0.091346 0.253205 0.084936 0.256410 0.080128 0.254808 0.075321 0.250000 0.075321 0.245192 0.078526 0.240385 0.083333 0.237179 0.089744 0.237179 0.092949 0.240385 0.091346 0.346154
0 0.088141 0.352564 0.081731 0.355769 0.075321 0.357372 0.072115 0.350962 0.072115 0.346154 0.075321 0.341346 0.080128 0.336538 0.084936 0.338141 0.088141 0.339744 0.049679 0.432692
0 0.048077 0.440705 0.041667 0.443910 0.035256 0.442308 0.030449 0.437500 0.032051 0.431090 0.033654 0.427885 0.038462 0.424679 0.046474 0.424679 0.048077 0.427885 0.224359 0.685897
0 0.221154 0.692308 0.216346 0.695513 0.211538 0.695513 0.208333 0.690705 0.208333 0.684295 0.208333 0.679487 0.214744 0.676282 0.221154 0.676282 0.224359 0.681090 0.266026 0.657051
0 0.262821 0.663462 0.258013 0.666667 0.251603 0.666667 0.248397 0.661859 0.248397 0.655449 0.250000 0.650641 0.256410 0.645833 0.262821 0.647436 0.266026 0.650641 0.331731 0.658654
0 0.328526 0.665064 0.323718 0.668269 0.317308 0.668269 0.312500 0.663462 0.314103 0.657051 0.315705 0.652244 0.320513 0.647436 0.326923 0.649038 0.330128 0.652244 0.365385 0.633013
0 0.362179 0.639423 0.357372 0.642628 0.350962 0.642628 0.346154 0.637821 0.347756 0.631410 0.349359 0.626603 0.354167 0.623397 0.360577 0.625000 0.365385 0.628205 0.314103 0.596154
0 0.310897 0.602564 0.306090 0.605769 0.299679 0.607372 0.294872 0.602564 0.296474 0.594551 0.296474 0.591346 0.301282 0.588141 0.309295 0.588141 0.314103 0.591346 0.322115 0.621795
0 0.318910 0.628205 0.312500 0.631410 0.307692 0.631410 0.302885 0.626603 0.304487 0.620192 0.306090 0.615385 0.310897 0.612179 0.317308 0.612179 0.320513 0.615385 0.395833 0.625000
0 0.392628 0.631410 0.387821 0.636218 0.381410 0.636218 0.378205 0.631410 0.378205 0.623397 0.379808 0.618590 0.386218 0.615385 0.392628 0.616987 0.395833 0.620192 0.158654 0.546474
0 0.155449 0.552885 0.150641 0.556090 0.144231 0.557692 0.139423 0.552885 0.141026 0.544872 0.142628 0.540064 0.147436 0.536859 0.153846 0.538462 0.158654 0.541667 0.214744 0.459936
0 0.211538 0.466346 0.206731 0.469551 0.200321 0.471154 0.195513 0.466346 0.197115 0.458333 0.198718 0.453526 0.203526 0.450321 0.209936 0.451923 0.213141 0.455128 0.068910 0.496795
0 0.067308 0.500000 0.064103 0.503205 0.057692 0.504808 0.054487 0.500000 0.054487 0.495192 0.057692 0.491987 0.062500 0.488782 0.065705 0.490385 0.068910 0.491987 0.084936 0.509615
0 0.083333 0.514423 0.080128 0.517628 0.073718 0.517628 0.068910 0.512821 0.070513 0.506410 0.073718 0.503205 0.076923 0.501603 0.083333 0.501603 0.084936 0.504808 0.113782 0.524038
0 0.112179 0.527244 0.108974 0.532051 0.102564 0.532051 0.099359 0.527244 0.100962 0.520833 0.102564 0.517628 0.105769 0.514423 0.112179 0.514423 0.113782 0.517628 0.152244 0.567308
0 0.150641 0.572115 0.145833 0.575321 0.139423 0.576923 0.136218 0.572115 0.136218 0.565705 0.139423 0.562500 0.144231 0.559295 0.149038 0.559295 0.152244 0.562500 0.201923 0.480769
0 0.200321 0.485577 0.197115 0.488782 0.190705 0.488782 0.185897 0.483974 0.187500 0.477564 0.190705 0.474359 0.193910 0.472756 0.200321 0.472756 0.201923 0.475962 0.235577 0.508013
0 0.233974 0.512821 0.230769 0.516026 0.224359 0.517628 0.219551 0.512821 0.221154 0.504808 0.224359 0.503205 0.227564 0.500000 0.233974 0.500000 0.235577 0.503205 0.230769 0.458333
0 0.230769 0.463141 0.225962 0.466346 0.219551 0.466346 0.216346 0.461538 0.217949 0.455128 0.219551 0.451923 0.224359 0.450321 0.229167 0.450321 0.230769 0.453526 0.181090 0.599359
0 0.179487 0.604167 0.174679 0.607372 0.168269 0.607372 0.165064 0.602564 0.166667 0.596154 0.168269 0.592949 0.173077 0.589744 0.177885 0.591346 0.179487 0.594551 0.115385 0.653846
0 0.113782 0.658654 0.110577 0.661859 0.104167 0.661859 0.099359 0.657051 0.100962 0.650641 0.104167 0.647436 0.107372 0.645833 0.113782 0.645833 0.113782 0.650641 0.046474 0.658654
0 0.044872 0.661859 0.041667 0.668269 0.036859 0.666667 0.033654 0.661859 0.035256 0.655449 0.036859 0.652244 0.040064 0.649038 0.044872 0.649038 0.046474 0.652244 0.080128 0.693910
0 0.078526 0.698718 0.073718 0.703526 0.068910 0.701923 0.065705 0.697115 0.067308 0.690705 0.068910 0.687500 0.072115 0.684295 0.076923 0.685897 0.078526 0.689103 0.020833 0.570513
0 0.017628 0.572115 0.012821 0.573718 0.011218 0.559295 0.016026 0.557692 0.019231 0.559295 0.022436 0.562500 0.020833 0.567308 0.048077 0.562500 0.044872 0.565705 0.041667 0.565705
0 0.038462 0.565705 0.035256 0.564103 0.033654 0.560897 0.033654 0.556090 0.035256 0.552885 0.038462 0.549679 0.043269 0.551282 0.046474 0.551282 0.049679 0.554487 0.049679 0.559295
0 0.080128 0.625000 0.078526 0.628205 0.075321 0.628205 0.070513 0.628205 0.068910 0.628205 0.065705 0.623397 0.065705 0.620192 0.067308 0.615385 0.072115 0.612179 0.076923 0.613782
0 0.080128 0.613782 0.081731 0.616987 0.083333 0.621795 0.102564 0.604167 0.097756 0.605769 0.094551 0.607372 0.089744 0.608974 0.088141 0.605769 0.084936 0.602564 0.086538 0.597756
0 0.088141 0.594551 0.089744 0.592949 0.097756 0.591346 0.100962 0.594551 0.104167 0.597756 0.102564 0.600962 0.104167 0.626603 0.099359 0.629808 0.096154 0.629808 0.092949 0.629808
0 0.089744 0.628205 0.088141 0.625000 0.088141 0.620192 0.089744 0.616987 0.092949 0.613782 0.099359 0.613782 0.102564 0.615385 0.105769 0.618590 0.105769 0.623397 0.142628 0.618590
0 0.139423 0.618590 0.136218 0.618590 0.131410 0.620192 0.129808 0.616987 0.128205 0.613782 0.126603 0.610577 0.129808 0.607372 0.133013 0.604167 0.139423 0.604167 0.141026 0.605769
0 0.144231 0.608974 0.144231 0.612179 0.179487 0.689103 0.174679 0.692308 0.171474 0.692308 0.168269 0.692308 0.165064 0.690705 0.163462 0.687500 0.163462 0.682692 0.165064 0.679487
0 0.168269 0.676282 0.174679 0.676282 0.177885 0.677885 0.181090 0.681090 0.181090 0.685897 0.211538 0.669872 0.208333 0.671474 0.205128 0.674679 0.201923 0.674679 0.200321 0.671474
0 0.197115 0.666667 0.197115 0.665064 0.198718 0.660256 0.201923 0.657051 0.208333 0.657051 0.209936 0.660256 0.213141 0.661859 0.214744 0.665064 0.302885 0.583333 0.298077 0.586538
0 0.294872 0.586538 0.291667 0.586538 0.288462 0.586538 0.286859 0.581731 0.286859 0.576923 0.288462 0.573718 0.291667 0.570513 0.298077 0.570513 0.301282 0.572115 0.304487 0.575321
0 0.304487 0.580128 0.291667 0.658654 0.286859 0.660256 0.283654 0.661859 0.280449 0.661859 0.277244 0.660256 0.275641 0.655449 0.275641 0.650641 0.277244 0.649038 0.280449 0.645833 0.286859 0.644231 0.290064 0.645833 0.293269 0.649038
0 0.293269 0.653846 0.391026 0.663462 0.386218 0.666667 0.383013 0.666667 0.379808 0.666667 0.376603 0.665064 0.373397 0.661859 0.375000 0.657051 0.376603 0.653846 0.379808 0.650641 0.386218 0.650641 0.389423 0.652244 0.392628 0.655449
0 0.392628 0.658654 0.354167 0.658654 0.349359 0.661859 0.346154 0.661859 0.341346 0.663462 0.339744 0.660256 0.338141 0.657051 0.338141 0.652244 0.339744 0.649038 0.342949 0.645833 0.349359 0.645833 0.352564 0.647436 0.355769 0.650641
0 0.355769 0.655449 0.411859 0.676282 0.408654 0.677885 0.403846 0.679487 0.400641 0.679487 0.397436 0.677885 0.395833 0.673077 0.395833 0.668269 0.397436 0.665064 0.402244 0.663462 0.407051 0.661859 0.410256 0.663462 0.413462 0.666667
0 0.413462 0.671474 0.408654 0.613782 0.405449 0.615385 0.402244 0.616987 0.397436 0.618590 0.395833 0.615385 0.392628 0.612179 0.394231 0.607372 0.395833 0.604167 0.399038 0.600962 0.405449 0.599359 0.408654 0.602564 0.410256 0.604167
0 0.411859 0.608974 0.427885 0.653846 0.424679 0.657051 0.421474 0.658654 0.416667 0.660256 0.415064 0.657051 0.411859 0.652244 0.411859 0.647436 0.413462 0.644231 0.418269 0.641026 0.423077 0.641026 0.426282 0.642628 0.429487 0.645833
0 0.431090 0.650641 0.439103 0.681090 0.435897 0.684295 0.432692 0.685897 0.427885 0.687500 0.426282 0.684295 0.423077 0.679487 0.423077 0.674679 0.424679 0.671474 0.429487 0.668269 0.434295 0.668269 0.437500 0.669872 0.440705 0.673077
0 0.440705 0.677885 0.471154 0.652244 0.466346 0.655449 0.463141 0.655449 0.459936 0.655449 0.456731 0.653846 0.455128 0.650641 0.455128 0.645833 0.456731 0.642628 0.459936 0.639423 0.466346 0.639423 0.469551 0.641026 0.472756 0.644231
0 0.472756 0.649038 0.450321 0.639423 0.447115 0.641026 0.443910 0.642628 0.439103 0.644231 0.437500 0.641026 0.434295 0.636218 0.434295 0.634615 0.435897 0.629808 0.440705 0.626603 0.447115 0.626603 0.450321 0.628205 0.451923 0.631410
0 0.453526 0.634615 0.432692 0.625000 0.429487 0.626603 0.426282 0.628205 0.421474 0.629808 0.419872 0.626603 0.416667 0.621795 0.416667 0.618590 0.418269 0.615385 0.423077 0.612179 0.429487 0.610577 0.432692 0.612179 0.434295 0.615385
0 0.435897 0.620192 0.538462 0.650641 0.532051 0.653846 0.527244 0.655449 0.525641 0.652244 0.522436 0.647436 0.522436 0.644231 0.524038 0.641026 0.528846 0.637821 0.533654 0.636218 0.538462 0.637821 0.540064 0.641026 0.541667 0.645833
0 0.543269 0.663462 0.541667 0.665064 0.538462 0.666667 0.535256 0.666667 0.532051 0.666667 0.528846 0.663462 0.528846 0.660256 0.530449 0.655449 0.535256 0.652244 0.541667 0.652244 0.544872 0.653846 0.546474 0.657051 0.546474 0.660256
0 0.519231 0.655449 0.517628 0.657051 0.514423 0.658654 0.509615 0.658654 0.508013 0.658654 0.504808 0.655449 0.504808 0.650641 0.506410 0.647436 0.509615 0.644231 0.516026 0.644231 0.519231 0.645833 0.520833 0.649038 0.520833 0.652244
0 0.578526 0.665064 0.575321 0.666667 0.572115 0.668269 0.567308 0.669872 0.565705 0.666667 0.562500 0.661859 0.562500 0.660256 0.564103 0.655449 0.568910 0.652244 0.575321 0.652244 0.578526 0.653846 0.580128 0.657051 0.581731 0.660256
0 0.607372 0.597756 0.602564 0.599359 0.599359 0.600962 0.594551 0.602564 0.592949 0.599359 0.591346 0.594551 0.591346 0.589744 0.592949 0.586538 0.596154 0.584936 0.602564 0.583333 0.605769 0.584936 0.608974 0.588141 0.608974 0.592949
0 0.568910 0.602564 0.568910 0.604167 0.565705 0.604167 0.560897 0.607372 0.559295 0.604167 0.556090 0.600962 0.554487 0.597756 0.557692 0.594551 0.560897 0.591346 0.567308 0.589744 0.570513 0.591346 0.572115 0.594551 0.572115 0.599359
0 0.633013 0.612179 0.629808 0.615385 0.626603 0.616987 0.621795 0.618590 0.620192 0.615385 0.616987 0.610577 0.616987 0.607372 0.618590 0.602564 0.623397 0.599359 0.628205 0.599359 0.633013 0.600962 0.634615 0.604167 0.636218 0.608974
0 0.655449 0.650641 0.652244 0.653846 0.649038 0.653846 0.644231 0.655449 0.642628 0.652244 0.639423 0.649038 0.639423 0.645833 0.641026 0.641026 0.645833 0.637821 0.652244 0.637821 0.655449 0.639423 0.657051 0.642628 0.658654 0.645833
0 0.717949 0.665064 0.714744 0.666667 0.711538 0.668269 0.706731 0.669872 0.705128 0.666667 0.701923 0.661859 0.701923 0.658654 0.703526 0.655449 0.708333 0.652244 0.713141 0.650641 0.716346 0.652244 0.719551 0.655449 0.721154 0.660256
0 0.692308 0.610577 0.690705 0.616987 0.682692 0.621795 0.676282 0.621795 0.671474 0.616987 0.671474 0.608974 0.673077 0.602564 0.679487 0.597756 0.685897 0.599359 0.690705 0.604167 0.729167 0.636218 0.725962 0.642628 0.717949 0.645833
0 0.713141 0.645833 0.706731 0.641026 0.706731 0.634615 0.709936 0.626603 0.716346 0.625000 0.722756 0.625000 0.727564 0.628205 0.793269 0.629808 0.791667 0.636218 0.783654 0.639423 0.777244 0.639423 0.772436 0.634615 0.770833 0.628205
0 0.774038 0.620192 0.780449 0.616987 0.786859 0.618590 0.791667 0.621795 0.753205 0.602564 0.751603 0.610577 0.743590 0.615385 0.738782 0.613782 0.733974 0.608974 0.732372 0.602564 0.735577 0.594551 0.741987 0.591346 0.748397 0.591346
0 0.750000 0.597756 0.751603 0.641026 0.750000 0.647436 0.741987 0.652244 0.735577 0.652244 0.730769 0.649038 0.730769 0.639423 0.733974 0.633013 0.738782 0.629808 0.745192 0.629808 0.750000 0.634615 0.777244 0.665064 0.775641 0.669872
0 0.767628 0.673077 0.761218 0.674679 0.756410 0.669872 0.756410 0.663462 0.759615 0.655449 0.766026 0.653846 0.772436 0.653846 0.777244 0.657051 0.923077 0.586538 0.921474 0.592949 0.913462 0.597756 0.907051 0.597756 0.902244 0.594551
0 0.900641 0.586538 0.903846 0.580128 0.910256 0.576923 0.916667 0.576923 0.921474 0.581731 0.814103 0.520833 0.812500 0.528846 0.804487 0.532051 0.798077 0.532051 0.793269 0.527244 0.793269 0.520833 0.794872 0.512821 0.802885 0.509615
0 0.807692 0.509615 0.814103 0.514423 0.772436 0.538462 0.770833 0.544872 0.762821 0.548077 0.756410 0.551282 0.753205 0.543269 0.751603 0.536859 0.754808 0.530449 0.761218 0.527244 0.766026 0.527244 0.770833 0.530449 0.951923 0.467949
0 0.950321 0.475962 0.942308 0.479167 0.935897 0.479167 0.931090 0.474359 0.931090 0.467949 0.934295 0.461538 0.940705 0.458333 0.947115 0.459936 0.950321 0.463141 0.903846 0.421474 0.900641 0.427885 0.894231 0.431090 0.889423 0.431090
0 0.883013 0.426282 0.883013 0.419872 0.887821 0.415064 0.892628 0.410256 0.897436 0.411859 0.900641 0.415064 0.932692 0.431090 0.929487 0.437500 0.923077 0.440705 0.918269 0.442308 0.911859 0.435897 0.911859 0.429487 0.916667 0.424679
0 0.921474 0.419872 0.926282 0.423077 0.929487 0.424679 0.788462 0.435897 0.786859 0.442308 0.778846 0.447115 0.772436 0.447115 0.767628 0.442308 0.766026 0.434295 0.770833 0.429487 0.777244 0.426282 0.783654 0.426282 0.786859 0.429487
0 0.737179 0.471154 0.733974 0.477564 0.725962 0.480769 0.721154 0.480769 0.714744 0.475962 0.714744 0.469551 0.719551 0.464744 0.724359 0.459936 0.730769 0.461538 0.733974 0.464744 0.700321 0.376603 0.695513 0.383013 0.687500 0.386218
0 0.681090 0.386218 0.676282 0.381410 0.676282 0.375000 0.677885 0.366987 0.689103 0.362179 0.697115 0.363782 0.700321 0.368590 0.815705 0.304487 0.809295 0.310897 0.802885 0.314103
0 0.796474 0.314103 0.790064 0.309295 0.790064 0.302885 0.793269 0.294872 0.802885 0.290064 0.810897 0.291667 0.815705 0.298077 0.764423 0.365385 0.759615 0.371795 0.751603 0.375000
0 0.745192 0.376603 0.738782 0.371795 0.738782 0.363782 0.741987 0.357372 0.751603 0.350962 0.759615 0.354167 0.764423 0.358974 0.883013 0.320513 0.876603 0.326923 0.870192 0.330128
0 0.865385 0.330128 0.858974 0.325321 0.858974 0.317308 0.862179 0.310897 0.870192 0.307692 0.878205 0.309295 0.883013 0.314103 0.626603 0.693910 0.621795 0.700321 0.613782 0.703526
0 0.607372 0.703526 0.602564 0.698718 0.600962 0.692308 0.604167 0.684295 0.615385 0.679487 0.621795 0.681090 0.626603 0.687500 0.016026 0.198718 0.016026 0.192308 0.517628 0.219551
0 0.520833 0.227564 0.520833 0.235577 0.516026 0.240385 0.508013 0.243590 0.501603 0.243590 0.496795 0.240385 0.491987 0.237179 0.491987 0.230769 0.493590 0.224359 0.498397 0.219551
0 0.503205 0.216346 0.511218 0.216346 0.429487 0.338141 0.432692 0.355769 0.427885 0.362179 0.419872 0.363782 0.411859 0.363782 0.405449 0.362179 0.402244 0.355769 0.402244 0.350962
0 0.403846 0.342949 0.407051 0.338141 0.415064 0.334936 0.423077 0.334936 0.685897 0.310897 0.690705 0.318910 0.689103 0.326923 0.684295 0.333333 0.676282 0.336538 0.669872 0.336538
0 0.663462 0.333333 0.660256 0.328526 0.658654 0.322115 0.660256 0.315705 0.665064 0.310897 0.673077 0.307692 0.679487 0.307692 0.633013 0.471154 0.637821 0.479167 0.631410 0.490385
0 0.621795 0.493590 0.613782 0.493590 0.607372 0.488782 0.607372 0.482372 0.607372 0.475962 0.610577 0.471154 0.618590 0.469551 0.626603 0.467949 0.028846 0.641026 0.033654 0.649038
0 0.032051 0.657051 0.027244 0.663462 0.020833 0.665064 0.014423 0.666667 0.016026 0.637821 0.022436 0.637821 0.174679 0.631410 0.174679 0.637821 0.174679 0.644231 0.171474 0.650641
0 0.165064 0.653846 0.158654 0.653846 0.152244 0.650641 0.149038 0.639423 0.150641 0.633013 0.153846 0.629808 0.158654 0.628205 0.168269 0.628205 0.661859 0.378205 0.665064 0.386218
0 0.663462 0.394231 0.658654 0.400641 0.650641 0.402244 0.644231 0.403846 0.637821 0.400641 0.634615 0.395833 0.634615 0.389423 0.636218 0.381410 0.639423 0.376603 0.647436 0.375000
0 0.655449 0.375000 0.626603 0.443910 0.629808 0.450321 0.628205 0.459936 0.620192 0.466346 0.612179 0.467949 0.605769 0.464744 0.600962 0.459936 0.600962 0.453526 0.602564 0.448718
0 0.607372 0.442308 0.615385 0.439103 0.621795 0.439103 0.714744 0.575321 0.716346 0.583333 0.714744 0.591346 0.706731 0.597756 0.700321 0.599359 0.692308 0.596154 0.689103 0.591346
0 0.689103 0.584936 0.690705 0.578526 0.693910 0.573718 0.701923 0.570513 0.709936 0.570513 0.802885 0.274038 0.801282 0.278846 0.798077 0.283654 0.794872 0.285256 0.790064 0.285256
0 0.785256 0.283654 0.783654 0.280449 0.783654 0.275641 0.786859 0.272436 0.790064 0.267628 0.796474 0.266026 0.801282 0.269231 0.836538 0.302885 0.836538 0.309295 0.834936 0.312500
0 0.830128 0.314103 0.825321 0.314103 0.822115 0.314103 0.818910 0.310897 0.818910 0.304487 0.820513 0.299679 0.825321 0.296474 0.830128 0.298077 0.834936 0.298077 0.932692 0.301282
0 0.931090 0.309295 0.927885 0.312500 0.926282 0.312500 0.921474 0.312500 0.918269 0.310897 0.915064 0.309295 0.915064 0.302885 0.916667 0.298077 0.921474 0.294872 0.926282 0.294872
0 0.931090 0.296474 0.809295 0.354167 0.810897 0.358974 0.807692 0.363782 0.804487 0.363782 0.799679 0.365385 0.796474 0.363782 0.793269 0.360577 0.793269 0.355769 0.796474 0.349359
0 0.798077 0.347756 0.806090 0.347756 0.809295 0.349359 0.730769 0.302885 0.729167 0.307692 0.725962 0.310897 0.722756 0.312500 0.717949 0.312500 0.714744 0.312500 0.713141 0.309295 0.711538 0.302885 0.713141 0.298077 0.717949 0.296474
0 0.724359 0.296474 0.729167 0.298077 0.713141 0.320513 0.711538 0.325321 0.708333 0.330128 0.705128 0.331731 0.700321 0.331731 0.695513 0.330128 0.693910 0.326923 0.693910 0.322115 0.695513 0.317308 0.700321 0.314103 0.706731 0.312500
0 0.711538 0.315705 0.714744 0.392628 0.713141 0.397436 0.709936 0.402244 0.706731 0.403846 0.701923 0.403846 0.697115 0.402244 0.695513 0.399038 0.693910 0.394231 0.697115 0.389423 0.700321 0.386218 0.708333 0.384615 0.711538 0.387821
0 0.780449 0.176282 0.778846 0.182692 0.777244 0.185897 0.774038 0.187500 0.769231 0.187500 0.764423 0.187500 0.762821 0.184295 0.762821 0.177885 0.764423 0.173077 0.767628 0.171474 0.774038 0.169872
0 0.777244 0.171474 0.653846 0.174679 0.653846 0.179487 0.650641 0.184295 0.645833 0.185897 0.642628 0.185897 0.639423 0.184295 0.636218 0.181090 0.636218 0.176282 0.637821 0.169872 0.641026 0.168269 0.649038 0.166667 0.652244 0.169872
0 0.625000 0.145833 0.623397 0.152244 0.621795 0.155449 0.616987 0.157051 0.613782 0.157051 0.608974 0.157051 0.605769 0.153846 0.605769 0.147436 0.608974 0.142628 0.612179 0.141026 0.618590 0.141026 0.621795 0.142628 0.679487 0.174679
0 0.677885 0.179487 0.674679 0.184295 0.669872 0.185897 0.666667 0.185897 0.661859 0.184295 0.658654 0.182692 0.658654 0.176282 0.661859 0.171474 0.665064 0.168269 0.673077 0.168269 0.676282 0.169872 0.777244 0.331731 0.775641 0.334936
0 0.772436 0.339744 0.769231 0.341346 0.764423 0.341346 0.761218 0.339744 0.758013 0.336538 0.758013 0.331731 0.759615 0.326923 0.762821 0.325321 0.770833 0.323718 0.775641 0.326923 0.746795 0.339744 0.746795 0.344551
0 0.743590 0.349359 0.738782 0.350962 0.733974 0.350962 0.730769 0.350962 0.729167 0.346154 0.729167 0.342949 0.730769 0.334936 0.733974 0.333333 0.741987 0.331731 0.745192 0.334936 0.727564 0.342949 0.727564 0.347756
0 0.724359 0.352564 0.719551 0.354167 0.714744 0.354167 0.711538 0.352564 0.708333 0.349359 0.708333 0.344551 0.711538 0.338141 0.714744 0.336538 0.722756 0.334936 0.725962 0.338141 0.636218 0.293269 0.634615 0.298077
0 0.631410 0.302885 0.628205 0.304487 0.623397 0.304487 0.618590 0.302885 0.615385 0.299679 0.615385 0.294872 0.618590 0.288462 0.621795 0.286859 0.629808 0.285256 0.633013 0.286859 0.852564 0.445513 0.852564 0.451923
0 0.849359 0.456731 0.844551 0.456731 0.839744 0.458333 0.836538 0.456731 0.833333 0.448718 0.836538 0.442308 0.839744 0.439103 0.847756 0.439103 0.850962 0.440705 0.737179 0.440705 0.735577 0.445513 0.732372 0.450321
0 0.729167 0.451923 0.724359 0.451923 0.719551 0.451923 0.717949 0.448718 0.717949 0.442308 0.719551 0.437500 0.724359 0.434295 0.730769 0.432692 0.735577 0.435897 0.671474 0.471154 0.671474 0.475962 0.668269 0.480769
0 0.663462 0.482372 0.658654 0.482372 0.655449 0.480769 0.652244 0.477564 0.652244 0.472756 0.655449 0.466346 0.658654 0.464744 0.666667 0.463141 0.669872 0.464744 0.565705 0.471154 0.565705 0.475962 0.562500 0.480769
0 0.557692 0.482372 0.552885 0.482372 0.549679 0.480769 0.546474 0.479167 0.546474 0.472756 0.549679 0.467949 0.552885 0.464744 0.560897 0.464744 0.564103 0.466346 0.767628 0.584936 0.767628 0.589744 0.764423 0.594551
0 0.759615 0.596154 0.754808 0.596154 0.751603 0.594551 0.748397 0.592949 0.750000 0.586538 0.751603 0.583333 0.754808 0.578526 0.762821 0.576923 0.766026 0.580128 0.674679 0.434295 0.674679 0.439103 0.671474 0.442308
0 0.666667 0.443910 0.663462 0.443910 0.658654 0.443910 0.655449 0.440705 0.655449 0.434295 0.658654 0.429487 0.661859 0.426282 0.669872 0.426282 0.673077 0.427885 0.447115 0.503205 0.445513 0.508013 0.442308 0.512821
0 0.439103 0.514423 0.434295 0.514423 0.429487 0.512821 0.427885 0.509615 0.427885 0.504808 0.429487 0.500000 0.434295 0.498397 0.440705 0.496795 0.442308 0.500000 0.479167 0.538462 0.479167 0.543269 0.475962 0.548077
0 0.471154 0.549679 0.466346 0.549679 0.463141 0.548077 0.459936 0.546474 0.459936 0.540064 0.463141 0.535256 0.466346 0.532051 0.474359 0.532051 0.477564 0.533654 0.522436 0.503205 0.520833 0.509615 0.517628 0.512821
0 0.514423 0.514423 0.509615 0.514423 0.504808 0.514423 0.503205 0.511218 0.501603 0.506410 0.504808 0.501603 0.508013 0.498397 0.514423 0.498397 0.519231 0.500000 0.480769 0.451923 0.479167 0.458333 0.475962 0.461538
0 0.472756 0.463141 0.467949 0.463141 0.464744 0.461538 0.461538 0.459936 0.461538 0.453526 0.463141 0.448718 0.467949 0.445513 0.474359 0.445513 0.479167 0.447115 0.429487 0.397436 0.427885 0.402244 0.424679 0.407051
0 0.419872 0.408654 0.416667 0.408654 0.411859 0.407051 0.408654 0.403846 0.408654 0.399038 0.411859 0.394231 0.415064 0.391026 0.423077 0.389423 0.426282 0.392628 0.383013 0.418269 0.381410 0.423077 0.378205 0.427885
0 0.375000 0.429487 0.370192 0.429487 0.365385 0.429487 0.363782 0.426282 0.363782 0.419872 0.365385 0.415064 0.370192 0.411859 0.376603 0.410256 0.381410 0.413462 0.405449 0.424679 0.403846 0.429487 0.400641 0.434295
0 0.395833 0.435897 0.392628 0.435897 0.387821 0.434295 0.384615 0.431090 0.384615 0.426282 0.387821 0.419872 0.391026 0.418269 0.399038 0.416667 0.402244 0.419872 0.405449 0.386218 0.403846 0.391026 0.400641 0.395833
0 0.397436 0.397436 0.392628 0.397436 0.387821 0.397436 0.386218 0.394231 0.386218 0.387821 0.387821 0.383013 0.392628 0.379808 0.399038 0.379808 0.402244 0.381410 0.564103 0.349359 0.562500 0.354167 0.559295 0.358974
0 0.556090 0.360577 0.551282 0.360577 0.546474 0.358974 0.544872 0.355769 0.543269 0.350962 0.546474 0.344551 0.551282 0.342949 0.557692 0.341346 0.560897 0.344551 0.538462 0.395833 0.536859 0.402244 0.533654 0.405449
0 0.528846 0.407051 0.525641 0.407051 0.520833 0.405449 0.517628 0.403846 0.517628 0.397436 0.520833 0.392628 0.524038 0.389423 0.530449 0.391026 0.535256 0.391026 0.552885 0.381410 0.552885 0.386218 0.548077 0.391026
0 0.544872 0.392628 0.540064 0.392628 0.536859 0.391026 0.533654 0.387821 0.533654 0.383013 0.535256 0.378205 0.540064 0.375000 0.546474 0.373397 0.551282 0.376603 0.536859 0.296474 0.535256 0.302885 0.532051 0.306090
0 0.527244 0.307692 0.524038 0.307692 0.519231 0.306090 0.516026 0.304487 0.516026 0.298077 0.519231 0.293269 0.522436 0.290064 0.530449 0.290064 0.533654 0.291667 0.442308 0.309295 0.440705 0.314103 0.437500 0.318910
0 0.434295 0.320513 0.429487 0.320513 0.424679 0.318910 0.423077 0.315705 0.421474 0.310897 0.424679 0.304487 0.429487 0.302885 0.435897 0.301282 0.439103 0.304487 0.472756 0.357372 0.471154 0.362179 0.467949 0.366987
0 0.463141 0.368590 0.459936 0.368590 0.455128 0.366987 0.451923 0.363782 0.451923 0.358974 0.455128 0.354167 0.458333 0.350962 0.466346 0.349359 0.469551 0.352564 0.451923 0.344551 0.451923 0.349359 0.448718 0.354167
0 0.443910 0.355769 0.439103 0.355769 0.435897 0.354167 0.432692 0.350962 0.432692 0.346154 0.435897 0.339744 0.439103 0.338141 0.447115 0.336538 0.450321 0.339744 0.554487 0.227564 0.552885 0.233974 0.549679 0.238782
0 0.544872 0.238782 0.541667 0.238782 0.536859 0.238782 0.533654 0.235577 0.533654 0.229167 0.536859 0.224359 0.540064 0.221154 0.548077 0.221154 0.551282 0.222756 0.506410 0.136218 0.504808 0.141026 0.501603 0.145833
0 0.498397 0.149038 0.495192 0.147436 0.490385 0.145833 0.488782 0.142628 0.488782 0.137821 0.490385 0.131410 0.495192 0.129808 0.500000 0.129808 0.504808 0.131410 0.487179 0.134615 0.487179 0.139423 0.483974 0.144231
0 0.479167 0.145833 0.474359 0.145833 0.469551 0.144231 0.471154 0.139423 0.471154 0.134615 0.471154 0.131410 0.477564 0.129808 0.482372 0.128205 0.485577 0.129808 0.578526 0.145833 0.576923 0.150641 0.573718 0.155449
0 0.568910 0.157051 0.565705 0.157051 0.560897 0.155449 0.557692 0.152244 0.557692 0.147436 0.560897 0.141026 0.564103 0.139423 0.572115 0.137821 0.575321 0.139423 0.358974 0.182692 0.357372 0.189103 0.354167 0.192308
0 0.350962 0.193910 0.347756 0.193910 0.344551 0.192308 0.342949 0.189103 0.342949 0.184295 0.346154 0.179487 0.350962 0.176282 0.354167 0.176282 0.357372 0.177885 0.379808 0.182692 0.378205 0.189103 0.376603 0.190705
0 0.371795 0.192308 0.366987 0.192308 0.363782 0.192308 0.362179 0.189103 0.362179 0.184295 0.365385 0.179487 0.370192 0.176282 0.373397 0.176282 0.378205 0.177885 0.394231 0.158654 0.394231 0.163462 0.391026 0.168269
0 0.386218 0.169872 0.381410 0.169872 0.378205 0.168269 0.376603 0.165064 0.376603 0.158654 0.379808 0.153846 0.384615 0.152244 0.387821 0.150641 0.392628 0.153846 0.322115 0.177885 0.320513 0.184295 0.317308 0.189103
0 0.314103 0.189103 0.309295 0.190705 0.306090 0.187500 0.304487 0.184295 0.304487 0.179487 0.307692 0.174679 0.310897 0.171474 0.315705 0.171474 0.318910 0.173077 0.306090 0.158654 0.304487 0.163462 0.301282 0.166667
0 0.296474 0.168269 0.293269 0.169872 0.290064 0.168269 0.288462 0.165064 0.290064 0.158654 0.291667 0.153846 0.294872 0.153846 0.299679 0.150641 0.302885 0.153846 0.238782 0.358974 0.237179 0.363782 0.233974 0.368590
0 0.230769 0.370192 0.225962 0.370192 0.222756 0.366987 0.221154 0.363782 0.221154 0.358974 0.224359 0.354167 0.229167 0.350962 0.232372 0.350962 0.235577 0.352564 0.184295 0.371795 0.182692 0.378205 0.179487 0.381410
0 0.176282 0.383013 0.171474 0.383013 0.168269 0.381410 0.166667 0.378205 0.166667 0.373397 0.169872 0.368590 0.173077 0.365385 0.177885 0.365385 0.181090 0.366987 0.211538 0.373397 0.209936 0.379808 0.206731 0.384615
0 0.203526 0.384615 0.198718 0.384615 0.195513 0.383013 0.193910 0.379808 0.193910 0.375000 0.197115 0.370192 0.201923 0.366987 0.205128 0.366987 0.209936 0.368590 0.251603 0.402244 0.250000 0.408654 0.246795 0.415064
0 0.245192 0.413462 0.240385 0.413462 0.237179 0.411859 0.235577 0.408654 0.235577 0.403846 0.238782 0.399038 0.243590 0.395833 0.246795 0.395833 0.250000 0.399038 0.198718 0.315705 0.198718 0.320513 0.195513 0.325321
0 0.190705 0.326923 0.185897 0.326923 0.181090 0.326923 0.182692 0.322115 0.181090 0.317308 0.184295 0.312500 0.189103 0.309295 0.193910 0.307692 0.197115 0.310897 0.232372 0.298077 0.230769 0.302885 0.227564 0.307692
0 0.222756 0.309295 0.219551 0.309295 0.216346 0.307692 0.214744 0.304487 0.214744 0.299679 0.217949 0.293269 0.221154 0.291667 0.225962 0.290064 0.229167 0.293269 0.200321 0.339744 0.198718 0.344551 0.197115 0.347756
0 0.192308 0.349359 0.189103 0.349359 0.185897 0.347756 0.184295 0.344551 0.184295 0.338141 0.185897 0.333333 0.190705 0.331731 0.195513 0.330128 0.198718 0.333333 0.294872 0.317308 0.293269 0.322115 0.290064 0.326923
0 0.286859 0.328526 0.282051 0.328526 0.278846 0.326923 0.277244 0.325321 0.278846 0.318910 0.280449 0.315705 0.285256 0.310897 0.288462 0.310897 0.293269 0.312500 0.076923 0.394231 0.075321 0.400641 0.073718 0.405449
0 0.070513 0.405449 0.065705 0.407051 0.062500 0.403846 0.060897 0.400641 0.060897 0.395833 0.064103 0.391026 0.067308 0.387821 0.072115 0.387821 0.075321 0.389423 0.262821 0.472756 0.262821 0.477564 0.259615 0.482372
0 0.254808 0.483974 0.250000 0.483974 0.245192 0.482372 0.246795 0.477564 0.245192 0.472756 0.248397 0.467949 0.253205 0.466346 0.258013 0.464744 0.261218 0.467949 0.312500 0.485577 0.310897 0.491987 0.307692 0.496795
0 0.304487 0.496795 0.299679 0.498397 0.296474 0.495192 0.294872 0.491987 0.294872 0.487179 0.298077 0.482372 0.301282 0.479167 0.306090 0.479167 0.309295 0.480769 0.310897 0.459936 0.309295 0.464744 0.306090 0.469551
0 0.302885 0.471154 0.298077 0.471154 0.294872 0.467949 0.293269 0.464744 0.293269 0.459936 0.296474 0.455128 0.299679 0.453526 0.304487 0.451923 0.307692 0.455128 0.346154 0.480769 0.344551 0.485577 0.341346 0.490385
0 0.338141 0.491987 0.333333 0.491987 0.330128 0.488782 0.328526 0.485577 0.328526 0.480769 0.331731 0.475962 0.334936 0.472756 0.339744 0.472756 0.342949 0.474359 0.320513 0.429487 0.318910 0.435897 0.315705 0.440705
0 0.310897 0.440705 0.307692 0.442308 0.304487 0.439103 0.302885 0.435897 0.302885 0.431090 0.304487 0.426282 0.309295 0.423077 0.314103 0.423077 0.317308 0.424679 0.328526 0.395833 0.326923 0.402244 0.323718 0.407051
0 0.318910 0.407051 0.315705 0.407051 0.312500 0.405449 0.310897 0.402244 0.310897 0.397436 0.312500 0.392628 0.317308 0.389423 0.322115 0.389423 0.325321 0.391026 0.354167 0.408654 0.352564 0.415064 0.349359 0.418269
0 0.344551 0.419872 0.341346 0.419872 0.338141 0.418269 0.336538 0.415064 0.336538 0.410256 0.338141 0.405449 0.342949 0.402244 0.347756 0.402244 0.350962 0.403846 0.352564 0.362179 0.350962 0.366987 0.347756 0.371795
0 0.342949 0.373397 0.339744 0.373397 0.336538 0.371795 0.334936 0.368590 0.334936 0.362179 0.338141 0.357372 0.341346 0.355769 0.346154 0.354167 0.349359 0.357372 0.312500 0.355769 0.310897 0.360577 0.307692 0.365385
0 0.302885 0.366987 0.299679 0.366987 0.296474 0.363782 0.294872 0.360577 0.294872 0.355769 0.298077 0.350962 0.301282 0.349359 0.306090 0.347756 0.309295 0.350962 0.229167 0.402244 0.229167 0.405449 0.225962 0.410256
0 0.221154 0.411859 0.217949 0.410256 0.214744 0.408654 0.216346 0.403846 0.219551 0.399038 0.222756 0.397436 0.227564 0.399038 0.157051 0.384615 0.157051 0.389423 0.153846 0.394231 0.149038 0.395833 0.145833 0.394231
0 0.142628 0.391026 0.144231 0.386218 0.147436 0.383013 0.150641 0.381410 0.155449 0.381410 0.274038 0.423077 0.274038 0.426282 0.270833 0.431090 0.266026 0.432692 0.262821 0.431090 0.259615 0.429487 0.261218 0.424679
0 0.262821 0.419872 0.267628 0.418269 0.270833 0.419872 0.296474 0.419872 0.296474 0.424679 0.293269 0.429487 0.288462 0.429487 0.285256 0.427885 0.282051 0.426282 0.283654 0.421474 0.286859 0.418269 0.290064 0.415064
0 0.294872 0.416667 0.379808 0.383013 0.379808 0.387821 0.376603 0.391026 0.371795 0.392628 0.368590 0.391026 0.365385 0.389423 0.366987 0.384615 0.370192 0.381410 0.373397 0.378205 0.378205 0.379808 0.330128 0.447115
0 0.330128 0.450321 0.326923 0.453526 0.323718 0.453526 0.320513 0.450321 0.320513 0.448718 0.322115 0.447115 0.325321 0.443910 0.328526 0.443910 0.179487 0.419872 0.177885 0.424679 0.176282 0.427885 0.173077 0.429487
0 0.168269 0.427885 0.166667 0.424679 0.168269 0.419872 0.169872 0.416667 0.173077 0.415064 0.177885 0.415064 0.123397 0.378205 0.121795 0.383013 0.118590 0.387821 0.115385 0.389423 0.110577 0.389423 0.107372 0.386218
0 0.105769 0.384615 0.107372 0.378205 0.108974 0.375000 0.113782 0.370192 0.116987 0.370192 0.120192 0.371795 0.121795 0.435897 0.121795 0.442308 0.118590 0.445513 0.113782 0.447115 0.108974 0.447115 0.104167 0.447115
0 0.105769 0.442308 0.105769 0.437500 0.107372 0.432692 0.112179 0.429487 0.116987 0.429487 0.120192 0.431090 0.030449 0.416667 0.030449 0.421474 0.027244 0.426282 0.024038 0.427885 0.019231 0.427885 0.014423 0.427885
0 0.016026 0.423077 0.014423 0.418269 0.017628 0.413462 0.022436 0.410256 0.025641 0.411859 0.028846 0.411859 0.059295 0.475962 0.057692 0.482372 0.054487 0.487179 0.051282 0.487179 0.046474 0.487179 0.043269 0.485577
0 0.041667 0.483974 0.041667 0.479167 0.044872 0.472756 0.049679 0.469551 0.052885 0.469551 0.056090 0.471154 0.099359 0.304487 0.099359 0.310897 0.096154 0.314103 0.092949 0.315705 0.088141 0.315705 0.084936 0.314103
0 0.083333 0.312500 0.083333 0.306090 0.086538 0.301282 0.091346 0.298077 0.094551 0.298077 0.099359 0.299679 0.062500 0.314103 0.060897 0.320513 0.057692 0.325321 0.052885 0.325321 0.049679 0.326923 0.046474 0.323718
0 0.044872 0.322115 0.044872 0.317308 0.048077 0.310897 0.051282 0.307692 0.056090 0.307692 0.059295 0.309295 0.041667 0.325321 0.040064 0.331731 0.036859 0.336538 0.033654 0.336538 0.028846 0.336538 0.025641 0.334936
0 0.024038 0.331731 0.024038 0.326923 0.027244 0.322115 0.032051 0.318910 0.035256 0.318910 0.040064 0.320513 0.022436 0.306090 0.020833 0.310897 0.017628 0.315705 0.012821 0.317308 0.016026 0.298077 0.019231 0.301282
0 0.040064 0.299679 0.040064 0.306090 0.036859 0.309295 0.032051 0.310897 0.027244 0.312500 0.024038 0.310897 0.025641 0.306090 0.024038 0.301282 0.027244 0.296474 0.032051 0.293269
0 0.035256 0.293269 0.038462 0.294872 0.052885 0.278846 0.052885 0.285256 0.049679 0.290064 0.044872 0.290064 0.040064 0.290064 0.036859 0.288462 0.035256 0.285256 0.035256 0.282051
0 0.038462 0.275641 0.043269 0.272436 0.046474 0.272436 0.051282 0.274038 0.057692 0.230769 0.056090 0.235577 0.052885 0.240385 0.049679 0.241987 0.046474 0.241987 0.043269 0.238782
0 0.041667 0.235577 0.041667 0.232372 0.044872 0.227564 0.049679 0.224359 0.052885 0.224359 0.056090 0.225962 0.116987 0.277244 0.115385 0.282051 0.112179 0.286859 0.108974 0.288462
0 0.104167 0.288462 0.102564 0.286859 0.100962 0.283654 0.100962 0.278846 0.104167 0.274038 0.107372 0.270833 0.110577 0.269231 0.113782 0.272436 0.036859 0.520833 0.035256 0.525641
0 0.032051 0.530449 0.028846 0.532051 0.024038 0.532051 0.020833 0.530449 0.020833 0.525641 0.020833 0.520833 0.022436 0.516026 0.027244 0.512821 0.030449 0.512821
0 0.033654 0.514423 0.243590 0.522436 0.241987 0.527244 0.238782 0.533654 0.235577 0.533654 0.232372 0.533654 0.229167 0.530449 0.227564 0.527244 0.227564 0.522436 0.230769 0.517628
0 0.233974 0.514423 0.237179 0.516026 0.240385 0.516026 0.302885 0.541667 0.302885 0.548077 0.299679 0.551282 0.294872 0.552885 0.290064 0.552885 0.285256 0.552885 0.286859 0.548077 0.285256 0.543269 0.288462 0.538462
0 0.293269 0.535256 0.298077 0.535256 0.301282 0.536859 0.448718 0.482372 0.447115 0.487179 0.443910 0.491987 0.439103 0.493590 0.435897 0.493590 0.429487 0.491987 0.431090 0.487179 0.431090 0.482372 0.432692 0.477564
0 0.437500 0.474359 0.442308 0.474359 0.445513 0.475962 0.437500 0.461538 0.437500 0.466346 0.434295 0.471154 0.429487 0.472756 0.424679 0.472756 0.421474 0.469551 0.419872 0.466346 0.419872 0.461538 0.423077 0.456731
0 0.427885 0.455128 0.431090 0.453526 0.435897 0.456731 0.181090 0.520833 0.179487 0.527244 0.173077 0.532051 0.168269 0.532051 0.165064 0.527244 0.166667 0.519231 0.168269 0.514423 0.173077 0.511218 0.177885 0.512821
0 0.181090 0.516026 0.222756 0.530449 0.221154 0.536859 0.217949 0.540064 0.213141 0.541667 0.209936 0.541667 0.206731 0.540064 0.205128 0.536859 0.205128 0.532051 0.206731 0.527244 0.211538 0.524038 0.216346 0.524038
0 0.219551 0.525641 0.020833 0.375000 0.019231 0.381410 0.016026 0.386218 0.011218 0.387821 0.014423 0.370192 0.017628 0.371795 0.052885 0.573718 0.052885 0.576923 0.049679 0.580128 0.048077 0.581731 0.043269 0.581731
0 0.041667 0.580128 0.040064 0.576923 0.040064 0.572115 0.041667 0.570513 0.044872 0.568910 0.048077 0.567308 0.051282 0.570513 0.065705 0.451923 0.064103 0.455128 0.060897 0.458333 0.059295 0.459936 0.054487 0.459936
0 0.051282 0.458333 0.049679 0.456731 0.049679 0.451923 0.051282 0.447115 0.056090 0.445513 0.059295 0.443910 0.064103 0.447115 0.091346 0.532051 0.089744 0.536859 0.088141 0.540064 0.084936 0.540064 0.080128 0.543269
0 0.078526 0.540064 0.073718 0.538462 0.075321 0.533654 0.078526 0.528846 0.081731 0.525641 0.086538 0.525641 0.089744 0.528846 0.152244 0.689103 0.152244 0.692308 0.149038 0.693910 0.144231 0.693910 0.141026 0.692308
0 0.139423 0.687500 0.141026 0.684295 0.142628 0.682692 0.150641 0.681090 0.153846 0.684295 0.237179 0.641026 0.233974 0.645833 0.230769 0.647436 0.225962 0.647436 0.222756 0.645833 0.222756 0.641026 0.224359 0.637821
0 0.225962 0.634615 0.232372 0.634615 0.235577 0.637821 0.150641 0.673077 0.149038 0.676282 0.144231 0.679487 0.139423 0.679487 0.137821 0.676282 0.136218 0.673077 0.137821 0.668269 0.141026 0.666667 0.145833 0.666667
0 0.150641 0.668269 0.150641 0.650641 0.149038 0.653846 0.145833 0.653846 0.142628 0.653846 0.141026 0.650641 0.141026 0.645833 0.144231 0.644231 0.147436 0.644231 0.149038 0.647436 0.197115 0.685897 0.195513 0.690705
0 0.190705 0.692308 0.185897 0.693910 0.184295 0.690705 0.182692 0.685897 0.184295 0.681090 0.187500 0.679487 0.192308 0.679487 0.195513 0.682692 0.301282 0.616987 0.301282 0.620192 0.296474 0.621795 0.291667 0.623397
0 0.290064 0.620192 0.288462 0.615385 0.290064 0.612179 0.293269 0.608974 0.298077 0.608974 0.302885 0.612179 0.256410 0.541667 0.254808 0.544872 0.250000 0.548077 0.245192 0.548077 0.243590 0.544872 0.241987 0.541667
0 0.243590 0.536859 0.246795 0.535256 0.251603 0.535256 0.254808 0.536859 0.256410 0.677885 0.256410 0.681090 0.250000 0.682692 0.246795 0.682692 0.245192 0.679487 0.243590 0.676282 0.245192 0.673077 0.248397 0.669872
0 0.253205 0.669872 0.258013 0.673077 0.453526 0.586538 0.451923 0.589744 0.447115 0.591346 0.442308 0.592949 0.440705 0.589744 0.439103 0.584936 0.439103 0.583333 0.443910 0.578526 0.448718 0.578526 0.451923 0.581731
0 0.443910 0.573718 0.440705 0.578526 0.437500 0.580128 0.432692 0.580128 0.429487 0.578526 0.429487 0.573718 0.429487 0.570513 0.432692 0.567308 0.439103 0.567308 0.442308 0.568910 0.384615 0.599359 0.381410 0.604167
0 0.378205 0.605769 0.373397 0.605769 0.370192 0.604167 0.370192 0.599359 0.371795 0.596154 0.373397 0.592949 0.379808 0.592949 0.383013 0.596154 0.322115 0.562500 0.320513 0.565705 0.315705 0.567308 0.310897 0.568910
0 0.309295 0.565705 0.307692 0.562500 0.309295 0.557692 0.312500 0.554487 0.317308 0.554487 0.322115 0.557692 0.331731 0.573718 0.330128 0.576923 0.325321 0.580128 0.320513 0.580128 0.318910 0.576923 0.317308 0.573718
0 0.318910 0.568910 0.322115 0.567308 0.326923 0.567308 0.331731 0.568910 0.392628 0.572115 0.391026 0.575321 0.386218 0.576923 0.381410 0.578526 0.379808 0.575321 0.378205 0.570513 0.379808 0.567308 0.383013 0.564103
0 0.387821 0.564103 0.392628 0.567308 0.400641 0.557692 0.400641 0.560897 0.395833 0.560897 0.391026 0.560897 0.391026 0.557692 0.392628 0.552885 0.395833 0.549679 0.399038 0.549679 0.402244 0.552885 0.415064 0.554487
0 0.411859 0.557692 0.407051 0.559295 0.402244 0.559295 0.403846 0.554487 0.403846 0.549679 0.407051 0.546474 0.411859 0.546474 0.413462 0.549679 0.274038 0.669872 0.274038 0.673077 0.269231 0.673077 0.266026 0.671474
0 0.264423 0.668269 0.266026 0.665064 0.269231 0.661859 0.270833 0.663462 0.274038 0.665064 0.290064 0.685897 0.285256 0.690705 0.282051 0.689103 0.280449 0.685897 0.282051 0.681090 0.285256 0.677885 0.288462 0.677885
0 0.291667 0.681090 0.278846 0.641026 0.275641 0.645833 0.270833 0.647436 0.267628 0.645833 0.267628 0.642628 0.267628 0.637821 0.270833 0.634615 0.274038 0.634615 0.277244 0.637821 0.266026 0.639423 0.264423 0.645833
0 0.261218 0.644231 0.258013 0.642628 0.256410 0.639423 0.258013 0.636218 0.259615 0.634615 0.262821 0.633013 0.266026 0.634615 0.288462 0.671474 0.286859 0.674679 0.280449 0.677885 0.278846 0.674679 0.277244 0.671474
0 0.278846 0.666667 0.280449 0.663462 0.285256 0.663462 0.286859 0.666667 0.357372 0.711538 0.355769 0.716346 0.350962 0.716346 0.346154 0.716346 0.346154 0.713141 0.347756 0.708333
0 0.350962 0.705128 0.354167 0.705128 0.357372 0.706731 0.375000 0.684295 0.371795 0.687500 0.366987 0.689103 0.362179 0.689103 0.363782 0.684295 0.363782 0.679487 0.366987 0.677885 0.370192 0.677885 0.373397 0.679487
0 0.491987 0.613782 0.490385 0.618590 0.485577 0.618590 0.480769 0.618590 0.480769 0.615385 0.482372 0.610577 0.485577 0.607372 0.488782 0.607372 0.491987 0.608974 0.532051 0.565705 0.532051 0.568910 0.527244 0.568910
0 0.524038 0.567308 0.522436 0.565705 0.530449 0.557692 0.533654 0.560897 0.551282 0.623397 0.551282 0.626603 0.546474 0.626603 0.541667 0.626603 0.541667 0.623397 0.543269 0.618590 0.546474 0.615385 0.549679 0.615385
0 0.552885 0.618590 0.559295 0.661859 0.557692 0.665064 0.552885 0.666667 0.549679 0.665064 0.548077 0.661859 0.549679 0.657051 0.552885 0.653846 0.556090 0.653846 0.559295 0.657051 0.564103 0.673077 0.562500 0.676282
0 0.556090 0.677885 0.551282 0.677885 0.552885 0.673077 0.552885 0.668269 0.556090 0.665064 0.560897 0.665064 0.562500 0.668269 0.536859 0.626603 0.535256 0.631410 0.530449 0.631410 0.527244 0.629808 0.525641 0.626603
0 0.527244 0.623397 0.530449 0.620192 0.533654 0.620192 0.536859 0.621795 0.580128 0.564103 0.578526 0.568910 0.572115 0.570513 0.570513 0.567308 0.568910 0.564103 0.570513 0.560897 0.572115 0.557692 0.576923 0.557692
0 0.578526 0.560897 0.397436 0.592949 0.394231 0.597756 0.389423 0.597756 0.384615 0.597756 0.384615 0.594551 0.386218 0.589744 0.389423 0.586538 0.392628 0.586538 0.395833 0.589744 0.682692 0.679487 0.682692 0.682692
0 0.677885 0.682692 0.673077 0.682692 0.673077 0.679487 0.674679 0.674679 0.677885 0.671474 0.681090 0.671474 0.684295 0.674679 0.748397 0.669872 0.746795 0.673077 0.741987 0.674679 0.738782 0.673077 0.737179 0.669872
0 0.738782 0.665064 0.741987 0.661859 0.745192 0.661859 0.748397 0.665064 0.698718 0.677885 0.697115 0.681090 0.690705 0.684295 0.689103 0.681090 0.687500 0.677885 0.687500 0.674679 0.690705 0.671474 0.695513 0.669872
0 0.697115 0.673077 0.722756 0.697115 0.721154 0.700321 0.716346 0.701923 0.713141 0.701923 0.713141 0.698718 0.713141 0.693910 0.716346 0.692308 0.719551 0.690705 0.722756 0.693910 0.657051 0.540064 0.657051 0.543269
0 0.650641 0.546474 0.649038 0.543269 0.647436 0.538462 0.649038 0.535256 0.652244 0.532051 0.655449 0.532051 0.658654 0.535256 0.615385 0.512821 0.615385 0.516026 0.610577 0.516026 0.605769 0.516026 0.605769 0.512821
0 0.607372 0.508013 0.610577 0.504808 0.613782 0.504808 0.616987 0.508013 0.770833 0.567308 0.767628 0.570513 0.762821 0.570513 0.759615 0.570513 0.756410 0.568910 0.754808 0.567308 0.754808 0.562500 0.756410 0.557692
0 0.759615 0.554487 0.766026 0.554487 0.769231 0.556090 0.772436 0.559295 0.772436 0.564103 0.858974 0.520833 0.855769 0.524038 0.852564 0.524038 0.847756 0.525641 0.846154 0.522436 0.844551 0.519231 0.844551 0.514423
0 0.846154 0.511218 0.849359 0.508013 0.855769 0.508013 0.858974 0.509615 0.862179 0.512821 0.862179 0.517628 0.857372 0.657051 0.852564 0.660256 0.849359 0.660256 0.844551 0.661859 0.844551 0.658654 0.842949 0.655449
0 0.842949 0.650641 0.844551 0.647436 0.847756 0.644231 0.852564 0.644231 0.855769 0.645833 0.858974 0.649038 0.858974 0.652244 0.884615 0.655449 0.881410 0.657051 0.878205 0.658654 0.873397 0.660256 0.871795 0.657051
0 0.870192 0.652244 0.868590 0.649038 0.871795 0.645833 0.875000 0.642628 0.881410 0.641026 0.884615 0.642628 0.886218 0.645833 0.886218 0.650641 0.908654 0.633013 0.903846 0.634615 0.900641 0.636218 0.895833 0.637821
0 0.894231 0.634615 0.892628 0.629808 0.891026 0.626603 0.894231 0.623397 0.897436 0.620192 0.903846 0.618590 0.907051 0.621795 0.910256 0.623397 0.910256 0.628205 0.931090 0.645833 0.926282 0.649038 0.923077 0.650641
0 0.918269 0.652244 0.916667 0.649038 0.915064 0.644231 0.915064 0.641026 0.916667 0.636218 0.919872 0.633013 0.926282 0.633013 0.929487 0.634615 0.932692 0.637821 0.932692 0.642628 0.923077 0.616987 0.919872 0.620192
0 0.918269 0.620192 0.913462 0.621795 0.911859 0.618590 0.908654 0.615385 0.910256 0.610577 0.911859 0.607372 0.915064 0.604167 0.921474 0.604167 0.923077 0.605769 0.926282 0.608974 0.926282 0.612179 0.826923 0.557692
0 0.822115 0.560897 0.820513 0.560897 0.817308 0.560897 0.814103 0.559295 0.812500 0.556090 0.812500 0.551282 0.814103 0.548077 0.817308 0.544872 0.822115 0.546474 0.825321 0.546474 0.828526 0.549679 0.828526 0.552885
0 0.892628 0.491987 0.887821 0.495192 0.884615 0.495192 0.879808 0.496795 0.878205 0.493590 0.875000 0.490385 0.876603 0.485577 0.878205 0.482372 0.881410 0.479167 0.887821 0.479167 0.891026 0.480769 0.894231 0.483974
0 0.894231 0.487179 0.945513 0.524038 0.940705 0.527244 0.937500 0.527244 0.932692 0.528846 0.931090 0.525641 0.929487 0.522436 0.929487 0.519231 0.931090 0.514423 0.934295 0.511218
0 0.940705 0.511218 0.943910 0.512821 0.947115 0.516026 0.947115 0.519231 0.878205 0.522436 0.875000 0.524038 0.871795 0.525641 0.868590 0.527244 0.866987 0.524038 0.863782 0.519231
0 0.863782 0.516026 0.865385 0.512821 0.868590 0.511218 0.875000 0.508013 0.878205 0.509615 0.879808 0.512821 0.881410 0.517628 0.774038 0.608974 0.769231 0.610577 0.766026 0.612179
0 0.761218 0.613782 0.759615 0.610577 0.758013 0.605769 0.758013 0.600962 0.759615 0.597756 0.762821 0.596154 0.769231 0.594551 0.772436 0.596154 0.775641 0.599359
0 0.775641 0.604167 0.727564 0.568910 0.724359 0.572115 0.721154 0.572115 0.716346 0.573718 0.714744 0.570513 0.713141 0.567308 0.713141 0.562500 0.714744 0.559295 0.717949 0.556090 0.724359 0.556090 0.727564 0.557692
0 0.730769 0.560897 0.730769 0.564103 0.676282 0.592949 0.673077 0.596154 0.669872 0.596154 0.665064 0.597756 0.663462 0.594551 0.660256 0.591346 0.660256 0.588141 0.661859 0.583333
0 0.666667 0.580128 0.671474 0.580128 0.676282 0.581731 0.677885 0.584936 0.679487 0.588141 0.745192 0.552885 0.741987 0.556090 0.738782 0.556090 0.733974 0.557692 0.732372 0.554487
0 0.729167 0.551282 0.729167 0.548077 0.730769 0.543269 0.735577 0.540064 0.741987 0.540064 0.745192 0.541667 0.746795 0.544872 0.748397 0.549679 0.790064 0.541667 0.786859 0.544872
0 0.783654 0.544872 0.778846 0.546474 0.777244 0.543269 0.775641 0.540064 0.774038 0.536859 0.775641 0.532051 0.780449 0.528846 0.786859 0.528846 0.790064 0.530449 0.791667 0.533654
0 0.793269 0.536859 0.842949 0.509615 0.839744 0.512821 0.836538 0.512821 0.831731 0.514423 0.830128 0.511218 0.826923 0.508013 0.826923 0.503205 0.828526 0.500000 0.833333 0.498397
0 0.838141 0.498397 0.839744 0.500000 0.844551 0.501603 0.844551 0.506410 0.830128 0.458333 0.826923 0.459936 0.823718 0.461538 0.820513 0.463141 0.818910 0.459936 0.815705 0.455128
0 0.815705 0.453526 0.817308 0.448718 0.820513 0.447115 0.826923 0.445513 0.830128 0.447115 0.831731 0.450321 0.833333 0.453526 0.639423 0.533654 0.634615 0.535256 0.631410 0.536859
0 0.626603 0.538462 0.625000 0.535256 0.623397 0.530449 0.623397 0.525641 0.625000 0.522436 0.628205 0.520833 0.634615 0.519231 0.637821 0.520833 0.641026 0.524038 0.641026 0.528846
0 0.626603 0.586538 0.623397 0.588141 0.620192 0.589744 0.615385 0.591346 0.613782 0.588141 0.608974 0.584936 0.610577 0.580128 0.612179 0.576923 0.616987 0.573718 0.621795 0.573718
0 0.625000 0.575321 0.628205 0.578526 0.628205 0.581731 0.581731 0.501603 0.578526 0.504808 0.575321 0.504808 0.570513 0.506410 0.568910 0.503205 0.567308 0.500000 0.565705 0.498397
0 0.567308 0.493590 0.572115 0.490385 0.578526 0.490385 0.581731 0.491987 0.583333 0.495192 0.583333 0.500000 0.559295 0.525641 0.557692 0.527244 0.554487 0.528846
0 0.551282 0.528846 0.549679 0.528846 0.546474 0.527244 0.546474 0.524038 0.548077 0.519231 0.552885 0.517628 0.557692 0.517628 0.560897 0.519231 0.560897 0.522436
0 0.599359 0.455128 0.596154 0.456731 0.592949 0.458333 0.588141 0.459936 0.586538 0.456731 0.584936 0.451923 0.583333 0.448718 0.584936 0.443910 0.589744 0.442308
0 0.596154 0.440705 0.599359 0.442308 0.600962 0.445513 0.602564 0.450321 0.522436 0.440705 0.519231 0.443910 0.514423 0.443910 0.511218 0.443910 0.508013 0.442308
0 0.504808 0.439103 0.506410 0.434295 0.508013 0.431090 0.511218 0.427885 0.517628 0.427885 0.520833 0.429487 0.524038 0.432692 0.524038 0.435897 0.479167 0.506410
0 0.475962 0.508013 0.471154 0.509615 0.467949 0.511218 0.466346 0.508013 0.461538 0.504808 0.463141 0.500000 0.464744 0.498397 0.469551 0.495192 0.474359 0.495192
0 0.477564 0.496795 0.480769 0.498397 0.480769 0.501603 0.581731 0.517628 0.578526 0.519231 0.576923 0.520833 0.573718 0.520833 0.570513 0.520833 0.567308 0.519231
0 0.568910 0.514423 0.570513 0.511218 0.573718 0.508013 0.580128 0.508013 0.581731 0.511218 0.583333 0.514423 0.536859 0.509615 0.535256 0.511218 0.532051 0.512821
0 0.530449 0.512821 0.527244 0.512821 0.524038 0.511218 0.525641 0.506410 0.527244 0.503205 0.530449 0.500000 0.535256 0.500000 0.538462 0.503205 0.538462 0.506410
0 0.525641 0.559295 0.524038 0.560897 0.520833 0.562500 0.517628 0.562500 0.516026 0.562500 0.512821 0.560897 0.512821 0.557692 0.514423 0.552885 0.517628 0.549679
0 0.524038 0.549679 0.525641 0.552885 0.527244 0.556090 0.533654 0.485577 0.532051 0.487179 0.530449 0.488782 0.527244 0.488782 0.524038 0.488782 0.522436 0.485577
0 0.520833 0.482372 0.524038 0.479167 0.527244 0.475962 0.532051 0.475962 0.535256 0.477564 0.535256 0.482372 0.647436 0.490385 0.644231 0.491987 0.642628 0.493590
0 0.639423 0.493590 0.636218 0.493590 0.633013 0.491987 0.634615 0.487179 0.636218 0.483974 0.639423 0.482372 0.645833 0.482372 0.647436 0.483974 0.649038 0.487179
0 0.402244 0.480769 0.400641 0.482372 0.397436 0.483974 0.394231 0.483974 0.391026 0.483974 0.389423 0.480769 0.389423 0.479167 0.391026 0.474359 0.394231 0.471154
0 0.400641 0.471154 0.402244 0.474359 0.403846 0.477564 0.386218 0.471154 0.384615 0.472756 0.381410 0.472756 0.378205 0.475962 0.376603 0.472756 0.373397 0.471154
0 0.373397 0.467949 0.375000 0.463141 0.379808 0.461538 0.384615 0.461538 0.387821 0.463141 0.387821 0.466346 0.405449 0.645833 0.403846 0.647436 0.402244 0.649038
0 0.399038 0.649038 0.395833 0.649038 0.392628 0.647436 0.394231 0.642628 0.395833 0.639423 0.399038 0.637821 0.403846 0.636218 0.407051 0.639423 0.407051 0.642628
0 0.392628 0.681090 0.391026 0.682692 0.387821 0.684295 0.384615 0.684295 0.383013 0.684295 0.379808 0.682692 0.379808 0.679487 0.381410 0.674679 0.384615 0.673077
0 0.391026 0.671474 0.392628 0.674679 0.394231 0.677885 0.475962 0.395833 0.472756 0.397436 0.471154 0.397436 0.467949 0.399038 0.464744 0.397436 0.461538 0.395833
0 0.463141 0.391026 0.464744 0.387821 0.467949 0.386218 0.474359 0.386218 0.475962 0.387821 0.477564 0.391026 0.179487 0.339744 0.177885 0.341346 0.174679 0.342949
0 0.171474 0.346154 0.169872 0.342949 0.166667 0.341346 0.166667 0.338141 0.168269 0.333333 0.173077 0.331731 0.177885 0.331731 0.181090 0.333333 0.181090 0.336538
0 0.209936 0.298077 0.208333 0.299679 0.205128 0.301282 0.201923 0.302885 0.200321 0.301282 0.198718 0.298077 0.197115 0.294872 0.197115 0.293269 0.201923 0.288462
0 0.209936 0.290064 0.211538 0.294872 0.206731 0.288462 0.205128 0.288462 0.203526 0.290064 0.200321 0.290064 0.197115 0.290064 0.195513 0.286859 0.193910 0.283654
0 0.197115 0.280449 0.200321 0.277244 0.205128 0.277244 0.208333 0.280449 0.208333 0.283654 0.185897 0.285256 0.184295 0.285256 0.182692 0.286859 0.179487 0.286859 0.176282 0.286859 0.173077 0.285256 0.174679 0.282051 0.176282 0.278846
0 0.179487 0.277244 0.182692 0.277244 0.187500 0.277244 0.187500 0.280449 0.076923 0.363782 0.073718 0.365385 0.072115 0.366987 0.068910 0.366987 0.065705 0.366987 0.062500 0.365385 0.064103 0.360577 0.065705 0.357372 0.068910 0.354167
0 0.073718 0.354167 0.076923 0.357372 0.078526 0.360577 0.080128 0.312500 0.078526 0.314103 0.075321 0.315705 0.072115 0.315705 0.070513 0.315705 0.068910 0.314103 0.068910 0.310897 0.070513 0.306090 0.072115 0.304487 0.078526 0.302885
0 0.080128 0.306090 0.081731 0.309295 0.189103 0.259615 0.187500 0.261218 0.182692 0.261218 0.181090 0.261218 0.179487 0.258013 0.181090 0.254808 0.184295 0.251603 0.187500 0.251603 0.190705 0.253205 0.190705 0.256410 0.198718 0.214744
0 0.195513 0.214744 0.190705 0.216346 0.187500 0.214744 0.185897 0.211538 0.187500 0.208333 0.190705 0.206731 0.195513 0.205128 0.198718 0.208333 0.198718 0.211538 0.298077 0.197115 0.296474 0.198718 0.291667 0.198718 0.288462 0.198718
0 0.286859 0.195513 0.288462 0.190705 0.291667 0.189103 0.296474 0.187500 0.299679 0.190705 0.299679 0.193910 0.125000 0.229167 0.121795 0.230769 0.118590 0.230769 0.115385 0.230769 0.113782 0.227564 0.113782 0.224359 0.116987 0.221154
0 0.121795 0.221154 0.125000 0.222756 0.126603 0.225962 0.080128 0.222756 0.078526 0.224359 0.075321 0.224359 0.072115 0.224359 0.070513 0.221154 0.072115 0.216346 0.075321 0.214744 0.080128 0.214744 0.081731 0.216346 0.081731 0.219551
0 0.067308 0.219551 0.064103 0.221154 0.060897 0.222756 0.057692 0.222756 0.057692 0.219551 0.059295 0.216346 0.059295 0.214744 0.064103 0.213141 0.067308 0.214744 0.068910 0.216346 0.126603 0.216346 0.123397 0.217949 0.118590 0.219551
0 0.116987 0.219551 0.115385 0.216346 0.115385 0.213141 0.118590 0.209936 0.123397 0.208333 0.126603 0.211538 0.126603 0.214744 0.147436 0.168269 0.145833 0.169872 0.141026 0.171474 0.137821 0.171474 0.136218 0.168269 0.137821 0.163462
0 0.141026 0.161859 0.145833 0.160256 0.149038 0.163462 0.149038 0.166667 0.158654 0.153846 0.157051 0.155449 0.153846 0.155449 0.147436 0.155449 0.149038 0.152244 0.149038 0.149038 0.152244 0.145833 0.157051 0.144231 0.160256 0.147436
0 0.161859 0.150641 0.165064 0.165064 0.163462 0.165064 0.160256 0.166667 0.157051 0.166667 0.155449 0.163462 0.157051 0.161859 0.160256 0.158654 0.163462 0.157051 0.166667 0.158654 0.168269 0.161859 0.193910 0.150641 0.192308 0.152244
0 0.187500 0.152244 0.184295 0.152244 0.182692 0.149038 0.184295 0.145833 0.187500 0.144231 0.192308 0.142628 0.195513 0.144231 0.195513 0.147436 0.224359 0.168269 0.222756 0.169872 0.219551 0.169872 0.213141 0.171474 0.214744 0.166667
0 0.216346 0.165064 0.217949 0.161859 0.222756 0.161859 0.225962 0.161859 0.227564 0.165064 0.083333 0.160256 0.081731 0.161859 0.076923 0.161859 0.073718 0.161859 0.072115 0.158654 0.073718 0.155449 0.076923 0.153846 0.081731 0.150641
0 0.084936 0.153846 0.084936 0.157051 0.221154 0.150641 0.219551 0.152244 0.214744 0.153846 0.211538 0.152244 0.209936 0.149038 0.211538 0.145833 0.214744 0.142628 0.219551 0.142628 0.222756 0.144231 0.222756 0.147436 0.070513 0.269231
0 0.067308 0.270833 0.064103 0.270833 0.060897 0.270833 0.060897 0.267628 0.060897 0.264423 0.062500 0.262821 0.067308 0.261218 0.070513 0.262821 0.072115 0.266026 0.056090 0.262821 0.054487 0.264423 0.049679 0.264423 0.048077 0.264423
0 0.044872 0.262821 0.046474 0.258013 0.049679 0.256410 0.054487 0.256410 0.057692 0.258013 0.057692 0.259615 0.060897 0.171474 0.059295 0.174679 0.056090 0.173077 0.052885 0.173077 0.051282 0.169872 0.051282 0.168269 0.054487 0.165064
0 0.057692 0.165064 0.060897 0.166667 0.062500 0.168269 0.020833 0.467949 0.024038 0.474359 0.024038 0.482372 0.020833 0.488782 0.012821 0.491987 0.016026 0.463141 0.044872 0.511218 0.046474 0.514423 0.043269 0.517628 0.043269 0.519231
0 0.041667 0.517628 0.038462 0.517628 0.035256 0.516026 0.036859 0.511218 0.038462 0.511218 0.041667 0.508013 0.043269 0.508013 0.048077 0.448718 0.048077 0.453526 0.046474 0.456731 0.044872 0.458333 0.041667 0.456731 0.041667 0.453526
0 0.043269 0.448718 0.044872 0.448718 0.070513 0.458333 0.070513 0.463141 0.068910 0.464744 0.067308 0.464744 0.065705 0.464744 0.064103 0.461538 0.065705 0.458333 0.067308 0.458333 0.084936 0.450321 0.084936 0.455128 0.083333 0.456731
0 0.080128 0.456731 0.076923 0.456731 0.075321 0.453526 0.078526 0.450321 0.081731 0.448718 0.089744 0.434295 0.089744 0.439103 0.088141 0.440705 0.084936 0.440705 0.081731 0.440705 0.080128 0.437500 0.083333 0.434295 0.086538 0.432692
0 0.142628 0.439103 0.142628 0.443910 0.141026 0.445513 0.137821 0.445513 0.134615 0.445513 0.133013 0.442308 0.136218 0.439103 0.139423 0.437500 0.155449 0.435897 0.155449 0.439103 0.152244 0.442308 0.149038 0.443910 0.145833 0.442308
0 0.145833 0.439103 0.149038 0.435897 0.152244 0.434295 0.221154 0.350962 0.217949 0.357372 0.209936 0.362179 0.203526 0.360577 0.200321 0.355769 0.200321 0.349359 0.203526 0.344551 0.206731 0.342949 0.214744 0.341346
0 0.217949 0.344551 0.272436 0.344551 0.270833 0.352564 0.262821 0.357372 0.258013 0.355769 0.254808 0.350962 0.254808 0.342949 0.256410 0.338141 0.262821 0.334936 0.269231 0.336538 0.270833 0.339744 0.298077 0.695513 0.296474 0.698718
0 0.291667 0.701923 0.288462 0.700321 0.286859 0.697115 0.288462 0.692308 0.290064 0.689103 0.294872 0.689103 0.296474 0.690705 0.293269 0.713141 0.291667 0.716346 0.286859 0.717949 0.282051 0.717949 0.283654 0.713141 0.283654 0.708333
0 0.286859 0.705128 0.290064 0.705128 0.293269 0.708333 0.152244 0.701923 0.150641 0.701923 0.147436 0.703526 0.144231 0.703526 0.142628 0.700321 0.142628 0.697115 0.145833 0.695513 0.150641 0.695513 0.153846 0.698718 0.511218 0.578526
0 0.509615 0.581731 0.504808 0.583333 0.500000 0.583333 0.501603 0.578526 0.501603 0.573718 0.504808 0.572115 0.508013 0.570513 0.511218 0.573718 0.451923 0.697115 0.448718 0.698718 0.445513 0.700321 0.442308 0.700321
0 0.439103 0.700321 0.437500 0.697115 0.437500 0.692308 0.439103 0.689103 0.442308 0.685897 0.448718 0.685897 0.451923 0.687500 0.453526 0.690705 0.453526 0.693910 0.592949 0.623397 0.589744 0.629808 0.583333 0.633013
0 0.576923 0.633013 0.572115 0.628205 0.570513 0.621795 0.573718 0.615385 0.581731 0.612179 0.586538 0.613782 0.591346 0.616987 0.671474 0.660256 0.669872 0.665064 0.663462 0.666667 0.661859 0.663462 0.660256 0.660256
0 0.661859 0.657051 0.663462 0.653846 0.668269 0.653846 0.669872 0.657051 0.663462 0.626603 0.663462 0.629808 0.658654 0.631410 0.655449 0.629808 0.653846 0.626603 0.655449 0.621795 0.658654 0.618590 0.661859 0.618590
0 0.665064 0.621795 0.806090 0.581731 0.804487 0.584936 0.799679 0.586538 0.796474 0.584936 0.794872 0.581731 0.796474 0.578526 0.799679 0.575321 0.802885 0.575321 0.806090 0.576923 0.801282 0.559295 0.798077 0.562500
0 0.794872 0.562500 0.790064 0.564103 0.788462 0.560897 0.785256 0.557692 0.785256 0.552885 0.786859 0.549679 0.791667 0.546474 0.796474 0.546474 0.799679 0.548077 0.802885 0.551282 0.802885 0.556090 0.886218 0.568910
0 0.884615 0.570513 0.881410 0.572115 0.878205 0.572115 0.876603 0.568910 0.876603 0.565705 0.879808 0.562500 0.884615 0.562500 0.887821 0.564103 0.796474 0.466346 0.796474 0.467949 0.793269 0.469551 0.790064 0.467949
0 0.788462 0.464744 0.790064 0.461538 0.791667 0.458333 0.796474 0.458333 0.798077 0.461538 0.809295 0.471154 0.806090 0.474359 0.802885 0.474359 0.799679 0.474359 0.798077 0.471154 0.798077 0.469551 0.799679 0.467949
0 0.804487 0.469551 0.807692 0.469551 0.810897 0.463141 0.809295 0.464744 0.806090 0.466346 0.802885 0.466346 0.801282 0.463141 0.802885 0.458333 0.806090 0.455128 0.809295 0.455128 0.812500 0.458333 0.870192 0.447115
0 0.870192 0.448718 0.866987 0.448718 0.865385 0.448718 0.862179 0.447115 0.863782 0.442308 0.865385 0.440705 0.868590 0.439103 0.871795 0.442308 0.887821 0.451923 0.887821 0.453526 0.884615 0.455128 0.881410 0.455128
0 0.879808 0.451923 0.879808 0.447115 0.883013 0.445513 0.886218 0.445513 0.889423 0.447115 0.758013 0.453526 0.758013 0.455128 0.754808 0.456731 0.751603 0.456731 0.750000 0.453526 0.750000 0.448718 0.753205 0.445513
0 0.756410 0.445513 0.758013 0.448718 0.815705 0.503205 0.812500 0.506410 0.809295 0.506410 0.804487 0.508013 0.802885 0.504808 0.799679 0.501603 0.801282 0.500000 0.801282 0.495192 0.806090 0.491987 0.812500 0.491987
0 0.815705 0.493590 0.817308 0.496795 0.818910 0.500000 0.780449 0.517628 0.775641 0.519231 0.772436 0.520833 0.767628 0.522436 0.766026 0.519231 0.764423 0.514423 0.762821 0.511218 0.766026 0.508013 0.769231 0.504808
0 0.775641 0.503205 0.778846 0.506410 0.782051 0.508013 0.782051 0.512821 0.826923 0.403846 0.823718 0.405449 0.818910 0.407051 0.815705 0.408654 0.814103 0.405449 0.812500 0.400641 0.810897 0.397436 0.812500 0.395833
0 0.815705 0.391026 0.820513 0.391026 0.825321 0.392628 0.828526 0.394231 0.828526 0.399038 0.790064 0.389423 0.786859 0.391026 0.783654 0.392628 0.778846 0.394231 0.777244 0.391026 0.774038 0.387821 0.774038 0.384615
0 0.775641 0.379808 0.780449 0.376603 0.786859 0.376603 0.790064 0.378205 0.791667 0.379808 0.793269 0.384615 0.875000 0.354167 0.871795 0.355769 0.868590 0.357372 0.863782 0.358974 0.862179 0.355769 0.858974 0.350962
0 0.858974 0.349359 0.860577 0.344551 0.865385 0.341346 0.871795 0.341346 0.875000 0.342949 0.876603 0.346154 0.878205 0.349359 0.945513 0.251603 0.940705 0.254808 0.935897 0.254808
0 0.934295 0.254808 0.931090 0.253205 0.931090 0.251603 0.929487 0.245192 0.931090 0.241987 0.934295 0.238782 0.940705 0.238782 0.943910 0.240385 0.947115 0.243590 0.947115 0.246795
0 0.895833 0.291667 0.892628 0.294872 0.889423 0.294872 0.884615 0.296474 0.883013 0.293269 0.879808 0.288462 0.879808 0.286859 0.881410 0.282051 0.886218 0.278846 0.891026 0.280449
0 0.894231 0.280449 0.895833 0.283654 0.897436 0.286859 0.937500 0.288462 0.934295 0.290064 0.931090 0.291667 0.926282 0.291667 0.923077 0.290064 0.923077 0.285256 0.921474 0.282051
0 0.924679 0.278846 0.927885 0.275641 0.934295 0.274038 0.937500 0.277244 0.940705 0.278846 0.940705 0.283654 0.871795 0.251603 0.866987 0.254808 0.863782 0.253205 0.860577 0.253205
0 0.857372 0.251603 0.855769 0.248397 0.855769 0.245192 0.857372 0.241987 0.862179 0.238782 0.866987 0.238782 0.870192 0.240385 0.873397 0.243590 0.873397 0.246795 0.969551 0.213141
0 0.964744 0.216346 0.961538 0.217949 0.958333 0.219551 0.956731 0.216346 0.955128 0.211538 0.953526 0.208333 0.955128 0.203526 0.958333 0.201923 0.964744 0.201923 0.967949 0.203526
0 0.971154 0.206731 0.969551 0.211538 0.969551 0.160256 0.969551 0.166667 0.963141 0.168269 0.956731 0.168269 0.953526 0.163462 0.951923 0.157051 0.955128 0.150641 0.961538 0.149038
0 0.966346 0.150641 0.969551 0.153846 0.919872 0.181090 0.918269 0.181090 0.915064 0.182692 0.910256 0.184295 0.908654 0.181090 0.905449 0.176282 0.905449 0.171474 0.905449 0.169872
0 0.911859 0.168269 0.916667 0.166667 0.918269 0.168269 0.921474 0.171474 0.923077 0.176282 0.937500 0.155449 0.934295 0.158654 0.932692 0.158654 0.927885 0.158654 0.924679 0.157051
0 0.923077 0.152244 0.923077 0.150641 0.924679 0.145833 0.927885 0.142628 0.934295 0.142628 0.937500 0.144231 0.939103 0.147436 0.940705 0.150641 0.969551 0.120192 0.969551 0.128205
0 0.961538 0.131410 0.955128 0.129808 0.950321 0.126603 0.948718 0.121795 0.953526 0.113782 0.956731 0.112179 0.963141 0.113782 0.966346 0.116987 0.911859 0.256410 0.910256 0.258013
0 0.907051 0.259615 0.902244 0.261218 0.900641 0.258013 0.897436 0.253205 0.897436 0.250000 0.899038 0.246795 0.903846 0.243590 0.907051 0.241987 0.911859 0.243590 0.913462 0.246795
0 0.915064 0.251603 0.839744 0.237179 0.836538 0.240385 0.831731 0.240385 0.828526 0.241987 0.826923 0.238782 0.823718 0.235577 0.823718 0.230769 0.823718 0.229167 0.830128 0.225962
0 0.834936 0.225962 0.838141 0.227564 0.839744 0.232372 0.841346 0.235577 0.889423 0.233974 0.886218 0.235577 0.883013 0.237179 0.878205 0.238782 0.876603 0.235577 0.875000 0.230769
0 0.873397 0.227564 0.875000 0.224359 0.879808 0.221154 0.886218 0.221154 0.889423 0.222756 0.889423 0.225962 0.892628 0.229167 0.857372 0.198718 0.854167 0.201923 0.849359 0.201923
0 0.846154 0.200321 0.842949 0.198718 0.839744 0.195513 0.841346 0.192308 0.842949 0.189103 0.847756 0.185897 0.850962 0.187500 0.854167 0.187500 0.857372 0.190705 0.857372 0.193910
0 0.868590 0.232372 0.865385 0.235577 0.860577 0.235577 0.857372 0.237179 0.855769 0.233974 0.852564 0.230769 0.852564 0.225962 0.854167 0.222756 0.858974 0.219551 0.863782 0.219551
0 0.866987 0.221154 0.868590 0.225962 0.870192 0.229167 0.900641 0.330128 0.895833 0.331731 0.892628 0.333333 0.889423 0.333333 0.886218 0.331731 0.884615 0.326923 0.884615 0.322115
0 0.884615 0.320513 0.889423 0.318910 0.895833 0.317308 0.899038 0.318910 0.902244 0.322115 0.902244 0.326923 0.927885 0.344551 0.924679 0.346154 0.921474 0.346154 0.916667 0.347756
0 0.915064 0.344551 0.911859 0.339744 0.911859 0.338141 0.913462 0.334936 0.918269 0.331731 0.924679 0.331731 0.927885 0.333333 0.929487 0.336538 0.931090 0.339744 0.948718 0.312500 0.945513 0.315705 0.942308 0.315705 0.937500 0.317308
0 0.935897 0.314103 0.934295 0.310897 0.932692 0.307692 0.934295 0.302885 0.939103 0.299679 0.945513 0.301282 0.947115 0.304487 0.948718 0.306090 0.950321 0.309295 0.828526 0.386218 0.828526 0.387821 0.825321 0.387821 0.822115 0.387821
0 0.818910 0.386218 0.820513 0.381410 0.823718 0.378205 0.826923 0.378205 0.830128 0.381410 0.798077 0.399038 0.798077 0.400641 0.794872 0.402244 0.791667 0.402244 0.790064 0.399038 0.790064 0.394231
0 0.793269 0.392628 0.796474 0.391026 0.799679 0.394231 0.777244 0.373397 0.777244 0.375000 0.772436 0.375000 0.770833 0.375000 0.767628 0.373397
0 0.769231 0.368590 0.772436 0.365385 0.775641 0.365385 0.778846 0.368590 0.814103 0.323718 0.814103 0.325321 0.809295 0.325321 0.806090 0.325321
0 0.804487 0.322115 0.806090 0.318910 0.809295 0.315705 0.812500 0.315705 0.815705 0.318910 0.828526 0.219551 0.825321 0.222756 0.822115 0.222756
0 0.817308 0.224359 0.815705 0.221154 0.812500 0.217949 0.812500 0.214744 0.814103 0.209936 0.818910 0.206731 0.823718 0.206731 0.826923 0.208333
0 0.830128 0.211538 0.831731 0.216346 0.713141 0.193910 0.709936 0.197115 0.706731 0.197115 0.701923 0.198718 0.700321 0.195513 0.698718 0.192308
0 0.697115 0.189103 0.698718 0.184295 0.703526 0.181090 0.709936 0.181090 0.711538 0.184295 0.713141 0.187500 0.716346 0.190705 0.676282 0.222756
0 0.673077 0.225962 0.669872 0.225962 0.666667 0.227564 0.665064 0.224359 0.661859 0.221154 0.661859 0.217949 0.661859 0.213141 0.666667 0.209936 0.673077 0.209936 0.676282 0.211538
0 0.677885 0.214744 0.679487 0.219551 0.669872 0.275641 0.666667 0.277244 0.663462 0.278846 0.658654 0.280449 0.657051 0.277244 0.653846 0.274038 0.653846 0.270833 0.657051 0.267628
0 0.660256 0.264423 0.666667 0.262821 0.669872 0.266026 0.671474 0.269231 0.671474 0.272436 0.754808 0.314103 0.750000 0.315705 0.746795 0.315705 0.741987 0.317308
0 0.740385 0.314103 0.737179 0.310897 0.738782 0.306090 0.740385 0.302885 0.743590 0.299679 0.750000 0.299679 0.753205 0.301282 0.756410 0.304487 0.756410 0.309295
0 0.775641 0.310897 0.772436 0.314103 0.769231 0.314103 0.764423 0.315705 0.762821 0.312500 0.761218 0.309295 0.761218 0.304487 0.762821 0.301282 0.766026 0.298077
0 0.772436 0.298077 0.775641 0.299679 0.777244 0.302885 0.778846 0.307692 0.785256 0.269231 0.782051 0.270833 0.778846 0.272436 0.774038 0.274038 0.772436 0.270833
0 0.769231 0.266026 0.769231 0.262821 0.770833 0.259615 0.775641 0.256410 0.780449 0.256410 0.783654 0.259615 0.785256 0.261218 0.788462 0.264423 0.616987 0.354167 0.613782 0.357372 0.610577 0.357372 0.605769 0.358974 0.604167 0.355769
0 0.602564 0.352564 0.600962 0.349359 0.602564 0.344551 0.607372 0.341346 0.613782 0.341346 0.616987 0.342949 0.618590 0.346154 0.620192 0.350962 0.668269 0.350962 0.666667 0.352564
0 0.663462 0.354167 0.661859 0.354167 0.658654 0.354167 0.655449 0.352564 0.657051 0.347756 0.658654 0.344551 0.661859 0.341346 0.666667 0.341346 0.669872 0.344551
0 0.669872 0.347756 0.689103 0.435897 0.687500 0.435897 0.685897 0.437500 0.682692 0.439103 0.679487 0.437500 0.676282 0.435897 0.677885 0.431090 0.679487 0.427885
0 0.682692 0.426282 0.687500 0.426282 0.690705 0.427885 0.690705 0.431090 0.690705 0.451923 0.689103 0.453526 0.685897 0.455128 0.682692 0.455128 0.679487 0.455128
0 0.677885 0.451923 0.677885 0.448718 0.679487 0.443910 0.682692 0.442308 0.689103 0.442308 0.690705 0.443910 0.692308 0.447115 0.733974 0.323718 0.732372 0.325321 0.729167 0.326923 0.725962 0.328526 0.724359 0.326923 0.722756 0.323718
0 0.721154 0.320513 0.722756 0.315705 0.725962 0.314103 0.732372 0.314103 0.733974 0.315705 0.735577 0.318910 0.717949 0.280449 0.716346 0.282051 0.714744 0.283654
0 0.711538 0.283654 0.708333 0.283654 0.706731 0.280449 0.705128 0.277244 0.708333 0.274038 0.711538 0.270833 0.716346 0.270833 0.719551 0.272436 0.719551 0.277244
0 0.733974 0.267628 0.730769 0.269231 0.729167 0.270833 0.725962 0.270833 0.722756 0.270833 0.719551 0.269231 0.721154 0.264423 0.722756 0.261218 0.725962 0.258013
0 0.732372 0.258013 0.733974 0.261218 0.735577 0.264423 0.658654 0.216346 0.657051 0.217949 0.653846 0.219551 0.650641 0.219551 0.645833 0.221154 0.645833 0.217949
0 0.645833 0.214744 0.647436 0.209936 0.650641 0.206731 0.655449 0.208333 0.657051 0.211538 0.658654 0.214744 0.695513 0.182692 0.693910 0.184295 0.692308 0.185897
0 0.689103 0.185897 0.685897 0.185897 0.682692 0.184295 0.684295 0.179487 0.685897 0.176282 0.689103 0.174679 0.693910 0.174679 0.697115 0.176282 0.697115 0.179487
0 0.758013 0.193910 0.756410 0.195513 0.753205 0.197115 0.750000 0.197115 0.748397 0.197115 0.745192 0.195513 0.745192 0.192308 0.746795 0.187500 0.750000 0.187500
0 0.756410 0.187500 0.758013 0.189103 0.759615 0.192308 0.786859 0.205128 0.785256 0.201923 0.783654 0.203526 0.778846 0.205128 0.777244 0.201923 0.774038 0.200321 0.775641 0.197115 0.777244 0.193910 0.780449 0.192308 0.783654 0.192308
0 0.786859 0.193910 0.786859 0.197115 0.604167 0.245192 0.602564 0.246795 0.599359 0.248397 0.596154 0.248397 0.592949 0.248397 0.591346 0.245192 0.591346 0.243590 0.592949 0.238782 0.596154 0.237179 0.602564 0.235577 0.604167 0.238782
0 0.605769 0.241987 0.238782 0.483974 0.237179 0.485577 0.235577 0.487179 0.232372 0.487179 0.229167 0.487179 0.225962 0.485577 0.227564 0.480769 0.229167 0.477564 0.232372 0.475962 0.237179 0.475962 0.238782 0.477564 0.240385 0.480769
0 0.551282 0.285256 0.549679 0.286859 0.546474 0.288462 0.544872 0.288462 0.541667 0.288462 0.538462 0.286859 0.540064 0.282051 0.541667 0.278846 0.544872 0.275641 0.549679 0.275641 0.552885 0.278846 0.552885 0.282051 0.583333 0.320513
0 0.581731 0.320513 0.580128 0.322115 0.576923 0.322115 0.573718 0.322115 0.570513 0.320513 0.572115 0.315705 0.573718 0.312500 0.576923 0.310897 0.581731 0.309295 0.584936 0.312500 0.584936 0.315705 0.629808 0.177885 0.628205 0.179487
0 0.626603 0.181090 0.623397 0.181090 0.620192 0.181090 0.618590 0.177885 0.616987 0.174679 0.620192 0.171474 0.623397 0.168269 0.628205 0.168269 0.631410 0.171474 0.631410 0.174679 0.868590 0.165064 0.866987 0.165064 0.863782 0.166667
0 0.862179 0.166667 0.858974 0.166667 0.855769 0.165064 0.857372 0.160256 0.858974 0.157051 0.862179 0.155449 0.865385 0.153846 0.868590 0.157051 0.868590 0.160256 0.883013 0.203526 0.881410 0.205128 0.878205 0.206731 0.875000 0.208333
0 0.873397 0.206731 0.871795 0.203526 0.870192 0.200321 0.871795 0.195513 0.875000 0.193910 0.881410 0.193910 0.883013 0.195513 0.884615 0.198718 0.911859 0.155449 0.910256 0.157051 0.908654 0.158654 0.905449 0.158654 0.902244 0.158654
0 0.899038 0.157051 0.900641 0.152244 0.902244 0.149038 0.905449 0.145833 0.908654 0.147436 0.911859 0.149038 0.913462 0.152244 0.894231 0.134615 0.891026 0.136218 0.889423 0.136218 0.886218 0.136218 0.883013 0.136218 0.881410 0.133013
0 0.879808 0.129808 0.883013 0.128205 0.886218 0.125000 0.891026 0.125000 0.894231 0.128205 0.895833 0.131410 0.812500 0.144231 0.809295 0.145833 0.807692 0.145833 0.804487 0.145833 0.801282 0.145833 0.798077 0.144231 0.798077 0.141026
0 0.801282 0.137821 0.804487 0.134615 0.810897 0.134615 0.812500 0.137821 0.814103 0.141026 0.807692 0.169872 0.806090 0.169872 0.804487 0.171474 0.801282 0.171474 0.798077 0.171474
0 0.794872 0.169872 0.796474 0.165064 0.798077 0.161859 0.801282 0.160256 0.804487 0.160256 0.807692 0.161859 0.807692 0.165064 0.921474 0.195513 0.919872 0.197115 0.916667 0.198718 0.913462 0.200321 0.911859 0.198718 0.910256 0.195513
0 0.908654 0.192308 0.910256 0.187500 0.913462 0.185897 0.919872 0.185897 0.921474 0.187500 0.923077 0.192308 0.729167 0.118590 0.727564 0.120192 0.724359 0.121795 0.721154 0.123397 0.719551 0.121795 0.717949 0.118590 0.716346 0.115385
0 0.717949 0.110577 0.721154 0.108974 0.725962 0.110577 0.729167 0.110577 0.730769 0.115385 0.716346 0.133013 0.714744 0.134615 0.709936 0.134615 0.708333 0.136218 0.706731 0.133013
0 0.705128 0.133013 0.703526 0.129808 0.705128 0.125000 0.709936 0.123397 0.714744 0.123397 0.717949 0.125000 0.717949 0.128205 0.748397 0.123397 0.748397 0.128205 0.745192 0.133013 0.741987 0.134615 0.737179 0.134615 0.733974 0.133013
0 0.730769 0.131410 0.730769 0.125000 0.732372 0.120192 0.735577 0.118590 0.741987 0.115385 0.746795 0.118590 0.668269 0.118590 0.668269 0.121795 0.665064 0.126603 0.660256 0.128205 0.655449 0.128205 0.652244 0.126603 0.649038 0.123397
0 0.649038 0.118590 0.649038 0.115385 0.655449 0.112179 0.661859 0.110577 0.666667 0.113782 0.633013 0.118590 0.633013 0.123397 0.629808 0.128205 0.625000 0.129808 0.620192 0.129808 0.616987 0.128205 0.613782 0.126603 0.613782 0.120192
0 0.616987 0.115385 0.620192 0.112179 0.628205 0.110577 0.631410 0.113782 0.735577 0.173077 0.733974 0.173077 0.732372 0.174679 0.729167 0.174679 0.725962 0.174679 0.722756 0.173077 0.724359 0.168269 0.725962 0.165064 0.729167 0.163462
0 0.733974 0.161859 0.737179 0.165064 0.737179 0.168269 0.724359 0.181090 0.722756 0.182692 0.721154 0.184295 0.717949 0.184295 0.714744 0.184295 0.713141 0.181090 0.713141 0.179487 0.714744 0.174679 0.716346 0.174679 0.722756 0.174679
0 0.724359 0.176282 0.725962 0.177885 0.522436 0.131410 0.520833 0.133013 0.517628 0.134615 0.514423 0.134615 0.512821 0.134615 0.509615 0.133013 0.509615 0.129808 0.511218 0.126603 0.514423 0.125000 0.520833 0.125000 0.522436 0.126603
0 0.524038 0.129808 0.540064 0.123397 0.538462 0.125000 0.535256 0.126603 0.533654 0.126603 0.530449 0.126603 0.527244 0.125000 0.528846 0.120192 0.530449 0.116987 0.533654 0.113782 0.538462 0.113782 0.541667 0.116987 0.541667 0.120192
0 0.477564 0.184295 0.475962 0.185897 0.472756 0.187500 0.471154 0.187500 0.467949 0.187500 0.464744 0.185897 0.466346 0.181090 0.467949 0.177885 0.471154 0.174679 0.475962 0.174679 0.479167 0.177885 0.479167 0.181090 0.383013 0.221154
0 0.381410 0.222756 0.378205 0.224359 0.376603 0.224359 0.373397 0.224359 0.370192 0.222756 0.371795 0.217949 0.373397 0.214744 0.376603 0.211538 0.381410 0.211538
0 0.384615 0.214744 0.384615 0.217949 0.375000 0.206731 0.373397 0.208333 0.370192 0.209936 0.366987 0.209936 0.363782 0.209936 0.362179 0.206731 0.362179 0.203526
0 0.363782 0.198718 0.366987 0.197115 0.373397 0.197115 0.375000 0.198718 0.376603 0.201923 0.383013 0.251603 0.381410 0.253205 0.378205 0.254808 0.375000 0.254808
0 0.371795 0.254808 0.370192 0.251603 0.370192 0.250000 0.371795 0.245192 0.375000 0.241987 0.381410 0.241987 0.383013 0.245192 0.384615 0.248397 0.442308 0.243590
0 0.440705 0.245192 0.437500 0.246795 0.434295 0.246795 0.432692 0.246795 0.429487 0.245192 0.429487 0.243590 0.431090 0.238782 0.434295 0.237179 0.440705 0.235577 0.442308 0.238782 0.442308 0.241987 0.407051 0.274038 0.403846 0.274038
0 0.399038 0.274038 0.399038 0.270833 0.400641 0.266026 0.403846 0.264423 0.407051 0.264423 0.410256 0.267628 0.410256 0.270833 0.466346 0.241987 0.464744 0.243590 0.461538 0.243590 0.458333 0.246795 0.456731 0.243590 0.453526 0.241987
0 0.455128 0.240385 0.455128 0.235577 0.458333 0.233974 0.464744 0.233974 0.466346 0.235577 0.467949 0.238782 0.466346 0.267628 0.464744 0.269231 0.461538 0.270833 0.458333 0.272436 0.456731 0.270833 0.455128 0.267628 0.453526 0.264423
0 0.455128 0.259615 0.458333 0.258013 0.464744 0.258013 0.466346 0.259615 0.467949 0.262821 0.298077 0.230769 0.296474 0.232372 0.293269 0.232372 0.290064 0.233974 0.285256 0.233974 0.285256 0.230769 0.285256 0.227564 0.286859 0.222756
0 0.290064 0.221154 0.296474 0.221154 0.298077 0.222756 0.299679 0.225962 0.365385 0.375000 0.363782 0.376603 0.362179 0.376603 0.358974 0.378205 0.355769 0.376603 0.352564 0.375000 0.354167 0.370192 0.355769 0.366987 0.358974 0.365385
0 0.363782 0.365385 0.366987 0.366987 0.366987 0.370192 0.325321 0.419872 0.322115 0.419872 0.317308 0.421474 0.317308 0.418269 0.318910 0.413462 0.322115 0.411859 0.325321 0.411859 0.328526 0.413462 0.328526 0.416667 0.373397 0.474359
0 0.373397 0.477564 0.370192 0.480769 0.366987 0.480769 0.363782 0.477564 0.363782 0.475962 0.365385 0.474359 0.368590 0.471154 0.371795 0.471154 0.375000 0.491987 0.375000 0.495192 0.371795 0.498397 0.366987 0.498397 0.363782 0.496795
0 0.363782 0.493590 0.366987 0.490385 0.370192 0.488782 0.373397 0.488782 0.676282 0.568910 0.673077 0.570513 0.669872 0.572115 0.665064 0.573718 0.663462 0.570513 0.661859 0.565705 0.660256 0.562500 0.663462 0.559295 0.666667 0.556090
0 0.673077 0.554487 0.676282 0.556090 0.679487 0.559295 0.679487 0.564103 0.519231 0.701923 0.514423 0.708333 0.506410 0.711538 0.500000 0.711538 0.496795 0.706731 0.495192 0.700321 0.498397 0.692308 0.508013 0.687500
0 0.514423 0.689103 0.519231 0.693910 0.759615 0.682692 0.754808 0.685897 0.748397 0.685897 0.745192 0.684295 0.745192 0.681090 0.746795 0.677885 0.748397 0.674679 0.753205 0.673077 0.758013 0.674679 0.759615 0.677885
0 0.722756 0.399038 0.722756 0.400641 0.719551 0.400641 0.716346 0.400641 0.713141 0.399038 0.714744 0.394231 0.717949 0.391026 0.721154 0.391026 0.724359 0.394231 0.894231 0.235577 0.895833 0.237179 0.897436 0.240385
0 0.895833 0.243590 0.891026 0.245192 0.887821 0.245192 0.886218 0.241987 0.887821 0.238782 0.891026 0.235577 0.580128 0.339744 0.578526 0.341346 0.575321 0.342949 0.572115 0.342949 0.570513 0.342949 0.567308 0.341346
0 0.567308 0.338141 0.568910 0.333333 0.573718 0.331731 0.578526 0.331731 0.581731 0.333333 0.581731 0.336538 0.139423 0.491987 0.139423 0.496795 0.137821 0.498397 0.133013 0.500000 0.131410 0.500000 0.131410 0.495192
