0 0.618590 0.326923 0.613782 0.331731 0.607372 0.334936 0.602564 0.334936 0.597756 0.331731 0.596154 0.325321 0.599359 0.318910 0.607372 0.314103 0.615385 0.315705 0.618590 0.320513
0 0.576923 0.307692 0.572115 0.312500 0.565705 0.315705 0.559295 0.314103 0.556090 0.310897 0.554487 0.306090 0.559295 0.299679 0.565705 0.294872 0.570513 0.298077 0.576923 0.301282
0 0.612179 0.264423 0.607372 0.269231 0.600962 0.272436 0.594551 0.272436 0.589744 0.269231 0.589744 0.262821 0.592949 0.258013 0.600962 0.251603 0.608974 0.253205 0.612179 0.256410
0 0.711538 0.251603 0.708333 0.256410 0.700321 0.259615 0.695513 0.259615 0.690705 0.256410 0.690705 0.250000 0.692308 0.243590 0.701923 0.238782 0.708333 0.240385 0.711538 0.245192
0 0.756410 0.299679 0.751603 0.306090 0.745192 0.307692 0.738782 0.309295 0.733974 0.304487 0.733974 0.299679 0.737179 0.293269 0.745192 0.288462 0.751603 0.290064 0.756410 0.294872
0 0.769231 0.349359 0.764423 0.354167 0.758013 0.357372 0.751603 0.357372 0.746795 0.352564 0.746795 0.347756 0.750000 0.341346 0.758013 0.336538 0.766026 0.338141 0.769231 0.342949
0 0.543269 0.391026 0.538462 0.395833 0.532051 0.399038 0.527244 0.399038 0.522436 0.395833 0.520833 0.389423 0.524038 0.384615 0.533654 0.379808 0.540064 0.381410 0.541667 0.386218
0 0.434295 0.256410 0.431090 0.262821 0.423077 0.266026 0.418269 0.266026 0.413462 0.261218 0.413462 0.256410 0.415064 0.248397 0.424679 0.243590 0.431090 0.245192 0.434295 0.250000
0 0.395833 0.245192 0.391026 0.250000 0.384615 0.253205 0.379808 0.253205 0.375000 0.250000 0.373397 0.245192 0.376603 0.238782 0.386218 0.233974 0.392628 0.235577 0.395833 0.238782
0 0.315705 0.376603 0.312500 0.383013 0.304487 0.386218 0.299679 0.386218 0.294872 0.381410 0.294872 0.376603 0.296474 0.370192 0.306090 0.365385 0.312500 0.366987 0.315705 0.371795
0 0.288462 0.368590 0.283654 0.373397 0.275641 0.376603 0.270833 0.376603 0.264423 0.373397 0.264423 0.366987 0.266026 0.362179 0.277244 0.357372 0.283654 0.358974 0.286859 0.362179
0 0.248397 0.334936 0.243590 0.339744 0.237179 0.342949 0.232372 0.344551 0.227564 0.338141 0.227564 0.333333 0.229167 0.326923 0.238782 0.322115 0.245192 0.323718 0.248397 0.330128
0 0.334936 0.267628 0.330128 0.272436 0.323718 0.275641 0.318910 0.275641 0.314103 0.272436 0.312500 0.266026 0.314103 0.259615 0.325321 0.254808 0.331731 0.256410 0.334936 0.261218
0 0.270833 0.241987 0.266026 0.248397 0.259615 0.251603 0.254808 0.251603 0.248397 0.245192 0.248397 0.240385 0.250000 0.233974 0.259615 0.229167 0.267628 0.230769 0.270833 0.235577
0 0.209936 0.278846 0.205128 0.283654 0.197115 0.286859 0.192308 0.286859 0.187500 0.282051 0.185897 0.277244 0.187500 0.270833 0.198718 0.266026 0.205128 0.267628 0.208333 0.270833
0 0.248397 0.258013 0.241987 0.262821 0.235577 0.266026 0.229167 0.266026 0.224359 0.261218 0.224359 0.254808 0.227564 0.250000 0.235577 0.245192 0.241987 0.246795 0.246795 0.250000
0 0.155449 0.253205 0.152244 0.259615 0.144231 0.262821 0.139423 0.262821 0.134615 0.256410 0.134615 0.251603 0.136218 0.245192 0.145833 0.240385 0.152244 0.241987 0.155449 0.246795
0 0.113782 0.520833 0.108974 0.527244 0.100962 0.530449 0.096154 0.530449 0.091346 0.525641 0.089744 0.520833 0.092949 0.514423 0.102564 0.509615 0.110577 0.511218 0.113782 0.516026
0 0.262821 0.559295 0.258013 0.565705 0.250000 0.568910 0.245192 0.568910 0.240385 0.564103 0.238782 0.559295 0.241987 0.552885 0.253205 0.548077 0.259615 0.549679 0.262821 0.554487
0 0.137821 0.669872 0.131410 0.674679 0.125000 0.679487 0.118590 0.679487 0.113782 0.676282 0.113782 0.669872 0.116987 0.661859 0.125000 0.658654 0.133013 0.658654 0.137821 0.663462
0 0.415064 0.597756 0.410256 0.602564 0.403846 0.605769 0.397436 0.605769 0.392628 0.602564 0.392628 0.596154 0.395833 0.589744 0.403846 0.584936 0.410256 0.586538 0.415064 0.591346
0 0.291667 0.565705 0.286859 0.570513 0.278846 0.573718 0.274038 0.573718 0.269231 0.570513 0.269231 0.564103 0.272436 0.557692 0.280449 0.552885 0.286859 0.554487 0.290064 0.559295
0 0.360577 0.645833 0.357372 0.649038 0.349359 0.652244 0.344551 0.652244 0.339744 0.649038 0.339744 0.642628 0.341346 0.637821 0.350962 0.633013 0.357372 0.634615 0.360577 0.637821
0 0.466346 0.522436 0.461538 0.527244 0.455128 0.530449 0.448718 0.530449 0.443910 0.527244 0.443910 0.522436 0.447115 0.516026 0.455128 0.511218 0.461538 0.512821 0.466346 0.517628
0 0.429487 0.522436 0.424679 0.527244 0.418269 0.530449 0.413462 0.530449 0.408654 0.527244 0.407051 0.522436 0.410256 0.516026 0.419872 0.511218 0.426282 0.512821 0.429487 0.517628
0 0.559295 0.464744 0.554487 0.469551 0.548077 0.472756 0.543269 0.472756 0.538462 0.469551 0.536859 0.463141 0.540064 0.458333 0.548077 0.453526 0.556090 0.455128 0.559295 0.458333
0 0.491987 0.666667 0.487179 0.671474 0.480769 0.674679 0.475962 0.674679 0.471154 0.671474 0.469551 0.665064 0.472756 0.658654 0.482372 0.655449 0.488782 0.655449 0.491987 0.660256
0 0.647436 0.528846 0.644231 0.535256 0.636218 0.538462 0.631410 0.538462 0.626603 0.533654 0.626603 0.528846 0.628205 0.522436 0.637821 0.517628 0.644231 0.519231 0.647436 0.524038
0 0.602564 0.589744 0.597756 0.594551 0.591346 0.597756 0.586538 0.597756 0.581731 0.594551 0.580128 0.589744 0.583333 0.583333 0.592949 0.578526 0.599359 0.580128 0.602564 0.584936
0 0.565705 0.570513 0.560897 0.575321 0.552885 0.578526 0.548077 0.578526 0.543269 0.575321 0.543269 0.568910 0.544872 0.562500 0.554487 0.557692 0.560897 0.559295 0.564103 0.564103
0 0.567308 0.665064 0.562500 0.669872 0.556090 0.673077 0.551282 0.673077 0.546474 0.669872 0.546474 0.663462 0.548077 0.658654 0.557692 0.653846 0.564103 0.655449 0.567308 0.658654
0 0.384615 0.506410 0.381410 0.511218 0.373397 0.514423 0.368590 0.514423 0.363782 0.511218 0.363782 0.504808 0.365385 0.496795 0.375000 0.493590 0.381410 0.493590 0.384615 0.498397
0 0.568910 0.488782 0.564103 0.493590 0.557692 0.496795 0.551282 0.496795 0.544872 0.493590 0.546474 0.488782 0.549679 0.480769 0.557692 0.475962 0.562500 0.479167 0.568910 0.482372
0 0.443910 0.469551 0.439103 0.474359 0.432692 0.477564 0.427885 0.477564 0.423077 0.474359 0.421474 0.467949 0.424679 0.461538 0.434295 0.456731 0.440705 0.458333 0.443910 0.463141
0 0.586538 0.532051 0.581731 0.536859 0.573718 0.540064 0.568910 0.540064 0.564103 0.536859 0.564103 0.530449 0.565705 0.524038 0.575321 0.520833 0.581731 0.520833 0.584936 0.525641
0 0.416667 0.575321 0.411859 0.581731 0.405449 0.584936 0.400641 0.584936 0.395833 0.580128 0.395833 0.575321 0.397436 0.568910 0.407051 0.564103 0.413462 0.565705 0.416667 0.570513
0 0.331731 0.524038 0.326923 0.528846 0.320513 0.532051 0.315705 0.532051 0.310897 0.528846 0.309295 0.524038 0.312500 0.517628 0.322115 0.512821 0.328526 0.514423 0.331731 0.517628
0 0.091346 0.657051 0.086538 0.661859 0.078526 0.665064 0.072115 0.665064 0.067308 0.660256 0.067308 0.655449 0.068910 0.649038 0.080128 0.642628 0.086538 0.644231 0.089744 0.649038
0 0.153846 0.463141 0.149038 0.467949 0.139423 0.471154 0.134615 0.471154 0.129808 0.467949 0.129808 0.461538 0.131410 0.456731 0.141026 0.451923 0.149038 0.453526 0.152244 0.458333
0 0.766026 0.375000 0.761218 0.379808 0.754808 0.383013 0.750000 0.384615 0.745192 0.379808 0.743590 0.375000 0.746795 0.368590 0.754808 0.363782 0.762821 0.365385 0.766026 0.370192
0 0.665064 0.376603 0.660256 0.381410 0.653846 0.384615 0.647436 0.384615 0.642628 0.381410 0.642628 0.375000 0.645833 0.368590 0.653846 0.365385 0.660256 0.365385 0.665064 0.370192
0 0.666667 0.310897 0.663462 0.315705 0.655449 0.318910 0.650641 0.318910 0.645833 0.315705 0.645833 0.309295 0.647436 0.302885 0.657051 0.298077 0.663462 0.299679 0.666667 0.304487
0 0.717949 0.392628 0.714744 0.399038 0.706731 0.402244 0.701923 0.402244 0.697115 0.397436 0.697115 0.392628 0.698718 0.386218 0.708333 0.381410 0.714744 0.383013 0.717949 0.387821
0 0.730769 0.415064 0.725962 0.421474 0.719551 0.424679 0.714744 0.424679 0.709936 0.419872 0.709936 0.415064 0.711538 0.408654 0.721154 0.403846 0.727564 0.405449 0.730769 0.410256
0 0.725962 0.437500 0.721154 0.442308 0.714744 0.445513 0.709936 0.445513 0.705128 0.442308 0.703526 0.437500 0.706731 0.431090 0.716346 0.426282 0.722756 0.427885 0.725962 0.431090
0 0.823718 0.467949 0.823718 0.471154 0.814103 0.474359 0.809295 0.474359 0.804487 0.471154 0.804487 0.466346 0.806090 0.459936 0.812500 0.456731 0.818910 0.456731 0.823718 0.461538
0 0.834936 0.509615 0.833333 0.516026 0.826923 0.519231 0.822115 0.519231 0.815705 0.516026 0.814103 0.509615 0.818910 0.503205 0.823718 0.498397 0.828526 0.501603 0.833333 0.504808
0 0.833333 0.530449 0.830128 0.535256 0.823718 0.538462 0.818910 0.538462 0.812500 0.535256 0.810897 0.530449 0.814103 0.524038 0.820513 0.520833 0.826923 0.520833 0.830128 0.525641
0 0.724359 0.556090 0.721154 0.560897 0.714744 0.564103 0.709936 0.565705 0.705128 0.560897 0.701923 0.557692 0.706731 0.549679 0.711538 0.546474 0.717949 0.546474 0.721154 0.551282
0 0.778846 0.557692 0.770833 0.567308 0.764423 0.567308 0.759615 0.562500 0.759615 0.557692 0.762821 0.551282 0.767628 0.549679 0.772436 0.549679 0.777244 0.552885 0.756410 0.610577
0 0.754808 0.616987 0.748397 0.620192 0.743590 0.620192 0.738782 0.615385 0.735577 0.610577 0.738782 0.604167 0.745192 0.600962 0.750000 0.602564 0.754808 0.605769 0.921474 0.620192
0 0.919872 0.626603 0.911859 0.629808 0.905449 0.629808 0.900641 0.625000 0.900641 0.620192 0.902244 0.613782 0.908654 0.610577 0.915064 0.612179 0.919872 0.615385 0.995192 0.532051
0 0.990385 0.532051 0.985577 0.528846 0.985577 0.524038 0.988782 0.519231 0.993590 0.516026 0.998397 0.517628 0.809295 0.604167 0.807692 0.610577 0.798077 0.613782 0.793269 0.613782
0 0.788462 0.610577 0.788462 0.604167 0.791667 0.599359 0.794872 0.597756 0.802885 0.597756 0.807692 0.599359 0.977564 0.471154 0.975962 0.477564 0.967949 0.480769 0.961538 0.480769
0 0.956731 0.475962 0.956731 0.471154 0.959936 0.466346 0.966346 0.463141 0.972756 0.463141 0.975962 0.466346 0.975962 0.408654 0.974359 0.415064 0.966346 0.418269 0.959936 0.418269
0 0.955128 0.413462 0.955128 0.408654 0.959936 0.403846 0.964744 0.400641 0.971154 0.402244 0.974359 0.403846 0.998397 0.379808 0.993590 0.376603 0.993590 0.370192 0.996795 0.365385
0 0.950321 0.339744 0.947115 0.346154 0.940705 0.349359 0.934295 0.349359 0.929487 0.344551 0.929487 0.339744 0.932692 0.334936 0.937500 0.333333 0.945513 0.331731 0.948718 0.334936
0 0.939103 0.209936 0.937500 0.216346 0.931090 0.219551 0.923077 0.219551 0.918269 0.214744 0.918269 0.209936 0.924679 0.205128 0.929487 0.201923 0.934295 0.200321 0.937500 0.203526
0 0.820513 0.261218 0.818910 0.267628 0.812500 0.270833 0.806090 0.270833 0.801282 0.267628 0.799679 0.261218 0.806090 0.256410 0.810897 0.253205 0.815705 0.254808 0.818910 0.256410
0 0.767628 0.240385 0.766026 0.246795 0.758013 0.250000 0.753205 0.250000 0.746795 0.246795 0.748397 0.240385 0.751603 0.235577 0.756410 0.232372 0.762821 0.233974 0.766026 0.237179
0 0.818910 0.201923 0.815705 0.206731 0.809295 0.209936 0.802885 0.209936 0.798077 0.206731 0.798077 0.201923 0.801282 0.197115 0.806090 0.193910 0.814103 0.192308 0.817308 0.197115
0 0.717949 0.219551 0.716346 0.225962 0.708333 0.229167 0.703526 0.230769 0.698718 0.224359 0.698718 0.219551 0.701923 0.214744 0.706731 0.211538 0.713141 0.211538 0.716346 0.214744
0 0.663462 0.229167 0.658654 0.235577 0.652244 0.238782 0.647436 0.238782 0.642628 0.235577 0.641026 0.229167 0.645833 0.224359 0.650641 0.221154 0.655449 0.222756 0.660256 0.224359
0 0.633013 0.224359 0.631410 0.229167 0.623397 0.232372 0.618590 0.232372 0.613782 0.229167 0.613782 0.224359 0.616987 0.219551 0.621795 0.216346 0.628205 0.216346 0.631410 0.219551
0 0.679487 0.195513 0.676282 0.201923 0.669872 0.205128 0.665064 0.205128 0.660256 0.200321 0.658654 0.195513 0.663462 0.190705 0.668269 0.187500 0.673077 0.189103 0.676282 0.190705
0 0.725962 0.198718 0.722756 0.205128 0.714744 0.208333 0.709936 0.208333 0.705128 0.205128 0.705128 0.198718 0.708333 0.193910 0.713141 0.190705 0.721154 0.192308 0.724359 0.193910
0 0.613782 0.216346 0.610577 0.222756 0.604167 0.225962 0.599359 0.225962 0.594551 0.221154 0.594551 0.216346 0.597756 0.211538 0.602564 0.208333 0.607372 0.209936 0.612179 0.211538
0 0.552885 0.299679 0.549679 0.304487 0.543269 0.307692 0.540064 0.307692 0.535256 0.304487 0.536859 0.299679 0.538462 0.296474 0.543269 0.293269 0.548077 0.293269 0.551282 0.294872
0 0.527244 0.310897 0.525641 0.315705 0.519231 0.318910 0.512821 0.318910 0.509615 0.315705 0.509615 0.309295 0.511218 0.306090 0.517628 0.302885 0.520833 0.304487 0.525641 0.306090
0 0.485577 0.312500 0.483974 0.317308 0.477564 0.320513 0.472756 0.320513 0.467949 0.317308 0.467949 0.310897 0.471154 0.307692 0.475962 0.304487 0.480769 0.304487 0.483974 0.307692
0 0.546474 0.362179 0.544872 0.368590 0.536859 0.371795 0.532051 0.370192 0.527244 0.366987 0.528846 0.360577 0.535256 0.354167 0.541667 0.354167 0.544872 0.357372 0.532051 0.352564
0 0.530449 0.357372 0.524038 0.360577 0.517628 0.360577 0.514423 0.357372 0.514423 0.350962 0.516026 0.347756 0.520833 0.344551 0.527244 0.344551 0.530449 0.347756 0.416667 0.323718
0 0.415064 0.328526 0.408654 0.331731 0.403846 0.331731 0.399038 0.328526 0.399038 0.322115 0.402244 0.318910 0.407051 0.315705 0.411859 0.315705 0.415064 0.318910 0.439103 0.299679
0 0.437500 0.306090 0.429487 0.307692 0.424679 0.307692 0.421474 0.304487 0.421474 0.298077 0.423077 0.294872 0.427885 0.291667 0.434295 0.291667 0.437500 0.294872 0.341346 0.298077
0 0.339744 0.304487 0.333333 0.307692 0.326923 0.307692 0.323718 0.302885 0.323718 0.298077 0.325321 0.293269 0.331731 0.290064 0.336538 0.291667 0.339744 0.293269 0.411859 0.349359
0 0.410256 0.355769 0.403846 0.358974 0.397436 0.357372 0.394231 0.354167 0.394231 0.347756 0.395833 0.344551 0.402244 0.341346 0.407051 0.341346 0.410256 0.344551 0.435897 0.344551
0 0.432692 0.350962 0.426282 0.354167 0.421474 0.352564 0.416667 0.349359 0.418269 0.344551 0.419872 0.339744 0.424679 0.336538 0.429487 0.338141 0.432692 0.339744 0.399038 0.274038
0 0.395833 0.280449 0.389423 0.283654 0.384615 0.283654 0.379808 0.278846 0.381410 0.274038 0.383013 0.269231 0.387821 0.266026 0.392628 0.267628 0.395833 0.270833 0.264423 0.296474
0 0.262821 0.301282 0.256410 0.304487 0.250000 0.304487 0.246795 0.301282 0.246795 0.294872 0.250000 0.291667 0.254808 0.288462 0.259615 0.288462 0.262821 0.291667 0.266026 0.383013
0 0.262821 0.387821 0.254808 0.391026 0.245192 0.387821 0.246795 0.381410 0.248397 0.376603 0.253205 0.375000 0.258013 0.375000 0.261218 0.378205 0.225962 0.456731 0.224359 0.461538
0 0.217949 0.464744 0.213141 0.464744 0.208333 0.461538 0.208333 0.455128 0.211538 0.450321 0.216346 0.448718 0.221154 0.448718 0.224359 0.451923 0.100962 0.600962 0.099359 0.607372
0 0.091346 0.610577 0.084936 0.610577 0.081731 0.605769 0.081731 0.600962 0.083333 0.596154 0.089744 0.592949 0.096154 0.594551 0.099359 0.597756 0.100962 0.548077 0.097756 0.554487
0 0.091346 0.557692 0.086538 0.556090 0.080128 0.552885 0.083333 0.546474 0.084936 0.543269 0.089744 0.540064 0.096154 0.541667 0.097756 0.543269 0.120192 0.536859 0.118590 0.541667
0 0.110577 0.544872 0.104167 0.544872 0.100962 0.541667 0.100962 0.535256 0.102564 0.532051 0.108974 0.528846 0.115385 0.528846 0.118590 0.532051 0.089744 0.567308 0.089744 0.570513
0 0.084936 0.573718 0.078526 0.573718 0.075321 0.572115 0.075321 0.565705 0.076923 0.562500 0.083333 0.559295 0.089744 0.559295 0.091346 0.562500 0.184295 0.559295 0.182692 0.564103
0 0.176282 0.567308 0.171474 0.567308 0.166667 0.564103 0.168269 0.559295 0.169872 0.554487 0.174679 0.551282 0.179487 0.551282 0.182692 0.554487 0.097756 0.695513 0.097756 0.698718
0 0.089744 0.701923 0.083333 0.701923 0.080128 0.698718 0.080128 0.692308 0.081731 0.689103 0.088141 0.685897 0.094551 0.685897 0.097756 0.689103 0.387821 0.660256 0.386218 0.665064
0 0.381410 0.668269 0.375000 0.669872 0.371795 0.665064 0.373397 0.660256 0.375000 0.655449 0.379808 0.652244 0.384615 0.653846 0.387821 0.655449 0.424679 0.634615 0.423077 0.639423
0 0.418269 0.642628 0.411859 0.642628 0.408654 0.639423 0.408654 0.633013 0.410256 0.629808 0.415064 0.626603 0.421474 0.629808 0.424679 0.629808 0.483974 0.633013 0.480769 0.637821
0 0.475962 0.641026 0.471154 0.642628 0.467949 0.637821 0.467949 0.633013 0.469551 0.628205 0.474359 0.625000 0.479167 0.626603 0.482372 0.628205 0.514423 0.612179 0.512821 0.616987
0 0.508013 0.620192 0.501603 0.620192 0.496795 0.616987 0.496795 0.610577 0.498397 0.607372 0.504808 0.604167 0.511218 0.604167 0.514423 0.607372 0.466346 0.584936 0.464744 0.589744
0 0.459936 0.591346 0.455128 0.592949 0.451923 0.588141 0.451923 0.583333 0.453526 0.580128 0.459936 0.576923 0.464744 0.576923 0.467949 0.580128 0.474359 0.604167 0.472756 0.608974
0 0.467949 0.612179 0.461538 0.612179 0.458333 0.608974 0.459936 0.604167 0.459936 0.599359 0.464744 0.596154 0.471154 0.596154 0.474359 0.599359 0.540064 0.605769 0.540064 0.610577
0 0.535256 0.613782 0.528846 0.613782 0.525641 0.610577 0.525641 0.604167 0.527244 0.600962 0.532051 0.597756 0.536859 0.599359 0.540064 0.602564 0.328526 0.548077 0.325321 0.552885
0 0.320513 0.556090 0.315705 0.556090 0.312500 0.552885 0.312500 0.546474 0.314103 0.543269 0.318910 0.540064 0.325321 0.541667 0.328526 0.543269 0.378205 0.472756 0.376603 0.477564
0 0.371795 0.480769 0.365385 0.482372 0.362179 0.477564 0.363782 0.472756 0.363782 0.467949 0.368590 0.464744 0.375000 0.466346 0.378205 0.467949 0.246795 0.509615 0.243590 0.512821
0 0.240385 0.516026 0.233974 0.516026 0.230769 0.512821 0.230769 0.508013 0.233974 0.504808 0.237179 0.503205 0.241987 0.503205 0.246795 0.504808 0.259615 0.520833 0.259615 0.524038
0 0.256410 0.527244 0.250000 0.527244 0.245192 0.524038 0.246795 0.519231 0.250000 0.516026 0.254808 0.512821 0.259615 0.512821 0.261218 0.516026 0.288462 0.530449 0.286859 0.533654
0 0.283654 0.536859 0.277244 0.536859 0.274038 0.533654 0.275641 0.528846 0.277244 0.525641 0.282051 0.524038 0.285256 0.524038 0.288462 0.525641 0.322115 0.565705 0.322115 0.568910
0 0.317308 0.572115 0.312500 0.572115 0.309295 0.568910 0.309295 0.564103 0.312500 0.560897 0.315705 0.559295 0.320513 0.559295 0.322115 0.560897 0.366987 0.490385 0.366987 0.493590
0 0.363782 0.496795 0.357372 0.496795 0.354167 0.493590 0.354167 0.488782 0.357372 0.485577 0.360577 0.483974 0.365385 0.483974 0.366987 0.485577 0.395833 0.516026 0.395833 0.517628
0 0.392628 0.520833 0.387821 0.522436 0.383013 0.517628 0.384615 0.512821 0.386218 0.509615 0.391026 0.508013 0.395833 0.508013 0.397436 0.511218 0.394231 0.471154 0.392628 0.474359
0 0.389423 0.477564 0.383013 0.477564 0.379808 0.474359 0.379808 0.469551 0.383013 0.466346 0.386218 0.464744 0.391026 0.464744 0.394231 0.466346 0.347756 0.589744 0.346154 0.592949
0 0.342949 0.596154 0.338141 0.597756 0.334936 0.592949 0.334936 0.588141 0.338141 0.584936 0.341346 0.583333 0.346154 0.583333 0.347756 0.584936 0.286859 0.639423 0.286859 0.641026
0 0.283654 0.644231 0.278846 0.645833 0.274038 0.641026 0.275641 0.636218 0.277244 0.633013 0.282051 0.631410 0.286859 0.631410 0.288462 0.634615 0.224359 0.644231 0.222756 0.649038
0 0.219551 0.652244 0.213141 0.653846 0.209936 0.650641 0.209936 0.644231 0.213141 0.641026 0.216346 0.637821 0.221154 0.637821 0.222756 0.641026 0.253205 0.673077 0.253205 0.677885
0 0.248397 0.681090 0.243590 0.681090 0.240385 0.677885 0.240385 0.673077 0.243590 0.668269 0.246795 0.666667 0.251603 0.666667 0.253205 0.668269 0.177885 0.607372 0.174679 0.610577
0 0.171474 0.610577 0.168269 0.610577 0.165064 0.608974 0.161859 0.607372 0.163462 0.602564 0.165064 0.599359 0.168269 0.597756 0.174679 0.596154 0.176282 0.597756 0.179487 0.600962
0 0.179487 0.604167 0.198718 0.572115 0.195513 0.575321 0.192308 0.575321 0.187500 0.575321 0.185897 0.575321 0.181090 0.572115 0.182692 0.568910 0.184295 0.565705 0.189103 0.562500
0 0.195513 0.562500 0.198718 0.562500 0.200321 0.565705 0.200321 0.568910 0.224359 0.564103 0.222756 0.567308 0.219551 0.567308 0.214744 0.567308 0.213141 0.567308 0.208333 0.565705
0 0.209936 0.560897 0.213141 0.557692 0.216346 0.554487 0.221154 0.554487 0.224359 0.556090 0.225962 0.557692 0.227564 0.560897 0.256410 0.615385 0.253205 0.618590 0.250000 0.618590
0 0.245192 0.618590 0.243590 0.618590 0.238782 0.616987 0.240385 0.612179 0.243590 0.608974 0.246795 0.605769 0.251603 0.605769 0.254808 0.607372 0.258013 0.608974 0.258013 0.612179 0.275641 0.597756 0.272436 0.599359 0.269231 0.600962
0 0.266026 0.602564 0.264423 0.599359 0.258013 0.599359 0.261218 0.594551 0.262821 0.589744 0.267628 0.588141 0.272436 0.586538 0.275641 0.588141 0.277244 0.591346 0.278846 0.594551 0.277244 0.616987 0.274038 0.618590 0.270833 0.618590
0 0.267628 0.621795 0.266026 0.618590 0.264423 0.615385 0.261218 0.612179 0.264423 0.608974 0.269231 0.605769 0.274038 0.605769 0.277244 0.607372 0.278846 0.608974 0.280449 0.612179 0.157051 0.665064 0.153846 0.666667 0.150641 0.668269
0 0.147436 0.669872 0.145833 0.666667 0.141026 0.665064 0.142628 0.661859 0.144231 0.657051 0.147436 0.653846 0.153846 0.653846 0.155449 0.655449 0.158654 0.657051 0.158654 0.661859 0.314103 0.605769 0.310897 0.607372 0.307692 0.608974
0 0.304487 0.610577 0.302885 0.607372 0.298077 0.605769 0.299679 0.602564 0.301282 0.597756 0.304487 0.596154 0.310897 0.594551 0.312500 0.596154 0.315705 0.599359 0.315705 0.602564 0.347756 0.665064 0.344551 0.666667 0.341346 0.668269
0 0.336538 0.669872 0.334936 0.666667 0.331731 0.665064 0.333333 0.660256 0.334936 0.657051 0.338141 0.655449 0.342949 0.653846 0.346154 0.655449 0.347756 0.658654 0.376603 0.647436 0.373397 0.650641 0.370192 0.650641 0.366987 0.652244
0 0.365385 0.649038 0.362179 0.647436 0.363782 0.642628 0.365385 0.639423 0.368590 0.637821 0.373397 0.637821 0.376603 0.637821 0.378205 0.641026 0.379808 0.644231 0.458333 0.573718 0.455128 0.575321 0.451923 0.576923 0.447115 0.578526
0 0.445513 0.575321 0.442308 0.573718 0.443910 0.568910 0.445513 0.565705 0.448718 0.564103 0.453526 0.562500 0.456731 0.564103 0.459936 0.567308 0.459936 0.570513 0.448718 0.634615 0.445513 0.636218 0.442308 0.637821 0.437500 0.639423
0 0.435897 0.636218 0.432692 0.634615 0.432692 0.631410 0.434295 0.628205 0.439103 0.625000 0.443910 0.623397 0.447115 0.625000 0.450321 0.626603 0.450321 0.631410 0.536859 0.636218 0.533654 0.637821 0.530449 0.637821 0.527244 0.641026
0 0.525641 0.637821 0.524038 0.634615 0.522436 0.631410 0.524038 0.628205 0.528846 0.625000 0.533654 0.625000 0.536859 0.626603 0.538462 0.628205 0.538462 0.633013 0.504808 0.633013 0.501603 0.636218 0.496795 0.636218 0.493590 0.636218
0 0.490385 0.634615 0.487179 0.633013 0.488782 0.628205 0.490385 0.625000 0.493590 0.623397 0.501603 0.621795 0.503205 0.623397 0.506410 0.626603 0.506410 0.629808 0.556090 0.644231 0.552885 0.647436 0.549679 0.647436 0.544872 0.647436
0 0.543269 0.647436 0.541667 0.644231 0.540064 0.641026 0.543269 0.637821 0.546474 0.634615 0.551282 0.634615 0.554487 0.636218 0.557692 0.637821 0.557692 0.641026 0.552885 0.594551 0.549679 0.596154 0.546474 0.597756 0.543269 0.599359
0 0.541667 0.596154 0.538462 0.594551 0.540064 0.589744 0.541667 0.586538 0.544872 0.584936 0.549679 0.583333 0.552885 0.584936 0.554487 0.588141 0.556090 0.591346 0.570513 0.628205 0.567308 0.629808 0.564103 0.629808 0.559295 0.629808
0 0.557692 0.629808 0.556090 0.626603 0.554487 0.623397 0.557692 0.620192 0.560897 0.616987 0.565705 0.616987 0.568910 0.618590 0.572115 0.620192 0.572115 0.623397 0.580128 0.649038 0.576923 0.652244 0.573718 0.652244 0.570513 0.652244
0 0.567308 0.650641 0.564103 0.649038 0.565705 0.644231 0.567308 0.641026 0.570513 0.639423 0.575321 0.637821 0.578526 0.639423 0.581731 0.642628 0.581731 0.645833 0.607372 0.625000 0.604167 0.626603 0.600962 0.628205 0.597756 0.629808
0 0.596154 0.626603 0.591346 0.625000 0.592949 0.621795 0.594551 0.616987 0.597756 0.613782 0.604167 0.613782 0.607372 0.615385 0.608974 0.616987 0.608974 0.621795 0.589744 0.613782 0.586538 0.616987 0.583333 0.616987 0.580128 0.618590
0 0.578526 0.615385 0.573718 0.613782 0.575321 0.610577 0.576923 0.607372 0.580128 0.604167 0.586538 0.604167 0.588141 0.604167 0.591346 0.607372 0.591346 0.610577 0.573718 0.602564 0.570513 0.604167 0.568910 0.605769 0.564103 0.607372
0 0.562500 0.604167 0.559295 0.602564 0.560897 0.597756 0.562500 0.594551 0.565705 0.592949 0.570513 0.591346 0.573718 0.592949 0.575321 0.596154 0.576923 0.599359 0.668269 0.620192 0.665064 0.621795 0.661859 0.623397 0.658654 0.625000
0 0.657051 0.623397 0.655449 0.620192 0.653846 0.616987 0.655449 0.612179 0.658654 0.612179 0.665064 0.608974 0.668269 0.610577 0.669872 0.613782 0.669872 0.616987 0.673077 0.631410 0.671474 0.633013 0.668269 0.634615 0.665064 0.634615
0 0.663462 0.634615 0.658654 0.633013 0.660256 0.628205 0.661859 0.625000 0.665064 0.623397 0.669872 0.621795 0.673077 0.623397 0.674679 0.626603 0.674679 0.628205 0.650641 0.625000 0.649038 0.626603 0.647436 0.628205 0.644231 0.628205
0 0.641026 0.628205 0.636218 0.628205 0.637821 0.623397 0.639423 0.618590 0.644231 0.616987 0.649038 0.615385 0.652244 0.616987 0.653846 0.620192 0.653846 0.623397 0.703526 0.631410 0.700321 0.633013 0.697115 0.634615 0.693910 0.636218
0 0.692308 0.633013 0.690705 0.633013 0.689103 0.628205 0.690705 0.623397 0.695513 0.620192 0.700321 0.620192 0.703526 0.621795 0.705128 0.623397 0.706731 0.628205 0.727564 0.575321 0.724359 0.576923 0.721154 0.578526 0.717949 0.580128
0 0.716346 0.576923 0.713141 0.575321 0.714744 0.570513 0.716346 0.567308 0.719551 0.564103 0.724359 0.564103 0.727564 0.565705 0.727564 0.568910 0.730769 0.572115 0.695513 0.580128 0.693910 0.581731 0.692308 0.583333 0.689103 0.583333
0 0.685897 0.581731 0.681090 0.581731 0.682692 0.578526 0.684295 0.573718 0.689103 0.570513 0.693910 0.570513 0.697115 0.572115 0.698718 0.573718 0.697115 0.576923 0.753205 0.586538 0.750000 0.589744 0.746795 0.589744 0.741987 0.591346
0 0.740385 0.588141 0.733974 0.588141 0.735577 0.583333 0.738782 0.580128 0.741987 0.576923 0.750000 0.576923 0.751603 0.576923 0.754808 0.580128 0.754808 0.583333 0.772436 0.616987 0.769231 0.618590 0.767628 0.620192 0.762821 0.621795
0 0.761218 0.618590 0.758013 0.616987 0.759615 0.612179 0.761218 0.608974 0.764423 0.607372 0.769231 0.605769 0.772436 0.607372 0.774038 0.610577 0.775641 0.613782 0.830128 0.628205 0.826923 0.629808 0.823718 0.631410 0.818910 0.633013
0 0.817308 0.628205 0.814103 0.626603 0.815705 0.621795 0.817308 0.618590 0.820513 0.616987 0.823718 0.616987 0.828526 0.616987 0.830128 0.620192 0.831731 0.625000 0.806090 0.583333 0.802885 0.589744 0.796474 0.592949 0.791667 0.592949
0 0.786859 0.588141 0.785256 0.583333 0.788462 0.576923 0.793269 0.573718 0.799679 0.575321 0.802885 0.578526 0.838141 0.602564 0.836538 0.608974 0.830128 0.612179 0.825321 0.612179 0.820513 0.607372 0.818910 0.602564 0.822115 0.596154
0 0.828526 0.592949 0.833333 0.594551 0.838141 0.597756 0.900641 0.596154 0.899038 0.602564 0.891026 0.605769 0.886218 0.605769 0.879808 0.602564 0.879808 0.594551 0.881410 0.589744 0.889423 0.586538 0.894231 0.586538 0.899038 0.591346
0 0.863782 0.575321 0.862179 0.581731 0.854167 0.584936 0.847756 0.584936 0.842949 0.580128 0.842949 0.575321 0.844551 0.568910 0.850962 0.565705 0.857372 0.565705 0.862179 0.568910 0.862179 0.605769 0.860577 0.613782 0.852564 0.616987
0 0.847756 0.616987 0.841346 0.612179 0.841346 0.605769 0.842949 0.599359 0.849359 0.597756 0.857372 0.597756 0.860577 0.600962 0.887821 0.626603 0.884615 0.631410 0.878205 0.634615
0 0.871795 0.636218 0.866987 0.631410 0.866987 0.626603 0.868590 0.620192 0.875000 0.616987 0.879808 0.616987 0.886218 0.620192 0.918269 0.506410 0.916667 0.512821 0.908654 0.516026
0 0.903846 0.516026 0.899038 0.511218 0.899038 0.506410 0.900641 0.498397 0.905449 0.496795 0.911859 0.498397 0.916667 0.501603 0.878205 0.524038 0.878205 0.527244 0.871795 0.530449
0 0.865385 0.530449 0.860577 0.527244 0.860577 0.522436 0.863782 0.516026 0.868590 0.512821 0.875000 0.512821 0.879808 0.516026 0.996795 0.427885 0.991987 0.426282 0.987179 0.423077
0 0.987179 0.418269 0.990385 0.413462 0.995192 0.410256 0.895833 0.434295 0.894231 0.440705 0.884615 0.443910 0.879808 0.443910 0.875000 0.440705 0.875000 0.434295 0.878205 0.429487
0 0.883013 0.427885 0.891026 0.427885 0.894231 0.431090 0.844551 0.464744 0.842949 0.471154 0.836538 0.474359 0.830128 0.474359 0.825321 0.471154 0.825321 0.464744 0.830128 0.459936
0 0.834936 0.456731 0.839744 0.458333 0.842949 0.459936 0.812500 0.389423 0.809295 0.394231 0.799679 0.397436 0.794872 0.397436 0.790064 0.394231 0.790064 0.387821 0.791667 0.381410
0 0.802885 0.378205 0.809295 0.378205 0.812500 0.383013 0.923077 0.323718 0.916667 0.328526 0.910256 0.331731 0.903846 0.331731 0.899038 0.326923 0.899038 0.322115 0.902244 0.315705
0 0.910256 0.310897 0.918269 0.312500 0.923077 0.317308 0.871795 0.376603 0.866987 0.383013 0.860577 0.386218 0.855769 0.386218 0.850962 0.381410 0.849359 0.376603 0.852564 0.370192
0 0.860577 0.365385 0.868590 0.366987 0.871795 0.371795 0.988782 0.331731 0.985577 0.336538 0.975962 0.341346 0.971154 0.341346 0.964744 0.338141 0.966346 0.331731 0.967949 0.323718
0 0.977564 0.320513 0.985577 0.320513 0.988782 0.325321 0.748397 0.653846 0.743590 0.658654 0.735577 0.661859 0.730769 0.661859 0.725962 0.658654 0.725962 0.652244 0.727564 0.647436
0 0.737179 0.642628 0.743590 0.644231 0.746795 0.647436 0.185897 0.256410 0.181090 0.261218 0.174679 0.264423 0.169872 0.264423 0.165064 0.259615 0.163462 0.254808 0.166667 0.248397
0 0.174679 0.243590 0.182692 0.245192 0.185897 0.250000 0.649038 0.264423 0.652244 0.270833 0.650641 0.278846 0.647436 0.285256 0.639423 0.286859 0.634615 0.288462 0.628205 0.285256
0 0.623397 0.282051 0.625000 0.277244 0.626603 0.270833 0.629808 0.264423 0.636218 0.262821 0.642628 0.262821 0.570513 0.366987 0.573718 0.373397 0.572115 0.379808 0.568910 0.386218
0 0.560897 0.387821 0.554487 0.387821 0.549679 0.386218 0.544872 0.383013 0.546474 0.378205 0.548077 0.371795 0.551282 0.366987 0.557692 0.365385 0.564103 0.363782 0.799679 0.334936
0 0.802885 0.341346 0.802885 0.347756 0.798077 0.354167 0.790064 0.357372 0.783654 0.357372 0.778846 0.355769 0.775641 0.350962 0.774038 0.346154 0.775641 0.339744 0.780449 0.334936
0 0.788462 0.333333 0.794872 0.331731 0.751603 0.467949 0.756410 0.474359 0.748397 0.485577 0.740385 0.487179 0.733974 0.487179 0.729167 0.483974 0.727564 0.479167 0.729167 0.472756
0 0.730769 0.469551 0.737179 0.467949 0.745192 0.466346 0.206731 0.631410 0.209936 0.637821 0.208333 0.644231 0.203526 0.652244 0.195513 0.653846 0.190705 0.653846 0.184295 0.652244
0 0.181090 0.647436 0.181090 0.642628 0.182692 0.637821 0.185897 0.631410 0.192308 0.628205 0.198718 0.628205 0.342949 0.615385 0.344551 0.621795 0.342949 0.628205 0.339744 0.633013
0 0.334936 0.636218 0.328526 0.636218 0.323718 0.634615 0.320513 0.625000 0.322115 0.620192 0.323718 0.616987 0.330128 0.613782 0.338141 0.613782 0.777244 0.391026 0.780449 0.397436
0 0.778846 0.405449 0.775641 0.410256 0.767628 0.411859 0.762821 0.413462 0.756410 0.410256 0.753205 0.407051 0.753205 0.402244 0.754808 0.395833 0.758013 0.391026 0.764423 0.389423 0.770833 0.389423 0.745192 0.447115 0.748397 0.451923
0 0.746795 0.459936 0.738782 0.464744 0.732372 0.466346 0.725962 0.464744 0.722756 0.459936 0.722756 0.455128 0.725962 0.451923 0.727564 0.445513 0.733974 0.442308 0.740385 0.442308 0.825321 0.556090 0.828526 0.559295 0.826923 0.567308
0 0.818910 0.572115 0.812500 0.573718 0.806090 0.572115 0.801282 0.567308 0.801282 0.562500 0.802885 0.557692 0.806090 0.552885 0.815705 0.549679 0.820513 0.549679 0.910256 0.298077 0.908654 0.302885 0.907051 0.306090 0.902244 0.307692
0 0.899038 0.307692 0.895833 0.306090 0.892628 0.304487 0.892628 0.299679 0.895833 0.298077 0.899038 0.294872 0.905449 0.290064 0.908654 0.294872 0.945513 0.320513 0.943910 0.325321 0.939103 0.328526
0 0.935897 0.330128 0.932692 0.330128 0.927885 0.330128 0.924679 0.328526 0.926282 0.323718 0.927885 0.318910 0.931090 0.315705 0.937500 0.315705 0.942308 0.317308 0.918269 0.365385 0.916667 0.370192 0.913462 0.373397 0.910256 0.375000
0 0.905449 0.375000 0.902244 0.373397 0.899038 0.371795 0.899038 0.366987 0.900641 0.363782 0.903846 0.360577 0.911859 0.358974 0.915064 0.362179 0.842949 0.325321 0.841346 0.330128 0.838141 0.333333 0.834936 0.334936 0.830128 0.334936
0 0.825321 0.334936 0.822115 0.333333 0.823718 0.328526 0.825321 0.323718 0.830128 0.320513 0.836538 0.320513 0.839744 0.322115 0.823718 0.341346 0.823718 0.346154 0.820513 0.349359 0.817308 0.350962 0.812500 0.350962 0.809295 0.350962
0 0.804487 0.349359 0.806090 0.344551 0.809295 0.339744 0.812500 0.336538 0.818910 0.336538 0.822115 0.338141 0.825321 0.402244 0.823718 0.407051 0.820513 0.411859 0.817308 0.411859 0.814103 0.411859 0.810897 0.410256
0 0.806090 0.408654 0.806090 0.403846 0.810897 0.399038 0.814103 0.397436 0.820513 0.395833 0.823718 0.397436 0.892628 0.213141 0.892628 0.217949 0.889423 0.221154 0.886218 0.222756 0.879808 0.222756 0.876603 0.222756
0 0.871795 0.221154 0.873397 0.216346 0.876603 0.211538 0.881410 0.208333 0.887821 0.208333 0.891026 0.209936 0.774038 0.219551 0.772436 0.224359 0.769231 0.229167 0.766026 0.229167 0.762821 0.229167 0.758013 0.229167
0 0.754808 0.227564 0.756410 0.222756 0.758013 0.217949 0.761218 0.214744 0.767628 0.214744 0.770833 0.216346 0.746795 0.197115 0.745192 0.203526 0.743590 0.206731 0.738782 0.208333 0.735577 0.208333 0.732372 0.206731
0 0.729167 0.205128 0.729167 0.200321 0.732372 0.195513 0.735577 0.192308 0.741987 0.190705 0.745192 0.192308 0.796474 0.217949 0.794872 0.222756 0.793269 0.227564 0.786859 0.229167 0.783654 0.229167 0.780449 0.229167
0 0.777244 0.225962 0.777244 0.221154 0.778846 0.217949 0.783654 0.213141 0.791667 0.213141 0.794872 0.214744 0.884615 0.347756 0.884615 0.352564 0.881410 0.355769 0.878205 0.357372 0.871795 0.357372 0.868590 0.355769
0 0.865385 0.354167 0.865385 0.349359 0.868590 0.344551 0.873397 0.342949 0.879808 0.341346 0.883013 0.342949 0.857372 0.355769 0.855769 0.360577 0.854167 0.363782 0.849359 0.365385 0.846154 0.365385 0.841346 0.365385
0 0.838141 0.362179 0.838141 0.357372 0.841346 0.354167 0.846154 0.350962 0.852564 0.350962 0.855769 0.352564 0.836538 0.358974 0.836538 0.363782 0.833333 0.366987 0.830128 0.368590 0.825321 0.368590 0.822115 0.368590
0 0.820513 0.365385 0.818910 0.360577 0.822115 0.357372 0.825321 0.354167 0.831731 0.354167 0.834936 0.355769 0.754808 0.322115 0.753205 0.325321 0.750000 0.331731 0.746795 0.331731 0.743590 0.333333 0.738782 0.333333
0 0.737179 0.330128 0.737179 0.325321 0.738782 0.318910 0.741987 0.317308 0.748397 0.315705 0.751603 0.317308 0.956731 0.440705 0.955128 0.445513 0.953526 0.450321 0.948718 0.450321 0.945513 0.451923 0.940705 0.450321
0 0.937500 0.443910 0.940705 0.439103 0.945513 0.435897 0.951923 0.435897 0.955128 0.437500 0.846154 0.440705 0.844551 0.445513 0.841346 0.448718 0.838141 0.450321 0.834936 0.450321 0.830128 0.450321 0.828526 0.447115
0 0.828526 0.442308 0.830128 0.439103 0.833333 0.435897 0.839744 0.434295 0.842949 0.435897 0.786859 0.466346 0.785256 0.471154 0.783654 0.474359 0.778846 0.475962 0.775641 0.475962 0.772436 0.475962 0.767628 0.474359
0 0.769231 0.469551 0.770833 0.464744 0.775641 0.461538 0.782051 0.461538 0.785256 0.463141 0.692308 0.471154 0.690705 0.475962 0.689103 0.479167 0.684295 0.480769 0.681090 0.480769 0.677885 0.479167 0.674679 0.477564
0 0.674679 0.472756 0.677885 0.467949 0.681090 0.466346 0.687500 0.464744 0.690705 0.466346 0.876603 0.559295 0.875000 0.564103 0.868590 0.568910 0.865385 0.568910 0.860577 0.568910 0.857372 0.567308 0.858974 0.562500
0 0.860577 0.557692 0.863782 0.554487 0.870192 0.554487 0.873397 0.556090 0.786859 0.439103 0.786859 0.442308 0.785256 0.443910 0.782051 0.445513 0.778846 0.445513 0.774038 0.445513 0.770833 0.443910 0.772436 0.439103
0 0.774038 0.434295 0.777244 0.431090 0.783654 0.431090 0.786859 0.432692 0.586538 0.503205 0.584936 0.508013 0.581731 0.511218 0.578526 0.512821 0.575321 0.512821 0.570513 0.512821 0.568910 0.509615 0.568910 0.504808
0 0.570513 0.501603 0.573718 0.496795 0.578526 0.496795 0.583333 0.496795 0.615385 0.532051 0.613782 0.535256 0.612179 0.540064 0.607372 0.540064 0.604167 0.541667 0.600962 0.540064 0.597756 0.538462 0.597756 0.533654
0 0.599359 0.528846 0.602564 0.527244 0.610577 0.525641 0.613782 0.527244 0.653846 0.501603 0.652244 0.506410 0.650641 0.509615 0.645833 0.511218 0.642628 0.511218 0.639423 0.509615 0.636218 0.508013 0.636218 0.503205
0 0.639423 0.496795 0.642628 0.495192 0.649038 0.493590 0.652244 0.495192 0.615385 0.458333 0.615385 0.463141 0.612179 0.466346 0.608974 0.467949 0.604167 0.467949 0.600962 0.466346 0.597756 0.464744 0.597756 0.459936
0 0.600962 0.455128 0.604167 0.453526 0.610577 0.451923 0.613782 0.453526 0.570513 0.415064 0.568910 0.419872 0.565705 0.423077 0.562500 0.424679 0.559295 0.424679 0.554487 0.424679 0.552885 0.421474 0.552885 0.416667
0 0.554487 0.411859 0.557692 0.410256 0.564103 0.408654 0.567308 0.410256 0.530449 0.432692 0.528846 0.437500 0.525641 0.442308 0.522436 0.442308 0.519231 0.442308 0.514423 0.442308 0.511218 0.440705 0.512821 0.435897
0 0.514423 0.431090 0.517628 0.427885 0.524038 0.427885 0.527244 0.429487 0.548077 0.437500 0.548077 0.442308 0.544872 0.445513 0.541667 0.447115 0.536859 0.447115 0.533654 0.447115 0.532051 0.443910 0.530449 0.439103
0 0.533654 0.435897 0.536859 0.432692 0.543269 0.431090 0.546474 0.432692 0.549679 0.407051 0.548077 0.410256 0.544872 0.415064 0.541667 0.416667 0.538462 0.416667 0.533654 0.416667 0.532051 0.413462 0.532051 0.408654
0 0.533654 0.403846 0.536859 0.402244 0.543269 0.400641 0.546474 0.402244 0.689103 0.371795 0.689103 0.375000 0.685897 0.379808 0.682692 0.379808 0.677885 0.381410 0.674679 0.381410 0.673077 0.378205 0.671474 0.373397
0 0.674679 0.368590 0.677885 0.366987 0.684295 0.365385 0.687500 0.366987 0.666667 0.410256 0.666667 0.415064 0.663462 0.418269 0.660256 0.419872 0.655449 0.419872 0.652244 0.419872 0.649038 0.416667 0.649038 0.411859
0 0.652244 0.408654 0.655449 0.405449 0.658654 0.408654 0.681090 0.397436 0.679487 0.402244 0.676282 0.407051 0.673077 0.407051 0.668269 0.407051 0.665064 0.407051 0.661859 0.405449 0.663462 0.400641 0.665064 0.395833
0 0.668269 0.392628 0.674679 0.392628 0.677885 0.394231 0.665064 0.330128 0.665064 0.333333 0.661859 0.338141 0.657051 0.339744 0.653846 0.339744 0.650641 0.338141 0.647436 0.336538 0.647436 0.331731 0.650641 0.326923
0 0.653846 0.325321 0.660256 0.323718 0.663462 0.325321 0.581731 0.342949 0.580128 0.346154 0.576923 0.350962 0.573718 0.352564 0.570513 0.352564 0.565705 0.352564 0.564103 0.349359 0.564103 0.344551 0.565705 0.339744
0 0.568910 0.338141 0.575321 0.336538 0.578526 0.338141 0.607372 0.381410 0.607372 0.384615 0.604167 0.389423 0.600962 0.391026 0.596154 0.391026 0.592949 0.389423 0.589744 0.387821 0.589744 0.383013 0.592949 0.378205
0 0.596154 0.376603 0.602564 0.375000 0.605769 0.376603 0.589744 0.370192 0.589744 0.375000 0.586538 0.378205 0.583333 0.379808 0.578526 0.379808 0.575321 0.379808 0.573718 0.376603 0.572115 0.373397 0.575321 0.368590
0 0.578526 0.365385 0.584936 0.365385 0.588141 0.366987 0.681090 0.270833 0.679487 0.274038 0.676282 0.278846 0.673077 0.278846 0.669872 0.280449 0.665064 0.280449 0.663462 0.277244 0.663462 0.272436 0.665064 0.267628
0 0.668269 0.266026 0.674679 0.264423 0.677885 0.266026 0.637821 0.193910 0.637821 0.197115 0.634615 0.203526 0.631410 0.205128 0.626603 0.205128 0.623397 0.205128 0.621795 0.201923 0.618590 0.197115 0.623397 0.190705
0 0.626603 0.189103 0.633013 0.187500 0.636218 0.189103 0.620192 0.192308 0.620192 0.197115 0.616987 0.203526 0.613782 0.203526 0.608974 0.206731 0.607372 0.203526 0.605769 0.200321 0.605769 0.193910 0.607372 0.190705
0 0.612179 0.187500 0.615385 0.187500 0.618590 0.189103 0.701923 0.198718 0.701923 0.203526 0.698718 0.206731 0.695513 0.208333 0.690705 0.208333 0.687500 0.208333 0.685897 0.205128 0.685897 0.200321 0.687500 0.197115
0 0.690705 0.193910 0.697115 0.193910 0.700321 0.195513 0.508013 0.238782 0.506410 0.241987 0.503205 0.248397 0.498397 0.248397 0.495192 0.250000 0.491987 0.248397 0.490385 0.243590 0.490385 0.238782 0.493590 0.235577
0 0.496795 0.232372 0.501603 0.232372 0.504808 0.233974 0.525641 0.237179 0.525641 0.241987 0.522436 0.245192 0.519231 0.248397 0.514423 0.251603 0.512821 0.248397 0.511218 0.243590 0.511218 0.238782 0.512821 0.235577
0 0.517628 0.232372 0.520833 0.232372 0.524038 0.233974 0.538462 0.216346 0.538462 0.221154 0.535256 0.225962 0.532051 0.225962 0.527244 0.227564 0.522436 0.225962 0.524038 0.222756 0.524038 0.217949 0.525641 0.214744
0 0.530449 0.211538 0.533654 0.211538 0.536859 0.213141 0.472756 0.235577 0.471154 0.240385 0.467949 0.243590 0.464744 0.245192 0.461538 0.245192 0.458333 0.245192 0.456731 0.241987 0.456731 0.237179 0.458333 0.232372
0 0.463141 0.230769 0.466346 0.230769 0.469551 0.232372 0.456731 0.217949 0.456731 0.222756 0.453526 0.227564 0.450321 0.227564 0.445513 0.230769 0.443910 0.227564 0.442308 0.224359 0.442308 0.219551 0.443910 0.216346
0 0.448718 0.213141 0.451923 0.213141 0.455128 0.214744 0.399038 0.389423 0.399038 0.392628 0.395833 0.397436 0.392628 0.399038 0.387821 0.400641 0.386218 0.397436 0.384615 0.394231 0.384615 0.389423 0.386218 0.386218
0 0.391026 0.384615 0.394231 0.383013 0.397436 0.384615 0.350962 0.402244 0.349359 0.407051 0.346154 0.410256 0.342949 0.411859 0.339744 0.411859 0.336538 0.410256 0.333333 0.408654 0.334936 0.403846 0.338141 0.399038
0 0.341346 0.397436 0.344551 0.395833 0.347756 0.397436 0.376603 0.402244 0.375000 0.407051 0.371795 0.410256 0.368590 0.411859 0.365385 0.411859 0.362179 0.411859 0.360577 0.408654 0.360577 0.403846 0.362179 0.400641
0 0.366987 0.397436 0.370192 0.397436 0.373397 0.399038 0.411859 0.424679 0.411859 0.429487 0.408654 0.432692 0.405449 0.434295 0.400641 0.435897 0.399038 0.432692 0.395833 0.431090 0.397436 0.426282 0.399038 0.421474
0 0.403846 0.419872 0.407051 0.419872 0.410256 0.421474 0.363782 0.354167 0.362179 0.358974 0.360577 0.362179 0.355769 0.363782 0.352564 0.363782 0.349359 0.362179 0.346154 0.360577 0.347756 0.355769 0.350962 0.350962
0 0.354167 0.349359 0.358974 0.349359 0.362179 0.350962 0.392628 0.338141 0.392628 0.342949 0.389423 0.347756 0.386218 0.347756 0.381410 0.350962 0.379808 0.347756 0.378205 0.344551 0.378205 0.339744 0.379808 0.336538
0 0.384615 0.333333 0.387821 0.333333 0.391026 0.334936 0.365385 0.371795 0.363782 0.376603 0.362179 0.379808 0.357372 0.381410 0.354167 0.381410 0.350962 0.381410 0.347756 0.379808 0.349359 0.375000 0.352564 0.370192
0 0.355769 0.366987 0.360577 0.366987 0.363782 0.368590 0.450321 0.354167 0.448718 0.358974 0.447115 0.362179 0.442308 0.363782 0.439103 0.363782 0.435897 0.362179 0.432692 0.360577 0.434295 0.355769 0.437500 0.350962
0 0.440705 0.349359 0.445513 0.347756 0.448718 0.349359 0.251603 0.423077 0.250000 0.427885 0.248397 0.431090 0.243590 0.432692 0.240385 0.432692 0.235577 0.432692 0.237179 0.427885 0.235577 0.424679 0.238782 0.419872
0 0.241987 0.418269 0.246795 0.416667 0.250000 0.418269 0.423077 0.480769 0.423077 0.485577 0.419872 0.488782 0.415064 0.490385 0.411859 0.490385 0.407051 0.490385 0.408654 0.487179 0.407051 0.482372 0.410256 0.477564
0 0.413462 0.475962 0.418269 0.475962 0.421474 0.477564 0.466346 0.490385 0.464744 0.495192 0.463141 0.501603 0.458333 0.501603 0.455128 0.501603 0.451923 0.501603 0.450321 0.496795 0.450321 0.491987 0.453526 0.488782
0 0.456731 0.485577 0.461538 0.485577 0.464744 0.487179 0.464744 0.469551 0.463141 0.474359 0.461538 0.477564 0.456731 0.479167 0.453526 0.479167 0.450321 0.477564 0.447115 0.475962 0.448718 0.471154 0.451923 0.466346
0 0.455128 0.464744 0.459936 0.463141 0.463141 0.464744 0.495192 0.485577 0.495192 0.488782 0.491987 0.493590 0.488782 0.493590 0.483974 0.495192 0.479167 0.495192 0.480769 0.490385 0.480769 0.485577 0.482372 0.482372
0 0.487179 0.479167 0.490385 0.479167 0.493590 0.480769 0.472756 0.445513 0.471154 0.448718 0.469551 0.453526 0.464744 0.455128 0.461538 0.455128 0.458333 0.453526 0.455128 0.451923 0.456731 0.447115 0.459936 0.442308
0 0.463141 0.440705 0.466346 0.440705 0.471154 0.440705 0.479167 0.416667 0.479167 0.421474 0.475962 0.426282 0.472756 0.426282 0.467949 0.426282 0.463141 0.426282 0.464744 0.423077 0.464744 0.418269 0.466346 0.415064
0 0.471154 0.411859 0.474359 0.411859 0.477564 0.413462 0.503205 0.426282 0.503205 0.431090 0.498397 0.434295 0.495192 0.435897 0.490385 0.439103 0.488782 0.435897 0.487179 0.432692 0.487179 0.427885 0.488782 0.424679
0 0.493590 0.421474 0.496795 0.421474 0.501603 0.423077 0.501603 0.387821 0.501603 0.392628 0.496795 0.397436 0.493590 0.397436 0.488782 0.400641 0.487179 0.397436 0.485577 0.394231 0.485577 0.389423 0.487179 0.386218
0 0.491987 0.383013 0.495192 0.383013 0.498397 0.384615 0.464744 0.384615 0.464744 0.387821 0.461538 0.392628 0.458333 0.394231 0.453526 0.395833 0.451923 0.392628 0.448718 0.391026 0.450321 0.386218 0.451923 0.381410
0 0.456731 0.379808 0.459936 0.378205 0.463141 0.379808 0.391026 0.424679 0.391026 0.427885 0.389423 0.432692 0.384615 0.432692 0.381410 0.432692 0.379808 0.429487 0.381410 0.426282 0.383013 0.423077 0.386218 0.421474
0 0.389423 0.421474 0.326923 0.413462 0.326923 0.416667 0.323718 0.421474 0.320513 0.421474 0.312500 0.424679 0.314103 0.419872 0.315705 0.415064 0.317308 0.411859 0.320513 0.410256 0.325321 0.410256 0.432692 0.440705
0 0.431090 0.443910 0.429487 0.447115 0.424679 0.448718 0.421474 0.448718 0.419872 0.445513 0.421474 0.442308 0.423077 0.439103 0.426282 0.437500 0.429487 0.437500 0.451923 0.437500 0.451923 0.440705 0.448718 0.443910
0 0.445513 0.445513 0.442308 0.445513 0.439103 0.443910 0.440705 0.439103 0.442308 0.435897 0.445513 0.434295 0.450321 0.434295 0.527244 0.403846 0.527244 0.408654 0.524038 0.411859 0.519231 0.413462 0.512821 0.415064
0 0.514423 0.410256 0.516026 0.407051 0.517628 0.403846 0.520833 0.400641 0.524038 0.402244 0.482372 0.459936 0.482372 0.461538 0.479167 0.463141 0.475962 0.464744 0.472756 0.463141 0.474359 0.459936 0.475962 0.456731
0 0.477564 0.456731 0.480769 0.456731 0.347756 0.440705 0.347756 0.443910 0.344551 0.447115 0.339744 0.448718 0.333333 0.450321 0.334936 0.447115 0.336538 0.442308 0.338141 0.439103 0.341346 0.437500 0.344551 0.437500
0 0.294872 0.407051 0.294872 0.411859 0.291667 0.415064 0.288462 0.416667 0.283654 0.418269 0.282051 0.415064 0.278846 0.413462 0.280449 0.408654 0.282051 0.403846 0.286859 0.402244 0.290064 0.400641 0.293269 0.402244
0 0.294872 0.456731 0.294872 0.459936 0.291667 0.464744 0.286859 0.466346 0.283654 0.466346 0.278846 0.466346 0.280449 0.461538 0.278846 0.456731 0.282051 0.453526 0.285256 0.451923 0.290064 0.450321 0.293269 0.451923
0 0.208333 0.442308 0.208333 0.447115 0.205128 0.450321 0.201923 0.451923 0.197115 0.451923 0.190705 0.453526 0.192308 0.448718 0.193910 0.443910 0.195513 0.439103 0.200321 0.437500
0 0.203526 0.435897 0.206731 0.437500 0.235577 0.490385 0.233974 0.495192 0.230769 0.501603 0.227564 0.501603 0.224359 0.501603 0.221154 0.501603 0.219551 0.496795 0.219551 0.491987
0 0.222756 0.488782 0.225962 0.485577 0.229167 0.485577 0.232372 0.487179 0.270833 0.347756 0.270833 0.352564 0.267628 0.355769 0.264423 0.357372 0.259615 0.358974 0.258013 0.357372
0 0.256410 0.354167 0.256410 0.349359 0.258013 0.344551 0.262821 0.342949 0.266026 0.341346 0.269231 0.342949 0.235577 0.357372 0.233974 0.360577 0.232372 0.365385 0.227564 0.365385
0 0.224359 0.366987 0.219551 0.366987 0.221154 0.362179 0.219551 0.357372 0.222756 0.354167 0.225962 0.350962 0.230769 0.350962 0.233974 0.352564 0.216346 0.366987 0.214744 0.370192
0 0.213141 0.375000 0.208333 0.376603 0.205128 0.376603 0.200321 0.376603 0.201923 0.371795 0.198718 0.366987 0.203526 0.363782 0.206731 0.362179 0.211538 0.360577
0 0.214744 0.362179 0.181090 0.371795 0.179487 0.376603 0.177885 0.379808 0.173077 0.381410 0.169872 0.381410 0.166667 0.381410 0.165064 0.378205 0.165064 0.371795 0.168269 0.368590
0 0.171474 0.365385 0.176282 0.365385 0.179487 0.366987 0.165064 0.389423 0.163462 0.394231 0.160256 0.397436 0.157051 0.399038 0.153846 0.399038 0.149038 0.397436 0.145833 0.395833 0.147436 0.391026 0.150641 0.386218
0 0.155449 0.384615 0.158654 0.383013 0.161859 0.384615 0.195513 0.347756 0.195513 0.352564 0.192308 0.355769 0.189103 0.357372 0.184295 0.357372 0.179487 0.358974 0.179487 0.354167 0.181090 0.349359 0.182692 0.344551
0 0.185897 0.342949 0.190705 0.341346 0.193910 0.344551 0.179487 0.341346 0.177885 0.346154 0.174679 0.349359 0.171474 0.350962 0.168269 0.350962 0.165064 0.350962 0.163462 0.347756 0.161859 0.342949 0.165064 0.341346
0 0.168269 0.338141 0.171474 0.338141 0.176282 0.338141 0.181090 0.323718 0.179487 0.328526 0.177885 0.331731 0.173077 0.333333 0.169872 0.333333 0.163462 0.333333 0.165064 0.328526 0.163462 0.325321 0.166667 0.320513
0 0.169872 0.318910 0.176282 0.317308 0.179487 0.318910 0.214744 0.342949 0.214744 0.346154 0.211538 0.352564 0.208333 0.354167 0.201923 0.354167 0.200321 0.350962 0.198718 0.347756 0.198718 0.342949 0.200321 0.339744
0 0.205128 0.338141 0.206731 0.338141 0.213141 0.338141 0.225962 0.325321 0.225962 0.330128 0.222756 0.333333 0.219551 0.334936 0.214744 0.334936 0.206731 0.336538 0.208333 0.331731 0.209936 0.326923 0.211538 0.322115
0 0.216346 0.320513 0.221154 0.318910 0.224359 0.322115 0.229167 0.283654 0.227564 0.288462 0.224359 0.291667 0.221154 0.293269 0.217949 0.293269 0.214744 0.291667 0.211538 0.290064 0.213141 0.285256 0.216346 0.280449
0 0.219551 0.278846 0.222756 0.277244 0.225962 0.280449 0.288462 0.323718 0.286859 0.328526 0.283654 0.333333 0.278846 0.333333 0.275641 0.333333 0.272436 0.333333 0.270833 0.330128 0.270833 0.325321 0.274038 0.322115
0 0.277244 0.318910 0.280449 0.318910 0.283654 0.320513 0.104167 0.496795 0.102564 0.503205 0.099359 0.506410 0.096154 0.508013 0.092949 0.508013 0.089744 0.506410 0.086538 0.504808 0.088141 0.498397 0.091346 0.493590
0 0.094551 0.491987 0.099359 0.490385 0.100962 0.491987 0.136218 0.530449 0.137821 0.532051 0.136218 0.535256 0.131410 0.536859 0.128205 0.536859 0.125000 0.535256 0.121795 0.533654 0.123397 0.528846 0.126603 0.524038
0 0.129808 0.522436 0.134615 0.522436 0.155449 0.517628 0.153846 0.522436 0.150641 0.525641 0.147436 0.527244 0.144231 0.527244 0.139423 0.527244 0.137821 0.524038 0.137821 0.519231 0.142628 0.514423 0.145833 0.512821
0 0.149038 0.512821 0.152244 0.514423 0.213141 0.532051 0.213141 0.535256 0.209936 0.538462 0.206731 0.540064 0.203526 0.540064 0.200321 0.538462 0.197115 0.536859 0.198718 0.532051 0.201923 0.527244 0.205128 0.525641
0 0.208333 0.524038 0.209936 0.527244 0.134615 0.556090 0.133013 0.559295 0.129808 0.564103 0.126603 0.564103 0.123397 0.565705 0.120192 0.564103 0.118590 0.560897 0.118590 0.556090 0.121795 0.552885 0.125000 0.549679
0 0.128205 0.549679 0.131410 0.551282 0.405449 0.525641 0.403846 0.528846 0.402244 0.533654 0.397436 0.533654 0.394231 0.535256 0.389423 0.535256 0.391026 0.530449 0.389423 0.525641 0.392628 0.522436 0.395833 0.519231
0 0.400641 0.519231 0.403846 0.520833 0.458333 0.540064 0.458333 0.543269 0.455128 0.548077 0.450321 0.549679 0.447115 0.549679 0.442308 0.549679 0.443910 0.544872 0.443910 0.540064 0.445513 0.536859 0.448718 0.535256
0 0.453526 0.533654 0.456731 0.535256 0.586538 0.482372 0.586538 0.487179 0.583333 0.491987 0.580128 0.491987 0.575321 0.491987 0.570513 0.491987 0.572115 0.488782 0.572115 0.483974 0.573718 0.480769 0.578526 0.477564
0 0.581731 0.477564 0.584936 0.479167 0.578526 0.466346 0.576923 0.471154 0.573718 0.474359 0.570513 0.475962 0.567308 0.475962 0.564103 0.475962 0.562500 0.472756 0.562500 0.467949 0.565705 0.463141 0.568910 0.461538
0 0.572115 0.461538 0.575321 0.463141 0.350962 0.527244 0.347756 0.532051 0.342949 0.535256 0.338141 0.535256 0.334936 0.532051 0.334936 0.525641 0.336538 0.522436 0.341346 0.519231 0.346154 0.519231 0.349359 0.522436
0 0.386218 0.532051 0.384615 0.536859 0.381410 0.541667 0.378205 0.541667 0.375000 0.543269 0.371795 0.541667 0.370192 0.538462 0.370192 0.533654 0.373397 0.530449 0.376603 0.527244 0.379808 0.527244 0.383013 0.528846
0 0.113782 0.344551 0.113782 0.349359 0.110577 0.352564 0.105769 0.354167 0.102564 0.354167 0.097756 0.354167 0.099359 0.349359 0.096154 0.346154 0.100962 0.341346 0.104167 0.339744 0.108974 0.338141 0.112179 0.339744
0 0.145833 0.362179 0.144231 0.366987 0.142628 0.370192 0.137821 0.371795 0.134615 0.371795 0.129808 0.371795 0.131410 0.366987 0.133013 0.358974 0.136218 0.357372 0.141026 0.357372 0.144231 0.358974 0.133013 0.407051
0 0.133013 0.410256 0.129808 0.415064 0.126603 0.415064 0.121795 0.418269 0.120192 0.415064 0.118590 0.411859 0.118590 0.407051 0.120192 0.403846 0.125000 0.400641 0.128205 0.400641 0.131410 0.402244 0.165064 0.423077
0 0.163462 0.427885 0.160256 0.431090 0.157051 0.432692 0.153846 0.432692 0.150641 0.431090 0.147436 0.429487 0.149038 0.424679 0.152244 0.419872 0.155449 0.418269 0.158654 0.418269 0.161859 0.419872 0.197115 0.408654
0 0.197115 0.413462 0.193910 0.416667 0.190705 0.418269 0.184295 0.421474 0.182692 0.418269 0.181090 0.415064 0.181090 0.410256 0.182692 0.407051 0.187500 0.403846 0.190705 0.403846 0.195513 0.405449 0.116987 0.307692
0 0.115385 0.312500 0.113782 0.315705 0.108974 0.317308 0.104167 0.317308 0.100962 0.315705 0.097756 0.314103 0.099359 0.309295 0.102564 0.304487 0.105769 0.302885 0.110577 0.301282 0.115385 0.304487 0.184295 0.272436
0 0.184295 0.277244 0.181090 0.280449 0.177885 0.282051 0.173077 0.283654 0.171474 0.280449 0.168269 0.278846 0.169872 0.274038 0.171474 0.269231 0.176282 0.267628 0.179487 0.266026
0 0.182692 0.267628 0.129808 0.360577 0.129808 0.363782 0.126603 0.368590 0.120192 0.368590 0.116987 0.370192 0.112179 0.370192 0.113782 0.365385 0.113782 0.360577 0.115385 0.357372 0.118590 0.354167 0.123397 0.354167
0 0.128205 0.355769 0.110577 0.389423 0.110577 0.394231 0.107372 0.397436 0.104167 0.399038 0.099359 0.402244 0.097756 0.399038 0.096154 0.395833 0.096154 0.391026 0.097756 0.387821 0.102564 0.384615 0.105769 0.384615
0 0.108974 0.386218 0.118590 0.421474 0.116987 0.426282 0.113782 0.429487 0.108974 0.431090 0.104167 0.434295 0.102564 0.431090 0.100962 0.427885 0.100962 0.423077 0.102564 0.419872 0.107372 0.416667 0.110577 0.416667
0 0.115385 0.418269 0.137821 0.477564 0.136218 0.482372 0.133013 0.485577 0.129808 0.487179 0.126603 0.487179 0.123397 0.485577 0.120192 0.483974 0.121795 0.479167 0.125000 0.474359 0.128205 0.472756 0.131410 0.471154
0 0.134615 0.472756 0.230769 0.573718 0.229167 0.576923 0.227564 0.580128 0.224359 0.580128 0.221154 0.581731 0.217949 0.580128 0.214744 0.578526 0.216346 0.573718 0.217949 0.570513 0.222756 0.568910 0.225962 0.567308
0 0.229167 0.570513 0.166667 0.556090 0.165064 0.559295 0.163462 0.560897 0.160256 0.562500 0.157051 0.565705 0.155449 0.562500 0.152244 0.560897 0.153846 0.556090 0.155449 0.552885 0.158654 0.549679 0.161859 0.549679
0 0.165064 0.552885 0.107372 0.583333 0.105769 0.586538 0.104167 0.588141 0.100962 0.591346 0.097756 0.591346 0.094551 0.591346 0.091346 0.589744 0.092949 0.583333 0.094551 0.580128 0.099359 0.576923 0.102564 0.576923
0 0.105769 0.580128 0.240385 0.471154 0.238782 0.474359 0.237179 0.477564 0.233974 0.477564 0.230769 0.477564 0.225962 0.479167 0.227564 0.475962 0.224359 0.472756 0.229167 0.467949 0.232372 0.464744 0.235577 0.464744
0 0.238782 0.467949 0.189103 0.467949 0.187500 0.471154 0.185897 0.474359 0.181090 0.475962 0.177885 0.475962 0.174679 0.475962 0.171474 0.474359 0.173077 0.469551 0.174679 0.466346 0.179487 0.463141 0.182692 0.463141
0 0.187500 0.464744 0.165064 0.583333 0.163462 0.586538 0.161859 0.589744 0.158654 0.591346 0.155449 0.591346 0.152244 0.589744 0.149038 0.588141 0.150641 0.584936 0.152244 0.580128 0.157051 0.578526 0.160256 0.578526
0 0.163462 0.580128 0.081731 0.706731 0.080128 0.709936 0.078526 0.711538 0.075321 0.713141 0.072115 0.713141 0.067308 0.713141 0.064103 0.711538 0.065705 0.706731 0.070513 0.703526 0.073718 0.700321 0.076923 0.700321
0 0.080128 0.701923 0.123397 0.652244 0.123397 0.655449 0.120192 0.657051 0.118590 0.658654 0.113782 0.661859 0.112179 0.658654 0.108974 0.657051 0.110577 0.652244 0.112179 0.649038 0.115385 0.645833 0.118590 0.645833
0 0.121795 0.647436 0.264423 0.540064 0.266026 0.541667 0.262821 0.544872 0.261218 0.544872 0.256410 0.548077 0.254808 0.544872 0.251603 0.543269 0.253205 0.540064 0.254808 0.535256 0.258013 0.533654 0.261218 0.533654
0 0.266026 0.535256 0.323718 0.665064 0.322115 0.668269 0.318910 0.669872 0.314103 0.671474 0.312500 0.668269 0.310897 0.665064 0.310897 0.663462 0.314103 0.660256 0.320513 0.658654 0.323718 0.660256 0.399038 0.623397
0 0.397436 0.626603 0.392628 0.628205 0.389423 0.629808 0.387821 0.626603 0.386218 0.623397 0.387821 0.620192 0.389423 0.616987 0.394231 0.616987 0.397436 0.620192 0.318910 0.653846 0.318910 0.655449 0.315705 0.657051
0 0.310897 0.658654 0.309295 0.655449 0.307692 0.652244 0.309295 0.649038 0.312500 0.647436 0.317308 0.647436 0.320513 0.649038 0.318910 0.634615 0.318910 0.636218 0.315705 0.636218 0.314103 0.637821 0.312500 0.634615
0 0.312500 0.629808 0.314103 0.631410 0.317308 0.628205 0.320513 0.629808 0.115385 0.685897 0.113782 0.689103 0.112179 0.690705 0.107372 0.692308 0.104167 0.692308 0.100962 0.692308 0.097756 0.690705 0.099359 0.685897
0 0.100962 0.682692 0.107372 0.679487 0.110577 0.679487 0.113782 0.681090 0.360577 0.663462 0.360577 0.665064 0.357372 0.666667 0.352564 0.668269 0.350962 0.665064 0.349359 0.661859 0.350962 0.658654 0.354167 0.655449
0 0.358974 0.655449 0.362179 0.658654 0.456731 0.600962 0.456731 0.602564 0.453526 0.604167 0.448718 0.604167 0.447115 0.604167 0.445513 0.599359 0.447115 0.596154 0.450321 0.594551 0.455128 0.594551 0.458333 0.596154
0 0.415064 0.541667 0.415064 0.543269 0.411859 0.544872 0.407051 0.544872 0.405449 0.544872 0.403846 0.540064 0.405449 0.536859 0.408654 0.535256 0.413462 0.535256 0.416667 0.536859 0.418269 0.650641 0.416667 0.653846
0 0.411859 0.655449 0.408654 0.657051 0.407051 0.653846 0.403846 0.652244 0.405449 0.649038 0.408654 0.645833 0.413462 0.645833 0.416667 0.647436 0.589744 0.572115 0.589744 0.573718 0.586538 0.575321 0.583333 0.575321
0 0.576923 0.576923 0.578526 0.572115 0.580128 0.567308 0.583333 0.567308 0.588141 0.565705 0.591346 0.567308 0.583333 0.560897 0.581731 0.564103 0.576923 0.565705 0.573718 0.567308
0 0.572115 0.564103 0.568910 0.562500 0.570513 0.559295 0.573718 0.556090 0.578526 0.556090 0.581731 0.557692 0.530449 0.584936 0.528846 0.588141 0.525641 0.589744 0.520833 0.591346
0 0.519231 0.588141 0.517628 0.584936 0.519231 0.581731 0.522436 0.578526 0.527244 0.578526 0.528846 0.581731 0.474359 0.556090 0.472756 0.559295 0.469551 0.560897 0.466346 0.560897
0 0.459936 0.562500 0.461538 0.557692 0.463141 0.552885 0.466346 0.549679 0.471154 0.549679 0.474359 0.551282 0.483974 0.564103 0.482372 0.567308 0.477564 0.568910
0 0.474359 0.570513 0.472756 0.567308 0.469551 0.565705 0.471154 0.562500 0.474359 0.559295 0.479167 0.559295 0.482372 0.560897 0.536859 0.562500 0.536859 0.564103 0.533654 0.565705 0.528846 0.567308 0.527244 0.564103
0 0.525641 0.560897 0.527244 0.557692 0.530449 0.556090 0.533654 0.556090 0.538462 0.557692 0.546474 0.549679 0.546474 0.551282 0.541667 0.552885 0.535256 0.554487 0.536859 0.549679
0 0.538462 0.544872 0.541667 0.543269 0.544872 0.543269 0.546474 0.544872 0.556090 0.546474 0.556090 0.549679 0.551282 0.552885 0.549679 0.549679 0.548077 0.546474 0.549679 0.543269
0 0.551282 0.540064 0.554487 0.540064 0.557692 0.541667 0.434295 0.644231 0.432692 0.647436 0.427885 0.647436 0.421474 0.650641 0.423077 0.645833 0.424679 0.641026 0.427885 0.637821
0 0.431090 0.637821 0.432692 0.641026 0.447115 0.657051 0.447115 0.658654 0.442308 0.663462 0.440705 0.660256 0.439103 0.657051 0.439103 0.655449 0.440705 0.653846 0.445513 0.652244
0 0.448718 0.652244 0.437500 0.621795 0.435897 0.625000 0.431090 0.626603 0.426282 0.626603 0.427885 0.625000 0.427885 0.620192 0.431090 0.616987 0.434295 0.615385 0.435897 0.618590
0 0.424679 0.621795 0.424679 0.623397 0.419872 0.626603 0.418269 0.623397 0.415064 0.621795 0.416667 0.618590 0.419872 0.615385 0.423077 0.615385 0.426282 0.616987 0.443910 0.645833
0 0.443910 0.649038 0.439103 0.652244 0.437500 0.649038 0.435897 0.645833 0.437500 0.642628 0.439103 0.639423 0.442308 0.639423 0.445513 0.641026 0.506410 0.677885 0.508013 0.679487
0 0.503205 0.681090 0.495192 0.682692 0.496795 0.677885 0.498397 0.673077 0.503205 0.671474 0.506410 0.669872 0.508013 0.673077 0.522436 0.653846 0.520833 0.657051 0.516026 0.660256
0 0.514423 0.657051 0.512821 0.653846 0.514423 0.650641 0.516026 0.647436 0.519231 0.647436 0.522436 0.649038 0.626603 0.592949 0.625000 0.596154 0.620192 0.599359 0.618590 0.596154
0 0.616987 0.592949 0.618590 0.589744 0.620192 0.586538 0.623397 0.586538 0.626603 0.588141 0.663462 0.551282 0.661859 0.554487 0.657051 0.557692 0.655449 0.556090 0.653846 0.552885
0 0.655449 0.546474 0.661859 0.544872 0.663462 0.546474 0.679487 0.597756 0.679487 0.600962 0.674679 0.604167 0.673077 0.600962 0.671474 0.597756 0.673077 0.594551
0 0.674679 0.591346 0.677885 0.591346 0.681090 0.592949 0.687500 0.628205 0.685897 0.631410 0.681090 0.633013 0.674679 0.634615 0.676282 0.631410 0.677885 0.626603
0 0.681090 0.623397 0.684295 0.623397 0.685897 0.625000 0.689103 0.639423 0.689103 0.641026 0.684295 0.642628 0.677885 0.644231 0.679487 0.639423 0.681090 0.634615
0 0.684295 0.633013 0.687500 0.631410 0.690705 0.634615 0.665064 0.602564 0.665064 0.604167 0.660256 0.607372 0.658654 0.604167 0.655449 0.602564 0.657051 0.599359
0 0.660256 0.596154 0.663462 0.596154 0.666667 0.597756 0.705128 0.549679 0.703526 0.552885 0.698718 0.552885 0.692308 0.556090 0.693910 0.551282 0.695513 0.546474
0 0.698718 0.543269 0.701923 0.543269 0.703526 0.546474 0.540064 0.580128 0.540064 0.581731 0.535256 0.584936 0.533654 0.581731 0.530449 0.580128 0.532051 0.576923
0 0.535256 0.573718 0.540064 0.573718 0.541667 0.575321 0.799679 0.639423 0.798077 0.642628 0.791667 0.645833 0.790064 0.642628 0.788462 0.639423 0.790064 0.636218
0 0.791667 0.633013 0.796474 0.633013 0.799679 0.634615 0.857372 0.633013 0.857372 0.634615 0.852564 0.634615 0.850962 0.634615 0.849359 0.631410 0.850962 0.628205
0 0.852564 0.625000 0.855769 0.625000 0.858974 0.628205 0.810897 0.641026 0.810897 0.642628 0.806090 0.644231 0.799679 0.645833 0.801282 0.639423 0.802885 0.634615
0 0.806090 0.633013 0.809295 0.631410 0.812500 0.636218 0.838141 0.655449 0.836538 0.658654 0.830128 0.660256 0.823718 0.661859 0.825321 0.657051 0.826923 0.652244
0 0.830128 0.650641 0.833333 0.649038 0.834936 0.652244 0.775641 0.525641 0.774038 0.528846 0.769231 0.530449 0.762821 0.532051 0.764423 0.528846 0.766026 0.524038
0 0.769231 0.520833 0.772436 0.520833 0.774038 0.522436 0.735577 0.506410 0.735577 0.508013 0.730769 0.511218 0.729167 0.508013 0.725962 0.506410 0.727564 0.503205
0 0.730769 0.498397 0.733974 0.498397 0.737179 0.501603 0.878205 0.546474 0.875000 0.548077 0.871795 0.548077 0.868590 0.551282 0.866987 0.548077 0.862179 0.546474
0 0.863782 0.541667 0.865385 0.538462 0.868590 0.535256 0.875000 0.535256 0.876603 0.536859 0.879808 0.538462 0.879808 0.541667 0.961538 0.506410 0.959936 0.508013
0 0.956731 0.508013 0.951923 0.508013 0.950321 0.508013 0.943910 0.506410 0.947115 0.501603 0.950321 0.496795 0.953526 0.493590 0.958333 0.493590 0.961538 0.493590
0 0.964744 0.496795 0.963141 0.503205 0.963141 0.618590 0.959936 0.621795 0.956731 0.621795 0.951923 0.623397 0.950321 0.620192 0.945513 0.620192 0.947115 0.615385
0 0.948718 0.612179 0.953526 0.608974 0.959936 0.608974 0.963141 0.608974 0.964744 0.612179 0.964744 0.615385 0.990385 0.618590 0.987179 0.620192 0.983974 0.620192
0 0.980769 0.620192 0.979167 0.620192 0.972756 0.616987 0.974359 0.612179 0.977564 0.608974 0.980769 0.605769 0.987179 0.605769 0.988782 0.607372 0.991987 0.608974
0 0.993590 0.613782 0.996795 0.599359 0.998397 0.594551 0.998397 0.591346 0.931090 0.535256 0.927885 0.538462 0.926282 0.538462 0.921474 0.538462 0.918269 0.538462
0 0.916667 0.535256 0.915064 0.532051 0.918269 0.528846 0.923077 0.525641 0.927885 0.525641 0.931090 0.527244 0.932692 0.528846 0.934295 0.532051 0.995192 0.477564
0 0.991987 0.479167 0.988782 0.480769 0.985577 0.482372 0.982372 0.479167 0.977564 0.479167 0.979167 0.474359 0.980769 0.469551 0.987179 0.467949 0.991987 0.466346
0 0.995192 0.467949 0.996795 0.471154 0.996795 0.474359 0.982372 0.504808 0.979167 0.508013 0.975962 0.508013 0.972756 0.508013 0.969551 0.506410 0.964744 0.504808
0 0.967949 0.498397 0.969551 0.495192 0.972756 0.493590 0.979167 0.493590 0.980769 0.493590 0.985577 0.496795 0.985577 0.501603 0.881410 0.578526 0.878205 0.581731
0 0.875000 0.581731 0.870192 0.583333 0.868590 0.580128 0.863782 0.580128 0.865385 0.575321 0.868590 0.572115 0.871795 0.568910 0.876603 0.568910 0.879808 0.568910 0.883013 0.572115 0.883013 0.575321 0.838141 0.548077 0.834936 0.551282
0 0.831731 0.551282 0.828526 0.552885 0.826923 0.549679 0.822115 0.548077 0.823718 0.544872 0.825321 0.540064 0.828526 0.538462 0.834936 0.536859 0.836538 0.540064 0.839744 0.541667 0.839744 0.544872 0.791667 0.568910 0.788462 0.572115
0 0.785256 0.572115 0.780449 0.572115 0.778846 0.572115 0.774038 0.570513 0.775641 0.565705 0.778846 0.562500 0.782051 0.559295 0.786859 0.559295 0.790064 0.560897 0.791667 0.562500 0.793269 0.565705 0.852564 0.535256 0.849359 0.536859
0 0.846154 0.538462 0.842949 0.540064 0.841346 0.536859 0.836538 0.536859 0.838141 0.532051 0.839744 0.527244 0.844551 0.524038 0.849359 0.524038 0.852564 0.525641 0.854167 0.527244 0.855769 0.532051 0.897436 0.524038 0.894231 0.525641
0 0.889423 0.527244 0.886218 0.528846 0.884615 0.525641 0.879808 0.524038 0.881410 0.520833 0.883013 0.516026 0.886218 0.514423 0.894231 0.512821 0.895833 0.514423 0.899038 0.517628 0.899038 0.520833 0.947115 0.495192 0.942308 0.496795
0 0.939103 0.498397 0.935897 0.501603 0.934295 0.496795 0.931090 0.495192 0.932692 0.490385 0.934295 0.487179 0.937500 0.483974 0.942308 0.483974 0.947115 0.485577 0.948718 0.487179 0.950321 0.491987 0.934295 0.451923 0.931090 0.453526
0 0.927885 0.455128 0.924679 0.456731 0.923077 0.453526 0.918269 0.451923 0.921474 0.447115 0.923077 0.443910 0.926282 0.442308 0.931090 0.440705 0.934295 0.442308 0.935897 0.445513 0.937500 0.448718 0.758013 0.522436 0.754808 0.524038
0 0.750000 0.524038 0.746795 0.525641 0.743590 0.524038 0.741987 0.520833 0.740385 0.517628 0.743590 0.514423 0.746795 0.511218 0.753205 0.511218 0.756410 0.512821 0.759615 0.514423 0.759615 0.517628 0.745192 0.565705 0.741987 0.567308
0 0.738782 0.568910 0.735577 0.570513 0.733974 0.567308 0.729167 0.567308 0.730769 0.562500 0.732372 0.557692 0.737179 0.556090 0.741987 0.554487 0.745192 0.556090 0.746795 0.559295 0.748397 0.562500 0.706731 0.496795 0.703526 0.498397
0 0.700321 0.501603 0.695513 0.503205 0.693910 0.498397 0.690705 0.496795 0.692308 0.491987 0.693910 0.488782 0.697115 0.485577 0.701923 0.485577 0.705128 0.487179 0.708333 0.488782 0.708333 0.493590 0.685897 0.519231 0.684295 0.520833
0 0.682692 0.520833 0.679487 0.525641 0.677885 0.522436 0.673077 0.522436 0.674679 0.517628 0.676282 0.512821 0.679487 0.511218 0.684295 0.511218 0.687500 0.512821 0.687500 0.516026 0.721154 0.456731 0.717949 0.458333 0.714744 0.458333
0 0.711538 0.461538 0.709936 0.458333 0.708333 0.455128 0.706731 0.451923 0.708333 0.448718 0.713141 0.445513 0.717949 0.445513 0.721154 0.447115 0.722756 0.448718 0.724359 0.451923 0.653846 0.447115 0.650641 0.448718 0.647436 0.450321
0 0.642628 0.451923 0.641026 0.448718 0.637821 0.447115 0.639423 0.442308 0.641026 0.439103 0.644231 0.437500 0.649038 0.435897 0.652244 0.437500 0.655449 0.440705 0.655449 0.443910 0.613782 0.504808 0.610577 0.506410 0.607372 0.508013
0 0.604167 0.509615 0.602564 0.506410 0.597756 0.506410 0.599359 0.501603 0.600962 0.495192 0.605769 0.493590 0.610577 0.491987 0.613782 0.493590 0.615385 0.496795 0.616987 0.501603 0.705128 0.511218 0.703526 0.512821 0.701923 0.512821
0 0.698718 0.517628 0.697115 0.514423 0.692308 0.514423 0.693910 0.509615 0.695513 0.506410 0.698718 0.503205 0.703526 0.503205 0.706731 0.504808 0.706731 0.508013 0.666667 0.506410 0.665064 0.508013 0.663462 0.508013 0.660256 0.509615
0 0.653846 0.511218 0.653846 0.509615 0.655449 0.504808 0.657051 0.498397 0.660256 0.496795 0.665064 0.496795 0.668269 0.498397 0.668269 0.503205 0.657051 0.546474 0.655449 0.548077 0.652244 0.549679 0.650641 0.549679 0.647436 0.549679
0 0.642628 0.549679 0.644231 0.544872 0.647436 0.541667 0.650641 0.540064 0.655449 0.538462 0.657051 0.541667 0.658654 0.543269 0.663462 0.483974 0.661859 0.483974 0.660256 0.485577 0.657051 0.485577 0.655449 0.487179 0.652244 0.485577
0 0.652244 0.482372 0.653846 0.479167 0.657051 0.475962 0.661859 0.475962 0.665064 0.477564 0.665064 0.480769 0.764423 0.483974 0.762821 0.485577 0.761218 0.487179 0.758013 0.487179 0.756410 0.487179 0.750000 0.487179 0.751603 0.482372
0 0.753205 0.479167 0.758013 0.477564 0.762821 0.477564 0.766026 0.479167 0.766026 0.480769 0.546474 0.483974 0.544872 0.485577 0.543269 0.485577 0.540064 0.487179 0.533654 0.488782 0.533654 0.487179 0.535256 0.482372 0.536859 0.479167
0 0.540064 0.475962 0.544872 0.475962 0.546474 0.477564 0.548077 0.480769 0.532051 0.475962 0.530449 0.477564 0.528846 0.477564 0.525641 0.482372 0.524038 0.480769 0.522436 0.477564 0.520833 0.474359 0.524038 0.471154 0.525641 0.467949
0 0.530449 0.467949 0.533654 0.469551 0.533654 0.472756 0.551282 0.623397 0.548077 0.621795 0.546474 0.623397 0.544872 0.623397 0.541667 0.625000 0.538462 0.623397 0.540064 0.618590 0.541667 0.615385 0.544872 0.613782 0.549679 0.613782
0 0.551282 0.615385 0.551282 0.618590 0.538462 0.650641 0.536859 0.652244 0.535256 0.652244 0.532051 0.657051 0.530449 0.653846 0.525641 0.653846 0.527244 0.649038 0.528846 0.645833 0.532051 0.642628 0.536859 0.642628
0 0.540064 0.644231 0.540064 0.647436 0.610577 0.411859 0.608974 0.413462 0.607372 0.413462 0.604167 0.415064 0.597756 0.416667 0.597756 0.415064 0.599359 0.410256 0.600962 0.407051 0.604167 0.403846 0.608974 0.403846 0.612179 0.405449
0 0.612179 0.408654 0.346154 0.375000 0.344551 0.376603 0.342949 0.378205 0.339744 0.378205 0.333333 0.381410 0.333333 0.378205 0.334936 0.373397 0.336538 0.370192 0.339744 0.368590 0.344551 0.366987 0.346154 0.370192 0.347756 0.371795
0 0.371795 0.341346 0.370192 0.341346 0.368590 0.341346 0.365385 0.346154 0.363782 0.342949 0.358974 0.342949 0.360577 0.338141 0.366987 0.331731 0.371795 0.333333 0.373397 0.333333 0.373397 0.336538 0.370192 0.330128 0.368590 0.331731
0 0.366987 0.333333 0.363782 0.333333 0.362179 0.333333 0.357372 0.333333 0.358974 0.328526 0.360577 0.325321 0.363782 0.323718 0.368590 0.322115 0.371795 0.325321 0.371795 0.326923 0.352564 0.330128 0.350962 0.330128
0 0.347756 0.331731 0.346154 0.331731 0.342949 0.333333 0.339744 0.331731 0.341346 0.326923 0.342949 0.323718 0.346154 0.322115 0.350962 0.322115 0.352564 0.323718 0.354167 0.326923 0.250000 0.397436 0.248397 0.399038
0 0.245192 0.400641 0.243590 0.400641 0.240385 0.400641 0.235577 0.400641 0.237179 0.395833 0.240385 0.392628 0.243590 0.389423 0.248397 0.389423 0.250000 0.391026 0.251603 0.394231 0.253205 0.354167 0.251603 0.355769
0 0.248397 0.357372 0.246795 0.357372 0.243590 0.357372 0.238782 0.357372 0.240385 0.352564 0.243590 0.349359 0.246795 0.347756 0.251603 0.346154 0.253205 0.349359 0.254808 0.350962 0.354167 0.309295 0.352564 0.309295
0 0.349359 0.309295 0.346154 0.309295 0.344551 0.306090 0.346154 0.302885 0.349359 0.301282 0.352564 0.301282 0.355769 0.302885 0.355769 0.306090 0.360577 0.267628 0.357372 0.269231 0.354167 0.269231 0.347756 0.270833
0 0.349359 0.267628 0.350962 0.262821 0.354167 0.261218 0.357372 0.261218 0.360577 0.262821 0.362179 0.264423 0.451923 0.253205 0.450321 0.254808 0.445513 0.258013 0.443910 0.254808 0.440705 0.253205 0.442308 0.248397
0 0.445513 0.245192 0.448718 0.245192 0.451923 0.246795 0.453526 0.250000 0.291667 0.282051 0.290064 0.283654 0.286859 0.283654 0.283654 0.283654 0.280449 0.282051 0.282051 0.278846 0.285256 0.275641 0.288462 0.277244
0 0.293269 0.277244 0.293269 0.278846 0.251603 0.277244 0.250000 0.278846 0.245192 0.282051 0.243590 0.278846 0.240385 0.277244 0.241987 0.274038 0.245192 0.270833 0.248397 0.269231 0.251603 0.272436 0.253205 0.274038
0 0.235577 0.275641 0.233974 0.277244 0.230769 0.277244 0.227564 0.277244 0.225962 0.274038 0.227564 0.270833 0.230769 0.269231 0.233974 0.267628 0.237179 0.270833 0.237179 0.272436 0.291667 0.272436 0.290064 0.272436
0 0.286859 0.272436 0.282051 0.274038 0.283654 0.270833 0.283654 0.266026 0.286859 0.264423 0.290064 0.264423 0.293269 0.266026 0.294872 0.269231 0.310897 0.230769 0.309295 0.230769 0.306090 0.232372 0.302885 0.232372
0 0.301282 0.229167 0.302885 0.225962 0.306090 0.224359 0.309295 0.222756 0.312500 0.224359 0.312500 0.227564 0.322115 0.217949 0.320513 0.216346 0.315705 0.216346 0.314103 0.216346 0.310897 0.214744 0.312500 0.211538
0 0.315705 0.208333 0.320513 0.208333 0.322115 0.209936 0.323718 0.213141 0.328526 0.227564 0.326923 0.227564 0.323718 0.227564 0.320513 0.229167 0.318910 0.225962 0.320513 0.222756 0.323718 0.219551 0.326923 0.219551
0 0.330128 0.221154 0.330128 0.224359 0.355769 0.214744 0.354167 0.214744 0.349359 0.219551 0.347756 0.216346 0.342949 0.214744 0.344551 0.211538 0.347756 0.206731 0.350962 0.205128 0.355769 0.208333 0.357372 0.211538
0 0.383013 0.230769 0.381410 0.230769 0.378205 0.230769 0.373397 0.232372 0.375000 0.229167 0.375000 0.224359 0.378205 0.222756 0.381410 0.222756 0.384615 0.224359 0.386218 0.227564 0.250000 0.222756 0.248397 0.222756
0 0.243590 0.222756 0.237179 0.225962 0.238782 0.221154 0.240385 0.216346 0.243590 0.214744 0.246795 0.214744 0.250000 0.216346 0.251603 0.219551 0.381410 0.214744 0.378205 0.214744 0.375000 0.216346 0.368590 0.217949
0 0.370192 0.214744 0.371795 0.209936 0.375000 0.208333 0.378205 0.206731 0.381410 0.208333 0.383013 0.211538 0.168269 0.216346 0.165064 0.217949 0.161859 0.217949 0.155449 0.221154 0.157051 0.216346 0.158654 0.211538
0 0.161859 0.209936 0.165064 0.209936 0.168269 0.211538 0.169872 0.213141 0.149038 0.219551 0.147436 0.219551 0.142628 0.219551 0.139423 0.221154 0.137821 0.216346 0.139423 0.213141
0 0.141026 0.209936 0.145833 0.209936 0.150641 0.211538 0.150641 0.216346 0.174679 0.360577 0.173077 0.362179 0.168269 0.362179 0.166667 0.362179 0.163462 0.360577 0.165064 0.357372
0 0.168269 0.354167 0.173077 0.354167 0.174679 0.355769 0.176282 0.357372 0.241987 0.317308 0.240385 0.317308 0.237179 0.317308 0.233974 0.318910 0.232372 0.315705 0.233974 0.312500
0 0.235577 0.309295 0.240385 0.309295 0.243590 0.310897 0.243590 0.314103 0.229167 0.312500 0.227564 0.312500 0.222756 0.317308 0.221154 0.314103 0.216346 0.312500 0.217949 0.309295
0 0.221154 0.306090 0.225962 0.304487 0.229167 0.306090 0.230769 0.309295 0.229167 0.232372 0.227564 0.232372 0.224359 0.233974 0.221154 0.233974 0.217949 0.232372 0.219551 0.229167
0 0.222756 0.225962 0.227564 0.224359 0.230769 0.225962 0.230769 0.229167 0.174679 0.439103 0.177885 0.445513 0.177885 0.451923 0.173077 0.458333 0.166667 0.459936 0.160256 0.461538
0 0.155449 0.458333 0.150641 0.455128 0.150641 0.450321 0.152244 0.443910 0.155449 0.439103 0.163462 0.437500 0.168269 0.437500 0.200321 0.483974 0.203526 0.490385 0.201923 0.496795
0 0.198718 0.504808 0.190705 0.506410 0.185897 0.508013 0.177885 0.504808 0.174679 0.501603 0.174679 0.495192 0.176282 0.488782 0.179487 0.483974 0.187500 0.482372 0.193910 0.482372
0 0.222756 0.520833 0.224359 0.525641 0.221154 0.527244 0.219551 0.528846 0.217949 0.532051 0.216346 0.528846 0.211538 0.528846 0.213141 0.524038 0.216346 0.520833 0.217949 0.520833
0 0.221154 0.520833 0.225962 0.469551 0.225962 0.472756 0.224359 0.474359 0.221154 0.477564 0.216346 0.477564 0.217949 0.472756 0.219551 0.469551 0.222756 0.467949 0.248397 0.475962
0 0.248397 0.479167 0.246795 0.480769 0.241987 0.483974 0.237179 0.483974 0.237179 0.480769 0.240385 0.477564 0.243590 0.474359 0.261218 0.469551 0.261218 0.472756 0.259615 0.474359
0 0.256410 0.474359 0.251603 0.477564 0.253205 0.472756 0.254808 0.469551 0.258013 0.467949 0.264423 0.455128 0.264423 0.458333 0.262821 0.461538 0.259615 0.463141 0.256410 0.461538
0 0.258013 0.458333 0.259615 0.455128 0.261218 0.455128 0.314103 0.458333 0.314103 0.461538 0.312500 0.463141 0.309295 0.463141 0.304487 0.466346 0.304487 0.463141 0.307692 0.459936
0 0.310897 0.456731 0.325321 0.455128 0.325321 0.458333 0.323718 0.459936 0.320513 0.459936 0.315705 0.463141 0.317308 0.458333 0.318910 0.455128 0.322115 0.453526 0.383013 0.383013
0 0.381410 0.389423 0.375000 0.392628 0.370192 0.392628 0.365385 0.387821 0.365385 0.383013 0.368590 0.378205 0.373397 0.375000 0.378205 0.376603 0.381410 0.379808 0.431090 0.376603
0 0.429487 0.383013 0.423077 0.386218 0.416667 0.386218 0.413462 0.381410 0.413462 0.376603 0.415064 0.371795 0.419872 0.370192 0.426282 0.370192 0.429487 0.373397 0.451923 0.666667
0 0.451923 0.668269 0.447115 0.668269 0.445513 0.668269 0.442308 0.666667 0.443910 0.663462 0.447115 0.660256 0.450321 0.658654 0.453526 0.661859 0.447115 0.681090 0.447115 0.682692
0 0.442308 0.687500 0.440705 0.684295 0.439103 0.681090 0.440705 0.677885 0.443910 0.674679 0.447115 0.674679 0.448718 0.676282 0.320513 0.676282 0.320513 0.677885 0.317308 0.677885
0 0.315705 0.679487 0.312500 0.677885 0.314103 0.674679 0.317308 0.671474 0.320513 0.669872 0.322115 0.673077 0.642628 0.564103 0.642628 0.565705 0.637821 0.568910 0.636218 0.565705
0 0.633013 0.564103 0.634615 0.560897 0.637821 0.557692 0.641026 0.557692 0.644231 0.559295 0.591346 0.661859 0.589744 0.663462 0.586538 0.663462 0.583333 0.665064 0.580128 0.665064
0 0.578526 0.661859 0.576923 0.658654 0.580128 0.655449 0.583333 0.652244 0.588141 0.652244 0.591346 0.653846 0.592949 0.655449 0.592949 0.658654 0.716346 0.596154 0.713141 0.602564 0.706731 0.605769 0.701923 0.605769 0.697115 0.602564
0 0.697115 0.596154 0.698718 0.591346 0.706731 0.588141 0.711538 0.589744 0.714744 0.591346 0.786859 0.625000 0.785256 0.628205 0.780449 0.629808 0.774038 0.631410 0.775641 0.626603 0.777244 0.621795 0.780449 0.620192 0.783654 0.620192
0 0.785256 0.621795 0.782051 0.596154 0.780449 0.599359 0.775641 0.600962 0.769231 0.602564 0.770833 0.597756 0.772436 0.592949 0.775641 0.591346 0.778846 0.591346 0.780449 0.592949 0.911859 0.556090
0 0.910256 0.559295 0.905449 0.560897 0.899038 0.562500 0.900641 0.557692 0.902244 0.552885 0.905449 0.551282 0.908654 0.551282 0.910256 0.552885
0 0.907051 0.538462 0.903846 0.540064 0.900641 0.541667 0.897436 0.541667 0.894231 0.540064 0.889423 0.538462 0.891026 0.533654 0.894231 0.530449
0 0.897436 0.528846 0.903846 0.527244 0.905449 0.528846 0.908654 0.532051 0.908654 0.535256 0.990385 0.543269 0.990385 0.544872 0.987179 0.546474
0 0.983974 0.546474 0.979167 0.544872 0.980769 0.541667 0.985577 0.538462 0.988782 0.536859 0.991987 0.540064 0.902244 0.459936 0.902244 0.461538
0 0.899038 0.461538 0.895833 0.463141 0.894231 0.459936 0.895833 0.456731 0.899038 0.453526 0.902244 0.453526 0.903846 0.455128 0.913462 0.464744
0 0.910256 0.466346 0.907051 0.466346 0.905449 0.467949 0.902244 0.466346 0.903846 0.461538 0.903846 0.463141 0.911859 0.461538 0.916667 0.455128
0 0.913462 0.458333 0.910256 0.458333 0.908654 0.459936 0.905449 0.458333 0.907051 0.453526 0.910256 0.450321 0.913462 0.450321 0.915064 0.451923 0.975962 0.442308 0.974359 0.442308
0 0.971154 0.443910 0.967949 0.443910 0.964744 0.442308 0.966346 0.439103 0.969551 0.434295 0.974359 0.434295 0.975962 0.435897 0.991987 0.445513 0.991987 0.447115 0.988782 0.447115
0 0.985577 0.448718 0.983974 0.445513 0.985577 0.442308 0.987179 0.437500 0.990385 0.437500 0.993590 0.439103 0.865385 0.450321 0.865385 0.451923 0.862179 0.453526
0 0.858974 0.453526 0.855769 0.450321 0.858974 0.447115 0.860577 0.443910 0.863782 0.443910 0.866987 0.447115 0.919872 0.490385 0.916667 0.493590 0.913462 0.493590
0 0.908654 0.495192 0.907051 0.491987 0.903846 0.490385 0.905449 0.485577 0.907051 0.482372 0.910256 0.480769 0.915064 0.479167 0.918269 0.480769 0.923077 0.483974
0 0.923077 0.487179 0.886218 0.504808 0.883013 0.506410 0.879808 0.508013 0.876603 0.509615 0.875000 0.506410 0.870192 0.504808 0.871795 0.501603 0.873397 0.495192
0 0.876603 0.491987 0.883013 0.491987 0.884615 0.493590 0.887821 0.495192 0.887821 0.501603 0.931090 0.405449 0.927885 0.408654 0.924679 0.408654 0.921474 0.410256 0.919872 0.407051 0.915064 0.407051 0.916667 0.402244 0.918269 0.397436
0 0.923077 0.395833 0.926282 0.397436 0.931090 0.395833 0.932692 0.399038 0.934295 0.402244 0.897436 0.395833 0.894231 0.397436 0.891026 0.397436 0.886218 0.400641 0.883013 0.397436
0 0.881410 0.394231 0.878205 0.392628 0.881410 0.389423 0.887821 0.384615 0.892628 0.384615 0.895833 0.386218 0.899038 0.387821 0.899038 0.391026 0.980769 0.360577
0 0.977564 0.363782 0.974359 0.363782 0.967949 0.365385 0.966346 0.362179 0.961538 0.362179 0.963141 0.357372 0.966346 0.354167 0.971154 0.350962 0.975962 0.350962
0 0.979167 0.350962 0.982372 0.354167 0.982372 0.357372 0.996795 0.309295 0.991987 0.310897 0.990385 0.307692 0.985577 0.306090 0.987179 0.302885 0.988782 0.298077
0 0.993590 0.294872 0.998397 0.296474 0.979167 0.272436 0.975962 0.274038 0.972756 0.275641 0.969551 0.277244 0.967949 0.274038 0.961538 0.274038 0.963141 0.269231 0.964744 0.266026 0.969551 0.262821 0.975962 0.262821 0.980769 0.261218
0 0.982372 0.262821 0.983974 0.269231 0.948718 0.262821 0.945513 0.264423 0.940705 0.266026 0.937500 0.266026 0.934295 0.264423 0.931090 0.262821 0.932692 0.258013
0 0.934295 0.254808 0.937500 0.253205 0.945513 0.251603 0.947115 0.253205 0.950321 0.256410 0.950321 0.259615 0.998397 0.256410 0.996795 0.256410 0.991987 0.258013
0 0.988782 0.259615 0.987179 0.256410 0.982372 0.256410 0.983974 0.251603 0.985577 0.246795 0.991987 0.245192 0.996795 0.241987 0.998397 0.246795 0.967949 0.225962
0 0.963141 0.229167 0.959936 0.229167 0.956731 0.230769 0.955128 0.227564 0.950321 0.227564 0.951923 0.222756 0.953526 0.217949 0.958333 0.214744 0.964744 0.214744
0 0.967949 0.214744 0.969551 0.217949 0.971154 0.221154 0.979167 0.254808 0.974359 0.258013 0.971154 0.259615 0.966346 0.261218 0.964744 0.258013 0.958333 0.258013
0 0.961538 0.253205 0.964744 0.248397 0.967949 0.245192 0.974359 0.245192 0.977564 0.245192 0.979167 0.248397 0.980769 0.251603 0.998397 0.341346 0.995192 0.342949
0 0.993590 0.339744 0.988782 0.339744 0.990385 0.334936 0.991987 0.331731 0.998397 0.328526 0.932692 0.391026 0.932692 0.392628 0.929487 0.392628 0.927885 0.394231
0 0.924679 0.392628 0.926282 0.387821 0.929487 0.384615 0.932692 0.384615 0.935897 0.387821 0.903846 0.403846 0.903846 0.405449 0.900641 0.405449 0.897436 0.405449 0.894231 0.403846 0.895833 0.400641 0.899038 0.397436 0.902244 0.397436
0 0.905449 0.399038 0.884615 0.383013 0.884615 0.384615 0.879808 0.384615 0.876603 0.384615 0.873397 0.383013 0.876603 0.379808 0.878205 0.376603 0.883013 0.376603 0.886218 0.378205 0.919872 0.338141 0.919872 0.339744 0.916667 0.339744
0 0.913462 0.341346 0.911859 0.338141 0.913462 0.334936 0.915064 0.331731 0.918269 0.331731 0.921474 0.333333 0.939103 0.246795 0.934295 0.250000 0.931090 0.250000 0.926282 0.250000 0.924679 0.250000 0.919872 0.248397 0.921474 0.243590
0 0.924679 0.240385 0.927885 0.237179 0.932692 0.237179 0.937500 0.237179 0.940705 0.240385 0.940705 0.243590 0.826923 0.232372 0.823718 0.235577 0.820513 0.235577 0.817308 0.237179 0.815705 0.237179 0.814103 0.232372 0.812500 0.229167
0 0.814103 0.225962 0.817308 0.222756 0.822115 0.224359 0.822115 0.227564 0.825321 0.229167 0.826923 0.230769 0.793269 0.261218 0.790064 0.262821 0.786859 0.264423 0.782051 0.266026 0.780449 0.262821 0.777244 0.261218 0.778846 0.256410
0 0.780449 0.253205 0.783654 0.250000 0.788462 0.250000 0.791667 0.251603 0.794872 0.253205 0.794872 0.258013 0.785256 0.306090 0.783654 0.309295 0.780449 0.309295 0.774038 0.310897 0.772436 0.307692 0.769231 0.306090 0.770833 0.301282
0 0.772436 0.298077 0.777244 0.296474 0.782051 0.294872 0.785256 0.296474 0.786859 0.299679 0.786859 0.302885 0.862179 0.333333 0.858974 0.334936 0.857372 0.336538 0.852564 0.338141 0.850962 0.334936 0.847756 0.333333 0.849359 0.328526
0 0.850962 0.325321 0.854167 0.323718 0.858974 0.322115 0.862179 0.323718 0.863782 0.326923 0.865385 0.330128 0.884615 0.328526 0.881410 0.333333 0.878205 0.333333 0.873397 0.333333 0.871795 0.333333 0.870192 0.330128 0.868590 0.326923
0 0.871795 0.322115 0.875000 0.318910 0.879808 0.318910 0.883013 0.320513 0.884615 0.322115 0.886218 0.325321 0.894231 0.294872 0.891026 0.296474 0.886218 0.298077 0.883013 0.299679 0.881410 0.296474 0.878205 0.294872 0.879808 0.290064
0 0.881410 0.286859 0.886218 0.283654 0.891026 0.283654 0.894231 0.285256 0.895833 0.286859 0.897436 0.291667 0.738782 0.375000 0.735577 0.376603 0.730769 0.376603 0.725962 0.376603 0.724359 0.376603 0.722756 0.373397 0.721154 0.370192
0 0.724359 0.366987 0.727564 0.363782 0.733974 0.363782 0.737179 0.365385 0.740385 0.366987 0.740385 0.370192 0.783654 0.370192 0.782051 0.371795 0.778846 0.371795 0.777244 0.373397
0 0.774038 0.373397 0.770833 0.371795 0.772436 0.366987 0.774038 0.363782 0.777244 0.362179 0.782051 0.362179 0.783654 0.363782 0.785256 0.366987 0.802885 0.439103 0.801282 0.439103 0.798077 0.440705 0.796474 0.440705 0.793269 0.440705
0 0.788462 0.440705 0.790064 0.435897 0.793269 0.432692 0.796474 0.431090 0.801282 0.429487 0.802885 0.431090 0.802885 0.434295 0.802885 0.450321 0.801282 0.451923 0.798077 0.453526 0.796474 0.453526 0.793269 0.453526 0.788462 0.453526
0 0.791667 0.450321 0.793269 0.445513 0.796474 0.443910 0.801282 0.443910 0.802885 0.445513 0.804487 0.447115 0.844551 0.342949 0.842949 0.344551 0.841346 0.346154 0.836538 0.346154
0 0.834936 0.346154 0.831731 0.344551 0.831731 0.342949 0.833333 0.339744 0.838141 0.336538 0.842949 0.336538 0.846154 0.338141 0.846154 0.339744 0.831731 0.307692 0.830128 0.309295 0.826923 0.309295 0.823718 0.310897 0.820513 0.310897
0 0.815705 0.310897 0.817308 0.306090 0.820513 0.302885 0.825321 0.299679 0.830128 0.299679 0.831731 0.301282 0.831731 0.306090 0.844551 0.294872 0.842949 0.296474 0.841346 0.298077 0.838141 0.298077 0.831731 0.302885 0.834936 0.298077
0 0.833333 0.294872 0.834936 0.290064 0.838141 0.288462 0.842949 0.288462 0.844551 0.290064 0.846154 0.291667 0.775641 0.256410 0.774038 0.256410 0.770833 0.258013 0.769231 0.258013 0.766026 0.261218 0.762821 0.259615 0.764423 0.253205
0 0.766026 0.250000 0.769231 0.248397 0.774038 0.248397 0.775641 0.250000 0.777244 0.253205 0.810897 0.224359 0.809295 0.225962 0.807692 0.227564 0.804487 0.227564 0.802885 0.229167 0.798077 0.229167 0.799679 0.224359 0.801282 0.219551
0 0.804487 0.217949 0.809295 0.217949 0.812500 0.219551 0.812500 0.221154 0.870192 0.232372 0.868590 0.233974 0.866987 0.233974 0.862179 0.238782 0.860577 0.235577 0.855769 0.235577 0.857372 0.230769 0.860577 0.225962 0.863782 0.224359
0 0.868590 0.222756 0.871795 0.224359 0.871795 0.229167 0.897436 0.233974 0.895833 0.235577 0.894231 0.235577 0.889423 0.241987 0.887821 0.238782 0.883013 0.238782 0.884615 0.232372 0.887821 0.227564 0.891026 0.225962 0.895833 0.225962
0 0.899038 0.227564 0.899038 0.230769 0.725962 0.283654 0.724359 0.283654 0.722756 0.285256 0.719551 0.285256 0.713141 0.288462 0.713141 0.286859 0.714744 0.282051 0.716346 0.277244 0.719551 0.275641 0.724359 0.275641 0.725962 0.277244
0 0.727564 0.280449 0.400641 0.491987 0.399038 0.493590 0.397436 0.493590 0.394231 0.498397 0.392628 0.495192 0.387821 0.495192 0.389423 0.490385 0.391026 0.485577 0.394231 0.483974 0.399038 0.483974 0.402244 0.485577 0.402244 0.488782
0 0.677885 0.320513 0.676282 0.320513 0.674679 0.322115 0.671474 0.322115 0.669872 0.323718 0.666667 0.322115 0.668269 0.317308 0.669872 0.314103 0.673077 0.312500
0 0.677885 0.312500 0.679487 0.314103 0.679487 0.317308 0.706731 0.346154 0.705128 0.347756 0.703526 0.349359 0.700321 0.349359 0.698718 0.349359 0.693910 0.349359
0 0.695513 0.344551 0.697115 0.341346 0.700321 0.339744 0.705128 0.338141 0.708333 0.341346 0.708333 0.342949 0.750000 0.224359 0.748397 0.225962 0.746795 0.225962
0 0.743590 0.230769 0.741987 0.227564 0.738782 0.225962 0.738782 0.222756 0.740385 0.219551 0.743590 0.216346 0.748397 0.216346 0.751603 0.217949 0.751603 0.221154
0 0.980769 0.193910 0.979167 0.193910 0.977564 0.195513 0.974359 0.195513 0.972756 0.197115 0.967949 0.195513 0.969551 0.192308 0.971154 0.189103 0.974359 0.185897 0.979167 0.185897 0.983974 0.187500 0.983974 0.190705 0.993590 0.227564
0 0.991987 0.229167 0.990385 0.230769 0.987179 0.233974 0.985577 0.230769 0.979167 0.230769 0.980769 0.225962 0.983974 0.222756 0.987179 0.219551 0.991987 0.219551 0.996795 0.221154 0.995192 0.224359 0.998397 0.166667 0.996795 0.163462
0 0.996795 0.161859 0.924679 0.181090 0.923077 0.181090 0.921474 0.182692 0.918269 0.182692 0.916667 0.184295 0.913462 0.182692 0.913462 0.179487 0.915064 0.176282 0.918269 0.173077 0.923077 0.173077 0.927885 0.174679 0.926282 0.177885
0 0.918269 0.205128 0.916667 0.205128 0.915064 0.206731 0.913462 0.206731 0.910256 0.206731 0.905449 0.206731 0.907051 0.201923 0.910256 0.198718 0.913462 0.197115 0.919872 0.195513 0.921474 0.198718 0.921474 0.200321 0.844551 0.165064
0 0.842949 0.166667 0.841346 0.166667 0.838141 0.168269 0.834936 0.169872 0.831731 0.168269 0.833333 0.163462 0.834936 0.160256 0.838141 0.157051 0.842949 0.157051 0.846154 0.158654 0.846154 0.161859 0.831731 0.177885 0.830128 0.179487
0 0.828526 0.181090 0.825321 0.181090 0.823718 0.181090 0.818910 0.181090 0.820513 0.177885 0.822115 0.173077 0.825321 0.171474 0.831731 0.169872 0.834936 0.171474 0.834936 0.174679 0.865385 0.168269 0.863782 0.173077 0.858974 0.176282
0 0.855769 0.177885 0.852564 0.177885 0.847756 0.177885 0.846154 0.174679 0.846154 0.169872 0.847756 0.166667 0.850962 0.163462 0.858974 0.163462 0.862179 0.165064 0.786859 0.168269 0.785256 0.173077 0.783654 0.176282 0.778846 0.179487
0 0.775641 0.179487 0.772436 0.179487 0.769231 0.176282 0.769231 0.169872 0.772436 0.166667 0.775641 0.163462 0.782051 0.163462 0.785256 0.165064 0.754808 0.173077 0.753205 0.177885 0.751603 0.181090 0.746795 0.182692 0.743590 0.182692
0 0.740385 0.181090 0.737179 0.179487 0.737179 0.174679 0.738782 0.169872 0.743590 0.168269 0.750000 0.166667 0.753205 0.168269 0.849359 0.211538 0.847756 0.214744 0.846154 0.214744 0.842949 0.219551 0.842949 0.217949
0 0.839744 0.214744 0.838141 0.211538 0.839744 0.205128 0.842949 0.203526 0.849359 0.203526 0.852564 0.205128 0.852564 0.208333 0.838141 0.224359 0.836538 0.224359 0.834936 0.224359 0.831731 0.229167 0.830128 0.225962
0 0.823718 0.225962 0.826923 0.221154 0.830128 0.217949 0.833333 0.214744 0.838141 0.214744 0.839744 0.216346 0.839744 0.219551 0.653846 0.190705 0.652244 0.190705 0.650641 0.192308 0.647436 0.192308 0.639423 0.195513
0 0.641026 0.193910 0.642628 0.189103 0.644231 0.184295 0.647436 0.182692 0.652244 0.182692 0.655449 0.184295 0.655449 0.187500 0.669872 0.181090 0.668269 0.182692 0.666667 0.184295 0.663462 0.184295 0.660256 0.184295
0 0.657051 0.182692 0.658654 0.179487 0.660256 0.176282 0.663462 0.174679 0.668269 0.173077 0.669872 0.174679 0.671474 0.177885 0.612179 0.237179 0.610577 0.238782 0.608974 0.238782 0.605769 0.240385 0.602564 0.240385
0 0.599359 0.238782 0.600962 0.235577 0.602564 0.232372 0.605769 0.229167 0.610577 0.229167 0.612179 0.230769 0.613782 0.233974 0.528846 0.272436 0.527244 0.272436 0.525641 0.274038 0.522436 0.274038 0.520833 0.275641
0 0.516026 0.275641 0.517628 0.270833 0.519231 0.266026 0.522436 0.264423 0.527244 0.264423 0.530449 0.266026 0.530449 0.269231 0.520833 0.259615 0.519231 0.261218 0.517628 0.262821 0.514423 0.266026 0.512821 0.262821
0 0.508013 0.262821 0.508013 0.259615 0.511218 0.256410 0.514423 0.253205 0.519231 0.251603 0.522436 0.253205 0.522436 0.256410 0.528846 0.296474 0.527244 0.298077 0.524038 0.298077 0.522436 0.299679 0.519231 0.299679
0 0.516026 0.298077 0.517628 0.294872 0.519231 0.291667 0.522436 0.288462 0.527244 0.288462 0.528846 0.290064 0.530449 0.293269 0.580128 0.291667 0.578526 0.291667 0.576923 0.291667 0.573718 0.296474 0.572115 0.293269
0 0.568910 0.291667 0.570513 0.286859 0.572115 0.283654 0.575321 0.282051 0.580128 0.282051 0.581731 0.283654 0.581731 0.286859 0.551282 0.315705 0.548077 0.314103 0.541667 0.317308 0.541667 0.314103 0.543269 0.310897
0 0.546474 0.307692 0.549679 0.307692 0.552885 0.309295 0.552885 0.312500 0.602564 0.286859 0.600962 0.288462 0.597756 0.288462 0.596154 0.290064 0.592949 0.290064 0.588141 0.290064 0.589744 0.285256 0.592949 0.282051
0 0.596154 0.278846 0.600962 0.278846 0.602564 0.280449 0.604167 0.283654 0.602564 0.307692 0.600962 0.309295 0.597756 0.310897 0.596154 0.310897 0.592949 0.310897 0.588141 0.310897 0.589744 0.306090 0.592949 0.302885
0 0.596154 0.301282 0.600962 0.299679 0.602564 0.301282 0.604167 0.304487 0.451923 0.283654 0.448718 0.282051 0.447115 0.283654 0.443910 0.283654 0.442308 0.285256 0.439103 0.283654 0.440705 0.278846 0.442308 0.275641
0 0.445513 0.274038 0.448718 0.274038 0.451923 0.275641 0.451923 0.278846 0.514423 0.399038 0.512821 0.399038 0.511218 0.400641 0.508013 0.400641 0.501603 0.403846 0.501603 0.402244 0.503205 0.397436 0.504808 0.392628
0 0.508013 0.391026 0.512821 0.391026 0.514423 0.392628 0.516026 0.395833 0.475962 0.437500 0.474359 0.437500 0.467949 0.439103 0.469551 0.435897 0.471154 0.431090 0.474359 0.429487 0.477564 0.429487 0.479167 0.431090
0 0.479167 0.434295 0.522436 0.480769 0.522436 0.482372 0.519231 0.483974 0.516026 0.483974 0.509615 0.485577 0.512821 0.482372 0.514423 0.479167 0.517628 0.477564 0.520833 0.477564 0.522436 0.493590 0.522436 0.496795
0 0.520833 0.498397 0.516026 0.501603 0.511218 0.501603 0.511218 0.496795 0.514423 0.493590 0.517628 0.490385 0.520833 0.490385 0.791667 0.549679 0.788462 0.551282 0.785256 0.552885 0.782051 0.554487 0.780449 0.551282
0 0.775641 0.549679 0.777244 0.546474 0.778846 0.541667 0.782051 0.538462 0.788462 0.538462 0.790064 0.540064 0.793269 0.541667 0.793269 0.546474 0.652244 0.663462 0.647436 0.668269 0.641026 0.671474 0.634615 0.671474
0 0.629808 0.666667 0.629808 0.661859 0.633013 0.655449 0.641026 0.650641 0.647436 0.652244 0.652244 0.657051 0.868590 0.642628 0.863782 0.644231 0.858974 0.645833 0.854167 0.645833 0.855769 0.642628 0.857372 0.637821
0 0.858974 0.634615 0.863782 0.633013 0.866987 0.634615 0.870192 0.639423 0.834936 0.405449 0.831731 0.408654 0.828526 0.408654 0.826923 0.410256 0.823718 0.408654 0.825321 0.403846 0.828526 0.400641 0.831731 0.400641
0 0.833333 0.402244 0.998397 0.266026 0.996795 0.262821 0.998397 0.259615 0.703526 0.363782 0.701923 0.365385 0.700321 0.366987 0.697115 0.370192 0.695513 0.366987 0.690705 0.366987 0.692308 0.362179 0.693910 0.358974
0 0.697115 0.357372 0.701923 0.355769 0.705128 0.357372 0.705128 0.360577 0.310897 0.503205 0.310897 0.506410 0.309295 0.508013 0.306090 0.508013 0.301282 0.511218 0.301282 0.508013 0.304487 0.504808 0.307692 0.501603
