0 0.549679 0.418269 0.552885 0.424679 0.559295 0.429487 0.565705 0.432692 0.573718 0.431090 0.575321 0.426282 0.575321 0.419872 0.567308 0.411859 0.559295 0.410256 0.552885 0.413462
0 0.607372 0.416667 0.610577 0.423077 0.616987 0.427885 0.625000 0.429487 0.629808 0.427885 0.633013 0.424679 0.631410 0.416667 0.625000 0.410256 0.615385 0.410256 0.610577 0.411859
0 0.584936 0.365385 0.588141 0.371795 0.594551 0.376603 0.600962 0.378205 0.608974 0.378205 0.610577 0.373397 0.610577 0.365385 0.602564 0.358974 0.594551 0.357372 0.588141 0.360577
0 0.475962 0.315705 0.479167 0.322115 0.485577 0.328526 0.491987 0.330128 0.498397 0.330128 0.501603 0.323718 0.500000 0.317308 0.493590 0.310897 0.485577 0.309295 0.479167 0.310897
0 0.403846 0.342949 0.405449 0.349359 0.413462 0.355769 0.418269 0.357372 0.426282 0.355769 0.429487 0.350962 0.429487 0.344551 0.419872 0.336538 0.411859 0.336538 0.405449 0.338141
0 0.366987 0.379808 0.370192 0.386218 0.376603 0.392628 0.383013 0.394231 0.391026 0.392628 0.392628 0.387821 0.392628 0.381410 0.384615 0.373397 0.376603 0.373397 0.370192 0.375000
0 0.608974 0.503205 0.612179 0.509615 0.618590 0.514423 0.625000 0.517628 0.633013 0.516026 0.634615 0.511218 0.634615 0.504808 0.626603 0.498397 0.618590 0.496795 0.610577 0.500000
0 0.791667 0.426282 0.794872 0.432692 0.802885 0.437500 0.807692 0.440705 0.815705 0.439103 0.818910 0.434295 0.818910 0.427885 0.809295 0.419872 0.801282 0.418269 0.794872 0.421474
0 0.842949 0.432692 0.846154 0.439103 0.850962 0.443910 0.857372 0.445513 0.863782 0.443910 0.866987 0.439103 0.866987 0.432692 0.858974 0.426282 0.849359 0.424679 0.846154 0.426282
0 0.876603 0.576923 0.879808 0.583333 0.886218 0.589744 0.892628 0.591346 0.897436 0.589744 0.900641 0.584936 0.900641 0.578526 0.894231 0.572115 0.884615 0.570513 0.879808 0.572115
0 0.911859 0.580128 0.915064 0.586538 0.921474 0.592949 0.927885 0.594551 0.934295 0.592949 0.935897 0.588141 0.935897 0.581731 0.929487 0.573718 0.921474 0.573718 0.915064 0.575321
0 0.967949 0.565705 0.971154 0.572115 0.977564 0.576923 0.983974 0.580128 0.985577 0.559295 0.975962 0.557692 0.971154 0.560897 0.900641 0.474359 0.903846 0.480769 0.910256 0.487179
0 0.916667 0.488782 0.923077 0.487179 0.926282 0.482372 0.926282 0.475962 0.918269 0.467949 0.910256 0.467949 0.903846 0.469551 0.980769 0.477564 0.983974 0.483974 0.983974 0.472756
0 0.857372 0.756410 0.860577 0.762821 0.866987 0.767628 0.873397 0.770833 0.878205 0.770833 0.881410 0.764423 0.881410 0.759615 0.871795 0.751603 0.863782 0.750000 0.858974 0.751603
0 0.942308 0.891026 0.945513 0.897436 0.950321 0.902244 0.956731 0.903846 0.964744 0.902244 0.966346 0.897436 0.966346 0.891026 0.958333 0.886218 0.951923 0.884615 0.945513 0.886218
0 0.666667 0.733974 0.669872 0.740385 0.676282 0.746795 0.682692 0.746795 0.690705 0.745192 0.693910 0.740385 0.693910 0.735577 0.682692 0.729167 0.676282 0.727564 0.669872 0.729167
0 0.823718 0.751603 0.826923 0.756410 0.833333 0.762821 0.838141 0.766026 0.844551 0.762821 0.847756 0.758013 0.847756 0.751603 0.841346 0.743590 0.831731 0.743590 0.826923 0.746795
0 0.706731 0.796474 0.709936 0.801282 0.716346 0.807692 0.722756 0.807692 0.730769 0.806090 0.733974 0.801282 0.733974 0.796474 0.724359 0.788462 0.716346 0.788462 0.709936 0.790064
0 0.641026 0.649038 0.642628 0.655449 0.650641 0.660256 0.657051 0.661859 0.663462 0.660256 0.666667 0.655449 0.666667 0.649038 0.657051 0.642628 0.649038 0.641026 0.642628 0.642628
0 0.682692 0.661859 0.685897 0.668269 0.692308 0.674679 0.698718 0.676282 0.706731 0.674679 0.708333 0.669872 0.708333 0.663462 0.700321 0.655449 0.692308 0.655449 0.685897 0.657051
0 0.557692 0.562500 0.560897 0.568910 0.567308 0.573718 0.573718 0.576923 0.581731 0.575321 0.583333 0.570513 0.583333 0.564103 0.575321 0.556090 0.567308 0.554487 0.560897 0.557692
0 0.546474 0.766026 0.549679 0.772436 0.556090 0.778846 0.560897 0.780449 0.567308 0.778846 0.572115 0.774038 0.572115 0.767628 0.564103 0.759615 0.554487 0.759615 0.549679 0.761218
0 0.427885 0.584936 0.431090 0.591346 0.437500 0.596154 0.443910 0.599359 0.450321 0.597756 0.453526 0.592949 0.453526 0.586538 0.443910 0.578526 0.435897 0.576923 0.429487 0.580128
0 0.453526 0.655449 0.456731 0.661859 0.463141 0.668269 0.469551 0.669872 0.477564 0.668269 0.479167 0.663462 0.479167 0.657051 0.471154 0.650641 0.463141 0.649038 0.456731 0.650641
0 0.504808 0.653846 0.508013 0.658654 0.514423 0.665064 0.520833 0.666667 0.528846 0.665064 0.532051 0.660256 0.530449 0.653846 0.522436 0.647436 0.514423 0.645833 0.508013 0.647436
0 0.461538 0.737179 0.464744 0.743590 0.471154 0.748397 0.477564 0.751603 0.483974 0.750000 0.487179 0.745192 0.487179 0.738782 0.479167 0.730769 0.471154 0.729167 0.464744 0.732372
0 0.741987 0.665064 0.745192 0.671474 0.750000 0.676282 0.756410 0.677885 0.764423 0.676282 0.767628 0.673077 0.766026 0.666667 0.758013 0.658654 0.751603 0.657051 0.745192 0.660256
0 0.536859 0.580128 0.540064 0.586538 0.546474 0.591346 0.552885 0.594551 0.559295 0.592949 0.560897 0.589744 0.562500 0.581731 0.554487 0.573718 0.546474 0.573718 0.540064 0.575321
0 0.689103 0.610577 0.692308 0.616987 0.698718 0.621795 0.705128 0.625000 0.711538 0.623397 0.714744 0.618590 0.714744 0.612179 0.706731 0.604167 0.698718 0.602564 0.692308 0.605769
0 0.498397 0.612179 0.500000 0.616987 0.508013 0.623397 0.512821 0.625000 0.520833 0.623397 0.524038 0.618590 0.524038 0.612179 0.514423 0.604167 0.506410 0.602564 0.500000 0.605769
0 0.674679 0.714744 0.676282 0.721154 0.684295 0.725962 0.689103 0.729167 0.697115 0.727564 0.700321 0.722756 0.700321 0.716346 0.690705 0.708333 0.682692 0.706731 0.676282 0.709936
0 0.794872 0.700321 0.798077 0.706731 0.804487 0.711538 0.809295 0.713141 0.817308 0.711538 0.820513 0.706731 0.818910 0.700321 0.812500 0.693910 0.804487 0.692308 0.798077 0.693910
0 0.358974 0.405449 0.362179 0.411859 0.368590 0.416667 0.375000 0.419872 0.381410 0.418269 0.384615 0.413462 0.384615 0.407051 0.376603 0.399038 0.366987 0.397436 0.362179 0.400641
0 0.474359 0.443910 0.477564 0.450321 0.485577 0.456731 0.490385 0.458333 0.498397 0.456731 0.500000 0.451923 0.500000 0.445513 0.491987 0.437500 0.483974 0.437500 0.477564 0.439103
0 0.500000 0.384615 0.503205 0.391026 0.509615 0.395833 0.516026 0.399038 0.522436 0.397436 0.525641 0.392628 0.525641 0.386218 0.517628 0.378205 0.509615 0.376603 0.503205 0.379808
0 0.403846 0.439103 0.407051 0.445513 0.413462 0.450321 0.419872 0.453526 0.427885 0.451923 0.431090 0.447115 0.429487 0.440705 0.421474 0.432692 0.413462 0.431090 0.407051 0.434295
0 0.379808 0.453526 0.383013 0.459936 0.389423 0.466346 0.395833 0.467949 0.402244 0.466346 0.405449 0.461538 0.405449 0.455128 0.397436 0.448718 0.389423 0.447115 0.383013 0.448718
0 0.376603 0.475962 0.379808 0.482372 0.386218 0.487179 0.392628 0.490385 0.399038 0.488782 0.402244 0.483974 0.402244 0.477564 0.394231 0.469551 0.384615 0.467949 0.378205 0.471154
0 0.251603 0.469551 0.258013 0.475962 0.264423 0.477564 0.270833 0.475962 0.274038 0.471154 0.274038 0.464744 0.269231 0.459936 0.262821 0.458333 0.254808 0.459936 0.219551 0.498397
0 0.219551 0.501603 0.225962 0.508013 0.232372 0.509615 0.240385 0.508013 0.243590 0.503205 0.241987 0.498397 0.238782 0.493590 0.230769 0.491987 0.224359 0.495192 0.214744 0.514423
0 0.214744 0.522436 0.221154 0.527244 0.227564 0.528846 0.233974 0.527244 0.237179 0.522436 0.237179 0.516026 0.232372 0.511218 0.225962 0.509615 0.219551 0.511218 0.326923 0.578526
0 0.326923 0.584936 0.333333 0.589744 0.339744 0.592949 0.347756 0.591346 0.349359 0.586538 0.349359 0.580128 0.344551 0.575321 0.338141 0.573718 0.331731 0.575321 0.262821 0.560897
0 0.264423 0.567308 0.269231 0.572115 0.275641 0.573718 0.282051 0.572115 0.285256 0.567308 0.285256 0.560897 0.280449 0.556090 0.274038 0.554487 0.267628 0.557692 0.266026 0.615385
0 0.264423 0.621795 0.272436 0.626603 0.278846 0.629808 0.285256 0.628205 0.288462 0.623397 0.288462 0.616987 0.283654 0.612179 0.277244 0.610577 0.269231 0.612179 0.081731 0.562500
0 0.081731 0.568910 0.088141 0.573718 0.094551 0.575321 0.100962 0.573718 0.102564 0.568910 0.102564 0.562500 0.099359 0.557692 0.092949 0.557692 0.084936 0.559295 0.033654 0.448718
0 0.033654 0.455128 0.040064 0.459936 0.046474 0.461538 0.052885 0.459936 0.056090 0.456731 0.054487 0.450321 0.049679 0.445513 0.043269 0.443910 0.038462 0.445513 0.209936 0.591346
0 0.209936 0.596154 0.216346 0.602564 0.222756 0.604167 0.229167 0.602564 0.232372 0.597756 0.229167 0.592949 0.224359 0.588141 0.219551 0.586538 0.214744 0.588141 0.084936 0.413462
0 0.084936 0.419872 0.091346 0.424679 0.097756 0.426282 0.102564 0.426282 0.105769 0.419872 0.104167 0.416667 0.100962 0.410256 0.094551 0.408654 0.089744 0.410256 0.113782 0.360577
0 0.112179 0.366987 0.118590 0.370192 0.123397 0.373397 0.131410 0.371795 0.134615 0.366987 0.131410 0.360577 0.128205 0.357372 0.120192 0.355769 0.115385 0.358974 0.038462 0.331731
0 0.038462 0.334936 0.044872 0.341346 0.049679 0.344551 0.056090 0.341346 0.059295 0.336538 0.057692 0.331731 0.052885 0.328526 0.046474 0.326923 0.043269 0.326923 0.089744 0.315705
0 0.089744 0.322115 0.096154 0.326923 0.102564 0.328526 0.110577 0.326923 0.113782 0.323718 0.110577 0.317308 0.105769 0.312500 0.099359 0.310897 0.094551 0.312500 0.048077 0.293269
0 0.048077 0.299679 0.054487 0.304487 0.059295 0.307692 0.065705 0.306090 0.068910 0.301282 0.067308 0.294872 0.064103 0.290064 0.057692 0.288462 0.052885 0.290064 0.171474 0.310897
0 0.171474 0.317308 0.176282 0.322115 0.182692 0.323718 0.189103 0.322115 0.192308 0.318910 0.190705 0.312500 0.184295 0.309295 0.181090 0.306090 0.176282 0.307692 0.121795 0.189103
0 0.121795 0.195513 0.128205 0.200321 0.133013 0.203526 0.139423 0.201923 0.142628 0.197115 0.139423 0.190705 0.136218 0.187500 0.129808 0.184295 0.125000 0.185897 0.240385 0.205128
0 0.238782 0.211538 0.246795 0.214744 0.253205 0.217949 0.259615 0.216346 0.262821 0.211538 0.261218 0.205128 0.256410 0.201923 0.248397 0.200321 0.243590 0.201923 0.346154 0.286859
0 0.346154 0.291667 0.354167 0.298077 0.358974 0.299679 0.366987 0.298077 0.370192 0.293269 0.366987 0.288462 0.362179 0.283654 0.355769 0.282051 0.350962 0.283654 0.416667 0.288462
0 0.416667 0.294872 0.424679 0.299679 0.429487 0.302885 0.437500 0.301282 0.440705 0.296474 0.437500 0.290064 0.434295 0.285256 0.426282 0.283654 0.421474 0.285256 0.376603 0.235577
0 0.376603 0.241987 0.384615 0.246795 0.389423 0.250000 0.397436 0.248397 0.400641 0.243590 0.397436 0.237179 0.394231 0.232372 0.386218 0.230769 0.381410 0.232372 0.482372 0.286859
0 0.482372 0.293269 0.488782 0.299679 0.495192 0.301282 0.501603 0.299679 0.504808 0.294872 0.501603 0.288462 0.498397 0.285256 0.491987 0.283654 0.487179 0.283654 0.541667 0.315705
0 0.541667 0.322115 0.548077 0.326923 0.554487 0.330128 0.562500 0.328526 0.565705 0.323718 0.562500 0.317308 0.557692 0.314103 0.551282 0.310897 0.546474 0.312500 0.578526 0.322115
0 0.578526 0.328526 0.584936 0.333333 0.591346 0.336538 0.597756 0.334936 0.600962 0.330128 0.599359 0.323718 0.594551 0.318910 0.586538 0.317308 0.581731 0.318910 0.536859 0.282051
0 0.536859 0.286859 0.544872 0.293269 0.549679 0.294872 0.557692 0.293269 0.560897 0.288462 0.557692 0.283654 0.554487 0.278846 0.546474 0.277244 0.541667 0.277244 0.485577 0.267628
0 0.483974 0.272436 0.491987 0.278846 0.496795 0.280449 0.503205 0.278846 0.506410 0.274038 0.503205 0.269231 0.500000 0.264423 0.493590 0.262821 0.488782 0.262821 0.604167 0.323718
0 0.604167 0.328526 0.610577 0.334936 0.616987 0.336538 0.623397 0.334936 0.626603 0.330128 0.625000 0.325321 0.620192 0.320513 0.613782 0.318910 0.608974 0.318910 0.639423 0.418269
0 0.639423 0.424679 0.645833 0.431090 0.650641 0.431090 0.653846 0.431090 0.655449 0.426282 0.657051 0.421474 0.653846 0.416667 0.647436 0.415064 0.644231 0.415064 0.663462 0.439103
0 0.663462 0.443910 0.669872 0.450321 0.676282 0.451923 0.682692 0.450321 0.682692 0.445513 0.684295 0.440705 0.679487 0.435897 0.673077 0.434295 0.668269 0.435897 0.709936 0.455128
0 0.708333 0.461538 0.716346 0.466346 0.722756 0.467949 0.729167 0.466346 0.730769 0.461538 0.729167 0.456731 0.725962 0.451923 0.717949 0.450321 0.713141 0.451923 0.618590 0.477564
0 0.618590 0.483974 0.625000 0.488782 0.631410 0.490385 0.636218 0.490385 0.637821 0.485577 0.639423 0.479167 0.634615 0.474359 0.628205 0.472756 0.623397 0.474359 0.639423 0.474359
0 0.639423 0.480769 0.645833 0.485577 0.652244 0.487179 0.658654 0.485577 0.658654 0.480769 0.660256 0.475962 0.655449 0.471154 0.649038 0.469551 0.644231 0.471154 0.783654 0.493590
0 0.790064 0.501603 0.796474 0.503205 0.802885 0.501603 0.804487 0.498397 0.804487 0.493590 0.799679 0.488782 0.793269 0.487179 0.788462 0.488782 0.770833 0.463141 0.769231 0.467949
0 0.777244 0.474359 0.782051 0.477564 0.786859 0.474359 0.790064 0.467949 0.788462 0.464744 0.785256 0.459936 0.778846 0.458333 0.774038 0.458333 0.881410 0.498397 0.881410 0.503205
0 0.887821 0.509615 0.894231 0.511218 0.899038 0.509615 0.900641 0.503205 0.900641 0.500000 0.897436 0.496795 0.891026 0.495192 0.886218 0.495192 0.778846 0.516026 0.778846 0.522436
0 0.785256 0.527244 0.791667 0.528846 0.796474 0.527244 0.799679 0.522436 0.798077 0.517628 0.794872 0.512821 0.786859 0.511218 0.783654 0.512821 0.754808 0.503205 0.754808 0.508013
0 0.761218 0.514423 0.767628 0.516026 0.774038 0.514423 0.774038 0.509615 0.775641 0.504808 0.770833 0.500000 0.762821 0.500000 0.759615 0.500000 0.826923 0.455128 0.826923 0.461538
0 0.833333 0.467949 0.839744 0.469551 0.846154 0.467949 0.846154 0.463141 0.847756 0.458333 0.842949 0.453526 0.836538 0.451923 0.831731 0.451923 0.966346 0.525641 0.964744 0.533654
0 0.971154 0.536859 0.977564 0.538462 0.983974 0.536859 0.987179 0.532051 0.985577 0.527244 0.980769 0.522436 0.974359 0.520833 0.969551 0.522436 0.931090 0.600962 0.931090 0.605769
0 0.937500 0.612179 0.943910 0.616987 0.950321 0.610577 0.951923 0.605769 0.951923 0.600962 0.947115 0.597756 0.939103 0.597756 0.934295 0.597756 0.939103 0.679487 0.940705 0.684295
0 0.947115 0.690705 0.953526 0.692308 0.958333 0.689103 0.961538 0.684295 0.959936 0.679487 0.956731 0.676282 0.948718 0.674679 0.943910 0.676282 0.940705 0.783654 0.939103 0.786859
0 0.947115 0.793269 0.953526 0.794872 0.956731 0.793269 0.956731 0.790064 0.959936 0.783654 0.956731 0.778846 0.948718 0.778846 0.943910 0.780449 0.969551 0.923077 0.971154 0.927885
0 0.975962 0.932692 0.979167 0.918269 0.974359 0.918269 0.669872 0.799679 0.671474 0.806090 0.673077 0.810897 0.679487 0.812500 0.685897 0.810897 0.685897 0.806090 0.687500 0.801282
0 0.682692 0.796474 0.677885 0.794872 0.673077 0.796474 0.639423 0.761218 0.639423 0.767628 0.644231 0.772436 0.650641 0.774038 0.655449 0.772436 0.657051 0.767628 0.657051 0.762821
0 0.653846 0.758013 0.645833 0.758013 0.641026 0.759615 0.570513 0.740385 0.572115 0.746795 0.575321 0.750000 0.581731 0.753205 0.588141 0.751603 0.588141 0.746795 0.589744 0.741987
0 0.584936 0.737179 0.578526 0.735577 0.573718 0.737179 0.546474 0.709936 0.546474 0.714744 0.549679 0.719551 0.556090 0.722756 0.562500 0.721154 0.562500 0.716346 0.564103 0.711538
0 0.559295 0.706731 0.552885 0.705128 0.548077 0.706731 0.610577 0.701923 0.612179 0.708333 0.615385 0.711538 0.621795 0.714744 0.628205 0.713141 0.626603 0.709936 0.628205 0.705128
0 0.621795 0.701923 0.618590 0.697115 0.613782 0.698718 0.594551 0.717949 0.594551 0.722756 0.599359 0.727564 0.605769 0.730769 0.610577 0.727564 0.610577 0.724359 0.612179 0.717949
0 0.608974 0.714744 0.600962 0.713141 0.596154 0.713141 0.517628 0.693910 0.517628 0.698718 0.520833 0.703526 0.527244 0.705128 0.533654 0.703526 0.535256 0.698718 0.535256 0.693910
0 0.530449 0.689103 0.524038 0.687500 0.519231 0.689103 0.788462 0.722756 0.790064 0.727564 0.793269 0.732372 0.798077 0.737179 0.802885 0.733974 0.804487 0.729167 0.806090 0.724359
0 0.802885 0.719551 0.796474 0.717949 0.791667 0.717949 0.762821 0.639423 0.762821 0.644231 0.767628 0.649038 0.774038 0.652244 0.777244 0.650641 0.778846 0.645833 0.780449 0.641026
0 0.777244 0.636218 0.769231 0.634615 0.764423 0.634615 0.897436 0.719551 0.897436 0.721154 0.900641 0.725962 0.905449 0.729167 0.911859 0.725962 0.913462 0.721154 0.911859 0.717949
0 0.908654 0.714744 0.902244 0.713141 0.899038 0.716346 0.876603 0.721154 0.876603 0.725962 0.879808 0.729167 0.886218 0.732372 0.891026 0.730769 0.892628 0.724359 0.891026 0.721154
0 0.887821 0.717949 0.883013 0.716346 0.879808 0.717949 0.842949 0.722756 0.842949 0.725962 0.844551 0.729167 0.850962 0.732372 0.855769 0.730769 0.854167 0.727564 0.855769 0.724359
0 0.852564 0.717949 0.847756 0.716346 0.844551 0.717949 0.788462 0.740385 0.786859 0.743590 0.790064 0.748397 0.794872 0.750000 0.801282 0.748397 0.799679 0.745192 0.801282 0.740385
0 0.796474 0.738782 0.793269 0.735577 0.790064 0.737179 0.767628 0.658654 0.767628 0.661859 0.770833 0.666667 0.775641 0.668269 0.782051 0.666667 0.783654 0.661859 0.782051 0.658654
0 0.778846 0.655449 0.772436 0.653846 0.769231 0.655449 0.724359 0.668269 0.724359 0.671474 0.727564 0.674679 0.732372 0.677885 0.738782 0.676282 0.740385 0.669872 0.738782 0.666667
0 0.735577 0.663462 0.729167 0.661859 0.725962 0.663462 0.746795 0.631410 0.746795 0.634615 0.750000 0.639423 0.756410 0.641026 0.759615 0.641026 0.761218 0.636218 0.761218 0.631410
0 0.758013 0.628205 0.753205 0.626603 0.750000 0.628205 0.746795 0.751603 0.746795 0.756410 0.750000 0.759615 0.756410 0.762821 0.761218 0.761218 0.762821 0.754808 0.761218 0.751603
0 0.758013 0.748397 0.753205 0.746795 0.750000 0.748397 0.794872 0.817308 0.793269 0.820513 0.796474 0.823718 0.802885 0.825321 0.807692 0.825321 0.807692 0.818910 0.809295 0.817308
0 0.804487 0.812500 0.799679 0.810897 0.796474 0.812500 0.862179 0.844551 0.862179 0.847756 0.863782 0.850962 0.870192 0.854167 0.875000 0.852564 0.875000 0.847756 0.876603 0.844551
0 0.873397 0.839744 0.866987 0.838141 0.863782 0.839744 0.815705 0.857372 0.815705 0.860577 0.818910 0.865385 0.825321 0.866987 0.828526 0.866987 0.831731 0.860577 0.830128 0.857372
0 0.826923 0.854167 0.820513 0.854167 0.817308 0.855769 0.927885 0.828526 0.929487 0.830128 0.932692 0.831731 0.937500 0.833333 0.939103 0.833333 0.940705 0.831731 0.942308 0.828526
0 0.943910 0.823718 0.942308 0.820513 0.935897 0.818910 0.932692 0.820513 0.929487 0.820513 0.926282 0.823718 0.921474 0.790064 0.924679 0.793269 0.927885 0.793269 0.929487 0.796474
0 0.932692 0.794872 0.934295 0.794872 0.935897 0.791667 0.937500 0.786859 0.934295 0.785256 0.931090 0.782051 0.926282 0.782051 0.923077 0.783654 0.919872 0.786859 0.895833 0.774038
0 0.899038 0.777244 0.902244 0.778846 0.905449 0.780449 0.907051 0.780449 0.908654 0.778846 0.910256 0.775641 0.911859 0.770833 0.910256 0.767628 0.905449 0.764423 0.900641 0.766026
0 0.897436 0.766026 0.894231 0.769231 0.838141 0.807692 0.841346 0.810897 0.844551 0.812500 0.849359 0.814103 0.850962 0.814103 0.852564 0.814103 0.854167 0.809295 0.857372 0.806090
0 0.854167 0.801282 0.847756 0.799679 0.842949 0.799679 0.839744 0.801282 0.838141 0.802885 0.826923 0.785256 0.826923 0.790064 0.831731 0.790064 0.834936 0.791667 0.838141 0.791667
0 0.839744 0.791667 0.841346 0.786859 0.842949 0.783654 0.839744 0.780449 0.833333 0.777244 0.831731 0.777244 0.828526 0.778846 0.825321 0.782051 0.814103 0.802885 0.818910 0.804487
0 0.820513 0.806090 0.825321 0.807692 0.826923 0.807692 0.830128 0.806090 0.831731 0.802885 0.833333 0.799679 0.830128 0.796474 0.825321 0.794872 0.822115 0.793269 0.817308 0.794872
0 0.815705 0.798077 0.923077 0.881410 0.926282 0.884615 0.929487 0.886218 0.934295 0.886218 0.935897 0.886218 0.937500 0.886218 0.939103 0.883013 0.940705 0.879808 0.939103 0.875000
0 0.932692 0.873397 0.927885 0.873397 0.924679 0.875000 0.923077 0.876603 0.778846 0.777244 0.780449 0.780449 0.783654 0.783654 0.788462 0.785256 0.791667 0.783654 0.793269 0.783654
0 0.794872 0.780449 0.796474 0.775641 0.793269 0.772436 0.786859 0.770833 0.783654 0.770833 0.780449 0.774038 0.778846 0.775641 0.713141 0.818910 0.717949 0.820513 0.721154 0.823718
0 0.724359 0.826923 0.727564 0.823718 0.729167 0.825321 0.730769 0.820513 0.732372 0.815705 0.729167 0.812500 0.724359 0.809295 0.719551 0.809295 0.716346 0.810897 0.714744 0.814103
0 0.687500 0.793269 0.690705 0.796474 0.693910 0.798077 0.697115 0.799679 0.700321 0.799679 0.701923 0.798077 0.703526 0.794872 0.705128 0.790064 0.701923 0.786859 0.697115 0.785256 0.692308 0.785256 0.689103 0.785256 0.685897 0.790064
0 0.625000 0.698718 0.629808 0.700321 0.633013 0.701923 0.637821 0.703526 0.641026 0.703526 0.642628 0.701923 0.644231 0.698718 0.645833 0.695513 0.642628 0.690705 0.636218 0.689103 0.633013 0.689103 0.628205 0.690705 0.626603 0.693910
0 0.612179 0.754808 0.613782 0.758013 0.616987 0.759615 0.621795 0.761218 0.625000 0.761218 0.626603 0.761218 0.626603 0.758013 0.628205 0.754808 0.626603 0.750000 0.620192 0.746795 0.616987 0.746795 0.613782 0.748397 0.610577 0.751603
0 0.508013 0.722756 0.511218 0.725962 0.514423 0.727564 0.519231 0.729167 0.522436 0.729167 0.524038 0.727564 0.525641 0.724359 0.527244 0.721154 0.524038 0.716346 0.517628 0.714744 0.514423 0.714744 0.509615 0.716346 0.508013 0.717949
0 0.548077 0.732372 0.551282 0.735577 0.554487 0.737179 0.557692 0.738782 0.560897 0.738782 0.562500 0.738782 0.564103 0.735577 0.565705 0.730769 0.562500 0.727564 0.557692 0.724359 0.552885 0.724359 0.549679 0.725962 0.546474 0.729167
0 0.483974 0.724359 0.487179 0.727564 0.490385 0.729167 0.493590 0.732372 0.496795 0.729167 0.500000 0.725962 0.501603 0.721154 0.498397 0.719551 0.493590 0.714744 0.488782 0.714744 0.485577 0.716346 0.483974 0.719551 0.508013 0.679487
0 0.511218 0.682692 0.514423 0.684295 0.517628 0.685897 0.520833 0.685897 0.522436 0.684295 0.524038 0.681090 0.525641 0.677885 0.522436 0.673077 0.517628 0.671474 0.512821 0.671474 0.509615 0.673077 0.506410 0.674679 0.475962 0.701923
0 0.477564 0.705128 0.482372 0.706731 0.485577 0.708333 0.488782 0.708333 0.490385 0.708333 0.491987 0.705128 0.493590 0.700321 0.490385 0.697115 0.483974 0.693910 0.480769 0.693910 0.477564 0.695513 0.474359 0.698718 0.455128 0.717949
0 0.456731 0.721154 0.459936 0.722756 0.464744 0.724359 0.467949 0.724359 0.469551 0.724359 0.471154 0.721154 0.472756 0.716346 0.469551 0.713141 0.463141 0.709936 0.459936 0.709936 0.455128 0.711538 0.453526 0.714744 0.432692 0.685897
0 0.435897 0.689103 0.439103 0.690705 0.443910 0.692308 0.445513 0.692308 0.447115 0.692308 0.448718 0.687500 0.450321 0.684295 0.447115 0.679487 0.442308 0.677885 0.437500 0.677885 0.434295 0.677885 0.431090 0.681090 0.458333 0.682692
0 0.461538 0.685897 0.464744 0.687500 0.467949 0.689103 0.471154 0.689103 0.472756 0.689103 0.474359 0.685897 0.475962 0.681090 0.472756 0.677885 0.467949 0.674679 0.463141 0.674679 0.459936 0.676282 0.456731 0.679487 0.479167 0.679487
0 0.483974 0.681090 0.487179 0.684295 0.490385 0.687500 0.493590 0.684295 0.496795 0.684295 0.498397 0.681090 0.498397 0.677885 0.496795 0.673077 0.490385 0.669872 0.487179 0.669872 0.482372 0.671474 0.480769 0.674679 0.363782 0.658654
0 0.368590 0.663462 0.373397 0.665064 0.376603 0.665064 0.378205 0.663462 0.379808 0.660256 0.381410 0.655449 0.378205 0.652244 0.371795 0.650641 0.368590 0.650641 0.363782 0.650641 0.362179 0.653846 0.350962 0.668269 0.354167 0.668269
0 0.357372 0.669872 0.360577 0.671474 0.363782 0.673077 0.365385 0.673077 0.366987 0.669872 0.368590 0.665064 0.365385 0.661859 0.360577 0.658654 0.355769 0.658654 0.352564 0.660256 0.352564 0.663462 0.381410 0.669872 0.383013 0.671474
0 0.384615 0.673077 0.389423 0.674679 0.391026 0.674679 0.394231 0.676282 0.395833 0.671474 0.397436 0.668269 0.394231 0.665064 0.387821 0.661859 0.384615 0.661859 0.381410 0.663462 0.379808 0.666667 0.317308 0.653846 0.318910 0.657051
0 0.322115 0.658654 0.326923 0.660256 0.330128 0.660256 0.331731 0.660256 0.333333 0.655449 0.334936 0.652244 0.331731 0.649038 0.325321 0.645833 0.322115 0.645833 0.318910 0.647436 0.315705 0.650641 0.314103 0.594551 0.315705 0.597756
0 0.318910 0.599359 0.323718 0.600962 0.326923 0.600962 0.328526 0.599359 0.330128 0.596154 0.331731 0.592949 0.328526 0.588141 0.322115 0.586538 0.318910 0.586538 0.314103 0.588141 0.312500 0.591346 0.349359 0.612179 0.349359 0.613782
0 0.352564 0.615385 0.355769 0.616987 0.358974 0.616987 0.362179 0.616987 0.363782 0.613782 0.365385 0.610577 0.362179 0.605769 0.355769 0.604167 0.352564 0.604167 0.349359 0.605769 0.347756 0.608974 0.278846 0.597756 0.283654 0.599359
0 0.286859 0.600962 0.291667 0.602564 0.293269 0.602564 0.294872 0.604167 0.296474 0.599359 0.298077 0.594551 0.296474 0.591346 0.290064 0.588141 0.285256 0.588141 0.282051 0.589744 0.280449 0.592949 0.241987 0.616987 0.246795 0.618590
0 0.250000 0.620192 0.254808 0.621795 0.256410 0.621795 0.261218 0.620192 0.259615 0.616987 0.261218 0.613782 0.259615 0.610577 0.253205 0.607372 0.248397 0.607372 0.245192 0.608974 0.243590 0.612179 0.177885 0.602564 0.179487 0.605769
0 0.182692 0.607372 0.187500 0.608974 0.190705 0.608974 0.192308 0.608974 0.193910 0.605769 0.195513 0.600962 0.192308 0.597756 0.185897 0.594551 0.182692 0.594551 0.177885 0.596154 0.176282 0.599359 0.221154 0.572115 0.221154 0.580128
0 0.227564 0.584936 0.233974 0.586538 0.240385 0.584936 0.243590 0.580128 0.243590 0.573718 0.238782 0.568910 0.232372 0.567308 0.224359 0.568910 0.176282 0.578526 0.176282 0.583333 0.182692 0.589744 0.189103 0.591346 0.197115 0.589744
0 0.198718 0.584936 0.198718 0.578526 0.193910 0.573718 0.187500 0.572115 0.181090 0.573718 0.113782 0.548077 0.112179 0.554487 0.120192 0.560897 0.126603 0.562500 0.133013 0.560897 0.136218 0.556090 0.136218 0.549679 0.129808 0.544872
0 0.123397 0.543269 0.116987 0.544872 0.161859 0.544872 0.161859 0.549679 0.168269 0.556090 0.174679 0.557692 0.182692 0.556090 0.184295 0.551282 0.184295 0.544872 0.179487 0.540064 0.174679 0.540064 0.165064 0.543269 0.149038 0.573718
0 0.150641 0.578526 0.155449 0.584936 0.161859 0.586538 0.169872 0.584936 0.173077 0.580128 0.173077 0.573718 0.166667 0.568910 0.160256 0.567308 0.153846 0.567308 0.115385 0.580128 0.115385 0.586538 0.121795 0.591346 0.128205 0.594551
0 0.134615 0.592949 0.137821 0.588141 0.137821 0.581731 0.133013 0.576923 0.126603 0.573718 0.118590 0.575321 0.009615 0.485577 0.016026 0.483974 0.019231 0.479167 0.019231 0.472756 0.012821 0.467949 0.131410 0.464744 0.131410 0.469551
0 0.137821 0.475962 0.144231 0.477564 0.149038 0.475962 0.152244 0.471154 0.152244 0.464744 0.147436 0.461538 0.141026 0.459936 0.134615 0.459936 0.166667 0.491987 0.165064 0.498397 0.173077 0.501603 0.177885 0.504808 0.185897 0.503205
0 0.187500 0.500000 0.189103 0.493590 0.182692 0.488782 0.176282 0.485577 0.169872 0.487179 0.011218 0.373397 0.011218 0.379808 0.016026 0.384615 0.022436 0.387821 0.028846 0.386218 0.032051 0.381410 0.030449 0.375000 0.025641 0.370192
0 0.019231 0.368590 0.016026 0.370192 0.076923 0.357372 0.075321 0.365385 0.081731 0.368590 0.088141 0.371795 0.094551 0.370192 0.097756 0.365385 0.096154 0.358974 0.091346 0.354167 0.084936 0.352564 0.080128 0.354167 0.043269 0.354167
0 0.043269 0.358974 0.049679 0.365385 0.054487 0.366987 0.062500 0.365385 0.065705 0.360577 0.062500 0.355769 0.057692 0.350962 0.051282 0.349359 0.046474 0.352564 0.187500 0.410256 0.187500 0.416667 0.193910 0.421474 0.200321 0.424679
0 0.208333 0.423077 0.209936 0.418269 0.208333 0.411859 0.203526 0.407051 0.197115 0.405449 0.192308 0.407051 0.227564 0.455128 0.227564 0.461538 0.233974 0.466346 0.240385 0.469551
0 0.248397 0.467949 0.251603 0.463141 0.248397 0.456731 0.243590 0.453526 0.237179 0.450321 0.232372 0.451923 0.299679 0.400641 0.302885 0.407051 0.309295 0.411859 0.315705 0.413462
0 0.322115 0.411859 0.325321 0.408654 0.325321 0.400641 0.317308 0.394231 0.307692 0.392628 0.302885 0.395833 0.208333 0.306090 0.211538 0.310897 0.217949 0.315705 0.224359 0.318910
0 0.230769 0.317308 0.233974 0.312500 0.233974 0.306090 0.225962 0.299679 0.216346 0.298077 0.211538 0.301282 0.237179 0.368590 0.240385 0.375000 0.246795 0.381410 0.253205 0.383013
0 0.259615 0.381410 0.262821 0.376603 0.262821 0.370192 0.254808 0.362179 0.245192 0.362179 0.240385 0.363782 0.134615 0.290064 0.136218 0.296474 0.142628 0.302885 0.149038 0.304487
0 0.155449 0.302885 0.158654 0.298077 0.158654 0.291667 0.150641 0.283654 0.141026 0.283654 0.136218 0.285256 0.258013 0.658654 0.259615 0.665064 0.267628 0.669872 0.274038 0.671474
0 0.280449 0.669872 0.283654 0.665064 0.283654 0.658654 0.274038 0.652244 0.266026 0.650641 0.259615 0.652244 0.541667 0.352564 0.535256 0.357372 0.532051 0.363782 0.535256 0.370192
0 0.541667 0.375000 0.549679 0.378205 0.556090 0.378205 0.562500 0.375000 0.564103 0.370192 0.565705 0.365385 0.564103 0.360577 0.556090 0.355769 0.549679 0.352564 0.588141 0.472756
0 0.581731 0.477564 0.578526 0.485577 0.583333 0.490385 0.589744 0.495192 0.596154 0.498397 0.604167 0.498397 0.608974 0.495192 0.612179 0.491987 0.613782 0.485577 0.610577 0.480769
0 0.604167 0.475962 0.596154 0.472756 0.338141 0.357372 0.331731 0.362179 0.328526 0.368590 0.331731 0.375000 0.338141 0.379808 0.344551 0.383013 0.352564 0.383013 0.358974 0.379808
0 0.360577 0.376603 0.362179 0.370192 0.358974 0.365385 0.352564 0.360577 0.346154 0.357372 0.333333 0.493590 0.325321 0.498397 0.326923 0.506410 0.336538 0.512821 0.344551 0.516026
0 0.352564 0.514423 0.355769 0.509615 0.357372 0.504808 0.354167 0.500000 0.346154 0.498397 0.341346 0.493590 0.886218 0.838141 0.879808 0.842949 0.878205 0.849359 0.879808 0.855769
0 0.887821 0.858974 0.894231 0.862179 0.899038 0.862179 0.905449 0.858974 0.908654 0.855769 0.908654 0.849359 0.907051 0.846154 0.902244 0.841346 0.894231 0.838141 0.741987 0.777244
0 0.737179 0.782051 0.735577 0.786859 0.737179 0.793269 0.741987 0.796474 0.748397 0.799679 0.756410 0.799679 0.761218 0.796474 0.764423 0.793269 0.766026 0.786859 0.762821 0.785256
0 0.756410 0.780449 0.748397 0.777244 0.338141 0.415064 0.331731 0.419872 0.330128 0.426282 0.331731 0.432692 0.339744 0.437500 0.346154 0.440705 0.354167 0.440705 0.358974 0.437500
0 0.362179 0.434295 0.362179 0.427885 0.360577 0.423077 0.354167 0.418269 0.346154 0.415064 0.349359 0.475962 0.344551 0.480769 0.342949 0.487179 0.349359 0.495192 0.355769 0.498397
0 0.362179 0.500000 0.366987 0.498397 0.370192 0.495192 0.373397 0.487179 0.370192 0.482372 0.363782 0.477564 0.355769 0.474359 0.213141 0.540064 0.208333 0.543269 0.206731 0.551282
0 0.213141 0.557692 0.217949 0.564103 0.225962 0.562500 0.232372 0.560897 0.233974 0.556090 0.235577 0.549679 0.232372 0.544872 0.225962 0.540064 0.219551 0.538462 0.232372 0.286859
0 0.230769 0.291667 0.232372 0.296474 0.235577 0.298077 0.240385 0.299679 0.245192 0.299679 0.250000 0.298077 0.251603 0.294872 0.248397 0.291667 0.246795 0.290064 0.240385 0.285256
0 0.235577 0.285256 0.184295 0.298077 0.184295 0.299679 0.185897 0.304487 0.189103 0.307692 0.193910 0.309295 0.198718 0.309295 0.201923 0.307692 0.205128 0.304487 0.203526 0.299679
0 0.200321 0.296474 0.193910 0.293269 0.189103 0.293269 0.088141 0.258013 0.088141 0.262821 0.089744 0.267628 0.092949 0.269231 0.097756 0.270833 0.102564 0.272436 0.104167 0.270833 0.105769 0.266026 0.105769 0.262821 0.104167 0.258013
0 0.097756 0.254808 0.092949 0.254808 0.193910 0.341346 0.192308 0.346154 0.193910 0.350962 0.198718 0.352564 0.201923 0.354167 0.206731 0.355769 0.211538 0.354167 0.213141 0.350962 0.211538 0.346154 0.209936 0.341346 0.201923 0.338141
0 0.197115 0.339744 0.294872 0.334936 0.293269 0.338141 0.294872 0.342949 0.298077 0.346154 0.302885 0.347756 0.307692 0.347756 0.312500 0.346154 0.314103 0.342949 0.312500 0.338141 0.310897 0.334936 0.302885 0.331731 0.298077 0.331731
0 0.307692 0.355769 0.306090 0.358974 0.307692 0.363782 0.310897 0.366987 0.315705 0.368590 0.320513 0.368590 0.323718 0.366987 0.326923 0.363782 0.325321 0.358974 0.322115 0.355769 0.315705 0.352564
0 0.310897 0.352564 0.278846 0.407051 0.278846 0.413462 0.280449 0.415064 0.283654 0.418269 0.288462 0.419872 0.293269 0.419872 0.296474 0.419872 0.298077 0.415064 0.298077 0.410256 0.294872 0.407051 0.288462 0.403846 0.283654 0.403846
0 0.290064 0.222756 0.288462 0.225962 0.290064 0.230769 0.294872 0.233974 0.296474 0.235577 0.301282 0.235577 0.306090 0.235577 0.307692 0.230769 0.307692 0.225962 0.304487 0.222756 0.298077 0.219551 0.294872 0.219551 0.419872 0.267628
0 0.418269 0.272436 0.419872 0.275641 0.424679 0.278846 0.427885 0.280449 0.432692 0.280449 0.437500 0.280449 0.439103 0.275641 0.439103 0.270833 0.435897 0.267628 0.427885 0.264423 0.423077 0.264423 0.459936 0.258013 0.459936 0.262821
0 0.461538 0.267628 0.464744 0.269231 0.469551 0.270833 0.474359 0.272436 0.477564 0.270833 0.479167 0.266026 0.479167 0.261218 0.475962 0.258013 0.469551 0.254808 0.464744 0.254808 0.394231 0.259615 0.394231 0.262821
0 0.395833 0.267628 0.399038 0.270833 0.403846 0.272436 0.408654 0.272436 0.411859 0.270833 0.415064 0.267628 0.413462 0.262821 0.410256 0.259615 0.403846 0.256410 0.399038 0.256410 0.238782 0.338141 0.237179 0.341346
0 0.238782 0.346154 0.240385 0.350962 0.245192 0.350962 0.250000 0.350962 0.254808 0.350962 0.256410 0.346154 0.254808 0.341346 0.253205 0.338141 0.246795 0.334936 0.241987 0.334936 0.262821 0.355769 0.262821 0.360577
0 0.264423 0.363782 0.267628 0.366987 0.272436 0.368590 0.277244 0.368590 0.280449 0.368590 0.283654 0.363782 0.282051 0.358974 0.278846 0.355769 0.272436 0.352564 0.267628 0.352564 0.283654 0.365385 0.282051 0.370192
0 0.283654 0.375000 0.288462 0.376603 0.293269 0.378205 0.296474 0.379808 0.301282 0.378205 0.302885 0.373397 0.302885 0.368590 0.299679 0.365385 0.291667 0.362179 0.288462 0.362179 0.395833 0.363782 0.394231 0.366987
0 0.395833 0.371795 0.400641 0.375000 0.403846 0.376603 0.408654 0.376603 0.413462 0.375000 0.415064 0.371795 0.415064 0.366987 0.411859 0.363782 0.403846 0.360577 0.400641 0.360577 0.118590 0.394231 0.116987 0.397436
0 0.118590 0.402244 0.123397 0.405449 0.126603 0.407051 0.131410 0.407051 0.137821 0.402244 0.137821 0.397436 0.134615 0.394231 0.126603 0.391026 0.123397 0.391026 0.238782 0.434295 0.237179 0.437500 0.238782 0.442308
0 0.243590 0.445513 0.246795 0.447115 0.251603 0.447115 0.256410 0.445513 0.258013 0.442308 0.258013 0.437500 0.254808 0.434295 0.246795 0.431090 0.241987 0.431090 0.293269 0.479167 0.293269 0.483974 0.294872 0.487179
0 0.298077 0.490385 0.302885 0.491987 0.307692 0.491987 0.310897 0.491987 0.314103 0.487179 0.312500 0.482372 0.309295 0.479167 0.302885 0.475962 0.298077 0.475962 0.400641 0.516026 0.400641 0.520833 0.402244 0.525641
0 0.405449 0.528846 0.410256 0.530449 0.415064 0.530449 0.418269 0.528846 0.419872 0.525641 0.419872 0.520833 0.416667 0.517628 0.410256 0.514423 0.405449 0.514423 0.153846 0.525641 0.152244 0.530449 0.153846 0.535256
0 0.158654 0.536859 0.163462 0.538462 0.166667 0.540064 0.171474 0.538462 0.173077 0.535256 0.173077 0.530449 0.169872 0.525641 0.161859 0.522436 0.158654 0.522436 0.304487 0.450321 0.302885 0.455128 0.304487 0.459936
0 0.309295 0.461538 0.312500 0.463141 0.317308 0.464744 0.322115 0.463141 0.323718 0.459936 0.322115 0.455128 0.320513 0.450321 0.312500 0.447115 0.307692 0.448718 0.509615 0.584936 0.509615 0.589744 0.511218 0.594551
0 0.514423 0.596154 0.519231 0.597756 0.524038 0.599359 0.527244 0.597756 0.530449 0.592949 0.528846 0.589744 0.524038 0.586538 0.519231 0.581731 0.514423 0.581731 0.464744 0.599359 0.464744 0.604167 0.466346 0.607372
0 0.469551 0.610577 0.474359 0.612179 0.479167 0.612179 0.482372 0.612179 0.485577 0.607372 0.483974 0.602564 0.480769 0.599359 0.474359 0.596154 0.469551 0.596154 0.432692 0.557692 0.432692 0.562500 0.434295 0.565705
0 0.437500 0.568910 0.442308 0.570513 0.447115 0.570513 0.450321 0.570513 0.453526 0.565705 0.451923 0.560897 0.448718 0.557692 0.442308 0.554487 0.437500 0.554487 0.496795 0.535256 0.495192 0.538462 0.496795 0.543269
0 0.500000 0.546474 0.503205 0.548077 0.508013 0.548077 0.512821 0.548077 0.514423 0.543269 0.512821 0.538462 0.511218 0.535256 0.503205 0.532051 0.498397 0.533654 0.567308 0.514423 0.567308 0.517628 0.568910 0.522436
0 0.572115 0.525641 0.576923 0.527244 0.581731 0.527244 0.584936 0.525641 0.586538 0.522436 0.586538 0.517628 0.583333 0.514423 0.576923 0.511218 0.572115 0.511218 0.605769 0.546474 0.605769 0.549679 0.607372 0.554487
0 0.610577 0.557692 0.615385 0.559295 0.620192 0.559295 0.623397 0.559295 0.626603 0.554487 0.625000 0.549679 0.621795 0.546474 0.615385 0.543269 0.610577 0.543269 0.581731 0.541667 0.581731 0.546474 0.583333 0.551282
0 0.586538 0.552885 0.591346 0.556090 0.596154 0.556090 0.599359 0.554487 0.602564 0.551282 0.600962 0.546474 0.597756 0.543269 0.591346 0.540064 0.586538 0.540064 0.596154 0.514423 0.594551 0.519231 0.596154 0.524038
0 0.599359 0.525641 0.604167 0.527244 0.608974 0.528846 0.613782 0.527244 0.615385 0.522436 0.613782 0.517628 0.612179 0.514423 0.604167 0.511218 0.599359 0.511218 0.448718 0.431090 0.447115 0.434295 0.448718 0.439103
0 0.451923 0.442308 0.456731 0.443910 0.461538 0.443910 0.466346 0.442308 0.467949 0.439103 0.466346 0.434295 0.464744 0.431090 0.456731 0.427885 0.451923 0.427885 0.455128 0.475962 0.456731 0.479167 0.458333 0.482372
0 0.461538 0.485577 0.466346 0.487179 0.471154 0.487179 0.474359 0.487179 0.477564 0.482372 0.475962 0.477564 0.472756 0.474359 0.466346 0.471154 0.447115 0.458333 0.447115 0.461538 0.448718 0.466346 0.451923 0.469551
0 0.456731 0.471154 0.461538 0.471154 0.464744 0.471154 0.466346 0.466346 0.466346 0.461538 0.463141 0.458333 0.456731 0.455128 0.451923 0.455128 0.495192 0.402244 0.493590 0.407051 0.495192 0.411859 0.498397 0.415064
0 0.503205 0.415064 0.508013 0.416667 0.511218 0.415064 0.512821 0.411859 0.512821 0.407051 0.509615 0.402244 0.503205 0.399038 0.498397 0.402244 0.586538 0.447115 0.584936 0.450321 0.586538 0.455128 0.591346 0.458333
0 0.596154 0.459936 0.600962 0.459936 0.604167 0.458333 0.605769 0.455128 0.605769 0.450321 0.602564 0.447115 0.596154 0.443910 0.591346 0.443910 0.538462 0.471154 0.536859 0.474359 0.538462 0.479167 0.543269 0.482372
0 0.548077 0.483974 0.551282 0.483974 0.556090 0.483974 0.557692 0.479167 0.557692 0.474359 0.554487 0.471154 0.546474 0.467949 0.543269 0.467949 0.562500 0.467949 0.562500 0.472756 0.564103 0.477564 0.567308 0.479167
0 0.572115 0.480769 0.576923 0.482372 0.580128 0.480769 0.583333 0.477564 0.581731 0.472756 0.578526 0.467949 0.572115 0.464744 0.567308 0.466346 0.501603 0.344551 0.500000 0.349359 0.501603 0.354167 0.506410 0.355769
0 0.511218 0.358974 0.514423 0.358974 0.519231 0.357372 0.520833 0.354167 0.520833 0.349359 0.517628 0.346154 0.509615 0.341346 0.506410 0.342949 0.584936 0.294872 0.583333 0.298077 0.584936 0.302885 0.588141 0.306090
0 0.592949 0.307692 0.597756 0.307692 0.599359 0.307692 0.602564 0.304487 0.602564 0.298077 0.600962 0.294872 0.592949 0.291667 0.588141 0.291667 0.605769 0.301282 0.604167 0.304487 0.605769 0.309295 0.608974 0.312500
0 0.613782 0.314103 0.616987 0.314103 0.620192 0.310897 0.623397 0.307692 0.621795 0.302885 0.618590 0.299679 0.613782 0.298077 0.608974 0.298077 0.508013 0.275641 0.508013 0.278846 0.509615 0.283654 0.512821 0.286859
0 0.517628 0.288462 0.522436 0.288462 0.525641 0.286859 0.527244 0.283654 0.527244 0.278846 0.524038 0.275641 0.517628 0.272436 0.512821 0.272436 0.717949 0.383013 0.717949 0.387821 0.719551 0.392628 0.722756 0.394231
0 0.727564 0.395833 0.730769 0.395833 0.733974 0.394231 0.735577 0.391026 0.733974 0.386218 0.730769 0.383013 0.727564 0.379808 0.722756 0.379808 0.697115 0.375000 0.695513 0.379808 0.697115 0.384615 0.701923 0.386218
0 0.705128 0.387821 0.708333 0.389423 0.711538 0.386218 0.714744 0.383013 0.713141 0.378205 0.709936 0.375000 0.705128 0.371795 0.700321 0.373397 0.690705 0.352564 0.690705 0.357372 0.692308 0.360577 0.695513 0.363782
0 0.700321 0.365385 0.703526 0.365385 0.706731 0.363782 0.708333 0.358974 0.706731 0.355769 0.703526 0.350962 0.700321 0.349359 0.695513 0.349359 0.759615 0.394231 0.758013 0.399038 0.759615 0.403846 0.764423 0.405449
0 0.767628 0.407051 0.770833 0.408654 0.772436 0.407051 0.775641 0.400641 0.774038 0.397436 0.770833 0.392628 0.767628 0.391026 0.762821 0.391026 0.782051 0.384615 0.782051 0.389423 0.783654 0.392628 0.786859 0.395833
0 0.791667 0.397436 0.794872 0.397436 0.798077 0.395833 0.799679 0.391026 0.798077 0.386218 0.794872 0.383013 0.791667 0.381410 0.786859 0.381410 0.777244 0.556090 0.775641 0.560897 0.777244 0.564103 0.780449 0.567308
0 0.783654 0.568910 0.786859 0.570513 0.790064 0.567308 0.793269 0.562500 0.791667 0.557692 0.788462 0.554487 0.783654 0.552885 0.780449 0.552885 0.826923 0.586538 0.826923 0.591346 0.828526 0.596154 0.831731 0.597756
0 0.836538 0.599359 0.839744 0.599359 0.842949 0.597756 0.844551 0.592949 0.842949 0.589744 0.839744 0.584936 0.836538 0.583333 0.831731 0.583333 0.796474 0.576923 0.796474 0.581731 0.798077 0.586538 0.801282 0.588141
0 0.806090 0.589744 0.809295 0.589744 0.812500 0.588141 0.814103 0.584936 0.814103 0.580128 0.809295 0.576923 0.806090 0.573718 0.801282 0.575321 0.745192 0.583333 0.745192 0.586538 0.746795 0.591346 0.750000 0.594551
0 0.754808 0.596154 0.758013 0.596154 0.761218 0.592949 0.762821 0.589744 0.761218 0.584936 0.758013 0.581731 0.754808 0.580128 0.750000 0.580128 0.833333 0.538462 0.831731 0.543269 0.833333 0.548077 0.838141 0.549679
0 0.841346 0.551282 0.844551 0.552885 0.847756 0.549679 0.850962 0.546474 0.849359 0.541667 0.846154 0.538462 0.841346 0.535256 0.836538 0.536859 0.804487 0.512821 0.804487 0.517628 0.806090 0.522436 0.809295 0.525641
0 0.814103 0.527244 0.817308 0.525641 0.820513 0.524038 0.822115 0.520833 0.822115 0.516026 0.817308 0.512821 0.814103 0.511218 0.809295 0.511218 0.823718 0.554487 0.822115 0.559295 0.823718 0.562500 0.826923 0.565705
0 0.831731 0.567308 0.834936 0.568910 0.838141 0.565705 0.839744 0.560897 0.839744 0.556090 0.836538 0.552885 0.831731 0.551282 0.826923 0.551282 0.732372 0.504808 0.732372 0.509615 0.733974 0.514423 0.737179 0.516026
0 0.741987 0.517628 0.745192 0.517628 0.748397 0.516026 0.750000 0.512821 0.750000 0.508013 0.745192 0.504808 0.741987 0.501603 0.737179 0.503205 0.926282 0.641026 0.926282 0.645833 0.927885 0.649038 0.931090 0.652244
0 0.935897 0.653846 0.939103 0.653846 0.940705 0.653846 0.942308 0.649038 0.943910 0.644231 0.939103 0.639423 0.935897 0.637821 0.931090 0.637821 0.708333 0.629808 0.706731 0.633013 0.708333 0.637821 0.713141 0.641026
0 0.717949 0.642628 0.721154 0.641026 0.724359 0.639423 0.725962 0.636218 0.724359 0.631410 0.721154 0.628205 0.716346 0.626603 0.713141 0.626603 0.653846 0.621795 0.652244 0.625000 0.653846 0.629808 0.658654 0.633013
0 0.661859 0.634615 0.666667 0.634615 0.668269 0.631410 0.671474 0.628205 0.669872 0.623397 0.666667 0.620192 0.661859 0.618590 0.657051 0.618590 0.665064 0.602564 0.663462 0.607372 0.665064 0.610577 0.669872 0.613782
0 0.673077 0.615385 0.677885 0.615385 0.681090 0.613782 0.682692 0.608974 0.681090 0.605769 0.677885 0.600962 0.673077 0.599359 0.669872 0.599359 0.621795 0.604167 0.620192 0.608974 0.621795 0.613782 0.626603 0.615385
0 0.631410 0.616987 0.634615 0.616987 0.637821 0.615385 0.639423 0.612179 0.637821 0.607372 0.634615 0.604167 0.629808 0.600962 0.626603 0.602564 0.666667 0.578526 0.665064 0.581731 0.666667 0.586538 0.671474 0.589744
0 0.674679 0.591346 0.677885 0.591346 0.681090 0.588141 0.684295 0.584936 0.682692 0.580128 0.679487 0.576923 0.674679 0.575321 0.668269 0.576923 0.671474 0.549679 0.669872 0.554487 0.671474 0.559295 0.674679 0.562500
0 0.679487 0.564103 0.682692 0.564103 0.685897 0.560897 0.687500 0.557692 0.687500 0.552885 0.684295 0.549679 0.679487 0.548077 0.674679 0.548077 0.639423 0.549679 0.639423 0.554487 0.641026 0.559295 0.644231 0.560897
0 0.649038 0.562500 0.652244 0.562500 0.655449 0.560897 0.657051 0.557692 0.655449 0.552885 0.652244 0.549679 0.649038 0.546474 0.644231 0.548077 0.658654 0.516026 0.657051 0.520833 0.658654 0.525641 0.663462 0.527244
0 0.668269 0.528846 0.671474 0.528846 0.674679 0.527244 0.676282 0.524038 0.674679 0.519231 0.671474 0.516026 0.668269 0.512821 0.663462 0.514423 0.701923 0.525641 0.700321 0.530449 0.701923 0.535256 0.706731 0.536859
0 0.709936 0.540064 0.714744 0.538462 0.717949 0.536859 0.719551 0.533654 0.717949 0.528846 0.714744 0.525641 0.709936 0.524038 0.706731 0.524038 0.770833 0.591346 0.769231 0.594551 0.770833 0.599359 0.772436 0.600962
0 0.777244 0.600962 0.777244 0.602564 0.778846 0.597756 0.780449 0.592949 0.777244 0.589744 0.774038 0.589744 0.847756 0.605769 0.847756 0.608974 0.849359 0.613782 0.852564 0.615385 0.855769 0.618590 0.858974 0.615385
0 0.860577 0.612179 0.858974 0.608974 0.857372 0.605769 0.852564 0.604167 0.716346 0.589744 0.714744 0.592949 0.716346 0.596154 0.719551 0.599359 0.724359 0.599359 0.724359 0.600962 0.725962 0.596154 0.727564 0.591346
0 0.724359 0.588141 0.719551 0.588141 0.693910 0.578526 0.692308 0.581731 0.693910 0.586538 0.698718 0.589744 0.701923 0.591346 0.705128 0.588141 0.706731 0.584936 0.705128 0.581731 0.701923 0.578526 0.697115 0.576923
0 0.623397 0.520833 0.621795 0.524038 0.623397 0.528846 0.626603 0.532051 0.631410 0.532051 0.631410 0.533654 0.633013 0.528846 0.634615 0.524038 0.631410 0.520833 0.626603 0.519231 0.649038 0.586538 0.647436 0.588141
0 0.650641 0.591346 0.653846 0.592949 0.655449 0.594551 0.658654 0.592949 0.657051 0.589744 0.655449 0.586538 0.652244 0.584936 0.814103 0.621795 0.812500 0.625000 0.814103 0.629808 0.817308 0.631410 0.820513 0.634615
0 0.823718 0.631410 0.825321 0.628205 0.825321 0.623397 0.822115 0.621795 0.817308 0.620192 0.887821 0.612179 0.886218 0.616987 0.886218 0.623397 0.891026 0.623397 0.892628 0.625000 0.897436 0.625000 0.900641 0.621795
0 0.903846 0.618590 0.902244 0.615385 0.899038 0.610577 0.894231 0.608974 0.891026 0.608974 0.866987 0.655449 0.865385 0.658654 0.866987 0.663462 0.870192 0.666667 0.875000 0.668269 0.876603 0.668269 0.879808 0.665064
0 0.883013 0.661859 0.881410 0.657051 0.878205 0.655449 0.875000 0.652244 0.870192 0.652244 0.966346 0.673077 0.966346 0.677885 0.967949 0.682692 0.969551 0.684295 0.974359 0.685897 0.977564 0.687500 0.979167 0.685897
0 0.980769 0.681090 0.982372 0.676282 0.977564 0.671474 0.974359 0.669872 0.971154 0.669872 0.916667 0.706731 0.915064 0.711538 0.916667 0.716346 0.919872 0.717949 0.924679 0.719551 0.927885 0.721154 0.929487 0.719551
0 0.931090 0.714744 0.932692 0.709936 0.929487 0.705128 0.924679 0.703526 0.919872 0.703526 0.937500 0.567308 0.935897 0.572115 0.937500 0.576923 0.942308 0.578526 0.945513 0.580128 0.948718 0.581731 0.951923 0.578526
0 0.955128 0.575321 0.953526 0.570513 0.950321 0.567308 0.945513 0.564103 0.940705 0.564103 0.972756 0.588141 0.972756 0.592949 0.974359 0.597756 0.977564 0.599359 0.982372 0.600962 0.983974 0.604167 0.987179 0.599359
0 0.985577 0.586538 0.982372 0.584936 0.977564 0.584936 0.931090 0.541667 0.931090 0.544872 0.932692 0.549679 0.934295 0.554487 0.939103 0.554487 0.942308 0.554487 0.945513 0.551282
0 0.947115 0.548077 0.947115 0.543269 0.942308 0.540064 0.939103 0.538462 0.934295 0.540064 0.919872 0.750000 0.921474 0.751603 0.923077 0.756410 0.926282 0.758013 0.931090 0.759615
0 0.934295 0.761218 0.935897 0.759615 0.937500 0.754808 0.939103 0.750000 0.935897 0.745192 0.931090 0.743590 0.926282 0.745192 0.709936 0.673077 0.709936 0.677885 0.711538 0.682692
0 0.714744 0.684295 0.719551 0.685897 0.722756 0.685897 0.725962 0.684295 0.727564 0.681090 0.725962 0.676282 0.722756 0.673077 0.719551 0.669872 0.714744 0.671474 0.641026 0.666667
0 0.641026 0.669872 0.642628 0.674679 0.645833 0.677885 0.650641 0.679487 0.653846 0.679487 0.657051 0.676282 0.658654 0.673077 0.658654 0.668269 0.653846 0.665064 0.650641 0.663462
0 0.645833 0.663462 0.517628 0.568910 0.516026 0.572115 0.517628 0.576923 0.522436 0.580128 0.525641 0.581731 0.528846 0.581731 0.532051 0.578526 0.535256 0.575321
0 0.533654 0.570513 0.530449 0.567308 0.525641 0.565705 0.522436 0.565705 0.535256 0.557692 0.533654 0.560897 0.535256 0.565705 0.540064 0.568910 0.544872 0.570513 0.548077 0.568910
0 0.551282 0.567308 0.552885 0.564103 0.551282 0.559295 0.548077 0.556090 0.543269 0.554487 0.540064 0.554487 0.772436 0.697115 0.772436 0.700321 0.777244 0.705128 0.783654 0.706731 0.790064 0.705128 0.791667 0.700321
0 0.791667 0.695513 0.786859 0.690705 0.780449 0.690705 0.775641 0.692308 0.730769 0.689103 0.729167 0.692308 0.730769 0.697115 0.733974 0.700321 0.737179 0.701923 0.740385 0.701923 0.743590 0.698718 0.745192 0.695513
0 0.745192 0.690705 0.741987 0.687500 0.738782 0.685897 0.733974 0.685897 0.886218 0.778846 0.884615 0.782051 0.886218 0.785256 0.889423 0.788462 0.894231 0.790064 0.897436 0.788462 0.899038 0.788462 0.900641 0.785256
0 0.900641 0.780449 0.897436 0.777244 0.894231 0.775641 0.889423 0.777244 0.961538 0.785256 0.961538 0.788462 0.963141 0.791667 0.964744 0.794872 0.969551 0.796474 0.972756 0.794872 0.974359 0.794872 0.977564 0.791667
0 0.975962 0.786859 0.972756 0.783654 0.969551 0.782051 0.964744 0.783654 0.918269 0.687500 0.918269 0.690705 0.919872 0.693910 0.923077 0.695513 0.926282 0.697115 0.927885 0.700321 0.931090 0.697115 0.932692 0.693910
0 0.934295 0.689103 0.929487 0.685897 0.927885 0.684295 0.921474 0.685897 0.977564 0.705128 0.977564 0.708333 0.977564 0.711538 0.980769 0.711538 0.983974 0.714744 0.985577 0.701923 0.980769 0.701923 0.951923 0.810897
0 0.951923 0.814103 0.951923 0.815705 0.955128 0.818910 0.959936 0.820513 0.963141 0.818910 0.966346 0.818910 0.967949 0.815705 0.966346 0.812500 0.963141 0.807692 0.959936 0.807692 0.955128 0.809295 0.963141 0.879808
0 0.963141 0.883013 0.964744 0.886218 0.966346 0.887821 0.971154 0.889423 0.974359 0.887821 0.975962 0.889423 0.977564 0.886218 0.977564 0.883013 0.974359 0.878205 0.971154 0.876603 0.966346 0.878205 0.862179 0.735577
0 0.862179 0.740385 0.863782 0.743590 0.865385 0.745192 0.870192 0.746795 0.873397 0.746795 0.876603 0.745192 0.878205 0.741987 0.876603 0.738782 0.873397 0.733974 0.870192 0.732372 0.865385 0.733974 0.741987 0.826923
0 0.741987 0.830128 0.746795 0.834936 0.750000 0.836538 0.751603 0.833333 0.753205 0.833333 0.754808 0.828526 0.751603 0.826923 0.748397 0.823718 0.743590 0.823718 0.674679 0.762821 0.674679 0.766026 0.679487 0.769231
0 0.682692 0.772436 0.685897 0.769231 0.687500 0.769231 0.689103 0.764423 0.687500 0.761218 0.682692 0.758013 0.676282 0.759615 0.751603 0.817308 0.751603 0.820513 0.753205 0.823718 0.758013 0.825321 0.759615 0.826923
0 0.762821 0.823718 0.764423 0.818910 0.762821 0.815705 0.756410 0.815705 0.753205 0.814103 0.758013 0.801282 0.759615 0.802885 0.762821 0.806090 0.764423 0.807692 0.767628 0.804487 0.769231 0.801282 0.767628 0.798077
0 0.764423 0.796474 0.761218 0.798077 0.959936 0.910256 0.959936 0.913462 0.959936 0.916667 0.961538 0.918269 0.966346 0.919872 0.967949 0.919872 0.969551 0.921474 0.971154 0.916667 0.972756 0.911859 0.969551 0.908654
0 0.966346 0.908654 0.963141 0.908654 0.698718 0.810897 0.698718 0.814103 0.701923 0.815705 0.706731 0.817308 0.708333 0.818910 0.711538 0.815705 0.713141 0.810897 0.711538 0.809295 0.705128 0.807692 0.700321 0.807692
0 0.613782 0.721154 0.615385 0.724359 0.618590 0.725962 0.623397 0.727564 0.626603 0.727564 0.629808 0.725962 0.629808 0.721154 0.628205 0.717949 0.621795 0.716346 0.616987 0.717949 0.689103 0.684295 0.690705 0.687500
0 0.693910 0.689103 0.698718 0.690705 0.701923 0.690705 0.705128 0.689103 0.705128 0.684295 0.701923 0.681090 0.697115 0.679487 0.692308 0.681090 0.639423 0.780449 0.639423 0.783654 0.644231 0.786859 0.649038 0.788462
0 0.649038 0.790064 0.652244 0.786859 0.653846 0.782051 0.652244 0.778846 0.647436 0.775641 0.642628 0.777244 0.474359 0.642628 0.475962 0.647436 0.479167 0.649038 0.483974 0.650641 0.487179 0.650641 0.490385 0.647436
0 0.488782 0.644231 0.487179 0.641026 0.482372 0.639423 0.477564 0.641026 0.488782 0.637821 0.490385 0.641026 0.493590 0.644231 0.498397 0.645833 0.500000 0.647436 0.501603 0.644231 0.503205 0.639423 0.500000 0.636218
0 0.496795 0.634615 0.491987 0.634615 0.538462 0.679487 0.538462 0.682692 0.543269 0.685897 0.548077 0.687500 0.548077 0.689103 0.551282 0.685897 0.552885 0.681090 0.551282 0.677885 0.546474 0.674679 0.541667 0.676282
0 0.615385 0.674679 0.615385 0.677885 0.620192 0.681090 0.623397 0.682692 0.626603 0.681090 0.628205 0.681090 0.629808 0.676282 0.628205 0.673077 0.621795 0.669872 0.616987 0.671474 0.600962 0.679487 0.600962 0.682692
0 0.605769 0.685897 0.608974 0.689103 0.612179 0.685897 0.613782 0.685897 0.615385 0.681090 0.613782 0.677885 0.608974 0.674679 0.604167 0.676282 0.540064 0.655449 0.540064 0.658654 0.544872 0.661859 0.548077 0.663462
0 0.551282 0.661859 0.552885 0.661859 0.554487 0.657051 0.552885 0.653846 0.546474 0.652244 0.541667 0.652244 0.535256 0.642628 0.535256 0.644231 0.540064 0.645833 0.543269 0.645833 0.544872 0.645833 0.546474 0.641026
0 0.544872 0.637821 0.541667 0.636218 0.536859 0.637821 0.524038 0.634615 0.525641 0.637821 0.530449 0.641026 0.530449 0.642628 0.533654 0.639423 0.535256 0.634615 0.533654 0.631410 0.530449 0.629808 0.527244 0.631410
0 0.625000 0.767628 0.625000 0.770833 0.629808 0.774038 0.631410 0.775641 0.634615 0.772436 0.636218 0.767628 0.634615 0.764423 0.629808 0.764423 0.625000 0.766026 0.600962 0.772436 0.607372 0.778846 0.607372 0.782051
0 0.610577 0.778846 0.612179 0.774038 0.608974 0.772436 0.607372 0.770833 0.604167 0.770833 0.631410 0.748397 0.631410 0.751603 0.636218 0.754808 0.639423 0.754808 0.641026 0.751603 0.642628 0.748397 0.641026 0.745192
0 0.636218 0.743590 0.633013 0.745192 0.642628 0.751603 0.644231 0.754808 0.649038 0.756410 0.649038 0.758013 0.653846 0.754808 0.655449 0.751603 0.653846 0.748397 0.649038 0.746795
0 0.645833 0.748397 0.610577 0.766026 0.610577 0.769231 0.615385 0.770833 0.616987 0.770833 0.620192 0.767628 0.621795 0.766026 0.620192 0.762821 0.615385 0.761218 0.612179 0.762821 0.524038 0.769231 0.524038 0.772436
0 0.528846 0.775641 0.532051 0.775641 0.533654 0.775641 0.535256 0.770833 0.533654 0.767628 0.530449 0.766026 0.525641 0.766026 0.517628 0.743590 0.517628 0.746795 0.524038 0.750000 0.525641 0.751603 0.527244 0.748397
0 0.528846 0.745192 0.527244 0.741987 0.524038 0.740385 0.519231 0.740385 0.424679 0.649038 0.424679 0.652244 0.431090 0.655449 0.431090 0.658654 0.434295 0.655449 0.435897 0.650641 0.434295 0.647436 0.431090 0.645833
0 0.426282 0.645833 0.399038 0.597756 0.399038 0.600962 0.405449 0.604167 0.407051 0.605769 0.407051 0.604167 0.407051 0.600962 0.405449 0.592949 0.402244 0.594551 0.357372 0.633013 0.358974 0.636218 0.363782 0.637821
0 0.365385 0.639423 0.368590 0.636218 0.370192 0.633013 0.368590 0.629808 0.363782 0.628205 0.360577 0.629808 0.338141 0.658654 0.338141 0.661859 0.342949 0.665064 0.344551 0.666667 0.347756 0.663462 0.349359 0.658654
0 0.347756 0.655449 0.344551 0.655449 0.339744 0.655449 0.330128 0.665064 0.330128 0.668269 0.334936 0.671474 0.336538 0.673077 0.339744 0.669872 0.341346 0.666667 0.339744 0.663462 0.334936 0.661859 0.331731 0.661859
0 0.371795 0.642628 0.373397 0.645833 0.378205 0.647436 0.381410 0.647436 0.383013 0.647436 0.384615 0.642628 0.383013 0.639423 0.379808 0.637821 0.375000 0.639423 0.350962 0.581731 0.352564 0.583333 0.358974 0.586538
0 0.358974 0.589744 0.362179 0.586538 0.363782 0.581731 0.362179 0.578526 0.358974 0.576923 0.354167 0.578526 0.527244 0.669872 0.528846 0.673077 0.533654 0.676282 0.536859 0.676282 0.538462 0.673077 0.540064 0.669872
0 0.538462 0.666667 0.533654 0.665064 0.530449 0.666667 0.206731 0.625000 0.206731 0.628205 0.211538 0.631410 0.214744 0.631410 0.214744 0.629808 0.217949 0.626603 0.216346 0.623397 0.211538 0.621795 0.208333 0.621795
0 0.144231 0.594551 0.144231 0.597756 0.149038 0.600962 0.150641 0.602564 0.153846 0.599359 0.153846 0.596154 0.152244 0.592949 0.150641 0.589744 0.145833 0.591346 0.190705 0.620192 0.192308 0.623397 0.197115 0.625000
0 0.200321 0.625000 0.201923 0.625000 0.203526 0.620192 0.201923 0.616987 0.198718 0.615385 0.193910 0.616987 0.158654 0.625000 0.160256 0.628205 0.163462 0.631410 0.165064 0.633013 0.166667 0.629808 0.168269 0.625000
0 0.166667 0.621795 0.163462 0.620192 0.160256 0.621795 0.282051 0.533654 0.282051 0.536859 0.286859 0.540064 0.288462 0.541667 0.291667 0.538462 0.293269 0.533654 0.291667 0.530449 0.288462 0.530449 0.283654 0.530449
0 0.333333 0.528846 0.333333 0.532051 0.339744 0.535256 0.341346 0.536859 0.342949 0.533654 0.344551 0.528846 0.342949 0.525641 0.339744 0.525641 0.334936 0.525641 0.157051 0.512821 0.160256 0.516026 0.163462 0.517628
0 0.168269 0.519231 0.171474 0.519231 0.173077 0.517628 0.174679 0.514423 0.176282 0.511218 0.173077 0.506410 0.166667 0.504808 0.163462 0.504808 0.158654 0.506410 0.157051 0.508013 0.083333 0.448718 0.088141 0.450321
0 0.091346 0.451923 0.096154 0.453526 0.097756 0.453526 0.102564 0.453526 0.100962 0.450321 0.102564 0.445513 0.099359 0.443910 0.094551 0.439103 0.091346 0.439103 0.086538 0.440705 0.084936 0.443910 0.038462 0.546474
0 0.041667 0.549679 0.044872 0.551282 0.048077 0.552885 0.051282 0.552885 0.052885 0.551282 0.054487 0.548077 0.056090 0.544872 0.052885 0.540064 0.048077 0.538462 0.043269 0.538462 0.040064 0.538462 0.036859 0.541667
0 0.009615 0.535256 0.014423 0.536859 0.017628 0.538462 0.022436 0.540064 0.024038 0.540064 0.025641 0.541667 0.027244 0.536859 0.028846 0.532051 0.027244 0.528846 0.020833 0.525641 0.016026 0.525641 0.012821 0.527244
0 0.011218 0.530449 0.008013 0.514423 0.009615 0.514423 0.011218 0.511218 0.012821 0.506410 0.009615 0.503205 0.102564 0.487179 0.107372 0.488782 0.110577 0.490385 0.115385 0.491987 0.116987 0.491987 0.118590 0.493590
0 0.120192 0.488782 0.121795 0.483974 0.120192 0.480769 0.113782 0.477564 0.108974 0.477564 0.105769 0.479167 0.104167 0.482372 0.064103 0.411859 0.065705 0.416667 0.068910 0.416667 0.073718 0.418269 0.075321 0.418269
0 0.076923 0.419872 0.078526 0.415064 0.080128 0.410256 0.076923 0.407051 0.072115 0.403846 0.067308 0.405449 0.065705 0.405449 0.062500 0.408654 0.009615 0.423077 0.011218 0.421474 0.012821 0.418269 0.014423 0.416667
0 0.011218 0.411859 0.064103 0.442308 0.067308 0.443910 0.070513 0.445513 0.075321 0.447115 0.076923 0.447115 0.080128 0.445513 0.081731 0.442308 0.083333 0.437500 0.080128 0.434295 0.073718 0.432692 0.070513 0.432692
0 0.065705 0.432692 0.064103 0.437500 0.141026 0.541667 0.144231 0.544872 0.145833 0.548077 0.149038 0.549679 0.152244 0.546474 0.155449 0.546474 0.157051 0.541667 0.158654 0.538462
0 0.155449 0.535256 0.149038 0.533654 0.145833 0.533654 0.142628 0.533654 0.141026 0.536859 0.201923 0.528846 0.205128 0.532051 0.208333 0.535256 0.211538 0.536859 0.214744 0.535256
0 0.217949 0.535256 0.216346 0.532051 0.217949 0.527244 0.214744 0.525641 0.209936 0.520833 0.206731 0.520833 0.203526 0.522436 0.200321 0.525641 0.241987 0.567308 0.246795 0.568910
0 0.250000 0.570513 0.254808 0.572115 0.256410 0.572115 0.259615 0.572115 0.261218 0.567308 0.262821 0.564103 0.259615 0.560897 0.253205 0.557692 0.248397 0.557692
0 0.245192 0.559295 0.243590 0.562500 0.190705 0.511218 0.192308 0.514423 0.195513 0.516026 0.200321 0.517628 0.203526 0.517628 0.205128 0.517628 0.206731 0.514423 0.208333 0.509615 0.205128 0.506410 0.198718 0.503205
0 0.195513 0.503205 0.192308 0.504808 0.189103 0.508013 0.147436 0.487179 0.149038 0.490385 0.152244 0.493590 0.157051 0.495192 0.160256 0.493590 0.161859 0.493590 0.163462 0.490385
0 0.165064 0.485577 0.161859 0.482372 0.155449 0.479167 0.152244 0.479167 0.147436 0.480769 0.145833 0.483974 0.105769 0.445513 0.107372 0.448718 0.110577 0.450321 0.115385 0.451923
0 0.118590 0.451923 0.120192 0.450321 0.121795 0.447115 0.123397 0.443910 0.120192 0.439103 0.113782 0.437500 0.110577 0.437500 0.107372 0.439103 0.104167 0.440705 0.137821 0.410256
0 0.141026 0.413462 0.144231 0.416667 0.147436 0.418269 0.150641 0.416667 0.153846 0.416667 0.152244 0.415064 0.153846 0.408654 0.152244 0.405449 0.147436 0.402244 0.142628 0.402244
0 0.139423 0.403846 0.136218 0.407051 0.304487 0.536859 0.307692 0.540064 0.310897 0.541667 0.314103 0.543269 0.317308 0.543269 0.318910 0.541667 0.320513 0.538462 0.322115 0.533654
0 0.318910 0.530449 0.312500 0.528846 0.309295 0.528846 0.306090 0.528846 0.302885 0.532051 0.296474 0.580128 0.299679 0.583333 0.302885 0.584936 0.307692 0.586538 0.310897 0.584936
0 0.312500 0.584936 0.314103 0.581731 0.315705 0.576923 0.312500 0.573718 0.306090 0.572115 0.302885 0.572115 0.298077 0.572115 0.296474 0.575321 0.373397 0.533654 0.376603 0.536859
0 0.379808 0.540064 0.383013 0.541667 0.386218 0.540064 0.387821 0.540064 0.389423 0.536859 0.391026 0.532051 0.387821 0.528846 0.381410 0.525641 0.378205 0.525641 0.375000 0.527244
0 0.371795 0.530449 0.387821 0.560897 0.389423 0.562500 0.391026 0.564103 0.394231 0.565705 0.395833 0.565705 0.395833 0.567308 0.399038 0.564103 0.400641 0.559295 0.397436 0.556090
0 0.392628 0.554487 0.389423 0.554487 0.386218 0.557692 0.373397 0.493590 0.376603 0.496795 0.379808 0.498397 0.381410 0.500000 0.384615 0.500000 0.389423 0.500000 0.389423 0.496795
0 0.391026 0.491987 0.387821 0.488782 0.381410 0.485577 0.378205 0.485577 0.375000 0.487179 0.371795 0.490385 0.456731 0.511218 0.459936 0.514423 0.463141 0.516026
0 0.467949 0.517628 0.469551 0.517628 0.471154 0.517628 0.472756 0.512821 0.475962 0.509615 0.472756 0.504808 0.466346 0.503205 0.461538 0.503205 0.458333 0.503205
0 0.456731 0.506410 0.475962 0.576923 0.480769 0.578526 0.483974 0.580128 0.488782 0.581731 0.490385 0.581731 0.493590 0.581731 0.495192 0.578526 0.496795 0.573718
0 0.493590 0.570513 0.487179 0.567308 0.482372 0.567308 0.479167 0.568910 0.477564 0.572115 0.366987 0.548077 0.370192 0.548077 0.371795 0.549679 0.375000 0.551282
0 0.375000 0.554487 0.376603 0.552885 0.379808 0.549679 0.381410 0.544872 0.379808 0.541667 0.373397 0.540064 0.370192 0.540064 0.368590 0.543269 0.416667 0.556090
0 0.416667 0.557692 0.419872 0.560897 0.423077 0.560897 0.424679 0.562500 0.426282 0.562500 0.427885 0.559295 0.429487 0.556090 0.426282 0.552885 0.421474 0.549679
0 0.418269 0.551282 0.415064 0.552885 0.410256 0.597756 0.410256 0.599359 0.413462 0.600962 0.416667 0.602564 0.418269 0.602564 0.419872 0.602564 0.421474 0.599359
0 0.423077 0.596154 0.419872 0.592949 0.415064 0.591346 0.411859 0.591346 0.408654 0.594551 0.426282 0.540064 0.429487 0.540064 0.432692 0.543269 0.434295 0.543269
0 0.437500 0.544872 0.439103 0.544872 0.440705 0.541667 0.442308 0.538462 0.439103 0.535256 0.434295 0.532051 0.429487 0.533654 0.427885 0.535256 0.312500 0.501603
0 0.314103 0.503205 0.315705 0.504808 0.318910 0.506410 0.320513 0.508013 0.322115 0.508013 0.323718 0.504808 0.325321 0.500000 0.320513 0.500000 0.317308 0.496795
0 0.314103 0.498397 0.309295 0.500000 0.562500 0.586538 0.565705 0.586538 0.567308 0.588141 0.570513 0.589744 0.573718 0.589744 0.575321 0.589744 0.576923 0.586538
0 0.578526 0.583333 0.575321 0.580128 0.568910 0.578526 0.565705 0.578526 0.564103 0.581731 0.584936 0.583333 0.586538 0.584936 0.588141 0.586538 0.591346 0.588141
0 0.592949 0.588141 0.592949 0.589744 0.596154 0.586538 0.597756 0.581731 0.594551 0.578526 0.589744 0.576923 0.586538 0.576923 0.583333 0.580128 0.500000 0.705128
0 0.501603 0.706731 0.503205 0.708333 0.506410 0.709936 0.508013 0.709936 0.509615 0.709936 0.511218 0.706731 0.512821 0.703526 0.509615 0.700321 0.504808 0.698718
0 0.501603 0.698718 0.498397 0.703526 0.498397 0.738782 0.501603 0.737179 0.503205 0.738782 0.506410 0.740385 0.509615 0.740385 0.509615 0.741987 0.511218 0.737179
0 0.512821 0.733974 0.511218 0.730769 0.504808 0.729167 0.501603 0.729167 0.500000 0.732372 0.517628 0.498397 0.520833 0.498397 0.524038 0.500000 0.527244 0.500000
0 0.530449 0.501603 0.532051 0.501603 0.532051 0.500000 0.535256 0.496795 0.532051 0.493590 0.527244 0.490385 0.522436 0.491987 0.520833 0.493590 0.842949 0.565705
0 0.846154 0.565705 0.847756 0.567308 0.849359 0.568910 0.850962 0.572115 0.852564 0.570513 0.854167 0.567308 0.855769 0.562500 0.852564 0.560897 0.849359 0.557692
0 0.846154 0.559295 0.844551 0.560897 0.826923 0.524038 0.830128 0.524038 0.831731 0.525641 0.834936 0.527244 0.838141 0.527244 0.839744 0.527244 0.841346 0.524038
0 0.842949 0.524038 0.839744 0.517628 0.831731 0.519231 0.830128 0.516026 0.828526 0.519231 0.833333 0.516026 0.836538 0.516026 0.838141 0.519231 0.841346 0.519231
0 0.844551 0.520833 0.844551 0.522436 0.846154 0.517628 0.849359 0.514423 0.846154 0.511218 0.839744 0.508013 0.836538 0.509615 0.834936 0.511218 0.854167 0.522436
0 0.857372 0.522436 0.858974 0.524038 0.862179 0.525641 0.863782 0.527244 0.865385 0.527244 0.866987 0.524038 0.868590 0.519231 0.865385 0.517628 0.860577 0.514423
0 0.857372 0.516026 0.855769 0.517628 0.939103 0.620192 0.942308 0.620192 0.943910 0.623397 0.947115 0.623397 0.948718 0.626603 0.950321 0.625000 0.951923 0.621795
0 0.953526 0.618590 0.951923 0.615385 0.945513 0.612179 0.942308 0.613782 0.940705 0.615385 0.956731 0.581731 0.958333 0.583333 0.959936 0.584936 0.961538 0.586538 0.963141 0.586538 0.964744 0.586538 0.966346 0.583333 0.967949 0.580128
0 0.964744 0.576923 0.961538 0.575321 0.958333 0.575321 0.955128 0.578526 0.860577 0.503205 0.863782 0.503205 0.868590 0.504808 0.868590 0.508013 0.871795 0.504808 0.873397 0.501603 0.870192 0.500000 0.868590 0.496795 0.863782 0.496795
0 0.860577 0.500000 0.873397 0.466346 0.875000 0.467949 0.878205 0.469551 0.879808 0.472756 0.883013 0.469551 0.884615 0.466346 0.883013 0.463141 0.878205 0.459936 0.875000 0.459936 0.871795 0.463141 0.774038 0.418269 0.775641 0.419872
0 0.780449 0.419872 0.783654 0.419872 0.785256 0.419872 0.786859 0.416667 0.785256 0.413462 0.780449 0.410256 0.775641 0.411859 0.774038 0.415064 0.942308 0.503205 0.943910 0.504808 0.947115 0.506410 0.951923 0.506410 0.951923 0.508013
0 0.953526 0.503205 0.950321 0.501603 0.945513 0.500000 0.942308 0.500000 0.940705 0.500000 0.988782 0.511218 0.943910 0.495192 0.947115 0.496795 0.950321 0.498397 0.951923 0.500000 0.955128 0.498397 0.956731 0.493590 0.955128 0.490385
0 0.950321 0.488782 0.947115 0.488782 0.945513 0.491987 0.942308 0.450321 0.943910 0.451923 0.947115 0.453526 0.950321 0.455128 0.951923 0.455128 0.953526 0.450321 0.951923 0.447115 0.947115 0.445513 0.942308 0.445513 0.940705 0.447115
0 0.935897 0.434295 0.937500 0.435897 0.940705 0.437500 0.942308 0.442308 0.945513 0.439103 0.947115 0.434295 0.945513 0.431090 0.940705 0.429487 0.935897 0.429487 0.934295 0.431090 0.924679 0.440705 0.926282 0.442308 0.929487 0.443910
0 0.932692 0.443910 0.934295 0.445513 0.934295 0.440705 0.932692 0.439103 0.929487 0.435897 0.924679 0.435897 0.923077 0.437500 0.899038 0.421474 0.902244 0.421474 0.907051 0.423077 0.907051 0.427885 0.910256 0.424679 0.911859 0.419872
0 0.910256 0.416667 0.905449 0.415064 0.902244 0.415064 0.900641 0.416667 0.862179 0.423077 0.863782 0.424679 0.866987 0.426282 0.868590 0.429487 0.871795 0.426282 0.873397 0.423077 0.871795 0.419872 0.866987 0.416667 0.863782 0.418269
0 0.860577 0.419872 0.870192 0.411859 0.875000 0.411859 0.878205 0.413462 0.881410 0.413462 0.883013 0.415064 0.884615 0.410256 0.883013 0.407051 0.878205 0.405449 0.873397 0.405449 0.871795 0.407051 0.980769 0.554487 0.985577 0.554487
0 0.988782 0.556090 0.988782 0.546474 0.983974 0.548077 0.982372 0.549679 0.958333 0.714744 0.951923 0.717949 0.950321 0.724359 0.951923 0.730769 0.958333 0.733974 0.964744 0.737179 0.971154 0.737179 0.975962 0.737179 0.979167 0.730769
0 0.980769 0.724359 0.979167 0.719551 0.972756 0.716346 0.964744 0.714744 0.916667 0.737179 0.915064 0.740385 0.916667 0.743590 0.918269 0.743590 0.919872 0.745192 0.921474 0.745192 0.923077 0.746795 0.924679 0.741987 0.924679 0.740385
0 0.923077 0.738782 0.919872 0.737179 0.937500 0.690705 0.934295 0.693910 0.935897 0.697115 0.937500 0.698718 0.939103 0.700321 0.940705 0.697115 0.942308 0.692308 0.939103 0.692308 0.910256 0.690705 0.907051 0.693910 0.908654 0.695513
0 0.911859 0.697115 0.913462 0.697115 0.916667 0.695513 0.915064 0.693910 0.913462 0.690705 0.899038 0.679487 0.897436 0.682692 0.899038 0.684295 0.902244 0.685897 0.902244 0.689103 0.903846 0.685897 0.905449 0.681090 0.902244 0.679487
0 0.900641 0.665064 0.899038 0.668269 0.900641 0.671474 0.902244 0.674679 0.903846 0.674679 0.905449 0.671474 0.907051 0.668269 0.903846 0.666667 0.842949 0.650641 0.841346 0.653846 0.842949 0.653846 0.846154 0.655449 0.846154 0.658654
0 0.847756 0.655449 0.849359 0.652244 0.847756 0.650641 0.831731 0.644231 0.831731 0.645833 0.831731 0.649038 0.833333 0.652244 0.834936 0.653846 0.834936 0.650641 0.838141 0.647436 0.836538 0.644231 0.796474 0.557692 0.796474 0.564103
0 0.802885 0.568910 0.809295 0.570513 0.815705 0.568910 0.815705 0.564103 0.817308 0.559295 0.812500 0.554487 0.806090 0.552885 0.801282 0.554487 0.745192 0.533654 0.745192 0.540064 0.751603 0.544872 0.758013 0.546474 0.764423 0.544872
0 0.766026 0.540064 0.766026 0.535256 0.761218 0.530449 0.754808 0.528846 0.748397 0.530449 0.591346 0.778846 0.591346 0.782051 0.596154 0.785256 0.599359 0.783654 0.600962 0.783654 0.602564 0.778846 0.600962 0.775641 0.597756 0.774038
0 0.592949 0.775641 0.589744 0.793269 0.589744 0.796474 0.596154 0.799679 0.596154 0.802885 0.599359 0.799679 0.600962 0.794872 0.599359 0.791667 0.596154 0.790064 0.592949 0.790064 0.737179 0.838141 0.740385 0.839744 0.741987 0.841346
0 0.745192 0.842949 0.746795 0.839744 0.748397 0.836538 0.745192 0.834936 0.743590 0.833333 0.740385 0.834936 0.416667 0.615385 0.416667 0.618590 0.421474 0.621795 0.424679 0.621795 0.426282 0.621795 0.427885 0.616987 0.426282 0.613782
0 0.423077 0.612179 0.418269 0.612179 0.434295 0.725962 0.437500 0.727564 0.440705 0.729167 0.443910 0.730769 0.447115 0.730769 0.448718 0.730769 0.450321 0.727564 0.451923 0.724359 0.448718 0.719551 0.442308 0.717949 0.439103 0.717949
0 0.435897 0.719551 0.435897 0.721154 0.317308 0.618590 0.318910 0.625000 0.323718 0.629808 0.330128 0.631410 0.338141 0.629808 0.339744 0.626603 0.339744 0.620192 0.333333 0.615385 0.326923 0.613782 0.322115 0.615385
0 0.225962 0.616987 0.225962 0.620192 0.232372 0.623397 0.232372 0.626603 0.233974 0.623397 0.235577 0.618590 0.233974 0.615385 0.230769 0.613782 0.229167 0.613782 0.241987 0.594551 0.243590 0.597756 0.248397 0.599359 0.251603 0.599359
0 0.253205 0.599359 0.254808 0.594551 0.253205 0.591346 0.248397 0.589744 0.245192 0.591346 0.116987 0.509615 0.118590 0.512821 0.123397 0.516026 0.125000 0.517628 0.128205 0.514423 0.129808 0.511218 0.126603 0.508013 0.123397 0.506410
0 0.120192 0.506410 0.131410 0.496795 0.131410 0.500000 0.136218 0.500000 0.141026 0.501603 0.144231 0.501603 0.147436 0.501603 0.145833 0.500000 0.147436 0.495192 0.144231 0.493590 0.139423 0.488782 0.136218 0.488782 0.133013 0.490385
0 0.129808 0.493590 0.038462 0.471154 0.041667 0.472756 0.044872 0.475962 0.048077 0.475962 0.049679 0.475962 0.051282 0.471154 0.049679 0.467949 0.046474 0.466346 0.041667 0.467949 0.166667 0.429487 0.168269 0.431090
0 0.171474 0.432692 0.174679 0.434295 0.176282 0.434295 0.177885 0.429487 0.176282 0.426282 0.173077 0.424679 0.168269 0.426282 0.155449 0.429487 0.155449 0.432692 0.158654 0.434295 0.160256 0.437500 0.163462 0.434295
0 0.165064 0.432692 0.161859 0.431090 0.160256 0.426282 0.157051 0.429487 0.153846 0.421474 0.155449 0.424679 0.158654 0.426282 0.161859 0.426282 0.163462 0.426282 0.165064 0.421474 0.163462 0.418269 0.160256 0.418269
0 0.157051 0.418269 0.099359 0.386218 0.100962 0.389423 0.104167 0.391026 0.107372 0.391026 0.107372 0.392628 0.108974 0.387821 0.108974 0.384615 0.104167 0.383013 0.100962 0.383013 0.078526 0.386218 0.080128 0.387821
0 0.083333 0.387821 0.084936 0.392628 0.088141 0.389423 0.089744 0.384615 0.088141 0.383013 0.084936 0.381410 0.081731 0.383013 0.213141 0.434295 0.213141 0.435897 0.217949 0.439103 0.217949 0.442308 0.221154 0.437500
0 0.222756 0.434295 0.219551 0.432692 0.217949 0.429487 0.214744 0.431090 0.134615 0.451923 0.139423 0.453526 0.142628 0.456731 0.145833 0.459936 0.147436 0.456731 0.150641 0.456731 0.152244 0.451923 0.153846 0.448718
0 0.150641 0.445513 0.145833 0.442308 0.141026 0.442308 0.137821 0.443910 0.136218 0.447115 0.166667 0.474359 0.169872 0.477564 0.173077 0.479167 0.177885 0.480769 0.179487 0.480769 0.181090 0.480769 0.182692 0.475962
0 0.184295 0.472756 0.181090 0.467949 0.176282 0.466346 0.171474 0.466346 0.168269 0.467949 0.165064 0.469551 0.160256 0.375000 0.161859 0.376603 0.165064 0.378205 0.169872 0.379808 0.173077 0.378205 0.174679 0.378205
0 0.176282 0.375000 0.177885 0.370192 0.174679 0.366987 0.168269 0.365385 0.163462 0.365385 0.161859 0.366987 0.160256 0.368590 0.203526 0.376603 0.205128 0.379808 0.208333 0.381410 0.213141 0.383013 0.216346 0.381410
0 0.217949 0.381410 0.219551 0.378205 0.221154 0.373397 0.216346 0.371795 0.211538 0.368590 0.208333 0.368590 0.205128 0.368590 0.201923 0.371795 0.128205 0.318910 0.131410 0.322115 0.134615 0.323718 0.139423 0.325321
0 0.142628 0.325321 0.144231 0.323718 0.145833 0.320513 0.147436 0.317308 0.144231 0.312500 0.137821 0.310897 0.134615 0.310897 0.129808 0.312500 0.128205 0.314103 0.094551 0.216346 0.096154 0.219551 0.099359 0.221154
0 0.104167 0.222756 0.107372 0.222756 0.108974 0.221154 0.110577 0.217949 0.112179 0.214744 0.108974 0.209936 0.102564 0.208333 0.099359 0.208333 0.096154 0.209936 0.092949 0.214744 0.131410 0.266026 0.133013 0.269231
0 0.136218 0.270833 0.141026 0.270833 0.142628 0.272436 0.144231 0.269231 0.145833 0.266026 0.147436 0.264423 0.145833 0.259615 0.139423 0.258013 0.136218 0.258013 0.133013 0.258013 0.129808 0.261218 0.086538 0.246795
0 0.091346 0.248397 0.094551 0.250000 0.099359 0.251603 0.100962 0.251603 0.104167 0.251603 0.105769 0.246795 0.107372 0.243590 0.104167 0.240385 0.097756 0.237179 0.092949 0.238782 0.089744 0.240385 0.088141 0.241987
0 0.169872 0.245192 0.173077 0.248397 0.176282 0.248397 0.179487 0.250000 0.182692 0.248397 0.184295 0.248397 0.185897 0.245192 0.187500 0.240385 0.182692 0.240385 0.179487 0.237179 0.174679 0.237179 0.171474 0.237179
0 0.168269 0.240385 0.081731 0.179487 0.084936 0.182692 0.088141 0.184295 0.092949 0.185897 0.094551 0.185897 0.097756 0.184295 0.099359 0.181090 0.100962 0.177885 0.097756 0.173077 0.091346 0.171474 0.086538 0.171474
0 0.083333 0.173077 0.081731 0.174679 0.099359 0.136218 0.097756 0.142628 0.104167 0.147436 0.110577 0.147436 0.118590 0.145833 0.120192 0.141026 0.118590 0.137821 0.113782 0.133013
0 0.107372 0.131410 0.102564 0.133013 0.145833 0.171474 0.145833 0.176282 0.149038 0.176282 0.153846 0.177885 0.157051 0.176282 0.158654 0.176282 0.160256 0.173077 0.161859 0.168269
0 0.158654 0.165064 0.152244 0.163462 0.150641 0.163462 0.145833 0.163462 0.144231 0.166667 0.133013 0.147436 0.137821 0.149038 0.141026 0.150641 0.145833 0.152244 0.147436 0.152244
0 0.149038 0.152244 0.150641 0.147436 0.153846 0.144231 0.150641 0.139423 0.144231 0.137821 0.139423 0.137821 0.136218 0.139423 0.134615 0.142628 0.113782 0.110577 0.113782 0.113782
0 0.120192 0.118590 0.126603 0.120192 0.133013 0.118590 0.136218 0.113782 0.133013 0.108974 0.129808 0.104167 0.121795 0.104167 0.116987 0.105769 0.125000 0.232372 0.128205 0.233974
0 0.131410 0.237179 0.134615 0.240385 0.137821 0.237179 0.141026 0.237179 0.142628 0.233974 0.144231 0.229167 0.141026 0.225962 0.134615 0.222756 0.131410 0.222756 0.126603 0.224359
0 0.125000 0.227564 0.206731 0.248397 0.209936 0.250000 0.213141 0.251603 0.216346 0.254808 0.219551 0.251603 0.221154 0.253205 0.222756 0.248397 0.224359 0.243590 0.221154 0.240385
0 0.216346 0.237179 0.211538 0.238782 0.209936 0.238782 0.206731 0.241987 0.157051 0.224359 0.160256 0.227564 0.161859 0.229167 0.166667 0.230769 0.168269 0.230769 0.171474 0.229167
0 0.173077 0.225962 0.174679 0.222756 0.171474 0.217949 0.166667 0.216346 0.163462 0.216346 0.158654 0.216346 0.157051 0.219551 0.205128 0.209936 0.206731 0.213141 0.209936 0.214744
0 0.214744 0.216346 0.217949 0.216346 0.219551 0.216346 0.221154 0.211538 0.222756 0.208333 0.219551 0.205128 0.213141 0.201923 0.209936 0.201923 0.205128 0.203526 0.203526 0.206731
0 0.179487 0.232372 0.182692 0.235577 0.185897 0.237179 0.189103 0.238782 0.192308 0.237179 0.193910 0.237179 0.195513 0.233974 0.197115 0.230769 0.193910 0.225962 0.189103 0.224359
0 0.184295 0.224359 0.181090 0.225962 0.179487 0.227564 0.112179 0.291667 0.115385 0.294872 0.118590 0.296474 0.123397 0.298077 0.125000 0.298077 0.126603 0.298077 0.128205 0.293269
0 0.131410 0.290064 0.128205 0.285256 0.121795 0.283654 0.116987 0.283654 0.113782 0.285256 0.112179 0.286859 0.080128 0.291667 0.081731 0.294872 0.084936 0.296474 0.089744 0.298077
0 0.092949 0.298077 0.096154 0.296474 0.094551 0.294872 0.096154 0.291667 0.094551 0.285256 0.088141 0.283654 0.084936 0.283654 0.080128 0.285256 0.078526 0.288462 0.068910 0.261218
0 0.072115 0.264423 0.073718 0.266026 0.076923 0.269231 0.080128 0.266026 0.081731 0.267628 0.083333 0.262821 0.084936 0.258013 0.083333 0.254808 0.076923 0.254808 0.073718 0.253205
0 0.070513 0.253205 0.068910 0.256410 0.163462 0.357372 0.163462 0.362179 0.166667 0.362179 0.169872 0.362179 0.171474 0.363782 0.173077 0.358974 0.171474 0.355769 0.168269 0.354167
0 0.165064 0.355769 0.189103 0.379808 0.190705 0.381410 0.195513 0.384615 0.197115 0.386218 0.200321 0.383013 0.201923 0.379808 0.198718 0.376603 0.195513 0.375000 0.192308 0.376603
0 0.219551 0.368590 0.222756 0.370192 0.225962 0.371795 0.229167 0.373397 0.230769 0.373397 0.232372 0.368590 0.230769 0.365385 0.227564 0.363782 0.222756 0.365385 0.198718 0.318910
0 0.201923 0.318910 0.205128 0.322115 0.206731 0.325321 0.209936 0.322115 0.211538 0.317308 0.209936 0.314103 0.206731 0.314103 0.203526 0.315705 0.222756 0.237179 0.227564 0.238782
0 0.230769 0.240385 0.235577 0.241987 0.238782 0.241987 0.240385 0.241987 0.241987 0.238782 0.243590 0.233974 0.240385 0.230769 0.233974 0.227564 0.230769 0.227564 0.225962 0.229167
0 0.224359 0.232372 0.352564 0.259615 0.355769 0.262821 0.358974 0.266026 0.362179 0.267628 0.365385 0.266026 0.366987 0.266026 0.368590 0.262821 0.370192 0.258013 0.366987 0.254808 0.360577 0.251603 0.352564 0.254808 0.350962 0.256410
0 0.378205 0.296474 0.381410 0.299679 0.384615 0.301282 0.389423 0.302885 0.391026 0.302885 0.394231 0.301282 0.395833 0.298077 0.397436 0.294872 0.394231 0.290064 0.387821 0.288462 0.383013 0.288462 0.379808 0.290064 0.378205 0.291667
0 0.365385 0.339744 0.370192 0.341346 0.373397 0.342949 0.376603 0.344551 0.379808 0.344551 0.381410 0.342949 0.383013 0.339744 0.384615 0.336538 0.381410 0.331731 0.375000 0.330128 0.371795 0.330128
0 0.368590 0.331731 0.366987 0.334936 0.267628 0.333333 0.269231 0.336538 0.272436 0.338141 0.277244 0.339744 0.280449 0.339744 0.282051 0.338141
0 0.283654 0.334936 0.285256 0.331731 0.282051 0.326923 0.275641 0.325321 0.272436 0.325321 0.267628 0.326923 0.266026 0.328526 0.246795 0.323718
0 0.250000 0.326923 0.251603 0.328526 0.256410 0.330128 0.258013 0.330128 0.259615 0.330128 0.261218 0.325321 0.262821 0.322115 0.259615 0.317308
0 0.254808 0.315705 0.251603 0.315705 0.248397 0.317308 0.245192 0.318910 0.251603 0.288462 0.254808 0.291667 0.258013 0.293269 0.261218 0.294872
0 0.262821 0.296474 0.264423 0.294872 0.266026 0.291667 0.267628 0.288462 0.266026 0.283654 0.261218 0.282051 0.256410 0.282051 0.253205 0.283654
0 0.250000 0.286859 0.389423 0.416667 0.394231 0.418269 0.397436 0.419872 0.402244 0.421474 0.403846 0.421474 0.407051 0.419872 0.408654 0.416667
0 0.410256 0.413462 0.407051 0.408654 0.400641 0.407051 0.397436 0.407051 0.392628 0.408654 0.391026 0.411859 0.339744 0.395833 0.342949 0.395833 0.344551 0.397436 0.347756 0.399038
0 0.347756 0.402244 0.349359 0.400641 0.352564 0.397436 0.354167 0.392628 0.350962 0.389423 0.346154 0.387821 0.342949 0.387821 0.341346 0.391026 0.286859 0.448718 0.290064 0.448718
0 0.291667 0.450321 0.294872 0.451923 0.296474 0.453526 0.298077 0.453526 0.299679 0.450321 0.301282 0.445513 0.299679 0.442308 0.293269 0.440705 0.290064 0.440705
0 0.288462 0.443910 0.280449 0.459936 0.283654 0.459936 0.285256 0.461538 0.288462 0.463141 0.291667 0.464744 0.291667 0.466346 0.293269 0.461538 0.294872 0.458333
0 0.293269 0.455128 0.286859 0.451923 0.283654 0.453526 0.282051 0.455128 0.282051 0.350962 0.285256 0.350962 0.286859 0.352564 0.290064 0.354167 0.290064 0.357372
0 0.291667 0.355769 0.294872 0.352564 0.296474 0.347756 0.293269 0.344551 0.288462 0.342949 0.285256 0.342949 0.283654 0.346154 0.314103 0.323718 0.317308 0.323718
0 0.318910 0.325321 0.322115 0.326923 0.323718 0.328526 0.325321 0.328526 0.326923 0.325321 0.328526 0.320513 0.325321 0.318910 0.320513 0.315705 0.317308 0.317308 0.315705 0.318910 0.302885 0.309295 0.306090 0.309295 0.307692 0.310897
0 0.310897 0.312500 0.312500 0.314103 0.314103 0.315705 0.315705 0.310897 0.317308 0.306090 0.315705 0.302885 0.309295 0.301282 0.306090 0.302885 0.304487 0.304487 0.399038 0.299679
0 0.402244 0.299679 0.405449 0.302885 0.407051 0.302885 0.410256 0.304487 0.411859 0.304487 0.413462 0.301282 0.415064 0.296474 0.411859 0.294872 0.407051 0.291667
0 0.402244 0.293269 0.400641 0.294872 0.371795 0.261218 0.375000 0.261218 0.378205 0.262821 0.379808 0.264423 0.383013 0.264423 0.384615 0.264423 0.386218 0.261218
0 0.387821 0.258013 0.384615 0.254808 0.379808 0.253205 0.375000 0.253205 0.373397 0.256410 0.306090 0.245192 0.307692 0.246795 0.309295 0.248397 0.312500 0.250000
0 0.314103 0.253205 0.315705 0.251603 0.317308 0.248397 0.318910 0.243590 0.315705 0.241987 0.310897 0.238782 0.307692 0.240385 0.304487 0.241987 0.274038 0.240385 0.277244 0.240385 0.278846 0.241987 0.282051 0.243590 0.282051 0.246795
0 0.283654 0.245192 0.286859 0.241987 0.288462 0.237179 0.285256 0.233974 0.280449 0.232372 0.277244 0.232372 0.275641 0.235577 0.443910 0.341346 0.447115 0.341346
0 0.448718 0.342949 0.451923 0.344551 0.455128 0.344551 0.456731 0.346154 0.458333 0.342949 0.459936 0.338141 0.456731 0.336538 0.451923 0.333333 0.447115 0.334936
0 0.445513 0.336538 0.727564 0.649038 0.730769 0.649038 0.732372 0.650641 0.735577 0.652244 0.738782 0.652244 0.738782 0.653846 0.741987 0.650641 0.743590 0.645833
0 0.740385 0.642628 0.735577 0.641026 0.730769 0.641026 0.729167 0.644231 0.482372 0.389423 0.485577 0.391026 0.487179 0.392628 0.490385 0.394231 0.493590 0.394231
0 0.493590 0.395833 0.495192 0.391026 0.496795 0.387821 0.495192 0.384615 0.488782 0.383013 0.485577 0.383013 0.483974 0.386218 0.437500 0.402244 0.440705 0.403846
0 0.442308 0.405449 0.445513 0.407051 0.447115 0.408654 0.448718 0.407051 0.450321 0.403846 0.451923 0.400641 0.448718 0.397436 0.443910 0.395833 0.440705 0.395833
0 0.439103 0.399038 0.442308 0.280449 0.445513 0.282051 0.447115 0.283654 0.450321 0.285256 0.453526 0.285256 0.455128 0.285256 0.456731 0.282051 0.458333 0.278846
0 0.455128 0.275641 0.450321 0.274038 0.445513 0.274038 0.443910 0.275641 0.201923 0.181090 0.205128 0.181090 0.208333 0.182692 0.209936 0.184295 0.213141 0.184295 0.214744 0.184295 0.216346 0.181090 0.217949 0.177885 0.214744 0.174679
0 0.209936 0.173077 0.203526 0.174679 0.203526 0.176282 0.173077 0.206731 0.176282 0.205128 0.177885 0.206731 0.181090 0.208333 0.182692 0.209936 0.184295 0.209936 0.185897 0.206731 0.187500 0.201923 0.185897 0.198718 0.179487 0.197115
0 0.176282 0.200321 0.174679 0.201923 0.160256 0.157051 0.163462 0.157051 0.165064 0.160256 0.168269 0.160256 0.169872 0.163462 0.171474 0.161859 0.173077 0.158654 0.174679 0.155449 0.171474 0.152244 0.166667 0.150641 0.163462 0.152244
0 0.160256 0.153846 0.187500 0.147436 0.190705 0.149038 0.192308 0.150641 0.195513 0.152244 0.198718 0.152244 0.198718 0.153846 0.200321 0.149038 0.201923 0.145833 0.200321 0.142628 0.193910 0.141026 0.190705 0.141026 0.189103 0.142628
0 0.267628 0.187500 0.270833 0.187500 0.272436 0.189103 0.275641 0.190705 0.277244 0.193910 0.278846 0.192308 0.280449 0.189103 0.282051 0.185897 0.280449 0.182692 0.274038 0.179487 0.270833 0.181090 0.269231 0.182692 0.262821 0.206731
0 0.266026 0.206731 0.267628 0.208333 0.270833 0.209936 0.274038 0.211538 0.275641 0.211538 0.277244 0.206731 0.278846 0.203526 0.275641 0.201923 0.269231 0.198718 0.266026 0.200321 0.264423 0.201923 0.137821 0.184295 0.141026 0.184295
0 0.141026 0.185897 0.144231 0.187500 0.145833 0.189103 0.147436 0.190705 0.149038 0.185897 0.150641 0.182692 0.149038 0.179487 0.144231 0.176282 0.141026 0.177885 0.139423 0.179487 0.362179 0.200321 0.365385 0.200321 0.366987 0.201923
0 0.370192 0.203526 0.371795 0.205128 0.373397 0.205128 0.375000 0.201923 0.376603 0.197115 0.375000 0.193910 0.368590 0.192308 0.365385 0.192308 0.363782 0.195513 0.370192 0.214744 0.373397 0.214744 0.375000 0.216346 0.378205 0.217949
0 0.379808 0.219551 0.381410 0.219551 0.383013 0.216346 0.384615 0.211538 0.381410 0.209936 0.376603 0.206731 0.373397 0.208333 0.371795 0.209936 0.339744 0.193910 0.339744 0.198718 0.341346 0.203526 0.344551 0.205128 0.349359 0.206731
0 0.354167 0.208333 0.357372 0.206731 0.360577 0.203526 0.358974 0.198718 0.355769 0.193910 0.349359 0.190705 0.344551 0.190705 0.424679 0.221154 0.426282 0.224359 0.427885 0.227564 0.431090 0.230769 0.435897 0.232372 0.440705 0.232372
0 0.443910 0.232372 0.447115 0.227564 0.445513 0.222756 0.442308 0.219551 0.435897 0.217949 0.431090 0.217949 0.461538 0.233974 0.461538 0.237179 0.463141 0.241987 0.466346 0.245192
0 0.471154 0.246795 0.475962 0.246795 0.479167 0.246795 0.480769 0.241987 0.480769 0.237179 0.477564 0.233974 0.471154 0.230769 0.466346 0.230769 0.334936 0.237179 0.338141 0.237179 0.339744 0.238782 0.342949 0.240385 0.344551 0.241987
0 0.346154 0.241987 0.347756 0.238782 0.349359 0.233974 0.346154 0.230769 0.341346 0.229167 0.338141 0.230769 0.336538 0.232372 0.342949 0.248397 0.346154 0.248397 0.347756 0.250000 0.350962 0.251603 0.352564 0.253205 0.354167 0.254808
0 0.355769 0.250000 0.357372 0.246795 0.355769 0.243590 0.347756 0.241987 0.346154 0.243590 0.344551 0.243590 0.567308 0.286859 0.570513 0.288462 0.572115 0.290064 0.575321 0.291667
0 0.578526 0.291667 0.580128 0.291667 0.581731 0.288462 0.583333 0.285256 0.580128 0.282051 0.575321 0.280449 0.570513 0.280449 0.568910 0.282051 0.552885 0.274038 0.556090 0.274038 0.557692 0.275641 0.560897 0.277244 0.564103 0.277244
0 0.565705 0.277244 0.567308 0.274038 0.568910 0.270833 0.565705 0.267628 0.559295 0.266026 0.556090 0.266026 0.554487 0.269231 0.594551 0.342949 0.597756 0.342949 0.599359 0.346154 0.602564 0.347756 0.605769 0.347756 0.605769 0.349359
0 0.607372 0.344551 0.608974 0.341346 0.607372 0.338141 0.600962 0.336538 0.597756 0.336538 0.596154 0.338141 0.677885 0.405449 0.681090 0.405449 0.682692 0.407051 0.685897 0.408654 0.685897 0.411859 0.687500 0.410256 0.690705 0.407051
0 0.692308 0.402244 0.689103 0.399038 0.684295 0.397436 0.681090 0.397436 0.679487 0.400641 0.693910 0.395833 0.693910 0.397436 0.697115 0.399038 0.700321 0.400641 0.701923 0.400641 0.701923 0.402244 0.705128 0.399038 0.706731 0.394231
0 0.703526 0.391026 0.698718 0.389423 0.695513 0.391026 0.692308 0.392628 0.666667 0.427885 0.669872 0.427885 0.671474 0.429487 0.674679 0.431090 0.676282 0.432692 0.677885 0.432692 0.679487 0.429487 0.681090 0.424679 0.679487 0.421474
0 0.673077 0.419872 0.669872 0.419872 0.668269 0.423077 0.608974 0.400641 0.612179 0.400641 0.613782 0.403846 0.616987 0.403846 0.618590 0.407051 0.620192 0.405449 0.621795 0.402244 0.623397 0.399038 0.620192 0.395833 0.615385 0.392628
0 0.612179 0.394231 0.610577 0.395833 0.634615 0.434295 0.637821 0.434295 0.639423 0.437500 0.641026 0.435897 0.644231 0.432692 0.642628 0.429487 0.637821 0.427885 0.634615 0.427885 0.633013 0.431090 0.584936 0.391026 0.588141 0.391026
0 0.589744 0.392628 0.592949 0.394231 0.596154 0.394231 0.596154 0.395833 0.597756 0.391026 0.599359 0.387821 0.597756 0.384615 0.591346 0.383013 0.588141 0.383013 0.586538 0.386218 0.575321 0.408654 0.578526 0.408654 0.580128 0.411859
0 0.583333 0.411859 0.586538 0.413462 0.588141 0.413462 0.589744 0.410256 0.591346 0.407051 0.588141 0.403846 0.583333 0.400641 0.578526 0.402244 0.576923 0.403846
0 0.762821 0.443910 0.766026 0.443910 0.767628 0.445513 0.770833 0.447115 0.770833 0.450321 0.772436 0.448718 0.775641 0.445513 0.777244 0.440705 0.774038 0.437500
0 0.769231 0.435897 0.766026 0.435897 0.764423 0.439103 0.637821 0.522436 0.641026 0.522436 0.644231 0.524038 0.645833 0.525641 0.649038 0.525641 0.649038 0.527244
0 0.652244 0.524038 0.653846 0.519231 0.650641 0.516026 0.645833 0.514423 0.641026 0.514423 0.639423 0.517628 0.661859 0.568910 0.668269 0.570513 0.668269 0.573718
0 0.671474 0.570513 0.673077 0.567308 0.671474 0.564103 0.668269 0.562500 0.663462 0.562500 0.663462 0.565705 0.594551 0.589744 0.594551 0.592949 0.596154 0.596154 0.599359 0.599359 0.600962 0.599359 0.602564 0.596154 0.604167 0.591346
0 0.600962 0.589744 0.597756 0.588141 0.588141 0.602564 0.586538 0.604167 0.588141 0.607372 0.591346 0.610577 0.592949 0.612179 0.592949 0.608974 0.596154 0.605769 0.594551 0.602564 0.591346 0.600962 0.251603 0.548077 0.254808 0.551282
0 0.258013 0.552885 0.262821 0.554487 0.266026 0.554487 0.267628 0.552885 0.269231 0.549679 0.270833 0.546474 0.267628 0.541667 0.261218 0.540064 0.258013 0.540064 0.253205 0.541667 0.251603 0.543269 0.363782 0.701923 0.366987 0.708333
0 0.373397 0.714744 0.379808 0.716346 0.387821 0.714744 0.389423 0.709936 0.389423 0.703526 0.381410 0.695513 0.373397 0.695513 0.366987 0.697115 0.126603 0.602564 0.133013 0.605769 0.137821 0.607372 0.137821 0.608974 0.139423 0.607372
0 0.141026 0.602564 0.142628 0.597756 0.137821 0.596154 0.133013 0.594551 0.128205 0.597756 0.267628 0.407051 0.267628 0.410256 0.272436 0.411859 0.272436 0.415064 0.275641 0.411859 0.277244 0.408654 0.275641 0.405449 0.272436 0.403846
0 0.269231 0.403846 0.152244 0.224359 0.149038 0.224359 0.147436 0.225962 0.149038 0.229167 0.152244 0.232372 0.155449 0.232372 0.157051 0.233974 0.158654 0.229167 0.155449 0.225962 0.432692 0.419872 0.435897 0.419872 0.437500 0.421474
0 0.440705 0.423077 0.443910 0.423077 0.445513 0.424679 0.447115 0.421474 0.448718 0.416667 0.445513 0.415064 0.440705 0.411859 0.435897 0.413462 0.434295 0.415064 0.826923 0.689103 0.825321 0.692308 0.826923 0.693910 0.828526 0.697115
