0 0.343409 0.384385 0.346700 0.385842 0.348909 0.389179 0.349097 0.393222 0.347454 0.396732 0.342751 0.398721 0.337558 0.397774 0.335981 0.395196 0.335652 0.390636 0.336827 0.386970 0.339695 0.384432
0 0.361983 0.402786 0.365273 0.404242 0.367483 0.407580 0.367671 0.411623 0.366027 0.415133 0.361325 0.417122 0.356131 0.416174 0.354555 0.413597 0.354226 0.409037 0.355401 0.405371 0.358269 0.402833
0 0.302959 0.406780 0.306250 0.408237 0.308460 0.411575 0.308648 0.415617 0.307004 0.419127 0.302301 0.421117 0.297108 0.420169 0.295531 0.417591 0.295202 0.413032 0.296378 0.409365 0.299245 0.406827
0 0.305042 0.388037 0.308332 0.389495 0.310542 0.392832 0.310730 0.396874 0.309086 0.400385 0.304383 0.402374 0.299190 0.401426 0.297614 0.398849 0.297284 0.394289 0.298460 0.390623 0.301328 0.388084
0 0.416315 0.365823 0.419606 0.367280 0.421816 0.370617 0.422004 0.374660 0.420359 0.378170 0.415657 0.380160 0.410464 0.379212 0.408887 0.376634 0.408558 0.372075 0.409733 0.368409 0.412601 0.365870
0 0.335592 0.455040 0.338883 0.456497 0.341093 0.459834 0.341281 0.463877 0.339637 0.467387 0.334934 0.469376 0.329741 0.468428 0.328164 0.465851 0.327835 0.461291 0.329010 0.457625 0.331878 0.455087
0 0.289589 0.489929 0.292880 0.491387 0.295089 0.494724 0.295277 0.498766 0.293633 0.502277 0.288930 0.504266 0.283738 0.503318 0.282160 0.500741 0.281832 0.496182 0.283007 0.492515 0.285875 0.489977
0 0.355033 0.492536 0.358324 0.493993 0.360533 0.497330 0.360721 0.501373 0.359078 0.504883 0.354375 0.506872 0.349182 0.505925 0.347605 0.503347 0.347276 0.498787 0.348451 0.495121 0.351319 0.492583
0 0.396695 0.425367 0.399986 0.426824 0.402195 0.430162 0.402383 0.434204 0.400740 0.437714 0.396037 0.439704 0.390844 0.438756 0.389267 0.436178 0.388938 0.431619 0.390113 0.427952 0.392981 0.425414
0 0.464743 0.368092 0.468034 0.369549 0.470244 0.372887 0.470432 0.376929 0.468788 0.380439 0.464085 0.382429 0.458892 0.381481 0.457315 0.378903 0.456986 0.374344 0.458161 0.370677 0.461029 0.368139
0 0.292363 0.471021 0.295653 0.472478 0.297863 0.475815 0.298051 0.479858 0.296407 0.483368 0.291704 0.485358 0.286511 0.484410 0.284934 0.481832 0.284605 0.477273 0.285781 0.473606 0.288648 0.471068
0 0.516128 0.376424 0.519418 0.377880 0.521628 0.381218 0.521816 0.385261 0.520172 0.388771 0.515469 0.390760 0.510276 0.389812 0.508700 0.387235 0.508370 0.382675 0.509546 0.379009 0.512414 0.376471
0 0.494080 0.378856 0.497371 0.380313 0.499580 0.383651 0.499768 0.387693 0.498125 0.391203 0.493422 0.393193 0.488229 0.392245 0.486652 0.389667 0.486323 0.385108 0.487498 0.381441 0.490366 0.378903
0 0.505536 0.397604 0.508827 0.399061 0.511037 0.402399 0.511225 0.406441 0.509581 0.409951 0.504878 0.411941 0.499685 0.410993 0.498108 0.408415 0.497779 0.403856 0.498954 0.400189 0.501822 0.397651
0 0.498939 0.430758 0.502230 0.432215 0.504439 0.435553 0.504627 0.439595 0.502983 0.443105 0.498280 0.445095 0.493088 0.444147 0.491510 0.441570 0.491181 0.437010 0.492357 0.433343 0.495225 0.430805
0 0.337841 0.336860 0.341132 0.338317 0.343342 0.341655 0.343530 0.345697 0.341886 0.349208 0.337183 0.351197 0.331990 0.350249 0.330414 0.347672 0.330084 0.343112 0.331259 0.339446 0.334127 0.336907
0 0.356763 0.329226 0.360053 0.330683 0.362263 0.334021 0.362451 0.338063 0.360807 0.341573 0.356104 0.343563 0.350911 0.342615 0.349334 0.340037 0.349005 0.335477 0.350180 0.331811 0.353049 0.329273
0 0.276040 0.398482 0.279330 0.399939 0.281540 0.403277 0.281728 0.407319 0.280084 0.410829 0.275381 0.412819 0.270189 0.411871 0.268612 0.409294 0.268282 0.404734 0.269458 0.401067 0.272326 0.398529
0 0.256770 0.407337 0.260060 0.408794 0.262270 0.412132 0.262458 0.416174 0.260814 0.419684 0.256112 0.421673 0.250918 0.420725 0.249342 0.418148 0.249013 0.413588 0.250188 0.409922 0.253056 0.407384
0 0.232465 0.442747 0.235756 0.444204 0.237966 0.447542 0.238154 0.451584 0.236510 0.455095 0.231807 0.457084 0.226614 0.456136 0.225037 0.453559 0.224708 0.448999 0.225883 0.445333 0.228751 0.442794
0 0.226215 0.514607 0.229506 0.516064 0.231716 0.519402 0.231904 0.523444 0.230259 0.526954 0.225557 0.528944 0.220364 0.527996 0.218787 0.525419 0.218458 0.520859 0.219633 0.517192 0.222501 0.514654
0 0.276904 0.509923 0.280195 0.511380 0.282404 0.514718 0.282592 0.518760 0.280948 0.522271 0.276245 0.524260 0.271053 0.523312 0.269476 0.520735 0.269146 0.516175 0.270322 0.512509 0.273190 0.509970
0 0.246523 0.487362 0.249815 0.488819 0.252024 0.492157 0.252212 0.496199 0.250568 0.499709 0.245866 0.501699 0.240672 0.500751 0.239095 0.498173 0.238767 0.493614 0.239942 0.489947 0.242809 0.487409
0 0.220310 0.478860 0.223601 0.480317 0.225810 0.483654 0.225999 0.487697 0.224354 0.491207 0.219652 0.493197 0.214458 0.492249 0.212882 0.489671 0.212553 0.485111 0.213728 0.481445 0.216596 0.478907
0 0.193575 0.487020 0.196866 0.488477 0.199076 0.491814 0.199264 0.495857 0.197620 0.499367 0.192917 0.501357 0.187724 0.500409 0.186147 0.497832 0.185818 0.493272 0.186993 0.489605 0.189861 0.487067
0 0.105561 0.465847 0.108853 0.467304 0.111062 0.470642 0.111250 0.474684 0.109606 0.478195 0.104903 0.480184 0.099710 0.479236 0.098133 0.476659 0.097804 0.472099 0.098980 0.468433 0.101847 0.465894
0 0.147223 0.492926 0.150514 0.494384 0.152724 0.497721 0.152912 0.501763 0.151268 0.505274 0.146565 0.507263 0.141372 0.506315 0.139795 0.503738 0.139466 0.499178 0.140642 0.495512 0.143509 0.492974
0 0.103650 0.516708 0.106941 0.518165 0.109151 0.521502 0.109339 0.525545 0.107695 0.529055 0.102992 0.531045 0.097799 0.530097 0.096222 0.527519 0.095893 0.522960 0.097068 0.519293 0.099936 0.516755
0 0.075874 0.481997 0.079165 0.483454 0.081375 0.486791 0.081563 0.490834 0.079918 0.494344 0.075216 0.496334 0.070022 0.495386 0.068446 0.492808 0.068117 0.488249 0.069292 0.484582 0.072160 0.482044
0 0.056430 0.477139 0.059721 0.478597 0.061931 0.481934 0.062119 0.485976 0.060475 0.489487 0.055772 0.491476 0.050579 0.490528 0.049002 0.487951 0.048673 0.483391 0.049849 0.479725 0.052716 0.477186
0 0.168919 0.382374 0.172210 0.383831 0.174419 0.387169 0.174607 0.391211 0.172964 0.394721 0.168260 0.396710 0.163068 0.395762 0.161491 0.393185 0.161162 0.388625 0.162337 0.384959 0.165205 0.382421
0 0.138539 0.370747 0.141830 0.372204 0.144039 0.375542 0.144227 0.379584 0.142583 0.383095 0.137881 0.385084 0.132688 0.384136 0.131111 0.381559 0.130782 0.376999 0.131957 0.373333 0.134825 0.370794
0 0.084376 0.366411 0.087667 0.367867 0.089877 0.371205 0.090065 0.375248 0.088421 0.378758 0.083718 0.380747 0.078525 0.379799 0.076948 0.377222 0.076619 0.372662 0.077794 0.368996 0.080662 0.366458
0 0.054864 0.374224 0.058155 0.375681 0.060365 0.379018 0.060553 0.383061 0.058908 0.386571 0.054206 0.388560 0.049013 0.387612 0.047436 0.385035 0.047107 0.380475 0.048282 0.376809 0.051150 0.374271
0 0.075347 0.400609 0.078638 0.402066 0.080848 0.405403 0.081036 0.409446 0.079392 0.412956 0.074689 0.414945 0.069496 0.413998 0.067919 0.411420 0.067590 0.406860 0.068766 0.403194 0.071633 0.400655
0 0.105031 0.377700 0.108322 0.379158 0.110532 0.382495 0.110720 0.386537 0.109075 0.390047 0.104373 0.392037 0.099180 0.391089 0.097603 0.388511 0.097274 0.383952 0.098450 0.380286 0.101317 0.377747
0 0.016496 0.452337 0.019788 0.453794 0.021997 0.457132 0.022185 0.461174 0.020541 0.464684 0.015839 0.466674 0.010645 0.465726 0.009069 0.463148 0.008740 0.458589 0.009915 0.454923 0.012783 0.452384
0 0.104757 0.308104 0.108047 0.309562 0.110257 0.312899 0.110445 0.316941 0.108801 0.320451 0.104098 0.322441 0.098905 0.321493 0.097329 0.318916 0.097000 0.314356 0.098175 0.310690 0.101043 0.308151
0 0.041741 0.310537 0.045031 0.311994 0.047241 0.315332 0.047429 0.319374 0.045785 0.322884 0.041082 0.324874 0.035889 0.323926 0.034313 0.321348 0.033983 0.316789 0.035159 0.313122 0.038027 0.310584
0 0.040698 0.331194 0.043989 0.332651 0.046198 0.335989 0.046387 0.340031 0.044743 0.343541 0.040040 0.345531 0.034847 0.344583 0.033270 0.342005 0.032941 0.337446 0.034116 0.333779 0.036984 0.331241
0 0.058230 0.321824 0.061521 0.323281 0.063731 0.326619 0.063919 0.330661 0.062275 0.334171 0.057572 0.336161 0.052379 0.335213 0.050802 0.332635 0.050473 0.328076 0.051648 0.324409 0.054516 0.321871
0 0.114648 0.266285 0.117939 0.267742 0.120148 0.271079 0.120336 0.275122 0.118692 0.278632 0.113990 0.280622 0.108796 0.279674 0.107220 0.277096 0.106891 0.272536 0.108066 0.268870 0.110934 0.266332
0 0.111348 0.251881 0.114639 0.253338 0.116849 0.256676 0.117037 0.260718 0.115393 0.264228 0.110690 0.266218 0.105497 0.265270 0.103920 0.262692 0.103591 0.258133 0.104767 0.254466 0.107634 0.251928
0 0.144331 0.252578 0.147621 0.254035 0.149831 0.257373 0.150019 0.261415 0.148375 0.264925 0.143672 0.266915 0.138479 0.265967 0.136903 0.263389 0.136573 0.258829 0.137749 0.255163 0.140617 0.252625
0 0.026458 0.262821 0.029750 0.264278 0.031959 0.267615 0.032147 0.271658 0.030503 0.275168 0.025801 0.277158 0.020607 0.276210 0.019030 0.273632 0.018702 0.269073 0.019877 0.265407 0.022744 0.262868
0 0.012223 0.270461 0.015514 0.271918 0.017723 0.275255 0.017911 0.279298 0.016267 0.282808 0.011565 0.284797 0.006371 0.283849 0.004795 0.281272 0.004466 0.276712 0.005641 0.273046 0.008509 0.270508
0 0.042263 0.252759 0.045553 0.254216 0.047763 0.257554 0.047951 0.261596 0.046307 0.265107 0.041604 0.267096 0.036411 0.266148 0.034834 0.263571 0.034505 0.259011 0.035681 0.255345 0.038548 0.252806
0 0.025076 0.222734 0.028366 0.224191 0.030576 0.227529 0.030764 0.231572 0.029120 0.235082 0.024417 0.237071 0.019224 0.236123 0.017647 0.233546 0.017318 0.228986 0.018494 0.225320 0.021361 0.222782
0 0.160305 0.241829 0.163596 0.243287 0.165806 0.246624 0.165994 0.250666 0.164350 0.254177 0.159647 0.256166 0.154454 0.255219 0.152877 0.252641 0.152548 0.248081 0.153723 0.244415 0.156591 0.241876
0 0.155096 0.276719 0.158387 0.278176 0.160597 0.281514 0.160785 0.285557 0.159141 0.289066 0.154438 0.291056 0.149245 0.290108 0.147668 0.287530 0.147339 0.282971 0.148515 0.279304 0.151382 0.276766
0 0.268573 0.361170 0.271864 0.362627 0.274073 0.365965 0.274262 0.370007 0.272618 0.373517 0.267915 0.375507 0.262722 0.374559 0.261145 0.371982 0.260816 0.367422 0.261991 0.363755 0.264859 0.361217
0 0.327247 0.291745 0.330538 0.293202 0.332748 0.296540 0.332936 0.300583 0.331292 0.304092 0.326589 0.306082 0.321396 0.305134 0.319819 0.302557 0.319490 0.297997 0.320666 0.294331 0.323533 0.291792
0 0.311705 0.273720 0.314995 0.275177 0.317205 0.278514 0.317393 0.282557 0.315750 0.286067 0.311046 0.288057 0.305854 0.287109 0.304277 0.284531 0.303947 0.279972 0.305123 0.276305 0.307991 0.273767
0 0.313358 0.318827 0.316648 0.320284 0.318858 0.323622 0.319046 0.327664 0.317402 0.331174 0.312699 0.333164 0.307506 0.332216 0.305930 0.329638 0.305601 0.325079 0.306776 0.321412 0.309644 0.318874
0 0.413001 0.279950 0.416291 0.281408 0.418501 0.284745 0.418689 0.288787 0.417045 0.292298 0.412342 0.294287 0.407149 0.293339 0.405572 0.290762 0.405243 0.286202 0.406419 0.282536 0.409286 0.279997
0 0.442858 0.290888 0.446149 0.292345 0.448358 0.295682 0.448546 0.299725 0.446902 0.303235 0.442199 0.305224 0.437006 0.304276 0.435430 0.301699 0.435101 0.297139 0.436276 0.293473 0.439144 0.290935
0 0.440079 0.273186 0.443370 0.274644 0.445580 0.277981 0.445768 0.282023 0.444124 0.285534 0.439421 0.287523 0.434228 0.286575 0.432651 0.283998 0.432322 0.279438 0.433497 0.275772 0.436365 0.273233
0 0.345469 0.273015 0.348760 0.274473 0.350969 0.277810 0.351157 0.281852 0.349514 0.285362 0.344811 0.287352 0.339618 0.286404 0.338041 0.283827 0.337712 0.279267 0.338887 0.275601 0.341755 0.273062
0 0.337830 0.222336 0.341121 0.223793 0.343330 0.227131 0.343518 0.231173 0.341874 0.234683 0.337171 0.236673 0.331979 0.235725 0.330402 0.233147 0.330073 0.228588 0.331248 0.224921 0.334116 0.222383
0 0.354320 0.230496 0.357612 0.231953 0.359821 0.235291 0.360009 0.239333 0.358365 0.242844 0.353662 0.244833 0.348469 0.243885 0.346892 0.241308 0.346563 0.236748 0.347739 0.233082 0.350606 0.230543
0 0.418550 0.251153 0.421841 0.252611 0.424050 0.255948 0.424238 0.259990 0.422594 0.263501 0.417891 0.265490 0.412699 0.264542 0.411121 0.261965 0.410793 0.257405 0.411968 0.253739 0.414835 0.251200
0 0.485730 0.251329 0.489021 0.252787 0.491230 0.256124 0.491418 0.260166 0.489774 0.263677 0.485072 0.265666 0.479879 0.264719 0.478302 0.262141 0.477973 0.257582 0.479148 0.253915 0.482016 0.251376
0 0.432285 0.388042 0.435576 0.389500 0.437785 0.392837 0.437973 0.396879 0.436329 0.400389 0.431627 0.402379 0.426433 0.401431 0.424857 0.398854 0.424528 0.394294 0.425703 0.390628 0.428571 0.388089
0 0.450164 0.381102 0.453455 0.382560 0.455665 0.385897 0.455853 0.389939 0.454209 0.393449 0.449506 0.395439 0.444313 0.394491 0.442736 0.391913 0.442407 0.387354 0.443582 0.383688 0.446450 0.381149
0 0.550154 0.357847 0.553445 0.359304 0.555655 0.362641 0.555843 0.366684 0.554199 0.370194 0.549496 0.372183 0.544303 0.371236 0.542726 0.368658 0.542397 0.364098 0.543572 0.360432 0.546440 0.357893
0 0.534356 0.426409 0.537647 0.427866 0.539856 0.431203 0.540044 0.435246 0.538401 0.438756 0.533697 0.440746 0.528505 0.439798 0.526928 0.437220 0.526598 0.432660 0.527774 0.428994 0.530642 0.426455
0 0.490956 0.416344 0.494247 0.417801 0.496457 0.421139 0.496645 0.425182 0.495001 0.428691 0.490298 0.430681 0.485105 0.429733 0.483528 0.427155 0.483199 0.422596 0.484375 0.418929 0.487242 0.416391
0 0.581398 0.400378 0.584689 0.401836 0.586898 0.405173 0.587087 0.409215 0.585443 0.412726 0.580740 0.414715 0.575547 0.413767 0.573970 0.411190 0.573641 0.406630 0.574816 0.402964 0.577684 0.400426
0 0.595979 0.382157 0.599270 0.383614 0.601480 0.386951 0.601668 0.390994 0.600024 0.394503 0.595321 0.396493 0.590128 0.395545 0.588551 0.392968 0.588222 0.388408 0.589397 0.384742 0.592265 0.382203
0 0.652397 0.325749 0.655688 0.327207 0.657897 0.330544 0.658085 0.334586 0.656441 0.338097 0.651739 0.340086 0.646545 0.339138 0.644969 0.336561 0.644640 0.332001 0.645815 0.328335 0.648683 0.325796
0 0.641806 0.343803 0.645097 0.345260 0.647307 0.348598 0.647495 0.352640 0.645851 0.356150 0.641149 0.358140 0.635955 0.357192 0.634378 0.354614 0.634050 0.350055 0.635225 0.346388 0.638092 0.343850
0 0.564729 0.293644 0.568020 0.295101 0.570230 0.298439 0.570418 0.302482 0.568774 0.305991 0.564071 0.307981 0.558878 0.307033 0.557301 0.304455 0.556972 0.299896 0.558147 0.296229 0.561015 0.293691
0 0.545285 0.286010 0.548577 0.287467 0.550786 0.290804 0.550974 0.294847 0.549330 0.298357 0.544628 0.300347 0.539434 0.299399 0.537857 0.296821 0.537529 0.292262 0.538704 0.288595 0.541571 0.286057
0 0.561255 0.241926 0.564546 0.243383 0.566756 0.246721 0.566944 0.250763 0.565300 0.254273 0.560597 0.256263 0.555404 0.255315 0.553828 0.252737 0.553499 0.248178 0.554673 0.244511 0.557541 0.241973
0 0.643191 0.386685 0.646482 0.388142 0.648692 0.391479 0.648880 0.395522 0.647236 0.399032 0.642533 0.401021 0.637340 0.400073 0.635764 0.397496 0.635434 0.392936 0.636609 0.389270 0.639477 0.386732
0 0.611770 0.390679 0.615060 0.392136 0.617270 0.395474 0.617458 0.399516 0.615814 0.403026 0.611111 0.405016 0.605918 0.404068 0.604342 0.401490 0.604012 0.396931 0.605188 0.393264 0.608056 0.390726
0 0.626004 0.378879 0.629294 0.380336 0.631504 0.383674 0.631692 0.387716 0.630048 0.391226 0.625345 0.393216 0.620152 0.392268 0.618576 0.389690 0.618246 0.385131 0.619422 0.381464 0.622290 0.378926
0 0.558127 0.340697 0.561418 0.342154 0.563628 0.345491 0.563816 0.349534 0.562171 0.353044 0.557469 0.355034 0.552276 0.354086 0.550699 0.351508 0.550370 0.346949 0.551545 0.343282 0.554413 0.340744
0 0.548410 0.304235 0.551701 0.305692 0.553911 0.309029 0.554099 0.313072 0.552455 0.316582 0.547752 0.318571 0.542559 0.317623 0.540982 0.315046 0.540653 0.310486 0.541829 0.306820 0.544696 0.304282
0 0.570977 0.317775 0.574268 0.319233 0.576477 0.322570 0.576665 0.326612 0.575021 0.330123 0.570319 0.332112 0.565126 0.331164 0.563549 0.328587 0.563220 0.324027 0.564395 0.320361 0.567263 0.317823
0 0.580350 0.435458 0.583641 0.436914 0.585851 0.440252 0.586039 0.444295 0.584394 0.447804 0.579692 0.449794 0.574498 0.448846 0.572922 0.446269 0.572593 0.441709 0.573768 0.438042 0.576636 0.435504
0 0.626525 0.442229 0.629816 0.443686 0.632026 0.447024 0.632214 0.451066 0.630570 0.454576 0.625867 0.456566 0.620674 0.455618 0.619097 0.453040 0.618768 0.448481 0.619943 0.444814 0.622811 0.442276
0 0.485392 0.463060 0.488682 0.464517 0.490892 0.467854 0.491080 0.471897 0.489436 0.475407 0.484733 0.477397 0.479540 0.476449 0.477964 0.473871 0.477634 0.469312 0.478809 0.465645 0.481678 0.463107
0 0.487300 0.490313 0.490591 0.491770 0.492801 0.495107 0.492989 0.499150 0.491345 0.502660 0.486642 0.504649 0.481449 0.503701 0.479872 0.501124 0.479543 0.496564 0.480718 0.492898 0.483586 0.490360
0 0.573229 0.536311 0.576520 0.537768 0.578729 0.541105 0.578917 0.545148 0.577273 0.548658 0.572570 0.550648 0.567378 0.549700 0.565801 0.547122 0.565471 0.542563 0.566647 0.538896 0.569515 0.536358
0 0.622876 0.466712 0.626167 0.468170 0.628377 0.471507 0.628565 0.475550 0.626920 0.479060 0.622218 0.481049 0.617024 0.480101 0.615448 0.477524 0.615119 0.472964 0.616294 0.469298 0.619162 0.466760
0 0.460216 0.491709 0.463507 0.493166 0.465717 0.496503 0.465905 0.500546 0.464261 0.504056 0.459558 0.506046 0.454365 0.505098 0.452788 0.502520 0.452459 0.497961 0.453634 0.494294 0.456502 0.491756
0 0.653080 0.474008 0.656370 0.475465 0.658580 0.478802 0.658768 0.482845 0.657124 0.486354 0.652421 0.488344 0.647228 0.487396 0.645652 0.484819 0.645322 0.480259 0.646498 0.476593 0.649366 0.474054
0 0.691964 0.443983 0.695255 0.445440 0.697465 0.448777 0.697653 0.452820 0.696008 0.456330 0.691306 0.458320 0.686113 0.457372 0.684536 0.454794 0.684207 0.450235 0.685382 0.446568 0.688250 0.444030
0 0.726161 0.434613 0.729452 0.436070 0.731661 0.439407 0.731850 0.443450 0.730206 0.446960 0.725503 0.448949 0.720310 0.448001 0.718733 0.445424 0.718404 0.440864 0.719579 0.437198 0.722447 0.434660
0 0.756019 0.430970 0.759309 0.432427 0.761519 0.435765 0.761707 0.439807 0.760063 0.443317 0.755360 0.445307 0.750167 0.444359 0.748591 0.441782 0.748261 0.437222 0.749437 0.433556 0.752305 0.431017
0 0.784834 0.426286 0.788126 0.427744 0.790335 0.431081 0.790523 0.435124 0.788879 0.438634 0.784176 0.440623 0.778983 0.439675 0.777406 0.437098 0.777077 0.432538 0.778253 0.428872 0.781120 0.426334
0 0.744386 0.351308 0.747677 0.352765 0.749887 0.356102 0.750075 0.360145 0.748430 0.363654 0.743728 0.365644 0.738534 0.364696 0.736958 0.362119 0.736629 0.357559 0.737804 0.353893 0.740672 0.351354
0 0.770771 0.334300 0.774062 0.335758 0.776272 0.339095 0.776460 0.343137 0.774816 0.346648 0.770113 0.348637 0.764920 0.347689 0.763343 0.345112 0.763014 0.340552 0.764190 0.336886 0.767057 0.334347
0 0.749244 0.310003 0.752535 0.311461 0.754745 0.314798 0.754933 0.318840 0.753289 0.322350 0.748587 0.324340 0.743393 0.323392 0.741817 0.320815 0.741488 0.316255 0.742663 0.312589 0.745531 0.310050
0 0.733446 0.314519 0.736738 0.315976 0.738947 0.319313 0.739135 0.323356 0.737491 0.326866 0.732788 0.328855 0.727595 0.327908 0.726018 0.325330 0.725689 0.320771 0.726865 0.317104 0.729732 0.314566
0 0.689005 0.252558 0.692296 0.254014 0.694506 0.257352 0.694694 0.261395 0.693049 0.264904 0.688347 0.266894 0.683154 0.265946 0.681577 0.263369 0.681248 0.258809 0.682424 0.255142 0.685291 0.252604
0 0.652376 0.231558 0.655667 0.233015 0.657876 0.236353 0.658064 0.240395 0.656420 0.243905 0.651717 0.245895 0.646525 0.244947 0.644947 0.242370 0.644618 0.237810 0.645794 0.234143 0.648661 0.231605
0 0.596651 0.294392 0.599942 0.295850 0.602151 0.299187 0.602339 0.303229 0.600695 0.306740 0.595992 0.308729 0.590799 0.307782 0.589222 0.305204 0.588893 0.300644 0.590069 0.296978 0.592937 0.294439
0 0.731880 0.228265 0.735171 0.229723 0.737381 0.233060 0.737569 0.237102 0.735925 0.240613 0.731222 0.242602 0.726029 0.241654 0.724452 0.239077 0.724123 0.234517 0.725298 0.230851 0.728166 0.228312
0 0.850097 0.352196 0.853389 0.353653 0.855598 0.356990 0.855786 0.361033 0.854142 0.364543 0.849440 0.366533 0.844246 0.365585 0.842669 0.363007 0.842341 0.358448 0.843516 0.354781 0.846383 0.352243
0 0.895926 0.322518 0.899217 0.323975 0.901426 0.327313 0.901614 0.331355 0.899970 0.334865 0.895268 0.336855 0.890074 0.335907 0.888497 0.333329 0.888169 0.328770 0.889344 0.325103 0.892211 0.322565
0 0.927519 0.366954 0.930810 0.368411 0.933019 0.371749 0.933208 0.375791 0.931564 0.379301 0.926861 0.381291 0.921668 0.380343 0.920091 0.377765 0.919762 0.373206 0.920937 0.369539 0.923805 0.367001
0 0.957029 0.389695 0.960320 0.391151 0.962530 0.394489 0.962718 0.398532 0.961074 0.402041 0.956371 0.404031 0.951178 0.403083 0.949601 0.400505 0.949272 0.395946 0.950447 0.392279 0.953315 0.389741
0 0.963799 0.372687 0.967090 0.374145 0.969299 0.377482 0.969487 0.381524 0.967843 0.385034 0.963140 0.387024 0.957947 0.386076 0.956370 0.383499 0.956041 0.378939 0.957217 0.375273 0.960084 0.372734
0 0.936890 0.383277 0.940181 0.384735 0.942391 0.388072 0.942579 0.392114 0.940935 0.395625 0.936232 0.397614 0.931039 0.396666 0.929462 0.394089 0.929133 0.389529 0.930308 0.385863 0.933176 0.383324
0 0.916233 0.407401 0.919525 0.408858 0.921734 0.412196 0.921922 0.416238 0.920278 0.419748 0.915575 0.421738 0.910382 0.420790 0.908805 0.418212 0.908476 0.413652 0.909652 0.409986 0.912519 0.407448
0 0.973172 0.408965 0.976463 0.410423 0.978672 0.413760 0.978860 0.417802 0.977216 0.421313 0.972514 0.423302 0.967320 0.422354 0.965744 0.419777 0.965415 0.415217 0.966590 0.411551 0.969458 0.409013
0 0.893667 0.360014 0.896958 0.361471 0.899168 0.364809 0.899356 0.368851 0.897712 0.372361 0.893009 0.374351 0.887816 0.373403 0.886239 0.370825 0.885910 0.366266 0.887085 0.362599 0.889953 0.360061
0 0.949911 0.278266 0.953202 0.279723 0.955411 0.283061 0.955600 0.287103 0.953955 0.290613 0.949253 0.292603 0.944059 0.291655 0.942483 0.289077 0.942154 0.284518 0.943329 0.280851 0.946197 0.278313
0 0.966228 0.276359 0.969519 0.277816 0.971728 0.281154 0.971917 0.285197 0.970272 0.288707 0.965570 0.290696 0.960377 0.289748 0.958800 0.287171 0.958471 0.282611 0.959646 0.278945 0.962514 0.276407
0 0.989142 0.263865 0.992432 0.265322 0.994642 0.268660 0.994830 0.272702 0.993186 0.276212 0.988483 0.278202 0.983290 0.277254 0.981714 0.274676 0.981384 0.270117 0.982560 0.266450 0.985428 0.263912
0 0.857384 0.299965 0.860675 0.301422 0.862884 0.304759 0.863072 0.308802 0.861428 0.312312 0.856726 0.314301 0.851532 0.313353 0.849956 0.310776 0.849627 0.306216 0.850802 0.302550 0.853670 0.300012
0 0.880124 0.241127 0.883415 0.242585 0.885625 0.245922 0.885813 0.249964 0.884168 0.253475 0.879466 0.255464 0.874272 0.254516 0.872696 0.251939 0.872367 0.247379 0.873542 0.243713 0.876410 0.241175
0 0.862937 0.233320 0.866228 0.234777 0.868438 0.238114 0.868626 0.242157 0.866981 0.245666 0.862279 0.247656 0.857086 0.246708 0.855509 0.244131 0.855180 0.239571 0.856355 0.235905 0.859223 0.233366
0 0.879948 0.403072 0.883239 0.404529 0.885449 0.407866 0.885637 0.411909 0.883993 0.415419 0.879290 0.417409 0.874097 0.416461 0.872520 0.413883 0.872191 0.409324 0.873366 0.405657 0.876234 0.403119
0 0.982368 0.465038 0.985659 0.466496 0.987869 0.469833 0.988057 0.473875 0.986413 0.477386 0.981710 0.479375 0.976517 0.478427 0.974940 0.475850 0.974612 0.471290 0.975786 0.467624 0.978654 0.465085
0 0.933066 0.483439 0.936357 0.484896 0.938567 0.488234 0.938755 0.492276 0.937111 0.495786 0.932408 0.497776 0.927215 0.496828 0.925639 0.494250 0.925309 0.489691 0.926484 0.486025 0.929352 0.483486
0 0.875258 0.507047 0.878549 0.508504 0.880759 0.511841 0.880947 0.515884 0.879303 0.519394 0.874600 0.521384 0.869407 0.520436 0.867830 0.517858 0.867501 0.513299 0.868677 0.509633 0.871544 0.507094
0 0.955284 0.487784 0.958576 0.489241 0.960785 0.492578 0.960974 0.496621 0.959329 0.500130 0.954627 0.502120 0.949433 0.501172 0.947857 0.498595 0.947528 0.494035 0.948703 0.490369 0.951571 0.487830
0 0.990524 0.444221 0.993815 0.445677 0.996024 0.449015 0.996212 0.453058 0.994568 0.456567 0.989865 0.458557 0.984672 0.457609 0.983095 0.455032 0.982766 0.450472 0.983942 0.446805 0.986809 0.444267
0 0.824392 0.501674 0.827683 0.503132 0.829893 0.506468 0.830081 0.510511 0.828437 0.514021 0.823734 0.516011 0.818541 0.515063 0.816964 0.512485 0.816635 0.507926 0.817810 0.504260 0.820678 0.501721
0 0.787505 0.567911 0.790796 0.569368 0.793005 0.572706 0.793193 0.576748 0.791550 0.580258 0.786847 0.582247 0.781654 0.581299 0.780077 0.578722 0.779748 0.574162 0.780923 0.570496 0.783791 0.567958
0 0.754468 0.599260 0.757759 0.600717 0.759969 0.604054 0.760157 0.608097 0.758513 0.611607 0.753810 0.613597 0.748617 0.612649 0.747040 0.610071 0.746711 0.605512 0.747887 0.601845 0.750754 0.599307
0 0.704105 0.605553 0.707396 0.607010 0.709606 0.610348 0.709794 0.614390 0.708150 0.617900 0.703447 0.619890 0.698254 0.618942 0.696677 0.616364 0.696348 0.611805 0.697523 0.608138 0.700391 0.605600
0 0.912912 0.606379 0.916203 0.607836 0.918412 0.611173 0.918600 0.615216 0.916956 0.618726 0.912253 0.620715 0.907061 0.619767 0.905483 0.617190 0.905154 0.612630 0.906330 0.608964 0.909197 0.606426
0 0.902735 0.556885 0.906027 0.558342 0.908236 0.561680 0.908424 0.565722 0.906780 0.569233 0.902077 0.571222 0.896884 0.570274 0.895307 0.567697 0.894978 0.563137 0.896154 0.559471 0.899021 0.556932
0 0.984003 0.604596 0.987294 0.606052 0.989503 0.609390 0.989691 0.613433 0.988047 0.616942 0.983344 0.618932 0.978152 0.617984 0.976575 0.615407 0.976245 0.610847 0.977421 0.607180 0.980289 0.604642
0 0.959286 0.663953 0.962577 0.665411 0.964787 0.668748 0.964975 0.672790 0.963330 0.676301 0.958628 0.678290 0.953434 0.677342 0.951858 0.674765 0.951529 0.670205 0.952704 0.666539 0.955572 0.664001
0 0.780903 0.689528 0.784193 0.690985 0.786403 0.694323 0.786591 0.698365 0.784947 0.701875 0.780244 0.703865 0.775051 0.702917 0.773475 0.700339 0.773145 0.695780 0.774321 0.692113 0.777189 0.689575
0 0.838106 0.663614 0.841396 0.665071 0.843606 0.668409 0.843794 0.672451 0.842150 0.675961 0.837447 0.677951 0.832254 0.677003 0.830678 0.674425 0.830348 0.669865 0.831524 0.666199 0.834392 0.663661
0 0.822395 0.652376 0.825686 0.653834 0.827895 0.657171 0.828083 0.661213 0.826440 0.664723 0.821737 0.666713 0.816544 0.665765 0.814967 0.663188 0.814638 0.658628 0.815813 0.654962 0.818681 0.652423
0 0.987645 0.677229 0.990936 0.678686 0.993146 0.682024 0.993334 0.686066 0.991690 0.689576 0.986987 0.691566 0.981794 0.690618 0.980217 0.688040 0.979888 0.683481 0.981064 0.679814 0.983931 0.677276
0 0.972416 0.689089 0.975707 0.690547 0.977917 0.693884 0.978105 0.697926 0.976460 0.701437 0.971758 0.703426 0.966565 0.702478 0.964988 0.699901 0.964659 0.695341 0.965834 0.691675 0.968702 0.689136
0 0.875369 0.706243 0.878660 0.707700 0.880869 0.711037 0.881057 0.715080 0.879414 0.718590 0.874711 0.720579 0.869518 0.719632 0.867941 0.717054 0.867612 0.712495 0.868787 0.708828 0.871655 0.706290
0 0.842814 0.746975 0.846104 0.748433 0.848314 0.751770 0.848502 0.755813 0.846858 0.759323 0.842155 0.761312 0.836962 0.760364 0.835385 0.757787 0.835056 0.753227 0.836232 0.749561 0.839099 0.747023
0 0.799910 0.750896 0.803201 0.752353 0.805411 0.755690 0.805599 0.759733 0.803955 0.763243 0.799252 0.765233 0.794059 0.764285 0.792482 0.761707 0.792153 0.757148 0.793329 0.753481 0.796196 0.750943
0 0.840509 0.766112 0.843800 0.767569 0.846010 0.770907 0.846198 0.774949 0.844554 0.778459 0.839851 0.780449 0.834658 0.779501 0.833081 0.776923 0.832752 0.772364 0.833928 0.768697 0.836795 0.766159
0 0.963407 0.735354 0.966698 0.736812 0.968908 0.740149 0.969096 0.744191 0.967452 0.747702 0.962749 0.749171 0.957556 0.748743 0.955979 0.746166 0.955650 0.741606 0.956826 0.737940 0.959693 0.735401
0 0.745559 0.745530 0.748850 0.746988 0.751059 0.750325 0.751247 0.754367 0.749604 0.757878 0.744901 0.759347 0.739708 0.758920 0.738131 0.756342 0.737802 0.751782 0.738977 0.748116 0.741845 0.745577
0 0.706506 0.676308 0.709797 0.677765 0.712007 0.681102 0.712195 0.685145 0.710551 0.688655 0.705848 0.690124 0.700655 0.689697 0.699078 0.687119 0.698749 0.682560 0.699925 0.678893 0.702792 0.676354
0 0.679726 0.661221 0.683017 0.662678 0.685227 0.666015 0.685415 0.670058 0.683770 0.673567 0.679068 0.675036 0.673875 0.674609 0.672298 0.672032 0.671969 0.667472 0.673144 0.663806 0.676012 0.661267
0 0.683747 0.685111 0.687039 0.686568 0.689248 0.689905 0.689436 0.693948 0.687792 0.697458 0.683090 0.698927 0.677896 0.698500 0.676320 0.695922 0.675991 0.691363 0.677166 0.687696 0.680033 0.685158
0 0.837447 0.688550 0.840738 0.690007 0.842948 0.693345 0.843136 0.697387 0.841492 0.700897 0.836789 0.702366 0.831596 0.701939 0.830019 0.699361 0.829690 0.694802 0.830866 0.691135 0.833733 0.688597
0 0.640054 0.688381 0.643344 0.689837 0.645554 0.693175 0.645742 0.697217 0.644098 0.700727 0.639395 0.702196 0.634202 0.701769 0.632626 0.699191 0.632296 0.694632 0.633472 0.690965 0.636340 0.688427
0 0.642872 0.661985 0.646163 0.663442 0.648372 0.666779 0.648560 0.670822 0.646917 0.674332 0.642214 0.675801 0.637021 0.675374 0.635444 0.672796 0.635115 0.668236 0.636290 0.664570 0.639158 0.662032
0 0.657722 0.653875 0.661014 0.655332 0.663223 0.658670 0.663411 0.662712 0.661767 0.666222 0.657064 0.667691 0.651871 0.667264 0.650294 0.664686 0.649966 0.660127 0.651141 0.656460 0.654008 0.653922
0 0.665113 0.705435 0.668404 0.706892 0.670614 0.710229 0.670802 0.714272 0.669158 0.717782 0.664455 0.719251 0.659262 0.718824 0.657685 0.716246 0.657356 0.711686 0.658531 0.708020 0.661399 0.705482
0 0.625098 0.635971 0.628389 0.637428 0.630598 0.640766 0.630786 0.644808 0.629142 0.648319 0.624440 0.649787 0.619246 0.649360 0.617670 0.646783 0.617341 0.642223 0.618516 0.638557 0.621384 0.636018
0 0.936486 0.734618 0.939777 0.736075 0.941987 0.739413 0.942174 0.743455 0.940530 0.746965 0.935828 0.748434 0.930634 0.748007 0.929058 0.745429 0.928729 0.740870 0.929904 0.737204 0.932772 0.734665
0 0.589895 0.657215 0.593186 0.658672 0.595396 0.662010 0.595584 0.666052 0.593940 0.669562 0.589237 0.671031 0.584044 0.670604 0.582467 0.668026 0.582138 0.663467 0.583314 0.659800 0.586181 0.657262
0 0.558783 0.683511 0.562075 0.684969 0.564284 0.688306 0.564472 0.692349 0.562828 0.695859 0.558126 0.697327 0.552932 0.696900 0.551356 0.694323 0.551027 0.689763 0.552202 0.686097 0.555069 0.683559
0 0.545720 0.652545 0.549011 0.654002 0.551220 0.657339 0.551408 0.661382 0.549765 0.664891 0.545062 0.666360 0.539869 0.665933 0.538292 0.663356 0.537963 0.658796 0.539138 0.655130 0.542006 0.652591
0 0.588966 0.632645 0.592257 0.634102 0.594466 0.637440 0.594654 0.641482 0.593010 0.644992 0.588308 0.646461 0.583115 0.646034 0.581538 0.643457 0.581209 0.638897 0.582384 0.635231 0.585252 0.632692
0 0.658201 0.557407 0.661492 0.558864 0.663702 0.562202 0.663890 0.566244 0.662245 0.569754 0.657543 0.571223 0.652350 0.570796 0.650773 0.568219 0.650444 0.563659 0.651619 0.559992 0.654487 0.557454
0 0.427358 0.632546 0.430649 0.634003 0.432859 0.637340 0.433047 0.641383 0.431403 0.644893 0.426700 0.646362 0.421507 0.645935 0.419930 0.643357 0.419601 0.638798 0.420777 0.635132 0.423644 0.632593
0 0.628223 0.748106 0.631514 0.749563 0.633724 0.752901 0.633912 0.756943 0.632268 0.760453 0.627565 0.761922 0.622372 0.761495 0.620795 0.758918 0.620466 0.754358 0.621642 0.750691 0.624509 0.748153
0 0.450803 0.744087 0.454093 0.745544 0.456303 0.748881 0.456491 0.752924 0.454847 0.756434 0.450144 0.757902 0.444951 0.757475 0.443374 0.754898 0.443045 0.750338 0.444221 0.746672 0.447089 0.744134
0 0.484423 0.671495 0.487714 0.672952 0.489923 0.676290 0.490112 0.680333 0.488468 0.683842 0.483765 0.685311 0.478572 0.684884 0.476995 0.682307 0.476666 0.677747 0.477841 0.674080 0.480709 0.671542
0 0.397242 0.657852 0.400533 0.659309 0.402743 0.662646 0.402931 0.666689 0.401287 0.670199 0.396584 0.671668 0.391391 0.671240 0.389814 0.668663 0.389485 0.664103 0.390660 0.660437 0.393528 0.657899
0 0.438082 0.647576 0.441373 0.649034 0.443582 0.652371 0.443770 0.656413 0.442127 0.659924 0.437423 0.661392 0.432231 0.660965 0.430654 0.658388 0.430325 0.653828 0.431500 0.650162 0.434368 0.647624
0 0.432238 0.614925 0.435528 0.616383 0.437738 0.619720 0.437926 0.623762 0.436282 0.627272 0.431579 0.628741 0.426386 0.628314 0.424809 0.625737 0.424480 0.621177 0.425656 0.617511 0.428523 0.614972
0 0.497141 0.569041 0.500432 0.570498 0.502642 0.573836 0.502830 0.577878 0.501185 0.581388 0.496483 0.582857 0.491290 0.582429 0.489713 0.579852 0.489384 0.575292 0.490559 0.571626 0.493427 0.569088
0 0.400816 0.682676 0.404107 0.684133 0.406316 0.687471 0.406505 0.691513 0.404860 0.695023 0.400158 0.696492 0.394965 0.696065 0.393388 0.693487 0.393059 0.688928 0.394234 0.685261 0.397102 0.682723
0 0.616841 0.557152 0.620132 0.558610 0.622342 0.561947 0.622530 0.565989 0.620886 0.569499 0.616183 0.570968 0.610990 0.570541 0.609414 0.567963 0.609084 0.563404 0.610259 0.559738 0.613127 0.557199
0 0.381186 0.716743 0.384477 0.718200 0.386687 0.721537 0.386875 0.725579 0.385230 0.729090 0.380528 0.730559 0.375334 0.730132 0.373758 0.727554 0.373429 0.722995 0.374604 0.719328 0.377472 0.716790
0 0.364513 0.721385 0.367803 0.722842 0.370013 0.726179 0.370201 0.730222 0.368557 0.733732 0.363854 0.735201 0.358662 0.734774 0.357084 0.732196 0.356755 0.727637 0.357931 0.723970 0.360799 0.721432
0 0.397170 0.752494 0.400461 0.753950 0.402671 0.757288 0.402859 0.761330 0.401215 0.764840 0.396512 0.766309 0.391319 0.765882 0.389742 0.763304 0.389413 0.758745 0.390589 0.755078 0.393456 0.752540
0 0.403598 0.737406 0.406890 0.738863 0.409099 0.742201 0.409287 0.746243 0.407643 0.749753 0.402940 0.751222 0.397747 0.750795 0.396170 0.748217 0.395841 0.743658 0.397017 0.739991 0.399884 0.737453
0 0.422540 0.766633 0.425831 0.768090 0.428040 0.771427 0.428229 0.775470 0.426584 0.778980 0.421882 0.780449 0.416689 0.780022 0.415112 0.777444 0.414783 0.772885 0.415958 0.769218 0.418826 0.766680
0 0.460492 0.761620 0.463783 0.763077 0.465992 0.766414 0.466180 0.770457 0.464537 0.773967 0.459834 0.774915 0.454641 0.774915 0.453064 0.772431 0.452735 0.767872 0.453910 0.764205 0.456778 0.761667
0 0.350450 0.680537 0.353741 0.681994 0.355951 0.685331 0.356139 0.689374 0.354495 0.692884 0.349792 0.693832 0.344599 0.693832 0.343022 0.691348 0.342693 0.686788 0.343868 0.683122 0.346736 0.680584
0 0.331370 0.627675 0.334661 0.629132 0.336871 0.632470 0.337059 0.636512 0.335415 0.640022 0.330713 0.640970 0.325519 0.640970 0.323943 0.638486 0.323614 0.633926 0.324789 0.630260 0.327656 0.627722
0 0.351756 0.706182 0.355047 0.707639 0.357256 0.710977 0.357444 0.715019 0.355801 0.718529 0.350886 0.720464 0.345905 0.719477 0.344328 0.716994 0.343998 0.712434 0.345174 0.708767 0.348042 0.706229
0 0.315914 0.730564 0.319205 0.732022 0.321415 0.735359 0.321603 0.739402 0.319959 0.742912 0.315044 0.744846 0.310063 0.743860 0.308486 0.741376 0.308157 0.736816 0.309332 0.733150 0.312200 0.730612
0 0.297964 0.726231 0.301255 0.727688 0.303465 0.731025 0.303653 0.735068 0.302009 0.738578 0.297094 0.740512 0.292113 0.739526 0.290536 0.737042 0.290207 0.732483 0.291382 0.728816 0.294250 0.726278
0 0.277974 0.659600 0.281265 0.661057 0.283475 0.664395 0.283663 0.668437 0.282019 0.671947 0.277104 0.673882 0.272123 0.672895 0.270546 0.670411 0.270217 0.665852 0.271392 0.662185 0.274260 0.659647
0 0.318721 0.651971 0.322012 0.653428 0.324221 0.656765 0.324409 0.660808 0.322766 0.664318 0.317851 0.666252 0.312870 0.665266 0.311293 0.662782 0.310964 0.658223 0.312139 0.654556 0.315007 0.652018
0 0.281310 0.643086 0.284601 0.644544 0.286810 0.647881 0.286999 0.651923 0.285355 0.655434 0.280440 0.657368 0.275459 0.656382 0.273882 0.653898 0.273553 0.649338 0.274728 0.645672 0.277596 0.643134
0 0.219416 0.734787 0.222707 0.736245 0.224916 0.739582 0.225104 0.743624 0.223460 0.747135 0.218546 0.749069 0.213565 0.748083 0.211988 0.745599 0.211659 0.741039 0.212834 0.737373 0.215702 0.734835
0 0.256082 0.718214 0.259373 0.719671 0.261583 0.723009 0.261771 0.727051 0.260127 0.730561 0.255213 0.732496 0.250231 0.731509 0.248654 0.729025 0.248325 0.724466 0.249501 0.720799 0.252368 0.718261
0 0.100335 0.700228 0.103627 0.701685 0.105836 0.705023 0.106024 0.709065 0.104380 0.712575 0.099466 0.714510 0.094484 0.713523 0.092908 0.711039 0.092579 0.706480 0.093754 0.702813 0.096622 0.700275
0 0.098708 0.663255 0.101999 0.664712 0.104208 0.668050 0.104396 0.672092 0.102753 0.675602 0.097838 0.677537 0.092857 0.676550 0.091280 0.674066 0.090951 0.669507 0.092126 0.665840 0.094994 0.663302
0 0.061611 0.699250 0.064902 0.700707 0.067111 0.704044 0.067299 0.708087 0.065655 0.711597 0.060741 0.713531 0.055759 0.712545 0.054183 0.710061 0.053854 0.705501 0.055029 0.701835 0.057897 0.699297
0 0.064848 0.744659 0.068139 0.746116 0.070348 0.749454 0.070537 0.753497 0.068893 0.757007 0.063979 0.758941 0.058997 0.757954 0.057420 0.755471 0.057091 0.750911 0.058266 0.747245 0.061134 0.744707
0 0.020218 0.652608 0.023509 0.654065 0.025718 0.657402 0.025906 0.661445 0.024263 0.664954 0.019348 0.666889 0.014367 0.665902 0.012790 0.663419 0.012460 0.658859 0.013636 0.655193 0.016504 0.652654
0 0.013724 0.766000 0.017016 0.767457 0.019225 0.770795 0.019413 0.774837 0.017769 0.778347 0.012855 0.780281 0.007873 0.779295 0.006297 0.776811 0.005968 0.772251 0.007143 0.768585 0.010010 0.766047
0 0.070658 0.651148 0.073950 0.652605 0.076159 0.655943 0.076347 0.659985 0.074703 0.663496 0.069789 0.665270 0.064807 0.664444 0.063230 0.661960 0.062902 0.657400 0.064077 0.653734 0.066944 0.651196
0 0.041252 0.598483 0.044543 0.599940 0.046752 0.603278 0.046940 0.607321 0.045296 0.610830 0.040382 0.612605 0.035401 0.611778 0.033823 0.609295 0.033494 0.604735 0.034670 0.601069 0.037538 0.598530
0 0.094397 0.550055 0.097688 0.551512 0.099897 0.554850 0.100086 0.558892 0.098442 0.562402 0.093528 0.564176 0.088546 0.563350 0.086969 0.560866 0.086640 0.556307 0.087815 0.552640 0.090683 0.550102
0 0.162453 0.629987 0.165743 0.631445 0.167953 0.634782 0.168141 0.638824 0.166497 0.642334 0.161583 0.644109 0.156601 0.643282 0.155024 0.640799 0.154695 0.636239 0.155870 0.632573 0.158739 0.630034
0 0.006155 0.544683 0.009445 0.546140 0.011655 0.549477 0.011843 0.553520 0.010199 0.557030 0.005285 0.558804 0.000303 0.557978 0.000000 0.555494 0.000000 0.550935 0.000000 0.547268 0.002441 0.544730
0 0.027763 0.586797 0.031054 0.588254 0.033263 0.591592 0.033452 0.595635 0.031807 0.599145 0.026893 0.600918 0.021912 0.600092 0.020527 0.597609 0.020527 0.593049 0.021181 0.589383 0.024049 0.586845
0 0.013422 0.611651 0.016714 0.613108 0.018923 0.616445 0.019111 0.620488 0.017467 0.623998 0.012553 0.625772 0.007571 0.624946 0.006186 0.622462 0.006186 0.617902 0.006841 0.614236 0.009708 0.611698
0 0.029372 0.533408 0.032664 0.534865 0.034873 0.538202 0.035061 0.542245 0.033417 0.545755 0.028503 0.547529 0.023521 0.546703 0.022136 0.544219 0.022136 0.539660 0.022791 0.535993 0.025658 0.533455
0 0.237892 0.671557 0.241183 0.673014 0.243393 0.676351 0.243581 0.680394 0.241937 0.683904 0.237022 0.685678 0.232041 0.684852 0.230656 0.682368 0.230656 0.677809 0.231310 0.674142 0.234178 0.671604
0 0.409844 0.669420 0.413135 0.670877 0.415345 0.674215 0.415533 0.678257 0.413889 0.681767 0.408975 0.683541 0.403993 0.682715 0.402608 0.680232 0.402608 0.675672 0.403262 0.672005 0.406130 0.669467
0 0.489514 0.525428 0.492804 0.526885 0.495014 0.530223 0.495202 0.534265 0.493558 0.537775 0.488644 0.539549 0.483662 0.538723 0.482277 0.536239 0.482277 0.531679 0.482932 0.528013 0.485800 0.525475
0 0.527906 0.507916 0.531197 0.509373 0.533406 0.512711 0.533595 0.516753 0.532384 0.519378 0.524587 0.518942 0.521644 0.517307 0.520744 0.513218 0.521453 0.510220 0.524192 0.507963
0 0.361173 0.517545 0.364465 0.519002 0.366674 0.522339 0.366862 0.526382 0.365218 0.529892 0.360304 0.531666 0.355322 0.530840 0.353938 0.528356 0.353938 0.523797 0.354592 0.520130 0.357459 0.517592
0 0.322507 0.484181 0.325798 0.485638 0.328007 0.488976 0.328195 0.493018 0.326552 0.496528 0.321637 0.498302 0.316656 0.497476 0.315271 0.494992 0.315271 0.490433 0.315925 0.486766 0.318793 0.484228
0 0.261600 0.427057 0.265766 0.428375 0.268612 0.432471 0.269098 0.437087 0.267223 0.441044 0.263727 0.443400 0.258219 0.443836 0.253831 0.441317 0.251693 0.438036 0.251685 0.433202 0.254081 0.428967 0.257365 0.427161
0 0.239078 0.384817 0.243244 0.386136 0.246091 0.390232 0.246577 0.394848 0.244702 0.398805 0.241205 0.401161 0.235698 0.401597 0.231309 0.399078 0.229172 0.395797 0.229164 0.390963 0.231559 0.386728 0.234843 0.384922
0 0.218286 0.352796 0.222452 0.354114 0.225298 0.358210 0.225784 0.362826 0.223910 0.366783 0.220413 0.369139 0.214906 0.369575 0.210517 0.367056 0.208380 0.363775 0.208371 0.358941 0.210767 0.354706 0.214051 0.352900
0 0.339293 0.436144 0.343458 0.437463 0.346305 0.441559 0.346791 0.446175 0.344917 0.450132 0.341419 0.452488 0.335913 0.452924 0.331524 0.450404 0.329387 0.447123 0.329378 0.442289 0.331774 0.438055 0.335058 0.436248
0 0.190064 0.432572 0.194230 0.433890 0.197077 0.437986 0.197563 0.442602 0.195688 0.446559 0.192191 0.448915 0.186684 0.449351 0.182295 0.446832 0.180158 0.443551 0.180150 0.438717 0.182545 0.434483 0.185829 0.432676
0 0.185464 0.466565 0.189630 0.467884 0.192477 0.471980 0.192962 0.476596 0.191088 0.480553 0.187591 0.482909 0.182084 0.483345 0.177695 0.480826 0.175557 0.477545 0.175550 0.472711 0.177945 0.468476 0.181229 0.466670
0 0.165301 0.477925 0.169467 0.479244 0.172313 0.483339 0.172799 0.487956 0.170924 0.491913 0.167427 0.494269 0.161920 0.494704 0.157531 0.492185 0.155394 0.488904 0.155386 0.484070 0.157781 0.479836 0.161066 0.478029
0 0.165417 0.508618 0.169582 0.509937 0.172429 0.514033 0.172915 0.518649 0.171041 0.522605 0.167543 0.524962 0.162037 0.525398 0.157647 0.522878 0.155510 0.519598 0.155502 0.514763 0.157897 0.510529 0.161182 0.508722
0 0.121201 0.452862 0.125367 0.454181 0.128214 0.458276 0.128700 0.462892 0.126825 0.466849 0.123328 0.469205 0.117821 0.469641 0.113432 0.467122 0.111294 0.463841 0.111286 0.459007 0.113682 0.454773 0.116966 0.452966
0 0.124618 0.396791 0.128784 0.398110 0.131631 0.402205 0.132117 0.406822 0.130242 0.410778 0.126745 0.413135 0.121238 0.413571 0.116849 0.411051 0.114712 0.407770 0.114704 0.402936 0.117099 0.398702 0.120383 0.396895
0 0.089049 0.418839 0.093215 0.420158 0.096061 0.424253 0.096547 0.428870 0.094672 0.432826 0.091176 0.435183 0.085669 0.435619 0.081280 0.433099 0.079142 0.429819 0.079134 0.424984 0.081530 0.420750 0.084814 0.418943
0 0.048449 0.440258 0.052615 0.441577 0.055461 0.445673 0.055947 0.450289 0.054072 0.454246 0.050576 0.456602 0.045069 0.457038 0.040680 0.454518 0.038542 0.451238 0.038534 0.446403 0.040930 0.442169 0.044214 0.440362
0 0.037875 0.457119 0.042041 0.458438 0.044888 0.462534 0.045373 0.467150 0.043499 0.471106 0.040002 0.473463 0.034495 0.473899 0.030106 0.471379 0.027968 0.468099 0.027960 0.463264 0.030356 0.459030 0.033640 0.457223
0 0.030917 0.411108 0.035083 0.412427 0.037929 0.416523 0.038415 0.421139 0.036541 0.425096 0.033044 0.427452 0.027537 0.427888 0.023148 0.425369 0.021010 0.422087 0.021003 0.417253 0.023397 0.413019 0.026682 0.411212
0 0.012326 0.423883 0.016491 0.425201 0.019338 0.429297 0.019824 0.433913 0.017950 0.437870 0.014452 0.440226 0.008945 0.440662 0.004556 0.438143 0.002419 0.434862 0.002411 0.430028 0.004806 0.425794 0.008091 0.423987
0 0.030635 0.491827 0.034801 0.493146 0.037647 0.497242 0.038133 0.501858 0.036259 0.505815 0.032761 0.508171 0.027255 0.508607 0.022866 0.506088 0.020729 0.502807 0.020720 0.497973 0.023116 0.493738 0.026400 0.491932
0 0.149755 0.469865 0.153921 0.471184 0.156768 0.475279 0.157254 0.479896 0.155379 0.483852 0.151882 0.486209 0.146375 0.486644 0.141986 0.484125 0.139848 0.480844 0.139841 0.476010 0.142236 0.471775 0.145520 0.469969
0 0.069854 0.507159 0.074020 0.508478 0.076866 0.512574 0.077352 0.517190 0.075478 0.521147 0.071981 0.523503 0.066474 0.523939 0.062085 0.521420 0.059947 0.518139 0.059940 0.513304 0.062335 0.509070 0.065619 0.507263
0 0.151717 0.419966 0.155882 0.421286 0.158729 0.425381 0.159215 0.429997 0.157340 0.433954 0.153843 0.436310 0.148337 0.436746 0.143947 0.434227 0.141810 0.430946 0.141802 0.426112 0.144197 0.421877 0.147482 0.420071
0 0.148217 0.343305 0.152383 0.344624 0.155229 0.348720 0.155715 0.353336 0.153841 0.357292 0.150344 0.359649 0.144837 0.360085 0.140448 0.357565 0.138310 0.354285 0.138303 0.349450 0.140698 0.345216 0.143982 0.343409
0 0.036875 0.290064 0.041041 0.291383 0.043887 0.295478 0.044373 0.300095 0.042498 0.304051 0.039002 0.306408 0.033494 0.306844 0.029106 0.304324 0.026968 0.301043 0.026960 0.296209 0.029355 0.291975 0.032640 0.290168
0 0.112921 0.226448 0.117087 0.227767 0.119933 0.231863 0.120419 0.236479 0.118545 0.240436 0.115047 0.242792 0.109541 0.243228 0.105152 0.240709 0.103014 0.237427 0.103006 0.232594 0.105402 0.228359 0.108686 0.226552
0 0.286906 0.260127 0.291071 0.261447 0.293918 0.265542 0.294404 0.270158 0.292529 0.274115 0.289032 0.276471 0.283526 0.276907 0.279137 0.274388 0.276999 0.271107 0.276991 0.266273 0.279387 0.262038 0.282671 0.260232
0 0.302742 0.225748 0.306908 0.227066 0.309754 0.231162 0.310241 0.235778 0.308366 0.239735 0.304869 0.242091 0.299362 0.242527 0.294973 0.240008 0.292835 0.236727 0.292828 0.231893 0.295223 0.227659 0.298507 0.225852
0 0.352535 0.360337 0.356701 0.361656 0.359547 0.365752 0.360033 0.370368 0.358159 0.374325 0.354661 0.376681 0.349155 0.377117 0.344766 0.374598 0.342629 0.371316 0.342620 0.366483 0.345016 0.362248 0.348300 0.360441
0 0.355795 0.250039 0.359961 0.251358 0.362807 0.255453 0.363293 0.260070 0.361419 0.264026 0.357922 0.266383 0.352415 0.266819 0.348026 0.264299 0.345889 0.261019 0.345881 0.256184 0.348276 0.251950 0.351560 0.250143
0 0.402758 0.264700 0.406924 0.266019 0.409771 0.270114 0.410257 0.274730 0.408382 0.278687 0.404885 0.281044 0.399378 0.281479 0.394989 0.278960 0.392852 0.275679 0.392844 0.270845 0.395239 0.266611 0.398523 0.264804
0 0.474403 0.405576 0.478568 0.406895 0.481415 0.410991 0.481901 0.415607 0.480027 0.419564 0.476529 0.421920 0.471022 0.422356 0.466633 0.419837 0.464496 0.416555 0.464488 0.411722 0.466883 0.407487 0.470168 0.405680
0 0.530798 0.321999 0.534964 0.323318 0.537810 0.327413 0.538296 0.332029 0.536422 0.335986 0.532925 0.338342 0.527418 0.338778 0.523029 0.336259 0.520892 0.332978 0.520883 0.328144 0.523279 0.323910 0.526563 0.322103
0 0.502303 0.329744 0.506469 0.331062 0.509315 0.335158 0.509801 0.339774 0.507927 0.343731 0.504430 0.346087 0.498922 0.346523 0.494534 0.344004 0.492396 0.340723 0.492389 0.335889 0.494784 0.331654 0.498068 0.329848
0 0.586681 0.305895 0.590846 0.307214 0.593693 0.311309 0.594179 0.315925 0.592305 0.319882 0.588807 0.322238 0.583301 0.322674 0.578911 0.320155 0.576774 0.316874 0.576766 0.312040 0.579162 0.307805 0.582446 0.305999
0 0.657696 0.280003 0.661862 0.281322 0.664709 0.285417 0.665195 0.290034 0.663320 0.293990 0.659823 0.296346 0.654316 0.296782 0.649927 0.294263 0.647790 0.290982 0.647782 0.286148 0.650177 0.281913 0.653462 0.280107
0 0.609393 0.370267 0.613559 0.371586 0.616406 0.375682 0.616892 0.380298 0.615017 0.384254 0.611520 0.386611 0.606013 0.387047 0.601624 0.384527 0.599487 0.381247 0.599479 0.376412 0.601874 0.372178 0.605158 0.370371
0 0.547728 0.400332 0.551894 0.401650 0.554740 0.405746 0.555226 0.410362 0.553352 0.414319 0.549854 0.416675 0.544347 0.417111 0.539958 0.414592 0.537821 0.411311 0.537813 0.406477 0.540208 0.402242 0.543493 0.400436
0 0.623145 0.283903 0.627311 0.285222 0.630157 0.289317 0.630643 0.293934 0.628769 0.297891 0.625272 0.300247 0.619765 0.300683 0.615376 0.298164 0.613239 0.294883 0.613231 0.290049 0.615626 0.285814 0.618910 0.284007
0 0.528624 0.450243 0.532790 0.451562 0.535636 0.455658 0.536122 0.460274 0.534247 0.464230 0.530751 0.466587 0.525243 0.467023 0.520855 0.464503 0.518717 0.461223 0.518709 0.456388 0.521105 0.452154 0.524389 0.450347
0 0.671796 0.411305 0.675962 0.412624 0.678808 0.416720 0.679295 0.421336 0.677420 0.425292 0.673923 0.427649 0.668416 0.428085 0.664027 0.425565 0.661890 0.422285 0.661882 0.417450 0.664277 0.413216 0.667561 0.411409
0 0.659493 0.434453 0.663659 0.435772 0.666505 0.439868 0.666992 0.444484 0.665117 0.448441 0.661620 0.450797 0.656113 0.451233 0.651724 0.448714 0.649586 0.445433 0.649579 0.440599 0.651974 0.436364 0.655258 0.434558
0 0.611033 0.486051 0.615198 0.487370 0.618045 0.491466 0.618531 0.496082 0.616657 0.500039 0.613159 0.502395 0.607653 0.502831 0.603264 0.500312 0.601127 0.497031 0.601118 0.492197 0.603514 0.487962 0.606798 0.486155
0 0.618852 0.521460 0.623018 0.522779 0.625864 0.526874 0.626351 0.531490 0.624476 0.535447 0.620979 0.537803 0.615472 0.538239 0.611083 0.535720 0.608945 0.532439 0.608938 0.527605 0.611333 0.523371 0.614617 0.521564
0 0.643807 0.527004 0.647972 0.528323 0.650819 0.532419 0.651305 0.537035 0.649430 0.540991 0.645933 0.543348 0.640426 0.543784 0.636038 0.541264 0.633900 0.537983 0.633892 0.533149 0.636287 0.528915 0.639571 0.527108
0 0.603050 0.544965 0.607215 0.546284 0.610062 0.550380 0.610547 0.554996 0.608673 0.558953 0.605176 0.561309 0.599669 0.561745 0.595280 0.559226 0.593143 0.555945 0.593135 0.551111 0.595530 0.546876 0.598814 0.545070
0 0.595148 0.564184 0.599314 0.565503 0.602160 0.569599 0.602646 0.574215 0.600771 0.578172 0.597274 0.580528 0.591768 0.580964 0.587379 0.578445 0.585241 0.575163 0.585233 0.570329 0.587629 0.566095 0.590913 0.564288
0 0.641797 0.548980 0.645963 0.550299 0.648809 0.554395 0.649295 0.559011 0.647420 0.562967 0.643923 0.565324 0.638416 0.565760 0.634028 0.563240 0.631890 0.559960 0.631882 0.555125 0.634278 0.550891 0.637562 0.549084
0 0.673826 0.569142 0.677991 0.570461 0.680838 0.574557 0.681324 0.579173 0.679449 0.583129 0.675952 0.585486 0.670445 0.585922 0.666056 0.583402 0.663919 0.580122 0.663911 0.575287 0.666306 0.571053 0.669590 0.569246
0 0.506204 0.595591 0.510369 0.596910 0.513216 0.601005 0.513702 0.605622 0.511828 0.609579 0.508330 0.611935 0.502823 0.612371 0.498434 0.609851 0.496297 0.606571 0.496289 0.601736 0.498684 0.597502 0.501969 0.595695
0 0.524006 0.491854 0.528172 0.493173 0.531018 0.497269 0.531504 0.501885 0.529630 0.505841 0.526133 0.508198 0.520626 0.508634 0.516237 0.506114 0.514100 0.502833 0.514092 0.497999 0.516487 0.493765 0.519771 0.491958
0 0.435037 0.477037 0.439202 0.478356 0.442049 0.482452 0.442535 0.487068 0.440660 0.491025 0.437163 0.493381 0.431656 0.493817 0.427267 0.491298 0.425130 0.488017 0.425122 0.483183 0.427517 0.478948 0.430802 0.477141
0 0.390516 0.484385 0.394682 0.485704 0.397528 0.489800 0.398014 0.494416 0.396140 0.498373 0.392643 0.500729 0.387135 0.501165 0.382747 0.498646 0.380609 0.495364 0.380602 0.490530 0.382997 0.486296 0.386281 0.484489
0 0.415340 0.444790 0.419506 0.446109 0.422352 0.450205 0.422839 0.454821 0.420964 0.458778 0.417467 0.461134 0.411960 0.461570 0.407571 0.459051 0.405433 0.455770 0.405426 0.450936 0.407821 0.446701 0.411105 0.444895
0 0.305197 0.531343 0.309364 0.532661 0.312210 0.536757 0.312696 0.541373 0.310821 0.545330 0.307324 0.547686 0.301817 0.548122 0.297428 0.545603 0.295291 0.542322 0.295283 0.537488 0.297678 0.533253 0.300963 0.531447
0 0.265018 0.574223 0.269183 0.575542 0.272030 0.579638 0.272516 0.584254 0.270642 0.588211 0.267144 0.590567 0.261638 0.591003 0.257249 0.588484 0.255111 0.585202 0.255103 0.580369 0.257498 0.576134 0.260783 0.574327
0 0.247644 0.524929 0.251809 0.526248 0.254656 0.530344 0.255142 0.534960 0.253267 0.538917 0.249770 0.541273 0.244263 0.541709 0.239875 0.539190 0.237737 0.535909 0.237729 0.531075 0.240124 0.526840 0.243408 0.525034
0 0.383724 0.400660 0.387889 0.401978 0.390735 0.406074 0.391221 0.410690 0.389347 0.414647 0.385850 0.417003 0.380343 0.417439 0.375954 0.414920 0.373817 0.411639 0.373809 0.406805 0.376204 0.402571 0.379488 0.400764
0 0.378139 0.490883 0.382304 0.492202 0.385151 0.496298 0.385637 0.500914 0.383762 0.504871 0.380265 0.507227 0.374758 0.507663 0.370369 0.505144 0.368232 0.501863 0.368224 0.497028 0.370619 0.492794 0.373903 0.490987
0 0.131163 0.561590 0.135329 0.562909 0.138175 0.567005 0.138661 0.571621 0.136787 0.575577 0.133289 0.577934 0.127782 0.578370 0.123393 0.575850 0.121256 0.572570 0.121248 0.567735 0.123643 0.563501 0.126928 0.561694
0 0.106251 0.563311 0.110417 0.564630 0.113263 0.568725 0.113749 0.573342 0.111875 0.577299 0.108378 0.579654 0.102871 0.580090 0.098482 0.577571 0.096344 0.574290 0.096336 0.569457 0.098732 0.565222 0.102016 0.563415
0 0.073995 0.580684 0.078161 0.582003 0.081007 0.586099 0.081493 0.590715 0.079619 0.594672 0.076122 0.597028 0.070615 0.597464 0.066226 0.594945 0.064089 0.591664 0.064081 0.586829 0.066476 0.582595 0.069760 0.580788
0 0.074595 0.549941 0.078760 0.551260 0.081607 0.555356 0.082093 0.559972 0.080218 0.563929 0.076721 0.566285 0.071215 0.566721 0.066826 0.564202 0.064688 0.560921 0.064680 0.556087 0.067076 0.551852 0.070360 0.550046
0 0.051036 0.560745 0.055202 0.562063 0.058048 0.566159 0.058534 0.570775 0.056659 0.574732 0.053163 0.577088 0.047656 0.577524 0.043267 0.575005 0.041129 0.571724 0.041121 0.566890 0.043517 0.562655 0.046801 0.560849
0 0.008312 0.564977 0.012478 0.566297 0.015324 0.570392 0.015810 0.575008 0.013935 0.578965 0.010439 0.581321 0.004932 0.581757 0.000543 0.579238 0.000000 0.575957 0.000000 0.571123 0.000793 0.566888 0.004077 0.565082
0 0.074468 0.619646 0.078634 0.620964 0.081481 0.625060 0.081967 0.629676 0.080092 0.633633 0.076595 0.635989 0.071088 0.636425 0.066699 0.633906 0.065075 0.630625 0.065075 0.625791 0.066949 0.621557 0.070233 0.619750
0 0.195280 0.629289 0.199446 0.630608 0.202292 0.634704 0.202778 0.639320 0.200904 0.643277 0.197407 0.645633 0.191900 0.646069 0.187511 0.643550 0.185886 0.640269 0.185886 0.635435 0.187760 0.631200 0.191045 0.629394
0 0.163411 0.610334 0.167577 0.611653 0.170423 0.615748 0.170909 0.620364 0.169034 0.624321 0.165538 0.626677 0.160030 0.627113 0.155642 0.624594 0.154017 0.621313 0.154017 0.616479 0.155891 0.612245 0.159176 0.610438
0 0.183530 0.592345 0.187696 0.593664 0.190542 0.597759 0.191029 0.602375 0.189154 0.606332 0.185657 0.608688 0.180150 0.609124 0.175761 0.606605 0.174136 0.603324 0.174136 0.598490 0.176011 0.594256 0.179295 0.592449
0 0.244816 0.464597 0.248981 0.465915 0.251828 0.470011 0.252314 0.474627 0.250439 0.478584 0.246942 0.480940 0.241435 0.481376 0.237046 0.478857 0.235422 0.475576 0.235422 0.470742 0.237296 0.466508 0.240581 0.464701
0 0.113721 0.605714 0.117887 0.607033 0.120733 0.611129 0.121219 0.615745 0.119345 0.619702 0.115848 0.622058 0.110341 0.622494 0.105952 0.619975 0.104328 0.616694 0.104328 0.611860 0.106202 0.607625 0.109487 0.605819
0 0.190662 0.728209 0.194827 0.729527 0.197673 0.733623 0.198159 0.738239 0.196285 0.742196 0.192788 0.744552 0.187281 0.744988 0.182892 0.742469 0.181268 0.739188 0.181268 0.734354 0.183142 0.730120 0.186426 0.728313
0 0.114147 0.746162 0.118313 0.747481 0.121159 0.751576 0.121645 0.756193 0.119771 0.760149 0.116274 0.762505 0.110767 0.762941 0.106378 0.760422 0.104754 0.757141 0.104754 0.752307 0.106628 0.748072 0.109913 0.746266
0 0.220271 0.688172 0.224436 0.689491 0.227283 0.693587 0.227769 0.698203 0.225894 0.702160 0.222397 0.704516 0.216890 0.704952 0.212502 0.702433 0.210877 0.699152 0.210877 0.694317 0.212752 0.690083 0.216035 0.688276
0 0.036691 0.746617 0.039982 0.748074 0.042191 0.751412 0.042379 0.755454 0.040735 0.758964 0.035821 0.760545 0.030840 0.759912 0.029263 0.757428 0.028934 0.752869 0.030109 0.749202 0.032977 0.746664
0 0.032845 0.710657 0.036136 0.712114 0.038346 0.715451 0.038534 0.719494 0.036890 0.723004 0.031976 0.724585 0.026994 0.723952 0.025417 0.721468 0.025088 0.716909 0.026264 0.713242 0.029131 0.710704
0 0.238115 0.742909 0.241406 0.744366 0.243615 0.747704 0.243803 0.751747 0.242159 0.755257 0.237245 0.756837 0.232264 0.756204 0.230686 0.753721 0.230357 0.749161 0.231533 0.745495 0.234401 0.742957
0 0.018715 0.702271 0.022006 0.703728 0.024216 0.707065 0.024404 0.711108 0.022759 0.714618 0.017845 0.716552 0.012864 0.715566 0.011287 0.713082 0.010958 0.708523 0.012133 0.704856 0.015001 0.702318
0 0.014096 0.736649 0.017388 0.738106 0.019597 0.741444 0.019785 0.745486 0.018141 0.748996 0.013227 0.750930 0.008245 0.749944 0.006668 0.747460 0.006339 0.742901 0.007515 0.739234 0.010382 0.736696
0 0.132182 0.602156 0.135473 0.603613 0.137683 0.606950 0.137871 0.610993 0.136227 0.614503 0.131313 0.616437 0.126331 0.615451 0.124755 0.612967 0.124426 0.608408 0.125601 0.604741 0.128469 0.602203
0 0.070122 0.720038 0.074288 0.721357 0.077134 0.725453 0.077620 0.730069 0.075745 0.734026 0.072248 0.736382 0.066742 0.736818 0.062353 0.734299 0.060728 0.731017 0.060728 0.726184 0.062603 0.721949 0.065887 0.720142
0 0.256258 0.662242 0.260423 0.663561 0.263270 0.667657 0.263756 0.672273 0.261882 0.676229 0.258384 0.678586 0.252878 0.679022 0.248489 0.676502 0.246864 0.673222 0.246864 0.668387 0.248739 0.664153 0.252023 0.662346
0 0.286427 0.709374 0.290593 0.710693 0.293440 0.714788 0.293926 0.719404 0.292051 0.723361 0.288554 0.725717 0.283047 0.726153 0.278658 0.723634 0.277033 0.720353 0.277033 0.715519 0.278908 0.711285 0.282192 0.709478
0 0.253012 0.640563 0.257178 0.641882 0.260024 0.645978 0.260510 0.650594 0.258635 0.654551 0.255139 0.656907 0.249631 0.657343 0.245243 0.654824 0.243618 0.651542 0.243618 0.646709 0.245493 0.642474 0.248777 0.640667
0 0.334590 0.668371 0.338756 0.669690 0.341603 0.673786 0.342089 0.678402 0.340214 0.682359 0.336717 0.684715 0.331210 0.685151 0.326821 0.682631 0.325196 0.679351 0.325196 0.674516 0.327071 0.670282 0.330355 0.668475
0 0.413656 0.716083 0.417822 0.717402 0.420669 0.721497 0.421155 0.726113 0.419280 0.730070 0.415783 0.732426 0.410276 0.732862 0.405887 0.730343 0.404263 0.727062 0.404263 0.722228 0.406137 0.717993 0.409421 0.716187
0 0.244374 0.603407 0.248540 0.604726 0.251386 0.608822 0.251872 0.613438 0.249998 0.617395 0.246501 0.619751 0.240994 0.620187 0.236605 0.617667 0.234980 0.614387 0.234980 0.609552 0.236855 0.605318 0.240139 0.603511
0 0.351270 0.620008 0.355437 0.621326 0.358283 0.625422 0.358769 0.630038 0.356894 0.633995 0.353397 0.636351 0.347890 0.636787 0.343501 0.634268 0.341877 0.630987 0.341877 0.626153 0.343751 0.621918 0.347035 0.620112
0 0.336022 0.734772 0.340188 0.736091 0.343034 0.740187 0.343520 0.744803 0.341646 0.748760 0.338149 0.751116 0.332642 0.751552 0.328253 0.749033 0.326629 0.745752 0.326629 0.740917 0.328503 0.736683 0.331787 0.734876
0 0.464758 0.722387 0.468923 0.723706 0.471770 0.727801 0.472256 0.732417 0.470381 0.736374 0.466884 0.738730 0.461378 0.739166 0.456989 0.736647 0.455364 0.733366 0.455364 0.728532 0.457239 0.724298 0.460523 0.722491
0 0.497633 0.644301 0.501799 0.645620 0.504645 0.649715 0.505131 0.654332 0.503257 0.658288 0.499759 0.660645 0.494253 0.661080 0.489864 0.658561 0.488239 0.655280 0.488239 0.650446 0.490114 0.646212 0.493398 0.644405
0 0.501132 0.625539 0.505297 0.626858 0.508144 0.630953 0.508630 0.635570 0.506755 0.639526 0.503258 0.641883 0.497751 0.642318 0.493363 0.639799 0.491738 0.636518 0.491738 0.631684 0.493612 0.627450 0.496896 0.625643
0 0.464238 0.633057 0.468403 0.634376 0.471250 0.638472 0.471735 0.643088 0.469861 0.647045 0.466364 0.649401 0.460857 0.649837 0.456468 0.647317 0.454844 0.644036 0.454844 0.639202 0.456718 0.634968 0.460002 0.633161
0 0.316341 0.570307 0.317134 0.580185 0.312989 0.586006 0.306726 0.588298 0.299141 0.587857 0.294289 0.584859 0.291379 0.580449 0.291467 0.573394 0.294730 0.567926 0.298347 0.564928 0.304433 0.563076 0.311666 0.565633
0 0.350908 0.596775 0.351702 0.606652 0.347556 0.612473 0.341294 0.614766 0.333708 0.614325 0.328857 0.611326 0.325946 0.606917 0.326034 0.599861 0.329298 0.594393 0.332915 0.591395 0.339001 0.589543 0.346233 0.592101
0 0.380713 0.597138 0.381507 0.607015 0.377361 0.612836 0.371098 0.615128 0.363513 0.614688 0.358662 0.611689 0.355751 0.607279 0.355839 0.600224 0.359103 0.594757 0.362719 0.591758 0.368805 0.589906 0.376038 0.592463
0 0.379028 0.545379 0.379822 0.555257 0.375677 0.561078 0.369414 0.563371 0.361829 0.562929 0.356977 0.559931 0.354067 0.555522 0.354155 0.548466 0.357418 0.542999 0.361034 0.540000 0.367121 0.538148 0.374354 0.540705
0 0.135303 0.532539 0.136097 0.542417 0.131951 0.548237 0.125689 0.550530 0.118103 0.550089 0.113252 0.547091 0.110341 0.542682 0.110429 0.535626 0.113693 0.530159 0.117309 0.527160 0.123395 0.525308 0.130628 0.527865
0 0.176341 0.729011 0.177135 0.738888 0.172990 0.744709 0.166727 0.747001 0.159141 0.746561 0.154290 0.743562 0.151379 0.739152 0.151468 0.732097 0.154731 0.726629 0.158347 0.723631 0.164433 0.721779 0.171666 0.724336
0 0.469719 0.660495 0.470513 0.670373 0.466367 0.676193 0.460105 0.678486 0.452519 0.678045 0.447668 0.675047 0.444757 0.670637 0.444845 0.663581 0.448109 0.658114 0.451726 0.655115 0.457811 0.653263 0.465044 0.655821
0 0.493841 0.741622 0.494634 0.751499 0.490489 0.757320 0.484226 0.759613 0.476641 0.759172 0.471790 0.756173 0.468879 0.751764 0.468967 0.744709 0.472230 0.739240 0.475847 0.736242 0.481933 0.734390 0.489166 0.736948
0 0.686169 0.596907 0.687139 0.605454 0.683894 0.610489 0.682732 0.611359 0.677632 0.612782 0.670046 0.612341 0.665195 0.609342 0.662284 0.604933 0.662372 0.597877 0.665636 0.592410 0.669252 0.589411 0.674712 0.588535 0.681146 0.590826
0 0.544198 0.633721 0.544992 0.643598 0.540846 0.649419 0.534584 0.651712 0.526998 0.651271 0.522147 0.648272 0.519236 0.643862 0.519325 0.636807 0.522588 0.631339 0.526204 0.628341 0.532291 0.626489 0.539523 0.629047
0 0.563855 0.451740 0.564650 0.461617 0.560504 0.467438 0.554241 0.469731 0.546656 0.469290 0.541804 0.466291 0.538894 0.461882 0.538982 0.454827 0.542245 0.449359 0.545861 0.446361 0.551948 0.444509 0.559181 0.447066
0 0.424684 0.408830 0.425478 0.418708 0.421333 0.424528 0.415070 0.426822 0.407484 0.426380 0.402633 0.423382 0.399722 0.418973 0.399810 0.411917 0.403075 0.406449 0.406691 0.403451 0.412777 0.401599 0.420009 0.404157
0 0.449746 0.432167 0.450540 0.442045 0.446394 0.447866 0.440131 0.450159 0.432546 0.449717 0.427694 0.446719 0.424784 0.442310 0.424872 0.435254 0.428136 0.429787 0.431752 0.426788 0.437838 0.424936 0.445071 0.427494
0 0.459535 0.508596 0.460329 0.518474 0.456183 0.524294 0.449921 0.526587 0.442335 0.526146 0.437484 0.523148 0.434573 0.518738 0.434661 0.511683 0.437925 0.506215 0.441541 0.503216 0.447627 0.501364 0.454860 0.503922
0 0.734821 0.696375 0.735615 0.706252 0.731470 0.712073 0.725207 0.714366 0.717621 0.713925 0.712770 0.710927 0.709859 0.706517 0.709948 0.699462 0.713211 0.693994 0.716828 0.690996 0.722914 0.689143 0.730147 0.691701
0 0.832483 0.724646 0.833277 0.734523 0.829132 0.740344 0.822869 0.742636 0.815283 0.742196 0.810432 0.739197 0.807521 0.734787 0.807609 0.727732 0.810873 0.722264 0.814490 0.719266 0.820576 0.717414 0.827808 0.719972
0 0.912054 0.694656 0.912847 0.704534 0.908702 0.710354 0.902440 0.712647 0.894854 0.712207 0.890003 0.709208 0.887092 0.704798 0.887180 0.697743 0.890444 0.692275 0.894060 0.689277 0.900146 0.687425 0.907379 0.689982
0 0.991389 0.634598 0.992183 0.644475 0.988038 0.650296 0.981775 0.652589 0.974190 0.652148 0.969338 0.649149 0.966428 0.644740 0.966516 0.637685 0.969779 0.632217 0.973395 0.629219 0.979482 0.627366 0.986715 0.629924
0 0.865845 0.402345 0.866640 0.412223 0.862494 0.418044 0.856231 0.420336 0.848646 0.419895 0.843794 0.416897 0.840884 0.412487 0.840972 0.405432 0.844235 0.399964 0.847852 0.396966 0.853938 0.395114 0.861171 0.397671
0 0.817602 0.400311 0.818395 0.410189 0.814250 0.416009 0.807987 0.418302 0.800402 0.417861 0.795550 0.414863 0.792640 0.410453 0.792728 0.403398 0.795991 0.397930 0.799608 0.394932 0.805694 0.393079 0.812927 0.395637
0 0.741398 0.408379 0.742192 0.418256 0.738046 0.424077 0.731783 0.426370 0.724198 0.425929 0.719347 0.422931 0.716436 0.418521 0.716524 0.411465 0.719787 0.405998 0.723404 0.402999 0.729490 0.401147 0.736723 0.403705
0 0.708191 0.401412 0.708984 0.411289 0.704839 0.417110 0.698577 0.419402 0.690991 0.418962 0.686140 0.415963 0.683229 0.411553 0.683317 0.404498 0.686581 0.399030 0.690197 0.396032 0.696283 0.394180 0.703516 0.396738
0 0.660887 0.368369 0.661680 0.378246 0.657534 0.384066 0.651272 0.386360 0.643687 0.385919 0.638835 0.382920 0.635925 0.378511 0.636013 0.371455 0.639276 0.365987 0.642893 0.362989 0.648979 0.361137 0.656211 0.363695
0 0.734880 0.383484 0.735674 0.393361 0.731529 0.399182 0.725266 0.401475 0.717680 0.401034 0.712829 0.398035 0.709918 0.393626 0.710007 0.386571 0.713270 0.381102 0.716887 0.378104 0.722973 0.376252 0.730205 0.378810
0 0.823552 0.238150 0.824345 0.248028 0.820200 0.253848 0.813937 0.256141 0.806352 0.255700 0.801501 0.252702 0.798590 0.248292 0.798678 0.241237 0.801941 0.235769 0.805558 0.232771 0.811644 0.230919 0.818877 0.233476
0 0.765909 0.253030 0.766703 0.262908 0.762557 0.268728 0.756295 0.271021 0.748709 0.270581 0.743858 0.267582 0.740947 0.263172 0.741035 0.256117 0.744299 0.250649 0.747916 0.247651 0.754002 0.245799 0.761234 0.248357
0 0.583321 0.364792 0.584115 0.374670 0.579969 0.380490 0.573707 0.382783 0.566121 0.382342 0.561270 0.379344 0.558359 0.374934 0.558447 0.367879 0.561711 0.362411 0.565327 0.359412 0.571414 0.357560 0.578646 0.360118
0 0.959353 0.308162 0.960147 0.318039 0.956002 0.323860 0.949739 0.326152 0.942154 0.325712 0.937302 0.322713 0.934392 0.318303 0.934480 0.311248 0.937743 0.305780 0.941359 0.302782 0.947446 0.300930 0.954679 0.303487
0 0.976896 0.229075 0.977690 0.238952 0.973544 0.244773 0.967282 0.247066 0.959696 0.246625 0.954845 0.243626 0.951934 0.239217 0.952022 0.232162 0.955286 0.226694 0.958903 0.223695 0.964989 0.221843 0.972221 0.224401
0 0.689000 0.232679 0.689793 0.242557 0.685648 0.248377 0.679385 0.250670 0.671799 0.250229 0.666948 0.247230 0.664038 0.242821 0.664126 0.235765 0.667390 0.230298 0.671006 0.227299 0.677092 0.225447 0.684325 0.228005
0 0.409562 0.355151 0.410355 0.365028 0.406209 0.370849 0.399947 0.373142 0.392362 0.372701 0.387511 0.369702 0.384600 0.365293 0.384688 0.358238 0.387951 0.352770 0.391568 0.349772 0.397654 0.347920 0.404886 0.350477
0 0.462112 0.349359 0.462906 0.359236 0.458760 0.365057 0.452498 0.367349 0.444913 0.366909 0.440061 0.363910 0.437151 0.359500 0.437239 0.352445 0.440502 0.346977 0.444118 0.343979 0.450205 0.342127 0.457438 0.344684
0 0.449346 0.231040 0.450140 0.240918 0.445994 0.246738 0.439732 0.249032 0.432146 0.248590 0.427295 0.245592 0.424384 0.241183 0.424472 0.234127 0.427736 0.228660 0.431352 0.225661 0.437439 0.223809 0.444671 0.226366
0 0.542779 0.232061 0.543572 0.241938 0.539427 0.247759 0.533165 0.250051 0.525579 0.249611 0.520728 0.246612 0.517817 0.242202 0.517905 0.235147 0.521169 0.229679 0.524785 0.226681 0.530871 0.224829 0.538104 0.227386
0 0.278847 0.325873 0.279641 0.335750 0.275496 0.341571 0.269233 0.343864 0.261647 0.343423 0.256796 0.340424 0.253885 0.336015 0.253974 0.328960 0.257238 0.323491 0.260854 0.320493 0.266940 0.318641 0.274172 0.321199
0 0.304614 0.335585 0.305407 0.345462 0.301262 0.351283 0.294999 0.353576 0.287414 0.353135 0.282563 0.350136 0.279652 0.345727 0.279740 0.338672 0.283004 0.333203 0.286620 0.330205 0.292706 0.328353 0.299939 0.330911
0 0.261539 0.263076 0.262332 0.272953 0.258187 0.278774 0.251924 0.281066 0.244339 0.280626 0.239487 0.277627 0.236577 0.273217 0.236665 0.266162 0.239928 0.260695 0.243545 0.257696 0.249631 0.255844 0.256864 0.258401
0 0.123072 0.336215 0.123866 0.346092 0.119720 0.351913 0.113458 0.354206 0.105872 0.353765 0.101021 0.350767 0.098110 0.346357 0.098199 0.339302 0.101462 0.333834 0.105079 0.330836 0.111165 0.328984 0.118397 0.331541
0 0.097618 0.263001 0.098413 0.272879 0.094267 0.278699 0.088004 0.280992 0.080419 0.280551 0.075567 0.277553 0.072657 0.273144 0.072745 0.266088 0.076008 0.260620 0.079625 0.257622 0.085711 0.255770 0.092944 0.258327
0 0.089552 0.236536 0.090345 0.246413 0.086200 0.252234 0.079937 0.254527 0.072352 0.254086 0.067500 0.251088 0.064590 0.246678 0.064678 0.239623 0.067941 0.234155 0.071558 0.231157 0.077644 0.229304 0.084877 0.231862
0 0.237258 0.544827 0.238052 0.554705 0.233906 0.560526 0.227644 0.562819 0.220058 0.562377 0.215207 0.559379 0.212296 0.554970 0.212384 0.547914 0.215648 0.542447 0.219265 0.539448 0.225351 0.537596 0.232583 0.540153
0 0.323407 0.708410 0.324201 0.718288 0.320056 0.724108 0.313793 0.726401 0.306207 0.725960 0.301356 0.722962 0.298445 0.718552 0.298534 0.711497 0.301797 0.706029 0.305414 0.703030 0.311500 0.701178 0.318732 0.703736
0 0.438691 0.571534 0.439484 0.581411 0.435339 0.587232 0.429077 0.589525 0.421491 0.589084 0.416640 0.586085 0.413729 0.581676 0.413817 0.574621 0.417081 0.569153 0.420697 0.566154 0.426783 0.564302 0.434016 0.566860
0 0.422870 0.493152 0.423664 0.503029 0.419518 0.508850 0.413256 0.511143 0.405670 0.510702 0.400819 0.507703 0.397908 0.503294 0.397996 0.496238 0.401260 0.490771 0.404877 0.487772 0.410963 0.485920 0.418195 0.488478
0 0.377915 0.472090 0.378709 0.481967 0.374564 0.487788 0.368301 0.490080 0.360716 0.489640 0.355864 0.486641 0.352954 0.482232 0.353042 0.475176 0.356305 0.469709 0.359922 0.466710 0.366008 0.464858 0.373241 0.467415
0 0.930447 0.583990 0.931241 0.593868 0.927095 0.599688 0.920832 0.601982 0.913247 0.601540 0.908396 0.598542 0.905485 0.594133 0.905573 0.587077 0.908836 0.581609 0.912453 0.578611 0.918539 0.576759 0.925772 0.579316
0 0.715295 0.580504 0.716274 0.588263 0.714466 0.596097 0.708289 0.601521 0.700592 0.602603 0.694502 0.602198 0.688022 0.597453 0.684934 0.591653 0.685009 0.584723 0.686516 0.578998 0.693824 0.574403 0.700529 0.572671 0.710323 0.575533
0 0.597046 0.489159 0.598026 0.496918 0.596218 0.504752 0.590040 0.510175 0.582344 0.511258 0.576253 0.510853 0.569774 0.506108 0.566685 0.500308 0.566760 0.493377 0.568267 0.487653 0.575575 0.483058 0.582280 0.481325 0.592075 0.484188
0 0.574675 0.280309 0.577965 0.281766 0.580175 0.285104 0.580363 0.289146 0.578719 0.292657 0.574016 0.294646 0.568823 0.293698 0.567246 0.291121 0.566917 0.286561 0.568093 0.282895 0.570960 0.280356
0 0.615933 0.258880 0.620099 0.260200 0.622946 0.264295 0.623432 0.268911 0.621557 0.272868 0.618060 0.275224 0.612553 0.275660 0.608164 0.273141 0.606027 0.269860 0.606019 0.265026 0.608414 0.260791 0.611699 0.258985
0 0.756615 0.294128 0.756760 0.299296 0.755523 0.303007 0.753460 0.305583 0.749263 0.306792 0.742639 0.306355 0.739397 0.303500 0.737907 0.298786 0.738356 0.294125 0.740164 0.290271 0.743564 0.287875 0.748026 0.287505 0.753485 0.289834
0 0.804928 0.325248 0.805074 0.330416 0.803836 0.334127 0.801773 0.336703 0.797576 0.337912 0.790952 0.337475 0.787711 0.334620 0.786221 0.329906 0.786669 0.325245 0.788478 0.321391 0.791878 0.318995 0.796339 0.318625 0.801798 0.320954
0 0.757212 0.334645 0.757357 0.339813 0.756120 0.343524 0.754057 0.346100 0.749860 0.347309 0.743236 0.346872 0.739995 0.344016 0.738505 0.339303 0.738953 0.334641 0.740761 0.330788 0.744161 0.328391 0.748622 0.328022 0.754082 0.330351
0 0.785697 0.375509 0.785843 0.380676 0.784606 0.384388 0.782543 0.386964 0.778346 0.388173 0.771722 0.387736 0.768481 0.384880 0.766990 0.380167 0.767439 0.375506 0.769247 0.371652 0.772647 0.369255 0.777108 0.368886 0.782568 0.371215
0 0.821906 0.369901 0.822051 0.375068 0.820814 0.378780 0.818751 0.381355 0.814554 0.382564 0.807930 0.382128 0.804689 0.379272 0.803199 0.374559 0.803647 0.369897 0.805455 0.366044 0.808855 0.363647 0.813316 0.363278 0.818776 0.365607
0 0.786865 0.272223 0.787011 0.277390 0.785773 0.281102 0.783711 0.283678 0.779514 0.284887 0.772890 0.284450 0.769648 0.281595 0.768158 0.276881 0.768607 0.272220 0.770415 0.268366 0.773815 0.265970 0.778276 0.265600 0.783735 0.267929
0 0.837935 0.259477 0.838080 0.264644 0.836843 0.268356 0.834780 0.270932 0.830583 0.272140 0.823959 0.271704 0.820718 0.268848 0.819228 0.264135 0.819676 0.259473 0.821484 0.255620 0.824884 0.253223 0.829345 0.252854 0.834805 0.255183
0 0.862487 0.324815 0.862632 0.329982 0.861395 0.333694 0.859332 0.336270 0.855135 0.337478 0.848511 0.337041 0.845270 0.334186 0.843780 0.329473 0.844228 0.324811 0.846036 0.320958 0.849436 0.318561 0.853898 0.318192 0.859357 0.320521
0 0.921468 0.270296 0.921613 0.275464 0.920376 0.279175 0.918313 0.281751 0.914116 0.282960 0.907492 0.282523 0.904251 0.279668 0.902760 0.274954 0.903209 0.270293 0.905017 0.266439 0.908417 0.264043 0.912878 0.263673 0.918338 0.266002
0 0.880222 0.278968 0.880367 0.284136 0.879130 0.287847 0.877067 0.290423 0.872870 0.291632 0.866246 0.291195 0.863005 0.288340 0.861515 0.283626 0.861963 0.278965 0.863771 0.275111 0.867171 0.272715 0.871632 0.272345 0.877092 0.274674
0 0.925259 0.330097 0.925405 0.335264 0.924167 0.338976 0.922105 0.341551 0.917907 0.342760 0.911283 0.342324 0.908042 0.339468 0.906552 0.334754 0.907001 0.330093 0.908808 0.326239 0.912209 0.323843 0.916670 0.323474 0.922129 0.325803
0 0.939079 0.281578 0.939225 0.286746 0.937988 0.290458 0.935925 0.293033 0.931728 0.294242 0.925104 0.293805 0.921863 0.290950 0.920372 0.286236 0.920821 0.281575 0.922629 0.277721 0.926029 0.275325 0.930490 0.274955 0.935949 0.277284
0 0.776252 0.305126 0.776397 0.310294 0.775160 0.314005 0.773097 0.316581 0.768900 0.317790 0.762276 0.317353 0.759035 0.314498 0.757544 0.309784 0.757993 0.305123 0.759801 0.301269 0.763202 0.298873 0.767663 0.298503 0.773122 0.300833
0 0.814115 0.429536 0.814260 0.434703 0.813023 0.438415 0.810960 0.440991 0.806763 0.442200 0.800139 0.441763 0.796898 0.438908 0.795408 0.434194 0.795856 0.429533 0.797664 0.425678 0.801065 0.423283 0.805526 0.422913 0.810985 0.425242
0 0.956035 0.260745 0.956180 0.265912 0.954943 0.269624 0.952880 0.272200 0.948683 0.273409 0.942059 0.272972 0.938818 0.270116 0.937328 0.265403 0.937776 0.260741 0.939584 0.256888 0.942984 0.254491 0.947445 0.254122 0.952905 0.256451
0 0.883571 0.225215 0.883717 0.230383 0.882480 0.234095 0.880417 0.236670 0.876220 0.237879 0.869596 0.237442 0.866355 0.234587 0.864864 0.229873 0.865313 0.225212 0.867121 0.221358 0.870521 0.218962 0.874982 0.218592 0.880442 0.220922
0 0.924150 0.452180 0.924295 0.457347 0.923057 0.461059 0.920995 0.463635 0.916797 0.464844 0.910173 0.464407 0.906932 0.461551 0.905442 0.456838 0.905891 0.452176 0.907699 0.448323 0.911099 0.445926 0.915560 0.445557 0.921019 0.447886
0 0.970932 0.450189 0.971078 0.455357 0.969840 0.459068 0.967777 0.461644 0.963580 0.462853 0.956956 0.462416 0.953715 0.459561 0.952225 0.454847 0.952673 0.450186 0.954481 0.446332 0.957881 0.443936 0.962343 0.443566 0.967802 0.445895
0 0.837585 0.442576 0.837731 0.447743 0.836494 0.451455 0.834431 0.454031 0.830234 0.455240 0.823610 0.454803 0.820369 0.451948 0.818878 0.447234 0.819327 0.442573 0.821135 0.438719 0.824535 0.436323 0.828996 0.435953 0.834456 0.438282
0 0.857610 0.453962 0.857756 0.459129 0.856519 0.462841 0.854456 0.465417 0.850258 0.466626 0.843634 0.466189 0.840393 0.463334 0.838903 0.458620 0.839352 0.453959 0.841160 0.450105 0.844560 0.447709 0.849021 0.447339 0.854480 0.449668
0 0.832070 0.527967 0.832216 0.533134 0.830978 0.536846 0.828916 0.539422 0.824718 0.540630 0.818094 0.540194 0.814853 0.537338 0.813363 0.532625 0.813811 0.527963 0.815619 0.524110 0.819020 0.521713 0.823481 0.521344 0.828940 0.523673
0 0.876526 0.563586 0.876671 0.568753 0.875434 0.572465 0.873371 0.575041 0.869174 0.576250 0.862550 0.575813 0.859308 0.572958 0.857818 0.568244 0.858267 0.563583 0.860075 0.559728 0.863475 0.557333 0.867937 0.556963 0.873396 0.559292
0 0.945994 0.553647 0.946140 0.558814 0.944902 0.562526 0.942839 0.565101 0.938642 0.566311 0.932018 0.565874 0.928777 0.563018 0.927287 0.558304 0.927735 0.553643 0.929543 0.549789 0.932943 0.547393 0.937405 0.547024 0.942864 0.549353
0 0.714343 0.475467 0.714488 0.480634 0.713251 0.484346 0.711188 0.486922 0.706991 0.488131 0.700367 0.487694 0.697126 0.484838 0.695635 0.480125 0.696084 0.475463 0.697892 0.471610 0.701292 0.469213 0.705753 0.468844 0.711213 0.471173
0 0.679301 0.457385 0.679447 0.462553 0.678209 0.466264 0.676147 0.468840 0.671950 0.470049 0.665326 0.469612 0.662084 0.466757 0.660594 0.462044 0.661043 0.457382 0.662851 0.453528 0.666251 0.451132 0.670712 0.450762 0.676171 0.453091
0 0.784834 0.553103 0.784980 0.558270 0.783742 0.561982 0.781679 0.564558 0.777482 0.565766 0.770858 0.565330 0.767617 0.562474 0.766127 0.557761 0.766575 0.553099 0.768383 0.549246 0.771783 0.546849 0.776245 0.546480 0.781704 0.548809
0 0.699961 0.557703 0.700107 0.562871 0.698870 0.566583 0.696807 0.569158 0.692609 0.570367 0.685985 0.569930 0.682744 0.567075 0.681254 0.562361 0.681703 0.557700 0.683511 0.553846 0.686911 0.551450 0.691372 0.551080 0.696831 0.553410
0 0.792309 0.623760 0.792455 0.628927 0.791218 0.632639 0.789155 0.635214 0.784957 0.636423 0.778333 0.635987 0.775092 0.633131 0.773602 0.628417 0.774051 0.623756 0.775858 0.619902 0.779259 0.617506 0.783720 0.617137 0.789179 0.619465
0 0.757074 0.650461 0.757220 0.655628 0.755982 0.659340 0.753919 0.661916 0.749722 0.663125 0.743098 0.662688 0.739857 0.659833 0.738367 0.655119 0.738815 0.650458 0.740623 0.646603 0.744023 0.644208 0.748485 0.643838 0.753944 0.646167
0 0.706715 0.641491 0.706860 0.646659 0.705623 0.650370 0.703560 0.652946 0.699363 0.654155 0.692739 0.653718 0.689498 0.650863 0.688008 0.646149 0.688456 0.641488 0.690264 0.637634 0.693665 0.635238 0.698126 0.634868 0.703585 0.637197
0 0.614281 0.682733 0.614426 0.687900 0.613189 0.691612 0.611126 0.694187 0.606929 0.695396 0.600305 0.694959 0.597064 0.692104 0.595573 0.687390 0.596022 0.682729 0.597830 0.678875 0.601230 0.676479 0.605691 0.676110 0.611151 0.678438
0 0.623641 0.663875 0.623787 0.669043 0.622549 0.672754 0.620487 0.675330 0.616289 0.676539 0.609665 0.676102 0.606424 0.673247 0.604934 0.668533 0.605382 0.663872 0.607191 0.660018 0.610591 0.657622 0.615052 0.657252 0.620511 0.659582
0 0.547688 0.723534 0.547833 0.728701 0.546596 0.732413 0.544533 0.734989 0.540336 0.736198 0.533712 0.735761 0.530471 0.732905 0.528981 0.728192 0.529429 0.723530 0.531237 0.719676 0.534638 0.717280 0.539099 0.716911 0.544558 0.719240
0 0.572366 0.710105 0.572512 0.715273 0.571275 0.718984 0.569212 0.721560 0.565015 0.722769 0.558391 0.722332 0.555149 0.719476 0.553659 0.714763 0.554108 0.710101 0.555916 0.706248 0.559316 0.703851 0.563777 0.703482 0.569237 0.705811
0 0.591809 0.722654 0.591955 0.727822 0.590718 0.731534 0.588655 0.734109 0.584458 0.735318 0.577834 0.734881 0.574593 0.732026 0.573102 0.727312 0.573551 0.722651 0.575359 0.718797 0.578759 0.716401 0.583220 0.716031 0.588680 0.718360
0 0.612416 0.730551 0.612562 0.735718 0.611324 0.739430 0.609262 0.742006 0.605064 0.743214 0.598440 0.742778 0.595199 0.739922 0.593709 0.735209 0.594157 0.730547 0.595966 0.726694 0.599366 0.724297 0.603827 0.723928 0.609286 0.726257
0 0.630890 0.721193 0.631035 0.726361 0.629798 0.730072 0.627735 0.732648 0.623538 0.733857 0.616914 0.733420 0.613673 0.730564 0.612183 0.725851 0.612631 0.721189 0.614439 0.717336 0.617840 0.714939 0.622301 0.714570 0.627760 0.716899
0 0.576847 0.742466 0.576992 0.747634 0.575755 0.751346 0.573692 0.753921 0.569495 0.755130 0.562871 0.754693 0.559630 0.751838 0.558140 0.747124 0.558588 0.742463 0.560396 0.738609 0.563796 0.736213 0.568257 0.735844 0.573717 0.738172
0 0.683155 0.726323 0.683301 0.731491 0.682063 0.735202 0.680001 0.737778 0.675803 0.738987 0.669179 0.738550 0.665938 0.735695 0.664448 0.730981 0.664896 0.726320 0.666704 0.722466 0.670105 0.720070 0.674566 0.719700 0.680025 0.722029
0 0.791402 0.723751 0.791548 0.728918 0.790310 0.732630 0.788248 0.735205 0.784051 0.736415 0.777427 0.735978 0.774185 0.733122 0.772695 0.728409 0.773144 0.723747 0.774952 0.719894 0.778352 0.717497 0.782813 0.717128 0.788272 0.719457
0 0.754228 0.711291 0.754373 0.716459 0.753136 0.720171 0.751073 0.722746 0.746876 0.723955 0.740252 0.723518 0.737011 0.720663 0.735521 0.715949 0.735969 0.711288 0.737778 0.707434 0.741178 0.705038 0.745639 0.704669 0.751098 0.706998
0 0.809736 0.657539 0.809881 0.662706 0.808644 0.666418 0.806581 0.668993 0.802384 0.670202 0.795760 0.669766 0.792519 0.666910 0.791029 0.662197 0.791477 0.657535 0.793285 0.653682 0.796685 0.651285 0.801146 0.650916 0.806606 0.653245
0 0.860978 0.679781 0.861124 0.684949 0.859886 0.688660 0.857823 0.691236 0.853626 0.692445 0.847002 0.692008 0.843761 0.689152 0.842271 0.684439 0.842719 0.679777 0.844527 0.675924 0.847928 0.673527 0.852389 0.673158 0.857848 0.675487
0 0.864909 0.711523 0.865055 0.716690 0.863818 0.720402 0.861755 0.722978 0.857558 0.724187 0.850934 0.723750 0.847692 0.720895 0.846202 0.716181 0.846651 0.711520 0.848459 0.707666 0.851859 0.705270 0.856320 0.704900 0.861780 0.707229
0 0.885128 0.752571 0.885274 0.757738 0.884037 0.761450 0.881974 0.764025 0.877777 0.765234 0.871153 0.764798 0.867912 0.761942 0.866421 0.757228 0.866870 0.752567 0.868678 0.748713 0.872078 0.746317 0.876539 0.745948 0.881998 0.748276
0 0.916787 0.737978 0.916932 0.743146 0.915695 0.746858 0.913632 0.749433 0.909435 0.750642 0.902811 0.750206 0.899570 0.747350 0.898080 0.742636 0.898528 0.737975 0.900336 0.734121 0.903737 0.731725 0.908197 0.731356 0.913657 0.733685
0 0.955814 0.631688 0.955959 0.636855 0.954722 0.640567 0.952659 0.643143 0.948461 0.644352 0.941837 0.643915 0.938596 0.641060 0.937106 0.636346 0.937555 0.631685 0.939363 0.627831 0.942763 0.625435 0.947224 0.625065 0.952683 0.627394
0 0.931243 0.661879 0.931388 0.667047 0.930151 0.670758 0.928088 0.673334 0.923891 0.674543 0.917267 0.674106 0.914026 0.671250 0.912535 0.666537 0.912984 0.661875 0.914792 0.658022 0.918192 0.655625 0.922653 0.655256 0.928113 0.657585
0 0.906671 0.656787 0.906817 0.661954 0.905580 0.665666 0.903517 0.668241 0.899320 0.669450 0.892696 0.669013 0.889455 0.666158 0.887964 0.661445 0.888413 0.656783 0.890221 0.652929 0.893621 0.650533 0.898082 0.650164 0.903542 0.652492
0 0.985641 0.710241 0.985786 0.715409 0.984549 0.719121 0.982486 0.721696 0.978289 0.722905 0.971665 0.722468 0.968423 0.719613 0.966933 0.714899 0.967382 0.710238 0.969190 0.706384 0.972590 0.703988 0.977051 0.703619 0.982511 0.705947
0 0.815260 0.619654 0.815406 0.624822 0.814168 0.628533 0.812106 0.631109 0.807908 0.632318 0.801284 0.631881 0.798043 0.629025 0.796553 0.624312 0.797002 0.619650 0.798809 0.615797 0.802210 0.613400 0.806671 0.613031 0.812130 0.615360
0 0.763544 0.573850 0.763690 0.579017 0.762452 0.582729 0.760390 0.585304 0.756192 0.586513 0.749568 0.586077 0.746327 0.583221 0.744836 0.578508 0.745285 0.573846 0.747093 0.569992 0.750494 0.567596 0.754955 0.567227 0.760414 0.569556
0 0.944114 0.224572 0.944260 0.229739 0.943022 0.233451 0.940959 0.236026 0.936762 0.237235 0.930138 0.236799 0.926897 0.233943 0.925407 0.229229 0.925855 0.224568 0.927664 0.220714 0.931064 0.218318 0.935525 0.217949 0.940984 0.220278
0 0.380902 0.268333 0.381047 0.273500 0.379810 0.277212 0.377747 0.279788 0.373550 0.280997 0.366926 0.280560 0.363685 0.277704 0.362195 0.272991 0.362643 0.268329 0.364451 0.264476 0.367852 0.262079 0.372313 0.261710 0.377772 0.264039
0 0.834422 0.280160 0.837714 0.281617 0.839923 0.284954 0.840111 0.288997 0.838467 0.292507 0.833765 0.294497 0.828571 0.293549 0.826995 0.290971 0.826666 0.286412 0.827841 0.282745 0.830708 0.280207
0 0.852703 0.253742 0.855993 0.255199 0.858203 0.258537 0.858391 0.262579 0.856747 0.266089 0.852044 0.268079 0.846851 0.267131 0.845275 0.264553 0.844945 0.259994 0.846121 0.256327 0.848989 0.253789
0 0.619447 0.312483 0.619592 0.317650 0.618355 0.321362 0.616292 0.323937 0.612095 0.325146 0.605471 0.324710 0.602230 0.321854 0.600740 0.317140 0.601188 0.312479 0.602996 0.308625 0.606396 0.306229 0.610857 0.305860 0.616317 0.308188
0 0.665404 0.248628 0.668694 0.250085 0.670904 0.253423 0.671092 0.257465 0.669448 0.260975 0.664745 0.262965 0.659552 0.262017 0.657976 0.259439 0.657646 0.254880 0.658822 0.251213 0.661690 0.248675
0 0.451533 0.313839 0.451679 0.319007 0.450442 0.322719 0.448379 0.325294 0.444182 0.326503 0.437558 0.326066 0.434316 0.323211 0.432826 0.318497 0.433274 0.313836 0.435083 0.309982 0.438483 0.307586 0.442944 0.307216 0.448404 0.309546
0 0.478097 0.441597 0.478243 0.446764 0.477005 0.450476 0.474943 0.453051 0.470745 0.454261 0.464121 0.453824 0.460880 0.450968 0.459390 0.446255 0.459839 0.441593 0.461646 0.437739 0.465047 0.435343 0.469508 0.434974 0.474967 0.437303
0 0.511695 0.506102 0.511840 0.511270 0.510603 0.514981 0.508540 0.517557 0.504343 0.518765 0.497719 0.518329 0.494478 0.515473 0.492988 0.510760 0.493436 0.506098 0.495244 0.502245 0.498644 0.499848 0.503105 0.499479 0.508565 0.501808
0 0.536567 0.549282 0.536713 0.554449 0.535475 0.558161 0.533413 0.560737 0.529215 0.561946 0.522591 0.561509 0.519350 0.558653 0.517860 0.553940 0.518308 0.549278 0.520116 0.545425 0.523517 0.543028 0.527978 0.542659 0.533437 0.544988
0 0.573267 0.565709 0.573413 0.570876 0.572175 0.574587 0.570113 0.577163 0.565915 0.578372 0.559291 0.577935 0.556050 0.575080 0.554559 0.570366 0.555008 0.565705 0.556816 0.561851 0.560217 0.559455 0.564678 0.559085 0.570137 0.561414
0 0.551217 0.604041 0.551362 0.609209 0.550124 0.612921 0.548062 0.615497 0.543865 0.616705 0.537241 0.616269 0.534000 0.613413 0.532509 0.608700 0.532958 0.604038 0.534766 0.600184 0.538166 0.597788 0.542627 0.597418 0.548087 0.599748
0 0.536340 0.661180 0.536486 0.666347 0.535248 0.670059 0.533185 0.672635 0.528989 0.673844 0.522365 0.673407 0.519123 0.670551 0.517633 0.665838 0.518081 0.661176 0.519890 0.657323 0.523290 0.654926 0.527751 0.654557 0.533210 0.656886
0 0.617054 0.761550 0.617200 0.766717 0.615963 0.770429 0.613900 0.773005 0.609703 0.774214 0.603079 0.773777 0.599838 0.770922 0.598347 0.766208 0.598796 0.761547 0.600604 0.757693 0.604004 0.755297 0.608465 0.754927 0.613925 0.757256
0 0.668296 0.687525 0.668442 0.692692 0.667205 0.696404 0.665142 0.698979 0.660944 0.700188 0.654320 0.699752 0.651079 0.696896 0.649589 0.692183 0.650038 0.687521 0.651846 0.683667 0.655246 0.681271 0.659707 0.680902 0.665166 0.683231
0 0.578383 0.767785 0.578528 0.772952 0.577291 0.776664 0.575228 0.779240 0.571031 0.780449 0.564407 0.780012 0.561166 0.777156 0.559676 0.772443 0.560124 0.767782 0.561932 0.763928 0.565332 0.761531 0.569793 0.761162 0.575253 0.763491
0 0.555557 0.767724 0.555702 0.772891 0.554465 0.776603 0.552402 0.779179 0.548205 0.779867 0.541581 0.779867 0.538340 0.777096 0.536850 0.772382 0.537298 0.767721 0.539106 0.763867 0.542506 0.761471 0.546967 0.761101 0.552427 0.763430
0 0.437916 0.600612 0.438062 0.605779 0.436824 0.609491 0.434761 0.612067 0.430564 0.612755 0.423940 0.612755 0.420699 0.609984 0.419209 0.605270 0.419657 0.600609 0.421465 0.596755 0.424866 0.594359 0.429327 0.593989 0.434786 0.596319
0 0.309998 0.749643 0.310144 0.754810 0.308907 0.758522 0.306844 0.761098 0.302647 0.761786 0.296023 0.761786 0.292782 0.759014 0.291292 0.754301 0.291740 0.749639 0.293548 0.745785 0.296948 0.743389 0.301409 0.743020 0.306869 0.745349
0 0.288724 0.742030 0.288869 0.747197 0.287632 0.750909 0.285569 0.753485 0.281372 0.754173 0.274748 0.754173 0.271507 0.751401 0.270017 0.746688 0.270465 0.742026 0.272273 0.738173 0.275674 0.735776 0.280134 0.735407 0.285594 0.737736
0 0.307973 0.670054 0.308119 0.675221 0.306881 0.678933 0.304819 0.681509 0.300621 0.682197 0.293997 0.682197 0.290756 0.679425 0.289266 0.674712 0.289715 0.670050 0.291522 0.666197 0.294923 0.663800 0.299384 0.663431 0.304843 0.665760
0 0.348939 0.651585 0.349084 0.656752 0.347847 0.660464 0.345784 0.663039 0.341587 0.663727 0.334963 0.663727 0.331722 0.660956 0.330232 0.656242 0.330680 0.651581 0.332488 0.647727 0.335889 0.645331 0.340349 0.644962 0.345809 0.647290
0 0.214235 0.612953 0.214381 0.618121 0.213143 0.621833 0.211081 0.624408 0.206883 0.625096 0.200259 0.625096 0.197018 0.622325 0.195528 0.617611 0.195977 0.612950 0.197784 0.609096 0.201185 0.606700 0.205646 0.606330 0.211105 0.608659
0 0.125382 0.639190 0.126097 0.642205 0.125024 0.645373 0.122239 0.647008 0.119837 0.647570 0.116567 0.646957 0.114318 0.643533 0.114651 0.640110 0.115979 0.637555 0.119812 0.636380 0.122878 0.637096
0 0.232029 0.609866 0.232744 0.612880 0.231671 0.616049 0.228886 0.617683 0.226484 0.618245 0.223214 0.617632 0.220966 0.614209 0.221297 0.610786 0.222626 0.608231 0.226459 0.607056 0.229525 0.607771
0 0.217120 0.567748 0.217836 0.570763 0.216763 0.573931 0.213978 0.575565 0.211576 0.576127 0.208305 0.575514 0.206057 0.572091 0.206389 0.568668 0.207718 0.566113 0.211550 0.564938 0.214616 0.565653
0 0.122853 0.594089 0.123569 0.597103 0.122495 0.600271 0.119710 0.601905 0.117309 0.602467 0.114038 0.601854 0.111790 0.598432 0.112122 0.595008 0.113451 0.592453 0.117283 0.591278 0.120349 0.591994
0 0.114478 0.584363 0.115194 0.587377 0.114120 0.590545 0.111335 0.592179 0.108934 0.592741 0.105664 0.592128 0.103415 0.588705 0.103747 0.585282 0.105076 0.582727 0.108908 0.581552 0.111974 0.582267
0 0.126930 0.581169 0.127645 0.584184 0.126572 0.587352 0.123787 0.588986 0.121385 0.589548 0.118115 0.588935 0.115867 0.585512 0.116198 0.582089 0.117527 0.579534 0.121360 0.578359 0.124426 0.579074
0 0.077310 0.692980 0.078026 0.695995 0.076953 0.699163 0.074168 0.700797 0.071766 0.701359 0.068495 0.700746 0.066247 0.697323 0.066579 0.693900 0.067908 0.691345 0.071741 0.690170 0.074806 0.690885
0 0.084317 0.680260 0.085033 0.683274 0.083959 0.686442 0.081175 0.688077 0.078773 0.688639 0.075502 0.688026 0.073254 0.684602 0.073586 0.681179 0.074915 0.678625 0.078747 0.677450 0.081813 0.678165
0 0.092685 0.749880 0.093401 0.752895 0.092328 0.756062 0.089543 0.757697 0.087141 0.758259 0.083870 0.757646 0.081622 0.754223 0.081954 0.750800 0.083282 0.748245 0.087115 0.747070 0.090181 0.747785
0 0.272429 0.761249 0.273145 0.764264 0.272071 0.767431 0.269287 0.769066 0.266885 0.769628 0.263614 0.769015 0.261366 0.765592 0.261698 0.762169 0.263027 0.759614 0.266859 0.758439 0.269925 0.759154
0 0.331979 0.758600 0.332694 0.761615 0.331621 0.764783 0.328836 0.766418 0.326434 0.766979 0.323164 0.766366 0.320915 0.762943 0.321247 0.759520 0.322576 0.756965 0.326408 0.755790 0.329475 0.756506
0 0.387172 0.747105 0.387888 0.750120 0.386815 0.753287 0.384029 0.754922 0.381628 0.755484 0.378357 0.754871 0.376109 0.751448 0.376441 0.748025 0.377769 0.745470 0.381602 0.744295 0.384668 0.745010
0 0.431476 0.691513 0.432191 0.694528 0.431118 0.697696 0.428333 0.699331 0.425931 0.699892 0.422661 0.699279 0.420413 0.695856 0.420745 0.692433 0.422073 0.689878 0.425906 0.688703 0.428972 0.689418
0 0.450189 0.702338 0.450905 0.705353 0.449831 0.708521 0.447046 0.710155 0.444645 0.710717 0.441374 0.710104 0.439126 0.706681 0.439458 0.703258 0.440786 0.700703 0.444619 0.699528 0.447685 0.700243
0 0.553705 0.746508 0.554421 0.749522 0.553348 0.752690 0.550563 0.754325 0.548161 0.754887 0.544891 0.754274 0.542642 0.750850 0.542974 0.747427 0.544303 0.744873 0.548135 0.743698 0.551202 0.744413
0 0.722288 0.720177 0.723003 0.723192 0.721930 0.726360 0.719145 0.727995 0.716743 0.728557 0.713472 0.727944 0.711224 0.724520 0.711556 0.721097 0.712885 0.718543 0.716717 0.717367 0.719783 0.718083
0 0.708876 0.704327 0.709592 0.707341 0.708518 0.710509 0.705733 0.712144 0.703332 0.712706 0.700062 0.712093 0.697813 0.708670 0.698145 0.705247 0.699473 0.702692 0.703306 0.701517 0.706372 0.702232
0 0.905363 0.756118 0.906079 0.759133 0.905005 0.762300 0.902220 0.763935 0.899819 0.764497 0.896548 0.763884 0.894300 0.760461 0.894632 0.757038 0.895961 0.754483 0.899793 0.753308 0.902859 0.754023
0 0.916181 0.715770 0.916896 0.718784 0.915824 0.721952 0.913039 0.723586 0.910636 0.724148 0.907366 0.723535 0.905118 0.720112 0.905450 0.716689 0.906779 0.714134 0.910611 0.712959 0.913677 0.713675
0 0.888477 0.640443 0.889193 0.643458 0.888119 0.646625 0.885334 0.648260 0.882933 0.648822 0.879662 0.648209 0.877414 0.644786 0.877746 0.641363 0.879075 0.638808 0.882907 0.637633 0.885974 0.638348
0 0.983146 0.593017 0.983861 0.596032 0.982788 0.599200 0.980003 0.600835 0.977601 0.601397 0.974331 0.600784 0.972082 0.597360 0.972415 0.593937 0.973743 0.591383 0.977576 0.590208 0.980642 0.590923
0 0.960342 0.570090 0.961057 0.573104 0.959984 0.576272 0.957200 0.577907 0.954797 0.578469 0.951527 0.577855 0.949279 0.574433 0.949611 0.571009 0.950940 0.568455 0.954772 0.567279 0.957838 0.567995
0 0.740715 0.586076 0.741430 0.589091 0.740357 0.592259 0.737572 0.593894 0.735170 0.594455 0.731900 0.593843 0.729651 0.590419 0.729983 0.586996 0.731312 0.584441 0.735145 0.583266 0.738211 0.583982
0 0.772087 0.534567 0.772803 0.537582 0.771729 0.540750 0.768944 0.542385 0.766543 0.542947 0.763272 0.542334 0.761024 0.538910 0.761356 0.535487 0.762684 0.532933 0.766517 0.531758 0.769583 0.532473
0 0.731043 0.481017 0.731759 0.484032 0.730685 0.487200 0.727901 0.488835 0.725499 0.489397 0.722228 0.488784 0.719980 0.485360 0.720312 0.481937 0.721641 0.479383 0.725474 0.478208 0.728539 0.478923
0 0.617435 0.447806 0.618151 0.450820 0.617078 0.453988 0.614293 0.455623 0.611891 0.456185 0.608620 0.455572 0.606372 0.452148 0.606704 0.448725 0.608033 0.446171 0.611866 0.444996 0.614931 0.445711
0 0.662250 0.402015 0.662965 0.405030 0.661892 0.408198 0.659107 0.409833 0.656705 0.410395 0.653435 0.409782 0.651186 0.406358 0.651519 0.402935 0.652847 0.400380 0.656680 0.399205 0.659746 0.399921
0 0.583432 0.388849 0.584148 0.391864 0.583075 0.395032 0.580290 0.396666 0.577888 0.397228 0.574617 0.396615 0.572369 0.393192 0.572701 0.389769 0.574030 0.387214 0.577862 0.386039 0.580928 0.386754
0 0.562205 0.485933 0.562920 0.488948 0.561847 0.492115 0.559063 0.493750 0.556660 0.494312 0.553390 0.493699 0.551142 0.490276 0.551474 0.486853 0.552803 0.484298 0.556635 0.483123 0.559701 0.483838
0 0.504222 0.473357 0.504938 0.476371 0.503865 0.479539 0.501080 0.481174 0.498678 0.481736 0.495407 0.481123 0.493159 0.477699 0.493491 0.474276 0.494820 0.471722 0.498652 0.470547 0.501718 0.471262
0 0.471792 0.546858 0.472507 0.549872 0.471434 0.553040 0.468649 0.554675 0.466247 0.555237 0.462977 0.554623 0.460728 0.551200 0.461060 0.547777 0.462389 0.545223 0.466221 0.544047 0.469288 0.544763
0 0.598089 0.524128 0.598235 0.529295 0.596997 0.533007 0.594935 0.535583 0.590738 0.536791 0.584114 0.536354 0.580872 0.533499 0.579382 0.528786 0.579831 0.524124 0.581639 0.520270 0.585039 0.517874 0.589500 0.517504 0.594959 0.519834
0 0.435232 0.501264 0.435948 0.504278 0.434875 0.507446 0.432090 0.509081 0.429688 0.509643 0.426417 0.509030 0.424169 0.505607 0.424501 0.502184 0.425830 0.499629 0.429662 0.498454 0.432728 0.499169
0 0.394939 0.509912 0.395655 0.512926 0.394582 0.516094 0.391797 0.517729 0.389395 0.518291 0.386125 0.517678 0.383876 0.514254 0.384208 0.510832 0.385536 0.508277 0.389369 0.507102 0.392435 0.507817
0 0.448438 0.534070 0.446772 0.536221 0.444231 0.536699 0.441287 0.536360 0.439933 0.534763 0.439656 0.532264 0.440628 0.530460 0.442085 0.529210 0.443856 0.528377 0.446286 0.528447 0.448612 0.529904 0.448855 0.532264
0 0.406738 0.627477 0.405071 0.629629 0.402530 0.630107 0.399586 0.629768 0.398233 0.628172 0.397955 0.625673 0.398927 0.623867 0.400385 0.622618 0.402155 0.621785 0.404585 0.621854 0.406911 0.623312 0.407154 0.625673
0 0.332339 0.582409 0.330672 0.584561 0.328131 0.585039 0.325188 0.584700 0.323834 0.583103 0.323556 0.580604 0.324528 0.578800 0.325986 0.577550 0.327756 0.576717 0.330187 0.576787 0.332512 0.578244 0.332755 0.580604
0 0.382760 0.739318 0.381094 0.741470 0.378553 0.741948 0.375609 0.741609 0.374255 0.740013 0.373978 0.737513 0.374950 0.735709 0.376408 0.734459 0.378178 0.733626 0.380608 0.733696 0.382934 0.735153 0.383177 0.737513
0 0.387907 0.709654 0.386241 0.711806 0.383700 0.712284 0.380756 0.711945 0.379402 0.710348 0.379125 0.707849 0.380096 0.706045 0.381554 0.704795 0.383325 0.703962 0.385755 0.704031 0.388080 0.705489 0.388323 0.707849
0 0.254870 0.749306 0.253204 0.751458 0.250663 0.751936 0.247719 0.751597 0.246366 0.750000 0.246087 0.747501 0.247060 0.745697 0.248518 0.744447 0.250288 0.743614 0.252718 0.743684 0.255044 0.745141 0.255287 0.747501
0 0.193991 0.709111 0.192325 0.711263 0.189783 0.711740 0.186840 0.711401 0.185486 0.709805 0.185208 0.707306 0.186180 0.705501 0.187638 0.704251 0.189408 0.703418 0.191839 0.703488 0.194165 0.704946 0.194407 0.707306
0 0.101985 0.747348 0.100318 0.749500 0.097778 0.749978 0.094834 0.749639 0.093480 0.748042 0.093202 0.745543 0.094174 0.743739 0.095632 0.742489 0.097403 0.741656 0.099832 0.741726 0.102158 0.743184 0.102402 0.745543
0 0.059498 0.679961 0.057832 0.682112 0.055291 0.682590 0.052347 0.682251 0.050993 0.680655 0.050716 0.678155 0.051688 0.676351 0.053146 0.675101 0.054916 0.674268 0.057346 0.674338 0.059672 0.675796 0.059915 0.678155
0 0.215561 0.472682 0.213895 0.474834 0.211354 0.475311 0.208410 0.474973 0.207057 0.473376 0.206779 0.470877 0.207751 0.469072 0.209209 0.467823 0.210980 0.466990 0.213409 0.467059 0.215735 0.468517 0.215978 0.470877
0 0.267399 0.384703 0.265732 0.386855 0.263191 0.387333 0.260247 0.386994 0.258893 0.385398 0.258616 0.382899 0.259587 0.381094 0.261045 0.379844 0.262816 0.379011 0.265246 0.379080 0.267572 0.380538 0.267815 0.382899
0 0.244091 0.253343 0.242425 0.255495 0.239883 0.255973 0.236940 0.255634 0.235586 0.254037 0.235308 0.251538 0.236280 0.249734 0.237738 0.248484 0.239508 0.247651 0.241939 0.247720 0.244264 0.249178 0.244507 0.251538
0 0.319351 0.292681 0.317684 0.294833 0.315143 0.295310 0.312200 0.294972 0.310846 0.293375 0.310568 0.290876 0.311540 0.289071 0.312998 0.287822 0.314769 0.286989 0.317198 0.287058 0.319525 0.288516 0.319767 0.290876
0 0.619391 0.348339 0.620106 0.351354 0.619033 0.354522 0.616248 0.356157 0.613846 0.356719 0.610576 0.356105 0.608328 0.352682 0.608660 0.349259 0.609989 0.346704 0.613821 0.345529 0.616887 0.346245
0 0.720275 0.636322 0.723566 0.637779 0.725775 0.641116 0.725963 0.645159 0.724319 0.648669 0.719616 0.650659 0.714423 0.649711 0.712846 0.647133 0.712517 0.642573 0.713693 0.638907 0.716560 0.636369
0 0.659471 0.593378 0.660186 0.596392 0.659114 0.599560 0.656329 0.601195 0.653927 0.601757 0.650656 0.601144 0.648408 0.597721 0.648740 0.594298 0.650069 0.591743 0.653901 0.590568 0.656967 0.591283
0 0.327305 0.519753 0.331471 0.521073 0.334318 0.525168 0.334804 0.529784 0.332929 0.533741 0.329432 0.536097 0.323925 0.536533 0.319536 0.534014 0.317399 0.530733 0.317391 0.525899 0.319786 0.521664 0.323070 0.519858
0 0.254866 0.507399 0.253200 0.509551 0.250658 0.510028 0.247715 0.509690 0.246360 0.508094 0.246083 0.505594 0.247055 0.503789 0.248513 0.502540 0.250283 0.501707 0.252713 0.501776 0.255039 0.503234 0.255282 0.505594
0 0.181348 0.292976 0.185514 0.294295 0.188360 0.298391 0.188846 0.303007 0.186971 0.306964 0.183475 0.309320 0.177967 0.309756 0.173579 0.307237 0.171441 0.303955 0.171433 0.299122 0.173829 0.294887 0.177113 0.293081
0 0.215037 0.246082 0.213371 0.248233 0.210830 0.248711 0.207886 0.248372 0.206532 0.246775 0.206255 0.244276 0.207227 0.242472 0.208684 0.241222 0.210455 0.240389 0.212885 0.240459 0.215211 0.241916 0.215454 0.244276
0 0.327666 0.415047 0.330957 0.416504 0.333167 0.419841 0.333355 0.423884 0.331710 0.427394 0.327008 0.429384 0.321815 0.428436 0.320238 0.425858 0.319909 0.421298 0.321084 0.417632 0.323952 0.415093
0 0.774541 0.763369 0.774686 0.768536 0.773449 0.772248 0.771387 0.774824 0.767189 0.776033 0.760565 0.775596 0.757324 0.772740 0.755834 0.768027 0.756282 0.763365 0.758090 0.759512 0.761491 0.757115 0.765952 0.756746 0.771411 0.759075
