0 0.351710 0.373900 0.354893 0.375581 0.356866 0.379063 0.356775 0.383108 0.354892 0.386497 0.350063 0.388156 0.344948 0.386853 0.343553 0.384172 0.343540 0.379601 0.344965 0.376024 0.348002 0.373690
0 0.368969 0.393540 0.372151 0.395220 0.374125 0.398702 0.374034 0.402748 0.372151 0.406136 0.367322 0.407796 0.362207 0.406492 0.360812 0.403812 0.360798 0.399241 0.362224 0.395664 0.365260 0.393330
0 0.309811 0.393448 0.312993 0.395129 0.314967 0.398611 0.314875 0.402657 0.312992 0.406045 0.308164 0.407705 0.303048 0.406401 0.301653 0.403721 0.301640 0.399150 0.303066 0.395573 0.306102 0.393238
0 0.313182 0.374894 0.316364 0.376575 0.318338 0.380057 0.318247 0.384103 0.316364 0.387491 0.311535 0.389151 0.306420 0.387847 0.305025 0.385167 0.305012 0.380595 0.306438 0.377019 0.309474 0.374684
0 0.425724 0.360418 0.428906 0.362099 0.430880 0.365580 0.430789 0.369626 0.428906 0.373014 0.424077 0.374674 0.418962 0.373370 0.417567 0.370690 0.417554 0.366119 0.418980 0.362542 0.422016 0.360208
0 0.339033 0.443846 0.342215 0.445527 0.344189 0.449009 0.344097 0.453055 0.342215 0.456443 0.337386 0.458103 0.332271 0.456799 0.330875 0.454119 0.330863 0.449547 0.332288 0.445971 0.335324 0.443637
0 0.290729 0.475476 0.293912 0.477157 0.295885 0.480639 0.295794 0.484684 0.293912 0.488073 0.289082 0.489733 0.283967 0.488429 0.282572 0.485748 0.282559 0.481177 0.283985 0.477600 0.287021 0.475266
0 0.355837 0.482595 0.359020 0.484276 0.360994 0.487759 0.360902 0.491804 0.359020 0.495193 0.354191 0.496852 0.349075 0.495548 0.347681 0.492868 0.347667 0.488296 0.349093 0.484720 0.352129 0.482386
0 0.402038 0.418465 0.405221 0.420145 0.407195 0.423627 0.407103 0.427673 0.405221 0.431061 0.400392 0.432721 0.395277 0.431417 0.393881 0.428737 0.393868 0.424166 0.395294 0.420589 0.398330 0.418255
0 0.473880 0.366026 0.477063 0.367707 0.479036 0.371189 0.478945 0.375235 0.477062 0.378623 0.472233 0.380283 0.467118 0.378978 0.465723 0.376298 0.465709 0.371727 0.467135 0.368150 0.470172 0.365816
0 0.294802 0.456804 0.297984 0.458485 0.299959 0.461967 0.299867 0.466013 0.297984 0.469401 0.293156 0.471061 0.288040 0.469756 0.286645 0.467076 0.286632 0.462505 0.288058 0.458928 0.291094 0.456594
0 0.524566 0.377886 0.527748 0.379567 0.529723 0.383049 0.529631 0.387095 0.527748 0.390483 0.522919 0.392143 0.517804 0.390838 0.516409 0.388158 0.516396 0.383587 0.517822 0.380011 0.520858 0.377676
0 0.502403 0.378790 0.505586 0.380471 0.507559 0.383953 0.507468 0.387999 0.505585 0.391387 0.500757 0.393047 0.495641 0.391743 0.494246 0.389062 0.494233 0.384491 0.495658 0.380915 0.498695 0.378580
0 0.512537 0.398284 0.515720 0.399965 0.517693 0.403447 0.517602 0.407493 0.515720 0.410881 0.510891 0.412541 0.505775 0.411237 0.504381 0.408557 0.504367 0.403986 0.505792 0.400409 0.508829 0.398074
0 0.503666 0.430904 0.506848 0.432585 0.508822 0.436067 0.508730 0.440112 0.506848 0.443501 0.502019 0.445161 0.496904 0.443857 0.495509 0.441176 0.495495 0.436605 0.496921 0.433028 0.499957 0.430694
0 0.349438 0.326104 0.352620 0.327785 0.354594 0.331267 0.354502 0.335313 0.352620 0.338701 0.347791 0.340362 0.342676 0.339057 0.341281 0.336377 0.341268 0.331805 0.342693 0.328229 0.345729 0.325894
0 0.368841 0.319795 0.372023 0.321476 0.373997 0.324958 0.373906 0.329004 0.372023 0.332392 0.367194 0.334052 0.362079 0.332748 0.360684 0.330067 0.360671 0.325496 0.362096 0.321919 0.365133 0.319585
0 0.283528 0.383311 0.286710 0.384992 0.288684 0.388474 0.288593 0.392520 0.286710 0.395908 0.281881 0.397568 0.276766 0.396264 0.275371 0.393584 0.275358 0.389012 0.276783 0.385436 0.279820 0.383101
0 0.263693 0.390814 0.266875 0.392495 0.268848 0.395977 0.268757 0.400022 0.266875 0.403410 0.262046 0.405070 0.256931 0.403766 0.255536 0.401086 0.255522 0.396515 0.256948 0.392938 0.259984 0.390604
0 0.237001 0.424461 0.240183 0.426142 0.242157 0.429624 0.242065 0.433670 0.240183 0.437058 0.235354 0.438718 0.230239 0.437414 0.228844 0.434734 0.228831 0.430162 0.230256 0.426586 0.233292 0.424251
0 0.225803 0.495718 0.228985 0.497399 0.230959 0.500881 0.230867 0.504926 0.228985 0.508315 0.224156 0.509975 0.219041 0.508671 0.217646 0.505990 0.217632 0.501419 0.219058 0.497842 0.222094 0.495508
0 0.276694 0.494546 0.279876 0.496227 0.281850 0.499709 0.281758 0.503754 0.279876 0.507143 0.275047 0.508803 0.269932 0.507499 0.268537 0.504818 0.268523 0.500247 0.269949 0.496670 0.272985 0.494336
0 0.247944 0.469940 0.251127 0.471621 0.253100 0.475103 0.253009 0.479149 0.251127 0.482537 0.246298 0.484197 0.241182 0.482893 0.239787 0.480213 0.239774 0.475641 0.241200 0.472065 0.244236 0.469731
0 0.222380 0.459648 0.225563 0.461329 0.227537 0.464811 0.227445 0.468857 0.225562 0.472245 0.220734 0.473905 0.215618 0.472601 0.214223 0.469920 0.214210 0.465349 0.215636 0.461772 0.218672 0.459438
0 0.195146 0.465942 0.198328 0.467624 0.200302 0.471105 0.200210 0.475151 0.198328 0.478539 0.193500 0.480199 0.188384 0.478895 0.186989 0.476215 0.186976 0.471643 0.188401 0.468067 0.191437 0.465733
0 0.108805 0.438742 0.111987 0.440423 0.113961 0.443905 0.113869 0.447950 0.111987 0.451339 0.107158 0.452999 0.102043 0.451695 0.100648 0.449014 0.100634 0.444443 0.102060 0.440866 0.105096 0.438532
0 0.148497 0.468633 0.151679 0.470314 0.153653 0.473797 0.153562 0.477842 0.151679 0.481231 0.146850 0.482891 0.141735 0.481586 0.140340 0.478906 0.140326 0.474335 0.141752 0.470758 0.144789 0.468424
0 0.103385 0.489349 0.106567 0.491030 0.108541 0.494512 0.108450 0.498558 0.106568 0.501946 0.101738 0.503606 0.096623 0.502302 0.095228 0.499621 0.095215 0.495050 0.096641 0.491473 0.099677 0.489139
0 0.078073 0.452802 0.081255 0.454483 0.083229 0.457966 0.083137 0.462011 0.081255 0.465400 0.076426 0.467060 0.071311 0.465755 0.069916 0.463075 0.069902 0.458504 0.071328 0.454927 0.074364 0.452593
0 0.059011 0.446614 0.062193 0.448295 0.064167 0.451777 0.064075 0.455823 0.062193 0.459211 0.057364 0.460871 0.052249 0.459567 0.050854 0.456887 0.050840 0.452315 0.052266 0.448739 0.055302 0.446404
0 0.177775 0.359843 0.180958 0.361524 0.182932 0.365006 0.182840 0.369052 0.180958 0.372440 0.176129 0.374100 0.171014 0.372796 0.169618 0.370116 0.169605 0.365544 0.171031 0.361968 0.174067 0.359633
0 0.148271 0.346146 0.151453 0.347827 0.153427 0.351309 0.153335 0.355355 0.151453 0.358743 0.146624 0.360404 0.141509 0.359099 0.140114 0.356419 0.140101 0.351847 0.141526 0.348271 0.144562 0.345936
0 0.094537 0.338080 0.097720 0.339760 0.099693 0.343242 0.099602 0.347288 0.097719 0.350676 0.092890 0.352336 0.087775 0.351032 0.086380 0.348352 0.086366 0.343780 0.087792 0.340204 0.090829 0.337870
0 0.064556 0.343836 0.067738 0.345517 0.069712 0.348998 0.069621 0.353045 0.067738 0.356432 0.062909 0.358093 0.057794 0.356788 0.056399 0.354108 0.056385 0.349537 0.057811 0.345960 0.060848 0.343626
0 0.083168 0.371572 0.086350 0.373253 0.088324 0.376736 0.088233 0.380781 0.086350 0.384170 0.081521 0.385829 0.076406 0.384525 0.075011 0.381845 0.074998 0.377273 0.076424 0.373697 0.079460 0.371363
0 0.114363 0.350769 0.117545 0.352450 0.119520 0.355931 0.119428 0.359977 0.117545 0.363365 0.112716 0.365025 0.107601 0.363721 0.106206 0.361041 0.106193 0.356470 0.107619 0.352893 0.110655 0.350559
0 0.020885 0.419113 0.024068 0.420794 0.026041 0.424276 0.025950 0.428322 0.024068 0.431710 0.019239 0.433370 0.014123 0.432066 0.012729 0.429385 0.012715 0.424814 0.014141 0.421238 0.017177 0.418903
0 0.118896 0.281320 0.122078 0.283001 0.124052 0.286483 0.123960 0.290529 0.122078 0.293917 0.117249 0.295577 0.112134 0.294272 0.110739 0.291593 0.110725 0.287021 0.112151 0.283445 0.115187 0.281110
0 0.055862 0.279395 0.059044 0.281076 0.061018 0.284558 0.060927 0.288603 0.059044 0.291992 0.054215 0.293652 0.049100 0.292348 0.047705 0.289667 0.047692 0.285096 0.049118 0.281519 0.052154 0.279185
0 0.053395 0.299931 0.056578 0.301612 0.058551 0.305094 0.058460 0.309139 0.056578 0.312528 0.051749 0.314188 0.046634 0.312884 0.045238 0.310203 0.045225 0.305631 0.046651 0.302055 0.049687 0.299721
0 0.071533 0.291793 0.074715 0.293474 0.076689 0.296957 0.076597 0.301003 0.074715 0.304391 0.069886 0.306051 0.064771 0.304746 0.063376 0.302066 0.063362 0.297495 0.064788 0.293918 0.067824 0.291584
0 0.131651 0.240283 0.134834 0.241964 0.136808 0.245446 0.136716 0.249492 0.134833 0.252880 0.130005 0.254540 0.124889 0.253236 0.123494 0.250556 0.123481 0.245984 0.124906 0.242408 0.127943 0.240073
0 0.129355 0.225686 0.132537 0.227367 0.134511 0.230849 0.134419 0.234895 0.132537 0.238283 0.127708 0.239943 0.122593 0.238639 0.121198 0.235959 0.121184 0.231387 0.122610 0.227811 0.125646 0.225476
0 0.162210 0.228659 0.165392 0.230340 0.167366 0.233822 0.167275 0.237868 0.165392 0.241256 0.160563 0.242916 0.155448 0.241612 0.154053 0.238932 0.154039 0.234360 0.155465 0.230784 0.158502 0.228449
0 0.043912 0.230737 0.047094 0.232419 0.049068 0.235900 0.048976 0.239946 0.047094 0.243334 0.042265 0.244994 0.037150 0.243690 0.035755 0.241010 0.035742 0.236438 0.037167 0.232862 0.040203 0.230528
0 0.029183 0.237376 0.032365 0.239057 0.034339 0.242538 0.034247 0.246584 0.032365 0.249972 0.027536 0.251632 0.022420 0.250328 0.021026 0.247648 0.021012 0.243077 0.022438 0.239500 0.025474 0.237166
0 0.060373 0.221791 0.063555 0.223472 0.065529 0.226954 0.065438 0.231000 0.063555 0.234388 0.058726 0.236048 0.053611 0.234744 0.052216 0.232064 0.052202 0.227492 0.053628 0.223916 0.056665 0.221581
0 0.045301 0.190651 0.048483 0.192332 0.050457 0.195814 0.050365 0.199860 0.048482 0.203248 0.043654 0.204908 0.038538 0.203604 0.037143 0.200923 0.037130 0.196352 0.038556 0.192775 0.041592 0.190441
0 0.178889 0.219040 0.182071 0.220721 0.184045 0.224203 0.183953 0.228248 0.182071 0.231637 0.177242 0.233297 0.172126 0.231993 0.170732 0.229312 0.170718 0.224740 0.172144 0.221164 0.175180 0.218830
0 0.171283 0.253486 0.174465 0.255167 0.176439 0.258649 0.176347 0.262695 0.174465 0.266083 0.169636 0.267743 0.164520 0.266439 0.163126 0.263759 0.163112 0.259187 0.164538 0.255611 0.167574 0.253277
0 0.278656 0.345572 0.281839 0.347253 0.283812 0.350736 0.283721 0.354781 0.281838 0.358170 0.277010 0.359830 0.271894 0.358525 0.270499 0.355845 0.270486 0.351273 0.271911 0.347697 0.274948 0.345363
0 0.341985 0.280365 0.345167 0.282046 0.347141 0.285528 0.347050 0.289574 0.345167 0.292962 0.340338 0.294622 0.335223 0.293318 0.333828 0.290638 0.333815 0.286067 0.335240 0.282490 0.338277 0.280156
0 0.327724 0.261310 0.330906 0.262990 0.332880 0.266473 0.332789 0.270519 0.330907 0.273907 0.326077 0.275567 0.320963 0.274262 0.319567 0.271582 0.319554 0.267011 0.320980 0.263434 0.324016 0.261100
0 0.326258 0.306424 0.329440 0.308104 0.331415 0.311586 0.331323 0.315632 0.329440 0.319020 0.324611 0.320680 0.319496 0.319376 0.318101 0.316696 0.318088 0.312125 0.319514 0.308548 0.322550 0.306214
0 0.428348 0.274521 0.431530 0.276202 0.433504 0.279684 0.433413 0.283730 0.431530 0.287118 0.426701 0.288778 0.421586 0.287474 0.420191 0.284793 0.420177 0.280222 0.421603 0.276646 0.424640 0.274311
0 0.457379 0.287494 0.460561 0.289175 0.462535 0.292657 0.462443 0.296703 0.460561 0.300091 0.455732 0.301751 0.450616 0.300447 0.449222 0.297767 0.449208 0.293195 0.450634 0.289619 0.453670 0.287284
0 0.455829 0.269643 0.459012 0.271324 0.460985 0.274806 0.460894 0.278852 0.459012 0.282240 0.454182 0.283900 0.449067 0.282596 0.447672 0.279916 0.447659 0.275344 0.449084 0.271768 0.452121 0.269433
0 0.361456 0.262939 0.364639 0.264620 0.366613 0.268101 0.366521 0.272147 0.364639 0.275535 0.359810 0.277195 0.354695 0.275891 0.353300 0.273211 0.353286 0.268640 0.354712 0.265063 0.357748 0.262729
0 0.357336 0.211852 0.360518 0.213533 0.362492 0.217016 0.362400 0.221062 0.360518 0.224450 0.355689 0.226110 0.350574 0.224805 0.349178 0.222125 0.349165 0.217554 0.350591 0.213977 0.353627 0.211643
0 0.373223 0.221132 0.376406 0.222813 0.378379 0.226295 0.378288 0.230341 0.376406 0.233729 0.371576 0.235389 0.366461 0.234085 0.365066 0.231405 0.365053 0.226834 0.366479 0.223257 0.369515 0.220922
0 0.435872 0.246176 0.439055 0.247857 0.441029 0.251339 0.440937 0.255385 0.439055 0.258773 0.434226 0.260433 0.429111 0.259129 0.427715 0.256449 0.427702 0.251877 0.429128 0.248301 0.432164 0.245966
0 0.502880 0.250991 0.506063 0.252672 0.508036 0.256154 0.507945 0.260200 0.506062 0.263588 0.501234 0.265248 0.496118 0.263944 0.494724 0.261264 0.494710 0.256693 0.496135 0.253116 0.499172 0.250781
0 0.440121 0.383687 0.443303 0.385368 0.445278 0.388849 0.445186 0.392895 0.443303 0.396283 0.438474 0.397943 0.433359 0.396639 0.431964 0.393959 0.431951 0.389388 0.433377 0.385811 0.436413 0.383477
0 0.458437 0.377998 0.461620 0.379679 0.463593 0.383161 0.463502 0.387207 0.461619 0.390595 0.456790 0.392255 0.451675 0.390950 0.450280 0.388270 0.450267 0.383699 0.451692 0.380123 0.454729 0.377788
0 0.559795 0.361703 0.562977 0.363384 0.564951 0.366866 0.564859 0.370912 0.562976 0.374300 0.558148 0.375960 0.553032 0.374656 0.551637 0.371976 0.551624 0.367404 0.553050 0.363828 0.556086 0.361493
0 0.539299 0.429010 0.542481 0.430691 0.544455 0.434174 0.544363 0.438219 0.542481 0.441608 0.537652 0.443268 0.532537 0.441963 0.531142 0.439283 0.531128 0.434711 0.532554 0.431135 0.535590 0.428801
0 0.496698 0.415973 0.499880 0.417654 0.501854 0.421136 0.501763 0.425182 0.499880 0.428570 0.495051 0.430230 0.489936 0.428926 0.488541 0.426245 0.488527 0.421674 0.489953 0.418097 0.492990 0.415763
0 0.588026 0.406291 0.591209 0.407972 0.593183 0.411454 0.593092 0.415500 0.591209 0.418888 0.586380 0.420548 0.581265 0.419244 0.579870 0.416564 0.579856 0.411993 0.581282 0.408416 0.584318 0.406082
0 0.603831 0.389120 0.607014 0.390801 0.608988 0.394282 0.608896 0.398329 0.607014 0.401717 0.602184 0.403377 0.597070 0.402072 0.595674 0.399392 0.595661 0.394821 0.597087 0.391244 0.600123 0.388910
0 0.664010 0.336743 0.667192 0.338425 0.669166 0.341907 0.669074 0.345952 0.667192 0.349341 0.662363 0.351001 0.657247 0.349696 0.655853 0.347016 0.655839 0.342444 0.657265 0.338868 0.660301 0.336534
0 0.652198 0.354023 0.655380 0.355704 0.657354 0.359186 0.657262 0.363231 0.655380 0.366620 0.650551 0.368280 0.645436 0.366976 0.644041 0.364295 0.644028 0.359724 0.645453 0.356147 0.648489 0.353813
0 0.578769 0.298660 0.581951 0.300342 0.583925 0.303824 0.583833 0.307870 0.581951 0.311258 0.577122 0.312918 0.572007 0.311613 0.570612 0.308933 0.570598 0.304362 0.572024 0.300785 0.575060 0.298451
0 0.559898 0.289701 0.563081 0.291383 0.565055 0.294865 0.564963 0.298911 0.563081 0.302299 0.558252 0.303959 0.553137 0.302654 0.551742 0.299974 0.551729 0.295403 0.553154 0.291826 0.556190 0.289492
0 0.578875 0.246826 0.582057 0.248507 0.584031 0.251989 0.583939 0.256035 0.582057 0.259423 0.577228 0.261083 0.572113 0.259779 0.570718 0.257098 0.570705 0.252527 0.572130 0.248950 0.575166 0.246617
0 0.650618 0.396898 0.653800 0.398579 0.655774 0.402061 0.655682 0.406106 0.653800 0.409494 0.648971 0.411154 0.643856 0.409850 0.642461 0.407170 0.642448 0.402599 0.643873 0.399022 0.646909 0.396688
0 0.618996 0.398713 0.622178 0.400393 0.624152 0.403876 0.624060 0.407922 0.622177 0.411310 0.617349 0.412970 0.612233 0.411665 0.610839 0.408985 0.610825 0.404414 0.612251 0.400837 0.615287 0.398503
0 0.634010 0.387924 0.637192 0.389605 0.639167 0.393087 0.639075 0.397133 0.637192 0.400521 0.632363 0.402181 0.627248 0.400876 0.625853 0.398196 0.625840 0.393625 0.627266 0.390048 0.630302 0.387714
0 0.568933 0.345145 0.572115 0.346826 0.574089 0.350308 0.573997 0.354353 0.572115 0.357742 0.567286 0.359402 0.562171 0.358098 0.560776 0.355417 0.560762 0.350846 0.562188 0.347269 0.565224 0.344935
0 0.561757 0.308099 0.564940 0.309780 0.566914 0.313261 0.566822 0.317308 0.564939 0.320695 0.560111 0.322356 0.554995 0.321051 0.553600 0.318371 0.553587 0.313800 0.555013 0.310223 0.558049 0.307889
0 0.583335 0.323166 0.586517 0.324847 0.588491 0.328329 0.588399 0.332374 0.586517 0.335763 0.581688 0.337423 0.576573 0.336118 0.575178 0.333438 0.575164 0.328867 0.576590 0.325290 0.579626 0.322956
0 0.584558 0.441214 0.587740 0.442895 0.589715 0.446377 0.589623 0.450423 0.587740 0.453811 0.582911 0.455471 0.577796 0.454167 0.576401 0.451486 0.576388 0.446915 0.577814 0.443338 0.580850 0.441004
0 0.630155 0.451158 0.633338 0.452839 0.635312 0.456322 0.635220 0.460367 0.633338 0.463756 0.628509 0.465416 0.623394 0.464111 0.621999 0.461431 0.621985 0.456860 0.623411 0.453283 0.626447 0.450949
0 0.487920 0.462192 0.491103 0.463874 0.493077 0.467356 0.492985 0.471401 0.491102 0.474790 0.486274 0.476450 0.481158 0.475145 0.479763 0.472465 0.479750 0.467894 0.481175 0.464317 0.484212 0.461983
0 0.487942 0.489512 0.491125 0.491193 0.493098 0.494675 0.493007 0.498721 0.491125 0.502109 0.486295 0.503769 0.481180 0.502465 0.479785 0.499784 0.479772 0.495213 0.481198 0.491637 0.484234 0.489303
0 0.570489 0.541335 0.573672 0.543016 0.575645 0.546498 0.575554 0.550543 0.573671 0.553932 0.568842 0.555592 0.563727 0.554288 0.562332 0.551607 0.562318 0.547036 0.563744 0.543459 0.566781 0.541125
0 0.624824 0.475331 0.628006 0.477012 0.629981 0.480494 0.629889 0.484540 0.628006 0.487928 0.623177 0.489588 0.618062 0.488284 0.616667 0.485604 0.616654 0.481033 0.618080 0.477456 0.621116 0.475122
0 0.460826 0.489035 0.464009 0.490715 0.465983 0.494198 0.465891 0.498244 0.464009 0.501631 0.459180 0.503292 0.454065 0.501987 0.452670 0.499307 0.452656 0.494736 0.454082 0.491159 0.457118 0.488825
0 0.654452 0.484695 0.657634 0.486376 0.659608 0.489858 0.659517 0.493904 0.657634 0.497292 0.652805 0.498952 0.647690 0.497647 0.646295 0.494968 0.646282 0.490396 0.647707 0.486820 0.650744 0.484485
0 0.695317 0.457427 0.698499 0.459108 0.700473 0.462590 0.700382 0.466636 0.698499 0.470024 0.693670 0.471684 0.688555 0.470380 0.687160 0.467700 0.687147 0.463128 0.688573 0.459552 0.691609 0.457218
0 0.730079 0.450441 0.733262 0.452122 0.735236 0.455604 0.735144 0.459650 0.733262 0.463038 0.728433 0.464698 0.723318 0.463394 0.721923 0.460713 0.721910 0.456142 0.723335 0.452565 0.726371 0.450232
0 0.760118 0.448869 0.763300 0.450550 0.765274 0.454032 0.765182 0.458078 0.763299 0.461466 0.758471 0.463127 0.753355 0.461822 0.751961 0.459142 0.751947 0.454571 0.753373 0.450994 0.756409 0.448660
0 0.789188 0.446187 0.792370 0.447868 0.794344 0.451350 0.794253 0.455396 0.792370 0.458784 0.787541 0.460444 0.782426 0.459140 0.781031 0.456459 0.781017 0.451888 0.782443 0.448311 0.785479 0.445977
0 0.754014 0.368594 0.757196 0.370275 0.759170 0.373756 0.759079 0.377802 0.757196 0.381190 0.752367 0.382850 0.747252 0.381546 0.745857 0.378866 0.745844 0.374295 0.747270 0.370718 0.750306 0.368384
0 0.781511 0.353449 0.784693 0.355130 0.786667 0.358612 0.786576 0.362658 0.784693 0.366046 0.779864 0.367706 0.774749 0.366402 0.773354 0.363722 0.773341 0.359151 0.774767 0.355574 0.777803 0.353239
0 0.761713 0.327724 0.764896 0.329405 0.766870 0.332886 0.766778 0.336932 0.764896 0.340320 0.760067 0.341980 0.754952 0.340676 0.753557 0.337996 0.753543 0.333425 0.754969 0.329848 0.758005 0.327514
0 0.745641 0.331137 0.748824 0.332818 0.750798 0.336300 0.750706 0.340346 0.748824 0.343734 0.743994 0.345394 0.738880 0.344090 0.737484 0.341410 0.737471 0.336838 0.738897 0.333262 0.741933 0.330928
0 0.705585 0.266255 0.708768 0.267935 0.710742 0.271417 0.710650 0.275463 0.708767 0.278851 0.703939 0.280511 0.698823 0.279207 0.697428 0.276527 0.697415 0.271956 0.698841 0.268379 0.701877 0.266045
0 0.670493 0.242776 0.673676 0.244457 0.675650 0.247939 0.675558 0.251984 0.673676 0.255373 0.668847 0.257033 0.663732 0.255729 0.662336 0.253048 0.662323 0.248477 0.663749 0.244900 0.666785 0.242566
0 0.610562 0.301612 0.613745 0.303293 0.615718 0.306775 0.615627 0.310820 0.613744 0.314209 0.608915 0.315869 0.603800 0.314565 0.602405 0.311884 0.602392 0.307312 0.603817 0.303736 0.606854 0.301402
0 0.750036 0.244982 0.753218 0.246663 0.755192 0.250145 0.755100 0.254190 0.753218 0.257579 0.748389 0.259239 0.743274 0.257935 0.741879 0.255254 0.741865 0.250683 0.743291 0.247106 0.746327 0.244772
0 0.859412 0.376781 0.862594 0.378461 0.864568 0.381943 0.864476 0.385989 0.862594 0.389377 0.857765 0.391037 0.852650 0.389733 0.851255 0.387053 0.851242 0.382482 0.852667 0.378905 0.855703 0.376571
0 0.907180 0.350338 0.910363 0.352019 0.912336 0.355502 0.912245 0.359548 0.910362 0.362936 0.905534 0.364596 0.900418 0.363291 0.899023 0.360611 0.899010 0.356040 0.900435 0.352463 0.903472 0.350129
0 0.935630 0.396851 0.938812 0.398531 0.940785 0.402013 0.940694 0.406059 0.938811 0.409447 0.933983 0.411107 0.928867 0.409803 0.927473 0.407123 0.927459 0.402551 0.928884 0.398975 0.931921 0.396641
0 0.963499 0.421574 0.966681 0.423255 0.968655 0.426737 0.968563 0.430783 0.966681 0.434171 0.961852 0.435831 0.956737 0.434527 0.955342 0.431846 0.955328 0.427275 0.956754 0.423699 0.959790 0.421365
0 0.971426 0.405075 0.974609 0.406756 0.976583 0.410238 0.976491 0.414284 0.974609 0.417672 0.969779 0.419332 0.964665 0.418028 0.963269 0.415348 0.963256 0.410776 0.964682 0.407200 0.967718 0.404865
0 0.943851 0.413782 0.947033 0.415463 0.949007 0.418945 0.948915 0.422990 0.947033 0.426379 0.942204 0.428039 0.937089 0.426735 0.935694 0.424054 0.935681 0.419483 0.937106 0.415906 0.940142 0.413572
0 0.921577 0.436421 0.924760 0.438102 0.926734 0.441584 0.926642 0.445630 0.924760 0.449018 0.919930 0.450678 0.914816 0.449374 0.913420 0.446694 0.913407 0.442122 0.914833 0.438546 0.917869 0.436211
0 0.978272 0.441914 0.981454 0.443595 0.983428 0.447077 0.983336 0.451123 0.981454 0.454511 0.976625 0.456171 0.971510 0.454867 0.970115 0.452187 0.970101 0.447615 0.971527 0.444039 0.974563 0.441705
0 0.902338 0.387589 0.905520 0.389270 0.907494 0.392752 0.907402 0.396798 0.905520 0.400186 0.900691 0.401846 0.895575 0.400542 0.894181 0.397861 0.894167 0.393290 0.895593 0.389713 0.898629 0.387379
0 0.964093 0.309920 0.967275 0.311601 0.969249 0.315083 0.969157 0.319129 0.967275 0.322517 0.962446 0.324177 0.957330 0.322873 0.955936 0.320193 0.955922 0.315622 0.957348 0.312045 0.960384 0.309710
0 0.980502 0.309145 0.983685 0.310826 0.985658 0.314308 0.985567 0.318354 0.983685 0.321742 0.978856 0.323402 0.973740 0.322098 0.972346 0.319417 0.972332 0.314846 0.973758 0.311269 0.976794 0.308936
0 0.998397 0.298263 0.998397 0.299944 0.998397 0.303426 0.998397 0.307472 0.998397 0.310860 0.998397 0.312520 0.997462 0.311216 0.996067 0.308535 0.996054 0.303964 0.997480 0.300388 0.998397 0.298053
0 0.870288 0.325177 0.873470 0.326858 0.875444 0.330340 0.875353 0.334386 0.873470 0.337774 0.868641 0.339434 0.863526 0.338130 0.862131 0.335449 0.862117 0.330878 0.863543 0.327301 0.866579 0.324968
0 0.897037 0.268051 0.900219 0.269732 0.902193 0.273214 0.902102 0.277259 0.900219 0.280648 0.895390 0.282308 0.890275 0.281004 0.888880 0.278323 0.888867 0.273752 0.890292 0.270175 0.893329 0.267842
0 0.880430 0.259075 0.883613 0.260756 0.885587 0.264237 0.885495 0.268283 0.883612 0.271671 0.878784 0.273331 0.873668 0.272027 0.872273 0.269347 0.872260 0.264775 0.873686 0.261199 0.876722 0.258865
0 0.885678 0.429597 0.888860 0.431277 0.890834 0.434759 0.890743 0.438805 0.888860 0.442193 0.884031 0.443853 0.878916 0.442549 0.877521 0.439869 0.877508 0.435298 0.878933 0.431721 0.881969 0.429387
0 0.983574 0.498488 0.986756 0.500169 0.988730 0.503651 0.988638 0.507697 0.986756 0.511085 0.981927 0.512745 0.976812 0.511441 0.975417 0.508761 0.975404 0.504189 0.976829 0.500613 0.979865 0.498278
0 0.933119 0.513440 0.936301 0.515121 0.938275 0.518603 0.938183 0.522649 0.936301 0.526037 0.931472 0.527697 0.926357 0.526393 0.924962 0.523713 0.924949 0.519141 0.926374 0.515565 0.929410 0.513231
0 0.873819 0.532999 0.877001 0.534681 0.878975 0.538162 0.878883 0.542208 0.877000 0.545596 0.872172 0.547256 0.867056 0.545952 0.865661 0.543272 0.865648 0.538700 0.867074 0.535124 0.870110 0.532790
0 0.954984 0.519309 0.958166 0.520990 0.960140 0.524471 0.960049 0.528517 0.958166 0.531905 0.953337 0.533566 0.948222 0.532261 0.946827 0.529581 0.946814 0.525010 0.948239 0.521433 0.951276 0.519099
0 0.993147 0.478283 0.996330 0.479964 0.998303 0.483446 0.998212 0.487492 0.996330 0.490880 0.991500 0.492540 0.986385 0.491236 0.984990 0.488555 0.984977 0.483984 0.986403 0.480407 0.989439 0.478074
0 0.823445 0.524127 0.826627 0.525808 0.828601 0.529289 0.828510 0.533335 0.826627 0.536723 0.821798 0.538383 0.816683 0.537079 0.815288 0.534399 0.815274 0.529827 0.816700 0.526251 0.819736 0.523917
0 0.782071 0.587657 0.785254 0.589338 0.787227 0.592821 0.787136 0.596866 0.785253 0.600254 0.780425 0.601914 0.775309 0.600610 0.773915 0.597930 0.773901 0.593358 0.775326 0.589782 0.778363 0.587448
0 0.746948 0.616650 0.750131 0.618331 0.752105 0.621813 0.752013 0.625859 0.750130 0.629247 0.745302 0.630907 0.740186 0.629603 0.738791 0.626923 0.738778 0.622351 0.740204 0.618775 0.743240 0.616440
0 0.696271 0.619451 0.699454 0.621131 0.701427 0.624613 0.701336 0.628659 0.699453 0.632047 0.694624 0.633707 0.689509 0.632403 0.688114 0.629723 0.688101 0.625151 0.689526 0.621575 0.692563 0.619241
0 0.904522 0.634695 0.907704 0.636375 0.909678 0.639857 0.909586 0.643903 0.907704 0.647291 0.902875 0.648951 0.897760 0.647647 0.896365 0.644967 0.896351 0.640395 0.897777 0.636819 0.900813 0.634485
0 0.897788 0.584616 0.900971 0.586297 0.902944 0.589779 0.902853 0.593825 0.900970 0.597213 0.896141 0.598873 0.891026 0.597569 0.889631 0.594889 0.889618 0.590318 0.891043 0.586741 0.894080 0.584406
0 0.975566 0.637825 0.978749 0.639506 0.980722 0.642988 0.980631 0.647034 0.978749 0.650422 0.973920 0.652082 0.968805 0.650778 0.967409 0.648097 0.967396 0.643526 0.968822 0.639949 0.971858 0.637615
0 0.946809 0.695334 0.949991 0.697015 0.951966 0.700497 0.951874 0.704543 0.949991 0.707931 0.945162 0.709592 0.940047 0.708287 0.938652 0.705607 0.938639 0.701036 0.940065 0.697459 0.943101 0.695125
0 0.767086 0.708529 0.770268 0.710209 0.772242 0.713692 0.772150 0.717737 0.770268 0.721125 0.765439 0.722786 0.760323 0.721481 0.758929 0.718801 0.758915 0.714230 0.760341 0.710653 0.763377 0.708319
0 0.825942 0.686627 0.829124 0.688308 0.831098 0.691790 0.831007 0.695835 0.829124 0.699224 0.824295 0.700884 0.819180 0.699580 0.817785 0.696899 0.817771 0.692328 0.819197 0.688751 0.822233 0.686417
0 0.811045 0.674331 0.814227 0.676012 0.816201 0.679494 0.816109 0.683540 0.814227 0.686928 0.809398 0.688588 0.804283 0.687283 0.802887 0.684604 0.802875 0.680032 0.804300 0.676456 0.807336 0.674121
0 0.974184 0.710537 0.977367 0.712218 0.979340 0.715700 0.979249 0.719745 0.977367 0.723134 0.972537 0.724794 0.967422 0.723490 0.966027 0.720809 0.966013 0.716238 0.967439 0.712661 0.970476 0.710327
0 0.958172 0.721317 0.961354 0.722998 0.963328 0.726480 0.963237 0.730526 0.961354 0.733914 0.956525 0.735574 0.951410 0.734270 0.950015 0.731590 0.950002 0.727018 0.951428 0.723442 0.954464 0.721107
0 0.860172 0.731727 0.863355 0.733409 0.865328 0.736890 0.865237 0.740936 0.863354 0.744324 0.858526 0.745984 0.853410 0.744680 0.852015 0.742000 0.852002 0.737428 0.853427 0.733852 0.856463 0.731518
0 0.824881 0.770114 0.828063 0.771795 0.830038 0.775277 0.829946 0.779323 0.828063 0.782711 0.823234 0.784371 0.818119 0.783067 0.816724 0.780387 0.816711 0.775816 0.818137 0.772239 0.821173 0.769905
0 0.781810 0.771063 0.784992 0.772743 0.786966 0.776225 0.786875 0.780271 0.784992 0.783659 0.780163 0.785319 0.775048 0.784015 0.773653 0.781335 0.773640 0.776763 0.775065 0.773187 0.778102 0.770853
0 0.821261 0.789046 0.824443 0.790727 0.826417 0.794209 0.826326 0.798255 0.824443 0.801643 0.819614 0.803303 0.814499 0.801999 0.813104 0.799318 0.813091 0.794747 0.814517 0.791170 0.817553 0.788837
0 0.945990 0.766849 0.949172 0.768530 0.951146 0.772013 0.951054 0.776058 0.949172 0.779447 0.944379 0.780587 0.939227 0.779802 0.937833 0.777122 0.937819 0.772550 0.939245 0.768974 0.942281 0.766640
0 0.727959 0.761956 0.731141 0.763637 0.733115 0.767119 0.733023 0.771165 0.731141 0.774553 0.726348 0.775694 0.721197 0.774909 0.719802 0.772229 0.719788 0.767657 0.721214 0.764081 0.724250 0.761747
0 0.693780 0.690202 0.696962 0.691883 0.698936 0.695365 0.698845 0.699410 0.696962 0.702799 0.692169 0.703939 0.687018 0.703155 0.685623 0.700474 0.685609 0.695903 0.687035 0.692326 0.690072 0.689992
0 0.668106 0.673301 0.671288 0.674982 0.673262 0.678464 0.673170 0.682510 0.671288 0.685898 0.666495 0.687038 0.661343 0.686254 0.659949 0.683573 0.659935 0.679002 0.661361 0.675426 0.664397 0.673091
0 0.670467 0.697412 0.673650 0.699093 0.675624 0.702575 0.675532 0.706621 0.673650 0.710009 0.668857 0.711150 0.663706 0.710365 0.662311 0.707685 0.662297 0.703113 0.663723 0.699537 0.666759 0.697203
0 0.823563 0.711458 0.826745 0.713139 0.828719 0.716621 0.828628 0.720667 0.826745 0.724055 0.821952 0.725195 0.816801 0.724411 0.815406 0.721730 0.815392 0.717159 0.816818 0.713582 0.819855 0.711248
0 0.626652 0.697656 0.629834 0.699337 0.631809 0.702819 0.631717 0.706865 0.629834 0.710253 0.625041 0.711394 0.619890 0.710609 0.618495 0.707929 0.618482 0.703357 0.619908 0.699781 0.622944 0.697447
0 0.631287 0.671518 0.634469 0.673199 0.636443 0.676681 0.636351 0.680727 0.634469 0.684115 0.629676 0.685256 0.624525 0.684471 0.623130 0.681791 0.623117 0.677219 0.624542 0.673643 0.627578 0.671308
0 0.646662 0.664453 0.649844 0.666134 0.651818 0.669617 0.651726 0.673662 0.649844 0.677051 0.645051 0.678191 0.639900 0.677406 0.638505 0.674726 0.638492 0.670155 0.639917 0.666578 0.642953 0.664244
0 0.650474 0.716401 0.653657 0.718082 0.655630 0.721564 0.655539 0.725609 0.653656 0.728998 0.648864 0.730138 0.643712 0.729353 0.642317 0.726673 0.642304 0.722101 0.643729 0.718525 0.646766 0.716191
0 0.615352 0.644339 0.618534 0.646020 0.620508 0.649502 0.620416 0.653548 0.618534 0.656937 0.613741 0.658077 0.608589 0.657292 0.607195 0.654612 0.607181 0.650041 0.608607 0.646464 0.611643 0.644130
0 0.919183 0.764256 0.922366 0.765937 0.924340 0.769419 0.924248 0.773465 0.922365 0.776853 0.917573 0.777993 0.912421 0.777208 0.911026 0.774528 0.911013 0.769957 0.912439 0.766381 0.915475 0.764046
0 0.578766 0.663101 0.581948 0.664782 0.583922 0.668264 0.583831 0.672310 0.581948 0.675698 0.577155 0.676839 0.572004 0.676054 0.570609 0.673374 0.570595 0.668803 0.572021 0.665226 0.575058 0.662891
0 0.545912 0.687186 0.549095 0.688867 0.551069 0.692349 0.550977 0.696395 0.549095 0.699783 0.544302 0.700924 0.539150 0.700139 0.537756 0.697459 0.537742 0.692888 0.539168 0.689311 0.542204 0.686977
0 0.535019 0.655391 0.538201 0.657072 0.540175 0.660554 0.540083 0.664600 0.538201 0.667988 0.533408 0.669128 0.528257 0.668344 0.526861 0.665663 0.526848 0.661092 0.528274 0.657516 0.531310 0.655181
0 0.579535 0.638526 0.582718 0.640207 0.584692 0.643689 0.584600 0.647735 0.582718 0.651123 0.577925 0.652264 0.572774 0.651479 0.571379 0.648799 0.571365 0.644227 0.572791 0.640651 0.575827 0.638316
0 0.653802 0.568249 0.656984 0.569930 0.658958 0.573412 0.658866 0.577458 0.656983 0.580846 0.652191 0.581987 0.647039 0.581202 0.645644 0.578522 0.645631 0.573950 0.647057 0.570374 0.650093 0.568040
0 0.418321 0.627266 0.421503 0.628947 0.423477 0.632429 0.423385 0.636475 0.421503 0.639863 0.416710 0.641003 0.411559 0.640219 0.410164 0.637538 0.410150 0.632967 0.411576 0.629391 0.414612 0.627057
0 0.610726 0.756422 0.613908 0.758103 0.615882 0.761586 0.615790 0.765631 0.613908 0.769020 0.609115 0.770160 0.603963 0.769375 0.602569 0.766695 0.602555 0.762124 0.603981 0.758547 0.607017 0.756213
0 0.434006 0.740160 0.437188 0.741841 0.439162 0.745322 0.439071 0.749368 0.437188 0.752756 0.432395 0.753897 0.427244 0.753112 0.425849 0.750432 0.425835 0.745861 0.427261 0.742284 0.430298 0.739950
0 0.472559 0.670063 0.475742 0.671744 0.477715 0.675226 0.477624 0.679273 0.475742 0.682661 0.470948 0.683801 0.465797 0.683016 0.464402 0.680336 0.464389 0.675765 0.465815 0.672188 0.468851 0.669854
0 0.386529 0.650432 0.389712 0.652112 0.391685 0.655594 0.391594 0.659641 0.389711 0.663029 0.384918 0.664169 0.379767 0.663384 0.378372 0.660704 0.378358 0.656133 0.379784 0.652556 0.382820 0.650222
0 0.427981 0.643001 0.431163 0.644682 0.433137 0.648165 0.433045 0.652210 0.431163 0.655598 0.426370 0.656739 0.421219 0.655954 0.419824 0.653274 0.419810 0.648703 0.421236 0.645126 0.424272 0.642792
0 0.424405 0.610025 0.427587 0.611706 0.429561 0.615188 0.429470 0.619233 0.427587 0.622621 0.422794 0.623762 0.417643 0.622977 0.416248 0.620297 0.416235 0.615725 0.417661 0.612149 0.420697 0.609815
0 0.492323 0.568732 0.495505 0.570413 0.497479 0.573895 0.497387 0.577941 0.495505 0.581329 0.490712 0.582469 0.485561 0.581685 0.484166 0.579005 0.484152 0.574433 0.485578 0.570857 0.488614 0.568522
0 0.388380 0.675444 0.391562 0.677124 0.393536 0.680606 0.393445 0.684653 0.391562 0.688040 0.386769 0.689181 0.381618 0.688396 0.380223 0.685716 0.380209 0.681145 0.381635 0.677568 0.384671 0.675234
0 0.612558 0.565139 0.615741 0.566820 0.617714 0.570301 0.617623 0.574347 0.615740 0.577735 0.610948 0.578876 0.605796 0.578091 0.604401 0.575411 0.604388 0.570839 0.605813 0.567263 0.608850 0.564929
0 0.366444 0.708073 0.369626 0.709754 0.371600 0.713236 0.371509 0.717282 0.369626 0.720670 0.364833 0.721811 0.359682 0.721026 0.358287 0.718346 0.358273 0.713774 0.359699 0.710198 0.362735 0.707864
0 0.349490 0.711553 0.352672 0.713234 0.354646 0.716716 0.354554 0.720762 0.352672 0.724150 0.347879 0.725290 0.342728 0.724506 0.341333 0.721825 0.341319 0.717254 0.342745 0.713677 0.345781 0.711343
0 0.379921 0.744843 0.383104 0.746523 0.385077 0.750005 0.384986 0.754051 0.383104 0.757439 0.378310 0.758580 0.373159 0.757795 0.371764 0.755115 0.371751 0.750543 0.373177 0.746967 0.376213 0.744633
0 0.387376 0.730235 0.390559 0.731916 0.392532 0.735398 0.392440 0.739444 0.390558 0.742832 0.385765 0.743973 0.380614 0.743188 0.379219 0.740508 0.379205 0.735936 0.380631 0.732360 0.383667 0.730025
0 0.404254 0.760700 0.407436 0.762381 0.409410 0.765863 0.409318 0.769909 0.407436 0.773297 0.402643 0.774438 0.397492 0.773653 0.396097 0.770973 0.396083 0.766401 0.397509 0.762825 0.400545 0.760491
0 0.442461 0.758320 0.445644 0.760001 0.447617 0.763483 0.447526 0.767529 0.445643 0.770917 0.440887 0.771538 0.435706 0.771179 0.434304 0.768592 0.434291 0.764021 0.435716 0.760445 0.438753 0.758111
0 0.338282 0.669831 0.341464 0.671512 0.343438 0.674994 0.343346 0.679040 0.341464 0.682428 0.336707 0.683049 0.331527 0.682690 0.330125 0.680104 0.330112 0.675532 0.331537 0.671956 0.334573 0.669621
0 0.322898 0.615778 0.326081 0.617459 0.328055 0.620941 0.327963 0.624986 0.326081 0.628375 0.321324 0.628996 0.316143 0.628637 0.314742 0.626050 0.314728 0.621478 0.316154 0.617902 0.319190 0.615568
0 0.337813 0.695505 0.340996 0.697186 0.342970 0.700668 0.342878 0.704714 0.340996 0.708102 0.335959 0.709693 0.331058 0.708364 0.329656 0.705778 0.329643 0.701206 0.331069 0.697630 0.334105 0.695296
0 0.300373 0.717354 0.303556 0.719035 0.305530 0.722517 0.305438 0.726563 0.303556 0.729951 0.298519 0.731542 0.293618 0.730214 0.292216 0.727627 0.292203 0.723056 0.293629 0.719479 0.296665 0.717145
0 0.282765 0.711791 0.285948 0.713472 0.287922 0.716954 0.287830 0.721000 0.285948 0.724388 0.280911 0.725978 0.276010 0.724650 0.274609 0.722064 0.274595 0.717492 0.276021 0.713916 0.279057 0.711582
0 0.267425 0.643939 0.270607 0.645620 0.272581 0.649102 0.272489 0.653147 0.270607 0.656536 0.265571 0.658126 0.260669 0.656798 0.259268 0.654211 0.259254 0.649640 0.260680 0.646063 0.263716 0.643730
0 0.308601 0.639142 0.311784 0.640823 0.313757 0.644305 0.313666 0.648351 0.311784 0.651739 0.306747 0.653329 0.301846 0.652001 0.300444 0.649414 0.300431 0.644843 0.301857 0.641267 0.304893 0.638933
0 0.271893 0.627695 0.275076 0.629376 0.277049 0.632858 0.276958 0.636904 0.275076 0.640292 0.270039 0.641883 0.265138 0.640555 0.263736 0.637968 0.263723 0.633396 0.265149 0.629820 0.268185 0.627486
0 0.203814 0.714903 0.206996 0.716584 0.208970 0.720066 0.208878 0.724111 0.206996 0.727500 0.201960 0.729090 0.197058 0.727762 0.195657 0.725175 0.195644 0.720604 0.197069 0.717027 0.200105 0.714693
0 0.241537 0.700901 0.244719 0.702582 0.246694 0.706064 0.246602 0.710110 0.244720 0.713498 0.239683 0.715089 0.234782 0.713760 0.233380 0.711174 0.233367 0.706602 0.234793 0.703026 0.237829 0.700691
0 0.087404 0.672202 0.090587 0.673883 0.092561 0.677365 0.092469 0.681411 0.090587 0.684799 0.085550 0.686390 0.080649 0.685061 0.079248 0.682475 0.079234 0.677903 0.080660 0.674327 0.083696 0.671993
0 0.088334 0.635205 0.091517 0.636886 0.093490 0.640368 0.093399 0.644414 0.091517 0.647802 0.086480 0.649392 0.081579 0.648064 0.080177 0.645477 0.080164 0.640906 0.081590 0.637330 0.084626 0.634995
0 0.048840 0.668552 0.052022 0.670232 0.053996 0.673714 0.053905 0.677760 0.052022 0.681148 0.046986 0.682739 0.042084 0.681411 0.040683 0.678824 0.040669 0.674253 0.042095 0.670676 0.045132 0.668342
0 0.048933 0.714076 0.052116 0.715757 0.054089 0.719239 0.053998 0.723286 0.052116 0.726673 0.047080 0.728264 0.042178 0.726936 0.040777 0.724349 0.040763 0.719778 0.042189 0.716201 0.045225 0.713867
0 0.010767 0.619162 0.013949 0.620843 0.015923 0.624325 0.015831 0.628371 0.013949 0.631759 0.008913 0.633350 0.004012 0.632021 0.002610 0.629435 0.002596 0.624863 0.004022 0.621287 0.007058 0.618953
0 0.000000 0.731835 0.000000 0.733516 0.001614 0.736998 0.001523 0.741044 0.000000 0.744432 0.000000 0.746023 0.000000 0.744694 0.000000 0.742108 0.000000 0.737536 0.000000 0.733960 0.000000 0.731626
0 0.061188 0.621190 0.064370 0.622871 0.066344 0.626353 0.066252 0.630399 0.064370 0.633787 0.059345 0.635217 0.054432 0.634049 0.053031 0.631462 0.053018 0.626891 0.054443 0.623315 0.057479 0.620981
0 0.035488 0.566620 0.038671 0.568301 0.040644 0.571783 0.040553 0.575829 0.038671 0.579217 0.033645 0.580648 0.028733 0.579479 0.027331 0.576892 0.027318 0.572321 0.028744 0.568744 0.031780 0.566410
0 0.091851 0.521977 0.095034 0.523658 0.097007 0.527141 0.096916 0.531187 0.095034 0.534575 0.090009 0.536005 0.085096 0.534837 0.083695 0.532250 0.083681 0.527679 0.085107 0.524102 0.088143 0.521768
0 0.154224 0.606419 0.157406 0.608100 0.159380 0.611582 0.159289 0.615628 0.157406 0.619016 0.152381 0.620446 0.147468 0.619278 0.146067 0.616692 0.146054 0.612120 0.147479 0.608544 0.150516 0.606209
0 0.004191 0.510524 0.007373 0.512205 0.009347 0.515687 0.009255 0.519733 0.007373 0.523121 0.002348 0.524552 0.000000 0.523383 0.000000 0.520796 0.000000 0.516225 0.000000 0.512648 0.000482 0.510315
0 0.022839 0.554030 0.026021 0.555711 0.027995 0.559193 0.027904 0.563239 0.026021 0.566627 0.020996 0.568058 0.016083 0.566890 0.014873 0.564316 0.015188 0.559767 0.016094 0.556155 0.019131 0.553821
0 0.006816 0.577834 0.009999 0.579515 0.011972 0.582997 0.011881 0.587043 0.009999 0.590431 0.004973 0.591862 0.000061 0.590693 0.000000 0.588119 0.000000 0.583571 0.000072 0.579958 0.003108 0.577624
0 0.028132 0.500879 0.031314 0.502560 0.033288 0.506042 0.033196 0.510088 0.031314 0.513476 0.026289 0.514907 0.021376 0.513739 0.020166 0.511165 0.020481 0.506616 0.021387 0.503004 0.024423 0.500670
0 0.226613 0.653099 0.229796 0.654781 0.231769 0.658262 0.231677 0.662308 0.229795 0.665696 0.224770 0.667127 0.219858 0.665958 0.218648 0.663385 0.218962 0.658836 0.219868 0.655224 0.222904 0.652890
0 0.398302 0.662843 0.401485 0.664524 0.403458 0.668006 0.403367 0.672051 0.401484 0.675439 0.396459 0.676870 0.391547 0.675702 0.390336 0.673129 0.390651 0.668580 0.391557 0.664967 0.394594 0.662633
0 0.487725 0.524696 0.490907 0.526377 0.492882 0.529860 0.492790 0.533905 0.490907 0.537293 0.485882 0.538724 0.480970 0.537555 0.479759 0.534982 0.480074 0.530433 0.480981 0.526821 0.484017 0.524487
0 0.527235 0.509878 0.530418 0.511559 0.532391 0.515041 0.532300 0.519087 0.530911 0.521622 0.523163 0.520649 0.520340 0.518813 0.519724 0.514672 0.520638 0.511730 0.523527 0.509668
0 0.360236 0.507969 0.363419 0.509650 0.365392 0.513132 0.365301 0.517178 0.363418 0.520566 0.358393 0.521997 0.353481 0.520828 0.352271 0.518254 0.352586 0.513706 0.353491 0.510093 0.356528 0.507759
0 0.323966 0.472014 0.327148 0.473695 0.329122 0.477178 0.329031 0.481223 0.327148 0.484611 0.322123 0.486042 0.317211 0.484873 0.316000 0.482300 0.316315 0.477751 0.317221 0.474139 0.320257 0.471805
0 0.267150 0.410820 0.271214 0.412423 0.273771 0.416706 0.273937 0.421345 0.271794 0.425162 0.268142 0.427271 0.262618 0.427326 0.258414 0.424510 0.256508 0.421089 0.256834 0.416266 0.259516 0.412207 0.262917 0.410631
0 0.247599 0.367126 0.251664 0.368730 0.254220 0.373012 0.254386 0.377651 0.252243 0.381469 0.248591 0.383578 0.243068 0.383632 0.238863 0.380816 0.236958 0.377396 0.237283 0.372572 0.239965 0.368513 0.243367 0.366938
0 0.229067 0.333745 0.233133 0.335348 0.235689 0.339630 0.235855 0.344270 0.233712 0.348087 0.230060 0.350197 0.224537 0.350251 0.220332 0.347435 0.218427 0.344014 0.218752 0.339191 0.221434 0.335132 0.224836 0.333556
0 0.344029 0.425251 0.348094 0.426854 0.350651 0.431137 0.350817 0.435776 0.348674 0.439594 0.345022 0.441703 0.339498 0.441757 0.335294 0.438941 0.333388 0.435520 0.333714 0.430697 0.336396 0.426638 0.339797 0.425063
0 0.195404 0.411381 0.199468 0.412985 0.202025 0.417267 0.202191 0.421906 0.200048 0.425724 0.196396 0.427833 0.190873 0.427888 0.186668 0.425071 0.184763 0.421650 0.185088 0.416827 0.187770 0.412769 0.191172 0.411193
0 0.188467 0.444976 0.192531 0.446580 0.195089 0.450862 0.195255 0.455501 0.193111 0.459319 0.189460 0.461428 0.183936 0.461483 0.179731 0.458666 0.177826 0.455245 0.178152 0.450422 0.180834 0.446363 0.184235 0.444788
0 0.167567 0.454917 0.171632 0.456520 0.174189 0.460802 0.174355 0.465441 0.172211 0.469259 0.168560 0.471368 0.163036 0.471422 0.158831 0.468606 0.156926 0.465185 0.157252 0.460362 0.159934 0.456303 0.163335 0.454728
0 0.165563 0.485544 0.169628 0.487147 0.172185 0.491430 0.172351 0.496069 0.170208 0.499887 0.166556 0.501996 0.161032 0.502050 0.156828 0.499234 0.154922 0.495813 0.155248 0.490990 0.157930 0.486931 0.161331 0.485356
0 0.125304 0.426867 0.129368 0.428471 0.131925 0.432753 0.132092 0.437392 0.129948 0.441210 0.126296 0.443319 0.120773 0.443374 0.116568 0.440557 0.114662 0.437136 0.114988 0.432313 0.117670 0.428254 0.121072 0.426679
0 0.132585 0.371166 0.136650 0.372770 0.139207 0.377052 0.139373 0.381691 0.137230 0.385509 0.133578 0.387618 0.128054 0.387673 0.123849 0.384856 0.121944 0.381435 0.122270 0.376612 0.124952 0.372553 0.128353 0.370978
0 0.095578 0.390705 0.099643 0.392308 0.102199 0.396591 0.102366 0.401230 0.100222 0.405048 0.096571 0.407157 0.091047 0.407211 0.086842 0.404395 0.084937 0.400975 0.085263 0.396151 0.087945 0.392092 0.091346 0.390517
0 0.053596 0.409270 0.057660 0.410873 0.060217 0.415155 0.060384 0.419794 0.058240 0.423612 0.054588 0.425721 0.049065 0.425776 0.044860 0.422959 0.042954 0.419539 0.043280 0.414715 0.045962 0.410657 0.049364 0.409081
0 0.041883 0.425360 0.045947 0.426964 0.048504 0.431246 0.048670 0.435885 0.046527 0.439702 0.042875 0.441812 0.037352 0.441866 0.033147 0.439050 0.031241 0.435629 0.031567 0.430806 0.034249 0.426747 0.037651 0.425171
0 0.038119 0.378978 0.042184 0.380582 0.044740 0.384864 0.044906 0.389503 0.042763 0.393321 0.039112 0.395430 0.033587 0.395485 0.029383 0.392668 0.027478 0.389247 0.027804 0.384424 0.030485 0.380365 0.033886 0.378790
0 0.018689 0.390438 0.022754 0.392042 0.025311 0.396324 0.025477 0.400963 0.023334 0.404781 0.019682 0.406890 0.014158 0.406944 0.009954 0.404128 0.008048 0.400707 0.008374 0.395884 0.011056 0.391825 0.014457 0.390250
0 0.032263 0.459485 0.036327 0.461089 0.038885 0.465371 0.039051 0.470010 0.036907 0.473828 0.033256 0.475937 0.027732 0.475992 0.023527 0.473175 0.021622 0.469754 0.021947 0.464931 0.024629 0.460872 0.028031 0.459297
0 0.152615 0.445802 0.156680 0.447405 0.159237 0.451687 0.159403 0.456327 0.157260 0.460144 0.153608 0.462254 0.148084 0.462308 0.143880 0.459492 0.141974 0.456071 0.142300 0.451248 0.144982 0.447188 0.148383 0.445613
0 0.070330 0.477489 0.074394 0.479092 0.076951 0.483375 0.077117 0.488014 0.074974 0.491832 0.071322 0.493941 0.065798 0.493995 0.061594 0.491179 0.059688 0.487758 0.060014 0.482935 0.062696 0.478876 0.066097 0.477300
0 0.158018 0.396158 0.162083 0.397762 0.164640 0.402044 0.164806 0.406683 0.162662 0.410501 0.159011 0.412610 0.153487 0.412664 0.149283 0.409848 0.147377 0.406427 0.147703 0.401604 0.150385 0.397545 0.153786 0.395970
0 0.159821 0.319438 0.163886 0.321042 0.166443 0.325324 0.166609 0.329963 0.164465 0.333780 0.160814 0.335890 0.155290 0.335944 0.151086 0.333128 0.149180 0.329707 0.149506 0.324884 0.152188 0.320825 0.155589 0.319249
0 0.052422 0.258634 0.056487 0.260238 0.059043 0.264520 0.059209 0.269159 0.057066 0.272977 0.053415 0.275086 0.047891 0.275141 0.043686 0.272324 0.041781 0.268903 0.042107 0.264080 0.044788 0.260022 0.048189 0.258446
0 0.132680 0.200423 0.136744 0.202026 0.139301 0.206309 0.139467 0.210947 0.137324 0.214765 0.133672 0.216874 0.128149 0.216929 0.123944 0.214112 0.122038 0.210691 0.122364 0.205869 0.125046 0.201810 0.128448 0.200234
0 0.303923 0.246037 0.307988 0.247641 0.310545 0.251923 0.310711 0.256562 0.308567 0.260379 0.304916 0.262489 0.299392 0.262543 0.295188 0.259727 0.293282 0.256306 0.293608 0.251483 0.296290 0.247424 0.299691 0.245848
0 0.322096 0.212833 0.326161 0.214436 0.328717 0.218719 0.328884 0.223358 0.326740 0.227176 0.323089 0.229285 0.317565 0.229339 0.313361 0.226523 0.311455 0.223102 0.311781 0.218279 0.314463 0.214220 0.317864 0.212644
0 0.362475 0.350540 0.366540 0.352143 0.369097 0.356426 0.369263 0.361065 0.367120 0.364882 0.363468 0.366992 0.357944 0.367046 0.353739 0.364230 0.351834 0.360809 0.352160 0.355986 0.354842 0.351927 0.358243 0.350351
0 0.373345 0.240730 0.377410 0.242334 0.379966 0.246616 0.380132 0.251255 0.377989 0.255073 0.374338 0.257182 0.368814 0.257236 0.364609 0.254420 0.362704 0.250999 0.363030 0.246176 0.365712 0.242117 0.369113 0.240542
0 0.419183 0.258599 0.423248 0.260203 0.425805 0.264485 0.425971 0.269124 0.423827 0.272942 0.420176 0.275051 0.414652 0.275106 0.410448 0.272289 0.408542 0.268868 0.408868 0.264045 0.411550 0.259986 0.414951 0.258411
0 0.480928 0.404087 0.484992 0.405691 0.487549 0.409973 0.487715 0.414612 0.485572 0.418430 0.481920 0.420539 0.476397 0.420594 0.472192 0.417777 0.470286 0.414356 0.470612 0.409533 0.473294 0.405474 0.476696 0.403899
0 0.542961 0.324604 0.547025 0.326208 0.549582 0.330490 0.549748 0.335129 0.547605 0.338947 0.543953 0.341056 0.538429 0.341110 0.534225 0.338294 0.532319 0.334873 0.532645 0.330050 0.535327 0.325991 0.538728 0.324416
0 0.513999 0.330362 0.518063 0.331966 0.520620 0.336248 0.520786 0.340887 0.518643 0.344705 0.514991 0.346814 0.509467 0.346869 0.505263 0.344052 0.503357 0.340631 0.503683 0.335808 0.506365 0.331750 0.509766 0.330174
0 0.599822 0.312398 0.603886 0.314002 0.606444 0.318284 0.606609 0.322922 0.604466 0.326740 0.600815 0.328849 0.595291 0.328904 0.591086 0.326088 0.589181 0.322667 0.589506 0.317844 0.592188 0.313785 0.595590 0.312209
0 0.672456 0.291472 0.676520 0.293076 0.679078 0.297358 0.679244 0.301997 0.677100 0.305815 0.673449 0.307923 0.667925 0.307978 0.663720 0.305162 0.661815 0.301741 0.662141 0.296918 0.664823 0.292859 0.668224 0.291283
0 0.618034 0.378185 0.622099 0.379789 0.624656 0.384071 0.624822 0.388710 0.622679 0.392527 0.619027 0.394637 0.613503 0.394691 0.609299 0.391875 0.607393 0.388454 0.607719 0.383631 0.610401 0.379572 0.613802 0.377996
0 0.554440 0.403919 0.558505 0.405522 0.561061 0.409805 0.561228 0.414444 0.559084 0.418261 0.555432 0.420371 0.549909 0.420425 0.545704 0.417609 0.543799 0.414188 0.544124 0.409365 0.546806 0.405306 0.550208 0.403731
0 0.637718 0.292977 0.641783 0.294581 0.644339 0.298863 0.644505 0.303502 0.642362 0.307320 0.638711 0.309429 0.633187 0.309483 0.628982 0.306667 0.627077 0.303246 0.627403 0.298423 0.630084 0.294364 0.633485 0.292788
0 0.531935 0.452392 0.535999 0.453996 0.538556 0.458278 0.538722 0.462917 0.536579 0.466734 0.532928 0.468844 0.527403 0.468898 0.523199 0.466082 0.521293 0.462661 0.521619 0.457838 0.524301 0.453779 0.527702 0.452203
0 0.677454 0.423435 0.681519 0.425038 0.684076 0.429321 0.684242 0.433959 0.682098 0.437777 0.678447 0.439886 0.672923 0.439941 0.668719 0.437124 0.666813 0.433704 0.667139 0.428881 0.669821 0.424822 0.673222 0.423246
0 0.663582 0.445678 0.667647 0.447281 0.670203 0.451564 0.670370 0.456203 0.668226 0.460021 0.664575 0.462130 0.659051 0.462184 0.654846 0.459368 0.652941 0.455947 0.653267 0.451124 0.655949 0.447065 0.659350 0.445490
0 0.611674 0.493806 0.615738 0.495409 0.618296 0.499692 0.618462 0.504331 0.616318 0.508149 0.612667 0.510258 0.607143 0.510312 0.602938 0.507496 0.601033 0.504075 0.601359 0.499252 0.604041 0.495193 0.607442 0.493618
0 0.617029 0.529670 0.621094 0.531274 0.623650 0.535556 0.623817 0.540195 0.621673 0.544012 0.618022 0.546121 0.612498 0.546176 0.608294 0.543360 0.606388 0.539939 0.606714 0.535116 0.609396 0.531057 0.612797 0.529481
0 0.641541 0.536924 0.645606 0.538528 0.648163 0.542810 0.648329 0.547449 0.646185 0.551267 0.642534 0.553376 0.637010 0.553430 0.632806 0.550614 0.630900 0.547193 0.631226 0.542370 0.633907 0.538311 0.637309 0.536736
0 0.599641 0.552028 0.603705 0.553631 0.606262 0.557914 0.606428 0.562553 0.604285 0.566371 0.600634 0.568480 0.595109 0.568534 0.590905 0.565718 0.589000 0.562297 0.589326 0.557474 0.592008 0.553415 0.595408 0.551840
0 0.590431 0.570655 0.594496 0.572259 0.597052 0.576541 0.597219 0.581180 0.595075 0.584998 0.591424 0.587107 0.585900 0.587162 0.581695 0.584345 0.579790 0.580924 0.580116 0.576101 0.582798 0.572042 0.586199 0.570467
0 0.638018 0.558709 0.642083 0.560313 0.644640 0.564595 0.644806 0.569234 0.642662 0.573052 0.639011 0.575161 0.633487 0.575215 0.629283 0.572399 0.627377 0.568978 0.627703 0.564155 0.630385 0.560096 0.633786 0.558521
0 0.668578 0.581035 0.672643 0.582639 0.675200 0.586921 0.675366 0.591559 0.673222 0.595377 0.669571 0.597486 0.664047 0.597541 0.659843 0.594725 0.657937 0.591304 0.658263 0.586481 0.660945 0.582422 0.664346 0.580846
0 0.499530 0.595845 0.503595 0.597448 0.506152 0.601730 0.506318 0.606370 0.504175 0.610188 0.500523 0.612296 0.494999 0.612351 0.490794 0.609534 0.488889 0.606114 0.489215 0.601290 0.491897 0.597232 0.495298 0.595656
0 0.524454 0.493585 0.528519 0.495188 0.531076 0.499471 0.531242 0.504109 0.529098 0.507927 0.525447 0.510036 0.519923 0.510091 0.515719 0.507275 0.513813 0.503853 0.514139 0.499031 0.516821 0.494972 0.520222 0.493396
0 0.436720 0.472659 0.440785 0.474262 0.443342 0.478545 0.443508 0.483184 0.441365 0.487002 0.437713 0.489111 0.432189 0.489165 0.427985 0.486349 0.426079 0.482928 0.426405 0.478105 0.429087 0.474046 0.432488 0.472470
0 0.391799 0.476915 0.395863 0.478518 0.398420 0.482801 0.398586 0.487439 0.396443 0.491257 0.392792 0.493366 0.387267 0.493421 0.383063 0.490605 0.381157 0.487184 0.381483 0.482361 0.384165 0.478302 0.387566 0.476726
0 0.419298 0.439129 0.423362 0.440732 0.425919 0.445015 0.426086 0.449654 0.423942 0.453471 0.420291 0.455581 0.414767 0.455635 0.410562 0.452819 0.408657 0.449398 0.408983 0.444575 0.411665 0.440516 0.415066 0.438940
0 0.303441 0.517868 0.307506 0.519471 0.310063 0.523754 0.310229 0.528392 0.308085 0.532210 0.304434 0.534319 0.298910 0.534374 0.294705 0.531558 0.292800 0.528137 0.293125 0.523314 0.295808 0.519255 0.299209 0.517679
0 0.260396 0.557871 0.264460 0.559475 0.267017 0.563757 0.267183 0.568396 0.265040 0.572214 0.261388 0.574323 0.255865 0.574377 0.251660 0.571561 0.249754 0.568140 0.250080 0.563317 0.252762 0.559258 0.256164 0.557683
0 0.246467 0.507495 0.250532 0.509099 0.253089 0.513381 0.253255 0.518020 0.251111 0.521838 0.247460 0.523947 0.241936 0.524001 0.237732 0.521185 0.235826 0.517764 0.236152 0.512941 0.238834 0.508882 0.242235 0.507307
0 0.390804 0.392920 0.394869 0.394523 0.397426 0.398806 0.397592 0.403445 0.395448 0.407263 0.391797 0.409372 0.386273 0.409426 0.382069 0.406610 0.380163 0.403189 0.380489 0.398366 0.383171 0.394307 0.386572 0.392731
0 0.379002 0.482542 0.383066 0.484146 0.385623 0.488428 0.385789 0.493067 0.383646 0.496885 0.379995 0.498994 0.374470 0.499048 0.370266 0.496232 0.368361 0.492812 0.368687 0.487988 0.371369 0.483929 0.374769 0.482354
0 0.127733 0.536024 0.131797 0.537628 0.134354 0.541910 0.134520 0.546548 0.132377 0.550366 0.128725 0.552475 0.123201 0.552530 0.118997 0.549714 0.117092 0.546293 0.117417 0.541470 0.120099 0.537411 0.123500 0.535835
0 0.102762 0.536021 0.106826 0.537624 0.109383 0.541906 0.109549 0.546545 0.107406 0.550363 0.103754 0.552472 0.098231 0.552526 0.094026 0.549710 0.092120 0.546289 0.092446 0.541467 0.095128 0.537407 0.098530 0.535832
0 0.069383 0.551125 0.073448 0.552728 0.076004 0.557010 0.076170 0.561649 0.074027 0.565467 0.070376 0.567576 0.064852 0.567631 0.060648 0.564814 0.058742 0.561394 0.059068 0.556570 0.061750 0.552512 0.065151 0.550936
0 0.072104 0.520497 0.076169 0.522100 0.078725 0.526383 0.078891 0.531021 0.076748 0.534839 0.073097 0.536948 0.067573 0.537003 0.063369 0.534186 0.061463 0.530765 0.061789 0.525943 0.064471 0.521884 0.067872 0.520308
0 0.047856 0.529647 0.051920 0.531250 0.054477 0.535533 0.054643 0.540172 0.052500 0.543989 0.048848 0.546099 0.043325 0.546153 0.039120 0.543337 0.037214 0.539916 0.037540 0.535093 0.040222 0.531034 0.043624 0.529458
0 0.004941 0.530919 0.009006 0.532523 0.011563 0.536805 0.011729 0.541444 0.009585 0.545262 0.005934 0.547371 0.000410 0.547425 0.000000 0.544609 0.000000 0.541188 0.000000 0.536365 0.000000 0.532306 0.000709 0.530730
0 0.067164 0.590026 0.071229 0.591629 0.073786 0.595912 0.073952 0.600550 0.071809 0.604368 0.068157 0.606477 0.062633 0.606532 0.058429 0.603715 0.057035 0.600330 0.057368 0.595507 0.059531 0.591413 0.062932 0.589837
0 0.187022 0.607990 0.191086 0.609593 0.193643 0.613876 0.193809 0.618514 0.191666 0.622332 0.188014 0.624441 0.182490 0.624496 0.178286 0.621679 0.176892 0.618294 0.177226 0.613472 0.179388 0.609377 0.182789 0.607801
0 0.156538 0.586878 0.160602 0.588482 0.163159 0.592764 0.163325 0.597403 0.161182 0.601221 0.157530 0.603330 0.152006 0.603384 0.147802 0.600568 0.146408 0.597183 0.146742 0.592360 0.148904 0.588265 0.152305 0.586690
0 0.177851 0.570322 0.181916 0.571925 0.184472 0.576208 0.184639 0.580846 0.182495 0.584664 0.178844 0.586773 0.173320 0.586828 0.169116 0.584011 0.167722 0.580626 0.168055 0.575804 0.170218 0.571709 0.173619 0.570133
0 0.247813 0.447111 0.251877 0.448714 0.254434 0.452997 0.254600 0.457636 0.252457 0.461454 0.248806 0.463563 0.243282 0.463617 0.239077 0.460801 0.237683 0.457416 0.238017 0.452593 0.240179 0.448498 0.243581 0.446923
0 0.107286 0.578838 0.111350 0.580442 0.113907 0.584724 0.114073 0.589363 0.111930 0.593181 0.108278 0.595290 0.102754 0.595345 0.098550 0.592528 0.097156 0.589143 0.097490 0.584320 0.099652 0.580226 0.103054 0.578650
0 0.175582 0.706354 0.179647 0.707957 0.182204 0.712240 0.182370 0.716878 0.180226 0.720696 0.176575 0.722805 0.171051 0.722860 0.166847 0.720044 0.165453 0.716658 0.165787 0.711836 0.167949 0.707741 0.171350 0.706165
0 0.098011 0.718980 0.102076 0.720583 0.104632 0.724865 0.104798 0.729505 0.102655 0.733322 0.099004 0.735432 0.093480 0.735486 0.089276 0.732670 0.087882 0.729284 0.088215 0.724462 0.090378 0.720367 0.093779 0.718791
0 0.207886 0.668458 0.211951 0.670061 0.214507 0.674344 0.214673 0.678982 0.212530 0.682800 0.208879 0.684909 0.203355 0.684964 0.199151 0.682148 0.197757 0.678763 0.198090 0.673940 0.200253 0.669845 0.203654 0.668269
0 0.020708 0.714085 0.023891 0.715766 0.025864 0.719248 0.025772 0.723294 0.023890 0.726682 0.018878 0.727920 0.013953 0.726944 0.012551 0.724357 0.012538 0.719786 0.013963 0.716210 0.016999 0.713876
0 0.019355 0.677945 0.022537 0.679626 0.024512 0.683108 0.024420 0.687154 0.022537 0.690542 0.017526 0.691780 0.012599 0.690804 0.011198 0.688217 0.011185 0.683646 0.012611 0.680069 0.015647 0.677736
0 0.221907 0.724296 0.225090 0.725978 0.227063 0.729460 0.226972 0.733506 0.225089 0.736894 0.220077 0.738131 0.215152 0.737156 0.213750 0.734569 0.213737 0.729998 0.215162 0.726421 0.218199 0.724087
0 0.005838 0.668603 0.009020 0.670284 0.010994 0.673766 0.010903 0.677812 0.009020 0.681200 0.003984 0.682791 0.000000 0.681462 0.000000 0.678876 0.000000 0.674304 0.000000 0.670728 0.002129 0.668394
0 0.000000 0.702580 0.002039 0.704261 0.004012 0.707743 0.003921 0.711789 0.002038 0.715177 0.000000 0.716768 0.000000 0.715439 0.000000 0.712853 0.000000 0.708281 0.000000 0.704705 0.000000 0.702371
0 0.125948 0.576564 0.129131 0.578244 0.131104 0.581726 0.131013 0.585772 0.129131 0.589160 0.124095 0.590751 0.119193 0.589423 0.117792 0.586836 0.117778 0.582265 0.119204 0.578688 0.122240 0.576354
0 0.055895 0.689878 0.059959 0.691482 0.062516 0.695764 0.062683 0.700403 0.060539 0.704221 0.056888 0.706330 0.051364 0.706385 0.047159 0.703568 0.045765 0.700183 0.046099 0.695360 0.048262 0.691266 0.051663 0.689690
0 0.245578 0.645075 0.249642 0.646679 0.252200 0.650961 0.252366 0.655599 0.250222 0.659417 0.246571 0.661526 0.241047 0.661581 0.236842 0.658765 0.235448 0.655380 0.235782 0.650557 0.237945 0.646462 0.241346 0.644886
0 0.272420 0.694178 0.276485 0.695781 0.279042 0.700064 0.279208 0.704702 0.277065 0.708520 0.273413 0.710629 0.267889 0.710684 0.263685 0.707867 0.262291 0.704482 0.262624 0.699660 0.264787 0.695565 0.268188 0.693989
0 0.243837 0.623224 0.247902 0.624827 0.250458 0.629110 0.250624 0.633748 0.248481 0.637566 0.244830 0.639675 0.239306 0.639730 0.235101 0.636914 0.233707 0.633528 0.234041 0.628706 0.236204 0.624611 0.239605 0.623035
0 0.323300 0.656599 0.327364 0.658203 0.329922 0.662485 0.330088 0.667124 0.327944 0.670942 0.324293 0.673051 0.318769 0.673105 0.314564 0.670289 0.313170 0.666904 0.313504 0.662081 0.315667 0.657986 0.319068 0.656411
0 0.398882 0.709657 0.402947 0.711261 0.405504 0.715543 0.405670 0.720182 0.403526 0.724000 0.399875 0.726109 0.394351 0.726163 0.390147 0.723347 0.388753 0.719962 0.389087 0.715139 0.391249 0.711044 0.394650 0.709468
0 0.237786 0.585560 0.241850 0.587164 0.244407 0.591446 0.244573 0.596084 0.242430 0.599902 0.238778 0.602011 0.233255 0.602066 0.229050 0.599250 0.227656 0.595864 0.227990 0.591042 0.230152 0.586947 0.233554 0.585371
0 0.343280 0.609503 0.347346 0.611106 0.349902 0.615389 0.350068 0.620028 0.347925 0.623846 0.344273 0.625955 0.338749 0.626009 0.334545 0.623193 0.333151 0.619807 0.333485 0.614985 0.335647 0.610890 0.339048 0.609314
0 0.320143 0.722941 0.324208 0.724544 0.326764 0.728826 0.326930 0.733465 0.324787 0.737283 0.321136 0.739392 0.315612 0.739447 0.311408 0.736630 0.310013 0.733245 0.310347 0.728422 0.312509 0.724328 0.315911 0.722752
0 0.449426 0.719475 0.453491 0.721079 0.456048 0.725361 0.456214 0.730000 0.454070 0.733818 0.450419 0.735927 0.444895 0.735981 0.440691 0.733165 0.439297 0.729780 0.439631 0.724957 0.441793 0.720862 0.445194 0.719287
0 0.487616 0.643846 0.491680 0.645450 0.494237 0.649732 0.494404 0.654371 0.492260 0.658189 0.488608 0.660298 0.483085 0.660352 0.478880 0.657536 0.477486 0.654151 0.477820 0.649328 0.479982 0.645233 0.483384 0.643658
0 0.492402 0.625371 0.496467 0.626974 0.499023 0.631257 0.499189 0.635895 0.497046 0.639713 0.493395 0.641822 0.487871 0.641877 0.483666 0.639060 0.482272 0.635675 0.482606 0.630853 0.484768 0.626758 0.488169 0.625182
0 0.455077 0.630323 0.459141 0.631926 0.461698 0.636209 0.461864 0.640848 0.459721 0.644665 0.456069 0.646775 0.450545 0.646829 0.446341 0.644013 0.444947 0.640627 0.445281 0.635805 0.447443 0.631710 0.450844 0.630134
0 0.311866 0.557509 0.311976 0.567418 0.307438 0.572938 0.301032 0.574793 0.293496 0.573829 0.288863 0.570503 0.286264 0.565903 0.286839 0.558871 0.290472 0.553641 0.294287 0.550900 0.300486 0.549472 0.307525 0.552523
0 0.344524 0.586301 0.344633 0.596210 0.340096 0.601730 0.333690 0.603585 0.326153 0.602621 0.321520 0.599295 0.318921 0.594695 0.319496 0.587662 0.323129 0.582433 0.326944 0.579691 0.333144 0.578264 0.340183 0.581315
0 0.374232 0.588721 0.374342 0.598629 0.369804 0.604150 0.363398 0.606005 0.355861 0.605041 0.351228 0.601715 0.348629 0.597115 0.349204 0.590082 0.352838 0.584853 0.356653 0.582112 0.362852 0.580684 0.369891 0.583735
0 0.376126 0.536970 0.376236 0.546879 0.371698 0.552400 0.365292 0.554254 0.357755 0.553290 0.353122 0.549964 0.350523 0.545364 0.351099 0.538332 0.354732 0.533103 0.358546 0.530361 0.364746 0.528934 0.371785 0.531984
0 0.133869 0.507329 0.133979 0.517237 0.129441 0.522758 0.123035 0.524613 0.115498 0.523649 0.110866 0.520323 0.108267 0.515723 0.108842 0.508690 0.112475 0.503461 0.116290 0.500719 0.122490 0.499292 0.129528 0.502343
0 0.161241 0.706165 0.161351 0.716073 0.156813 0.721594 0.150407 0.723449 0.142870 0.722485 0.138238 0.719159 0.135638 0.714559 0.136214 0.707526 0.139847 0.702297 0.143662 0.699556 0.149861 0.698128 0.156900 0.701179
0 0.458650 0.658074 0.458760 0.667983 0.454222 0.673503 0.447816 0.675358 0.440279 0.674394 0.435647 0.671068 0.433048 0.666468 0.433623 0.659435 0.437256 0.654206 0.441071 0.651465 0.447270 0.650037 0.454309 0.653088
0 0.477111 0.740673 0.477221 0.750582 0.472683 0.756102 0.466277 0.757957 0.458740 0.756993 0.454108 0.753667 0.451509 0.749067 0.452084 0.742035 0.455717 0.736805 0.459532 0.734063 0.465732 0.732636 0.472770 0.735687
0 0.678975 0.609586 0.679352 0.618180 0.675768 0.622978 0.674548 0.623766 0.669362 0.624833 0.661825 0.623870 0.657192 0.620543 0.654592 0.615943 0.655168 0.608911 0.658801 0.603681 0.662616 0.600940 0.668123 0.600443 0.674384 0.603173
0 0.534800 0.636507 0.534910 0.646415 0.530373 0.651936 0.523967 0.653791 0.516430 0.652827 0.511797 0.649501 0.509198 0.644901 0.509773 0.637868 0.513406 0.632639 0.517221 0.629898 0.523421 0.628470 0.530460 0.631521
0 0.566978 0.456318 0.567089 0.466227 0.562551 0.471748 0.556145 0.473603 0.548608 0.472639 0.543975 0.469312 0.541376 0.464712 0.541951 0.457680 0.545585 0.452451 0.549399 0.449709 0.555599 0.448282 0.562638 0.451333
0 0.431103 0.403900 0.431213 0.413809 0.426676 0.419329 0.420270 0.421184 0.412732 0.420220 0.408100 0.416894 0.405500 0.412294 0.406076 0.405262 0.409709 0.400032 0.413524 0.397291 0.419723 0.395863 0.426762 0.398915
0 0.454493 0.428912 0.454603 0.438821 0.450065 0.444342 0.443659 0.446196 0.436122 0.445232 0.431489 0.441906 0.428890 0.437306 0.429465 0.430274 0.433099 0.425045 0.436914 0.422303 0.443113 0.420876 0.450152 0.423927
0 0.458981 0.505834 0.459090 0.515743 0.454553 0.521263 0.448147 0.523119 0.440610 0.522155 0.435977 0.518828 0.433378 0.514228 0.433953 0.507196 0.437587 0.501966 0.441401 0.499225 0.447601 0.497798 0.454640 0.500849
0 0.720642 0.712177 0.720751 0.722085 0.716214 0.727606 0.709808 0.729461 0.702271 0.728497 0.697638 0.725171 0.695039 0.720570 0.695614 0.713538 0.699248 0.708309 0.703062 0.705567 0.709262 0.704140 0.716301 0.707191
0 0.816118 0.747124 0.816228 0.757033 0.811690 0.762553 0.805284 0.764408 0.797747 0.763445 0.793115 0.760118 0.790515 0.755518 0.791090 0.748486 0.794724 0.743256 0.798539 0.740515 0.804738 0.739087 0.811777 0.742139
0 0.897569 0.722702 0.897679 0.732610 0.893142 0.738131 0.886736 0.739986 0.879198 0.739022 0.874566 0.735696 0.871967 0.731096 0.872542 0.724063 0.876176 0.718834 0.879990 0.716093 0.886190 0.714665 0.893229 0.717716
0 0.980863 0.668266 0.980973 0.678175 0.976435 0.683695 0.970029 0.685550 0.962493 0.684586 0.957860 0.681260 0.955261 0.676660 0.955836 0.669627 0.959469 0.664398 0.963284 0.661657 0.969484 0.660229 0.976523 0.663280
0 0.871659 0.427897 0.871769 0.437806 0.867231 0.443327 0.860825 0.445182 0.853288 0.444218 0.848655 0.440891 0.846056 0.436292 0.846632 0.429259 0.850265 0.424030 0.854079 0.421288 0.860279 0.419861 0.867318 0.422912
0 0.823671 0.422537 0.823780 0.432445 0.819243 0.437966 0.812837 0.439821 0.805300 0.438857 0.800667 0.435531 0.798068 0.430931 0.798643 0.423898 0.802276 0.418669 0.806091 0.415927 0.812291 0.414500 0.819330 0.417551
0 0.747092 0.425322 0.747202 0.435231 0.742664 0.440751 0.736258 0.442607 0.728721 0.441643 0.724089 0.438316 0.721489 0.433716 0.722064 0.426684 0.725697 0.421454 0.729513 0.418713 0.735712 0.417285 0.742751 0.420337
0 0.714445 0.416078 0.714555 0.425987 0.710017 0.431507 0.703611 0.433362 0.696074 0.432399 0.691442 0.429072 0.688842 0.424472 0.689417 0.417440 0.693051 0.412210 0.696866 0.409469 0.703065 0.408042 0.710104 0.411093
0 0.669536 0.379847 0.669645 0.389756 0.665108 0.395276 0.658702 0.397131 0.651165 0.396167 0.646532 0.392841 0.643933 0.388241 0.644508 0.381209 0.648141 0.375979 0.651956 0.373238 0.658156 0.371811 0.665195 0.374862
0 0.742309 0.400036 0.742419 0.409945 0.737881 0.415465 0.731475 0.417321 0.723938 0.416357 0.719306 0.413030 0.716706 0.408430 0.717282 0.401398 0.720915 0.396168 0.724730 0.393427 0.730930 0.391999 0.737968 0.395051
0 0.840805 0.261174 0.840915 0.271083 0.836377 0.276603 0.829971 0.278458 0.822435 0.277494 0.817802 0.274168 0.815203 0.269568 0.815778 0.262535 0.819411 0.257306 0.823226 0.254564 0.829426 0.253137 0.836464 0.256188
0 0.782273 0.272038 0.782383 0.281946 0.777845 0.287467 0.771439 0.289321 0.763902 0.288358 0.759269 0.285032 0.756671 0.280431 0.757246 0.273399 0.760879 0.268170 0.764694 0.265428 0.770893 0.264001 0.777932 0.267052
0 0.592402 0.370922 0.592513 0.380831 0.587975 0.386351 0.581569 0.388207 0.574032 0.387243 0.569399 0.383916 0.566800 0.379317 0.567375 0.372284 0.571009 0.367054 0.574823 0.364313 0.581023 0.362886 0.588062 0.365937
0 0.971448 0.340397 0.971558 0.350305 0.967020 0.355826 0.960614 0.357680 0.953077 0.356717 0.948444 0.353391 0.945845 0.348790 0.946421 0.341758 0.950054 0.336529 0.953868 0.333787 0.960068 0.332360 0.967107 0.335411
0 0.994411 0.262710 0.994521 0.272619 0.989983 0.278139 0.983577 0.279994 0.976040 0.279030 0.971407 0.275704 0.968808 0.271104 0.969383 0.264072 0.973017 0.258842 0.976832 0.256101 0.983031 0.254673 0.990070 0.257724
0 0.706953 0.246423 0.707062 0.256332 0.702525 0.261852 0.696119 0.263707 0.688582 0.262743 0.683949 0.259417 0.681350 0.254817 0.681925 0.247784 0.685559 0.242555 0.689373 0.239814 0.695573 0.238386 0.702612 0.241437
0 0.419724 0.349305 0.419833 0.359213 0.415295 0.364734 0.408890 0.366588 0.401353 0.365625 0.396720 0.362298 0.394121 0.357698 0.394696 0.350666 0.398329 0.345437 0.402144 0.342695 0.408344 0.341268 0.415383 0.344319
0 0.472549 0.347155 0.472659 0.357064 0.468121 0.362584 0.461715 0.364439 0.454178 0.363475 0.449545 0.360149 0.446947 0.355549 0.447521 0.348516 0.451155 0.343287 0.454969 0.340546 0.461169 0.339118 0.468208 0.342169
0 0.467984 0.228238 0.468094 0.238147 0.463557 0.243667 0.457151 0.245522 0.449614 0.244558 0.444981 0.241232 0.442381 0.236632 0.442957 0.229600 0.446590 0.224370 0.450405 0.221628 0.456605 0.220201 0.463644 0.223252
0 0.561123 0.235708 0.561233 0.245617 0.556696 0.251137 0.550290 0.252992 0.542753 0.252028 0.538120 0.248702 0.535521 0.244102 0.536096 0.237070 0.539730 0.231840 0.543544 0.229099 0.549744 0.227671 0.556782 0.230722
0 0.291344 0.311069 0.291453 0.320978 0.286916 0.326498 0.280510 0.328353 0.272973 0.327389 0.268340 0.324063 0.265741 0.319463 0.266316 0.312431 0.269950 0.307201 0.273764 0.304459 0.279964 0.303032 0.287003 0.306083
0 0.316378 0.322537 0.316487 0.332446 0.311950 0.337966 0.305544 0.339821 0.298007 0.338857 0.293374 0.335531 0.290775 0.330931 0.291350 0.323899 0.294984 0.318669 0.298798 0.315927 0.304998 0.314500 0.312037 0.317551
0 0.278413 0.247226 0.278523 0.257135 0.273985 0.262655 0.267579 0.264510 0.260042 0.263547 0.255409 0.260220 0.252810 0.255620 0.253385 0.248588 0.257019 0.243358 0.260834 0.240617 0.267033 0.239190 0.274072 0.242240
0 0.135226 0.310629 0.135336 0.320537 0.130798 0.326058 0.124392 0.327912 0.116855 0.326949 0.112222 0.323623 0.109624 0.319022 0.110199 0.311990 0.113832 0.306761 0.117647 0.304019 0.123846 0.302592 0.130885 0.305643
0 0.114889 0.235832 0.114999 0.245741 0.110461 0.251261 0.104056 0.253116 0.096519 0.252152 0.091886 0.248826 0.089287 0.244226 0.089862 0.237193 0.093495 0.231964 0.097310 0.229222 0.103510 0.227795 0.110549 0.230846
0 0.108669 0.208873 0.108779 0.218781 0.104241 0.224302 0.097835 0.226156 0.090299 0.225193 0.085666 0.221867 0.083067 0.217266 0.083642 0.210234 0.087275 0.205005 0.091090 0.202263 0.097290 0.200836 0.104328 0.203886
0 0.234733 0.526628 0.234842 0.536537 0.230304 0.542058 0.223898 0.543913 0.216362 0.542949 0.211729 0.539622 0.209130 0.535023 0.209705 0.527990 0.213338 0.522761 0.217153 0.520019 0.223353 0.518592 0.230392 0.521643
0 0.309379 0.695770 0.309488 0.705679 0.304951 0.711199 0.298545 0.713054 0.291008 0.712090 0.286375 0.708764 0.283776 0.704164 0.284351 0.697132 0.287985 0.691902 0.291799 0.689161 0.297999 0.687733 0.305038 0.690785
0 0.433840 0.567182 0.433949 0.577091 0.429412 0.582612 0.423006 0.584466 0.415469 0.583502 0.410836 0.580176 0.408237 0.575576 0.408812 0.568544 0.412446 0.563315 0.416260 0.560573 0.422460 0.559146 0.429499 0.562196
0 0.423470 0.487895 0.423580 0.497804 0.419042 0.503324 0.412636 0.505179 0.405099 0.504215 0.400466 0.500889 0.397867 0.496289 0.398442 0.489256 0.402076 0.484027 0.405891 0.481285 0.412090 0.479858 0.419129 0.482909
0 0.380077 0.463779 0.380187 0.473687 0.375649 0.479208 0.369243 0.481062 0.361706 0.480099 0.357074 0.476772 0.354475 0.472172 0.355050 0.465140 0.358683 0.459911 0.362498 0.457169 0.368697 0.455742 0.375736 0.458792
0 0.923561 0.613571 0.923671 0.623479 0.919133 0.628999 0.912727 0.630855 0.905190 0.629891 0.900558 0.626564 0.897959 0.621965 0.898534 0.614932 0.902167 0.609702 0.905982 0.606961 0.912181 0.605534 0.919220 0.608585
0 0.709164 0.595234 0.709605 0.603042 0.707260 0.610732 0.700723 0.615716 0.692970 0.616265 0.686922 0.615440 0.680786 0.610259 0.678105 0.604259 0.678659 0.597351 0.680557 0.591744 0.688165 0.587664 0.694974 0.586399 0.704547 0.589931
0 0.597506 0.495941 0.597948 0.503749 0.595603 0.511439 0.589065 0.516423 0.581312 0.516971 0.575264 0.516147 0.569128 0.510965 0.566448 0.504966 0.567001 0.498057 0.568900 0.492450 0.576507 0.488371 0.583316 0.487106 0.592889 0.490638
0 0.589611 0.286044 0.592793 0.287725 0.594767 0.291207 0.594676 0.295253 0.592793 0.298641 0.587964 0.300301 0.582849 0.298997 0.581454 0.296317 0.581441 0.291745 0.582866 0.288169 0.585903 0.285834
0 0.632251 0.267516 0.636316 0.269120 0.638873 0.273402 0.639039 0.278041 0.636896 0.281859 0.633244 0.283968 0.627720 0.284022 0.623516 0.281206 0.621610 0.277785 0.621936 0.272962 0.624618 0.268903 0.628019 0.267328
0 0.770162 0.312395 0.769951 0.317560 0.768460 0.321178 0.766224 0.323605 0.761954 0.324521 0.755376 0.323628 0.752339 0.320555 0.751178 0.315750 0.751947 0.311131 0.754018 0.307411 0.757575 0.305256 0.762051 0.305195 0.767337 0.307895
0 0.816211 0.346778 0.816000 0.351943 0.814509 0.355560 0.812273 0.357987 0.808002 0.358903 0.801424 0.358010 0.798388 0.354937 0.797227 0.350132 0.797996 0.345513 0.800067 0.341793 0.803624 0.339638 0.808100 0.339577 0.813385 0.342278
0 0.767960 0.352857 0.767748 0.358022 0.766258 0.361639 0.764022 0.364066 0.759751 0.364983 0.753173 0.364089 0.750137 0.361017 0.748976 0.356211 0.749745 0.351592 0.751815 0.347872 0.755373 0.345717 0.759849 0.345656 0.765134 0.348357
0 0.793556 0.395590 0.793344 0.400755 0.791853 0.404373 0.789618 0.406800 0.785347 0.407716 0.778769 0.406823 0.775733 0.403750 0.774571 0.398945 0.775341 0.394326 0.777411 0.390606 0.780969 0.388450 0.785444 0.388390 0.790730 0.391090
0 0.830065 0.392496 0.829853 0.397661 0.828362 0.401279 0.826127 0.403706 0.821856 0.404622 0.815278 0.403729 0.812242 0.400656 0.811081 0.395851 0.811850 0.391231 0.813919 0.387512 0.817477 0.385356 0.821953 0.385296 0.827239 0.387996
0 0.801854 0.292632 0.801642 0.297797 0.800151 0.301414 0.797916 0.303841 0.793645 0.304757 0.787067 0.303864 0.784031 0.300792 0.782869 0.295987 0.783639 0.291367 0.785709 0.287648 0.789267 0.285492 0.793742 0.285431 0.799028 0.288132
0 0.853682 0.283443 0.853470 0.288608 0.851979 0.292225 0.849743 0.294652 0.845473 0.295568 0.838894 0.294675 0.835858 0.291603 0.834697 0.286797 0.835467 0.282178 0.837537 0.278459 0.841094 0.276303 0.845570 0.276242 0.850856 0.278943
0 0.873663 0.350320 0.873451 0.355485 0.871960 0.359103 0.869725 0.361530 0.865454 0.362446 0.858876 0.361553 0.855839 0.358480 0.854679 0.353675 0.855448 0.349056 0.857517 0.345336 0.861075 0.343180 0.865551 0.343120 0.870837 0.345820
0 0.936268 0.300005 0.936056 0.305170 0.934566 0.308788 0.932330 0.311215 0.928059 0.312131 0.921481 0.311238 0.918445 0.308166 0.917283 0.303360 0.918053 0.298741 0.920122 0.295021 0.923680 0.292866 0.928156 0.292805 0.933442 0.295505
0 0.894522 0.305808 0.894310 0.310973 0.892819 0.314590 0.890583 0.317018 0.886312 0.317934 0.879734 0.317040 0.876698 0.313968 0.875537 0.309163 0.876306 0.304544 0.878376 0.300824 0.881934 0.298668 0.886410 0.298607 0.891695 0.301308
0 0.935920 0.359925 0.935709 0.365090 0.934218 0.368707 0.931982 0.371134 0.927711 0.372050 0.921133 0.371157 0.918097 0.368085 0.916936 0.363279 0.917706 0.358660 0.919775 0.354940 0.923333 0.352785 0.927809 0.352724 0.933094 0.355425
0 0.953058 0.312477 0.952847 0.317642 0.951356 0.321259 0.949120 0.323686 0.944850 0.324602 0.938271 0.323709 0.935235 0.320637 0.934074 0.315831 0.934844 0.311212 0.936913 0.307493 0.940471 0.305337 0.944947 0.305276 0.950232 0.307977
0 0.788993 0.324723 0.788782 0.329889 0.787291 0.333506 0.785055 0.335933 0.780784 0.336849 0.774206 0.335956 0.771170 0.332883 0.770009 0.328078 0.770779 0.323459 0.772848 0.319739 0.776406 0.317583 0.780882 0.317523 0.786167 0.320224
0 0.818174 0.451451 0.817962 0.456616 0.816472 0.460233 0.814236 0.462660 0.809965 0.463577 0.803387 0.462683 0.800351 0.459611 0.799190 0.454806 0.799959 0.450186 0.802029 0.446466 0.805587 0.444311 0.810063 0.444250 0.815348 0.446951
0 0.971412 0.292864 0.971200 0.298029 0.969709 0.301647 0.967474 0.304074 0.963203 0.304990 0.956625 0.304096 0.953589 0.301024 0.952428 0.296219 0.953197 0.291599 0.955267 0.287880 0.958825 0.285724 0.963300 0.285664 0.968586 0.288364
0 0.901575 0.252415 0.901364 0.257580 0.899873 0.261197 0.897638 0.263624 0.893367 0.264540 0.886789 0.263647 0.883753 0.260575 0.882591 0.255770 0.883361 0.251150 0.885430 0.247431 0.888988 0.245275 0.893464 0.245215 0.898750 0.247915
0 0.926382 0.481640 0.926170 0.486805 0.924679 0.490422 0.922444 0.492849 0.918173 0.493765 0.911595 0.492873 0.908559 0.489800 0.907398 0.484995 0.908167 0.480375 0.910237 0.476656 0.913795 0.474500 0.918270 0.474440 0.923556 0.477140
0 0.973190 0.482885 0.972979 0.488050 0.971488 0.491667 0.969252 0.494094 0.964981 0.495010 0.958404 0.494117 0.955367 0.491045 0.954206 0.486240 0.954975 0.481620 0.957045 0.477900 0.960603 0.475745 0.965079 0.475684 0.970364 0.478385
0 0.840688 0.466081 0.840477 0.471246 0.838986 0.474863 0.836750 0.477290 0.832479 0.478206 0.825901 0.477314 0.822865 0.474241 0.821704 0.469436 0.822473 0.464816 0.824543 0.461097 0.828101 0.458941 0.832577 0.458881 0.837862 0.461581
0 0.859879 0.478823 0.859667 0.483988 0.858177 0.487605 0.855941 0.490032 0.851670 0.490948 0.845092 0.490055 0.842055 0.486983 0.840895 0.482177 0.841664 0.477558 0.843734 0.473838 0.847291 0.471683 0.851767 0.471622 0.857053 0.474323
0 0.829288 0.550887 0.829077 0.556052 0.827586 0.559669 0.825351 0.562096 0.821080 0.563012 0.814502 0.562119 0.811466 0.559047 0.810304 0.554241 0.811074 0.549622 0.813143 0.545903 0.816701 0.543747 0.821177 0.543686 0.826463 0.546387
0 0.871178 0.589491 0.870967 0.594656 0.869476 0.598273 0.867240 0.600701 0.862969 0.601617 0.856391 0.600723 0.853355 0.597651 0.852194 0.592846 0.852963 0.588226 0.855033 0.584506 0.858590 0.582351 0.863067 0.582290 0.868352 0.584991
0 0.941167 0.584373 0.940955 0.589538 0.939464 0.593155 0.937229 0.595582 0.932958 0.596499 0.926380 0.595606 0.923343 0.592533 0.922182 0.587728 0.922952 0.583108 0.925022 0.579389 0.928579 0.577233 0.933056 0.577173 0.938341 0.579873
0 0.715468 0.490382 0.715256 0.495547 0.713765 0.499164 0.711530 0.501591 0.707259 0.502507 0.700681 0.501614 0.697645 0.498542 0.696484 0.493736 0.697253 0.489117 0.699323 0.485397 0.702881 0.483242 0.707356 0.483181 0.712642 0.485882
0 0.681759 0.469923 0.681547 0.475089 0.680057 0.478706 0.677821 0.481133 0.673550 0.482049 0.666972 0.481156 0.663936 0.478084 0.662774 0.473278 0.663544 0.468659 0.665614 0.464939 0.669172 0.462784 0.673648 0.462723 0.678933 0.465423
0 0.780429 0.572701 0.780218 0.577865 0.778727 0.581483 0.776491 0.583910 0.772221 0.584826 0.765643 0.583933 0.762606 0.580860 0.761445 0.576055 0.762214 0.571436 0.764284 0.567716 0.767842 0.565560 0.772318 0.565500 0.777604 0.568200
0 0.695442 0.571429 0.695230 0.576594 0.693740 0.580211 0.691503 0.582638 0.687233 0.583555 0.680655 0.582661 0.677618 0.579589 0.676457 0.574783 0.677227 0.570164 0.679297 0.566445 0.682854 0.564289 0.687331 0.564228 0.692616 0.566929
0 0.783007 0.643705 0.782795 0.648870 0.781305 0.652487 0.779069 0.654914 0.774798 0.655830 0.768220 0.654937 0.765184 0.651865 0.764023 0.647060 0.764792 0.642440 0.766862 0.638721 0.770420 0.636565 0.774896 0.636505 0.780181 0.639205
0 0.746012 0.667909 0.745801 0.673074 0.744310 0.676691 0.742074 0.679119 0.737803 0.680035 0.731225 0.679141 0.728189 0.676069 0.727028 0.671264 0.727797 0.666645 0.729867 0.662925 0.733424 0.660769 0.737901 0.660708 0.743186 0.663409
0 0.696393 0.655482 0.696181 0.660648 0.694690 0.664265 0.692455 0.666693 0.688184 0.667609 0.681606 0.666715 0.678569 0.663643 0.677408 0.658838 0.678178 0.654218 0.680247 0.650498 0.683805 0.648343 0.688281 0.648282 0.693567 0.650983
0 0.601331 0.690242 0.601119 0.695407 0.599628 0.699025 0.597393 0.701452 0.593122 0.702368 0.586544 0.701474 0.583508 0.698402 0.582347 0.693597 0.583116 0.688977 0.585186 0.685258 0.588743 0.683102 0.593219 0.683042 0.598505 0.685742
0 0.611971 0.672076 0.611760 0.677242 0.610269 0.680859 0.608033 0.683286 0.603762 0.684202 0.597184 0.683309 0.594148 0.680236 0.592987 0.675431 0.593756 0.670812 0.595826 0.667092 0.599384 0.664936 0.603860 0.664876 0.609145 0.667577
0 0.532079 0.726347 0.531868 0.731512 0.530377 0.735129 0.528141 0.737557 0.523870 0.738473 0.517292 0.737579 0.514256 0.734507 0.513095 0.729702 0.513864 0.725083 0.515934 0.721363 0.519492 0.719207 0.523968 0.719146 0.529253 0.721847
0 0.557626 0.714654 0.557415 0.719820 0.555924 0.723437 0.553688 0.725864 0.549417 0.726780 0.542840 0.725887 0.539803 0.722814 0.538642 0.718009 0.539412 0.713390 0.541481 0.709670 0.545039 0.707514 0.549515 0.707454 0.554800 0.710155
0 0.576156 0.728517 0.575945 0.733682 0.574454 0.737299 0.572218 0.739726 0.567948 0.740642 0.561370 0.739749 0.558333 0.736677 0.557172 0.731871 0.557942 0.727252 0.560011 0.723533 0.563569 0.721377 0.568045 0.721316 0.573331 0.724017
0 0.596168 0.737817 0.595957 0.742982 0.594466 0.746600 0.592230 0.749027 0.587959 0.749943 0.581381 0.749050 0.578345 0.745977 0.577184 0.741172 0.577953 0.736553 0.580024 0.732833 0.583581 0.730677 0.588057 0.730617 0.593342 0.733317
0 0.615245 0.729758 0.615033 0.734923 0.613542 0.738540 0.611306 0.740967 0.607035 0.741883 0.600457 0.740990 0.597421 0.737918 0.596260 0.733112 0.597030 0.728493 0.599099 0.724773 0.602657 0.722618 0.607133 0.722557 0.612418 0.725258
0 0.559861 0.747248 0.559649 0.752413 0.558158 0.756031 0.555923 0.758458 0.551652 0.759374 0.545074 0.758480 0.542038 0.755408 0.540877 0.750603 0.541646 0.745983 0.543716 0.742264 0.547274 0.740108 0.551749 0.740048 0.557035 0.742748
0 0.667031 0.738485 0.666819 0.743651 0.665328 0.747268 0.663092 0.749695 0.658821 0.750611 0.652243 0.749718 0.649207 0.746645 0.648046 0.741840 0.648816 0.737221 0.650885 0.733501 0.654443 0.731345 0.658919 0.731285 0.664204 0.733985
0 0.775197 0.743395 0.774985 0.748560 0.773494 0.752177 0.771259 0.754604 0.766988 0.755521 0.760410 0.754627 0.757374 0.751555 0.756213 0.746750 0.756982 0.742130 0.759052 0.738410 0.762610 0.736255 0.767085 0.736194 0.772371 0.738895
0 0.738972 0.728398 0.738760 0.733563 0.737270 0.737180 0.735034 0.739607 0.730763 0.740523 0.724185 0.739630 0.721149 0.736558 0.719988 0.731752 0.720757 0.727133 0.722827 0.723413 0.726384 0.721258 0.730860 0.721197 0.736146 0.723898
0 0.798059 0.678607 0.797848 0.683772 0.796357 0.687389 0.794121 0.689816 0.789850 0.690732 0.783272 0.689840 0.780236 0.686767 0.779075 0.681962 0.779844 0.677342 0.781914 0.673623 0.785472 0.671467 0.789948 0.671407 0.795233 0.674107
0 0.847643 0.704335 0.847431 0.709500 0.845940 0.713117 0.843705 0.715544 0.839434 0.716461 0.832856 0.715567 0.829820 0.712495 0.828659 0.707690 0.829428 0.703070 0.831498 0.699351 0.835056 0.697195 0.839531 0.697134 0.844817 0.699835
0 0.849373 0.736273 0.849162 0.741438 0.847671 0.745055 0.845435 0.747482 0.841164 0.748398 0.834586 0.747505 0.831550 0.744433 0.830389 0.739627 0.831158 0.735008 0.833228 0.731288 0.836785 0.729133 0.841262 0.729072 0.846547 0.731772
0 0.866708 0.778618 0.866497 0.783783 0.865006 0.787401 0.862771 0.789828 0.858500 0.790744 0.851922 0.789851 0.848886 0.786778 0.847724 0.781973 0.848494 0.777354 0.850564 0.773634 0.854122 0.771478 0.858597 0.771418 0.863883 0.774118
0 0.899299 0.766247 0.899088 0.771412 0.897597 0.775030 0.895361 0.777457 0.891091 0.778373 0.884512 0.777480 0.881476 0.774407 0.880315 0.769602 0.881085 0.764983 0.883154 0.761263 0.886712 0.759107 0.891188 0.759047 0.896473 0.761748
0 0.945573 0.662906 0.945362 0.668071 0.943871 0.671689 0.941635 0.674116 0.937364 0.675032 0.930786 0.674139 0.927750 0.671066 0.926589 0.666261 0.927359 0.661642 0.929429 0.657922 0.932986 0.655766 0.937462 0.655706 0.942747 0.658406
0 0.918976 0.691328 0.918764 0.696493 0.917273 0.700110 0.915038 0.702537 0.910767 0.703454 0.904189 0.702561 0.901153 0.699488 0.899992 0.694683 0.900761 0.690063 0.902831 0.686344 0.906389 0.684188 0.910865 0.684128 0.916150 0.686828
0 0.894815 0.684551 0.894604 0.689716 0.893113 0.693334 0.890877 0.695761 0.886607 0.696677 0.880029 0.695783 0.876993 0.692711 0.875831 0.687906 0.876601 0.683286 0.878670 0.679567 0.882228 0.677411 0.886704 0.677351 0.891990 0.680051
0 0.969904 0.743332 0.969692 0.748497 0.968202 0.752114 0.965966 0.754541 0.961695 0.755457 0.955117 0.754564 0.952081 0.751492 0.950920 0.746687 0.951689 0.742067 0.953759 0.738348 0.957317 0.736192 0.961793 0.736132 0.967078 0.738832
0 0.806187 0.641194 0.805975 0.646359 0.804484 0.649976 0.802249 0.652403 0.797978 0.653320 0.791400 0.652427 0.788364 0.649354 0.787203 0.644549 0.787972 0.639929 0.790042 0.636210 0.793600 0.634054 0.798075 0.633994 0.803361 0.636694
0 0.757757 0.591928 0.757546 0.597092 0.756055 0.600710 0.753819 0.603137 0.749549 0.604053 0.742971 0.603160 0.739934 0.600087 0.738773 0.595282 0.739543 0.590663 0.741612 0.586943 0.745170 0.584787 0.749646 0.584727 0.754931 0.587428
0 0.962018 0.255954 0.961807 0.261119 0.960316 0.264736 0.958080 0.267163 0.953809 0.268079 0.947231 0.267186 0.944195 0.264114 0.943034 0.259308 0.943803 0.254689 0.945873 0.250970 0.949430 0.248814 0.953907 0.248753 0.959192 0.251454
0 0.397128 0.260715 0.396917 0.265879 0.395426 0.269497 0.393190 0.271924 0.388919 0.272840 0.382341 0.271947 0.379305 0.268875 0.378144 0.264069 0.378913 0.259450 0.380983 0.255730 0.384541 0.253575 0.389017 0.253514 0.394302 0.256215
0 0.848749 0.303834 0.851932 0.305515 0.853905 0.308997 0.853814 0.313043 0.851932 0.316431 0.847103 0.318091 0.841987 0.316787 0.840593 0.314106 0.840579 0.309535 0.842005 0.305958 0.845041 0.303624
0 0.868810 0.278741 0.871992 0.280422 0.873966 0.283905 0.873875 0.287950 0.871992 0.291339 0.867163 0.292999 0.862048 0.291694 0.860653 0.289014 0.860640 0.284443 0.862066 0.280866 0.865102 0.278532
0 0.632055 0.321233 0.631843 0.326398 0.630352 0.330015 0.628116 0.332442 0.623846 0.333358 0.617268 0.332466 0.614231 0.329393 0.613070 0.324588 0.613840 0.319968 0.615909 0.316249 0.619467 0.314093 0.623943 0.314033 0.629229 0.316733
0 0.682312 0.260704 0.685494 0.262386 0.687468 0.265868 0.687376 0.269913 0.685494 0.273302 0.680665 0.274962 0.675549 0.273657 0.674155 0.270977 0.674141 0.266406 0.675567 0.262829 0.678603 0.260495
0 0.464448 0.310990 0.464237 0.316155 0.462746 0.319773 0.460510 0.322200 0.456240 0.323116 0.449662 0.322223 0.446625 0.319150 0.445464 0.314345 0.446233 0.309725 0.448303 0.306006 0.451861 0.303850 0.456337 0.303790 0.461623 0.306490
0 0.482125 0.440277 0.481914 0.445442 0.480423 0.449059 0.478188 0.451486 0.473917 0.452403 0.467339 0.451510 0.464303 0.448437 0.463141 0.443632 0.463911 0.439012 0.465981 0.435293 0.469538 0.433137 0.474014 0.433077 0.479300 0.435777
0 0.511188 0.506948 0.510976 0.512114 0.509485 0.515731 0.507250 0.518158 0.502979 0.519074 0.496401 0.518181 0.493365 0.515108 0.492204 0.510303 0.492973 0.505684 0.495043 0.501964 0.498601 0.499808 0.503077 0.499748 0.508362 0.502449
0 0.533019 0.551743 0.532807 0.556908 0.531316 0.560526 0.529081 0.562953 0.524810 0.563869 0.518232 0.562975 0.515196 0.559903 0.514035 0.555098 0.514804 0.550479 0.516874 0.546759 0.520432 0.544603 0.524907 0.544543 0.530193 0.547243
0 0.568497 0.570665 0.568285 0.575830 0.566794 0.579447 0.564559 0.581874 0.560288 0.582791 0.553710 0.581897 0.550674 0.578825 0.549512 0.574020 0.550282 0.569400 0.552352 0.565680 0.555910 0.563525 0.560386 0.563464 0.565671 0.566165
0 0.543852 0.607383 0.543640 0.612549 0.542149 0.616166 0.539914 0.618594 0.535643 0.619510 0.529065 0.618616 0.526029 0.615544 0.524868 0.610739 0.525637 0.606119 0.527707 0.602399 0.531264 0.600244 0.535740 0.600183 0.541026 0.602884
0 0.525065 0.663358 0.524853 0.668523 0.523363 0.672141 0.521127 0.674568 0.516856 0.675484 0.510278 0.674591 0.507242 0.671518 0.506081 0.666713 0.506850 0.662094 0.508920 0.658374 0.512477 0.656218 0.516954 0.656158 0.522239 0.658858
0 0.598654 0.769063 0.598443 0.774228 0.596952 0.777846 0.594717 0.780273 0.590446 0.781189 0.583868 0.780295 0.580832 0.777223 0.579670 0.772418 0.580440 0.767799 0.582510 0.764079 0.586068 0.761923 0.590543 0.761863 0.595829 0.764563
0 0.654887 0.698753 0.654675 0.703918 0.653184 0.707536 0.650948 0.709963 0.646678 0.710879 0.640100 0.709986 0.637063 0.706913 0.635902 0.702108 0.636672 0.697489 0.638742 0.693769 0.642299 0.691613 0.646775 0.691553 0.652060 0.694254
0 0.559645 0.772612 0.559433 0.777777 0.557942 0.781395 0.555707 0.783822 0.551436 0.784738 0.544858 0.783845 0.541822 0.780772 0.540661 0.775967 0.541430 0.771348 0.543500 0.767628 0.547057 0.765472 0.551533 0.765412 0.556819 0.768112
0 0.536878 0.770975 0.536666 0.776140 0.535175 0.779758 0.532939 0.782185 0.528704 0.782581 0.522096 0.782124 0.519054 0.779135 0.517893 0.774330 0.518663 0.769711 0.520732 0.765991 0.524290 0.763835 0.528766 0.763775 0.534051 0.766476
0 0.431059 0.596138 0.430847 0.601303 0.429356 0.604920 0.427121 0.607347 0.422886 0.607744 0.416277 0.607286 0.413235 0.604298 0.412074 0.599493 0.412844 0.594873 0.414913 0.591154 0.418471 0.588998 0.422947 0.588938 0.428233 0.591638
0 0.293154 0.735979 0.292943 0.741144 0.291452 0.744761 0.289217 0.747188 0.284982 0.747585 0.278373 0.747127 0.275331 0.744139 0.274171 0.739333 0.274940 0.734714 0.277009 0.730994 0.280567 0.728839 0.285043 0.728778 0.290329 0.731478
0 0.272456 0.726914 0.272244 0.732079 0.270754 0.735697 0.268518 0.738124 0.264283 0.738521 0.257675 0.738063 0.254633 0.735074 0.253472 0.730269 0.254241 0.725650 0.256311 0.721930 0.259869 0.719775 0.264345 0.719714 0.269630 0.722414
0 0.296631 0.656440 0.296419 0.661605 0.294928 0.665222 0.292692 0.667649 0.288458 0.668046 0.281849 0.667588 0.278807 0.664600 0.277646 0.659794 0.278416 0.655175 0.280485 0.651456 0.284043 0.649300 0.288519 0.649239 0.293804 0.651940
0 0.338773 0.640844 0.338562 0.646009 0.337071 0.649626 0.334836 0.652053 0.330601 0.652450 0.323993 0.651992 0.320951 0.649004 0.319790 0.644198 0.320559 0.639579 0.322628 0.635859 0.326186 0.633704 0.330662 0.633643 0.335948 0.636344
0 0.207060 0.593002 0.206848 0.598167 0.205357 0.601784 0.203122 0.604211 0.198887 0.604608 0.192278 0.604150 0.189237 0.601162 0.188075 0.596357 0.188845 0.591737 0.190914 0.588018 0.194472 0.585862 0.198948 0.585802 0.204234 0.588502
0 0.116606 0.613040 0.117111 0.616097 0.115822 0.619183 0.112931 0.620621 0.110496 0.621016 0.107276 0.620179 0.105269 0.616608 0.105837 0.613216 0.107339 0.610760 0.111243 0.609852 0.114253 0.610777
0 0.225024 0.591151 0.225530 0.594207 0.224240 0.597294 0.221349 0.598732 0.218914 0.599127 0.215694 0.598289 0.213687 0.594719 0.214255 0.591327 0.215757 0.588870 0.219661 0.587963 0.222671 0.588888
0 0.213060 0.548104 0.213565 0.551161 0.212276 0.554247 0.209385 0.555685 0.206950 0.556080 0.203729 0.555243 0.201723 0.551672 0.202291 0.548280 0.203792 0.545824 0.207697 0.544916 0.210706 0.545841
0 0.117198 0.567871 0.117704 0.570928 0.116415 0.574014 0.113523 0.575452 0.111089 0.575847 0.107868 0.575010 0.105861 0.571440 0.106429 0.568047 0.107931 0.565591 0.111836 0.564683 0.114845 0.565609
0 0.109515 0.557590 0.110021 0.560646 0.108731 0.563733 0.105840 0.565171 0.103405 0.565566 0.100185 0.564728 0.098179 0.561158 0.098746 0.557766 0.100248 0.555309 0.104153 0.554402 0.107162 0.555327
0 0.122158 0.555264 0.122663 0.558321 0.121374 0.561407 0.118483 0.562845 0.116048 0.563240 0.112828 0.562403 0.110821 0.558832 0.111388 0.555440 0.112890 0.552984 0.116795 0.552076 0.119805 0.553001
0 0.064935 0.663381 0.065441 0.666438 0.064151 0.669524 0.061260 0.670963 0.058825 0.671357 0.055605 0.670520 0.053598 0.666949 0.054166 0.663558 0.055668 0.661101 0.059573 0.660193 0.062581 0.661118
0 0.072803 0.651176 0.073309 0.654232 0.072020 0.657318 0.069128 0.658757 0.066694 0.659151 0.063473 0.658314 0.061466 0.654743 0.062034 0.651352 0.063536 0.648895 0.067441 0.647987 0.070450 0.648912
0 0.076344 0.721207 0.076849 0.724264 0.075560 0.727350 0.072669 0.728789 0.070233 0.729183 0.067013 0.728346 0.065007 0.724775 0.065574 0.721384 0.067076 0.718927 0.070981 0.718019 0.073990 0.718944
0 0.254873 0.744963 0.255379 0.748019 0.254089 0.751105 0.251198 0.752544 0.248763 0.752939 0.245543 0.752101 0.243536 0.748531 0.244104 0.745139 0.245606 0.742682 0.249510 0.741775 0.252520 0.742700
0 0.314463 0.746433 0.314969 0.749489 0.313679 0.752575 0.310788 0.754014 0.308353 0.754409 0.305133 0.753571 0.303126 0.750001 0.303694 0.746609 0.305196 0.744152 0.309100 0.743245 0.312110 0.744170
0 0.370319 0.738776 0.370824 0.741833 0.369535 0.744919 0.366644 0.746358 0.364209 0.746753 0.360989 0.745915 0.358982 0.742345 0.359550 0.738953 0.361051 0.736496 0.364956 0.735588 0.367966 0.736514
0 0.418356 0.686377 0.418862 0.689434 0.417572 0.692520 0.414681 0.693959 0.412246 0.694353 0.409026 0.693516 0.407019 0.689945 0.407587 0.686554 0.409089 0.684097 0.412993 0.683189 0.416003 0.684114
0 0.436277 0.698469 0.436783 0.701525 0.435493 0.704611 0.432602 0.706050 0.430167 0.706445 0.426947 0.705607 0.424940 0.702037 0.425508 0.698645 0.427010 0.696188 0.430915 0.695281 0.433923 0.696206
0 0.536496 0.749681 0.537001 0.752738 0.535712 0.755824 0.532821 0.757263 0.530386 0.757658 0.527166 0.756820 0.525159 0.753250 0.525726 0.749858 0.527228 0.747401 0.531133 0.746494 0.534143 0.747419
0 0.706494 0.735057 0.706999 0.738113 0.705710 0.741199 0.702819 0.742638 0.700384 0.743033 0.697163 0.742195 0.695157 0.738625 0.695725 0.735233 0.697227 0.732776 0.701131 0.731869 0.704140 0.732794
0 0.694209 0.718318 0.694715 0.721374 0.693425 0.724460 0.690534 0.725899 0.688099 0.726294 0.684879 0.725457 0.682872 0.721886 0.683440 0.718494 0.684942 0.716037 0.688847 0.715130 0.691856 0.716055
0 0.886650 0.783555 0.887156 0.786612 0.885866 0.789698 0.882975 0.791136 0.880540 0.791531 0.877320 0.790693 0.875313 0.787123 0.875881 0.783731 0.877383 0.781274 0.881287 0.780366 0.884297 0.781292
0 0.900229 0.744050 0.900734 0.747107 0.899445 0.750193 0.896554 0.751631 0.894119 0.752025 0.890899 0.751188 0.888892 0.747618 0.889460 0.744226 0.890962 0.741769 0.894866 0.740861 0.897875 0.741787
0 0.877793 0.666990 0.878299 0.670047 0.877009 0.673133 0.874118 0.674571 0.871683 0.674966 0.868463 0.674129 0.866456 0.670558 0.867024 0.667166 0.868526 0.664709 0.872431 0.663802 0.875440 0.664727
0 0.975511 0.626215 0.976016 0.629272 0.974727 0.632358 0.971836 0.633797 0.969401 0.634192 0.966181 0.633354 0.964174 0.629784 0.964742 0.626392 0.966244 0.623935 0.970148 0.623028 0.973158 0.623953
0 0.954345 0.601768 0.954850 0.604824 0.953561 0.607911 0.950670 0.609349 0.948235 0.609743 0.945015 0.608906 0.943008 0.605336 0.943576 0.601944 0.945078 0.599487 0.948982 0.598579 0.951992 0.599505
0 0.734138 0.602548 0.734644 0.605605 0.733354 0.608691 0.730463 0.610130 0.728028 0.610524 0.724808 0.609687 0.722801 0.606117 0.723369 0.602725 0.724871 0.600268 0.728776 0.599360 0.731785 0.600286
0 0.768993 0.553329 0.769499 0.556386 0.768209 0.559472 0.765318 0.560911 0.762883 0.561305 0.759663 0.560468 0.757656 0.556897 0.758224 0.553505 0.759726 0.551049 0.763630 0.550141 0.766640 0.551066
0 0.731745 0.497072 0.732251 0.500129 0.730961 0.503215 0.728070 0.504654 0.725636 0.505049 0.722415 0.504211 0.720408 0.500641 0.720976 0.497249 0.722478 0.494792 0.726383 0.493884 0.729392 0.494810
0 0.620702 0.456094 0.621208 0.459151 0.619919 0.462237 0.617027 0.463675 0.614593 0.464070 0.611372 0.463233 0.609365 0.459662 0.609933 0.456270 0.611435 0.453813 0.615340 0.452906 0.618349 0.453831
0 0.668572 0.413508 0.669078 0.416565 0.667788 0.419651 0.664897 0.421089 0.662462 0.421484 0.659242 0.420647 0.657235 0.417076 0.657803 0.413684 0.659305 0.411228 0.663209 0.410320 0.666219 0.411245
0 0.590852 0.394930 0.591358 0.397987 0.590068 0.401073 0.587177 0.402511 0.584742 0.402906 0.581522 0.402069 0.579515 0.398498 0.580083 0.395106 0.581585 0.392650 0.585489 0.391742 0.588499 0.392667
0 0.562971 0.490316 0.563476 0.493373 0.562187 0.496459 0.559296 0.497898 0.556861 0.498292 0.553641 0.497455 0.551634 0.493884 0.552202 0.490493 0.553704 0.488036 0.557608 0.487128 0.560617 0.488053
0 0.505995 0.473765 0.506500 0.476822 0.505211 0.479908 0.502320 0.481347 0.499885 0.481741 0.496665 0.480904 0.494658 0.477333 0.495226 0.473942 0.496728 0.471485 0.500632 0.470577 0.503642 0.471502
0 0.468566 0.544851 0.469071 0.547908 0.467782 0.550994 0.464891 0.552432 0.462456 0.552827 0.459235 0.551989 0.457229 0.548419 0.457796 0.545027 0.459298 0.542571 0.463203 0.541663 0.466212 0.542588
0 0.596131 0.530898 0.595920 0.536063 0.594429 0.539680 0.592194 0.542107 0.587923 0.543023 0.581345 0.542130 0.578309 0.539058 0.577147 0.534253 0.577917 0.529633 0.579987 0.525913 0.583544 0.523758 0.588020 0.523697 0.593306 0.526398
0 0.435242 0.496841 0.435748 0.499898 0.434459 0.502984 0.431567 0.504423 0.429133 0.504818 0.425912 0.503980 0.423905 0.500410 0.424473 0.497018 0.425975 0.494561 0.429879 0.493653 0.432889 0.494579
0 0.394448 0.502686 0.394954 0.505743 0.393665 0.508829 0.390774 0.510267 0.388338 0.510662 0.385118 0.509825 0.383112 0.506254 0.383679 0.502862 0.385181 0.500405 0.389086 0.499498 0.392095 0.500423
0 0.446151 0.530481 0.444340 0.532512 0.441772 0.532813 0.438859 0.532272 0.437619 0.530585 0.437514 0.528073 0.438609 0.526340 0.440149 0.525194 0.441973 0.524486 0.444392 0.524723 0.446612 0.526337 0.446691 0.528709
0 0.398099 0.620786 0.396288 0.622817 0.393720 0.623118 0.390807 0.622577 0.389567 0.620891 0.389463 0.618379 0.390557 0.616645 0.392097 0.615499 0.393921 0.614791 0.396341 0.615027 0.398560 0.616642 0.398640 0.619014
0 0.326990 0.570687 0.325180 0.572719 0.322611 0.573020 0.319698 0.572479 0.318458 0.570792 0.318353 0.568280 0.319448 0.566547 0.320988 0.565401 0.322812 0.564692 0.325232 0.564929 0.327451 0.566544 0.327531 0.568915
0 0.366456 0.730704 0.364644 0.732735 0.362076 0.733036 0.359163 0.732495 0.357923 0.730809 0.357818 0.728296 0.358913 0.726563 0.360454 0.725417 0.362277 0.724709 0.364696 0.724946 0.366916 0.726561 0.366995 0.728932
0 0.373638 0.701465 0.371827 0.703497 0.369259 0.703798 0.366346 0.703257 0.365106 0.701571 0.365002 0.699059 0.366096 0.697325 0.367636 0.696179 0.369460 0.695470 0.371880 0.695707 0.374099 0.697322 0.374179 0.699694
0 0.238181 0.731835 0.236370 0.733867 0.233802 0.734168 0.230889 0.733627 0.229649 0.731941 0.229544 0.729428 0.230638 0.727695 0.232179 0.726549 0.234003 0.725840 0.236422 0.726078 0.238642 0.727693 0.238721 0.730064
0 0.180223 0.687531 0.178412 0.689563 0.175844 0.689864 0.172930 0.689323 0.171690 0.687637 0.171586 0.685125 0.172680 0.683391 0.174221 0.682245 0.176044 0.681536 0.178464 0.681773 0.180684 0.683388 0.180763 0.685760
0 0.085796 0.719324 0.083984 0.721355 0.081417 0.721656 0.078504 0.721115 0.077263 0.719429 0.077159 0.716917 0.078253 0.715183 0.079794 0.714038 0.081618 0.713329 0.084037 0.713566 0.086256 0.715181 0.086336 0.717552
0 0.048065 0.649163 0.046253 0.651194 0.043686 0.651495 0.040772 0.650954 0.039532 0.649268 0.039428 0.646755 0.040522 0.645022 0.042063 0.643876 0.043886 0.643168 0.046305 0.643405 0.048525 0.645020 0.048604 0.647391
0 0.218070 0.453157 0.216259 0.455188 0.213691 0.455489 0.210778 0.454948 0.209538 0.453262 0.209433 0.450750 0.210527 0.449016 0.212068 0.447870 0.213892 0.447162 0.216311 0.447399 0.218531 0.449014 0.218610 0.451385
0 0.275859 0.368968 0.274048 0.371000 0.271480 0.371301 0.268567 0.370760 0.267326 0.369074 0.267222 0.366561 0.268316 0.364828 0.269857 0.363682 0.271681 0.362973 0.274100 0.363210 0.276320 0.364825 0.276399 0.367197
0 0.261679 0.236312 0.259868 0.238344 0.257300 0.238645 0.254387 0.238103 0.253147 0.236417 0.253042 0.233905 0.254136 0.232172 0.255677 0.231025 0.257501 0.230317 0.259920 0.230554 0.262139 0.232169 0.262219 0.234540
0 0.334042 0.280754 0.332232 0.282785 0.329663 0.283086 0.326750 0.282545 0.325510 0.280859 0.325406 0.278347 0.326500 0.276613 0.328040 0.275467 0.329865 0.274759 0.332284 0.274995 0.334504 0.276610 0.334583 0.278982
0 0.629523 0.357000 0.630028 0.360057 0.628739 0.363143 0.625848 0.364582 0.623413 0.364976 0.620192 0.364139 0.618186 0.360568 0.618754 0.357177 0.620256 0.354720 0.624160 0.353812 0.627169 0.354737
0 0.710277 0.651262 0.713459 0.652943 0.715433 0.656425 0.715342 0.660471 0.713459 0.663859 0.708630 0.665519 0.703515 0.664215 0.702120 0.661535 0.702106 0.656963 0.703532 0.653387 0.706568 0.651052
0 0.652585 0.604222 0.653090 0.607278 0.651801 0.610364 0.648910 0.611803 0.646475 0.612198 0.643254 0.611360 0.641248 0.607790 0.641815 0.604398 0.643317 0.601941 0.647222 0.601034 0.650231 0.601959
0 0.326296 0.507833 0.330361 0.509437 0.332918 0.513719 0.333084 0.518358 0.330941 0.522176 0.327289 0.524285 0.321765 0.524339 0.317561 0.521523 0.315655 0.518103 0.315981 0.513279 0.318663 0.509220 0.322064 0.507645
0 0.254883 0.490506 0.253072 0.492537 0.250504 0.492838 0.247591 0.492297 0.246350 0.490611 0.246246 0.488098 0.247340 0.486365 0.248881 0.485219 0.250704 0.484511 0.253124 0.484748 0.255343 0.486363 0.255423 0.488734
0 0.196349 0.271518 0.200413 0.273121 0.202970 0.277403 0.203136 0.282042 0.200993 0.285860 0.197342 0.287969 0.191817 0.288024 0.187613 0.285207 0.185707 0.281786 0.186034 0.276963 0.188716 0.272905 0.192116 0.271329
0 0.233196 0.227061 0.231385 0.229093 0.228817 0.229394 0.225904 0.228853 0.224664 0.227166 0.224559 0.224654 0.225654 0.222921 0.227194 0.221775 0.229018 0.221066 0.231437 0.221303 0.233657 0.222918 0.233736 0.225289
0 0.333887 0.403401 0.337070 0.405082 0.339044 0.408565 0.338952 0.412610 0.337069 0.415999 0.332241 0.417659 0.327125 0.416354 0.325730 0.413674 0.325717 0.409102 0.327143 0.405526 0.330179 0.403192
0 0.755640 0.781754 0.755428 0.786919 0.753937 0.790536 0.751702 0.792963 0.747431 0.793879 0.740853 0.792986 0.737817 0.789914 0.736656 0.785109 0.737425 0.780489 0.739494 0.776770 0.743052 0.774614 0.747528 0.774553 0.752814 0.777254
