0 0.347846 0.378595 0.351080 0.380175 0.353162 0.383594 0.353198 0.387640 0.351423 0.391086 0.346648 0.392897 0.341495 0.391754 0.340016 0.389119 0.339859 0.384550 0.341172 0.380931 0.344133 0.378502
0 0.365714 0.397683 0.368947 0.399263 0.371030 0.402681 0.371065 0.406728 0.369290 0.410174 0.364516 0.411985 0.359362 0.410842 0.357883 0.408206 0.357726 0.403638 0.359039 0.400018 0.362001 0.397590
0 0.306582 0.399450 0.309815 0.401030 0.311898 0.404449 0.311933 0.408495 0.310158 0.411941 0.305384 0.413752 0.300230 0.412609 0.298751 0.409974 0.298594 0.405406 0.299907 0.401786 0.302869 0.399357
0 0.309369 0.380799 0.312602 0.382380 0.314685 0.385798 0.314720 0.389844 0.312945 0.393290 0.308171 0.395101 0.303017 0.393958 0.301539 0.391323 0.301381 0.386754 0.302694 0.383135 0.305656 0.380706
0 0.421400 0.362794 0.424634 0.364375 0.426716 0.367793 0.426752 0.371839 0.424976 0.375285 0.420202 0.377096 0.415048 0.375953 0.413570 0.373318 0.413413 0.368749 0.414726 0.365130 0.417687 0.362701
0 0.337373 0.448906 0.340606 0.450486 0.342689 0.453904 0.342724 0.457951 0.340949 0.461396 0.336175 0.463207 0.331021 0.462064 0.329542 0.459429 0.329386 0.454860 0.330698 0.451241 0.333659 0.448812
0 0.290087 0.482037 0.293321 0.483617 0.295403 0.487035 0.295438 0.491082 0.293663 0.494528 0.288889 0.496339 0.283735 0.495196 0.282256 0.492561 0.282100 0.487992 0.283412 0.484372 0.286374 0.481944
0 0.355386 0.487107 0.358620 0.488688 0.360702 0.492106 0.360738 0.496153 0.358963 0.499599 0.354189 0.501409 0.349035 0.500266 0.347557 0.497631 0.347400 0.493062 0.348712 0.489443 0.351674 0.487014
0 0.399550 0.421557 0.402784 0.423137 0.404866 0.426555 0.404902 0.430602 0.403127 0.434047 0.398352 0.435858 0.393199 0.434716 0.391720 0.432080 0.391563 0.427512 0.392875 0.423892 0.395837 0.421464
0 0.469709 0.366887 0.472942 0.368467 0.475024 0.371885 0.475060 0.375932 0.473285 0.379378 0.468510 0.381189 0.463357 0.380046 0.461878 0.377410 0.461721 0.372842 0.463034 0.369222 0.465995 0.366794
0 0.293571 0.463246 0.296805 0.464826 0.298887 0.468245 0.298923 0.472291 0.297147 0.475737 0.292373 0.477548 0.287219 0.476405 0.285741 0.473770 0.285584 0.469201 0.286897 0.465581 0.289858 0.463153
0 0.520742 0.377149 0.523976 0.378729 0.526058 0.382147 0.526094 0.386194 0.524319 0.389639 0.519544 0.391450 0.514391 0.390307 0.512912 0.387672 0.512755 0.383104 0.514068 0.379484 0.517029 0.377056
0 0.498619 0.378749 0.501852 0.380329 0.503934 0.383747 0.503970 0.387794 0.502195 0.391240 0.497421 0.393051 0.492267 0.391908 0.490789 0.389272 0.490632 0.384704 0.491944 0.381084 0.494905 0.378655
0 0.509360 0.397915 0.512594 0.399495 0.514676 0.402914 0.514712 0.406960 0.512937 0.410406 0.508162 0.412217 0.503009 0.411074 0.501530 0.408439 0.501373 0.403870 0.502686 0.400250 0.505647 0.397822
0 0.501518 0.430797 0.504752 0.432377 0.506834 0.435796 0.506869 0.439842 0.505095 0.443288 0.500320 0.445099 0.495166 0.443956 0.493688 0.441321 0.493531 0.436752 0.494843 0.433132 0.497805 0.430704
0 0.344074 0.330895 0.347308 0.332475 0.349390 0.335893 0.349425 0.339940 0.347650 0.343386 0.342876 0.345197 0.337722 0.344054 0.336244 0.341418 0.336087 0.336849 0.337399 0.333230 0.340360 0.330801
0 0.363269 0.323979 0.366503 0.325559 0.368585 0.328977 0.368621 0.333024 0.366845 0.336470 0.362071 0.338281 0.356917 0.337138 0.355439 0.334503 0.355282 0.329933 0.356594 0.326314 0.359556 0.323886
0 0.279994 0.390144 0.283227 0.391724 0.285310 0.395142 0.285345 0.399189 0.283570 0.402635 0.278796 0.404446 0.273642 0.403303 0.272163 0.400668 0.272006 0.396099 0.273319 0.392479 0.276281 0.390051
0 0.260404 0.398266 0.263637 0.399846 0.265719 0.403265 0.265755 0.407311 0.263980 0.410756 0.259206 0.412567 0.254052 0.411424 0.252574 0.408790 0.252417 0.404221 0.253729 0.400601 0.256691 0.398173
0 0.234782 0.432735 0.238016 0.434316 0.240098 0.437734 0.240134 0.441780 0.238359 0.445226 0.233584 0.447037 0.228431 0.445894 0.226952 0.443259 0.226795 0.438690 0.228107 0.435071 0.231069 0.432642
0 0.225828 0.504309 0.229062 0.505889 0.231144 0.509307 0.231180 0.513354 0.229404 0.516800 0.224630 0.518611 0.219476 0.517468 0.217998 0.514832 0.217841 0.510263 0.219153 0.506644 0.222115 0.504215
0 0.276657 0.501538 0.279891 0.503118 0.281973 0.506537 0.282009 0.510583 0.280234 0.514029 0.275459 0.515840 0.270306 0.514697 0.268827 0.512062 0.268670 0.507494 0.269983 0.503874 0.272944 0.501445
0 0.247149 0.477848 0.250383 0.479428 0.252465 0.482847 0.252500 0.486893 0.250726 0.490339 0.245951 0.492150 0.240798 0.491007 0.239319 0.488372 0.239162 0.483803 0.240475 0.480183 0.243436 0.477755
0 0.221275 0.468364 0.224508 0.469944 0.226590 0.473363 0.226626 0.477409 0.224851 0.480855 0.220076 0.482666 0.214923 0.481523 0.213444 0.478888 0.213287 0.474319 0.214600 0.470700 0.217561 0.468271
0 0.194251 0.475511 0.197485 0.477091 0.199567 0.480509 0.199603 0.484556 0.197828 0.488002 0.193053 0.489813 0.187900 0.488670 0.186421 0.486035 0.186264 0.481466 0.187577 0.477847 0.190538 0.475418
0 0.107098 0.451036 0.110332 0.452617 0.112414 0.456035 0.112449 0.460081 0.110675 0.463527 0.105900 0.465338 0.100746 0.464195 0.099268 0.461560 0.099111 0.456992 0.100423 0.453372 0.103385 0.450943
0 0.147710 0.479666 0.150943 0.481247 0.153026 0.484665 0.153061 0.488711 0.151286 0.492157 0.146512 0.493968 0.141358 0.492825 0.139880 0.490190 0.139723 0.485622 0.141035 0.482002 0.143997 0.479574
0 0.103271 0.501789 0.106505 0.503369 0.108587 0.506787 0.108623 0.510834 0.106848 0.514280 0.102073 0.516091 0.096920 0.514948 0.095441 0.512312 0.095284 0.507744 0.096597 0.504124 0.099558 0.501696
0 0.076823 0.466056 0.080056 0.467636 0.082139 0.471054 0.082174 0.475101 0.080399 0.478547 0.075625 0.480358 0.070471 0.479215 0.068993 0.476579 0.068836 0.472011 0.070148 0.468391 0.073110 0.465963
0 0.057576 0.460469 0.060809 0.462049 0.062892 0.465468 0.062927 0.469514 0.061153 0.472960 0.056378 0.474771 0.051225 0.473628 0.049746 0.470993 0.049589 0.466424 0.050902 0.462804 0.053863 0.460376
0 0.173556 0.370010 0.176790 0.371590 0.178872 0.375009 0.178907 0.379055 0.177133 0.382500 0.172358 0.384311 0.167205 0.383168 0.165726 0.380534 0.165569 0.375965 0.166882 0.372345 0.169843 0.369917
0 0.143636 0.357247 0.146869 0.358827 0.148951 0.362245 0.148987 0.366292 0.147212 0.369738 0.142438 0.371549 0.137284 0.370406 0.135806 0.367771 0.135649 0.363201 0.136961 0.359582 0.139922 0.357154
0 0.089675 0.350872 0.092909 0.352452 0.094991 0.355870 0.095026 0.359917 0.093252 0.363363 0.088477 0.365174 0.083324 0.364031 0.081845 0.361395 0.081688 0.356827 0.083000 0.353207 0.085962 0.350779
0 0.059890 0.357567 0.063123 0.359148 0.065205 0.362566 0.065241 0.366613 0.063466 0.370058 0.058691 0.371869 0.053538 0.370726 0.052059 0.368091 0.051902 0.363522 0.053215 0.359903 0.056176 0.357474
0 0.079364 0.384706 0.082597 0.386286 0.084680 0.389704 0.084715 0.393751 0.082940 0.397197 0.078166 0.399007 0.073012 0.397865 0.071534 0.395229 0.071377 0.390660 0.072689 0.387041 0.075651 0.384612
0 0.109890 0.362932 0.113123 0.364512 0.115206 0.367930 0.115242 0.371977 0.113466 0.375423 0.108692 0.377234 0.103538 0.376091 0.102060 0.373455 0.101903 0.368887 0.103216 0.365268 0.106177 0.362839
0 0.018605 0.434180 0.021839 0.435759 0.023921 0.439178 0.023957 0.443225 0.022182 0.446670 0.017408 0.448481 0.012254 0.447338 0.010776 0.444703 0.010618 0.440134 0.011931 0.436515 0.014893 0.434086
0 0.112238 0.293375 0.115472 0.294956 0.117554 0.298374 0.117590 0.302420 0.115815 0.305866 0.111040 0.307677 0.105887 0.306534 0.104408 0.303899 0.104251 0.299330 0.105564 0.295711 0.108525 0.293282
0 0.049175 0.293431 0.052409 0.295011 0.054491 0.298430 0.054527 0.302476 0.052752 0.305922 0.047977 0.307733 0.042823 0.306590 0.041345 0.303955 0.041188 0.299386 0.042501 0.295767 0.045462 0.293339
0 0.047355 0.314034 0.050589 0.315615 0.052671 0.319033 0.052707 0.323080 0.050932 0.326526 0.046157 0.328336 0.041004 0.327194 0.039525 0.324558 0.039368 0.319989 0.040681 0.316370 0.043642 0.313941
0 0.065228 0.305332 0.068462 0.306912 0.070544 0.310330 0.070579 0.314377 0.068805 0.317823 0.064030 0.319633 0.058877 0.318491 0.057398 0.315855 0.057241 0.311287 0.058553 0.307667 0.061515 0.305239
0 0.123699 0.251958 0.126932 0.253538 0.129015 0.256957 0.129050 0.261003 0.127275 0.264449 0.122500 0.266260 0.117347 0.265117 0.115868 0.262482 0.115711 0.257913 0.117024 0.254294 0.119985 0.251865
0 0.120944 0.237440 0.124178 0.239021 0.126260 0.242439 0.126296 0.246485 0.124521 0.249931 0.119746 0.251742 0.114593 0.250599 0.113114 0.247964 0.112957 0.243395 0.114270 0.239776 0.117231 0.237347
0 0.153877 0.239380 0.157110 0.240960 0.159193 0.244378 0.159228 0.248425 0.157453 0.251871 0.152679 0.253682 0.147525 0.252539 0.146047 0.249904 0.145890 0.245334 0.147202 0.241715 0.150164 0.239286
0 0.035702 0.245173 0.038936 0.246754 0.041018 0.250172 0.041054 0.254219 0.039279 0.257664 0.034505 0.259475 0.029351 0.258332 0.027872 0.255697 0.027715 0.251128 0.029028 0.247509 0.031989 0.245080
0 0.021189 0.252271 0.024422 0.253851 0.026505 0.257269 0.026540 0.261316 0.024765 0.264762 0.019991 0.266573 0.014837 0.265430 0.013359 0.262794 0.013202 0.258226 0.014514 0.254607 0.017476 0.252178
0 0.051874 0.235714 0.055108 0.237295 0.057190 0.240713 0.057226 0.244759 0.055450 0.248205 0.050676 0.250016 0.045522 0.248873 0.044044 0.246238 0.043887 0.241669 0.045200 0.238050 0.048161 0.235621
0 0.035831 0.205063 0.039064 0.206643 0.041147 0.210062 0.041183 0.214108 0.039407 0.217554 0.034633 0.219365 0.029479 0.218222 0.028001 0.215587 0.027844 0.211018 0.029157 0.207398 0.032118 0.204970
0 0.170245 0.229241 0.173479 0.230821 0.175561 0.234240 0.175597 0.238286 0.173821 0.241732 0.169047 0.243543 0.163893 0.242400 0.162415 0.239765 0.162258 0.235196 0.163571 0.231576 0.166532 0.229148
0 0.163725 0.263909 0.166958 0.265490 0.169041 0.268908 0.169077 0.272955 0.167301 0.276400 0.162527 0.278211 0.157373 0.277068 0.155895 0.274433 0.155738 0.269865 0.157051 0.266245 0.160012 0.263817
0 0.273939 0.352577 0.277172 0.354157 0.279254 0.357576 0.279290 0.361622 0.277515 0.365068 0.272741 0.366879 0.267587 0.365736 0.266108 0.363101 0.265952 0.358532 0.267264 0.354912 0.270225 0.352484
0 0.335188 0.285412 0.338421 0.286993 0.340504 0.290411 0.340539 0.294458 0.338764 0.297903 0.333990 0.299714 0.328836 0.298571 0.327357 0.295936 0.327200 0.291368 0.328513 0.287748 0.331474 0.285320
0 0.320335 0.266814 0.323569 0.268394 0.325651 0.271813 0.325687 0.275860 0.323912 0.279305 0.319137 0.281116 0.313984 0.279973 0.312505 0.277338 0.312348 0.272769 0.313661 0.269149 0.316622 0.266721
0 0.320287 0.311952 0.323521 0.313532 0.325603 0.316950 0.325639 0.320997 0.323863 0.324442 0.319089 0.326253 0.313935 0.325110 0.312457 0.322475 0.312300 0.317907 0.313613 0.314287 0.316574 0.311859
0 0.421324 0.276858 0.424558 0.278438 0.426640 0.281856 0.426676 0.285903 0.424900 0.289349 0.420126 0.291160 0.414972 0.290017 0.413494 0.287381 0.413337 0.282813 0.414650 0.279193 0.417611 0.276764
0 0.450748 0.288913 0.453982 0.290493 0.456064 0.293911 0.456100 0.297958 0.454324 0.301403 0.449550 0.303214 0.444396 0.302071 0.442918 0.299436 0.442761 0.294867 0.444074 0.291248 0.447035 0.288819
0 0.448639 0.271119 0.451873 0.272699 0.453955 0.276118 0.453990 0.280164 0.452215 0.283610 0.447440 0.285421 0.442287 0.284278 0.440808 0.281643 0.440651 0.277074 0.441964 0.273454 0.444925 0.271026
0 0.354102 0.267383 0.357336 0.268963 0.359418 0.272381 0.359453 0.276428 0.357678 0.279873 0.352904 0.281684 0.347750 0.280541 0.346272 0.277907 0.346115 0.273337 0.347427 0.269718 0.350389 0.267290
0 0.348378 0.216451 0.351612 0.218031 0.353694 0.221450 0.353730 0.225497 0.351955 0.228942 0.347180 0.230753 0.342027 0.229610 0.340548 0.226975 0.340391 0.222406 0.341704 0.218787 0.344665 0.216358
0 0.364549 0.225227 0.367783 0.226807 0.369865 0.230226 0.369901 0.234272 0.368126 0.237718 0.363351 0.239529 0.358198 0.238386 0.356719 0.235751 0.356562 0.231182 0.357875 0.227563 0.360836 0.225134
0 0.427955 0.248290 0.431188 0.249871 0.433271 0.253289 0.433306 0.257335 0.431531 0.260781 0.426756 0.262592 0.421603 0.261449 0.420124 0.258814 0.419968 0.254245 0.421280 0.250626 0.424241 0.248197
0 0.495080 0.250998 0.498314 0.252578 0.500396 0.255997 0.500432 0.260043 0.498657 0.263489 0.493883 0.265300 0.488729 0.264157 0.487251 0.261522 0.487094 0.256953 0.488406 0.253333 0.491368 0.250905
0 0.436521 0.385600 0.439755 0.387180 0.441837 0.390598 0.441873 0.394645 0.440098 0.398090 0.435323 0.399901 0.430169 0.398758 0.428691 0.396124 0.428534 0.391555 0.429847 0.387935 0.432808 0.385507
0 0.454649 0.379338 0.457883 0.380919 0.459965 0.384337 0.460001 0.388383 0.458226 0.391829 0.453451 0.393640 0.448298 0.392497 0.446819 0.389862 0.446662 0.385293 0.447975 0.381674 0.450936 0.379245
0 0.555445 0.359867 0.558678 0.361448 0.560761 0.364866 0.560796 0.368912 0.559021 0.372358 0.554247 0.374169 0.549093 0.373026 0.547615 0.370391 0.547458 0.365822 0.548770 0.362203 0.551732 0.359774
0 0.537074 0.427785 0.540308 0.429365 0.542390 0.432784 0.542425 0.436830 0.540651 0.440276 0.535876 0.442087 0.530722 0.440944 0.529244 0.438309 0.529087 0.433740 0.530399 0.430121 0.533361 0.427692
0 0.494085 0.416092 0.497318 0.417673 0.499400 0.421091 0.499436 0.425138 0.497661 0.428583 0.492886 0.430394 0.487733 0.429251 0.486254 0.426616 0.486097 0.422048 0.487410 0.418428 0.490371 0.416000
0 0.585064 0.403546 0.588298 0.405127 0.590380 0.408545 0.590416 0.412591 0.588640 0.416037 0.583866 0.417848 0.578712 0.416705 0.577234 0.414070 0.577077 0.409502 0.578389 0.405882 0.581351 0.403454
0 0.600321 0.385887 0.603555 0.387467 0.605637 0.390885 0.605673 0.394932 0.603898 0.398377 0.599123 0.400188 0.593970 0.399045 0.592491 0.396411 0.592334 0.391842 0.593647 0.388222 0.596608 0.385794
0 0.658825 0.331646 0.662058 0.333226 0.664141 0.336645 0.664176 0.340691 0.662401 0.344137 0.657626 0.345948 0.652473 0.344805 0.650994 0.342170 0.650837 0.337601 0.652150 0.333981 0.655111 0.331553
0 0.647561 0.349288 0.650795 0.350868 0.652877 0.354286 0.652913 0.358333 0.651138 0.361779 0.646364 0.363590 0.641210 0.362447 0.639731 0.359811 0.639574 0.355243 0.640887 0.351623 0.643848 0.349194
0 0.572429 0.296260 0.575663 0.297840 0.577745 0.301258 0.577781 0.305305 0.576006 0.308751 0.571231 0.310562 0.566078 0.309419 0.564599 0.306783 0.564442 0.302215 0.565755 0.298595 0.568716 0.296167
0 0.553287 0.287898 0.556521 0.289478 0.558603 0.292897 0.558638 0.296944 0.556863 0.300389 0.552089 0.302200 0.546935 0.301057 0.545457 0.298422 0.545300 0.293853 0.546612 0.290233 0.549574 0.287805
0 0.570907 0.244447 0.574141 0.246027 0.576223 0.249446 0.576258 0.253493 0.574483 0.256938 0.569709 0.258749 0.564555 0.257606 0.563077 0.254971 0.562920 0.250403 0.564232 0.246783 0.567193 0.244355
0 0.647329 0.392191 0.650563 0.393771 0.652645 0.397190 0.652681 0.401236 0.650906 0.404682 0.646131 0.406493 0.640978 0.405350 0.639499 0.402715 0.639342 0.398146 0.640655 0.394527 0.643616 0.392098
0 0.615779 0.394999 0.619013 0.396579 0.621095 0.399997 0.621131 0.404044 0.619356 0.407489 0.614581 0.409300 0.609428 0.408157 0.607949 0.405522 0.607792 0.400954 0.609105 0.397334 0.612066 0.394906
0 0.630448 0.383744 0.633681 0.385323 0.635764 0.388742 0.635799 0.392789 0.634024 0.396234 0.629250 0.398045 0.624096 0.396902 0.622618 0.394267 0.622461 0.389698 0.623773 0.386079 0.626735 0.383651
0 0.564058 0.343030 0.567292 0.344610 0.569374 0.348029 0.569410 0.352075 0.567635 0.355521 0.562860 0.357332 0.557706 0.356189 0.556228 0.353554 0.556071 0.348985 0.557383 0.345365 0.560345 0.342937
0 0.555723 0.306228 0.558956 0.307808 0.561039 0.311226 0.561074 0.315273 0.559299 0.318718 0.554525 0.320529 0.549371 0.319386 0.547893 0.316751 0.547735 0.312182 0.549048 0.308563 0.552010 0.306135
0 0.577763 0.320609 0.580997 0.322189 0.583079 0.325608 0.583114 0.329654 0.581339 0.333100 0.576565 0.334911 0.571411 0.333768 0.569932 0.331133 0.569776 0.326564 0.571088 0.322945 0.574049 0.320517
0 0.582694 0.438561 0.585928 0.440141 0.588010 0.443559 0.588046 0.447606 0.586271 0.451052 0.581496 0.452863 0.576343 0.451720 0.574864 0.449084 0.574707 0.444516 0.576020 0.440896 0.578981 0.438468
0 0.628582 0.447068 0.631815 0.448648 0.633897 0.452066 0.633933 0.456113 0.632158 0.459559 0.627384 0.461370 0.622230 0.460227 0.620752 0.457592 0.620595 0.453023 0.621907 0.449403 0.624868 0.446975
0 0.486763 0.462565 0.489997 0.464145 0.492079 0.467564 0.492115 0.471610 0.490340 0.475056 0.485565 0.476867 0.480411 0.475724 0.478933 0.473089 0.478776 0.468520 0.480088 0.464900 0.483050 0.462472
0 0.487643 0.489871 0.490877 0.491450 0.492959 0.494869 0.492995 0.498916 0.491220 0.502361 0.486445 0.504172 0.481292 0.503029 0.479813 0.500394 0.479656 0.495825 0.480969 0.492206 0.483930 0.489778
0 0.571777 0.539074 0.575011 0.540654 0.577093 0.544073 0.577129 0.548119 0.575354 0.551565 0.570579 0.553376 0.565426 0.552233 0.563947 0.549598 0.563790 0.545029 0.565103 0.541410 0.568064 0.538981
0 0.624013 0.471396 0.627246 0.472976 0.629328 0.476395 0.629364 0.480442 0.627589 0.483887 0.622814 0.485698 0.617660 0.484555 0.616182 0.481920 0.616025 0.477352 0.617338 0.473732 0.620299 0.471304
0 0.460526 0.490245 0.463760 0.491825 0.465842 0.495243 0.465878 0.499290 0.464103 0.502736 0.459328 0.504547 0.454175 0.503404 0.452696 0.500769 0.452539 0.496200 0.453852 0.492580 0.456813 0.490152
0 0.653920 0.479825 0.657153 0.481405 0.659236 0.484823 0.659271 0.488870 0.657496 0.492315 0.652722 0.494126 0.647568 0.492983 0.646089 0.490348 0.645932 0.485779 0.647245 0.482160 0.650207 0.479731
0 0.693908 0.451286 0.697141 0.452867 0.699224 0.456285 0.699260 0.460331 0.697484 0.463777 0.692710 0.465588 0.687556 0.464445 0.686078 0.461810 0.685921 0.457242 0.687234 0.453622 0.690195 0.451194
0 0.728434 0.443212 0.731668 0.444792 0.733750 0.448210 0.733785 0.452257 0.732010 0.455702 0.727236 0.457513 0.722082 0.456370 0.720604 0.453735 0.720447 0.449167 0.721759 0.445547 0.724720 0.443119
0 0.758408 0.440697 0.761641 0.442277 0.763723 0.445696 0.763759 0.449742 0.761984 0.453188 0.757209 0.454999 0.752056 0.453856 0.750577 0.451221 0.750420 0.446652 0.751733 0.443033 0.754694 0.440604
0 0.787379 0.437102 0.790613 0.438683 0.792695 0.442101 0.792731 0.446148 0.790956 0.449593 0.786181 0.451404 0.781028 0.450261 0.779549 0.447626 0.779392 0.443058 0.780705 0.439438 0.783666 0.437010
0 0.749785 0.360653 0.753019 0.362233 0.755101 0.365651 0.755137 0.369698 0.753361 0.373143 0.748587 0.374954 0.743433 0.373811 0.741955 0.371177 0.741798 0.366607 0.743111 0.362988 0.746072 0.360560
0 0.776793 0.344652 0.780026 0.346232 0.782109 0.349650 0.782144 0.353697 0.780369 0.357143 0.775595 0.358954 0.770441 0.357811 0.768962 0.355176 0.768805 0.350607 0.770118 0.346987 0.773080 0.344559
0 0.756197 0.319561 0.759430 0.321141 0.761513 0.324559 0.761548 0.328606 0.759773 0.332051 0.754999 0.333862 0.749845 0.332719 0.748367 0.330085 0.748210 0.325516 0.749522 0.321896 0.752484 0.319468
0 0.740240 0.323477 0.743474 0.325058 0.745556 0.328476 0.745591 0.332523 0.743816 0.335969 0.739042 0.337779 0.733888 0.336637 0.732409 0.334001 0.732252 0.329433 0.733565 0.325813 0.736527 0.323385
0 0.698165 0.259886 0.701399 0.261466 0.703481 0.264884 0.703517 0.268931 0.701741 0.272376 0.696967 0.274187 0.691813 0.273044 0.690335 0.270409 0.690178 0.265841 0.691491 0.262221 0.694452 0.259793
0 0.662353 0.237521 0.665587 0.239101 0.667669 0.242519 0.667704 0.246566 0.665929 0.250012 0.661155 0.251823 0.656002 0.250680 0.654523 0.248045 0.654366 0.243476 0.655678 0.239856 0.658640 0.237428
0 0.604300 0.298210 0.607534 0.299791 0.609615 0.303209 0.609651 0.307256 0.607876 0.310702 0.603101 0.312512 0.597948 0.311370 0.596469 0.308734 0.596312 0.304165 0.597625 0.300546 0.600586 0.298117
0 0.741925 0.237227 0.745159 0.238807 0.747241 0.242225 0.747277 0.246272 0.745502 0.249718 0.740727 0.251529 0.735574 0.250386 0.734095 0.247750 0.733938 0.243182 0.735251 0.239562 0.738212 0.237133
0 0.855388 0.365524 0.858622 0.367104 0.860704 0.370523 0.860740 0.374569 0.858965 0.378015 0.854190 0.379826 0.849037 0.378683 0.847558 0.376048 0.847401 0.371479 0.848714 0.367859 0.851675 0.365431
0 0.902302 0.337594 0.905536 0.339175 0.907618 0.342593 0.907654 0.346640 0.905879 0.350085 0.901104 0.351896 0.895951 0.350753 0.894472 0.348118 0.894315 0.343550 0.895628 0.339930 0.898589 0.337502
0 0.932199 0.383190 0.935432 0.384770 0.937514 0.388188 0.937550 0.392235 0.935775 0.395680 0.931001 0.397491 0.925847 0.396348 0.924369 0.393713 0.924211 0.389145 0.925524 0.385525 0.928486 0.383097
0 0.960831 0.407026 0.964065 0.408606 0.966147 0.412024 0.966182 0.416071 0.964407 0.419517 0.959633 0.421327 0.954479 0.420184 0.953000 0.417549 0.952843 0.412981 0.954156 0.409361 0.957118 0.406933
0 0.968236 0.390286 0.971470 0.391866 0.973552 0.395284 0.973588 0.399331 0.971813 0.402776 0.967038 0.404587 0.961885 0.403444 0.960406 0.400810 0.960249 0.396241 0.961562 0.392621 0.964523 0.390193
0 0.940948 0.399854 0.944182 0.401435 0.946264 0.404853 0.946299 0.408899 0.944524 0.412345 0.939750 0.414156 0.934596 0.413013 0.933118 0.410378 0.932961 0.405809 0.934273 0.402190 0.937235 0.399761
0 0.919397 0.423182 0.922631 0.424763 0.924713 0.428181 0.924748 0.432227 0.922973 0.435673 0.918199 0.437484 0.913045 0.436341 0.911566 0.433706 0.911409 0.429137 0.912722 0.425518 0.915683 0.423089
0 0.976236 0.426891 0.979469 0.428472 0.981552 0.431890 0.981587 0.435937 0.979812 0.439382 0.975038 0.441194 0.969884 0.440051 0.968405 0.437415 0.968248 0.432847 0.969561 0.429227 0.972523 0.426799
0 0.898632 0.374979 0.901866 0.376559 0.903948 0.379977 0.903984 0.384024 0.902208 0.387470 0.897434 0.389280 0.892280 0.388138 0.890802 0.385502 0.890645 0.380934 0.891958 0.377314 0.894919 0.374886
0 0.957917 0.295408 0.961150 0.296989 0.963233 0.300407 0.963268 0.304453 0.961493 0.307899 0.956719 0.309710 0.951565 0.308567 0.950087 0.305932 0.949930 0.301364 0.951242 0.297744 0.954204 0.295315
0 0.974294 0.294118 0.977528 0.295698 0.979610 0.299116 0.979646 0.303163 0.977870 0.306609 0.973096 0.308420 0.967942 0.307277 0.966464 0.304642 0.966307 0.300073 0.967619 0.296453 0.970581 0.294025
0 0.997662 0.282496 0.998397 0.284076 0.998397 0.287495 0.998397 0.291541 0.998397 0.294987 0.996464 0.296798 0.991311 0.295655 0.989832 0.293020 0.989675 0.288451 0.990988 0.284831 0.993949 0.282403
0 0.864638 0.313605 0.867871 0.315185 0.869954 0.318603 0.869989 0.322650 0.868214 0.326095 0.863440 0.327906 0.858286 0.326763 0.856807 0.324128 0.856650 0.319560 0.857963 0.315940 0.860924 0.313512
0 0.889579 0.255666 0.892812 0.257246 0.894895 0.260665 0.894931 0.264711 0.893155 0.268157 0.888381 0.269968 0.883227 0.268825 0.881749 0.266190 0.881592 0.261621 0.882904 0.258002 0.885866 0.255574
0 0.872699 0.247216 0.875932 0.248796 0.878015 0.252214 0.878050 0.256261 0.876275 0.259707 0.871500 0.261518 0.866346 0.260375 0.864868 0.257740 0.864711 0.253171 0.866024 0.249552 0.868985 0.247123
0 0.883301 0.417489 0.886534 0.419069 0.888617 0.422487 0.888652 0.426534 0.886877 0.429980 0.882102 0.431791 0.876949 0.430648 0.875470 0.428013 0.875313 0.423444 0.876626 0.419824 0.879587 0.417396
0 0.983312 0.483271 0.986546 0.484851 0.988628 0.488270 0.988664 0.492316 0.986889 0.495762 0.982115 0.497573 0.976961 0.496430 0.975482 0.493795 0.975326 0.489226 0.976638 0.485607 0.979599 0.483178
0 0.933352 0.499801 0.936586 0.501381 0.938668 0.504799 0.938703 0.508846 0.936929 0.512292 0.932154 0.514103 0.927000 0.512960 0.925522 0.510324 0.925365 0.505756 0.926677 0.502137 0.929639 0.499708
0 0.874695 0.521214 0.877929 0.522794 0.880011 0.526212 0.880047 0.530259 0.878272 0.533704 0.873497 0.535515 0.868343 0.534372 0.866865 0.531737 0.866708 0.527168 0.868021 0.523549 0.870982 0.521120
0 0.955391 0.504980 0.958624 0.506560 0.960707 0.509978 0.960743 0.514025 0.958967 0.517470 0.954193 0.519281 0.949039 0.518138 0.947561 0.515503 0.947404 0.510934 0.948716 0.507315 0.951678 0.504887
0 0.992246 0.462776 0.995480 0.464355 0.997562 0.467774 0.997598 0.471821 0.995823 0.475266 0.991048 0.477077 0.985895 0.475934 0.984416 0.473299 0.984259 0.468730 0.985572 0.465111 0.988533 0.462682
0 0.824068 0.513928 0.827301 0.515508 0.829384 0.518926 0.829419 0.522973 0.827644 0.526418 0.822870 0.528229 0.817716 0.527086 0.816238 0.524451 0.816081 0.519882 0.817393 0.516263 0.820355 0.513834
0 0.784710 0.578727 0.787944 0.580307 0.790026 0.583726 0.790062 0.587772 0.788287 0.591217 0.783513 0.593028 0.778359 0.591885 0.776881 0.589251 0.776724 0.584682 0.778036 0.581062 0.780998 0.578634
0 0.750516 0.608809 0.753749 0.610389 0.755832 0.613807 0.755867 0.617854 0.754092 0.621300 0.749318 0.623111 0.744164 0.621968 0.742686 0.619332 0.742529 0.614764 0.743842 0.611144 0.746803 0.608715
0 0.699952 0.613200 0.703185 0.614780 0.705268 0.618198 0.705303 0.622245 0.703528 0.625690 0.698753 0.627501 0.693600 0.626358 0.692121 0.623723 0.691964 0.619155 0.693277 0.615535 0.696238 0.613107
0 0.908579 0.621894 0.911812 0.623474 0.913894 0.626892 0.913930 0.630939 0.912155 0.634384 0.907380 0.636195 0.902227 0.635052 0.900748 0.632417 0.900591 0.627849 0.901904 0.624229 0.904865 0.621801
0 0.900275 0.572052 0.903509 0.573632 0.905591 0.577050 0.905626 0.581097 0.903851 0.584543 0.899077 0.586354 0.893923 0.585211 0.892445 0.582576 0.892287 0.578007 0.893600 0.574387 0.896562 0.571959
0 0.979686 0.622791 0.982920 0.624371 0.985002 0.627789 0.985038 0.631836 0.983263 0.635281 0.978488 0.637092 0.973335 0.635949 0.971856 0.633314 0.971699 0.628746 0.973012 0.625126 0.975973 0.622698
0 0.952750 0.681175 0.955984 0.682755 0.958066 0.686174 0.958102 0.690220 0.956326 0.693666 0.951552 0.695477 0.946398 0.694334 0.944920 0.691699 0.944763 0.687130 0.946076 0.683511 0.949037 0.681082
0 0.773530 0.700009 0.776763 0.701589 0.778846 0.705008 0.778881 0.709054 0.777106 0.712500 0.772332 0.714311 0.767178 0.713168 0.765700 0.710533 0.765542 0.705964 0.766855 0.702344 0.769817 0.699916
0 0.831669 0.676269 0.834902 0.677849 0.836985 0.681268 0.837020 0.685314 0.835245 0.688760 0.830471 0.690571 0.825317 0.689428 0.823839 0.686793 0.823682 0.682224 0.824994 0.678604 0.827956 0.676176
0 0.816393 0.664447 0.819626 0.666028 0.821709 0.669446 0.821744 0.673492 0.819969 0.676938 0.815195 0.678749 0.810041 0.677606 0.808562 0.674971 0.808406 0.670402 0.809718 0.666783 0.812679 0.664354
0 0.980589 0.695510 0.983823 0.697090 0.985905 0.700509 0.985941 0.704555 0.984166 0.708001 0.979391 0.709812 0.974238 0.708669 0.972759 0.706034 0.972602 0.701465 0.973915 0.697845 0.976876 0.695417
0 0.964924 0.706788 0.968157 0.708368 0.970240 0.711787 0.970275 0.715833 0.968500 0.719279 0.963726 0.721090 0.958572 0.719947 0.957094 0.717312 0.956936 0.712743 0.958249 0.709123 0.961211 0.706695
0 0.867299 0.720272 0.870533 0.721852 0.872615 0.725270 0.872650 0.729317 0.870876 0.732763 0.866101 0.734574 0.860948 0.733431 0.859469 0.730796 0.859312 0.726227 0.860624 0.722608 0.863586 0.720179
0 0.833232 0.759749 0.836465 0.761329 0.838548 0.764747 0.838583 0.768794 0.836808 0.772240 0.832034 0.774051 0.826880 0.772908 0.825402 0.770272 0.825244 0.765704 0.826557 0.762084 0.829519 0.759656
0 0.790211 0.762050 0.793445 0.763630 0.795527 0.767048 0.795563 0.771095 0.793788 0.774540 0.789013 0.776351 0.783859 0.775208 0.782381 0.772573 0.782224 0.768005 0.783537 0.764385 0.786498 0.761957
0 0.830208 0.778785 0.833442 0.780365 0.835524 0.783783 0.835560 0.787830 0.833784 0.791276 0.829010 0.793087 0.823856 0.791944 0.822378 0.789308 0.822221 0.784740 0.823534 0.781120 0.826495 0.778692
0 0.954178 0.752681 0.957411 0.754261 0.959494 0.757679 0.959529 0.761726 0.957754 0.765172 0.952999 0.766462 0.947826 0.765840 0.946348 0.763205 0.946191 0.758635 0.947503 0.755016 0.950465 0.752588
0 0.736101 0.754640 0.739335 0.756220 0.741417 0.759638 0.741452 0.763685 0.739677 0.767131 0.734922 0.768421 0.729749 0.767799 0.728270 0.765164 0.728113 0.760594 0.729426 0.756975 0.732388 0.754547
0 0.699685 0.683994 0.702918 0.685575 0.705000 0.688993 0.705036 0.693039 0.703261 0.696485 0.698506 0.697776 0.693333 0.697153 0.691854 0.694518 0.691697 0.689950 0.693010 0.686330 0.695971 0.683901
0 0.673492 0.667909 0.676725 0.669489 0.678808 0.672907 0.678843 0.676954 0.677068 0.680399 0.672313 0.681690 0.667140 0.681067 0.665662 0.678432 0.665505 0.673864 0.666817 0.670244 0.669779 0.667816
0 0.676610 0.691933 0.679844 0.693514 0.681926 0.696932 0.681962 0.700979 0.680187 0.704425 0.675432 0.705715 0.670259 0.705092 0.668780 0.702457 0.668623 0.697889 0.669936 0.694269 0.672897 0.691841
0 0.830071 0.701163 0.833305 0.702743 0.835387 0.706161 0.835423 0.710208 0.833647 0.713653 0.828893 0.714944 0.823719 0.714321 0.822241 0.711686 0.822084 0.707118 0.823397 0.703498 0.826358 0.701070
0 0.632824 0.693554 0.636058 0.695134 0.638140 0.698552 0.638176 0.702599 0.636400 0.706045 0.631646 0.707335 0.626472 0.706713 0.624994 0.704078 0.624837 0.699509 0.626150 0.695889 0.629111 0.693461
0 0.636635 0.667283 0.639869 0.668864 0.641951 0.672282 0.641987 0.676329 0.640212 0.679774 0.635457 0.681065 0.630284 0.680442 0.628805 0.677807 0.628648 0.673238 0.629961 0.669619 0.632922 0.667190
0 0.651781 0.659739 0.655015 0.661319 0.657097 0.664738 0.657132 0.668784 0.655357 0.672230 0.650602 0.673520 0.645429 0.672898 0.643950 0.670263 0.643794 0.665694 0.645106 0.662075 0.648068 0.659646
0 0.657223 0.711541 0.660457 0.713121 0.662539 0.716539 0.662575 0.720586 0.660800 0.724032 0.656045 0.725322 0.650872 0.724700 0.649393 0.722065 0.649236 0.717496 0.650549 0.713876 0.653510 0.711448
0 0.619854 0.640619 0.623088 0.642199 0.625170 0.645617 0.625206 0.649664 0.623430 0.653110 0.618676 0.654400 0.613502 0.653778 0.612024 0.651142 0.611867 0.646574 0.613180 0.642954 0.616141 0.640525
0 0.927303 0.750931 0.930537 0.752510 0.932619 0.755929 0.932655 0.759976 0.930879 0.763421 0.926125 0.764712 0.920951 0.764089 0.919473 0.761454 0.919316 0.756885 0.920629 0.753266 0.923590 0.750838
0 0.583876 0.660521 0.587109 0.662101 0.589192 0.665519 0.589227 0.669566 0.587452 0.673012 0.582697 0.674302 0.577524 0.673680 0.576046 0.671044 0.575889 0.666476 0.577201 0.662856 0.580163 0.660427
0 0.551795 0.685626 0.555029 0.687206 0.557111 0.690624 0.557146 0.694671 0.555372 0.698117 0.550617 0.699407 0.545444 0.698785 0.543965 0.696150 0.543808 0.691581 0.545121 0.687961 0.548082 0.685533
0 0.539908 0.654189 0.543142 0.655769 0.545224 0.659187 0.545259 0.663234 0.543484 0.666679 0.538729 0.667970 0.533556 0.667347 0.532078 0.664712 0.531920 0.660144 0.533233 0.656524 0.536195 0.654096
0 0.583873 0.635933 0.587107 0.637513 0.589189 0.640932 0.589224 0.644978 0.587449 0.648424 0.582695 0.649715 0.577521 0.649092 0.576043 0.646457 0.575886 0.641888 0.577198 0.638269 0.580160 0.635840
0 0.655895 0.563358 0.659128 0.564938 0.661210 0.568357 0.661246 0.572403 0.659471 0.575849 0.654716 0.577139 0.649543 0.576517 0.648064 0.573882 0.647907 0.569313 0.649220 0.565693 0.652181 0.563265
0 0.422384 0.629744 0.425618 0.631324 0.427700 0.634742 0.427736 0.638789 0.425960 0.642235 0.421206 0.643525 0.416032 0.642902 0.414554 0.640267 0.414397 0.635699 0.415710 0.632080 0.418671 0.629651
0 0.618752 0.752792 0.621985 0.754372 0.624067 0.757790 0.624103 0.761837 0.622328 0.765283 0.617573 0.766573 0.612400 0.765951 0.610921 0.763315 0.610764 0.758747 0.612077 0.755127 0.615038 0.752698
0 0.441608 0.742089 0.444842 0.743669 0.446924 0.747087 0.446960 0.751134 0.445184 0.754579 0.440430 0.755870 0.435256 0.755247 0.433778 0.752612 0.433621 0.748044 0.434934 0.744424 0.437895 0.741996
0 0.477940 0.670816 0.481174 0.672396 0.483256 0.675815 0.483292 0.679861 0.481517 0.683307 0.476762 0.684597 0.471589 0.683975 0.470110 0.681340 0.469953 0.676771 0.471266 0.673151 0.474227 0.670723
0 0.391336 0.653897 0.394570 0.655477 0.396652 0.658895 0.396687 0.662942 0.394912 0.666387 0.390157 0.667678 0.384984 0.667055 0.383505 0.664420 0.383348 0.659852 0.384661 0.656232 0.387623 0.653804
0 0.432534 0.645168 0.435767 0.646748 0.437849 0.650166 0.437885 0.654213 0.436110 0.657659 0.431355 0.658949 0.426182 0.658327 0.424703 0.655692 0.424546 0.651123 0.425859 0.647503 0.428820 0.645075
0 0.427924 0.612320 0.431157 0.613900 0.433240 0.617318 0.433275 0.621365 0.431500 0.624810 0.426745 0.626101 0.421572 0.625478 0.420094 0.622843 0.419936 0.618274 0.421249 0.614655 0.424211 0.612226
0 0.494511 0.568914 0.497744 0.570494 0.499826 0.573912 0.499862 0.577959 0.498087 0.581404 0.493332 0.582695 0.488159 0.582072 0.486680 0.579438 0.486523 0.574869 0.487836 0.571249 0.490797 0.568821
0 0.393972 0.678838 0.397205 0.680418 0.399287 0.683836 0.399323 0.687883 0.397548 0.691329 0.392793 0.692619 0.387620 0.691997 0.386141 0.689362 0.385984 0.684793 0.387297 0.681173 0.390258 0.678745
0 0.614573 0.561545 0.617808 0.563125 0.619890 0.566543 0.619925 0.570590 0.618150 0.574035 0.613396 0.575326 0.608222 0.574703 0.606744 0.572068 0.606587 0.567499 0.607899 0.563880 0.610860 0.561451
0 0.373071 0.712141 0.376305 0.713721 0.378387 0.717139 0.378423 0.721186 0.376648 0.724632 0.371893 0.725922 0.366720 0.725300 0.365241 0.722664 0.365084 0.718096 0.366397 0.714476 0.369358 0.712048
0 0.356235 0.716151 0.359468 0.717731 0.361551 0.721150 0.361586 0.725197 0.359812 0.728642 0.355056 0.729933 0.349884 0.729310 0.348405 0.726675 0.348248 0.722106 0.349560 0.718487 0.352522 0.716058
0 0.387697 0.748469 0.390931 0.750048 0.393013 0.753467 0.393049 0.757514 0.391274 0.760959 0.386519 0.762250 0.381346 0.761627 0.379867 0.758992 0.379710 0.754423 0.381023 0.750804 0.383984 0.748375
0 0.394689 0.733634 0.397923 0.735214 0.400005 0.738633 0.400041 0.742679 0.398266 0.746125 0.393511 0.747416 0.388338 0.746793 0.386859 0.744158 0.386702 0.739589 0.388015 0.735970 0.390976 0.733541
0 0.412516 0.763554 0.415750 0.765134 0.417832 0.768552 0.417868 0.772599 0.416092 0.776045 0.411338 0.777335 0.406164 0.776713 0.404686 0.774077 0.404529 0.769509 0.405841 0.765889 0.408803 0.763461
0 0.450630 0.759974 0.453864 0.761555 0.455946 0.764973 0.455981 0.769020 0.454206 0.772465 0.449471 0.773235 0.444282 0.773040 0.442799 0.770498 0.442643 0.765930 0.443955 0.762310 0.446916 0.759882
0 0.343722 0.674802 0.346956 0.676382 0.349038 0.679800 0.349073 0.683847 0.347298 0.687293 0.342564 0.688063 0.337374 0.687867 0.335892 0.685326 0.335735 0.680757 0.337047 0.677138 0.340009 0.674709
0 0.326648 0.621259 0.329882 0.622839 0.331964 0.626257 0.331999 0.630304 0.330224 0.633750 0.325489 0.634520 0.320300 0.634324 0.318818 0.631783 0.318661 0.627214 0.319973 0.623594 0.322935 0.621166
0 0.344060 0.700479 0.347294 0.702059 0.349376 0.705477 0.349412 0.709524 0.347637 0.712969 0.342653 0.714717 0.337712 0.713543 0.336230 0.711002 0.336073 0.706433 0.337386 0.702814 0.340347 0.700385
0 0.307325 0.723493 0.310559 0.725073 0.312641 0.728491 0.312677 0.732538 0.310902 0.735984 0.305918 0.737732 0.300977 0.736558 0.299495 0.734017 0.299338 0.729448 0.300651 0.725828 0.303612 0.723400
0 0.289551 0.718486 0.292785 0.720066 0.294867 0.723484 0.294903 0.727531 0.293128 0.730977 0.288144 0.732724 0.283203 0.731551 0.281721 0.729009 0.281564 0.724441 0.282877 0.720821 0.285838 0.718393
0 0.272086 0.651149 0.275320 0.652729 0.277402 0.656147 0.277438 0.660194 0.275663 0.663640 0.270679 0.665388 0.265738 0.664214 0.264256 0.661673 0.264099 0.657104 0.265412 0.653484 0.268373 0.651056
0 0.313092 0.645061 0.316326 0.646641 0.318408 0.650059 0.318443 0.654106 0.316668 0.657552 0.311684 0.659299 0.306744 0.658126 0.305261 0.655584 0.305105 0.651016 0.306417 0.647396 0.309379 0.644968
0 0.276042 0.634773 0.279276 0.636353 0.281358 0.639771 0.281394 0.643818 0.279619 0.647264 0.274635 0.649012 0.269694 0.647838 0.268212 0.645297 0.268055 0.640728 0.269368 0.637108 0.272329 0.634680
0 0.210736 0.724076 0.213970 0.725656 0.216052 0.729075 0.216088 0.733121 0.214313 0.736567 0.209329 0.738315 0.204388 0.737141 0.202906 0.734600 0.202749 0.730031 0.204062 0.726412 0.207023 0.723983
0 0.248001 0.708896 0.251235 0.710476 0.253317 0.713895 0.253353 0.717941 0.251578 0.721387 0.246594 0.723135 0.241653 0.721962 0.240171 0.719420 0.240014 0.714851 0.241327 0.711232 0.244288 0.708803
0 0.093043 0.685054 0.096277 0.686634 0.098359 0.690052 0.098394 0.694099 0.096620 0.697545 0.091636 0.699292 0.086695 0.698119 0.085213 0.695578 0.085056 0.691009 0.086368 0.687389 0.089330 0.684961
0 0.092810 0.648046 0.096044 0.649626 0.098126 0.653044 0.098161 0.657091 0.096386 0.660537 0.091402 0.662284 0.086462 0.661111 0.084979 0.658569 0.084822 0.654001 0.086135 0.650381 0.089097 0.647952
0 0.054383 0.682617 0.057616 0.684197 0.059699 0.687615 0.059734 0.691662 0.057959 0.695107 0.052975 0.696855 0.048034 0.695682 0.046553 0.693140 0.046395 0.688572 0.047708 0.684952 0.050670 0.682524
0 0.055906 0.728116 0.059140 0.729696 0.061222 0.733115 0.061258 0.737162 0.059483 0.740607 0.054499 0.742355 0.049558 0.741181 0.048076 0.738640 0.047919 0.734071 0.049232 0.730451 0.052193 0.728023
0 0.014777 0.634448 0.018011 0.636028 0.020093 0.639446 0.020128 0.643493 0.018353 0.646938 0.013369 0.648687 0.008429 0.647513 0.006946 0.644972 0.006789 0.640403 0.008102 0.636783 0.011064 0.634355
0 0.004015 0.747515 0.007249 0.749095 0.009331 0.752513 0.009366 0.756560 0.007591 0.760005 0.002607 0.761754 0.000000 0.760580 0.000000 0.758039 0.000000 0.753470 0.000000 0.749850 0.000302 0.747422
0 0.065236 0.634890 0.068470 0.636471 0.070552 0.639889 0.070588 0.643936 0.068813 0.647381 0.063835 0.648969 0.058889 0.647956 0.057406 0.645414 0.057250 0.640846 0.058562 0.637226 0.061523 0.634798
0 0.037835 0.581154 0.041069 0.582735 0.043151 0.586153 0.043187 0.590200 0.041412 0.593646 0.036434 0.595234 0.031487 0.594220 0.030005 0.591678 0.029848 0.587110 0.031161 0.583490 0.034122 0.581062
0 0.092768 0.534764 0.096002 0.536344 0.098084 0.539762 0.098120 0.543809 0.096344 0.547255 0.091367 0.548842 0.086420 0.547829 0.084938 0.545287 0.084781 0.540719 0.086093 0.537099 0.089055 0.534671
0 0.157763 0.617204 0.160996 0.618784 0.163078 0.622202 0.163114 0.626249 0.161339 0.629694 0.156362 0.631282 0.151415 0.630269 0.149933 0.627728 0.149776 0.623159 0.151088 0.619539 0.154050 0.617111
0 0.004791 0.526070 0.008024 0.527650 0.010107 0.531068 0.010142 0.535115 0.008367 0.538561 0.003389 0.540149 0.000000 0.539135 0.000000 0.536593 0.000000 0.532025 0.000000 0.528405 0.001078 0.525977
0 0.024797 0.568969 0.028030 0.570549 0.030112 0.573967 0.030148 0.578014 0.028373 0.581460 0.023395 0.583047 0.018448 0.582034 0.017158 0.579500 0.017330 0.574943 0.018122 0.571304 0.021084 0.568876
0 0.009530 0.593264 0.012764 0.594844 0.014846 0.598262 0.014881 0.602309 0.013106 0.605755 0.008128 0.607343 0.003182 0.606329 0.001891 0.603795 0.002063 0.599239 0.002855 0.595599 0.005817 0.593171
0 0.028417 0.515678 0.031651 0.517258 0.033733 0.520676 0.033768 0.524723 0.031994 0.528169 0.027016 0.529756 0.022069 0.528743 0.020778 0.526209 0.020950 0.521652 0.021742 0.518013 0.024704 0.515585
0 0.231582 0.661587 0.234816 0.663167 0.236898 0.666585 0.236934 0.670632 0.235159 0.674078 0.230181 0.675666 0.225234 0.674652 0.223944 0.672118 0.224116 0.667562 0.224908 0.663923 0.227869 0.661494
0 0.403493 0.665932 0.406727 0.667512 0.408809 0.670930 0.408844 0.674977 0.407070 0.678422 0.402092 0.680010 0.397145 0.678997 0.395854 0.676463 0.396026 0.671906 0.396818 0.668267 0.399780 0.665839
0 0.488532 0.525044 0.491765 0.526625 0.493848 0.530043 0.493883 0.534089 0.492108 0.537535 0.487131 0.539123 0.482184 0.538109 0.480893 0.535575 0.481065 0.531019 0.481857 0.527380 0.484819 0.524951
0 0.527557 0.508992 0.530791 0.510572 0.532873 0.513990 0.532909 0.518037 0.531600 0.520615 0.523825 0.519885 0.520945 0.518140 0.520200 0.514019 0.521021 0.511050 0.523844 0.508899
0 0.360580 0.512330 0.363814 0.513910 0.365896 0.517329 0.365932 0.521376 0.364157 0.524821 0.359179 0.526409 0.354232 0.525395 0.352942 0.522861 0.353114 0.518305 0.353906 0.514665 0.356867 0.512237
0 0.323198 0.477533 0.326432 0.479113 0.328514 0.482532 0.328550 0.486578 0.326775 0.490023 0.321797 0.491611 0.316850 0.490598 0.315560 0.488064 0.315732 0.483507 0.316524 0.479868 0.319485 0.477440
0 0.264488 0.418154 0.268601 0.419629 0.271290 0.423829 0.271602 0.428460 0.269580 0.432343 0.265997 0.434566 0.260477 0.434794 0.256186 0.432111 0.254174 0.428752 0.254348 0.423921 0.256902 0.419780 0.260251 0.418098
0 0.243574 0.375096 0.247687 0.376571 0.250377 0.380771 0.250689 0.385402 0.248666 0.389285 0.245083 0.391508 0.239563 0.391736 0.235272 0.389053 0.233261 0.385694 0.233434 0.380863 0.235988 0.376722 0.239338 0.375040
0 0.224003 0.342313 0.228116 0.343788 0.230806 0.347988 0.231118 0.352619 0.229096 0.356503 0.225512 0.358725 0.219993 0.358953 0.215702 0.356271 0.213690 0.352911 0.213864 0.348081 0.216417 0.343939 0.219767 0.342258
0 0.341783 0.430163 0.345896 0.431637 0.348586 0.435838 0.348898 0.440469 0.346875 0.444352 0.343292 0.446575 0.337772 0.446803 0.333481 0.444120 0.331470 0.440761 0.331643 0.435930 0.334197 0.431789 0.337547 0.430107
0 0.192795 0.420969 0.196908 0.422444 0.199598 0.426644 0.199910 0.431275 0.197887 0.435159 0.194304 0.437381 0.188784 0.437609 0.184493 0.434927 0.182482 0.431567 0.182655 0.426736 0.185209 0.422595 0.188559 0.420913
0 0.186917 0.454765 0.191030 0.456240 0.193720 0.460440 0.194032 0.465071 0.192010 0.468955 0.188426 0.471178 0.182907 0.471406 0.178616 0.468723 0.176603 0.465363 0.176778 0.460533 0.179331 0.456391 0.182681 0.454710
0 0.166340 0.465357 0.170453 0.466832 0.173143 0.471032 0.173454 0.475663 0.171432 0.479547 0.167849 0.481769 0.162329 0.481997 0.158038 0.479314 0.156027 0.475955 0.156200 0.471124 0.158753 0.466983 0.162104 0.465301
0 0.165299 0.496032 0.169412 0.497507 0.172102 0.501707 0.172414 0.506339 0.170392 0.510222 0.166808 0.512445 0.161289 0.512673 0.156998 0.509990 0.154986 0.506631 0.155160 0.501800 0.157713 0.497659 0.161063 0.495977
0 0.123216 0.438650 0.127329 0.440124 0.130019 0.444325 0.130331 0.448956 0.128309 0.452839 0.124725 0.455062 0.119206 0.455290 0.114915 0.452607 0.112902 0.449248 0.113077 0.444417 0.115630 0.440276 0.118980 0.438594
0 0.128744 0.382747 0.132857 0.384222 0.135547 0.388422 0.135859 0.393054 0.133836 0.396937 0.130253 0.399160 0.124733 0.399388 0.120442 0.396705 0.118431 0.393345 0.118604 0.388515 0.121158 0.384374 0.124508 0.382692
0 0.092369 0.403439 0.096482 0.404914 0.099172 0.409114 0.099484 0.413745 0.097461 0.417629 0.093878 0.419851 0.088359 0.420080 0.084068 0.417397 0.082055 0.414038 0.082230 0.409206 0.084783 0.405065 0.088133 0.403384
0 0.050990 0.423313 0.055103 0.424788 0.057793 0.428988 0.058105 0.433619 0.056083 0.437503 0.052500 0.439725 0.046980 0.439953 0.042689 0.437271 0.040677 0.433912 0.040851 0.429080 0.043404 0.424939 0.046755 0.423258
0 0.039789 0.439764 0.043902 0.441239 0.046592 0.445439 0.046904 0.450070 0.044881 0.453953 0.041298 0.456176 0.035778 0.456404 0.031487 0.453721 0.029475 0.450362 0.029649 0.445531 0.032203 0.441390 0.035553 0.439708
0 0.034570 0.393523 0.038683 0.394998 0.041373 0.399198 0.041684 0.403829 0.039662 0.407713 0.036079 0.409935 0.030559 0.410164 0.026268 0.407481 0.024256 0.404121 0.024431 0.399290 0.026983 0.395149 0.030333 0.393468
0 0.015510 0.405588 0.019623 0.407063 0.022313 0.411263 0.022625 0.415894 0.020603 0.419777 0.017019 0.422000 0.011500 0.422228 0.007209 0.419545 0.005196 0.416186 0.005371 0.411355 0.007924 0.407214 0.011274 0.405532
0 0.031246 0.474174 0.035359 0.475649 0.038049 0.479849 0.038361 0.484481 0.036338 0.488364 0.032755 0.490587 0.027235 0.490815 0.022944 0.488132 0.020933 0.484773 0.021106 0.479942 0.023660 0.475801 0.027010 0.474119
0 0.151109 0.456717 0.155222 0.458191 0.157912 0.462391 0.158224 0.467023 0.156202 0.470906 0.152618 0.473129 0.147099 0.473357 0.142808 0.470674 0.140795 0.467315 0.140970 0.462484 0.143523 0.458342 0.146873 0.456661
0 0.069859 0.490973 0.073972 0.492448 0.076662 0.496648 0.076974 0.501279 0.074952 0.505163 0.071368 0.507386 0.065849 0.507614 0.061558 0.504931 0.059546 0.501572 0.059720 0.496741 0.062273 0.492600 0.065623 0.490918
0 0.154950 0.406928 0.159062 0.408403 0.161752 0.412603 0.162065 0.417234 0.160042 0.421117 0.156459 0.423340 0.150939 0.423568 0.146648 0.420885 0.144636 0.417526 0.144810 0.412695 0.147363 0.408554 0.150714 0.406872
0 0.154342 0.330189 0.158454 0.331664 0.161144 0.335864 0.161456 0.340495 0.159434 0.344378 0.155851 0.346601 0.150331 0.346829 0.146040 0.344146 0.144028 0.340787 0.144202 0.335956 0.146756 0.331815 0.150105 0.330133
0 0.045085 0.272789 0.049198 0.274264 0.051888 0.278464 0.052199 0.283096 0.050177 0.286979 0.046594 0.289202 0.041074 0.289430 0.036784 0.286747 0.034771 0.283387 0.034946 0.278557 0.037498 0.274416 0.040849 0.272734
0 0.123474 0.212085 0.127587 0.213560 0.130278 0.217760 0.130589 0.222391 0.128567 0.226274 0.124983 0.228497 0.119464 0.228725 0.115173 0.226042 0.113161 0.222683 0.113335 0.217852 0.115888 0.213711 0.119238 0.212029
0 0.296066 0.252297 0.300179 0.253772 0.302869 0.257972 0.303181 0.262603 0.301158 0.266486 0.297575 0.268709 0.292056 0.268937 0.287765 0.266254 0.285753 0.262895 0.285927 0.258064 0.288480 0.253923 0.291830 0.252241
0 0.313187 0.218538 0.317300 0.220013 0.319990 0.224213 0.320302 0.228845 0.318279 0.232728 0.314696 0.234951 0.309177 0.235179 0.304886 0.232496 0.302873 0.229137 0.303048 0.224306 0.305601 0.220165 0.308951 0.218483
0 0.357872 0.354909 0.361985 0.356384 0.364676 0.360584 0.364987 0.365215 0.362965 0.369098 0.359381 0.371321 0.353862 0.371549 0.349571 0.368866 0.347559 0.365507 0.347733 0.360676 0.350286 0.356535 0.353636 0.354853
0 0.365287 0.244812 0.369400 0.246287 0.372090 0.250487 0.372402 0.255118 0.370379 0.259001 0.366796 0.261224 0.361276 0.261452 0.356986 0.258769 0.354973 0.255410 0.355148 0.250579 0.357701 0.246438 0.361051 0.244756
0 0.411664 0.261232 0.415777 0.262707 0.418468 0.266907 0.418779 0.271538 0.416756 0.275421 0.413173 0.277644 0.407654 0.277872 0.403363 0.275189 0.401351 0.271830 0.401525 0.266999 0.404078 0.262858 0.407428 0.261176
0 0.477948 0.404708 0.482061 0.406183 0.484752 0.410383 0.485064 0.415015 0.483041 0.418898 0.479458 0.421121 0.473938 0.421349 0.469647 0.418666 0.467635 0.415306 0.467809 0.410476 0.470362 0.406335 0.473713 0.404653
0 0.537454 0.323315 0.541567 0.324791 0.544257 0.328990 0.544568 0.333622 0.542546 0.337505 0.538962 0.339728 0.533443 0.339956 0.529152 0.337273 0.527140 0.333914 0.527314 0.329083 0.529867 0.324942 0.533218 0.323260
0 0.508687 0.329981 0.512800 0.331456 0.515490 0.335656 0.515802 0.340287 0.513779 0.344170 0.510196 0.346393 0.504676 0.346621 0.500386 0.343938 0.498374 0.340579 0.498548 0.335748 0.501101 0.331607 0.504451 0.329925
0 0.593903 0.309329 0.598016 0.310804 0.600707 0.315004 0.601018 0.319635 0.598996 0.323518 0.595413 0.325741 0.589893 0.325969 0.585602 0.323286 0.583590 0.319927 0.583764 0.315096 0.586317 0.310955 0.589668 0.309273
0 0.665844 0.286132 0.669957 0.287607 0.672648 0.291806 0.672959 0.296438 0.670937 0.300321 0.667353 0.302543 0.661834 0.302772 0.657543 0.300089 0.655531 0.296730 0.655705 0.291898 0.658258 0.287757 0.661609 0.286076
0 0.614174 0.374511 0.618287 0.375987 0.620977 0.380186 0.621289 0.384817 0.619267 0.388701 0.615683 0.390924 0.610164 0.391152 0.605873 0.388469 0.603860 0.385110 0.604035 0.380279 0.606588 0.376137 0.609938 0.374456
0 0.551419 0.402231 0.555533 0.403705 0.558222 0.407906 0.558534 0.412537 0.556512 0.416420 0.552928 0.418643 0.547409 0.418871 0.543118 0.416188 0.541106 0.412829 0.541280 0.407998 0.543833 0.403857 0.547183 0.402175
0 0.631171 0.288727 0.635284 0.290202 0.637974 0.294402 0.638285 0.299034 0.636263 0.302917 0.632680 0.305140 0.627160 0.305367 0.622870 0.302685 0.620857 0.299325 0.621032 0.294495 0.623584 0.290353 0.626934 0.288671
0 0.530448 0.451387 0.534561 0.452862 0.537251 0.457062 0.537563 0.461693 0.535540 0.465576 0.531957 0.467799 0.526437 0.468027 0.522147 0.465344 0.520135 0.461985 0.520309 0.457154 0.522862 0.453013 0.526212 0.451331
0 0.674986 0.417872 0.679099 0.419347 0.681789 0.423547 0.682101 0.428178 0.680078 0.432061 0.676495 0.434284 0.670976 0.434512 0.666685 0.431829 0.664673 0.428470 0.664847 0.423639 0.667400 0.419498 0.670750 0.417816
0 0.661819 0.440540 0.665932 0.442015 0.668622 0.446215 0.668934 0.450846 0.666912 0.454730 0.663328 0.456952 0.657809 0.457181 0.653518 0.454498 0.651506 0.451138 0.651680 0.446307 0.654233 0.442166 0.657584 0.440485
0 0.611449 0.490275 0.615562 0.491750 0.618252 0.495950 0.618564 0.500581 0.616542 0.504465 0.612958 0.506688 0.607439 0.506916 0.603148 0.504233 0.601136 0.500874 0.601310 0.496042 0.603863 0.491901 0.607213 0.490220
0 0.617928 0.525953 0.622041 0.527428 0.624731 0.531628 0.625043 0.536259 0.623021 0.540143 0.619437 0.542365 0.613918 0.542593 0.609627 0.539911 0.607615 0.536552 0.607789 0.531720 0.610342 0.527579 0.613692 0.525898
0 0.642656 0.532434 0.646769 0.533909 0.649459 0.538109 0.649771 0.542740 0.647748 0.546623 0.644165 0.548846 0.638646 0.549074 0.634355 0.546391 0.632343 0.543032 0.632517 0.538201 0.635070 0.534060 0.638420 0.532378
0 0.601251 0.548847 0.605364 0.550321 0.608054 0.554522 0.608366 0.559153 0.606343 0.563036 0.602760 0.565259 0.597240 0.565487 0.592950 0.562804 0.590938 0.559445 0.591112 0.554614 0.593665 0.550473 0.597015 0.548791
0 0.592631 0.567754 0.596744 0.569229 0.599434 0.573429 0.599746 0.578060 0.597723 0.581943 0.594140 0.584166 0.588621 0.584394 0.584330 0.581711 0.582317 0.578352 0.582492 0.573521 0.585045 0.569380 0.588395 0.567698
0 0.639820 0.554318 0.643932 0.555794 0.646622 0.559993 0.646934 0.564625 0.644912 0.568508 0.641329 0.570731 0.635809 0.570959 0.631518 0.568276 0.629506 0.564917 0.629680 0.560086 0.632234 0.555945 0.635583 0.554263
0 0.671066 0.575673 0.675179 0.577148 0.677869 0.581348 0.678180 0.585979 0.676158 0.589863 0.672575 0.592085 0.667055 0.592314 0.662764 0.589631 0.660752 0.586272 0.660927 0.581440 0.663480 0.577299 0.666829 0.575618
0 0.502566 0.595787 0.506679 0.597262 0.509370 0.601461 0.509681 0.606093 0.507659 0.609976 0.504075 0.612199 0.498556 0.612427 0.494265 0.609744 0.492253 0.606385 0.492427 0.601554 0.494980 0.597413 0.498330 0.595731
0 0.524265 0.492794 0.528378 0.494269 0.531068 0.498469 0.531380 0.503100 0.529358 0.506984 0.525775 0.509206 0.520255 0.509434 0.515964 0.506752 0.513952 0.503392 0.514126 0.498561 0.516680 0.494420 0.520029 0.492739
0 0.435917 0.474635 0.440030 0.476110 0.442721 0.480310 0.443032 0.484941 0.441010 0.488825 0.437426 0.491047 0.431907 0.491275 0.427616 0.488592 0.425604 0.485234 0.425778 0.480402 0.428331 0.476261 0.431681 0.474579
0 0.391152 0.480300 0.395265 0.481775 0.397955 0.485975 0.398266 0.490606 0.396244 0.494489 0.392661 0.496712 0.387141 0.496940 0.382851 0.494257 0.380838 0.490898 0.381013 0.486067 0.383566 0.481926 0.386915 0.480244
0 0.417450 0.441669 0.421563 0.443144 0.424253 0.447344 0.424565 0.451975 0.422542 0.455858 0.418959 0.458081 0.413440 0.458309 0.409149 0.455626 0.407137 0.452267 0.407311 0.447436 0.409864 0.443295 0.413214 0.441613
0 0.304124 0.524009 0.308237 0.525483 0.310927 0.529684 0.311239 0.534315 0.309217 0.538198 0.305633 0.540421 0.300114 0.540649 0.295823 0.537966 0.293811 0.534607 0.293985 0.529776 0.296538 0.525635 0.299888 0.523953
0 0.262357 0.565345 0.266470 0.566819 0.269160 0.571020 0.269472 0.575651 0.267450 0.579534 0.263866 0.581757 0.258347 0.581985 0.254056 0.579302 0.252043 0.575943 0.252218 0.571112 0.254771 0.566971 0.258121 0.565289
0 0.246853 0.515431 0.250966 0.516906 0.253656 0.521106 0.253967 0.525737 0.251945 0.529621 0.248362 0.531843 0.242842 0.532071 0.238552 0.529389 0.236539 0.526029 0.236714 0.521198 0.239266 0.517057 0.242617 0.515376
0 0.387519 0.396378 0.391632 0.397853 0.394322 0.402053 0.394634 0.406684 0.392611 0.410567 0.389028 0.412790 0.383508 0.413018 0.379218 0.410335 0.377206 0.406976 0.377380 0.402145 0.379933 0.398004 0.383283 0.396322
0 0.378538 0.486327 0.382651 0.487802 0.385341 0.492002 0.385653 0.496633 0.383630 0.500516 0.380047 0.502739 0.374527 0.502967 0.370237 0.500284 0.368224 0.496925 0.368399 0.492094 0.370952 0.487953 0.374302 0.486271
0 0.129073 0.547676 0.133186 0.549151 0.135876 0.553351 0.136188 0.557982 0.134166 0.561865 0.130582 0.564088 0.125063 0.564316 0.120772 0.561633 0.118760 0.558274 0.118934 0.553443 0.121487 0.549302 0.124837 0.547620
0 0.104114 0.548457 0.108227 0.549932 0.110917 0.554132 0.111229 0.558763 0.109206 0.562647 0.105623 0.564869 0.100104 0.565097 0.095813 0.562414 0.093801 0.559055 0.093975 0.554224 0.096528 0.550083 0.099878 0.548401
0 0.071227 0.564602 0.075340 0.566077 0.078030 0.570277 0.078341 0.574908 0.076319 0.578792 0.072736 0.581014 0.067216 0.581243 0.062925 0.578560 0.060913 0.575201 0.061088 0.570369 0.063641 0.566228 0.066990 0.564547
0 0.072984 0.533904 0.077097 0.535379 0.079787 0.539579 0.080099 0.544210 0.078076 0.548093 0.074493 0.550316 0.068974 0.550544 0.064683 0.547861 0.062671 0.544502 0.062845 0.539671 0.065398 0.535530 0.068748 0.533848
0 0.049035 0.543812 0.053148 0.545286 0.055838 0.549487 0.056150 0.554118 0.054127 0.558001 0.050544 0.560224 0.045025 0.560452 0.040734 0.557769 0.038721 0.554410 0.038896 0.549579 0.041449 0.545438 0.044799 0.543756
0 0.006182 0.546431 0.010295 0.547907 0.012985 0.552106 0.013297 0.556737 0.011274 0.560621 0.007691 0.562844 0.002172 0.563072 0.000000 0.560389 0.000000 0.557030 0.000000 0.552199 0.000000 0.548057 0.001946 0.546376
0 0.070231 0.603554 0.074344 0.605029 0.077034 0.609229 0.077346 0.613860 0.075324 0.617743 0.071740 0.619966 0.066221 0.620194 0.061930 0.617511 0.060430 0.614171 0.060612 0.609341 0.062645 0.605180 0.065995 0.603498
0 0.190594 0.617744 0.194706 0.619218 0.197397 0.623419 0.197708 0.628050 0.195686 0.631933 0.192103 0.634156 0.186583 0.634384 0.182292 0.631701 0.180793 0.628361 0.180975 0.623530 0.183007 0.619370 0.186357 0.617688
0 0.159461 0.597600 0.163574 0.599076 0.166264 0.603275 0.166576 0.607906 0.164554 0.611790 0.160971 0.614012 0.155451 0.614241 0.151160 0.611558 0.149660 0.608218 0.149843 0.603387 0.151875 0.599226 0.155225 0.597545
0 0.180244 0.580382 0.184357 0.581858 0.187047 0.586057 0.187359 0.590688 0.185337 0.594572 0.181753 0.596794 0.176234 0.597023 0.171943 0.594340 0.170443 0.591000 0.170625 0.586169 0.172658 0.582008 0.176008 0.580327
0 0.246300 0.455035 0.250413 0.456509 0.253103 0.460710 0.253415 0.465341 0.251393 0.469224 0.247810 0.471447 0.242290 0.471675 0.237999 0.468992 0.236500 0.465652 0.236682 0.460822 0.238714 0.456661 0.242065 0.454979
0 0.109981 0.591112 0.114094 0.592586 0.116784 0.596787 0.117096 0.601418 0.115073 0.605301 0.111490 0.607524 0.105970 0.607752 0.101680 0.605069 0.100180 0.601729 0.100362 0.596899 0.102395 0.592738 0.105745 0.591056
0 0.182250 0.716419 0.186363 0.717893 0.189053 0.722093 0.189365 0.726725 0.187343 0.730608 0.183759 0.732831 0.178240 0.733059 0.173949 0.730376 0.172449 0.727036 0.172632 0.722205 0.174664 0.718045 0.178014 0.716363
0 0.105114 0.731475 0.109227 0.732950 0.111917 0.737150 0.112229 0.741782 0.110206 0.745665 0.106623 0.747888 0.101103 0.748115 0.096813 0.745433 0.095313 0.742093 0.095495 0.737262 0.097528 0.733101 0.100878 0.731420
0 0.213347 0.677526 0.217460 0.679001 0.220150 0.683201 0.220462 0.687832 0.218440 0.691716 0.214857 0.693939 0.209337 0.694167 0.205046 0.691484 0.203547 0.688144 0.203729 0.683313 0.205762 0.679153 0.209111 0.677471
0 0.027695 0.729011 0.030929 0.730592 0.033011 0.734010 0.033046 0.738057 0.031272 0.741502 0.026301 0.742897 0.021347 0.742077 0.019865 0.739535 0.019708 0.734967 0.021021 0.731347 0.023982 0.728919
0 0.025208 0.692932 0.028441 0.694512 0.030524 0.697930 0.030559 0.701977 0.028784 0.705422 0.023814 0.706817 0.018859 0.705997 0.017377 0.703455 0.017220 0.698887 0.018533 0.695267 0.021494 0.692839
0 0.229116 0.732897 0.232350 0.734477 0.234432 0.737896 0.234467 0.741942 0.232692 0.745388 0.227722 0.746782 0.222768 0.745962 0.221285 0.743421 0.221128 0.738852 0.222441 0.735232 0.225402 0.732804
0 0.011404 0.684019 0.014637 0.685599 0.016720 0.689018 0.016755 0.693065 0.014980 0.696510 0.009996 0.698258 0.005055 0.697084 0.003573 0.694543 0.003416 0.689974 0.004729 0.686355 0.007690 0.683926
0 0.005493 0.718199 0.008726 0.719779 0.010808 0.723197 0.010844 0.727244 0.009069 0.730690 0.004085 0.732437 0.000000 0.731264 0.000000 0.728722 0.000000 0.724154 0.000000 0.720534 0.001779 0.718106
0 0.128563 0.588252 0.131797 0.589831 0.133879 0.593250 0.133915 0.597297 0.132140 0.600742 0.127156 0.602490 0.122215 0.601316 0.120733 0.598775 0.120576 0.594206 0.121889 0.590587 0.124850 0.588158
0 0.062104 0.703711 0.066217 0.705186 0.068907 0.709386 0.069219 0.714018 0.067197 0.717901 0.063613 0.720124 0.058094 0.720352 0.053803 0.717669 0.052303 0.714329 0.052486 0.709498 0.054518 0.705338 0.057868 0.703656
0 0.250286 0.652971 0.254399 0.654446 0.257090 0.658646 0.257401 0.663277 0.255379 0.667160 0.251795 0.669383 0.246276 0.669611 0.241985 0.666928 0.240485 0.663589 0.240667 0.658758 0.242700 0.654597 0.246050 0.652915
0 0.278658 0.701206 0.282771 0.702681 0.285461 0.706881 0.285773 0.711512 0.283751 0.715395 0.280167 0.717618 0.274648 0.717846 0.270357 0.715163 0.268857 0.711824 0.269039 0.706993 0.271072 0.702832 0.274422 0.701150
0 0.247859 0.631185 0.251972 0.632660 0.254662 0.636860 0.254974 0.641491 0.252952 0.645375 0.249369 0.647597 0.243849 0.647826 0.239558 0.645143 0.238059 0.641802 0.238241 0.636972 0.240274 0.632811 0.243623 0.631130
0 0.328332 0.662048 0.332445 0.663523 0.335135 0.667723 0.335447 0.672354 0.333425 0.676237 0.329841 0.678460 0.324322 0.678688 0.320031 0.676005 0.318531 0.672665 0.318713 0.667835 0.320746 0.663674 0.324096 0.661992
0 0.405544 0.712705 0.409657 0.714180 0.412347 0.718380 0.412659 0.723011 0.410636 0.726894 0.407053 0.729117 0.401533 0.729345 0.397242 0.726662 0.395743 0.723323 0.395925 0.718492 0.397958 0.714331 0.401308 0.712649
0 0.240628 0.593730 0.244741 0.595205 0.247431 0.599405 0.247743 0.604036 0.245721 0.607919 0.242137 0.610142 0.236618 0.610370 0.232327 0.607687 0.230827 0.604348 0.231009 0.599517 0.233042 0.595356 0.236392 0.593674
0 0.346823 0.614347 0.350936 0.615822 0.353626 0.620022 0.353938 0.624653 0.351915 0.628536 0.348332 0.630759 0.342812 0.630987 0.338521 0.628304 0.337022 0.624964 0.337204 0.620134 0.339237 0.615973 0.342587 0.614291
0 0.327261 0.728455 0.331374 0.729931 0.334064 0.734130 0.334375 0.738762 0.332353 0.742645 0.328770 0.744868 0.323250 0.745096 0.318959 0.742413 0.317460 0.739073 0.317642 0.734242 0.319674 0.730082 0.323024 0.728400
0 0.456371 0.720930 0.460484 0.722406 0.463174 0.726605 0.463486 0.731236 0.461464 0.735120 0.457880 0.737343 0.452361 0.737571 0.448070 0.734888 0.446570 0.731548 0.446753 0.726717 0.448785 0.722556 0.452136 0.720875
0 0.492166 0.644139 0.496279 0.645614 0.498969 0.649814 0.499281 0.654445 0.497259 0.658328 0.493675 0.660551 0.488156 0.660779 0.483865 0.658096 0.482365 0.654757 0.482547 0.649926 0.484580 0.645765 0.487930 0.644083
0 0.496369 0.625522 0.500482 0.626997 0.503172 0.631197 0.503484 0.635828 0.501462 0.639711 0.497878 0.641934 0.492359 0.642162 0.488068 0.639479 0.486568 0.636139 0.486751 0.631309 0.488783 0.627148 0.492133 0.625466
0 0.459218 0.631644 0.463331 0.633119 0.466021 0.637319 0.466332 0.641951 0.464310 0.645834 0.460727 0.648057 0.455207 0.648285 0.450917 0.645602 0.449417 0.642262 0.449599 0.637431 0.451632 0.633271 0.454981 0.631589
0 0.313791 0.563365 0.314212 0.573266 0.309850 0.578926 0.303505 0.580981 0.295942 0.580255 0.291207 0.577076 0.288464 0.572560 0.288818 0.565513 0.292285 0.560172 0.296013 0.557312 0.302164 0.555690 0.309295 0.558519
0 0.347337 0.591117 0.347757 0.601017 0.343395 0.606677 0.337051 0.608733 0.329487 0.608006 0.324752 0.604827 0.322010 0.600311 0.322364 0.593264 0.325831 0.587923 0.329558 0.585063 0.335710 0.583442 0.342841 0.586270
0 0.377106 0.592603 0.377527 0.602503 0.373165 0.608163 0.366821 0.610218 0.359257 0.609492 0.354522 0.606313 0.351780 0.601797 0.352134 0.594750 0.355601 0.589409 0.359328 0.586549 0.365479 0.584928 0.372611 0.587756
0 0.377373 0.540818 0.377795 0.550718 0.373432 0.556379 0.367088 0.558434 0.359525 0.557707 0.354789 0.554528 0.352047 0.550012 0.352401 0.542965 0.355868 0.537624 0.359595 0.534764 0.365747 0.533143 0.372878 0.535971
0 0.134305 0.518802 0.134726 0.528702 0.130364 0.534362 0.124019 0.536418 0.116456 0.535691 0.111721 0.532512 0.108979 0.527996 0.109333 0.520949 0.112800 0.515608 0.116527 0.512748 0.122678 0.511127 0.129810 0.513955
0 0.167910 0.716680 0.168331 0.726580 0.163969 0.732241 0.157625 0.734296 0.150061 0.733570 0.145326 0.730391 0.142583 0.725874 0.142938 0.718827 0.146405 0.713486 0.150132 0.710626 0.156283 0.709005 0.163414 0.711833
0 0.463662 0.659270 0.464083 0.669170 0.459720 0.674830 0.453376 0.676886 0.445812 0.676159 0.441077 0.672980 0.438335 0.668464 0.438689 0.661416 0.442156 0.656076 0.445883 0.653216 0.452035 0.651594 0.459166 0.654423
0 0.484709 0.741248 0.485130 0.751148 0.480767 0.756808 0.474423 0.758864 0.466859 0.758137 0.462125 0.754958 0.459382 0.750442 0.459736 0.743395 0.463203 0.738054 0.466930 0.735193 0.473082 0.733572 0.480213 0.736401
0 0.682354 0.603883 0.683001 0.612462 0.679569 0.617370 0.678375 0.618196 0.673225 0.619425 0.665661 0.618699 0.660926 0.615520 0.658183 0.611003 0.658538 0.603957 0.662005 0.598616 0.665732 0.595756 0.671221 0.595086 0.677564 0.597618
0 0.539096 0.635321 0.539517 0.645221 0.535156 0.650881 0.528811 0.652937 0.521248 0.652210 0.516513 0.649031 0.513770 0.644515 0.514124 0.637468 0.517592 0.632127 0.521318 0.629267 0.527470 0.627645 0.534601 0.630474
0 0.565598 0.454210 0.566019 0.464111 0.561657 0.469771 0.555313 0.471826 0.547749 0.471100 0.543014 0.467920 0.540272 0.463404 0.540626 0.456358 0.544093 0.451017 0.547820 0.448157 0.553972 0.446535 0.561103 0.449363
0 0.428143 0.406087 0.428564 0.415987 0.424202 0.421647 0.417858 0.423703 0.410294 0.422976 0.405559 0.419797 0.402816 0.415281 0.403170 0.408234 0.406638 0.402893 0.410365 0.400033 0.416516 0.398411 0.423647 0.401240
0 0.452307 0.430351 0.452728 0.440252 0.448366 0.445912 0.442021 0.447967 0.434458 0.447241 0.429723 0.444062 0.426981 0.439546 0.427335 0.432499 0.430802 0.427158 0.434529 0.424298 0.440680 0.422677 0.447812 0.425505
0 0.459209 0.507095 0.459630 0.516995 0.455268 0.522655 0.448924 0.524711 0.441360 0.523984 0.436625 0.520805 0.433883 0.516289 0.434237 0.509242 0.437704 0.503901 0.441431 0.501041 0.447582 0.499419 0.454713 0.502248
0 0.727223 0.705115 0.727644 0.715015 0.723283 0.720675 0.716938 0.722730 0.709374 0.722004 0.704640 0.718825 0.701897 0.714309 0.702251 0.707262 0.705718 0.701921 0.709445 0.699061 0.715597 0.697439 0.722728 0.700267
0 0.823750 0.737045 0.824171 0.746946 0.819810 0.752606 0.813465 0.754661 0.805901 0.753935 0.801167 0.750756 0.798424 0.746239 0.798778 0.739192 0.802246 0.733852 0.805972 0.730992 0.812124 0.729370 0.819255 0.732199
0 0.904395 0.710076 0.904815 0.719976 0.900454 0.725637 0.894109 0.727692 0.886545 0.726966 0.881811 0.723787 0.879068 0.719270 0.879422 0.712223 0.882890 0.706882 0.886616 0.704022 0.892768 0.702401 0.899899 0.705229
0 0.985937 0.653050 0.986358 0.662951 0.981996 0.668611 0.975652 0.670666 0.968088 0.669940 0.963353 0.666760 0.960611 0.662244 0.960965 0.655197 0.964432 0.649857 0.968159 0.646997 0.974311 0.645375 0.981442 0.648203
0 0.869235 0.416231 0.869656 0.426132 0.865294 0.431792 0.858950 0.433847 0.851386 0.433121 0.846651 0.429941 0.843909 0.425425 0.844263 0.418379 0.847730 0.413038 0.851457 0.410178 0.857609 0.408556 0.864740 0.411384
0 0.821102 0.412381 0.821523 0.422281 0.817161 0.427941 0.810816 0.429997 0.803253 0.429270 0.798518 0.426091 0.795776 0.421575 0.796129 0.414528 0.799597 0.409187 0.803324 0.406327 0.809475 0.404705 0.816607 0.407534
0 0.744648 0.417571 0.745069 0.427471 0.740707 0.433131 0.734363 0.435187 0.726799 0.434460 0.722065 0.431281 0.719322 0.426765 0.719676 0.419718 0.723143 0.414377 0.726870 0.411517 0.733022 0.409896 0.740153 0.412724
0 0.711727 0.409357 0.712148 0.419257 0.707787 0.424918 0.701442 0.426973 0.693878 0.426247 0.689144 0.423067 0.686401 0.418551 0.686755 0.411504 0.690223 0.406163 0.693949 0.403303 0.700101 0.401682 0.707232 0.404510
0 0.665702 0.374555 0.666123 0.384455 0.661761 0.390115 0.655416 0.392171 0.647853 0.391444 0.643118 0.388265 0.640376 0.383749 0.640729 0.376702 0.644197 0.371361 0.647924 0.368501 0.654075 0.366880 0.661206 0.369708
0 0.739074 0.392448 0.739495 0.402348 0.735133 0.408008 0.728788 0.410064 0.721224 0.409337 0.716490 0.406158 0.713747 0.401642 0.714101 0.394595 0.717569 0.389254 0.721295 0.386394 0.727447 0.384772 0.734578 0.387601
0 0.833159 0.250559 0.833580 0.260460 0.829218 0.266120 0.822873 0.268175 0.815310 0.267449 0.810575 0.264269 0.807832 0.259753 0.808186 0.252706 0.811654 0.247365 0.815381 0.244505 0.821532 0.242884 0.828663 0.245712
0 0.774997 0.263257 0.775418 0.273157 0.771056 0.278817 0.764711 0.280872 0.757148 0.280146 0.752413 0.276967 0.749671 0.272450 0.750024 0.265403 0.753492 0.260063 0.757219 0.257203 0.763370 0.255581 0.770501 0.258410
0 0.588326 0.368058 0.588748 0.377958 0.584386 0.383618 0.578041 0.385674 0.570478 0.384947 0.565743 0.381768 0.563000 0.377252 0.563354 0.370205 0.566822 0.364864 0.570548 0.362004 0.576700 0.360382 0.583831 0.363211
0 0.966226 0.325639 0.966647 0.335539 0.962285 0.341199 0.955940 0.343254 0.948377 0.342528 0.943642 0.339349 0.940900 0.334832 0.941254 0.327786 0.944721 0.322445 0.948447 0.319585 0.954599 0.317963 0.961731 0.320791
0 0.986737 0.247269 0.987158 0.257170 0.982796 0.262829 0.976451 0.264885 0.968888 0.264158 0.964153 0.260979 0.961411 0.256463 0.961764 0.249416 0.965232 0.244075 0.968959 0.241215 0.975110 0.239594 0.982241 0.242422
0 0.698909 0.240021 0.699330 0.249922 0.694968 0.255582 0.688623 0.257637 0.681059 0.256910 0.676325 0.253731 0.673582 0.249215 0.673937 0.242168 0.677404 0.236827 0.681130 0.233967 0.687282 0.232346 0.694413 0.235174
0 0.415054 0.351876 0.415475 0.361776 0.411112 0.367436 0.404768 0.369491 0.397205 0.368765 0.392470 0.365585 0.389727 0.361069 0.390081 0.354023 0.393548 0.348682 0.397275 0.345822 0.403427 0.344200 0.410558 0.347028
0 0.467785 0.348067 0.468207 0.357967 0.463844 0.363628 0.457500 0.365683 0.449937 0.364957 0.445201 0.361778 0.442459 0.357261 0.442813 0.350214 0.446280 0.344873 0.450007 0.342013 0.456159 0.340392 0.463290 0.343220
0 0.459487 0.229352 0.459908 0.239253 0.455546 0.244913 0.449202 0.246968 0.441638 0.246241 0.436903 0.243062 0.434161 0.238546 0.434515 0.231500 0.437982 0.226159 0.441709 0.223298 0.447861 0.221677 0.454992 0.224505
0 0.552815 0.233893 0.553236 0.243793 0.548874 0.249453 0.542530 0.251508 0.534966 0.250782 0.530231 0.247603 0.527489 0.243087 0.527843 0.236040 0.531310 0.230699 0.535037 0.227839 0.541189 0.226217 0.548319 0.229045
0 0.285536 0.317692 0.285957 0.327592 0.281595 0.333252 0.275251 0.335308 0.267687 0.334581 0.262952 0.331402 0.260209 0.326886 0.260564 0.319839 0.264031 0.314498 0.267758 0.311638 0.273909 0.310016 0.281040 0.312845
0 0.310918 0.328368 0.311339 0.338268 0.306977 0.343928 0.300632 0.345984 0.293069 0.345257 0.288334 0.342078 0.285591 0.337562 0.285946 0.330515 0.289413 0.325174 0.293139 0.322314 0.299291 0.320692 0.306422 0.323521
0 0.270606 0.254287 0.271027 0.264187 0.266665 0.269848 0.260320 0.271903 0.252757 0.271177 0.248022 0.267997 0.245279 0.263481 0.245633 0.256434 0.249101 0.251093 0.252828 0.248233 0.258979 0.246612 0.266110 0.249440
0 0.129481 0.322157 0.129903 0.332057 0.125540 0.337717 0.119196 0.339772 0.111633 0.339046 0.106898 0.335867 0.104155 0.331350 0.104509 0.324303 0.107976 0.318963 0.111704 0.316103 0.117855 0.314481 0.124986 0.317309
0 0.106805 0.248035 0.107226 0.257936 0.102864 0.263596 0.096520 0.265651 0.088956 0.264925 0.084221 0.261745 0.081479 0.257230 0.081833 0.250183 0.085300 0.244841 0.089027 0.241981 0.095178 0.240360 0.102310 0.243188
0 0.099741 0.221285 0.100162 0.231185 0.095800 0.236845 0.089456 0.238900 0.081892 0.238174 0.077157 0.234995 0.074415 0.230479 0.074769 0.223432 0.078236 0.218091 0.081963 0.215231 0.088114 0.213610 0.095246 0.216438
0 0.235725 0.534923 0.236146 0.544824 0.231784 0.550484 0.225439 0.552540 0.217876 0.551813 0.213141 0.548634 0.210398 0.544118 0.210752 0.537071 0.214220 0.531730 0.217947 0.528870 0.224098 0.527249 0.231229 0.530077
0 0.315648 0.701637 0.316069 0.711537 0.311707 0.717197 0.305363 0.719253 0.297799 0.718526 0.293064 0.715347 0.290321 0.710831 0.290676 0.703784 0.294143 0.698443 0.297870 0.695583 0.304022 0.693961 0.311152 0.696790
0 0.436008 0.569202 0.436429 0.579102 0.432067 0.584763 0.425722 0.586818 0.418158 0.586091 0.413424 0.582912 0.410681 0.578396 0.411035 0.571349 0.414503 0.566009 0.418229 0.563148 0.424381 0.561527 0.431512 0.564355
0 0.423152 0.490280 0.423573 0.500180 0.419211 0.505840 0.412867 0.507896 0.405303 0.507169 0.400568 0.503990 0.397826 0.499474 0.398180 0.492426 0.401647 0.487086 0.405374 0.484226 0.411526 0.482604 0.418657 0.485433
0 0.379023 0.467538 0.379444 0.477438 0.375082 0.483099 0.368738 0.485154 0.361174 0.484428 0.356439 0.481248 0.353697 0.476732 0.354051 0.469685 0.357518 0.464344 0.361245 0.461484 0.367397 0.459863 0.374528 0.462691
0 0.926945 0.600182 0.927366 0.610083 0.923004 0.615742 0.916659 0.617798 0.909096 0.617071 0.904361 0.613892 0.901619 0.609376 0.901973 0.602329 0.905440 0.596988 0.909167 0.594128 0.915318 0.592507 0.922450 0.595335
0 0.712077 0.588590 0.712764 0.596380 0.710662 0.604141 0.704284 0.609328 0.696552 0.610120 0.690481 0.609485 0.684185 0.604499 0.681318 0.598587 0.681654 0.591664 0.683375 0.586000 0.690851 0.581684 0.697617 0.580206 0.707296 0.583435
0 0.597355 0.492854 0.598042 0.500644 0.595940 0.508404 0.589562 0.513591 0.581830 0.514383 0.575759 0.513749 0.569463 0.508762 0.566596 0.502850 0.566932 0.495928 0.568653 0.490264 0.576129 0.485947 0.582895 0.484469 0.592574 0.487699
0 0.582870 0.283309 0.586103 0.284889 0.588186 0.288308 0.588221 0.292354 0.586446 0.295800 0.581672 0.297611 0.576518 0.296468 0.575040 0.293833 0.574883 0.289264 0.576195 0.285645 0.579157 0.283216
0 0.624907 0.263450 0.629020 0.264926 0.631710 0.269125 0.632022 0.273757 0.630000 0.277640 0.626416 0.279863 0.620897 0.280091 0.616606 0.277408 0.614594 0.274049 0.614768 0.269218 0.617321 0.265077 0.620671 0.263395
0 0.764160 0.303975 0.764111 0.309144 0.762734 0.312806 0.760576 0.315303 0.756336 0.316352 0.749734 0.315666 0.746602 0.312691 0.745290 0.307924 0.745914 0.303283 0.747867 0.299500 0.751354 0.297234 0.755827 0.297033 0.761194 0.299566
0 0.811266 0.336893 0.811217 0.342063 0.809841 0.345725 0.807682 0.348221 0.803442 0.349271 0.796839 0.348585 0.793708 0.345609 0.792397 0.340843 0.793021 0.336202 0.794973 0.332419 0.798461 0.330152 0.802933 0.329951 0.808300 0.332485
0 0.763230 0.344485 0.763180 0.349655 0.761804 0.353317 0.759646 0.355813 0.755406 0.356863 0.748803 0.356177 0.745672 0.353201 0.744361 0.348435 0.744984 0.343794 0.746936 0.340011 0.750424 0.337744 0.754896 0.337543 0.760264 0.340077
0 0.790155 0.386394 0.790106 0.391563 0.788730 0.395226 0.786572 0.397722 0.782332 0.398771 0.775729 0.398085 0.772598 0.395110 0.771286 0.390343 0.771910 0.385702 0.773862 0.381919 0.777350 0.379653 0.781822 0.379452 0.787190 0.381985
0 0.826549 0.382154 0.826500 0.387323 0.825123 0.390986 0.822965 0.393482 0.818725 0.394532 0.812122 0.393846 0.808991 0.390870 0.807680 0.386104 0.808303 0.381462 0.810255 0.377680 0.813744 0.375413 0.818215 0.375212 0.823583 0.377745
0 0.795215 0.283225 0.795166 0.288394 0.793789 0.292057 0.791631 0.294553 0.787391 0.295603 0.780788 0.294917 0.777657 0.291941 0.776345 0.287175 0.776969 0.282534 0.778921 0.278751 0.782409 0.276484 0.786881 0.276283 0.792249 0.278816
0 0.846728 0.272413 0.846679 0.277582 0.845303 0.281244 0.843144 0.283740 0.838904 0.284790 0.832301 0.284104 0.829170 0.281128 0.827859 0.276362 0.828483 0.271721 0.830435 0.267938 0.833923 0.265672 0.838394 0.265471 0.843762 0.268003
0 0.868801 0.338630 0.868751 0.343798 0.867375 0.347461 0.865217 0.349957 0.860977 0.351007 0.854374 0.350321 0.851243 0.347345 0.849931 0.342579 0.850555 0.337938 0.852507 0.334155 0.855995 0.331888 0.860467 0.331688 0.865835 0.334220
0 0.929794 0.286372 0.929745 0.291542 0.928369 0.295204 0.926210 0.297700 0.921970 0.298750 0.915367 0.298064 0.912236 0.295089 0.910925 0.290322 0.911548 0.285681 0.913500 0.281898 0.916989 0.279632 0.921460 0.279430 0.926828 0.281964
0 0.888251 0.293484 0.888201 0.298653 0.886825 0.302315 0.884667 0.304812 0.880427 0.305862 0.873824 0.305175 0.870693 0.302200 0.869381 0.297434 0.870005 0.292792 0.871957 0.289009 0.875445 0.286743 0.879917 0.286542 0.885285 0.289075
0 0.931329 0.346273 0.931280 0.351442 0.929903 0.355105 0.927745 0.357601 0.923505 0.358651 0.916903 0.357965 0.913771 0.354989 0.912459 0.350223 0.913084 0.345581 0.915036 0.341799 0.918524 0.339532 0.922996 0.339331 0.928363 0.341864
0 0.946968 0.298310 0.946919 0.303479 0.945542 0.307142 0.943384 0.309638 0.939144 0.310688 0.932542 0.310001 0.929410 0.307026 0.928098 0.302260 0.928723 0.297618 0.930674 0.293836 0.934163 0.291569 0.938635 0.291368 0.944002 0.293901
0 0.783368 0.315705 0.783319 0.320875 0.781943 0.324537 0.779785 0.327033 0.775545 0.328083 0.768942 0.327397 0.765811 0.324421 0.764499 0.319655 0.765123 0.315013 0.767075 0.311231 0.770563 0.308964 0.775035 0.308763 0.780403 0.311296
0 0.816517 0.441454 0.816467 0.446623 0.815091 0.450285 0.812933 0.452781 0.808693 0.453831 0.802090 0.453145 0.798959 0.450169 0.797647 0.445403 0.798271 0.440762 0.800223 0.436978 0.803711 0.434713 0.808183 0.434511 0.813551 0.437044
0 0.964697 0.278131 0.964647 0.283300 0.963271 0.286962 0.961113 0.289458 0.956873 0.290508 0.950270 0.289822 0.947139 0.286847 0.945827 0.282080 0.946451 0.277439 0.948403 0.273656 0.951891 0.271390 0.956363 0.271189 0.961731 0.273721
0 0.893624 0.239895 0.893575 0.245064 0.892198 0.248727 0.890040 0.251223 0.885800 0.252273 0.879197 0.251587 0.876066 0.248611 0.874754 0.243845 0.875378 0.239204 0.877330 0.235421 0.880819 0.233154 0.885290 0.232953 0.890658 0.235487
0 0.925620 0.468228 0.925570 0.473397 0.924194 0.477060 0.922035 0.479556 0.917796 0.480605 0.911193 0.479920 0.908062 0.476944 0.906750 0.472177 0.907374 0.467536 0.909326 0.463753 0.912814 0.461487 0.917286 0.461286 0.922653 0.463819
0 0.972444 0.468002 0.972395 0.473171 0.971018 0.476833 0.968860 0.479329 0.964620 0.480379 0.958017 0.479693 0.954886 0.476718 0.953574 0.471951 0.954198 0.467310 0.956150 0.463527 0.959638 0.461261 0.964110 0.461059 0.969478 0.463593
0 0.839479 0.455369 0.839430 0.460538 0.838053 0.464201 0.835895 0.466697 0.831655 0.467746 0.825053 0.467061 0.821921 0.464085 0.820609 0.459318 0.821234 0.454677 0.823185 0.450894 0.826674 0.448628 0.831146 0.448427 0.836513 0.450960
0 0.859061 0.467501 0.859012 0.472670 0.857635 0.476333 0.855476 0.478829 0.851237 0.479879 0.844634 0.479193 0.841503 0.476217 0.840191 0.471451 0.840815 0.466810 0.842767 0.463027 0.846255 0.460760 0.850727 0.460559 0.856094 0.463093
0 0.830749 0.540491 0.830700 0.545660 0.829324 0.549323 0.827166 0.551819 0.822926 0.552868 0.816323 0.552183 0.813192 0.549207 0.811880 0.544441 0.812504 0.539799 0.814456 0.536016 0.817944 0.533750 0.822416 0.533549 0.827784 0.536082
0 0.873831 0.577760 0.873782 0.582929 0.872406 0.586591 0.870247 0.589088 0.866008 0.590138 0.859405 0.589451 0.856273 0.586476 0.854962 0.581710 0.855585 0.577069 0.857538 0.573285 0.861026 0.571019 0.865498 0.570818 0.870865 0.573351
0 0.943625 0.570446 0.943576 0.575615 0.942199 0.579277 0.940040 0.581773 0.935801 0.582824 0.929198 0.582137 0.926066 0.579162 0.924755 0.574395 0.925379 0.569754 0.927331 0.565971 0.930819 0.563705 0.935291 0.563504 0.940659 0.566037
0 0.715084 0.483592 0.715035 0.488761 0.713658 0.492423 0.711500 0.494919 0.707260 0.495969 0.700657 0.495283 0.697526 0.492308 0.696215 0.487541 0.696838 0.482900 0.698790 0.479117 0.702279 0.476851 0.706750 0.476650 0.712118 0.479183
0 0.680749 0.464202 0.680700 0.469372 0.679323 0.473034 0.677165 0.475530 0.672925 0.476580 0.666323 0.475894 0.663191 0.472919 0.661879 0.468152 0.662504 0.463511 0.664455 0.459728 0.667944 0.457462 0.672415 0.457260 0.677783 0.459794
0 0.782600 0.563829 0.782551 0.568998 0.781174 0.572661 0.779015 0.575157 0.774776 0.576206 0.768173 0.575521 0.765041 0.572545 0.763730 0.567778 0.764354 0.563137 0.766306 0.559354 0.769794 0.557088 0.774266 0.556887 0.779634 0.559420
0 0.697614 0.565228 0.697565 0.570397 0.696189 0.574059 0.694030 0.576555 0.689790 0.577606 0.683187 0.576919 0.680056 0.573944 0.678745 0.569177 0.679368 0.564536 0.681321 0.560753 0.684809 0.558487 0.689281 0.558286 0.694648 0.560819
0 0.787407 0.634717 0.787358 0.639886 0.785982 0.643549 0.783823 0.646045 0.779583 0.647095 0.772980 0.646409 0.769849 0.643433 0.768537 0.638667 0.769161 0.634025 0.771113 0.630243 0.774601 0.627976 0.779073 0.627775 0.784441 0.630308
0 0.751190 0.660072 0.751141 0.665241 0.749765 0.668903 0.747606 0.671400 0.743367 0.672449 0.736764 0.671763 0.733632 0.668788 0.732321 0.664021 0.732945 0.659380 0.734897 0.655597 0.738385 0.653331 0.742857 0.653129 0.748225 0.655663
0 0.701205 0.649210 0.701156 0.654380 0.699779 0.658042 0.697621 0.660538 0.693381 0.661588 0.686778 0.660902 0.683647 0.657927 0.682336 0.653160 0.682960 0.648519 0.684911 0.644736 0.688400 0.642470 0.692872 0.642268 0.698239 0.644802
0 0.607282 0.686939 0.607233 0.692108 0.605856 0.695771 0.603698 0.698267 0.599458 0.699317 0.592856 0.698630 0.589724 0.695655 0.588413 0.690889 0.589037 0.686247 0.590988 0.682465 0.594477 0.680198 0.598948 0.679997 0.604316 0.682530
0 0.617347 0.668448 0.617298 0.673617 0.615921 0.677280 0.613763 0.679776 0.609523 0.680825 0.602920 0.680140 0.599789 0.677164 0.598477 0.672397 0.599101 0.667756 0.601053 0.663974 0.604541 0.661707 0.609013 0.661506 0.614381 0.664039
0 0.539199 0.725202 0.539150 0.730371 0.537773 0.734033 0.535615 0.736530 0.531375 0.737580 0.524773 0.736893 0.521641 0.733918 0.520330 0.729152 0.520954 0.724510 0.522905 0.720727 0.526394 0.718461 0.530866 0.718260 0.536233 0.720793
0 0.564366 0.712713 0.564317 0.717882 0.562941 0.721544 0.560782 0.724040 0.556542 0.725090 0.549940 0.724404 0.546808 0.721428 0.545497 0.716662 0.546121 0.712021 0.548073 0.708238 0.551561 0.705971 0.556033 0.705771 0.561400 0.708304
0 0.583323 0.725986 0.583274 0.731155 0.581897 0.734818 0.579739 0.737314 0.575499 0.738363 0.568896 0.737677 0.565765 0.734702 0.564453 0.729935 0.565077 0.725294 0.567029 0.721511 0.570517 0.719245 0.574989 0.719044 0.580357 0.721577
0 0.603617 0.734653 0.603568 0.739822 0.602192 0.743485 0.600033 0.745981 0.595793 0.747031 0.589190 0.746345 0.586059 0.743369 0.584748 0.738603 0.585371 0.733961 0.587324 0.730179 0.590811 0.727912 0.595283 0.727711 0.600651 0.730244
0 0.622431 0.725998 0.622381 0.731168 0.621005 0.734830 0.618846 0.737326 0.614606 0.738376 0.608004 0.737690 0.604872 0.734714 0.603561 0.729948 0.604185 0.725306 0.606137 0.721524 0.609625 0.719257 0.614097 0.719056 0.619464 0.721590
0 0.567624 0.745220 0.567575 0.750389 0.566198 0.754052 0.564040 0.756548 0.559800 0.757597 0.553197 0.756911 0.550066 0.753936 0.548755 0.749169 0.549378 0.744528 0.551330 0.740745 0.554818 0.738479 0.559290 0.738278 0.564658 0.740811
0 0.674465 0.733094 0.674416 0.738264 0.673039 0.741926 0.670881 0.744422 0.666641 0.745472 0.660038 0.744786 0.656907 0.741810 0.655596 0.737044 0.656219 0.732403 0.658171 0.728620 0.661660 0.726353 0.666131 0.726152 0.671499 0.728686
0 0.782732 0.734603 0.782683 0.739773 0.781307 0.743435 0.779149 0.745931 0.774909 0.746981 0.768306 0.746295 0.765175 0.743319 0.763863 0.738553 0.764487 0.733911 0.766439 0.730129 0.769927 0.727862 0.774399 0.727661 0.779766 0.730195
0 0.746054 0.720752 0.746005 0.725921 0.744629 0.729583 0.742470 0.732079 0.738230 0.733129 0.731627 0.732443 0.728496 0.729468 0.727185 0.724701 0.727808 0.720060 0.729761 0.716277 0.733249 0.714011 0.737720 0.713810 0.743088 0.716343
0 0.803548 0.669129 0.803499 0.674298 0.802122 0.677961 0.799964 0.680457 0.795724 0.681507 0.789121 0.680821 0.785990 0.677845 0.784679 0.673079 0.785302 0.668437 0.787254 0.664655 0.790743 0.662388 0.795214 0.662187 0.800582 0.664720
0 0.853916 0.693287 0.853866 0.698456 0.852490 0.702118 0.850332 0.704614 0.846092 0.705665 0.839489 0.704978 0.836358 0.702002 0.835046 0.697237 0.835670 0.692595 0.837622 0.688812 0.841110 0.686546 0.845582 0.686345 0.850950 0.688878
0 0.856648 0.725154 0.856599 0.730323 0.855223 0.733986 0.853064 0.736482 0.848824 0.737532 0.842222 0.736846 0.839090 0.733870 0.837779 0.729104 0.838402 0.724463 0.840355 0.720680 0.843842 0.718413 0.848315 0.718213 0.853682 0.720745
0 0.875306 0.766935 0.875257 0.772104 0.873880 0.775766 0.871722 0.778262 0.867482 0.779312 0.860879 0.778626 0.857748 0.775651 0.856436 0.770884 0.857060 0.766243 0.859012 0.762460 0.862500 0.760194 0.866972 0.759993 0.872340 0.762525
0 0.907492 0.753546 0.907442 0.758715 0.906066 0.762378 0.903908 0.764874 0.899668 0.765923 0.893065 0.765238 0.889934 0.762262 0.888622 0.757495 0.889246 0.752854 0.891198 0.749071 0.894686 0.746805 0.899158 0.746604 0.904526 0.749137
0 0.950496 0.648802 0.950447 0.653971 0.949071 0.657634 0.946912 0.660130 0.942672 0.661179 0.936069 0.660494 0.932938 0.657518 0.931627 0.652752 0.932251 0.648110 0.934203 0.644328 0.937691 0.642061 0.942162 0.641860 0.947530 0.644393
0 0.924805 0.678045 0.924756 0.683215 0.923379 0.686877 0.921221 0.689373 0.916981 0.690423 0.910378 0.689737 0.907247 0.686761 0.905936 0.681995 0.906559 0.677353 0.908511 0.673571 0.912000 0.671304 0.916471 0.671103 0.921839 0.673637
0 0.900443 0.672031 0.900394 0.677200 0.899018 0.680862 0.896859 0.683358 0.892620 0.684408 0.886017 0.683722 0.882886 0.680746 0.881574 0.675980 0.882198 0.671339 0.884150 0.667556 0.887638 0.665290 0.892110 0.665089 0.897477 0.667621
0 0.977342 0.728423 0.977292 0.733592 0.975916 0.737255 0.973758 0.739751 0.969518 0.740801 0.962915 0.740115 0.959784 0.737139 0.958472 0.732373 0.959096 0.727732 0.961048 0.723949 0.964536 0.721682 0.969008 0.721481 0.974376 0.724014
0 0.810497 0.631479 0.810447 0.636649 0.809070 0.640311 0.806912 0.642807 0.802672 0.643857 0.796070 0.643171 0.792938 0.640195 0.791627 0.635429 0.792251 0.630788 0.794202 0.627005 0.797691 0.624738 0.802163 0.624537 0.807530 0.627071
0 0.760543 0.583759 0.760494 0.588928 0.759117 0.592590 0.756959 0.595086 0.752719 0.596136 0.746116 0.595450 0.742985 0.592475 0.741673 0.587708 0.742297 0.583067 0.744249 0.579284 0.747738 0.577018 0.752209 0.576817 0.757577 0.579350
0 0.954148 0.241534 0.954099 0.246703 0.952722 0.250365 0.950563 0.252861 0.946324 0.253911 0.939721 0.253225 0.936589 0.250250 0.935278 0.245483 0.935902 0.240842 0.937854 0.237059 0.941342 0.234793 0.945814 0.234592 0.951181 0.237125
0 0.389687 0.264039 0.389637 0.269208 0.388260 0.272871 0.386102 0.275367 0.381862 0.276416 0.375260 0.275731 0.372128 0.272755 0.370817 0.267989 0.371441 0.263347 0.373393 0.259564 0.376881 0.257298 0.381353 0.257097 0.386720 0.259630
0 0.842439 0.292948 0.845673 0.294529 0.847755 0.297947 0.847790 0.301994 0.846016 0.305439 0.841241 0.307250 0.836087 0.306107 0.834609 0.303472 0.834452 0.298904 0.835764 0.295284 0.838726 0.292856
0 0.861702 0.267238 0.864935 0.268819 0.867018 0.272237 0.867053 0.276283 0.865278 0.279729 0.860504 0.281540 0.855350 0.280397 0.853871 0.277762 0.853714 0.273194 0.855027 0.269574 0.857988 0.267145
0 0.626398 0.317147 0.626348 0.322316 0.624972 0.325979 0.622814 0.328475 0.618574 0.329524 0.611971 0.328839 0.608840 0.325863 0.607528 0.321096 0.608152 0.316455 0.610104 0.312672 0.613592 0.310406 0.618064 0.310205 0.623432 0.312738
0 0.674729 0.255069 0.677962 0.256650 0.680044 0.260068 0.680080 0.264115 0.678305 0.267560 0.673530 0.269371 0.668377 0.268228 0.666898 0.265593 0.666741 0.261025 0.668054 0.257405 0.671015 0.254976
0 0.458553 0.312175 0.458504 0.317344 0.457127 0.321006 0.454968 0.323502 0.450729 0.324553 0.444126 0.323866 0.440995 0.320891 0.439683 0.316124 0.440307 0.311483 0.442259 0.307700 0.445747 0.305434 0.450219 0.305233 0.455587 0.307766
0 0.480283 0.440842 0.480234 0.446012 0.478857 0.449674 0.476699 0.452170 0.472459 0.453220 0.465856 0.452534 0.462725 0.449558 0.461413 0.444792 0.462038 0.440151 0.463989 0.436368 0.467478 0.434101 0.471949 0.433900 0.477317 0.436434
0 0.511426 0.506568 0.511376 0.511737 0.510000 0.515400 0.507842 0.517896 0.503602 0.518945 0.496999 0.518260 0.493868 0.515284 0.492556 0.510517 0.493180 0.505876 0.495132 0.502093 0.498620 0.499827 0.503092 0.499626 0.508460 0.502159
0 0.534653 0.550655 0.534604 0.555824 0.533227 0.559486 0.531069 0.561982 0.526829 0.563032 0.520226 0.562346 0.517095 0.559371 0.515784 0.554604 0.516408 0.549963 0.518359 0.546180 0.521848 0.543914 0.526319 0.543713 0.531687 0.546245
0 0.570708 0.568453 0.570659 0.573622 0.569282 0.577284 0.567124 0.579780 0.562884 0.580830 0.556281 0.580144 0.553150 0.577169 0.551838 0.572402 0.552462 0.567761 0.554414 0.563978 0.557903 0.561712 0.562374 0.561510 0.567742 0.564043
0 0.547229 0.605927 0.547179 0.611097 0.545803 0.614759 0.543644 0.617255 0.539405 0.618305 0.532802 0.617619 0.529671 0.614644 0.528359 0.609877 0.528983 0.605236 0.530935 0.601453 0.534423 0.599187 0.538895 0.598985 0.544263 0.601519
0 0.530209 0.662465 0.530160 0.667634 0.528784 0.671296 0.526625 0.673792 0.522386 0.674842 0.515783 0.674156 0.512651 0.671180 0.511340 0.666414 0.511964 0.661773 0.513916 0.657990 0.517404 0.655724 0.521876 0.655523 0.527244 0.658055
0 0.607084 0.765805 0.607035 0.770974 0.605658 0.774637 0.603500 0.777133 0.599260 0.778183 0.592657 0.777497 0.589526 0.774521 0.588214 0.769755 0.588838 0.765114 0.590790 0.761331 0.594279 0.759064 0.598750 0.758864 0.604118 0.761396
0 0.661079 0.693764 0.661030 0.698933 0.659654 0.702595 0.657495 0.705091 0.653255 0.706141 0.646652 0.705455 0.643521 0.702479 0.642210 0.697713 0.642833 0.693072 0.644786 0.689289 0.648273 0.687022 0.652746 0.686822 0.658113 0.689355
0 0.568205 0.770579 0.568155 0.775747 0.566779 0.779410 0.564621 0.781906 0.560381 0.782956 0.553778 0.782270 0.550647 0.779294 0.549335 0.774528 0.549959 0.769887 0.551911 0.766104 0.555399 0.763837 0.559871 0.763637 0.565239 0.766169
0 0.545397 0.769657 0.545348 0.774826 0.543971 0.778489 0.541813 0.780985 0.537593 0.781514 0.530974 0.781265 0.527839 0.778373 0.526528 0.773607 0.527151 0.768966 0.529103 0.765183 0.532592 0.762916 0.537063 0.762715 0.542431 0.765249
0 0.434138 0.598231 0.434088 0.603400 0.432712 0.607062 0.430554 0.609558 0.426333 0.610088 0.419714 0.609838 0.416580 0.606947 0.415268 0.602180 0.415892 0.597539 0.417844 0.593756 0.421332 0.591490 0.425804 0.591289 0.431172 0.593822
0 0.300695 0.742335 0.300646 0.747504 0.299269 0.751166 0.297111 0.753663 0.292891 0.754192 0.286272 0.753942 0.283137 0.751051 0.281826 0.746284 0.282450 0.741643 0.284401 0.737860 0.287890 0.735594 0.292361 0.735393 0.297729 0.737926
0 0.279722 0.733926 0.279673 0.739094 0.278297 0.742757 0.276138 0.745253 0.271918 0.745783 0.265299 0.745533 0.262164 0.742641 0.260853 0.737875 0.261477 0.733234 0.263428 0.729451 0.266917 0.727185 0.271388 0.726984 0.276756 0.729516
0 0.301671 0.662726 0.301621 0.667895 0.300244 0.671558 0.298086 0.674054 0.293866 0.674583 0.287247 0.674333 0.284112 0.671442 0.282801 0.666676 0.283425 0.662034 0.285377 0.658252 0.288865 0.655985 0.293337 0.655784 0.298704 0.658317
0 0.343303 0.645814 0.343254 0.650983 0.341877 0.654646 0.339719 0.657141 0.335499 0.657671 0.328879 0.657421 0.325745 0.654530 0.324434 0.649763 0.325057 0.645122 0.327009 0.641339 0.330498 0.639073 0.334969 0.638872 0.340337 0.641405
0 0.210151 0.602134 0.210101 0.607303 0.208725 0.610965 0.206567 0.613461 0.202346 0.613991 0.195727 0.613741 0.192593 0.610849 0.191281 0.606083 0.191905 0.601442 0.193857 0.597659 0.197345 0.595393 0.201817 0.595192 0.207185 0.597724
0 0.120372 0.625003 0.120973 0.628043 0.119781 0.631168 0.116937 0.632697 0.114515 0.633168 0.111270 0.632432 0.109152 0.628926 0.109613 0.625518 0.111037 0.623015 0.114911 0.621986 0.117948 0.622816
0 0.228048 0.599719 0.228649 0.602758 0.227458 0.605884 0.224613 0.607412 0.222192 0.607883 0.218947 0.607147 0.216829 0.603642 0.217290 0.600233 0.218714 0.597731 0.222588 0.596701 0.225625 0.597531
0 0.214737 0.557069 0.215338 0.560109 0.214147 0.563234 0.211302 0.564762 0.208881 0.565233 0.205636 0.564498 0.203518 0.560992 0.203979 0.557584 0.205403 0.555081 0.209277 0.554051 0.212314 0.554882
0 0.119544 0.579839 0.120146 0.582878 0.118954 0.586003 0.116109 0.587531 0.113688 0.588002 0.110443 0.587267 0.108325 0.583761 0.108786 0.580353 0.110210 0.577850 0.114084 0.576820 0.117121 0.577651
0 0.111542 0.569804 0.112144 0.572843 0.110951 0.575968 0.108107 0.577497 0.105686 0.577968 0.102441 0.577232 0.100323 0.573726 0.100784 0.570318 0.102208 0.567815 0.106082 0.566785 0.109119 0.567616
0 0.124105 0.567082 0.124707 0.570121 0.123515 0.573247 0.120670 0.574775 0.118249 0.575246 0.115004 0.574510 0.112886 0.571004 0.113347 0.567596 0.114771 0.565094 0.118645 0.564064 0.121682 0.564894
0 0.070307 0.676943 0.070909 0.679983 0.069717 0.683108 0.066872 0.684636 0.064451 0.685107 0.061206 0.684372 0.059088 0.680866 0.059549 0.677458 0.060973 0.674955 0.064847 0.673925 0.067884 0.674756
0 0.077789 0.664496 0.078390 0.667535 0.077198 0.670661 0.074353 0.672189 0.071932 0.672660 0.068687 0.671924 0.066569 0.668419 0.067030 0.665011 0.068454 0.662508 0.072329 0.661478 0.075365 0.662308
0 0.083527 0.734382 0.084128 0.737422 0.082937 0.740547 0.080092 0.742075 0.077670 0.742546 0.074426 0.741811 0.072308 0.738305 0.072768 0.734897 0.074192 0.732394 0.078067 0.731364 0.081104 0.732194
0 0.262715 0.752517 0.263316 0.755557 0.262124 0.758681 0.259280 0.760210 0.256859 0.760681 0.253613 0.759946 0.251495 0.756440 0.251956 0.753032 0.253380 0.750529 0.257254 0.749499 0.260291 0.750329
0 0.322322 0.752114 0.322923 0.755154 0.321731 0.758279 0.318887 0.759807 0.316465 0.760278 0.313220 0.759543 0.311102 0.756037 0.311563 0.752629 0.312987 0.750126 0.316861 0.749096 0.319898 0.749927
0 0.377909 0.742707 0.378511 0.745746 0.377319 0.748871 0.374474 0.750400 0.372053 0.750871 0.368808 0.750135 0.366690 0.746630 0.367151 0.743222 0.368575 0.740719 0.372449 0.739689 0.375486 0.740519
0 0.424277 0.688825 0.424878 0.691864 0.423686 0.694989 0.420842 0.696518 0.418420 0.696989 0.415175 0.696253 0.413057 0.692747 0.413518 0.689339 0.414942 0.686836 0.418816 0.685807 0.421853 0.686637
0 0.442568 0.700347 0.443170 0.703386 0.441978 0.706511 0.439133 0.708040 0.436712 0.708511 0.433467 0.707776 0.431349 0.704270 0.431810 0.700862 0.433234 0.698359 0.437109 0.697329 0.440145 0.698159
0 0.544346 0.748386 0.544948 0.751425 0.543756 0.754550 0.540911 0.756079 0.538490 0.756550 0.535245 0.755814 0.533128 0.752309 0.533588 0.748901 0.535012 0.746398 0.538887 0.745368 0.541924 0.746198
0 0.713801 0.728428 0.714403 0.731467 0.713211 0.734592 0.710366 0.736121 0.707945 0.736592 0.704700 0.735856 0.702582 0.732350 0.703043 0.728942 0.704467 0.726440 0.708341 0.725410 0.711378 0.726240
0 0.700997 0.712083 0.701598 0.715122 0.700406 0.718247 0.697562 0.719776 0.695141 0.720247 0.691896 0.719511 0.689777 0.716006 0.690238 0.712598 0.691662 0.710095 0.695537 0.709065 0.698574 0.709895
0 0.895392 0.771242 0.895994 0.774282 0.894802 0.777407 0.891957 0.778935 0.889536 0.779406 0.886291 0.778670 0.884173 0.775165 0.884634 0.771757 0.886058 0.769254 0.889932 0.768224 0.892969 0.769054
0 0.907724 0.731330 0.908325 0.734369 0.907133 0.737494 0.904288 0.739023 0.901867 0.739494 0.898622 0.738758 0.896504 0.735253 0.896965 0.731844 0.898389 0.729341 0.902263 0.728312 0.905300 0.729142
0 0.882878 0.655013 0.883479 0.658052 0.882287 0.661177 0.879443 0.662706 0.877022 0.663177 0.873776 0.662441 0.871658 0.658935 0.872119 0.655528 0.873543 0.653025 0.877418 0.651995 0.880455 0.652825
0 0.979267 0.611189 0.979868 0.614228 0.978676 0.617353 0.975831 0.618882 0.973410 0.619353 0.970165 0.618617 0.968047 0.615111 0.968508 0.611703 0.969932 0.609201 0.973806 0.608171 0.976843 0.609001
0 0.957343 0.587418 0.957944 0.590457 0.956753 0.593582 0.953908 0.595111 0.951486 0.595582 0.948242 0.594846 0.946124 0.591341 0.946585 0.587932 0.948009 0.585430 0.951883 0.584400 0.954920 0.585230
0 0.737269 0.595116 0.737871 0.598156 0.736678 0.601281 0.733834 0.602809 0.731413 0.603281 0.728168 0.602545 0.726050 0.599039 0.726511 0.595631 0.727935 0.593128 0.731809 0.592098 0.734846 0.592929
0 0.770560 0.544826 0.771162 0.547866 0.769970 0.550991 0.767125 0.552520 0.764704 0.552991 0.761459 0.552255 0.759341 0.548749 0.759802 0.545341 0.761226 0.542838 0.765100 0.541808 0.768137 0.542639
0 0.731564 0.489768 0.732165 0.492807 0.730973 0.495932 0.728129 0.497461 0.725708 0.497932 0.722462 0.497196 0.720344 0.493690 0.720805 0.490282 0.722229 0.487780 0.726104 0.486750 0.729140 0.487580
0 0.619288 0.452298 0.619890 0.455337 0.618698 0.458463 0.615853 0.459991 0.613432 0.460462 0.610187 0.459726 0.608069 0.456221 0.608530 0.452813 0.609954 0.450310 0.613828 0.449280 0.616865 0.450110
0 0.665797 0.408229 0.666398 0.411269 0.665206 0.414394 0.662362 0.415922 0.659940 0.416393 0.656695 0.415658 0.654577 0.412152 0.655038 0.408744 0.656462 0.406241 0.660336 0.405211 0.663373 0.406041
0 0.587531 0.392102 0.588133 0.395141 0.586941 0.398266 0.584096 0.399795 0.581675 0.400266 0.578430 0.399530 0.576312 0.396025 0.576773 0.392617 0.578197 0.390114 0.582071 0.389084 0.585108 0.389914
0 0.562660 0.488317 0.563261 0.491356 0.562070 0.494481 0.559225 0.496010 0.556804 0.496481 0.553559 0.495745 0.551441 0.492240 0.551902 0.488832 0.553326 0.486329 0.557200 0.485299 0.560237 0.486129
0 0.505193 0.473564 0.505794 0.476604 0.504602 0.479729 0.501758 0.481257 0.499336 0.481728 0.496091 0.480993 0.493973 0.477487 0.494434 0.474079 0.495858 0.471576 0.499732 0.470546 0.502769 0.471377
0 0.470015 0.545791 0.470616 0.548830 0.469425 0.551955 0.466580 0.553484 0.464158 0.553955 0.460914 0.553219 0.458796 0.549714 0.459256 0.546306 0.460680 0.543803 0.464555 0.542772 0.467592 0.543603
0 0.597079 0.527837 0.597030 0.533006 0.595654 0.536668 0.593496 0.539165 0.589256 0.540214 0.582653 0.539528 0.579522 0.536553 0.578210 0.531786 0.578834 0.527145 0.580786 0.523362 0.584274 0.521096 0.588746 0.520894 0.594114 0.523428
0 0.435200 0.498852 0.435801 0.501891 0.434609 0.505016 0.431765 0.506545 0.429344 0.507016 0.426098 0.506280 0.423981 0.502774 0.424442 0.499366 0.425866 0.496864 0.429739 0.495834 0.432777 0.496664
0 0.394609 0.505975 0.395211 0.509014 0.394019 0.512139 0.391175 0.513668 0.388753 0.514139 0.385508 0.513403 0.383391 0.509898 0.383851 0.506490 0.385275 0.503987 0.389150 0.502957 0.392187 0.503787
0 0.447160 0.532132 0.445414 0.534219 0.442857 0.534601 0.439928 0.534151 0.438635 0.532505 0.438452 0.529997 0.439491 0.528230 0.440995 0.527036 0.442795 0.526271 0.445221 0.526432 0.447490 0.527976 0.447644 0.530344
0 0.401969 0.623902 0.400223 0.625989 0.397666 0.626371 0.394737 0.625921 0.393444 0.624275 0.393261 0.621767 0.394300 0.620000 0.395804 0.618806 0.397604 0.618041 0.400030 0.618202 0.402299 0.619746 0.402453 0.622114
0 0.329321 0.576062 0.327575 0.578150 0.325018 0.578531 0.322089 0.578082 0.320796 0.576435 0.320613 0.573927 0.321652 0.572161 0.323156 0.570967 0.324957 0.570201 0.327383 0.570362 0.329652 0.571906 0.329806 0.574274
0 0.373794 0.734760 0.372048 0.736847 0.369490 0.737229 0.366562 0.736779 0.365269 0.735133 0.365086 0.732625 0.366125 0.730858 0.367629 0.729665 0.369430 0.728899 0.371855 0.729060 0.374124 0.730604 0.374278 0.732972
0 0.380055 0.705310 0.378309 0.707398 0.375751 0.707780 0.372822 0.707330 0.371530 0.705684 0.371347 0.703176 0.372386 0.701409 0.373890 0.700215 0.375690 0.699449 0.378116 0.699610 0.380385 0.701155 0.380539 0.703523
0 0.245618 0.739921 0.243872 0.742008 0.241315 0.742390 0.238386 0.741941 0.237094 0.740294 0.236910 0.737786 0.237950 0.736019 0.239453 0.734826 0.241254 0.734060 0.243680 0.734221 0.245949 0.735766 0.246103 0.738133
0 0.186297 0.697460 0.184551 0.699547 0.181993 0.699929 0.179065 0.699479 0.177772 0.697833 0.177589 0.695325 0.178628 0.693558 0.180132 0.692364 0.181932 0.691599 0.184358 0.691760 0.186628 0.693304 0.186781 0.695672
0 0.092915 0.732203 0.091169 0.734290 0.088612 0.734672 0.085683 0.734223 0.084390 0.732576 0.084207 0.730068 0.085246 0.728301 0.086750 0.727108 0.088551 0.726342 0.090976 0.726503 0.093246 0.728048 0.093400 0.730415
0 0.052999 0.663262 0.051252 0.665349 0.048695 0.665731 0.045766 0.665281 0.044473 0.663635 0.044290 0.661127 0.045329 0.659360 0.046834 0.658167 0.048634 0.657401 0.051059 0.657562 0.053329 0.659106 0.053483 0.661474
0 0.216762 0.462012 0.215016 0.464099 0.212459 0.464481 0.209530 0.464031 0.208237 0.462385 0.208054 0.459877 0.209093 0.458110 0.210597 0.456917 0.212398 0.456151 0.214824 0.456312 0.217093 0.457856 0.217247 0.460224
0 0.271878 0.376049 0.270131 0.378137 0.267574 0.378518 0.264646 0.378069 0.263353 0.376422 0.263169 0.373915 0.264209 0.372148 0.265713 0.370954 0.267513 0.370188 0.269939 0.370349 0.272208 0.371894 0.272362 0.374261
0 0.253537 0.243904 0.251791 0.245991 0.249234 0.246373 0.246305 0.245923 0.245012 0.244277 0.244829 0.241769 0.245868 0.240003 0.247372 0.238808 0.249173 0.238043 0.251598 0.238204 0.253867 0.239748 0.254021 0.242116
0 0.327261 0.286050 0.325515 0.288138 0.322958 0.288519 0.320029 0.288070 0.318736 0.286423 0.318553 0.283916 0.319592 0.282148 0.321096 0.280955 0.322897 0.280189 0.325322 0.280350 0.327592 0.281894 0.327745 0.284262
0 0.624991 0.352976 0.625592 0.356015 0.624400 0.359140 0.621556 0.360669 0.619134 0.361140 0.615890 0.360404 0.613772 0.356899 0.614233 0.353491 0.615657 0.350988 0.619531 0.349958 0.622568 0.350788
0 0.714950 0.644556 0.718184 0.646136 0.720266 0.649554 0.720301 0.653601 0.718526 0.657047 0.713752 0.658858 0.708598 0.657715 0.707120 0.655079 0.706963 0.650510 0.708275 0.646891 0.711237 0.644462
0 0.655808 0.599351 0.656409 0.602390 0.655218 0.605515 0.652373 0.607044 0.649952 0.607515 0.646707 0.606779 0.644589 0.603274 0.645050 0.599866 0.646474 0.597363 0.650348 0.596333 0.653385 0.597163
0 0.326653 0.513261 0.330766 0.514736 0.333456 0.518936 0.333768 0.523567 0.331746 0.527450 0.328162 0.529673 0.322643 0.529901 0.318352 0.527218 0.316340 0.523859 0.316514 0.519028 0.319067 0.514887 0.322417 0.513205
0 0.254730 0.498186 0.252984 0.500273 0.250427 0.500654 0.247498 0.500205 0.246205 0.498559 0.246022 0.496051 0.247061 0.494284 0.248565 0.493090 0.250366 0.492325 0.252791 0.492486 0.255060 0.494030 0.255215 0.496397
0 0.189345 0.281144 0.193458 0.282619 0.196148 0.286819 0.196460 0.291451 0.194438 0.295334 0.190855 0.297557 0.185335 0.297785 0.181044 0.295102 0.179032 0.291742 0.179206 0.286912 0.181759 0.282771 0.185109 0.281089
0 0.224778 0.235552 0.223032 0.237640 0.220474 0.238021 0.217546 0.237572 0.216253 0.235925 0.216070 0.233418 0.217109 0.231651 0.218613 0.230457 0.220413 0.229692 0.222839 0.229853 0.225109 0.231397 0.225262 0.233764
0 0.330959 0.408642 0.334193 0.410222 0.336275 0.413641 0.336311 0.417687 0.334535 0.421133 0.329761 0.422944 0.324607 0.421801 0.323129 0.419166 0.322972 0.414597 0.324285 0.410978 0.327246 0.408549
0 0.764390 0.773558 0.764341 0.778727 0.762964 0.782390 0.760806 0.784886 0.756566 0.785935 0.749963 0.785250 0.746832 0.782274 0.745521 0.777507 0.746144 0.772866 0.748096 0.769083 0.751585 0.766817 0.756056 0.766616 0.761424 0.769149
