0 0.525641 0.589744 0.524038 0.581731 0.519231 0.575321 0.514423 0.573718 0.506410 0.576923 0.503205 0.583333 0.503205 0.591346 0.509615 0.599359 0.516026 0.599359 0.520833 0.596154
0 0.475962 0.599359 0.474359 0.591346 0.469551 0.584936 0.463141 0.584936 0.458333 0.588141 0.453526 0.594551 0.455128 0.602564 0.459936 0.608974 0.466346 0.608974 0.472756 0.605769
0 0.485577 0.658654 0.483974 0.652244 0.479167 0.645833 0.474359 0.644231 0.467949 0.647436 0.464744 0.653846 0.464744 0.661859 0.471154 0.669872 0.477564 0.669872 0.482372 0.665064
0 0.572115 0.701923 0.570513 0.695513 0.565705 0.689103 0.560897 0.687500 0.554487 0.690705 0.551282 0.697115 0.549679 0.705128 0.556090 0.711538 0.562500 0.713141 0.568910 0.708333
0 0.639423 0.658654 0.637821 0.650641 0.633013 0.645833 0.628205 0.642628 0.621795 0.645833 0.618590 0.652244 0.616987 0.660256 0.623397 0.668269 0.629808 0.668269 0.636218 0.665064
0 0.676282 0.607372 0.674679 0.600962 0.669872 0.594551 0.665064 0.592949 0.657051 0.596154 0.653846 0.602564 0.653846 0.610577 0.660256 0.618590 0.666667 0.618590 0.671474 0.613782
0 0.488782 0.491987 0.487179 0.483974 0.482372 0.479167 0.477564 0.477564 0.471154 0.479167 0.467949 0.485577 0.466346 0.493590 0.472756 0.501603 0.479167 0.503205 0.485577 0.498397
0 0.318910 0.615385 0.317308 0.607372 0.312500 0.602564 0.307692 0.599359 0.301282 0.602564 0.298077 0.608974 0.296474 0.616987 0.302885 0.625000 0.309295 0.625000 0.315705 0.621795
0 0.277244 0.615385 0.275641 0.607372 0.270833 0.602564 0.266026 0.599359 0.259615 0.602564 0.256410 0.608974 0.254808 0.616987 0.261218 0.625000 0.267628 0.625000 0.274038 0.621795
0 0.270833 0.440705 0.269231 0.432692 0.264423 0.426282 0.259615 0.424679 0.253205 0.427885 0.250000 0.434295 0.248397 0.442308 0.254808 0.450321 0.262821 0.450321 0.267628 0.447115
0 0.240385 0.442308 0.238782 0.434295 0.233974 0.427885 0.229167 0.426282 0.222756 0.429487 0.219551 0.435897 0.217949 0.443910 0.224359 0.451923 0.230769 0.451923 0.237179 0.448718
0 0.187500 0.467949 0.185897 0.461538 0.181090 0.455128 0.176282 0.453526 0.169872 0.456731 0.166667 0.463141 0.165064 0.471154 0.171474 0.479167 0.177885 0.479167 0.184295 0.475962
0 0.232372 0.572115 0.230769 0.564103 0.225962 0.557692 0.221154 0.556090 0.214744 0.559295 0.211538 0.565705 0.209936 0.573718 0.216346 0.581731 0.222756 0.581731 0.229167 0.578526
0 0.160256 0.580128 0.158654 0.573718 0.153846 0.567308 0.149038 0.565705 0.142628 0.568910 0.139423 0.575321 0.139423 0.583333 0.144231 0.591346 0.152244 0.591346 0.157051 0.588141
0 0.123397 0.520833 0.121795 0.514423 0.116987 0.508013 0.112179 0.506410 0.105769 0.509615 0.102564 0.517628 0.100962 0.524038 0.107372 0.530449 0.113782 0.532051 0.120192 0.527244
0 0.147436 0.556090 0.145833 0.549679 0.139423 0.544872 0.136218 0.541667 0.129808 0.544872 0.126603 0.551282 0.125000 0.559295 0.131410 0.567308 0.137821 0.567308 0.144231 0.562500
0 0.064103 0.533654 0.062500 0.525641 0.057692 0.520833 0.052885 0.517628 0.046474 0.520833 0.043269 0.527244 0.041667 0.535256 0.048077 0.543269 0.056090 0.543269 0.060897 0.540064
0 0.161859 0.216346 0.158654 0.209936 0.153846 0.203526 0.150641 0.200321 0.144231 0.203526 0.141026 0.209936 0.139423 0.217949 0.145833 0.225962 0.152244 0.225962 0.158654 0.222756
0 0.315705 0.214744 0.314103 0.206731 0.309295 0.201923 0.304487 0.200321 0.298077 0.201923 0.294872 0.208333 0.294872 0.216346 0.299679 0.224359 0.307692 0.224359 0.312500 0.221154
0 0.259615 0.052885 0.258013 0.046474 0.253205 0.040064 0.248397 0.038462 0.241987 0.041667 0.238782 0.048077 0.237179 0.056090 0.243590 0.064103 0.251603 0.064103 0.256410 0.059295
0 0.477564 0.216346 0.475962 0.209936 0.471154 0.203526 0.466346 0.201923 0.459936 0.205128 0.456731 0.211538 0.455128 0.219551 0.461538 0.227564 0.467949 0.227564 0.474359 0.222756
0 0.344551 0.216346 0.342949 0.209936 0.338141 0.203526 0.333333 0.201923 0.326923 0.205128 0.323718 0.211538 0.323718 0.219551 0.328526 0.227564 0.336538 0.227564 0.341346 0.222756
0 0.451923 0.145833 0.450321 0.139423 0.445513 0.133013 0.439103 0.133013 0.434295 0.134615 0.431090 0.141026 0.429487 0.149038 0.435897 0.157051 0.443910 0.157051 0.448718 0.153846
0 0.485577 0.318910 0.483974 0.310897 0.479167 0.306090 0.474359 0.302885 0.467949 0.306090 0.464744 0.312500 0.464744 0.320513 0.469551 0.328526 0.477564 0.328526 0.482372 0.325321
0 0.451923 0.307692 0.450321 0.299679 0.445513 0.294872 0.440705 0.293269 0.434295 0.294872 0.429487 0.302885 0.429487 0.309295 0.435897 0.317308 0.442308 0.318910 0.448718 0.314103
0 0.541667 0.411859 0.540064 0.403846 0.535256 0.397436 0.530449 0.395833 0.524038 0.399038 0.520833 0.405449 0.520833 0.413462 0.525641 0.421474 0.533654 0.421474 0.538462 0.418269
0 0.584936 0.160256 0.583333 0.152244 0.578526 0.147436 0.573718 0.144231 0.567308 0.147436 0.564103 0.153846 0.564103 0.161859 0.570513 0.169872 0.576923 0.169872 0.581731 0.166667
0 0.658654 0.365385 0.657051 0.357372 0.652244 0.350962 0.647436 0.349359 0.641026 0.352564 0.637821 0.358974 0.636218 0.366987 0.642628 0.375000 0.649038 0.375000 0.655449 0.371795
0 0.647436 0.280449 0.645833 0.274038 0.641026 0.267628 0.636218 0.266026 0.629808 0.269231 0.626603 0.275641 0.625000 0.283654 0.631410 0.291667 0.637821 0.291667 0.644231 0.286859
0 0.600962 0.293269 0.599359 0.285256 0.594551 0.280449 0.589744 0.277244 0.580128 0.286859 0.580128 0.294872 0.586538 0.302885 0.592949 0.302885 0.597756 0.299679 0.653846 0.184295
0 0.652244 0.176282 0.647436 0.169872 0.642628 0.168269 0.636218 0.171474 0.633013 0.177885 0.631410 0.185897 0.637821 0.193910 0.645833 0.193910 0.650641 0.190705 0.402244 0.314103
0 0.400641 0.306090 0.395833 0.299679 0.391026 0.298077 0.384615 0.301282 0.381410 0.307692 0.379808 0.315705 0.386218 0.323718 0.392628 0.323718 0.399038 0.320513 0.562500 0.386218
0 0.560897 0.379808 0.556090 0.373397 0.551282 0.371795 0.544872 0.375000 0.541667 0.381410 0.541667 0.389423 0.546474 0.397436 0.554487 0.397436 0.559295 0.394231 0.437500 0.371795
0 0.435897 0.365385 0.431090 0.358974 0.426282 0.357372 0.419872 0.360577 0.416667 0.366987 0.416667 0.375000 0.423077 0.383013 0.429487 0.383013 0.434295 0.378205 0.600962 0.342949
0 0.599359 0.336538 0.594551 0.330128 0.589744 0.328526 0.583333 0.331731 0.580128 0.338141 0.578526 0.346154 0.584936 0.354167 0.592949 0.354167 0.597756 0.349359 0.467949 0.241987
0 0.466346 0.233974 0.461538 0.229167 0.456731 0.227564 0.450321 0.230769 0.447115 0.235577 0.447115 0.243590 0.451923 0.251603 0.459936 0.253205 0.464744 0.248397 0.362179 0.277244
0 0.360577 0.269231 0.355769 0.262821 0.350962 0.261218 0.344551 0.264423 0.341346 0.270833 0.339744 0.278846 0.346154 0.286859 0.352564 0.286859 0.358974 0.283654 0.211538 0.057692
0 0.209936 0.049679 0.205128 0.044872 0.200321 0.041667 0.193910 0.044872 0.190705 0.051282 0.189103 0.059295 0.195513 0.067308 0.201923 0.067308 0.208333 0.064103 0.166667 0.293269
0 0.165064 0.285256 0.160256 0.280449 0.155449 0.278846 0.149038 0.280449 0.145833 0.286859 0.144231 0.294872 0.150641 0.302885 0.157051 0.302885 0.161859 0.301282 0.685897 0.575321
0 0.685897 0.568910 0.679487 0.562500 0.674679 0.560897 0.668269 0.564103 0.665064 0.570513 0.665064 0.578526 0.671474 0.586538 0.677885 0.586538 0.682692 0.583333 0.594551 0.544872
0 0.592949 0.538462 0.588141 0.532051 0.583333 0.530449 0.576923 0.533654 0.573718 0.540064 0.572115 0.548077 0.578526 0.556090 0.584936 0.556090 0.591346 0.551282 0.562500 0.621795
0 0.560897 0.615385 0.556090 0.608974 0.551282 0.607372 0.544872 0.610577 0.541667 0.616987 0.540064 0.625000 0.546474 0.633013 0.552885 0.633013 0.559295 0.628205 0.653846 0.541667
0 0.652244 0.533654 0.647436 0.528846 0.642628 0.527244 0.636218 0.528846 0.633013 0.535256 0.631410 0.543269 0.637821 0.551282 0.644231 0.551282 0.650641 0.548077 0.676282 0.519231
0 0.674679 0.511218 0.669872 0.506410 0.665064 0.504808 0.658654 0.508013 0.655449 0.512821 0.655449 0.520833 0.660256 0.528846 0.668269 0.530449 0.673077 0.525641 0.682692 0.491987
0 0.682692 0.485577 0.676282 0.479167 0.671474 0.477564 0.665064 0.480769 0.661859 0.487179 0.661859 0.495192 0.668269 0.503205 0.674679 0.503205 0.679487 0.498397 0.788462 0.480769
0 0.783654 0.475962 0.778846 0.474359 0.772436 0.475962 0.769231 0.482372 0.769231 0.490385 0.772436 0.496795 0.777244 0.496795 0.783654 0.493590 0.820513 0.442308 0.820513 0.435897
0 0.815705 0.429487 0.809295 0.429487 0.804487 0.431090 0.801282 0.435897 0.801282 0.443910 0.804487 0.450321 0.809295 0.450321 0.815705 0.447115 0.826923 0.418269 0.826923 0.413462
0 0.823718 0.405449 0.818910 0.403846 0.812500 0.407051 0.809295 0.413462 0.807692 0.421474 0.810897 0.426282 0.817308 0.426282 0.823718 0.423077 0.741987 0.357372 0.743590 0.349359
0 0.738782 0.344551 0.733974 0.341346 0.727564 0.344551 0.724359 0.350962 0.722756 0.358974 0.725962 0.363782 0.732372 0.365385 0.738782 0.362179 0.793269 0.370192 0.793269 0.365385
0 0.790064 0.357372 0.785256 0.355769 0.778846 0.358974 0.775641 0.365385 0.775641 0.373397 0.778846 0.376603 0.783654 0.378205 0.790064 0.375000 0.801282 0.302885 0.801282 0.294872
0 0.796474 0.290064 0.791667 0.288462 0.785256 0.290064 0.782051 0.296474 0.782051 0.304487 0.785256 0.310897 0.790064 0.310897 0.796474 0.307692 0.951923 0.341346 0.953526 0.333333
0 0.948718 0.326923 0.943910 0.325321 0.937500 0.328526 0.934295 0.334936 0.934295 0.342949 0.935897 0.347756 0.942308 0.349359 0.948718 0.346154 0.975962 0.474359 0.977564 0.467949
0 0.971154 0.461538 0.966346 0.459936 0.959936 0.463141 0.956731 0.469551 0.958333 0.475962 0.961538 0.480769 0.966346 0.480769 0.971154 0.479167 0.844551 0.325321 0.846154 0.317308
0 0.841346 0.312500 0.836538 0.309295 0.830128 0.312500 0.826923 0.318910 0.828526 0.325321 0.830128 0.330128 0.836538 0.331731 0.841346 0.330128 0.924679 0.525641 0.926282 0.517628
0 0.921474 0.512821 0.916667 0.511218 0.910256 0.514423 0.907051 0.519231 0.908654 0.527244 0.910256 0.532051 0.916667 0.532051 0.921474 0.530449 0.892628 0.596154 0.892628 0.588141
0 0.887821 0.581731 0.883013 0.580128 0.876603 0.583333 0.873397 0.589744 0.875000 0.596154 0.878205 0.600962 0.883013 0.602564 0.887821 0.600962 0.953526 0.623397 0.955128 0.615385
0 0.950321 0.608974 0.945513 0.607372 0.939103 0.610577 0.935897 0.616987 0.935897 0.623397 0.939103 0.628205 0.945513 0.629808 0.948718 0.628205 0.903846 0.647436 0.905449 0.641026
0 0.900641 0.634615 0.895833 0.633013 0.889423 0.636218 0.886218 0.642628 0.886218 0.649038 0.889423 0.653846 0.895833 0.655449 0.900641 0.652244 0.939103 0.669872 0.940705 0.661859
0 0.935897 0.657051 0.931090 0.655449 0.924679 0.658654 0.919872 0.663462 0.921474 0.671474 0.924679 0.676282 0.931090 0.676282 0.934295 0.674679 0.833333 0.666667 0.834936 0.658654
0 0.830128 0.652244 0.825321 0.650641 0.817308 0.653846 0.814103 0.660256 0.815705 0.666667 0.818910 0.671474 0.823718 0.673077 0.828526 0.669872 0.857372 0.810897 0.858974 0.802885
0 0.854167 0.798077 0.849359 0.794872 0.842949 0.798077 0.839744 0.804487 0.841346 0.810897 0.842949 0.815705 0.849359 0.817308 0.854167 0.815705 0.756410 0.807692 0.756410 0.799679
0 0.751603 0.793269 0.746795 0.791667 0.740385 0.794872 0.737179 0.801282 0.738782 0.807692 0.741987 0.812500 0.746795 0.814103 0.751603 0.812500 0.677885 0.719551 0.677885 0.713141
0 0.673077 0.706731 0.668269 0.705128 0.661859 0.708333 0.658654 0.714744 0.660256 0.721154 0.663462 0.725962 0.668269 0.725962 0.673077 0.724359 0.616987 0.727564 0.618590 0.719551
0 0.613782 0.714744 0.608974 0.713141 0.602564 0.716346 0.599359 0.721154 0.600962 0.729167 0.604167 0.733974 0.608974 0.733974 0.613782 0.732372 0.642628 0.786859 0.644231 0.778846
0 0.639423 0.774038 0.634615 0.770833 0.628205 0.774038 0.625000 0.780449 0.626603 0.786859 0.628205 0.791667 0.634615 0.793269 0.639423 0.791667 0.562500 0.738782 0.562500 0.730769
0 0.557692 0.725962 0.552885 0.722756 0.546474 0.725962 0.543269 0.732372 0.544872 0.738782 0.548077 0.743590 0.552885 0.745192 0.557692 0.743590 0.514423 0.711538 0.516026 0.705128
0 0.511218 0.698718 0.506410 0.697115 0.500000 0.700321 0.496795 0.706731 0.496795 0.713141 0.500000 0.717949 0.506410 0.719551 0.511218 0.716346 0.485577 0.709936 0.485577 0.701923
0 0.480769 0.697115 0.475962 0.695513 0.469551 0.700321 0.466346 0.703526 0.467949 0.711538 0.471154 0.716346 0.475962 0.716346 0.480769 0.714744 0.512821 0.754808 0.514423 0.746795
0 0.509615 0.740385 0.504808 0.738782 0.498397 0.741987 0.495192 0.748397 0.495192 0.754808 0.498397 0.759615 0.504808 0.761218 0.508013 0.759615 0.556090 0.764423 0.557692 0.756410
0 0.552885 0.750000 0.548077 0.748397 0.541667 0.751603 0.538462 0.758013 0.540064 0.764423 0.543269 0.769231 0.548077 0.770833 0.552885 0.769231 0.463141 0.713141 0.464744 0.705128
0 0.459936 0.700321 0.455128 0.698718 0.448718 0.700321 0.445513 0.706731 0.445513 0.714744 0.448718 0.719551 0.455128 0.719551 0.458333 0.717949 0.448718 0.600962 0.450321 0.592949
0 0.443910 0.589744 0.440705 0.588141 0.435897 0.591346 0.434295 0.596154 0.434295 0.600962 0.437500 0.604167 0.442308 0.605769 0.443910 0.605769 0.431090 0.580128 0.432692 0.573718
0 0.427885 0.567308 0.423077 0.565705 0.416667 0.568910 0.415064 0.576923 0.415064 0.581731 0.416667 0.586538 0.423077 0.588141 0.427885 0.584936 0.395833 0.565705 0.395833 0.559295
0 0.391026 0.552885 0.386218 0.552885 0.381410 0.556090 0.378205 0.562500 0.378205 0.567308 0.381410 0.572115 0.386218 0.573718 0.391026 0.570513 0.475962 0.525641 0.477564 0.519231
0 0.472756 0.512821 0.466346 0.511218 0.461538 0.514423 0.458333 0.522436 0.456731 0.528846 0.461538 0.532051 0.467949 0.532051 0.471154 0.530449 0.458333 0.533654 0.458333 0.525641
0 0.453526 0.520833 0.448718 0.519231 0.443910 0.522436 0.440705 0.528846 0.440705 0.533654 0.443910 0.540064 0.448718 0.540064 0.453526 0.538462 0.336538 0.532051 0.338141 0.525641
0 0.333333 0.519231 0.328526 0.519231 0.322115 0.522436 0.320513 0.528846 0.320513 0.533654 0.322115 0.538462 0.328526 0.540064 0.333333 0.536859 0.344551 0.567308 0.346154 0.559295
0 0.341346 0.554487 0.336538 0.552885 0.330128 0.556090 0.328526 0.562500 0.326923 0.567308 0.330128 0.572115 0.336538 0.573718 0.341346 0.572115 0.253205 0.538462 0.254808 0.532051
0 0.250000 0.525641 0.245192 0.524038 0.238782 0.527244 0.235577 0.535256 0.235577 0.540064 0.238782 0.544872 0.245192 0.546474 0.248397 0.543269 0.346154 0.501603 0.347756 0.493590
0 0.341346 0.487179 0.336538 0.487179 0.331731 0.490385 0.328526 0.496795 0.328526 0.501603 0.331731 0.506410 0.336538 0.508013 0.341346 0.506410 0.365385 0.512821 0.365385 0.506410
0 0.360577 0.500000 0.355769 0.498397 0.350962 0.501603 0.347756 0.509615 0.347756 0.514423 0.350962 0.519231 0.355769 0.520833 0.360577 0.517628 0.293269 0.583333 0.294872 0.575321
0 0.290064 0.570513 0.285256 0.568910 0.278846 0.572115 0.277244 0.578526 0.277244 0.584936 0.278846 0.589744 0.285256 0.589744 0.290064 0.588141 0.182692 0.517628 0.184295 0.509615
0 0.179487 0.503205 0.173077 0.503205 0.168269 0.506410 0.165064 0.512821 0.165064 0.517628 0.168269 0.522436 0.174679 0.524038 0.177885 0.522436 0.225962 0.418269 0.227564 0.411859
0 0.222756 0.405449 0.216346 0.408654 0.211538 0.408654 0.208333 0.415064 0.208333 0.419872 0.211538 0.424679 0.217949 0.426282 0.221154 0.423077 0.229167 0.322115 0.230769 0.315705
0 0.225962 0.309295 0.221154 0.307692 0.214744 0.310897 0.213141 0.318910 0.213141 0.323718 0.216346 0.328526 0.221154 0.330128 0.225962 0.326923 0.192308 0.121795 0.192308 0.113782
0 0.187500 0.108974 0.182692 0.107372 0.177885 0.110577 0.174679 0.116987 0.174679 0.121795 0.177885 0.126603 0.182692 0.128205 0.187500 0.126603 0.163462 0.181090 0.165064 0.173077
0 0.158654 0.169872 0.155449 0.166667 0.149038 0.169872 0.147436 0.176282 0.147436 0.182692 0.149038 0.187500 0.155449 0.187500 0.160256 0.185897 0.174679 0.200321 0.176282 0.192308
0 0.171474 0.187500 0.165064 0.185897 0.160256 0.189103 0.157051 0.195513 0.157051 0.200321 0.160256 0.206731 0.166667 0.206731 0.169872 0.205128 0.165064 0.157051 0.165064 0.152244
0 0.163462 0.147436 0.158654 0.145833 0.153846 0.147436 0.150641 0.153846 0.150641 0.158654 0.153846 0.163462 0.160256 0.165064 0.163462 0.161859 0.245192 0.192308 0.246795 0.185897
0 0.241987 0.179487 0.237179 0.179487 0.232372 0.182692 0.229167 0.190705 0.229167 0.193910 0.230769 0.198718 0.237179 0.200321 0.241987 0.197115 0.238782 0.016026 0.240385 0.009615
0 0.235577 0.003205 0.227564 0.003205 0.224359 0.008013 0.222756 0.012821 0.221154 0.017628 0.224359 0.022436 0.230769 0.024038 0.233974 0.020833 0.485577 0.134615 0.485577 0.128205
0 0.483974 0.123397 0.479167 0.121795 0.472756 0.125000 0.471154 0.131410 0.469551 0.136218 0.472756 0.141026 0.479167 0.142628 0.482372 0.141026 0.506410 0.177885 0.506410 0.169872
0 0.503205 0.165064 0.498397 0.163462 0.493590 0.166667 0.490385 0.173077 0.490385 0.177885 0.493590 0.182692 0.498397 0.184295 0.503205 0.182692 0.559295 0.195513 0.560897 0.189103
0 0.557692 0.184295 0.552885 0.181090 0.548077 0.184295 0.544872 0.192308 0.544872 0.197115 0.548077 0.201923 0.552885 0.203526 0.557692 0.200321 0.576923 0.229167 0.576923 0.222756
0 0.573718 0.217949 0.567308 0.216346 0.564103 0.217949 0.560897 0.225962 0.560897 0.230769 0.564103 0.235577 0.568910 0.237179 0.573718 0.233974 0.519231 0.248397 0.520833 0.241987
0 0.517628 0.237179 0.511218 0.235577 0.506410 0.237179 0.504808 0.245192 0.504808 0.250000 0.506410 0.254808 0.512821 0.254808 0.517628 0.253205 0.536859 0.227564 0.536859 0.219551
0 0.533654 0.216346 0.528846 0.213141 0.524038 0.216346 0.520833 0.222756 0.520833 0.227564 0.524038 0.233974 0.528846 0.233974 0.533654 0.232372 0.597756 0.245192 0.599359 0.238782
0 0.596154 0.233974 0.591346 0.232372 0.586538 0.235577 0.583333 0.241987 0.583333 0.246795 0.586538 0.251603 0.591346 0.253205 0.596154 0.250000 0.370192 0.248397 0.371795 0.240385
0 0.366987 0.237179 0.362179 0.235577 0.358974 0.237179 0.355769 0.243590 0.355769 0.248397 0.357372 0.253205 0.363782 0.254808 0.368590 0.253205 0.378205 0.349359 0.379808 0.341346
0 0.376603 0.336538 0.370192 0.334936 0.366987 0.336538 0.363782 0.344551 0.363782 0.349359 0.366987 0.354167 0.371795 0.355769 0.376603 0.352564 0.274038 0.267628 0.274038 0.262821
0 0.272436 0.258013 0.267628 0.256410 0.262821 0.259615 0.261218 0.266026 0.261218 0.270833 0.264423 0.274038 0.269231 0.275641 0.270833 0.272436 0.293269 0.259615 0.293269 0.254808
0 0.291667 0.251603 0.286859 0.248397 0.282051 0.251603 0.280449 0.259615 0.280449 0.262821 0.283654 0.266026 0.286859 0.267628 0.290064 0.264423 0.323718 0.256410 0.325321 0.251603
0 0.323718 0.246795 0.317308 0.245192 0.312500 0.248397 0.310897 0.254808 0.310897 0.258013 0.314103 0.261218 0.318910 0.262821 0.322115 0.261218 0.375000 0.225962 0.375000 0.221154
0 0.373397 0.216346 0.368590 0.214744 0.363782 0.217949 0.362179 0.224359 0.362179 0.227564 0.365385 0.232372 0.368590 0.232372 0.371795 0.230769 0.378205 0.325321 0.378205 0.320513
0 0.376603 0.315705 0.371795 0.312500 0.366987 0.317308 0.365385 0.323718 0.365385 0.326923 0.368590 0.330128 0.371795 0.331731 0.375000 0.330128 0.418269 0.307692 0.416667 0.304487
0 0.415064 0.299679 0.411859 0.296474 0.407051 0.299679 0.405449 0.306090 0.405449 0.309295 0.407051 0.312500 0.411859 0.314103 0.415064 0.312500 0.392628 0.354167 0.392628 0.349359
0 0.391026 0.346154 0.386218 0.342949 0.381410 0.346154 0.379808 0.354167 0.379808 0.357372 0.383013 0.360577 0.386218 0.362179 0.389423 0.358974 0.410256 0.205128 0.411859 0.200321
0 0.410256 0.195513 0.405449 0.193910 0.400641 0.197115 0.399038 0.203526 0.399038 0.208333 0.400641 0.211538 0.405449 0.213141 0.408654 0.209936 0.379808 0.131410 0.381410 0.126603
0 0.379808 0.121795 0.375000 0.120192 0.370192 0.123397 0.368590 0.129808 0.368590 0.134615 0.370192 0.137821 0.375000 0.139423 0.378205 0.136218 0.325321 0.104167 0.325321 0.099359
0 0.323718 0.096154 0.318910 0.092949 0.314103 0.096154 0.312500 0.104167 0.312500 0.107372 0.315705 0.110577 0.320513 0.112179 0.323718 0.108974 0.368590 0.081731 0.368590 0.076923
0 0.366987 0.072115 0.362179 0.070513 0.357372 0.073718 0.355769 0.080128 0.355769 0.083333 0.357372 0.086538 0.362179 0.088141 0.365385 0.086538 0.264423 0.134615 0.262821 0.131410
0 0.259615 0.129808 0.256410 0.128205 0.254808 0.128205 0.250000 0.131410 0.248397 0.136218 0.248397 0.139423 0.250000 0.144231 0.254808 0.145833 0.258013 0.145833 0.261218 0.142628 0.264423 0.139423 0.264423 0.181090 0.262821 0.177885
0 0.259615 0.176282 0.256410 0.174679 0.254808 0.174679 0.250000 0.177885 0.248397 0.182692 0.248397 0.185897 0.250000 0.190705 0.254808 0.192308 0.258013 0.190705 0.261218 0.189103 0.264423 0.185897 0.285256 0.198718 0.282051 0.195513
0 0.280449 0.192308 0.277244 0.190705 0.274038 0.192308 0.270833 0.195513 0.269231 0.200321 0.269231 0.203526 0.270833 0.206731 0.275641 0.209936 0.278846 0.208333 0.282051 0.206731 0.285256 0.201923 0.339744 0.147436 0.338141 0.145833
0 0.336538 0.142628 0.331731 0.141026 0.330128 0.142628 0.326923 0.145833 0.325321 0.149038 0.323718 0.152244 0.326923 0.157051 0.331731 0.158654 0.334936 0.158654 0.338141 0.155449 0.339744 0.152244 0.347756 0.174679 0.346154 0.171474
0 0.342949 0.169872 0.339744 0.168269 0.338141 0.168269 0.334936 0.171474 0.333333 0.176282 0.331731 0.179487 0.334936 0.184295 0.338141 0.185897 0.342949 0.185897 0.346154 0.182692 0.347756 0.179487 0.358974 0.153846 0.357372 0.150641
0 0.355769 0.147436 0.350962 0.147436 0.349359 0.147436 0.346154 0.150641 0.344551 0.155449 0.342949 0.158654 0.346154 0.161859 0.350962 0.165064 0.354167 0.163462 0.357372 0.161859 0.358974 0.158654 0.275641 0.064103 0.274038 0.060897
0 0.270833 0.059295 0.267628 0.057692 0.266026 0.059295 0.261218 0.062500 0.259615 0.067308 0.259615 0.070513 0.261218 0.073718 0.266026 0.075321 0.269231 0.075321 0.272436 0.073718 0.275641 0.068910 0.387821 0.176282 0.386218 0.173077
0 0.383013 0.171474 0.379808 0.169872 0.378205 0.171474 0.373397 0.174679 0.371795 0.177885 0.371795 0.181090 0.373397 0.185897 0.378205 0.187500 0.381410 0.187500 0.384615 0.185897 0.387821 0.181090 0.448718 0.118590 0.447115 0.115385
0 0.445513 0.112179 0.442308 0.110577 0.439103 0.112179 0.435897 0.115385 0.434295 0.120192 0.434295 0.123397 0.435897 0.126603 0.440705 0.129808 0.443910 0.128205 0.447115 0.126603 0.467949 0.147436 0.466346 0.144231 0.464744 0.141026
0 0.461538 0.141026 0.458333 0.141026 0.455128 0.144231 0.453526 0.149038 0.453526 0.152244 0.455128 0.155449 0.459936 0.158654 0.463141 0.157051 0.466346 0.155449 0.467949 0.152244 0.504808 0.256410 0.503205 0.253205 0.500000 0.251603
0 0.496795 0.250000 0.495192 0.251603 0.491987 0.254808 0.490385 0.258013 0.488782 0.261218 0.491987 0.266026 0.495192 0.267628 0.500000 0.267628 0.503205 0.266026 0.504808 0.261218 0.527244 0.184295 0.525641 0.181090 0.524038 0.179487
0 0.520833 0.177885 0.517628 0.177885 0.514423 0.181090 0.512821 0.185897 0.512821 0.189103 0.514423 0.192308 0.519231 0.195513 0.522436 0.193910 0.525641 0.192308 0.527244 0.189103 0.610577 0.208333 0.608974 0.205128 0.605769 0.203526
0 0.602564 0.201923 0.599359 0.201923 0.596154 0.206731 0.594551 0.209936 0.594551 0.213141 0.596154 0.217949 0.600962 0.219551 0.604167 0.219551 0.607372 0.216346 0.610577 0.213141 0.578526 0.201923 0.576923 0.198718 0.573718 0.195513
0 0.570513 0.195513 0.568910 0.195513 0.564103 0.198718 0.562500 0.203526 0.562500 0.206731 0.564103 0.209936 0.568910 0.213141 0.572115 0.211538 0.575321 0.209936 0.578526 0.206731 0.631410 0.203526 0.629808 0.200321 0.628205 0.197115
0 0.625000 0.197115 0.621795 0.197115 0.618590 0.201923 0.616987 0.205128 0.616987 0.208333 0.618590 0.211538 0.623397 0.214744 0.626603 0.213141 0.629808 0.211538 0.633013 0.208333 0.604167 0.261218 0.602564 0.258013 0.599359 0.256410
0 0.596154 0.254808 0.592949 0.254808 0.589744 0.258013 0.588141 0.262821 0.588141 0.266026 0.589744 0.270833 0.594551 0.272436 0.597756 0.272436 0.600962 0.269231 0.604167 0.266026 0.636218 0.227564 0.634615 0.224359 0.631410 0.222756
0 0.628205 0.221154 0.626603 0.222756 0.623397 0.225962 0.621795 0.229167 0.620192 0.232372 0.623397 0.237179 0.626603 0.238782 0.631410 0.238782 0.634615 0.235577 0.636218 0.232372 0.657051 0.205128 0.655449 0.201923 0.652244 0.200321
0 0.649038 0.198718 0.647436 0.200321 0.642628 0.203526 0.641026 0.206731 0.641026 0.209936 0.642628 0.214744 0.647436 0.216346 0.650641 0.216346 0.655449 0.214744 0.657051 0.209936 0.669872 0.241987 0.668269 0.238782 0.665064 0.237179
0 0.661859 0.235577 0.660256 0.237179 0.655449 0.240385 0.655449 0.243590 0.653846 0.246795 0.657051 0.251603 0.660256 0.253205 0.663462 0.253205 0.668269 0.250000 0.669872 0.246795 0.647436 0.248397 0.645833 0.246795 0.644231 0.243590
0 0.639423 0.241987 0.637821 0.243590 0.634615 0.246795 0.633013 0.251603 0.631410 0.254808 0.634615 0.258013 0.639423 0.259615 0.642628 0.259615 0.645833 0.258013 0.647436 0.253205 0.628205 0.258013 0.625000 0.256410 0.623397 0.253205
0 0.620192 0.251603 0.616987 0.251603 0.613782 0.254808 0.612179 0.259615 0.612179 0.262821 0.613782 0.267628 0.618590 0.269231 0.621795 0.269231 0.625000 0.266026 0.628205 0.262821 0.724359 0.266026 0.721154 0.264423 0.719551 0.261218
0 0.716346 0.259615 0.714744 0.259615 0.711538 0.264423 0.709936 0.267628 0.708333 0.270833 0.711538 0.274038 0.716346 0.277244 0.719551 0.275641 0.722756 0.274038 0.724359 0.270833 0.732372 0.256410 0.733974 0.253205 0.732372 0.250000
0 0.729167 0.248397 0.725962 0.248397 0.722756 0.250000 0.721154 0.254808 0.721154 0.258013 0.722756 0.261218 0.727564 0.264423 0.730769 0.262821 0.733974 0.261218 0.735577 0.258013 0.711538 0.254808 0.709936 0.253205 0.708333 0.250000
0 0.705128 0.248397 0.703526 0.248397 0.698718 0.251603 0.697115 0.254808 0.697115 0.258013 0.698718 0.262821 0.703526 0.264423 0.706731 0.264423 0.709936 0.261218 0.711538 0.258013 0.762821 0.264423 0.761218 0.261218 0.759615 0.258013
0 0.756410 0.256410 0.753205 0.259615 0.750000 0.261218 0.748397 0.266026 0.748397 0.269231 0.750000 0.272436 0.754808 0.275641 0.758013 0.274038 0.761218 0.272436 0.762821 0.267628 0.756410 0.336538 0.754808 0.331731 0.751603 0.330128
0 0.748397 0.330128 0.746795 0.330128 0.743590 0.333333 0.741987 0.338141 0.740385 0.341346 0.743590 0.344551 0.746795 0.347756 0.751603 0.346154 0.754808 0.344551 0.756410 0.341346 0.727564 0.322115 0.729167 0.318910 0.725962 0.317308
0 0.724359 0.314103 0.721154 0.314103 0.717949 0.317308 0.716346 0.320513 0.714744 0.323718 0.717949 0.328526 0.722756 0.330128 0.725962 0.330128 0.727564 0.326923 0.729167 0.323718 0.785256 0.328526 0.782051 0.326923 0.780449 0.323718
0 0.777244 0.322115 0.774038 0.323718 0.770833 0.326923 0.769231 0.330128 0.769231 0.333333 0.770833 0.338141 0.775641 0.339744 0.778846 0.339744 0.782051 0.338141 0.785256 0.333333 0.818910 0.299679 0.817308 0.296474 0.814103 0.294872
0 0.810897 0.293269 0.809295 0.294872 0.806090 0.298077 0.804487 0.301282 0.802885 0.304487 0.806090 0.309295 0.809295 0.310897 0.814103 0.310897 0.817308 0.309295 0.818910 0.304487 0.875000 0.306090 0.873397 0.302885 0.870192 0.299679
0 0.866987 0.299679 0.865385 0.299679 0.862179 0.302885 0.860577 0.307692 0.858974 0.310897 0.862179 0.314103 0.865385 0.317308 0.870192 0.315705 0.873397 0.314103 0.875000 0.310897 0.831731 0.349359 0.833333 0.341346 0.828526 0.336538
0 0.823718 0.334936 0.817308 0.336538 0.814103 0.342949 0.812500 0.350962 0.815705 0.355769 0.820513 0.357372 0.826923 0.354167 0.871795 0.336538 0.873397 0.328526 0.868590 0.322115
0 0.863782 0.320513 0.855769 0.323718 0.852564 0.330128 0.852564 0.338141 0.855769 0.342949 0.862179 0.344551 0.866987 0.342949 0.921474 0.362179 0.923077 0.354167 0.918269 0.349359
0 0.913462 0.347756 0.907051 0.349359 0.903846 0.355769 0.902244 0.363782 0.907051 0.368590 0.911859 0.370192 0.918269 0.368590 0.878205 0.375000 0.879808 0.366987 0.875000 0.362179
0 0.870192 0.360577 0.863782 0.362179 0.860577 0.368590 0.858974 0.376603 0.863782 0.381410 0.868590 0.383013 0.875000 0.381410 0.894231 0.338141 0.894231 0.331731 0.889423 0.325321
0 0.884615 0.323718 0.878205 0.326923 0.875000 0.333333 0.875000 0.341346 0.878205 0.346154 0.884615 0.347756 0.889423 0.344551 0.924679 0.323718 0.926282 0.317308 0.921474 0.310897
0 0.916667 0.309295 0.910256 0.312500 0.907051 0.318910 0.905449 0.326923 0.910256 0.331731 0.915064 0.333333 0.921474 0.330128 0.996795 0.429487 0.993590 0.435897 0.993590 0.443910
0 0.996795 0.448718 0.892628 0.469551 0.894231 0.463141 0.889423 0.456731 0.884615 0.455128 0.876603 0.458333 0.873397 0.464744 0.873397 0.472756 0.876603 0.477564 0.883013 0.479167
0 0.887821 0.475962 0.865385 0.442308 0.866987 0.434295 0.862179 0.427885 0.857372 0.426282 0.850962 0.429487 0.847756 0.435897 0.847756 0.443910 0.850962 0.448718 0.855769 0.450321
0 0.862179 0.447115 0.985577 0.564103 0.985577 0.557692 0.980769 0.551282 0.975962 0.549679 0.969551 0.552885 0.966346 0.559295 0.967949 0.565705 0.971154 0.570513 0.975962 0.572115
0 0.980769 0.568910 0.924679 0.594551 0.924679 0.586538 0.919872 0.581731 0.915064 0.578526 0.908654 0.581731 0.905449 0.588141 0.907051 0.594551 0.910256 0.599359 0.915064 0.600962
0 0.919872 0.599359 0.951923 0.594551 0.953526 0.586538 0.948718 0.580128 0.943910 0.578526 0.937500 0.581731 0.934295 0.588141 0.935897 0.594551 0.939103 0.599359 0.943910 0.600962
0 0.948718 0.599359 0.834936 0.544872 0.834936 0.536859 0.830128 0.532051 0.825321 0.528846 0.818910 0.532051 0.815705 0.538462 0.817308 0.544872 0.820513 0.549679 0.825321 0.551282
0 0.830128 0.549679 0.806090 0.495192 0.807692 0.487179 0.802885 0.482372 0.798077 0.480769 0.791667 0.483974 0.788462 0.488782 0.788462 0.496795 0.791667 0.501603 0.798077 0.501603
0 0.801282 0.500000 0.737179 0.573718 0.735577 0.565705 0.729167 0.560897 0.724359 0.559295 0.717949 0.562500 0.714744 0.567308 0.714744 0.575321 0.721154 0.583333 0.727564 0.584936
0 0.732372 0.580128 0.799679 0.677885 0.798077 0.669872 0.793269 0.665064 0.788462 0.661859 0.782051 0.665064 0.778846 0.671474 0.777244 0.679487 0.783654 0.687500 0.791667 0.687500
0 0.796474 0.684295 0.783654 0.602564 0.782051 0.594551 0.777244 0.589744 0.772436 0.588141 0.766026 0.591346 0.762821 0.596154 0.762821 0.604167 0.769231 0.612179 0.775641 0.613782
0 0.780449 0.608974 0.862179 0.684295 0.860577 0.677885 0.855769 0.671474 0.850962 0.669872 0.844551 0.673077 0.841346 0.679487 0.841346 0.687500 0.847756 0.695513 0.854167 0.695513
0 0.858974 0.690705 0.814103 0.250000 0.812500 0.243590 0.807692 0.237179 0.802885 0.235577 0.796474 0.238782 0.793269 0.245192 0.793269 0.253205 0.798077 0.259615 0.806090 0.261218
0 0.810897 0.256410 0.091346 0.540064 0.089744 0.532051 0.084936 0.525641 0.080128 0.524038 0.073718 0.527244 0.070513 0.533654 0.068910 0.541667 0.075321 0.549679 0.083333 0.549679
0 0.088141 0.546474 0.520833 0.668269 0.527244 0.661859 0.530449 0.653846 0.528846 0.645833 0.524038 0.641026 0.519231 0.637821 0.512821 0.639423 0.508013 0.642628 0.504808 0.649038
0 0.503205 0.655449 0.503205 0.661859 0.508013 0.666667 0.514423 0.668269 0.501603 0.527244 0.509615 0.512821 0.509615 0.504808 0.503205 0.500000 0.498397 0.498397 0.491987 0.498397 0.487179 0.503205 0.483974 0.508013 0.482372 0.516026
0 0.483974 0.520833 0.488782 0.525641 0.493590 0.528846 0.697115 0.631410 0.703526 0.625000 0.706731 0.615385 0.705128 0.608974 0.700321 0.604167 0.693910 0.600962 0.687500 0.602564 0.682692 0.605769 0.679487 0.612179 0.677885 0.618590
0 0.679487 0.625000 0.684295 0.629808 0.690705 0.631410 0.722756 0.464744 0.729167 0.458333 0.730769 0.448718 0.722756 0.439103 0.716346 0.435897 0.709936 0.440705 0.706731 0.445513 0.705128 0.451923 0.705128 0.458333 0.709936 0.463141
0 0.716346 0.464744 0.302885 0.115385 0.309295 0.108974 0.310897 0.100962 0.310897 0.092949 0.304487 0.088141 0.299679 0.086538 0.293269 0.086538 0.288462 0.091346 0.285256 0.096154 0.283654 0.104167
0 0.285256 0.108974 0.290064 0.113782 0.294872 0.116987 0.419872 0.173077 0.424679 0.166667 0.426282 0.160256 0.426282 0.152244 0.423077 0.147436 0.418269 0.145833 0.411859 0.145833 0.405449 0.152244 0.402244 0.157051 0.402244 0.163462
0 0.402244 0.166667 0.407051 0.171474 0.413462 0.174679 0.705128 0.560897 0.711538 0.554487 0.714744 0.546474 0.713141 0.538462 0.708333 0.533654 0.703526 0.530449 0.697115 0.532051 0.690705 0.535256 0.689103 0.541667 0.687500 0.548077
0 0.687500 0.554487 0.692308 0.559295 0.698718 0.560897 0.706731 0.488782 0.711538 0.482372 0.713141 0.472756 0.709936 0.464744 0.705128 0.461538 0.698718 0.461538 0.692308 0.464744 0.690705 0.472756 0.689103 0.483974 0.693910 0.488782
0 0.700321 0.490385 0.834936 0.387821 0.839744 0.383013 0.841346 0.373397 0.838141 0.365385 0.831731 0.362179 0.825321 0.362179 0.820513 0.365385 0.817308 0.371795 0.815705 0.378205 0.817308 0.384615 0.822115 0.389423
0 0.826923 0.391026 0.777244 0.703526 0.777244 0.697115 0.777244 0.692308 0.774038 0.690705 0.770833 0.689103 0.767628 0.689103 0.764423 0.690705 0.761218 0.695513 0.761218 0.701923 0.762821 0.705128 0.769231 0.708333
0 0.772436 0.706731 0.817308 0.685897 0.818910 0.681090 0.818910 0.674679 0.815705 0.673077 0.812500 0.671474 0.807692 0.671474 0.804487 0.673077 0.802885 0.677885 0.802885 0.684295 0.804487 0.687500 0.809295 0.690705
0 0.814103 0.690705 0.895833 0.721154 0.899038 0.713141 0.899038 0.708333 0.895833 0.706731 0.892628 0.705128 0.887821 0.705128 0.884615 0.706731 0.881410 0.711538 0.881410 0.717949 0.884615 0.721154 0.889423 0.724359
0 0.892628 0.722756 0.818910 0.629808 0.818910 0.623397 0.818910 0.618590 0.815705 0.616987 0.812500 0.615385 0.809295 0.615385 0.806090 0.616987 0.802885 0.621795 0.802885 0.628205 0.804487 0.631410 0.810897 0.634615
0 0.814103 0.633013 0.729167 0.653846 0.730769 0.647436 0.729167 0.644231 0.727564 0.641026 0.724359 0.639423 0.721154 0.639423 0.716346 0.641026 0.714744 0.645833 0.714744 0.652244 0.716346 0.655449 0.721154 0.658654
0 0.725962 0.657051 0.722756 0.629808 0.724359 0.625000 0.722756 0.620192 0.721154 0.616987 0.716346 0.615385 0.713141 0.615385 0.709936 0.616987 0.706731 0.621795 0.706731 0.628205 0.708333 0.631410 0.714744 0.634615
0 0.717949 0.634615 0.753205 0.564103 0.754808 0.552885 0.753205 0.549679 0.748397 0.548077 0.745192 0.548077 0.741987 0.549679 0.738782 0.554487 0.738782 0.560897 0.740385 0.564103 0.746795 0.567308 0.750000 0.565705
0 0.716346 0.791667 0.717949 0.786859 0.717949 0.780449 0.714744 0.778846 0.711538 0.777244 0.706731 0.777244 0.703526 0.778846 0.700321 0.783654 0.700321 0.790064 0.703526 0.793269 0.708333 0.796474 0.711538 0.794872
0 0.612179 0.753205 0.613782 0.748397 0.613782 0.743590 0.610577 0.740385 0.607372 0.738782 0.602564 0.738782 0.599359 0.740385 0.597756 0.746795 0.596154 0.751603 0.599359 0.756410 0.604167 0.758013 0.608974 0.758013
0 0.576923 0.770833 0.578526 0.766026 0.576923 0.759615 0.573718 0.758013 0.570513 0.756410 0.567308 0.756410 0.564103 0.758013 0.560897 0.762821 0.560897 0.769231 0.562500 0.772436 0.568910 0.775641 0.572115 0.775641
0 0.631410 0.759615 0.633013 0.754808 0.633013 0.750000 0.629808 0.746795 0.626603 0.745192 0.623397 0.745192 0.618590 0.748397 0.616987 0.753205 0.616987 0.758013 0.618590 0.762821 0.623397 0.766026 0.628205 0.764423
0 0.778846 0.641026 0.780449 0.634615 0.780449 0.629808 0.777244 0.628205 0.774038 0.626603 0.770833 0.626603 0.766026 0.628205 0.764423 0.633013 0.764423 0.639423 0.766026 0.642628 0.770833 0.645833 0.775641 0.644231
0 0.759615 0.623397 0.761218 0.616987 0.759615 0.613782 0.758013 0.610577 0.754808 0.608974 0.750000 0.608974 0.746795 0.612179 0.741987 0.616987 0.743590 0.621795 0.745192 0.625000 0.751603 0.628205 0.754808 0.626603
0 0.743590 0.613782 0.745192 0.608974 0.745192 0.602564 0.741987 0.600962 0.738782 0.599359 0.733974 0.599359 0.730769 0.600962 0.729167 0.605769 0.729167 0.612179 0.730769 0.615385 0.735577 0.618590 0.740385 0.616987
0 0.649038 0.633013 0.650641 0.628205 0.649038 0.621795 0.645833 0.620192 0.642628 0.618590 0.639423 0.618590 0.636218 0.620192 0.633013 0.625000 0.633013 0.631410 0.634615 0.634615 0.641026 0.637821 0.644231 0.637821
0 0.892628 0.554487 0.892628 0.549679 0.892628 0.543269 0.889423 0.541667 0.886218 0.540064 0.883013 0.540064 0.879808 0.541667 0.878205 0.548077 0.876603 0.552885 0.878205 0.556090 0.884615 0.559295 0.887821 0.557692
0 0.793269 0.524038 0.794872 0.517628 0.794872 0.512821 0.791667 0.511218 0.788462 0.509615 0.783654 0.509615 0.780449 0.511218 0.778846 0.516026 0.778846 0.522436 0.780449 0.525641 0.785256 0.528846 0.790064 0.527244
0 0.753205 0.475962 0.754808 0.471154 0.754808 0.466346 0.751603 0.463141 0.748397 0.461538 0.745192 0.461538 0.740385 0.463141 0.738782 0.467949 0.738782 0.474359 0.740385 0.479167 0.745192 0.480769 0.750000 0.480769
0 0.669872 0.443910 0.671474 0.439103 0.669872 0.432692 0.666667 0.431090 0.663462 0.429487 0.660256 0.429487 0.657051 0.431090 0.653846 0.435897 0.653846 0.442308 0.655449 0.445513 0.661859 0.448718 0.665064 0.447115
0 0.883013 0.395833 0.884615 0.391026 0.881410 0.387821 0.878205 0.384615 0.876603 0.381410 0.873397 0.381410 0.870192 0.383013 0.866987 0.387821 0.866987 0.394231 0.868590 0.399038 0.875000 0.400641 0.878205 0.400641
0 0.740385 0.512821 0.741987 0.506410 0.741987 0.501603 0.738782 0.500000 0.735577 0.498397 0.730769 0.498397 0.727564 0.500000 0.725962 0.504808 0.725962 0.511218 0.727564 0.514423 0.732372 0.517628 0.737179 0.516026
0 0.586538 0.376603 0.588141 0.371795 0.586538 0.366987 0.584936 0.363782 0.581731 0.362179 0.576923 0.362179 0.573718 0.363782 0.570513 0.368590 0.570513 0.375000 0.572115 0.378205 0.578526 0.381410 0.581731 0.379808
0 0.628205 0.352564 0.629808 0.347756 0.629808 0.341346 0.626603 0.339744 0.623397 0.338141 0.618590 0.338141 0.615385 0.339744 0.612179 0.344551 0.612179 0.350962 0.615385 0.354167 0.620192 0.357372 0.623397 0.355769
0 0.649038 0.399038 0.650641 0.394231 0.649038 0.387821 0.645833 0.386218 0.642628 0.384615 0.639423 0.384615 0.636218 0.386218 0.633013 0.391026 0.633013 0.397436 0.634615 0.400641 0.641026 0.403846 0.644231 0.402244
0 0.591346 0.435897 0.592949 0.431090 0.591346 0.426282 0.589744 0.423077 0.586538 0.421474 0.581731 0.421474 0.578526 0.423077 0.575321 0.427885 0.575321 0.434295 0.576923 0.437500 0.583333 0.440705 0.586538 0.439103
0 0.525641 0.472756 0.527244 0.466346 0.527244 0.461538 0.524038 0.459936 0.520833 0.458333 0.516026 0.458333 0.512821 0.459936 0.511218 0.464744 0.509615 0.471154 0.512821 0.474359 0.517628 0.477564 0.522436 0.475962
0 0.498397 0.439103 0.500000 0.432692 0.498397 0.427885 0.495192 0.424679 0.491987 0.424679 0.488782 0.424679 0.485577 0.426282 0.482372 0.431090 0.482372 0.435897 0.483974 0.440705 0.490385 0.443910 0.493590 0.442308
0 0.517628 0.439103 0.519231 0.434295 0.519231 0.429487 0.516026 0.426282 0.512821 0.424679 0.508013 0.424679 0.504808 0.426282 0.503205 0.432692 0.503205 0.437500 0.504808 0.442308 0.509615 0.443910 0.514423 0.443910
0 0.501603 0.475962 0.503205 0.469551 0.503205 0.464744 0.500000 0.461538 0.496795 0.461538 0.491987 0.461538 0.488782 0.463141 0.487179 0.467949 0.487179 0.472756 0.488782 0.477564 0.493590 0.480769 0.498397 0.479167
0 0.615385 0.559295 0.616987 0.552885 0.615385 0.548077 0.612179 0.544872 0.608974 0.543269 0.605769 0.543269 0.602564 0.546474 0.599359 0.551282 0.599359 0.556090 0.600962 0.560897 0.607372 0.564103 0.610577 0.562500
0 0.613782 0.506410 0.615385 0.500000 0.615385 0.495192 0.612179 0.493590 0.608974 0.491987 0.604167 0.491987 0.600962 0.493590 0.599359 0.498397 0.599359 0.504808 0.600962 0.508013 0.605769 0.511218 0.620192 0.524038
0 0.621795 0.519231 0.620192 0.514423 0.618590 0.511218 0.615385 0.509615 0.610577 0.509615 0.607372 0.511218 0.604167 0.517628 0.604167 0.522436 0.605769 0.527244 0.612179 0.528846 0.615385 0.528846 0.570513 0.599359
0 0.572115 0.594551 0.570513 0.589744 0.568910 0.586538 0.564103 0.584936 0.560897 0.584936 0.557692 0.586538 0.554487 0.591346 0.554487 0.597756 0.556090 0.600962 0.562500 0.604167 0.565705 0.602564 0.498397 0.559295
0 0.500000 0.554487 0.498397 0.549679 0.496795 0.546474 0.493590 0.544872 0.488782 0.544872 0.485577 0.546474 0.482372 0.551282 0.482372 0.557692 0.483974 0.560897 0.490385 0.564103 0.493590 0.562500 0.543269 0.522436
0 0.544872 0.517628 0.544872 0.511218 0.541667 0.509615 0.538462 0.508013 0.533654 0.508013 0.530449 0.509615 0.527244 0.514423 0.527244 0.520833 0.530449 0.524038 0.535256 0.527244 0.538462 0.527244 0.522436 0.528846
0 0.524038 0.524038 0.522436 0.519231 0.519231 0.516026 0.516026 0.514423 0.512821 0.514423 0.509615 0.516026 0.506410 0.520833 0.506410 0.527244 0.508013 0.532051 0.514423 0.533654 0.517628 0.533654 0.554487 0.671474
0 0.556090 0.665064 0.554487 0.660256 0.551282 0.657051 0.548077 0.655449 0.544872 0.655449 0.541667 0.658654 0.538462 0.663462 0.538462 0.668269 0.540064 0.673077 0.546474 0.676282 0.549679 0.674679 0.475962 0.745192
0 0.477564 0.740385 0.475962 0.733974 0.472756 0.732372 0.469551 0.730769 0.466346 0.730769 0.463141 0.732372 0.458333 0.738782 0.459936 0.743590 0.461538 0.746795 0.467949 0.750000 0.471154 0.748397 0.458333 0.740385
0 0.459936 0.735577 0.459936 0.729167 0.456731 0.727564 0.453526 0.725962 0.450321 0.727564 0.447115 0.729167 0.445513 0.733974 0.445513 0.740385 0.447115 0.743590 0.450321 0.745192 0.455128 0.745192 0.536859 0.758013
0 0.538462 0.751603 0.538462 0.746795 0.535256 0.745192 0.532051 0.743590 0.527244 0.743590 0.524038 0.745192 0.520833 0.750000 0.520833 0.756410 0.524038 0.759615 0.528846 0.762821 0.532051 0.761218 0.376603 0.655449
0 0.376603 0.650641 0.376603 0.645833 0.373397 0.642628 0.370192 0.641026 0.366987 0.642628 0.363782 0.645833 0.362179 0.650641 0.362179 0.655449 0.365385 0.658654 0.368590 0.661859 0.371795 0.660256 0.392628 0.661859
0 0.394231 0.657051 0.394231 0.652244 0.391026 0.649038 0.387821 0.647436 0.384615 0.649038 0.381410 0.650641 0.379808 0.655449 0.379808 0.661859 0.381410 0.665064 0.384615 0.666667 0.389423 0.666667 0.394231 0.689103
0 0.395833 0.684295 0.394231 0.679487 0.392628 0.676282 0.387821 0.674679 0.384615 0.676282 0.383013 0.679487 0.379808 0.684295 0.379808 0.689103 0.383013 0.692308 0.386218 0.695513 0.389423 0.693910 0.342949 0.649038
0 0.344551 0.642628 0.344551 0.637821 0.341346 0.634615 0.338141 0.634615 0.333333 0.634615 0.331731 0.637821 0.328526 0.642628 0.330128 0.647436 0.331731 0.652244 0.334936 0.653846 0.338141 0.652244 0.320513 0.663462
0 0.322115 0.658654 0.320513 0.653846 0.318910 0.650641 0.314103 0.649038 0.310897 0.650641 0.309295 0.653846 0.306090 0.658654 0.306090 0.663462 0.309295 0.666667 0.312500 0.669872 0.315705 0.668269 0.354167 0.451923
0 0.355769 0.445513 0.355769 0.440705 0.352564 0.437500 0.349359 0.437500 0.346154 0.437500 0.342949 0.440705 0.341346 0.445513 0.341346 0.450321 0.342949 0.455128 0.346154 0.456731 0.350962 0.455128 0.315705 0.421474
0 0.317308 0.416667 0.315705 0.411859 0.314103 0.408654 0.309295 0.407051 0.306090 0.408654 0.304487 0.410256 0.301282 0.415064 0.301282 0.421474 0.304487 0.424679 0.307692 0.426282 0.310897 0.424679 0.339744 0.427885
0 0.341346 0.423077 0.339744 0.418269 0.338141 0.415064 0.334936 0.413462 0.330128 0.415064 0.328526 0.418269 0.325321 0.423077 0.326923 0.427885 0.328526 0.431090 0.331731 0.434295 0.334936 0.432692 0.386218 0.413462
0 0.387821 0.408654 0.386218 0.403846 0.383013 0.400641 0.379808 0.399038 0.376603 0.400641 0.375000 0.402244 0.371795 0.407051 0.371795 0.413462 0.375000 0.416667 0.378205 0.418269 0.381410 0.418269 0.302885 0.480769
0 0.304487 0.475962 0.304487 0.469551 0.301282 0.467949 0.298077 0.466346 0.293269 0.467949 0.291667 0.469551 0.288462 0.474359 0.290064 0.480769 0.291667 0.483974 0.294872 0.485577 0.298077 0.483974 0.322115 0.508013
0 0.323718 0.501603 0.323718 0.496795 0.320513 0.495192 0.317308 0.493590 0.314103 0.493590 0.310897 0.496795 0.309295 0.501603 0.309295 0.506410 0.310897 0.511218 0.314103 0.512821 0.318910 0.511218 0.314103 0.459936
0 0.315705 0.455128 0.314103 0.450321 0.312500 0.447115 0.307692 0.445513 0.304487 0.447115 0.302885 0.450321 0.299679 0.455128 0.299679 0.459936 0.302885 0.463141 0.306090 0.464744 0.309295 0.464744 0.383013 0.506410
0 0.384615 0.501603 0.384615 0.496795 0.381410 0.493590 0.378205 0.491987 0.375000 0.493590 0.371795 0.496795 0.370192 0.501603 0.370192 0.506410 0.371795 0.509615 0.375000 0.512821 0.379808 0.511218 0.235577 0.368590
0 0.237179 0.363782 0.237179 0.357372 0.233974 0.355769 0.230769 0.354167 0.227564 0.354167 0.224359 0.357372 0.222756 0.362179 0.222756 0.366987 0.224359 0.371795 0.227564 0.373397 0.232372 0.371795 0.424679 0.352564
0 0.426282 0.346154 0.426282 0.341346 0.423077 0.338141 0.419872 0.336538 0.416667 0.338141 0.413462 0.341346 0.411859 0.346154 0.411859 0.350962 0.413462 0.355769 0.416667 0.357372 0.421474 0.355769 0.469551 0.352564
0 0.471154 0.347756 0.471154 0.342949 0.467949 0.339744 0.464744 0.338141 0.461538 0.339744 0.458333 0.342949 0.456731 0.347756 0.456731 0.352564 0.459936 0.355769 0.463141 0.358974 0.466346 0.357372 0.456731 0.378205
0 0.458333 0.373397 0.458333 0.366987 0.455128 0.365385 0.451923 0.363782 0.448718 0.365385 0.445513 0.366987 0.443910 0.371795 0.443910 0.376603 0.447115 0.381410 0.450321 0.383013 0.453526 0.381410 0.495192 0.368590
0 0.496795 0.363782 0.495192 0.358974 0.491987 0.355769 0.488782 0.354167 0.485577 0.355769 0.483974 0.358974 0.480769 0.363782 0.480769 0.368590 0.483974 0.371795 0.487179 0.375000 0.490385 0.373397 0.451923 0.408654
0 0.453526 0.402244 0.453526 0.397436 0.450321 0.395833 0.447115 0.394231 0.443910 0.394231 0.440705 0.397436 0.439103 0.402244 0.439103 0.407051 0.440705 0.411859 0.443910 0.413462 0.448718 0.411859 0.443910 0.442308
0 0.445513 0.437500 0.445513 0.431090 0.442308 0.429487 0.439103 0.427885 0.435897 0.429487 0.432692 0.431090 0.431090 0.435897 0.431090 0.442308 0.432692 0.445513 0.435897 0.447115 0.440705 0.447115 0.469551 0.439103
0 0.471154 0.432692 0.471154 0.427885 0.467949 0.424679 0.464744 0.423077 0.461538 0.424679 0.458333 0.427885 0.456731 0.432692 0.456731 0.437500 0.458333 0.440705 0.461538 0.443910 0.466346 0.442308 0.448718 0.482372
0 0.450321 0.477564 0.450321 0.471154 0.447115 0.469551 0.443910 0.467949 0.439103 0.469551 0.437500 0.471154 0.434295 0.475962 0.435897 0.480769 0.437500 0.485577 0.440705 0.487179 0.443910 0.485577 0.413462 0.475962
0 0.415064 0.471154 0.415064 0.466346 0.411859 0.463141 0.408654 0.461538 0.405449 0.463141 0.402244 0.466346 0.400641 0.471154 0.400641 0.475962 0.402244 0.479167 0.405449 0.482372 0.410256 0.480769 0.365385 0.407051
0 0.368590 0.403846 0.366987 0.399038 0.363782 0.395833 0.360577 0.395833 0.357372 0.399038 0.357372 0.402244 0.357372 0.407051 0.358974 0.410256 0.362179 0.410256 0.299679 0.400641 0.301282 0.397436 0.299679 0.392628
0 0.298077 0.389423 0.293269 0.389423 0.291667 0.392628 0.290064 0.395833 0.290064 0.400641 0.291667 0.402244 0.296474 0.403846 0.411859 0.402244 0.413462 0.397436 0.413462 0.392628
0 0.410256 0.389423 0.405449 0.389423 0.403846 0.392628 0.402244 0.395833 0.402244 0.400641 0.405449 0.403846 0.408654 0.403846 0.429487 0.411859 0.431090 0.407051 0.429487 0.402244
0 0.426282 0.399038 0.423077 0.399038 0.419872 0.402244 0.419872 0.405449 0.419872 0.410256 0.421474 0.413462 0.426282 0.413462 0.480769 0.471154 0.482372 0.466346 0.480769 0.461538
0 0.477564 0.458333 0.474359 0.459936 0.471154 0.461538 0.471154 0.466346 0.471154 0.469551 0.472756 0.472756 0.477564 0.472756 0.467949 0.395833 0.469551 0.392628 0.467949 0.389423
0 0.464744 0.387821 0.461538 0.389423 0.461538 0.392628 0.461538 0.394231 0.463141 0.397436 0.464744 0.397436 0.333333 0.376603 0.334936 0.371795 0.333333 0.366987 0.330128 0.363782
0 0.326923 0.365385 0.323718 0.366987 0.323718 0.371795 0.323718 0.375000 0.325321 0.378205 0.330128 0.378205 0.267628 0.399038 0.269231 0.394231 0.267628 0.387821
0 0.264423 0.386218 0.261218 0.384615 0.258013 0.386218 0.256410 0.387821 0.253205 0.392628 0.253205 0.399038 0.256410 0.402244 0.259615 0.403846 0.262821 0.403846 0.291667 0.342949
0 0.293269 0.336538 0.293269 0.331731 0.290064 0.328526 0.286859 0.326923 0.283654 0.328526 0.280449 0.331731 0.278846 0.336538 0.278846 0.341346 0.280449 0.344551 0.283654 0.347756 0.288462 0.346154 0.205128 0.333333
0 0.206731 0.328526 0.206731 0.322115 0.203526 0.320513 0.200321 0.318910 0.197115 0.320513 0.193910 0.322115 0.192308 0.326923 0.192308 0.331731 0.195513 0.336538 0.197115 0.338141 0.201923 0.336538 0.256410 0.283654
0 0.258013 0.278846 0.256410 0.274038 0.254808 0.270833 0.250000 0.269231 0.246795 0.270833 0.245192 0.274038 0.241987 0.278846 0.241987 0.283654 0.245192 0.286859 0.248397 0.290064 0.251603 0.288462 0.214744 0.461538
0 0.216346 0.456731 0.216346 0.450321 0.213141 0.448718 0.209936 0.447115 0.205128 0.448718 0.203526 0.450321 0.201923 0.456731 0.201923 0.461538 0.203526 0.464744 0.206731 0.466346 0.211538 0.466346 0.185897 0.440705
0 0.187500 0.434295 0.187500 0.429487 0.184295 0.426282 0.181090 0.426282 0.177885 0.426282 0.174679 0.429487 0.173077 0.434295 0.173077 0.439103 0.174679 0.443910 0.177885 0.445513 0.182692 0.443910 0.173077 0.423077
0 0.174679 0.418269 0.174679 0.411859 0.171474 0.410256 0.168269 0.408654 0.165064 0.410256 0.161859 0.411859 0.160256 0.416667 0.160256 0.423077 0.161859 0.426282 0.165064 0.427885 0.169872 0.426282 0.144231 0.405449
0 0.145833 0.400641 0.145833 0.395833 0.142628 0.392628 0.139423 0.391026 0.136218 0.392628 0.133013 0.395833 0.131410 0.400641 0.131410 0.405449 0.133013 0.408654 0.136218 0.411859 0.141026 0.410256 0.137821 0.381410
0 0.139423 0.376603 0.139423 0.370192 0.136218 0.368590 0.133013 0.366987 0.129808 0.368590 0.126603 0.370192 0.125000 0.375000 0.125000 0.381410 0.126603 0.384615 0.129808 0.386218 0.134615 0.386218 0.147436 0.437500
0 0.147436 0.431090 0.147436 0.426282 0.144231 0.423077 0.141026 0.423077 0.137821 0.423077 0.134615 0.426282 0.133013 0.431090 0.133013 0.435897 0.136218 0.440705 0.139423 0.442308 0.142628 0.440705 0.128205 0.439103
0 0.129808 0.434295 0.128205 0.429487 0.126603 0.426282 0.121795 0.424679 0.118590 0.426282 0.116987 0.427885 0.113782 0.432692 0.113782 0.439103 0.116987 0.442308 0.120192 0.443910 0.123397 0.442308 0.120192 0.459936
0 0.121795 0.455128 0.121795 0.450321 0.118590 0.447115 0.115385 0.445513 0.112179 0.447115 0.108974 0.450321 0.107372 0.455128 0.107372 0.459936 0.108974 0.463141 0.112179 0.466346 0.116987 0.464744 0.160256 0.448718
0 0.161859 0.443910 0.161859 0.437500 0.158654 0.435897 0.155449 0.434295 0.152244 0.435897 0.149038 0.437500 0.147436 0.442308 0.147436 0.447115 0.149038 0.451923 0.152244 0.453526 0.157051 0.451923 0.161859 0.471154
0 0.163462 0.466346 0.163462 0.461538 0.160256 0.458333 0.157051 0.456731 0.152244 0.458333 0.150641 0.461538 0.149038 0.466346 0.149038 0.471154 0.150641 0.474359 0.153846 0.477564 0.158654 0.475962 0.144231 0.520833
0 0.145833 0.516026 0.144231 0.511218 0.141026 0.508013 0.137821 0.506410 0.134615 0.508013 0.133013 0.509615 0.129808 0.514423 0.129808 0.520833 0.133013 0.524038 0.136218 0.525641 0.139423 0.525641 0.216346 0.491987
0 0.217949 0.487179 0.217949 0.482372 0.214744 0.479167 0.211538 0.477564 0.208333 0.479167 0.205128 0.482372 0.203526 0.487179 0.203526 0.491987 0.205128 0.495192 0.208333 0.498397 0.213141 0.496795 0.141026 0.240385
0 0.142628 0.235577 0.141026 0.230769 0.139423 0.227564 0.136218 0.225962 0.131410 0.227564 0.129808 0.229167 0.126603 0.233974 0.128205 0.238782 0.129808 0.243590 0.133013 0.245192 0.136218 0.243590 0.187500 0.216346
0 0.189103 0.211538 0.189103 0.205128 0.185897 0.203526 0.182692 0.201923 0.179487 0.203526 0.176282 0.205128 0.174679 0.209936 0.174679 0.216346 0.176282 0.219551 0.179487 0.221154 0.195513 0.232372 0.197115 0.225962
0 0.197115 0.221154 0.193910 0.217949 0.190705 0.217949 0.187500 0.217949 0.184295 0.221154 0.182692 0.225962 0.182692 0.230769 0.184295 0.235577 0.187500 0.237179 0.192308 0.235577 0.256410 0.233974 0.258013 0.229167
0 0.256410 0.224359 0.254808 0.221154 0.251603 0.219551 0.246795 0.221154 0.245192 0.224359 0.241987 0.229167 0.243590 0.233974 0.245192 0.237179 0.248397 0.238782 0.251603 0.238782 0.197115 0.182692 0.198718 0.176282
0 0.198718 0.171474 0.195513 0.169872 0.192308 0.168269 0.189103 0.168269 0.185897 0.171474 0.184295 0.176282 0.184295 0.181090 0.185897 0.185897 0.189103 0.187500 0.193910 0.185897 0.431090 0.298077 0.432692 0.291667
0 0.431090 0.286859 0.427885 0.285256 0.424679 0.283654 0.421474 0.283654 0.419872 0.286859 0.416667 0.291667 0.416667 0.296474 0.419872 0.301282 0.423077 0.302885 0.426282 0.301282 0.487179 0.296474 0.488782 0.291667
0 0.488782 0.285256 0.485577 0.283654 0.482372 0.282051 0.479167 0.283654 0.475962 0.285256 0.474359 0.290064 0.474359 0.296474 0.475962 0.299679 0.479167 0.301282 0.483974 0.301282 0.576923 0.397436 0.578526 0.392628
0 0.578526 0.387821 0.575321 0.384615 0.572115 0.383013 0.568910 0.384615 0.565705 0.387821 0.564103 0.392628 0.564103 0.397436 0.565705 0.400641 0.568910 0.403846 0.573718 0.402244 0.560897 0.415064 0.562500 0.408654
0 0.560897 0.403846 0.557692 0.402244 0.554487 0.400641 0.551282 0.400641 0.549679 0.403846 0.546474 0.408654 0.546474 0.413462 0.549679 0.418269 0.552885 0.419872 0.556090 0.418269 0.379808 0.278846 0.379808 0.272436
0 0.378205 0.267628 0.373397 0.266026 0.366987 0.269231 0.365385 0.275641 0.363782 0.280449 0.366987 0.285256 0.373397 0.286859 0.376603 0.283654 0.416667 0.282051 0.418269 0.277244 0.416667 0.272436 0.415064 0.269231
0 0.410256 0.267628 0.407051 0.269231 0.405449 0.272436 0.402244 0.275641 0.402244 0.282051 0.405449 0.285256 0.408654 0.286859 0.411859 0.286859 0.072115 0.416667 0.072115 0.411859
0 0.072115 0.407051 0.068910 0.403846 0.065705 0.402244 0.062500 0.403846 0.059295 0.407051 0.057692 0.411859 0.057692 0.416667 0.060897 0.419872 0.064103 0.423077 0.067308 0.421474 0.108974 0.405449 0.110577 0.400641
0 0.110577 0.395833 0.107372 0.392628 0.104167 0.391026 0.100962 0.392628 0.097756 0.394231 0.096154 0.399038 0.096154 0.405449 0.097756 0.408654 0.100962 0.410256 0.105769 0.410256 0.120192 0.352564 0.121795 0.347756
0 0.120192 0.342949 0.118590 0.339744 0.113782 0.338141 0.110577 0.339744 0.108974 0.341346 0.105769 0.346154 0.105769 0.352564 0.108974 0.355769 0.112179 0.357372 0.115385 0.357372 0.157051 0.342949 0.157051 0.336538
0 0.157051 0.331731 0.153846 0.328526 0.150641 0.328526 0.147436 0.328526 0.144231 0.331731 0.142628 0.336538 0.142628 0.341346 0.145833 0.346154 0.149038 0.347756 0.152244 0.346154 0.177885 0.368590 0.179487 0.362179
0 0.179487 0.357372 0.176282 0.355769 0.173077 0.354167 0.169872 0.354167 0.166667 0.357372 0.165064 0.362179 0.165064 0.366987 0.166667 0.371795 0.169872 0.373397 0.174679 0.371795 0.056090 0.458333 0.057692 0.453526
0 0.056090 0.448718 0.054487 0.445513 0.051282 0.443910 0.046474 0.445513 0.044872 0.448718 0.041667 0.453526 0.041667 0.458333 0.044872 0.461538 0.048077 0.464744 0.051282 0.463141 0.099359 0.519231 0.100962 0.514423
0 0.100962 0.509615 0.097756 0.506410 0.094551 0.504808 0.089744 0.506410 0.088141 0.509615 0.084936 0.514423 0.086538 0.519231 0.088141 0.522436 0.091346 0.524038 0.094551 0.524038 0.092949 0.403846 0.094551 0.399038
0 0.094551 0.392628 0.091346 0.391026 0.088141 0.389423 0.084936 0.391026 0.081731 0.392628 0.080128 0.397436 0.080128 0.403846 0.081731 0.407051 0.084936 0.408654 0.089744 0.408654 0.092949 0.363782 0.094551 0.358974
0 0.092949 0.354167 0.091346 0.350962 0.086538 0.349359 0.083333 0.350962 0.081731 0.352564 0.078526 0.357372 0.078526 0.363782 0.081731 0.366987 0.084936 0.368590 0.088141 0.368590 0.113782 0.330128 0.115385 0.325321
0 0.113782 0.318910 0.110577 0.317308 0.107372 0.315705 0.104167 0.317308 0.102564 0.318910 0.099359 0.323718 0.099359 0.330128 0.102564 0.333333 0.105769 0.334936 0.108974 0.334936 0.160256 0.272436 0.161859 0.266026
0 0.161859 0.261218 0.158654 0.259615 0.155449 0.258013 0.152244 0.258013 0.149038 0.261218 0.147436 0.266026 0.147436 0.270833 0.149038 0.275641 0.152244 0.277244 0.157051 0.275641 0.293269 0.190705 0.294872 0.185897
0 0.294872 0.182692 0.293269 0.179487 0.288462 0.177885 0.286859 0.179487 0.283654 0.181090 0.282051 0.184295 0.282051 0.189103 0.283654 0.192308 0.286859 0.193910 0.291667 0.192308 0.225962 0.192308 0.225962 0.189103
0 0.227564 0.184295 0.224359 0.181090 0.221154 0.179487 0.217949 0.181090 0.216346 0.182692 0.214744 0.185897 0.214744 0.190705 0.216346 0.195513 0.219551 0.197115 0.224359 0.195513 0.187500 0.142628 0.189103 0.139423
0 0.187500 0.136218 0.185897 0.133013 0.182692 0.131410 0.179487 0.133013 0.177885 0.134615 0.176282 0.137821 0.174679 0.142628 0.177885 0.147436 0.181090 0.147436 0.184295 0.145833 0.250000 0.309295 0.250000 0.307692
0 0.250000 0.302885 0.248397 0.299679 0.245192 0.298077 0.241987 0.299679 0.240385 0.301282 0.238782 0.306090 0.237179 0.309295 0.240385 0.312500 0.243590 0.314103 0.246795 0.312500 0.200321 0.296474 0.200321 0.293269
0 0.201923 0.288462 0.198718 0.286859 0.195513 0.285256 0.192308 0.285256 0.190705 0.288462 0.189103 0.291667 0.189103 0.296474 0.190705 0.299679 0.193910 0.301282 0.197115 0.299679 0.238782 0.158654 0.238782 0.155449
0 0.240385 0.150641 0.237179 0.149038 0.233974 0.147436 0.230769 0.147436 0.229167 0.150641 0.227564 0.153846 0.227564 0.158654 0.229167 0.161859 0.232372 0.163462 0.235577 0.161859 0.229167 0.000000 0.214744 0.000000
0 0.219551 0.003205 0.222756 0.004808 0.225962 0.003205 0.238782 0.070513 0.240385 0.065705 0.238782 0.064103 0.237179 0.060897 0.233974 0.059295 0.230769 0.059295 0.227564 0.062500 0.225962 0.065705 0.225962 0.070513
0 0.229167 0.073718 0.230769 0.075321 0.235577 0.073718 0.307692 0.240385 0.307692 0.237179 0.309295 0.232372 0.306090 0.230769 0.302885 0.229167 0.299679 0.229167 0.298077 0.232372 0.296474 0.235577 0.296474 0.240385
0 0.298077 0.243590 0.301282 0.245192 0.304487 0.243590 0.427885 0.112179 0.426282 0.108974 0.423077 0.105769 0.421474 0.102564 0.418269 0.104167 0.416667 0.107372 0.415064 0.112179 0.416667 0.115385 0.421474 0.116987
0 0.424679 0.115385 0.475962 0.182692 0.475962 0.177885 0.472756 0.174679 0.469551 0.173077 0.466346 0.174679 0.463141 0.177885 0.463141 0.182692 0.464744 0.185897 0.469551 0.187500 0.472756 0.185897 0.418269 0.125000
0 0.418269 0.120192 0.415064 0.116987 0.411859 0.115385 0.410256 0.116987 0.407051 0.120192 0.405449 0.125000 0.407051 0.128205 0.411859 0.129808 0.416667 0.128205 0.407051 0.147436
0 0.408654 0.142628 0.405449 0.141026 0.402244 0.141026 0.400641 0.142628 0.399038 0.147436 0.400641 0.150641 0.403846 0.152244 0.407051 0.149038 0.246795 0.030449 0.248397 0.027244
0 0.248397 0.022436 0.245192 0.020833 0.241987 0.019231 0.238782 0.020833 0.237179 0.022436 0.235577 0.025641 0.235577 0.030449 0.237179 0.033654 0.240385 0.035256 0.243590 0.033654
0 0.461538 0.126603 0.463141 0.121795 0.459936 0.118590 0.455128 0.118590 0.453526 0.118590 0.450321 0.121795 0.450321 0.126603 0.450321 0.129808 0.455128 0.131410
0 0.459936 0.129808 0.519231 0.227564 0.519231 0.222756 0.516026 0.219551 0.512821 0.217949 0.511218 0.219551 0.508013 0.222756 0.506410 0.227564 0.508013 0.230769 0.512821 0.232372 0.517628 0.230769 0.448718 0.283654
0 0.450321 0.278846 0.447115 0.275641 0.443910 0.274038 0.440705 0.275641 0.437500 0.278846 0.437500 0.283654 0.439103 0.286859 0.442308 0.288462 0.447115 0.286859 0.508013 0.155449
0 0.508013 0.152244 0.506410 0.149038 0.501603 0.147436 0.500000 0.147436 0.496795 0.152244 0.496795 0.155449 0.496795 0.158654 0.501603 0.160256 0.506410 0.158654 0.626603 0.299679
0 0.628205 0.296474 0.625000 0.293269 0.620192 0.291667 0.618590 0.293269 0.615385 0.296474 0.615385 0.299679 0.615385 0.304487 0.620192 0.306090 0.625000 0.304487 0.612179 0.309295
0 0.613782 0.304487 0.610577 0.301282 0.607372 0.299679 0.605769 0.301282 0.602564 0.304487 0.602564 0.309295 0.602564 0.312500 0.607372 0.314103 0.612179 0.312500 0.576923 0.266026
0 0.576923 0.262821 0.575321 0.259615 0.570513 0.258013 0.568910 0.258013 0.565705 0.262821 0.565705 0.266026 0.565705 0.269231 0.570513 0.270833 0.575321 0.269231 0.511218 0.283654
0 0.511218 0.278846 0.509615 0.275641 0.504808 0.274038 0.503205 0.275641 0.500000 0.278846 0.500000 0.283654 0.500000 0.286859 0.504808 0.288462 0.509615 0.286859 0.524038 0.275641
0 0.524038 0.270833 0.522436 0.267628 0.517628 0.266026 0.516026 0.267628 0.512821 0.270833 0.512821 0.275641 0.512821 0.278846 0.517628 0.280449 0.522436 0.278846 0.570513 0.296474
0 0.572115 0.291667 0.570513 0.288462 0.565705 0.286859 0.564103 0.288462 0.560897 0.291667 0.560897 0.296474 0.560897 0.299679 0.565705 0.301282 0.570513 0.299679 0.573718 0.312500
0 0.573718 0.307692 0.570513 0.306090 0.567308 0.306090 0.565705 0.309295 0.564103 0.314103 0.565705 0.317308 0.568910 0.318910 0.572115 0.315705 0.581731 0.318910 0.581731 0.314103
0 0.578526 0.312500 0.575321 0.312500 0.573718 0.315705 0.572115 0.318910 0.573718 0.323718 0.576923 0.323718 0.580128 0.322115 0.519231 0.168269 0.519231 0.163462 0.516026 0.161859
0 0.512821 0.161859 0.509615 0.165064 0.509615 0.169872 0.511218 0.173077 0.512821 0.174679 0.516026 0.171474 0.540064 0.158654 0.536859 0.152244 0.533654 0.152244
0 0.530449 0.155449 0.530449 0.158654 0.530449 0.163462 0.533654 0.163462 0.536859 0.161859 0.509615 0.195513 0.511218 0.190705 0.506410 0.187500 0.503205 0.189103
0 0.501603 0.192308 0.501603 0.197115 0.501603 0.198718 0.504808 0.200321 0.508013 0.198718 0.500000 0.193910 0.500000 0.189103 0.496795 0.187500 0.493590 0.187500
0 0.491987 0.190705 0.490385 0.193910 0.491987 0.197115 0.493590 0.198718 0.498397 0.197115 0.530449 0.169872 0.532051 0.166667 0.527244 0.163462 0.524038 0.165064
0 0.522436 0.166667 0.520833 0.171474 0.522436 0.174679 0.525641 0.176282 0.528846 0.174679 0.604167 0.153846 0.605769 0.149038 0.600962 0.145833 0.597756 0.147436
0 0.596154 0.150641 0.594551 0.153846 0.596154 0.157051 0.599359 0.158654 0.602564 0.157051 0.605769 0.184295 0.605769 0.179487 0.602564 0.177885 0.599359 0.177885
0 0.597756 0.181090 0.596154 0.184295 0.597756 0.187500 0.599359 0.189103 0.604167 0.187500 0.671474 0.285256 0.671474 0.280449 0.666667 0.278846 0.663462 0.278846
0 0.661859 0.282051 0.661859 0.286859 0.661859 0.290064 0.665064 0.291667 0.668269 0.288462 0.682692 0.346154 0.684295 0.341346 0.679487 0.338141 0.677885 0.338141
0 0.674679 0.341346 0.673077 0.347756 0.673077 0.350962 0.677885 0.350962 0.681090 0.349359 0.724359 0.296474 0.724359 0.291667 0.721154 0.290064 0.717949 0.290064
0 0.716346 0.293269 0.714744 0.296474 0.716346 0.301282 0.719551 0.301282 0.722756 0.299679 0.746795 0.261218 0.746795 0.256410 0.741987 0.254808 0.740385 0.254808
0 0.737179 0.258013 0.737179 0.262821 0.737179 0.266026 0.740385 0.267628 0.743590 0.264423 0.753205 0.253205 0.754808 0.248397 0.750000 0.245192 0.748397 0.245192
0 0.745192 0.248397 0.745192 0.253205 0.745192 0.256410 0.748397 0.258013 0.751603 0.256410 0.711538 0.288462 0.713141 0.283654 0.709936 0.280449 0.706731 0.280449
0 0.705128 0.283654 0.703526 0.288462 0.705128 0.291667 0.708333 0.293269 0.711538 0.291667 0.721154 0.358974 0.721154 0.354167 0.717949 0.352564 0.714744 0.352564
0 0.711538 0.355769 0.711538 0.358974 0.711538 0.362179 0.714744 0.363782 0.717949 0.362179 0.583333 0.277244 0.584936 0.272436 0.581731 0.269231 0.578526 0.269231
0 0.576923 0.272436 0.575321 0.277244 0.576923 0.280449 0.578526 0.282051 0.583333 0.280449 0.854167 0.283654 0.854167 0.278846 0.850962 0.275641 0.847756 0.277244
0 0.846154 0.278846 0.844551 0.283654 0.846154 0.286859 0.849359 0.288462 0.852564 0.286859 0.903846 0.310897 0.903846 0.306090 0.899038 0.304487 0.897436 0.304487
0 0.894231 0.307692 0.894231 0.310897 0.894231 0.315705 0.897436 0.315705 0.900641 0.314103 0.865385 0.288462 0.865385 0.283654 0.860577 0.280449 0.858974 0.282051
0 0.855769 0.285256 0.855769 0.288462 0.855769 0.291667 0.858974 0.293269 0.862179 0.291667 0.894231 0.277244 0.895833 0.272436 0.891026 0.269231 0.889423 0.269231
0 0.886218 0.272436 0.886218 0.277244 0.886218 0.280449 0.889423 0.282051 0.892628 0.280449 0.772436 0.407051 0.774038 0.402244 0.769231 0.399038 0.767628 0.400641
0 0.764423 0.402244 0.764423 0.407051 0.764423 0.410256 0.767628 0.411859 0.770833 0.410256 0.729167 0.419872 0.729167 0.415064 0.724359 0.413462 0.722756 0.413462
0 0.719551 0.416667 0.719551 0.419872 0.719551 0.423077 0.722756 0.424679 0.725962 0.423077 0.876603 0.413462 0.875000 0.411859 0.873397 0.408654 0.868590 0.407051
0 0.866987 0.407051 0.863782 0.410256 0.862179 0.415064 0.860577 0.418269 0.863782 0.421474 0.868590 0.424679 0.871795 0.423077 0.875000 0.421474 0.876603 0.418269
0 0.929487 0.483974 0.927885 0.482372 0.926282 0.479167 0.923077 0.477564 0.919872 0.477564 0.916667 0.480769 0.915064 0.485577 0.915064 0.488782 0.916667 0.493590
0 0.921474 0.495192 0.924679 0.495192 0.927885 0.491987 0.929487 0.488782 0.987179 0.354167 0.985577 0.352564 0.983974 0.349359 0.980769 0.347756 0.977564 0.347756 0.974359 0.350962 0.972756 0.355769 0.972756 0.358974 0.974359 0.363782
0 0.979167 0.365385 0.982372 0.365385 0.985577 0.362179 0.988782 0.358974 0.996795 0.362179 0.995192 0.366987 0.995192 0.370192 0.996795 0.373397 0.918269 0.439103 0.916667 0.437500 0.915064 0.434295 0.911859 0.432692 0.908654 0.434295
0 0.905449 0.437500 0.903846 0.442308 0.903846 0.443910 0.905449 0.448718 0.910256 0.450321 0.913462 0.450321 0.916667 0.448718 0.918269 0.443910 0.943910 0.522436 0.942308 0.519231 0.939103 0.517628 0.935897 0.516026 0.934295 0.517628
0 0.929487 0.520833 0.927885 0.525641 0.927885 0.528846 0.929487 0.532051 0.934295 0.535256 0.937500 0.533654 0.942308 0.532051 0.943910 0.527244 0.998397 0.503205 0.995192 0.501603 0.993590 0.503205 0.990385 0.506410 0.988782 0.509615
0 0.987179 0.512821 0.990385 0.517628 0.993590 0.519231 0.998397 0.519231 0.947115 0.490385 0.945513 0.485577 0.942308 0.483974 0.939103 0.482372 0.935897 0.483974 0.932692 0.487179 0.931090 0.491987 0.931090 0.495192 0.932692 0.498397
0 0.937500 0.501603 0.940705 0.500000 0.943910 0.498397 0.947115 0.493590 0.897436 0.375000 0.894231 0.373397 0.892628 0.370192 0.889423 0.368590 0.886218 0.370192 0.883013 0.373397 0.881410 0.378205 0.881410 0.381410 0.883013 0.384615
0 0.887821 0.386218 0.891026 0.386218 0.894231 0.384615 0.897436 0.379808 0.842949 0.399038 0.839744 0.397436 0.838141 0.394231 0.834936 0.392628 0.831731 0.392628 0.828526 0.395833 0.826923 0.400641 0.826923 0.403846 0.828526 0.408654
0 0.833333 0.410256 0.836538 0.410256 0.839744 0.407051 0.842949 0.403846 0.810897 0.360577 0.809295 0.357372 0.806090 0.355769 0.802885 0.354167 0.801282 0.354167 0.796474 0.357372 0.796474 0.362179 0.794872 0.365385 0.796474 0.370192
0 0.801282 0.371795 0.804487 0.371795 0.809295 0.368590 0.810897 0.365385 0.849359 0.418269 0.847756 0.415064 0.844551 0.413462 0.841346 0.411859 0.839744 0.413462 0.834936 0.416667 0.833333 0.421474 0.833333 0.423077 0.834936 0.427885
0 0.839744 0.429487 0.842949 0.429487 0.846154 0.427885 0.849359 0.423077 0.881410 0.443910 0.879808 0.442308 0.878205 0.439103 0.875000 0.437500 0.871795 0.437500 0.868590 0.440705 0.866987 0.445513 0.866987 0.448718 0.868590 0.451923
0 0.873397 0.455128 0.876603 0.453526 0.879808 0.451923 0.881410 0.448718 0.911859 0.490385 0.910256 0.485577 0.907051 0.483974 0.903846 0.482372 0.902244 0.483974 0.897436 0.487179 0.895833 0.491987 0.895833 0.495192 0.897436 0.498397
0 0.902244 0.501603 0.905449 0.500000 0.908654 0.498397 0.911859 0.493590 0.878205 0.536859 0.876603 0.532051 0.873397 0.530449 0.870192 0.530449 0.868590 0.530449 0.865385 0.533654 0.863782 0.538462 0.862179 0.541667 0.865385 0.544872
0 0.868590 0.548077 0.873397 0.546474 0.876603 0.544872 0.878205 0.541667 0.754808 0.405449 0.753205 0.402244 0.750000 0.400641 0.746795 0.399038 0.745192 0.400641 0.740385 0.403846 0.740385 0.407051 0.738782 0.410256 0.740385 0.415064
0 0.745192 0.416667 0.748397 0.416667 0.753205 0.415064 0.754808 0.410256 0.767628 0.352564 0.766026 0.347756 0.762821 0.346154 0.759615 0.346154 0.758013 0.346154 0.754808 0.349359 0.753205 0.354167 0.751603 0.357372 0.754808 0.360577
0 0.759615 0.363782 0.762821 0.362179 0.766026 0.360577 0.767628 0.357372 0.695513 0.418269 0.693910 0.416667 0.690705 0.415064 0.687500 0.411859 0.685897 0.411859 0.682692 0.416667 0.681090 0.419872 0.679487 0.423077 0.682692 0.427885
0 0.687500 0.429487 0.690705 0.429487 0.693910 0.426282 0.695513 0.423077 0.685897 0.389423 0.687500 0.387821 0.685897 0.386218 0.684295 0.383013 0.681090 0.383013 0.677885 0.384615 0.677885 0.387821 0.676282 0.391026 0.677885 0.394231
0 0.682692 0.397436 0.685897 0.395833 0.687500 0.392628 0.689103 0.469551 0.687500 0.466346 0.684295 0.464744 0.681090 0.463141 0.679487 0.464744 0.674679 0.467949 0.673077 0.471154 0.673077 0.474359 0.674679 0.479167 0.679487 0.480769
0 0.682692 0.480769 0.687500 0.477564 0.689103 0.474359 0.620192 0.459936 0.618590 0.456731 0.616987 0.453526 0.612179 0.453526 0.610577 0.453526 0.607372 0.456731 0.605769 0.461538 0.604167 0.464744 0.607372 0.467949 0.612179 0.471154
0 0.615385 0.469551 0.618590 0.467949 0.620192 0.464744 0.613782 0.383013 0.612179 0.379808 0.608974 0.378205 0.605769 0.376603 0.604167 0.376603 0.599359 0.379808 0.597756 0.384615 0.597756 0.387821 0.599359 0.392628 0.604167 0.394231
0 0.607372 0.394231 0.610577 0.391026 0.613782 0.387821 0.701923 0.403846 0.700321 0.402244 0.698718 0.400641 0.697115 0.397436 0.693910 0.397436 0.692308 0.400641 0.690705 0.403846 0.690705 0.407051 0.692308 0.410256 0.695513 0.413462
0 0.698718 0.410256 0.701923 0.407051 0.663462 0.399038 0.661859 0.395833 0.660256 0.392628 0.658654 0.392628 0.655449 0.392628 0.653846 0.394231 0.652244 0.397436 0.652244 0.400641 0.653846 0.403846 0.657051 0.405449 0.660256 0.403846
0 0.663462 0.400641 0.673077 0.349359 0.674679 0.346154 0.673077 0.342949 0.669872 0.341346 0.668269 0.341346 0.665064 0.344551 0.663462 0.347756 0.663462 0.350962 0.665064 0.354167 0.669872 0.355769 0.673077 0.354167
0 0.674679 0.350962 0.647436 0.423077 0.649038 0.419872 0.647436 0.416667 0.644231 0.415064 0.642628 0.415064 0.639423 0.418269 0.637821 0.421474 0.637821 0.424679 0.639423 0.427885 0.644231 0.429487 0.647436 0.427885 0.649038 0.424679
0 0.740385 0.450321 0.741987 0.448718 0.740385 0.447115 0.738782 0.443910 0.735577 0.443910 0.732372 0.445513 0.730769 0.450321 0.730769 0.453526 0.732372 0.455128 0.737179 0.458333 0.740385 0.456731 0.741987 0.453526 0.540064 0.386218
0 0.536859 0.384615 0.538462 0.381410 0.535256 0.379808 0.533654 0.379808 0.530449 0.381410 0.528846 0.384615 0.528846 0.387821 0.530449 0.391026 0.535256 0.392628 0.538462 0.392628 0.540064 0.389423 0.520833 0.392628 0.522436 0.389423
0 0.520833 0.386218 0.517628 0.384615 0.516026 0.386218 0.511218 0.387821 0.511218 0.391026 0.511218 0.394231 0.512821 0.397436 0.517628 0.399038 0.520833 0.397436 0.522436 0.394231 0.615385 0.230769 0.613782 0.227564
0 0.612179 0.224359 0.610577 0.224359 0.607372 0.224359 0.605769 0.225962 0.604167 0.229167 0.604167 0.232372 0.605769 0.235577 0.608974 0.237179 0.612179 0.235577 0.615385 0.232372 0.620192 0.193910 0.618590 0.190705
0 0.616987 0.189103 0.615385 0.185897 0.612179 0.185897 0.610577 0.189103 0.608974 0.192308 0.607372 0.195513 0.610577 0.198718 0.613782 0.200321 0.616987 0.198718 0.618590 0.195513 0.562500 0.488782 0.560897 0.487179
0 0.559295 0.485577 0.557692 0.482372 0.554487 0.482372 0.552885 0.483974 0.551282 0.488782 0.551282 0.490385 0.552885 0.493590 0.556090 0.496795 0.559295 0.495192 0.562500 0.491987 0.298077 0.451923 0.296474 0.450321
0 0.294872 0.448718 0.293269 0.445513 0.290064 0.445513 0.288462 0.448718 0.286859 0.451923 0.286859 0.455128 0.288462 0.458333 0.291667 0.459936 0.294872 0.458333 0.296474 0.455128 0.301282 0.501603 0.302885 0.500000
0 0.301282 0.498397 0.299679 0.495192 0.296474 0.495192 0.293269 0.496795 0.293269 0.501603 0.293269 0.509615 0.298077 0.511218 0.301282 0.508013 0.302885 0.504808 0.294872 0.512821 0.296474 0.509615 0.294872 0.506410
0 0.291667 0.504808 0.290064 0.504808 0.286859 0.506410 0.285256 0.511218 0.285256 0.514423 0.286859 0.517628 0.291667 0.519231 0.294872 0.517628 0.296474 0.514423 0.277244 0.508013 0.278846 0.504808 0.277244 0.501603
0 0.274038 0.501603 0.272436 0.501603 0.269231 0.503205 0.267628 0.506410 0.267628 0.509615 0.269231 0.512821 0.274038 0.514423 0.277244 0.512821 0.278846 0.509615 0.221154 0.399038 0.219551 0.395833 0.217949 0.392628
0 0.216346 0.392628 0.213141 0.391026 0.211538 0.394231 0.209936 0.397436 0.208333 0.400641 0.211538 0.403846 0.214744 0.405449 0.217949 0.403846 0.219551 0.400641 0.198718 0.450321 0.200321 0.447115 0.198718 0.445513
0 0.197115 0.442308 0.193910 0.442308 0.190705 0.443910 0.190705 0.448718 0.189103 0.451923 0.190705 0.453526 0.195513 0.456731 0.198718 0.455128 0.200321 0.451923 0.270833 0.533654 0.269231 0.530449 0.266026 0.528846
0 0.262821 0.528846 0.261218 0.530449 0.259615 0.535256 0.261218 0.536859 0.264423 0.538462 0.269231 0.538462 0.270833 0.535256 0.254808 0.580128 0.253205 0.576923 0.250000 0.575321 0.248397 0.575321 0.245192 0.576923
0 0.245192 0.581731 0.245192 0.583333 0.250000 0.586538 0.253205 0.584936 0.254808 0.581731 0.330128 0.626603 0.331731 0.621795 0.328526 0.620192 0.325321 0.620192 0.322115 0.623397 0.322115 0.626603 0.323718 0.629808
0 0.326923 0.631410 0.330128 0.631410 0.331731 0.628205 0.200321 0.543269 0.198718 0.540064 0.195513 0.536859 0.192308 0.536859 0.190705 0.540064 0.190705 0.543269 0.190705 0.546474 0.193910 0.548077 0.198718 0.548077
0 0.200321 0.544872 0.160256 0.536859 0.158654 0.533654 0.155449 0.532051 0.152244 0.532051 0.150641 0.533654 0.149038 0.538462 0.150641 0.540064 0.153846 0.543269 0.158654 0.541667 0.160256 0.538462 0.144231 0.535256
0 0.145833 0.530449 0.142628 0.528846 0.139423 0.528846 0.136218 0.532051 0.136218 0.535256 0.137821 0.538462 0.141026 0.540064 0.144231 0.540064 0.145833 0.536859 0.195513 0.556090 0.193910 0.552885 0.190705 0.551282
0 0.187500 0.551282 0.185897 0.552885 0.185897 0.557692 0.185897 0.559295 0.189103 0.562500 0.193910 0.560897 0.195513 0.557692 0.192308 0.608974 0.190705 0.605769 0.187500 0.604167 0.184295 0.604167 0.182692 0.605769
0 0.181090 0.610577 0.182692 0.613782 0.185897 0.615385 0.189103 0.613782 0.192308 0.610577 0.193910 0.628205 0.192308 0.626603 0.190705 0.623397 0.187500 0.623397 0.184295 0.625000
0 0.184295 0.629808 0.185897 0.631410 0.189103 0.633013 0.192308 0.633013 0.193910 0.629808 0.206731 0.618590 0.205128 0.615385 0.201923 0.613782 0.198718 0.613782 0.197115 0.615385
0 0.195513 0.620192 0.197115 0.621795 0.200321 0.625000 0.205128 0.623397 0.206731 0.620192 0.222756 0.639423 0.221154 0.636218 0.217949 0.634615 0.214744 0.634615 0.213141 0.636218
0 0.213141 0.641026 0.213141 0.644231 0.217949 0.645833 0.219551 0.645833 0.222756 0.642628 0.258013 0.631410 0.256410 0.628205 0.253205 0.626603 0.250000 0.626603 0.248397 0.628205
0 0.246795 0.633013 0.248397 0.634615 0.251603 0.636218 0.256410 0.636218 0.258013 0.633013 0.131410 0.599359 0.129808 0.596154 0.126603 0.594551 0.123397 0.594551 0.121795 0.596154
0 0.121795 0.600962 0.121795 0.602564 0.126603 0.605769 0.129808 0.604167 0.131410 0.600962 0.246795 0.647436 0.245192 0.644231 0.241987 0.642628 0.238782 0.642628 0.237179 0.644231
0 0.235577 0.649038 0.237179 0.652244 0.240385 0.653846 0.245192 0.652244 0.246795 0.649038 0.056090 0.578526 0.054487 0.576923 0.052885 0.573718 0.049679 0.573718 0.046474 0.576923
0 0.046474 0.580128 0.048077 0.583333 0.051282 0.584936 0.054487 0.584936 0.056090 0.581731 0.040064 0.570513 0.038462 0.567308 0.035256 0.565705 0.032051 0.565705 0.030449 0.568910
0 0.030449 0.572115 0.030449 0.575321 0.035256 0.576923 0.038462 0.576923 0.040064 0.573718 0.131410 0.416667 0.133013 0.413462 0.129808 0.411859 0.126603 0.411859 0.123397 0.413462
0 0.123397 0.418269 0.125000 0.421474 0.128205 0.423077 0.129808 0.423077 0.133013 0.419872 0.169872 0.488782 0.171474 0.485577 0.168269 0.483974 0.165064 0.483974 0.161859 0.485577
0 0.161859 0.490385 0.163462 0.491987 0.166667 0.493590 0.169872 0.493590 0.171474 0.490385 0.157051 0.488782 0.155449 0.485577 0.152244 0.483974 0.149038 0.483974 0.147436 0.487179
0 0.147436 0.490385 0.147436 0.493590 0.152244 0.495192 0.155449 0.495192 0.157051 0.491987 0.118590 0.581731 0.116987 0.578526 0.113782 0.576923 0.110577 0.576923 0.108974 0.578526
0 0.107372 0.583333 0.108974 0.584936 0.112179 0.586538 0.115385 0.586538 0.118590 0.583333 0.174679 0.326923 0.181090 0.320513 0.184295 0.312500 0.182692 0.304487 0.177885 0.299679
0 0.171474 0.298077 0.165064 0.298077 0.160256 0.302885 0.157051 0.307692 0.155449 0.315705 0.157051 0.320513 0.161859 0.325321 0.168269 0.328526 0.219551 0.282051 0.225962 0.275641
0 0.229167 0.267628 0.227564 0.259615 0.222756 0.254808 0.217949 0.253205 0.211538 0.253205 0.205128 0.258013 0.203526 0.262821 0.201923 0.270833 0.201923 0.275641 0.206731 0.280449
0 0.213141 0.283654 0.259615 0.246795 0.261218 0.245192 0.262821 0.241987 0.261218 0.240385 0.259615 0.237179 0.256410 0.237179 0.254808 0.240385 0.253205 0.243590 0.253205 0.245192
0 0.254808 0.246795 0.258013 0.248397 0.235577 0.306090 0.235577 0.304487 0.237179 0.299679 0.233974 0.298077 0.232372 0.299679 0.230769 0.302885 0.230769 0.304487 0.232372 0.307692
0 0.258013 0.306090 0.261218 0.301282 0.259615 0.298077 0.258013 0.298077 0.254808 0.298077 0.253205 0.301282 0.253205 0.304487 0.256410 0.306090 0.266026 0.317308 0.269231 0.314103
0 0.267628 0.312500 0.266026 0.309295 0.262821 0.309295 0.261218 0.312500 0.261218 0.315705 0.264423 0.317308 0.262821 0.333333 0.266026 0.330128 0.264423 0.328526 0.262821 0.325321
0 0.259615 0.326923 0.258013 0.330128 0.258013 0.331731 0.261218 0.334936 0.310897 0.346154 0.310897 0.344551 0.312500 0.339744 0.309295 0.338141 0.307692 0.338141 0.306090 0.341346
0 0.306090 0.344551 0.307692 0.346154 0.318910 0.352564 0.322115 0.349359 0.320513 0.347756 0.318910 0.344551 0.315705 0.344551 0.314103 0.349359 0.314103 0.350962 0.315705 0.352564 0.336538 0.453526 0.338141 0.445513 0.333333 0.439103
0 0.328526 0.439103 0.322115 0.442308 0.320513 0.448718 0.320513 0.453526 0.322115 0.458333 0.328526 0.459936 0.333333 0.458333 0.378205 0.474359 0.379808 0.466346 0.375000 0.461538 0.368590 0.459936 0.363782 0.463141 0.360577 0.469551
0 0.360577 0.475962 0.363782 0.480769 0.370192 0.480769 0.373397 0.479167 0.549679 0.150641 0.549679 0.145833 0.544872 0.144231 0.543269 0.144231 0.540064 0.147436 0.540064 0.150641 0.540064 0.153846
0 0.543269 0.155449 0.546474 0.153846 0.552885 0.131410 0.552885 0.126603 0.549679 0.125000 0.546474 0.125000 0.544872 0.128205 0.543269 0.131410
0 0.544872 0.136218 0.546474 0.136218 0.551282 0.134615 0.432692 0.099359 0.431090 0.097756 0.429487 0.094551 0.426282 0.092949 0.424679 0.096154
0 0.423077 0.099359 0.424679 0.102564 0.427885 0.104167 0.431090 0.100962 0.671474 0.325321 0.673077 0.320513 0.668269 0.318910 0.665064 0.318910
0 0.663462 0.322115 0.661859 0.325321 0.663462 0.330128 0.666667 0.330128 0.669872 0.328526 0.671474 0.197115 0.673077 0.193910 0.671474 0.190705
0 0.668269 0.189103 0.665064 0.189103 0.661859 0.190705 0.660256 0.195513 0.660256 0.198718 0.661859 0.201923 0.666667 0.205128 0.669872 0.203526
0 0.671474 0.203526 0.673077 0.198718 0.756410 0.307692 0.758013 0.299679 0.753205 0.294872 0.748397 0.293269 0.741987 0.294872 0.738782 0.301282
0 0.738782 0.309295 0.743590 0.314103 0.748397 0.314103 0.753205 0.312500 0.834936 0.294872 0.836538 0.291667 0.831731 0.288462 0.828526 0.288462 0.826923 0.291667 0.826923 0.296474
0 0.826923 0.299679 0.830128 0.301282 0.833333 0.299679 0.815705 0.326923 0.815705 0.322115 0.812500 0.320513 0.809295 0.320513 0.807692 0.323718 0.806090 0.326923 0.807692 0.330128
0 0.810897 0.331731 0.814103 0.330128 0.910256 0.411859 0.911859 0.407051 0.908654 0.403846 0.905449 0.403846 0.903846 0.407051 0.902244 0.411859 0.903846 0.415064
0 0.905449 0.416667 0.910256 0.415064 0.897436 0.429487 0.895833 0.427885 0.894231 0.424679 0.891026 0.423077 0.887821 0.424679 0.884615 0.427885 0.883013 0.431090
0 0.883013 0.434295 0.884615 0.439103 0.889423 0.440705 0.892628 0.440705 0.895833 0.439103 0.899038 0.434295 0.974359 0.448718 0.972756 0.447115 0.971154 0.443910
0 0.967949 0.442308 0.964744 0.445513 0.964744 0.448718 0.964744 0.451923 0.967949 0.453526 0.971154 0.451923 0.854167 0.520833 0.854167 0.516026 0.850962 0.514423
0 0.849359 0.514423 0.846154 0.516026 0.846154 0.520833 0.846154 0.524038 0.849359 0.525641 0.852564 0.522436 0.865385 0.517628 0.865385 0.512821 0.862179 0.511218 0.858974 0.511218 0.857372 0.512821 0.855769 0.517628 0.857372 0.519231
0 0.863782 0.519231 0.862179 0.528846 0.863782 0.524038 0.860577 0.520833 0.858974 0.520833 0.855769 0.522436 0.855769 0.527244 0.855769 0.530449 0.858974 0.532051 0.862179 0.530449
0 0.908654 0.560897 0.907051 0.559295 0.905449 0.556090 0.902244 0.556090 0.900641 0.557692 0.899038 0.560897 0.900641 0.564103 0.902244 0.565705 0.905449 0.564103
0 0.923077 0.562500 0.924679 0.557692 0.921474 0.556090 0.918269 0.556090 0.916667 0.557692 0.915064 0.560897 0.916667 0.565705 0.919872 0.565705 0.923077 0.564103
0 0.817308 0.519231 0.815705 0.517628 0.814103 0.514423 0.810897 0.514423 0.809295 0.516026 0.807692 0.519231 0.809295 0.524038 0.812500 0.524038 0.815705 0.522436
0 0.886218 0.487179 0.884615 0.483974 0.881410 0.482372 0.878205 0.480769 0.876603 0.480769 0.871795 0.483974 0.870192 0.488782 0.870192 0.491987 0.871795 0.496795 0.876603 0.498397 0.879808 0.498397 0.883013 0.495192 0.886218 0.491987
0 0.862179 0.463141 0.860577 0.461538 0.858974 0.458333 0.854167 0.456731 0.852564 0.458333 0.849359 0.461538 0.847756 0.464744 0.846154 0.467949 0.849359 0.472756
0 0.854167 0.474359 0.857372 0.474359 0.860577 0.471154 0.862179 0.467949 0.852564 0.586538 0.849359 0.584936 0.847756 0.581731 0.844551 0.580128 0.841346 0.580128
0 0.838141 0.584936 0.836538 0.588141 0.836538 0.591346 0.838141 0.596154 0.842949 0.597756 0.846154 0.597756 0.849359 0.594551 0.852564 0.591346 0.815705 0.588141
0 0.814103 0.584936 0.810897 0.583333 0.807692 0.581731 0.806090 0.583333 0.801282 0.586538 0.799679 0.591346 0.799679 0.594551 0.801282 0.597756 0.806090 0.600962
0 0.809295 0.599359 0.814103 0.597756 0.815705 0.592949 0.870192 0.649038 0.868590 0.645833 0.865385 0.644231 0.862179 0.642628 0.860577 0.644231 0.857372 0.647436
0 0.855769 0.652244 0.854167 0.655449 0.857372 0.658654 0.862179 0.660256 0.865385 0.660256 0.868590 0.658654 0.870192 0.653846 0.886218 0.774038 0.883013 0.770833
0 0.881410 0.767628 0.878205 0.766026 0.875000 0.767628 0.871795 0.770833 0.870192 0.775641 0.870192 0.778846 0.871795 0.782051 0.876603 0.785256 0.879808 0.783654
0 0.883013 0.782051 0.886218 0.777244 0.860577 0.716346 0.858974 0.714744 0.857372 0.711538 0.852564 0.709936 0.850962 0.711538 0.847756 0.714744 0.846154 0.717949 0.844551 0.721154 0.847756 0.725962 0.852564 0.727564 0.855769 0.727564
0 0.858974 0.725962 0.860577 0.721154 0.895833 0.735577 0.892628 0.732372 0.891026 0.729167 0.887821 0.729167 0.884615 0.729167 0.881410 0.732372 0.879808 0.737179 0.879808 0.740385 0.881410 0.743590 0.886218 0.746795 0.889423 0.745192
0 0.892628 0.743590 0.895833 0.740385 0.823718 0.748397 0.822115 0.745192 0.818910 0.743590 0.815705 0.741987 0.812500 0.741987 0.809295 0.746795 0.807692 0.750000 0.807692 0.753205 0.809295 0.758013 0.814103 0.759615 0.817308 0.759615
0 0.820513 0.756410 0.823718 0.753205 0.891026 0.818910 0.889423 0.815705 0.886218 0.814103 0.883013 0.812500 0.879808 0.812500 0.876603 0.815705 0.875000 0.820513 0.875000 0.823718 0.876603 0.828526 0.881410 0.830128 0.884615 0.828526
0 0.887821 0.826923 0.891026 0.823718 0.870192 0.876603 0.871795 0.868590 0.866987 0.863782 0.862179 0.860577 0.854167 0.863782 0.850962 0.870192 0.852564 0.876603 0.855769 0.881410 0.860577 0.883013 0.865385 0.881410 0.834936 0.836538
0 0.833333 0.833333 0.830128 0.831731 0.826923 0.830128 0.823718 0.830128 0.820513 0.834936 0.818910 0.838141 0.818910 0.841346 0.820513 0.846154 0.825321 0.847756 0.828526 0.847756 0.831731 0.844551 0.834936 0.841346 0.838141 0.866987
0 0.836538 0.865385 0.834936 0.862179 0.831731 0.860577 0.828526 0.862179 0.825321 0.865385 0.823718 0.870192 0.823718 0.871795 0.825321 0.876603 0.830128 0.878205 0.833333 0.878205 0.836538 0.876603 0.839744 0.871795 0.852564 0.913462
0 0.852564 0.907051 0.847756 0.900641 0.842949 0.899038 0.836538 0.902244 0.833333 0.908654 0.834936 0.915064 0.838141 0.919872 0.842949 0.921474 0.847756 0.918269 0.860577 0.758013 0.858974 0.754808 0.855769 0.751603 0.852564 0.751603
0 0.849359 0.751603 0.846154 0.754808 0.844551 0.759615 0.844551 0.762821 0.846154 0.766026 0.850962 0.769231 0.854167 0.767628 0.857372 0.766026 0.860577 0.762821 0.791667 0.750000 0.788462 0.748397 0.786859 0.745192 0.783654 0.743590
0 0.780449 0.745192 0.777244 0.748397 0.775641 0.751603 0.775641 0.754808 0.777244 0.759615 0.782051 0.761218 0.785256 0.761218 0.788462 0.758013 0.791667 0.754808 0.831731 0.772436 0.828526 0.769231 0.826923 0.766026 0.823718 0.764423
0 0.822115 0.766026 0.817308 0.769231 0.815705 0.774038 0.815705 0.777244 0.817308 0.780449 0.822115 0.783654 0.825321 0.782051 0.828526 0.780449 0.831731 0.775641 0.788462 0.796474
0 0.786859 0.791667 0.783654 0.790064 0.780449 0.788462 0.778846 0.790064 0.774038 0.793269 0.772436 0.798077 0.772436 0.801282 0.774038 0.804487 0.778846 0.807692 0.782051 0.806090 0.785256 0.804487 0.788462 0.799679 0.812500 0.766026
0 0.810897 0.761218 0.807692 0.759615 0.804487 0.758013 0.802885 0.759615 0.799679 0.762821 0.798077 0.767628 0.796474 0.770833 0.799679 0.774038 0.804487 0.777244 0.807692 0.775641 0.810897 0.774038 0.812500 0.769231 0.881410 0.681090
0 0.879808 0.677885 0.876603 0.676282 0.873397 0.674679 0.871795 0.674679 0.866987 0.677885 0.865385 0.682692 0.865385 0.685897 0.866987 0.689103 0.871795 0.692308 0.875000 0.690705
0 0.878205 0.689103 0.881410 0.685897 0.910256 0.676282 0.908654 0.674679 0.907051 0.671474 0.902244 0.669872 0.900641 0.671474 0.897436 0.674679 0.895833 0.679487 0.894231 0.682692 0.897436 0.685897 0.902244 0.689103 0.905449 0.687500
0 0.908654 0.685897 0.910256 0.681090 0.915064 0.713141 0.913462 0.711538 0.911859 0.708333 0.907051 0.706731 0.905449 0.708333 0.902244 0.711538 0.900641 0.714744 0.899038 0.717949 0.902244 0.722756 0.907051 0.724359 0.910256 0.724359
0 0.913462 0.721154 0.915064 0.717949 0.844551 0.607372 0.846154 0.604167 0.844551 0.600962 0.841346 0.599359 0.838141 0.602564 0.838141 0.605769 0.838141 0.608974 0.841346 0.610577 0.844551 0.608974 0.825321 0.584936 0.826923 0.580128
0 0.823718 0.578526 0.820513 0.576923 0.818910 0.580128 0.817308 0.583333 0.818910 0.586538 0.822115 0.588141 0.825321 0.586538 0.798077 0.602564 0.798077 0.597756 0.794872 0.596154 0.793269 0.596154 0.790064 0.597756 0.790064 0.602564
0 0.790064 0.605769 0.793269 0.607372 0.796474 0.605769 0.806090 0.663462 0.807692 0.658654 0.804487 0.655449 0.801282 0.655449 0.799679 0.657051 0.798077 0.661859 0.799679 0.665064 0.802885 0.666667 0.806090 0.665064 0.774038 0.766026
0 0.772436 0.761218 0.769231 0.759615 0.766026 0.758013 0.764423 0.759615 0.759615 0.762821 0.758013 0.767628 0.758013 0.770833 0.759615 0.774038 0.764423 0.777244 0.767628 0.775641 0.770833 0.774038 0.774038 0.769231 0.668269 0.753205
0 0.666667 0.748397 0.663462 0.746795 0.660256 0.745192 0.658654 0.746795 0.655449 0.750000 0.653846 0.754808 0.652244 0.758013 0.655449 0.761218 0.658654 0.764423 0.663462 0.762821 0.666667 0.761218 0.668269 0.756410 0.652244 0.713141
0 0.650641 0.708333 0.647436 0.706731 0.644231 0.706731 0.642628 0.706731 0.637821 0.709936 0.636218 0.714744 0.636218 0.717949 0.637821 0.721154 0.642628 0.724359 0.645833 0.722756 0.649038 0.721154 0.652244 0.717949 0.668269 0.658654
0 0.666667 0.657051 0.665064 0.653846 0.661859 0.653846 0.658654 0.653846 0.655449 0.657051 0.653846 0.661859 0.653846 0.665064 0.655449 0.668269 0.660256 0.671474
0 0.663462 0.669872 0.666667 0.668269 0.668269 0.663462 0.753205 0.650641 0.751603 0.647436 0.748397 0.645833 0.745192 0.644231 0.743590 0.645833 0.738782 0.649038
0 0.737179 0.652244 0.737179 0.655449 0.738782 0.660256 0.743590 0.661859 0.746795 0.661859 0.750000 0.658654 0.753205 0.655449 0.769231 0.660256 0.767628 0.657051
0 0.766026 0.653846 0.762821 0.652244 0.759615 0.653846 0.756410 0.657051 0.754808 0.661859 0.754808 0.665064 0.756410 0.668269 0.761218 0.671474 0.764423 0.669872
0 0.767628 0.668269 0.769231 0.663462 0.759615 0.701923 0.758013 0.700321 0.756410 0.697115 0.753205 0.695513 0.750000 0.697115 0.746795 0.700321 0.745192 0.705128 0.745192 0.708333 0.746795 0.711538 0.751603 0.713141 0.754808 0.713141
0 0.758013 0.711538 0.761218 0.706731 0.660256 0.568910 0.658654 0.565705 0.655449 0.564103 0.652244 0.562500 0.650641 0.564103 0.647436 0.567308 0.645833 0.570513 0.644231 0.573718 0.647436 0.578526 0.650641 0.580128 0.653846 0.580128
0 0.658654 0.576923 0.660256 0.573718 0.700321 0.588141 0.698718 0.586538 0.697115 0.584936 0.695513 0.581731 0.692308 0.581731 0.690705 0.584936 0.689103 0.588141 0.687500 0.591346 0.690705 0.594551 0.693910 0.596154 0.697115 0.594551
0 0.698718 0.591346 0.753205 0.516026 0.751603 0.514423 0.750000 0.512821 0.748397 0.509615 0.745192 0.509615 0.743590 0.511218 0.741987 0.514423 0.741987 0.517628 0.743590 0.520833 0.748397 0.522436 0.750000 0.522436 0.753205 0.519231
0 0.761218 0.501603 0.759615 0.498397 0.758013 0.495192 0.756410 0.495192 0.753205 0.493590 0.751603 0.496795 0.750000 0.500000 0.748397 0.503205 0.751603 0.506410 0.754808 0.508013 0.758013 0.506410 0.759615 0.503205 0.741987 0.634615
0 0.740385 0.633013 0.738782 0.631410 0.737179 0.628205 0.733974 0.628205 0.732372 0.631410 0.730769 0.634615 0.730769 0.637821 0.732372 0.641026 0.735577 0.642628 0.738782 0.641026 0.741987 0.637821 0.709936 0.673077 0.706731 0.671474
0 0.708333 0.666667 0.705128 0.666667 0.703526 0.666667 0.700321 0.668269 0.698718 0.671474 0.698718 0.674679 0.700321 0.677885 0.705128 0.679487 0.708333 0.677885 0.709936 0.674679 0.714744 0.689103 0.716346 0.687500 0.714744 0.684295
0 0.711538 0.682692 0.709936 0.682692 0.706731 0.684295 0.705128 0.687500 0.705128 0.690705 0.706731 0.693910 0.711538 0.695513 0.714744 0.693910 0.716346 0.690705 0.633013 0.714744 0.629808 0.713141 0.631410 0.708333 0.628205 0.708333
0 0.626603 0.708333 0.623397 0.709936 0.621795 0.713141 0.621795 0.716346 0.623397 0.719551 0.628205 0.721154 0.631410 0.719551 0.633013 0.716346 0.647436 0.759615 0.649038 0.756410 0.647436 0.754808 0.645833 0.751603
0 0.642628 0.751603 0.639423 0.754808 0.639423 0.758013 0.637821 0.761218 0.639423 0.764423 0.644231 0.766026 0.647436 0.764423 0.649038 0.761218 0.703526 0.767628 0.705128 0.764423 0.703526 0.761218 0.700321 0.762821
0 0.698718 0.759615 0.695513 0.762821 0.693910 0.766026 0.693910 0.769231 0.695513 0.772436 0.700321 0.774038 0.703526 0.772436 0.705128 0.769231 0.729167 0.770833 0.730769 0.769231 0.729167 0.766026 0.725962 0.764423
0 0.724359 0.764423 0.721154 0.766026 0.719551 0.770833 0.719551 0.772436 0.721154 0.775641 0.725962 0.778846 0.729167 0.777244 0.730769 0.774038 0.602564 0.669872 0.600962 0.668269 0.599359 0.666667 0.597756 0.663462
0 0.594551 0.663462 0.592949 0.665064 0.591346 0.669872 0.589744 0.673077 0.591346 0.676282 0.596154 0.677885 0.599359 0.676282 0.600962 0.673077 0.410256 0.334936 0.408654 0.331731 0.407051 0.330128 0.405449 0.326923
0 0.402244 0.326923 0.400641 0.330128 0.399038 0.333333 0.399038 0.336538 0.400641 0.339744 0.403846 0.341346 0.407051 0.339744 0.410256 0.336538 0.575321 0.616987 0.576923 0.613782 0.575321 0.610577 0.572115 0.608974
0 0.570513 0.608974 0.567308 0.612179 0.565705 0.615385 0.565705 0.618590 0.567308 0.621795 0.572115 0.623397 0.575321 0.621795 0.576923 0.618590 0.618590 0.592949 0.616987 0.591346 0.615385 0.589744 0.613782 0.586538
0 0.610577 0.586538 0.608974 0.589744 0.607372 0.592949 0.607372 0.596154 0.608974 0.599359 0.612179 0.600962 0.615385 0.599359 0.618590 0.596154 0.591346 0.743590 0.592949 0.741987 0.591346 0.738782 0.588141 0.737179
0 0.586538 0.737179 0.583333 0.738782 0.581731 0.741987 0.581731 0.745192 0.583333 0.748397 0.588141 0.751603 0.591346 0.750000 0.592949 0.746795 0.783654 0.834936 0.782051 0.833333 0.780449 0.831731 0.778846 0.828526
0 0.775641 0.828526 0.774038 0.830128 0.772436 0.834936 0.772436 0.836538 0.774038 0.839744 0.777244 0.842949 0.780449 0.841346 0.783654 0.838141 0.812500 0.801282 0.810897 0.798077 0.809295 0.794872 0.807692 0.794872
0 0.804487 0.794872 0.802885 0.796474 0.801282 0.799679 0.801282 0.802885 0.802885 0.806090 0.806090 0.807692 0.809295 0.806090 0.812500 0.802885 0.817308 0.858974 0.815705 0.855769 0.814103 0.852564 0.812500 0.852564
0 0.809295 0.852564 0.807692 0.854167 0.806090 0.857372 0.806090 0.860577 0.807692 0.863782 0.810897 0.865385 0.814103 0.863782 0.817308 0.860577 0.791667 0.873397 0.788462 0.871795 0.790064 0.868590 0.786859 0.866987
0 0.785256 0.866987 0.782051 0.870192 0.780449 0.873397 0.780449 0.876603 0.782051 0.879808 0.786859 0.881410 0.790064 0.879808 0.791667 0.876603 0.725962 0.836538 0.727564 0.833333 0.725962 0.830128 0.722756 0.830128
0 0.721154 0.830128 0.717949 0.831731 0.716346 0.834936 0.716346 0.838141 0.717949 0.841346 0.722756 0.842949 0.725962 0.841346 0.727564 0.838141 0.735577 0.809295 0.733974 0.807692 0.732372 0.806090 0.730769 0.802885
0 0.727564 0.802885 0.725962 0.806090 0.724359 0.809295 0.722756 0.812500 0.725962 0.815705 0.729167 0.817308 0.732372 0.815705 0.733974 0.812500 0.841346 0.822115 0.838141 0.820513 0.839744 0.817308 0.836538 0.815705
0 0.834936 0.815705 0.831731 0.817308 0.830128 0.822115 0.830128 0.823718 0.831731 0.826923 0.836538 0.830128 0.839744 0.828526 0.841346 0.825321 0.645833 0.833333 0.647436 0.831731 0.645833 0.830128 0.644231 0.826923
0 0.641026 0.826923 0.637821 0.828526 0.636218 0.831731 0.636218 0.834936 0.637821 0.838141 0.642628 0.839744 0.645833 0.839744 0.647436 0.836538 0.644231 0.815705 0.642628 0.814103 0.641026 0.812500 0.639423 0.809295
0 0.636218 0.809295 0.634615 0.812500 0.633013 0.815705 0.633013 0.818910 0.634615 0.822115 0.637821 0.823718 0.641026 0.822115 0.644231 0.818910 0.666667 0.833333 0.668269 0.828526 0.668269 0.822115 0.665064 0.820513
0 0.661859 0.818910 0.658654 0.818910 0.653846 0.820513 0.652244 0.825321 0.652244 0.831731 0.653846 0.834936 0.658654 0.838141 0.663462 0.838141 0.597756 0.814103 0.599359 0.807692 0.599359 0.802885 0.596154 0.799679
0 0.592949 0.798077 0.588141 0.798077 0.584936 0.801282 0.583333 0.806090 0.583333 0.810897 0.584936 0.815705 0.589744 0.818910 0.594551 0.817308 0.570513 0.801282 0.572115 0.796474 0.572115 0.790064 0.568910 0.788462
0 0.565705 0.786859 0.560897 0.786859 0.557692 0.788462 0.556090 0.793269 0.556090 0.799679 0.557692 0.802885 0.562500 0.806090 0.567308 0.804487 0.677885 0.783654 0.676282 0.782051 0.674679 0.780449 0.673077 0.777244
0 0.669872 0.778846 0.668269 0.778846 0.666667 0.782051 0.666667 0.785256 0.668269 0.788462 0.671474 0.790064 0.674679 0.788462 0.677885 0.786859 0.673077 0.769231 0.671474 0.767628 0.669872 0.766026 0.668269 0.762821
0 0.665064 0.762821 0.663462 0.764423 0.661859 0.767628 0.661859 0.770833 0.663462 0.774038 0.666667 0.775641 0.669872 0.774038 0.673077 0.772436 0.487179 0.754808 0.485577 0.751603 0.483974 0.748397 0.482372 0.748397
0 0.479167 0.748397 0.477564 0.750000 0.475962 0.753205 0.475962 0.756410 0.477564 0.759615 0.480769 0.761218 0.483974 0.759615 0.485577 0.756410 0.496795 0.769231 0.493590 0.767628 0.495192 0.764423 0.491987 0.762821
0 0.490385 0.762821 0.487179 0.764423 0.485577 0.769231 0.485577 0.772436 0.487179 0.774038 0.491987 0.777244 0.495192 0.775641 0.496795 0.772436 0.472756 0.690705 0.469551 0.689103 0.471154 0.684295 0.467949 0.682692
0 0.466346 0.682692 0.463141 0.685897 0.461538 0.689103 0.461538 0.692308 0.463141 0.695513 0.467949 0.697115 0.471154 0.695513 0.472756 0.692308 0.413462 0.626603 0.411859 0.625000 0.410256 0.623397 0.408654 0.620192
0 0.405449 0.620192 0.403846 0.621795 0.402244 0.626603 0.400641 0.629808 0.402244 0.631410 0.407051 0.634615 0.410256 0.633013 0.411859 0.629808 0.397436 0.639423 0.399038 0.636218 0.397436 0.633013 0.394231 0.631410
0 0.392628 0.631410 0.389423 0.634615 0.387821 0.637821 0.387821 0.641026 0.389423 0.644231 0.394231 0.645833 0.397436 0.644231 0.399038 0.641026 0.423077 0.597756 0.424679 0.596154 0.423077 0.592949 0.419872 0.591346
0 0.418269 0.591346 0.415064 0.592949 0.413462 0.597756 0.413462 0.599359 0.415064 0.602564 0.419872 0.605769 0.423077 0.604167 0.424679 0.600962 0.471154 0.621795 0.469551 0.620192 0.467949 0.618590 0.466346 0.615385
0 0.463141 0.615385 0.461538 0.616987 0.459936 0.620192 0.458333 0.623397 0.461538 0.626603 0.464744 0.628205 0.467949 0.626603 0.469551 0.623397 0.455128 0.583333 0.451923 0.581731 0.450321 0.581731 0.447115 0.583333
0 0.447115 0.586538 0.448718 0.589744 0.451923 0.589744 0.453526 0.591346 0.455128 0.586538 0.488782 0.631410 0.487179 0.629808 0.485577 0.628205 0.483974 0.625000 0.480769 0.625000 0.479167 0.626603 0.477564 0.629808
0 0.477564 0.633013 0.479167 0.636218 0.482372 0.639423 0.485577 0.636218 0.488782 0.634615 0.500000 0.607372 0.498397 0.604167 0.496795 0.600962 0.495192 0.600962 0.491987 0.600962 0.490385 0.602564 0.488782 0.605769
0 0.488782 0.608974 0.490385 0.612179 0.493590 0.613782 0.496795 0.612179 0.500000 0.608974 0.344551 0.592949 0.346154 0.589744 0.344551 0.586538 0.341346 0.586538 0.339744 0.586538 0.336538 0.588141 0.334936 0.591346
0 0.334936 0.594551 0.336538 0.597756 0.341346 0.599359 0.344551 0.597756 0.346154 0.594551 0.463141 0.475962 0.464744 0.474359 0.463141 0.471154 0.459936 0.469551 0.458333 0.469551 0.455128 0.471154 0.453526 0.474359
0 0.453526 0.477564 0.455128 0.480769 0.459936 0.482372 0.461538 0.482372 0.464744 0.479167 0.451923 0.421474 0.450321 0.418269 0.447115 0.418269 0.445513 0.421474 0.443910 0.423077 0.445513 0.426282 0.448718 0.427885
0 0.451923 0.426282 0.453526 0.423077 0.514423 0.383013 0.516026 0.379808 0.514423 0.376603 0.511218 0.375000 0.508013 0.376603 0.508013 0.379808 0.508013 0.381410 0.509615 0.384615 0.512821 0.384615 0.522436 0.366987
0 0.522436 0.365385 0.524038 0.360577 0.519231 0.358974 0.517628 0.360577 0.516026 0.363782 0.516026 0.366987 0.517628 0.368590 0.520833 0.368590 0.801282 0.384615
0 0.799679 0.379808 0.796474 0.378205 0.793269 0.378205 0.790064 0.378205 0.786859 0.381410 0.785256 0.386218 0.785256 0.389423 0.786859 0.392628 0.791667 0.395833 0.794872 0.394231 0.798077 0.392628 0.801282 0.389423
0 0.730769 0.211538 0.729167 0.203526 0.724359 0.198718 0.719551 0.197115 0.713141 0.198718 0.709936 0.205128 0.709936 0.213141 0.714744 0.221154 0.722756 0.222756 0.727564 0.217949 0.918269 0.299679 0.915064 0.296474
0 0.910256 0.294872 0.908654 0.296474 0.905449 0.298077 0.905449 0.302885 0.905449 0.306090 0.908654 0.309295 0.913462 0.307692 0.916667 0.304487 0.762821 0.562500 0.764423 0.557692 0.761218 0.557692 0.759615 0.554487
0 0.756410 0.557692 0.756410 0.560897 0.756410 0.564103 0.759615 0.565705 0.762821 0.564103 0.834936 0.772436 0.836538 0.770833 0.839744 0.767628 0.839744 0.764423 0.838141 0.761218 0.834936 0.759615 0.831731 0.762821
0 0.831731 0.766026 0.833333 0.769231 0.625000 0.572115 0.623397 0.570513 0.621795 0.568910 0.620192 0.565705 0.616987 0.565705 0.615385 0.567308 0.613782 0.572115
0 0.612179 0.575321 0.615385 0.576923 0.618590 0.580128 0.621795 0.578526 0.623397 0.575321 0.330128 0.294872 0.333333 0.291667 0.331731 0.290064 0.330128 0.286859
