0 0.653846 0.562500 0.647436 0.560897 0.641026 0.560897 0.636218 0.562500 0.634615 0.568910 0.636218 0.573718 0.639423 0.578526 0.649038 0.578526 0.653846 0.573718 0.655449 0.568910
0 0.626603 0.600962 0.620192 0.599359 0.613782 0.599359 0.608974 0.602564 0.608974 0.607372 0.608974 0.612179 0.615385 0.616987 0.621795 0.616987 0.626603 0.612179 0.628205 0.607372
0 0.671474 0.623397 0.665064 0.621795 0.658654 0.621795 0.653846 0.623397 0.652244 0.629808 0.653846 0.634615 0.657051 0.639423 0.666667 0.639423 0.671474 0.634615 0.673077 0.629808
0 0.754808 0.586538 0.748397 0.584936 0.743590 0.584936 0.738782 0.586538 0.737179 0.592949 0.738782 0.597756 0.740385 0.604167 0.750000 0.602564 0.754808 0.597756 0.756410 0.592949
0 0.772436 0.519231 0.766026 0.517628 0.759615 0.517628 0.754808 0.520833 0.753205 0.527244 0.754808 0.530449 0.758013 0.535256 0.767628 0.535256 0.772436 0.530449 0.774038 0.525641
0 0.766026 0.471154 0.759615 0.467949 0.753205 0.471154 0.750000 0.471154 0.748397 0.477564 0.750000 0.482372 0.753205 0.487179 0.761218 0.487179 0.766026 0.482372 0.767628 0.475962
0 0.568910 0.538462 0.562500 0.536859 0.556090 0.536859 0.551282 0.541667 0.549679 0.544872 0.551282 0.551282 0.556090 0.554487 0.564103 0.554487 0.568910 0.551282 0.570513 0.544872
0 0.530449 0.716346 0.525641 0.713141 0.517628 0.714744 0.514423 0.716346 0.511218 0.722756 0.512821 0.727564 0.517628 0.732372 0.525641 0.732372 0.530449 0.727564 0.532051 0.721154
0 0.501603 0.745192 0.498397 0.741987 0.491987 0.741987 0.487179 0.745192 0.483974 0.751603 0.483974 0.756410 0.490385 0.759615 0.498397 0.761218 0.501603 0.756410 0.504808 0.750000
0 0.391026 0.661859 0.384615 0.658654 0.378205 0.660256 0.373397 0.661859 0.371795 0.668269 0.373397 0.673077 0.378205 0.677885 0.386218 0.677885 0.391026 0.673077 0.392628 0.666667
0 0.370192 0.684295 0.365385 0.681090 0.358974 0.681090 0.354167 0.684295 0.350962 0.690705 0.352564 0.695513 0.357372 0.700321 0.366987 0.700321 0.371795 0.695513 0.373397 0.689103
0 0.352564 0.730769 0.346154 0.729167 0.339744 0.729167 0.334936 0.732372 0.333333 0.737179 0.334936 0.743590 0.339744 0.746795 0.347756 0.746795 0.352564 0.743590 0.354167 0.737179
0 0.445513 0.753205 0.439103 0.751603 0.434295 0.750000 0.429487 0.753205 0.426282 0.758013 0.429487 0.764423 0.432692 0.767628 0.442308 0.767628 0.447115 0.764423 0.448718 0.758013
0 0.403846 0.806090 0.399038 0.802885 0.392628 0.802885 0.386218 0.806090 0.384615 0.809295 0.386218 0.815705 0.391026 0.820513 0.400641 0.820513 0.405449 0.815705 0.405449 0.809295
0 0.342949 0.799679 0.338141 0.796474 0.330128 0.798077 0.326923 0.799679 0.323718 0.806090 0.325321 0.810897 0.330128 0.815705 0.339744 0.815705 0.344551 0.810897 0.344551 0.804487
0 0.378205 0.802885 0.373397 0.799679 0.366987 0.801282 0.360577 0.802885 0.360577 0.807692 0.362179 0.812500 0.366987 0.817308 0.375000 0.817308 0.379808 0.812500 0.381410 0.806090
0 0.310897 0.844551 0.306090 0.841346 0.299679 0.842949 0.296474 0.844551 0.293269 0.850962 0.294872 0.855769 0.298077 0.860577 0.307692 0.860577 0.310897 0.855769 0.312500 0.849359
0 0.181090 0.625000 0.173077 0.623397 0.166667 0.625000 0.163462 0.623397 0.161859 0.629808 0.163462 0.634615 0.166667 0.639423 0.176282 0.639423 0.181090 0.634615 0.182692 0.631410
0 0.280449 0.519231 0.275641 0.516026 0.269231 0.517628 0.264423 0.519231 0.261218 0.525641 0.262821 0.530449 0.267628 0.535256 0.277244 0.535256 0.282051 0.530449 0.283654 0.524038
0 0.145833 0.479167 0.141026 0.475962 0.134615 0.475962 0.131410 0.479167 0.128205 0.485577 0.129808 0.490385 0.134615 0.495192 0.141026 0.495192 0.145833 0.490385 0.147436 0.483974
0 0.391026 0.411859 0.386218 0.408654 0.378205 0.410256 0.375000 0.411859 0.371795 0.418269 0.373397 0.423077 0.378205 0.427885 0.386218 0.427885 0.392628 0.423077 0.392628 0.416667
0 0.301282 0.500000 0.294872 0.500000 0.288462 0.500000 0.285256 0.500000 0.282051 0.506410 0.283654 0.511218 0.288462 0.516026 0.298077 0.516026 0.302885 0.511218 0.304487 0.506410
0 0.330128 0.394231 0.325321 0.391026 0.318910 0.392628 0.314103 0.395833 0.310897 0.400641 0.312500 0.405449 0.317308 0.410256 0.326923 0.410256 0.331731 0.405449 0.331731 0.399038
0 0.459936 0.456731 0.455128 0.453526 0.448718 0.455128 0.443910 0.456731 0.440705 0.463141 0.442308 0.467949 0.447115 0.472756 0.456731 0.472756 0.461538 0.467949 0.461538 0.461538
0 0.431090 0.474359 0.424679 0.471154 0.418269 0.472756 0.413462 0.474359 0.411859 0.480769 0.413462 0.485577 0.416667 0.490385 0.426282 0.490385 0.431090 0.485577 0.432692 0.479167
0 0.554487 0.464744 0.548077 0.461538 0.541667 0.461538 0.535256 0.466346 0.535256 0.471154 0.536859 0.475962 0.541667 0.480769 0.549679 0.480769 0.554487 0.475962 0.556090 0.469551
0 0.429487 0.309295 0.423077 0.307692 0.416667 0.307692 0.411859 0.309295 0.410256 0.315705 0.411859 0.320513 0.415064 0.325321 0.424679 0.325321 0.429487 0.320513 0.431090 0.315705
0 0.604167 0.362179 0.597756 0.358974 0.591346 0.360577 0.586538 0.362179 0.584936 0.368590 0.586538 0.373397 0.589744 0.378205 0.599359 0.378205 0.604167 0.373397 0.605769 0.366987
0 0.544872 0.326923 0.538462 0.325321 0.532051 0.325321 0.527244 0.328526 0.525641 0.333333 0.527244 0.339744 0.530449 0.342949 0.540064 0.342949 0.544872 0.339744 0.546474 0.333333
0 0.520833 0.365385 0.516026 0.362179 0.508013 0.362179 0.504808 0.365385 0.501603 0.370192 0.503205 0.376603 0.508013 0.381410 0.516026 0.381410 0.520833 0.376603 0.522436 0.370192
0 0.490385 0.275641 0.483974 0.272436 0.477564 0.272436 0.472756 0.275641 0.471154 0.280449 0.472756 0.286859 0.475962 0.291667 0.485577 0.290064 0.490385 0.286859 0.491987 0.280449
0 0.400641 0.509615 0.394231 0.506410 0.387821 0.508013 0.383013 0.509615 0.381410 0.516026 0.383013 0.520833 0.387821 0.525641 0.395833 0.525641 0.400641 0.520833 0.402244 0.516026
0 0.552885 0.437500 0.548077 0.435897 0.541667 0.435897 0.536859 0.437500 0.533654 0.443910 0.535256 0.448718 0.540064 0.453526 0.549679 0.453526 0.554487 0.448718 0.554487 0.443910
0 0.461538 0.514423 0.456731 0.511218 0.448718 0.511218 0.445513 0.514423 0.442308 0.520833 0.443910 0.525641 0.448718 0.530449 0.456731 0.530449 0.461538 0.525641 0.463141 0.519231
0 0.552885 0.391026 0.546474 0.387821 0.540064 0.387821 0.535256 0.391026 0.532051 0.395833 0.533654 0.402244 0.538462 0.407051 0.548077 0.405449 0.552885 0.402244 0.554487 0.395833
0 0.400641 0.431090 0.395833 0.427885 0.387821 0.427885 0.384615 0.431090 0.381410 0.435897 0.383013 0.442308 0.387821 0.447115 0.397436 0.445513 0.402244 0.442308 0.402244 0.435897
0 0.350962 0.519231 0.344551 0.516026 0.338141 0.516026 0.333333 0.519231 0.331731 0.525641 0.333333 0.530449 0.336538 0.535256 0.346154 0.535256 0.350962 0.530449 0.352564 0.524038
0 0.116987 0.512821 0.112179 0.509615 0.104167 0.509615 0.102564 0.512821 0.099359 0.517628 0.100962 0.524038 0.104167 0.528846 0.112179 0.528846 0.118590 0.524038 0.118590 0.517628
0 0.230769 0.660256 0.224359 0.657051 0.217949 0.657051 0.214744 0.660256 0.211538 0.665064 0.213141 0.669872 0.216346 0.674679 0.225962 0.674679 0.230769 0.669872 0.230769 0.665064
0 0.753205 0.447115 0.748397 0.445513 0.741987 0.445513 0.737179 0.447115 0.735577 0.453526 0.737179 0.458333 0.741987 0.463141 0.750000 0.463141 0.753205 0.459936 0.754808 0.453526
0 0.673077 0.495192 0.668269 0.491987 0.660256 0.493590 0.655449 0.495192 0.653846 0.500000 0.655449 0.504808 0.660256 0.509615 0.668269 0.509615 0.673077 0.504808 0.674679 0.500000
0 0.698718 0.554487 0.693910 0.551282 0.687500 0.551282 0.682692 0.554487 0.679487 0.560897 0.681090 0.565705 0.685897 0.570513 0.695513 0.570513 0.700321 0.565705 0.700321 0.559295
0 0.711538 0.453526 0.705128 0.450321 0.698718 0.450321 0.693910 0.453526 0.690705 0.459936 0.692308 0.464744 0.697115 0.469551 0.706731 0.469551 0.711538 0.464744 0.713141 0.458333
0 0.713141 0.426282 0.706731 0.423077 0.700321 0.424679 0.693910 0.427885 0.693910 0.432692 0.695513 0.437500 0.698718 0.442308 0.708333 0.442308 0.713141 0.437500 0.714744 0.431090
0 0.700321 0.408654 0.695513 0.405449 0.687500 0.405449 0.684295 0.410256 0.681090 0.415064 0.682692 0.419872 0.687500 0.424679 0.695513 0.424679 0.701923 0.419872 0.701923 0.413462
0 0.761218 0.331731 0.756410 0.331731 0.751603 0.333333 0.750000 0.339744 0.751603 0.344551 0.754808 0.349359 0.761218 0.349359 0.764423 0.346154 0.767628 0.339744 0.759615 0.291667
0 0.756410 0.286859 0.750000 0.290064 0.745192 0.290064 0.741987 0.296474 0.743590 0.301282 0.748397 0.306090 0.753205 0.306090 0.758013 0.302885 0.759615 0.296474 0.750000 0.275641
0 0.745192 0.272436 0.738782 0.270833 0.735577 0.274038 0.732372 0.278846 0.733974 0.285256 0.738782 0.288462 0.743590 0.290064 0.748397 0.286859 0.750000 0.280449 0.655449 0.301282
0 0.650641 0.298077 0.645833 0.296474 0.641026 0.299679 0.637821 0.304487 0.639423 0.310897 0.644231 0.314103 0.649038 0.315705 0.653846 0.312500 0.655449 0.306090 0.697115 0.274038
0 0.687500 0.269231 0.684295 0.272436 0.681090 0.278846 0.682692 0.283654 0.687500 0.288462 0.692308 0.288462 0.695513 0.285256 0.697115 0.278846 0.661859 0.235577 0.658654 0.230769
0 0.650641 0.230769 0.645833 0.233974 0.644231 0.240385 0.645833 0.245192 0.650641 0.250000 0.655449 0.250000 0.660256 0.246795 0.661859 0.240385 0.783654 0.155449 0.778846 0.150641
0 0.772436 0.152244 0.767628 0.153846 0.766026 0.160256 0.767628 0.165064 0.769231 0.169872 0.777244 0.169872 0.780449 0.166667 0.783654 0.160256 0.878205 0.206731 0.875000 0.201923
0 0.868590 0.201923 0.863782 0.205128 0.860577 0.211538 0.862179 0.216346 0.866987 0.219551 0.873397 0.219551 0.876603 0.216346 0.878205 0.211538 0.703526 0.217949 0.700321 0.213141
0 0.692308 0.214744 0.689103 0.216346 0.685897 0.221154 0.687500 0.225962 0.692308 0.229167 0.697115 0.229167 0.701923 0.225962 0.703526 0.222756 0.876603 0.266026 0.873397 0.259615
0 0.866987 0.261218 0.862179 0.261218 0.860577 0.267628 0.862179 0.272436 0.866987 0.275641 0.871795 0.275641 0.876603 0.272436 0.876603 0.269231 0.897436 0.320513 0.894231 0.317308
0 0.887821 0.315705 0.884615 0.318910 0.879808 0.325321 0.883013 0.328526 0.887821 0.330128 0.891026 0.333333 0.897436 0.330128 0.897436 0.326923 0.951923 0.293269 0.948718 0.290064
0 0.942308 0.290064 0.937500 0.291667 0.935897 0.298077 0.937500 0.302885 0.942308 0.306090 0.947115 0.306090 0.950321 0.302885 0.951923 0.299679 0.935897 0.338141 0.932692 0.333333
0 0.926282 0.334936 0.923077 0.336538 0.921474 0.342949 0.923077 0.347756 0.927885 0.350962 0.931090 0.350962 0.935897 0.347756 0.937500 0.342949 0.971154 0.326923 0.966346 0.322115
0 0.959936 0.323718 0.956731 0.323718 0.955128 0.330128 0.956731 0.334936 0.961538 0.338141 0.966346 0.338141 0.969551 0.334936 0.971154 0.330128 0.902244 0.394231 0.899038 0.389423
0 0.892628 0.389423 0.887821 0.392628 0.886218 0.400641 0.887821 0.403846 0.892628 0.405449 0.897436 0.407051 0.902244 0.403846 0.903846 0.399038 0.937500 0.514423 0.932692 0.509615
0 0.926282 0.509615 0.921474 0.514423 0.921474 0.517628 0.921474 0.525641 0.926282 0.525641 0.931090 0.525641 0.935897 0.522436 0.937500 0.519231 0.834936 0.524038 0.830128 0.519231
0 0.823718 0.519231 0.818910 0.522436 0.817308 0.530449 0.818910 0.533654 0.823718 0.535256 0.828526 0.536859 0.833333 0.533654 0.834936 0.528846 0.801282 0.568910 0.794872 0.565705
0 0.790064 0.564103 0.785256 0.567308 0.783654 0.572115 0.785256 0.578526 0.790064 0.580128 0.794872 0.581731 0.799679 0.578526 0.801282 0.573718 0.852564 0.580128 0.849359 0.575321
0 0.842949 0.576923 0.838141 0.578526 0.834936 0.584936 0.836538 0.589744 0.841346 0.592949 0.847756 0.592949 0.850962 0.589744 0.852564 0.584936 0.769231 0.612179 0.766026 0.607372
0 0.759615 0.607372 0.754808 0.610577 0.753205 0.615385 0.754808 0.621795 0.759615 0.623397 0.764423 0.625000 0.769231 0.621795 0.770833 0.616987 0.722756 0.631410 0.719551 0.626603
0 0.713141 0.626603 0.708333 0.629808 0.706731 0.634615 0.708333 0.641026 0.713141 0.642628 0.717949 0.644231 0.722756 0.639423 0.724359 0.636218 0.701923 0.650641 0.698718 0.645833
0 0.692308 0.645833 0.687500 0.649038 0.684295 0.655449 0.685897 0.660256 0.690705 0.661859 0.695513 0.663462 0.700321 0.658654 0.701923 0.655449 0.746795 0.653846 0.743590 0.649038
0 0.735577 0.649038 0.732372 0.652244 0.729167 0.657051 0.730769 0.661859 0.735577 0.665064 0.740385 0.665064 0.745192 0.661859 0.746795 0.658654 0.782051 0.628205 0.778846 0.623397
0 0.772436 0.623397 0.767628 0.626603 0.764423 0.631410 0.766026 0.637821 0.770833 0.639423 0.775641 0.641026 0.780449 0.637821 0.782051 0.633013 0.689103 0.666667 0.685897 0.661859
0 0.677885 0.661859 0.674679 0.665064 0.671474 0.671474 0.673077 0.676282 0.677885 0.679487 0.682692 0.679487 0.687500 0.676282 0.689103 0.671474 0.608974 0.620192 0.605769 0.616987
0 0.597756 0.618590 0.596154 0.618590 0.594551 0.623397 0.596154 0.628205 0.599359 0.629808 0.604167 0.631410 0.607372 0.629808 0.608974 0.625000 0.584936 0.621795 0.581731 0.616987
0 0.575321 0.618590 0.570513 0.621795 0.568910 0.626603 0.570513 0.631410 0.573718 0.634615 0.580128 0.634615 0.583333 0.631410 0.584936 0.628205 0.552885 0.639423 0.548077 0.634615
0 0.541667 0.636218 0.536859 0.639423 0.535256 0.644231 0.538462 0.649038 0.541667 0.652244 0.546474 0.652244 0.551282 0.649038 0.552885 0.645833 0.581731 0.564103 0.576923 0.560897
0 0.570513 0.560897 0.567308 0.564103 0.564103 0.568910 0.567308 0.573718 0.575321 0.576923 0.580128 0.573718 0.581731 0.570513 0.573718 0.581731 0.570513 0.576923 0.562500 0.576923
0 0.559295 0.580128 0.557692 0.584936 0.559295 0.589744 0.562500 0.592949 0.567308 0.592949 0.572115 0.589744 0.573718 0.586538 0.493590 0.663462 0.488782 0.658654 0.482372 0.658654
0 0.479167 0.661859 0.477564 0.666667 0.479167 0.673077 0.482372 0.674679 0.487179 0.676282 0.491987 0.673077 0.493590 0.668269 0.517628 0.674679 0.514423 0.669872 0.508013 0.669872
0 0.503205 0.673077 0.501603 0.679487 0.504808 0.684295 0.508013 0.687500 0.512821 0.687500 0.517628 0.684295 0.517628 0.679487 0.440705 0.722756 0.437500 0.717949 0.429487 0.719551
0 0.426282 0.722756 0.424679 0.727564 0.426282 0.732372 0.429487 0.735577 0.434295 0.735577 0.439103 0.732372 0.440705 0.727564 0.479167 0.641026 0.475962 0.636218 0.469551 0.637821
0 0.464744 0.639423 0.463141 0.645833 0.464744 0.650641 0.467949 0.653846 0.474359 0.653846 0.477564 0.650641 0.479167 0.645833 0.498397 0.636218 0.496795 0.629808 0.488782 0.629808
0 0.485577 0.633013 0.483974 0.637821 0.485577 0.644231 0.488782 0.645833 0.493590 0.647436 0.498397 0.644231 0.498397 0.641026 0.495192 0.717949 0.491987 0.713141 0.485577 0.713141
0 0.480769 0.716346 0.479167 0.721154 0.482372 0.727564 0.483974 0.729167 0.490385 0.730769 0.493590 0.727564 0.495192 0.722756 0.379808 0.758013 0.375000 0.754808 0.368590 0.754808
0 0.365385 0.758013 0.362179 0.762821 0.365385 0.767628 0.368590 0.770833 0.373397 0.770833 0.378205 0.767628 0.379808 0.764423 0.347756 0.682692 0.344551 0.677885 0.336538 0.677885
0 0.334936 0.682692 0.330128 0.687500 0.333333 0.692308 0.336538 0.693910 0.341346 0.695513 0.346154 0.690705 0.347756 0.687500 0.290064 0.631410 0.286859 0.626603 0.278846 0.628205
0 0.275641 0.629808 0.274038 0.636218 0.275641 0.641026 0.278846 0.644231 0.283654 0.644231 0.288462 0.641026 0.290064 0.636218 0.142628 0.557692 0.139423 0.552885 0.133013 0.552885
0 0.129808 0.556090 0.128205 0.562500 0.129808 0.567308 0.133013 0.568910 0.137821 0.570513 0.141026 0.568910 0.142628 0.562500 0.160256 0.605769 0.157051 0.600962 0.150641 0.602564
0 0.147436 0.607372 0.145833 0.610577 0.147436 0.615385 0.150641 0.616987 0.153846 0.618590 0.160256 0.615385 0.160256 0.610577 0.179487 0.608974 0.176282 0.604167 0.169872 0.604167
0 0.165064 0.607372 0.163462 0.612179 0.165064 0.616987 0.168269 0.620192 0.174679 0.620192 0.177885 0.616987 0.179487 0.613782 0.147436 0.592949 0.144231 0.591346 0.141026 0.589744
0 0.136218 0.591346 0.134615 0.596154 0.136218 0.600962 0.139423 0.604167 0.145833 0.604167 0.147436 0.600962 0.149038 0.597756 0.221154 0.556090 0.216346 0.552885 0.211538 0.552885
0 0.206731 0.556090 0.205128 0.560897 0.208333 0.565705 0.211538 0.568910 0.216346 0.568910 0.221154 0.565705 0.221154 0.560897 0.110577 0.474359 0.107372 0.471154 0.100962 0.471154
0 0.097756 0.474359 0.096154 0.479167 0.097756 0.483974 0.100962 0.487179 0.104167 0.487179 0.107372 0.485577 0.108974 0.482372 0.346154 0.365385 0.342949 0.362179 0.338141 0.362179
0 0.333333 0.363782 0.331731 0.368590 0.333333 0.373397 0.336538 0.376603 0.341346 0.376603 0.346154 0.373397 0.347756 0.370192 0.386218 0.373397 0.381410 0.368590 0.376603 0.368590
0 0.371795 0.370192 0.371795 0.376603 0.373397 0.381410 0.376603 0.384615 0.381410 0.384615 0.386218 0.381410 0.387821 0.376603 0.434295 0.344551 0.429487 0.341346 0.424679 0.341346
0 0.419872 0.342949 0.418269 0.347756 0.421474 0.352564 0.424679 0.355769 0.429487 0.355769 0.434295 0.352564 0.435897 0.349359 0.466346 0.350962 0.461538 0.346154 0.456731 0.346154
0 0.453526 0.349359 0.450321 0.354167 0.453526 0.358974 0.456731 0.362179 0.461538 0.362179 0.466346 0.358974 0.467949 0.354167 0.439103 0.399038 0.435897 0.394231 0.431090 0.394231
0 0.426282 0.395833 0.424679 0.402244 0.426282 0.407051 0.429487 0.410256 0.434295 0.410256 0.439103 0.407051 0.440705 0.402244 0.437500 0.376603 0.434295 0.373397 0.429487 0.371795
0 0.424679 0.375000 0.423077 0.379808 0.424679 0.384615 0.427885 0.387821 0.432692 0.387821 0.437500 0.384615 0.439103 0.381410 0.490385 0.342949 0.487179 0.339744 0.482372 0.339744
0 0.477564 0.341346 0.475962 0.346154 0.479167 0.352564 0.480769 0.354167 0.485577 0.355769 0.490385 0.352564 0.491987 0.347756 0.336538 0.500000 0.334936 0.496795 0.330128 0.496795
0 0.322115 0.500000 0.323718 0.501603 0.326923 0.506410 0.328526 0.509615 0.333333 0.509615 0.338141 0.506410 0.339744 0.503205 0.405449 0.543269 0.402244 0.538462 0.397436 0.538462
0 0.392628 0.543269 0.391026 0.544872 0.394231 0.551282 0.397436 0.552885 0.402244 0.554487 0.405449 0.552885 0.407051 0.548077 0.285256 0.575321 0.283654 0.572115 0.278846 0.570513
0 0.274038 0.572115 0.274038 0.576923 0.277244 0.581731 0.278846 0.583333 0.282051 0.583333 0.285256 0.583333 0.286859 0.578526 0.293269 0.557692 0.291667 0.554487 0.286859 0.552885
0 0.283654 0.556090 0.282051 0.560897 0.285256 0.565705 0.286859 0.567308 0.290064 0.567308 0.293269 0.565705 0.294872 0.560897 0.312500 0.533654 0.309295 0.532051 0.306090 0.530449
0 0.301282 0.532051 0.299679 0.538462 0.302885 0.541667 0.306090 0.543269 0.309295 0.544872 0.312500 0.541667 0.314103 0.538462 0.326923 0.487179 0.325321 0.483974 0.322115 0.482372
0 0.317308 0.483974 0.315705 0.490385 0.318910 0.495192 0.320513 0.495192 0.323718 0.498397 0.326923 0.495192 0.328526 0.490385 0.391026 0.532051 0.389423 0.528846 0.384615 0.527244
0 0.379808 0.530449 0.379808 0.535256 0.383013 0.540064 0.384615 0.541667 0.387821 0.541667 0.391026 0.540064 0.392628 0.535256 0.407051 0.500000 0.405449 0.496795 0.399038 0.495192
0 0.395833 0.495192 0.392628 0.500000 0.397436 0.503205 0.400641 0.504808 0.403846 0.504808 0.407051 0.504808 0.408654 0.500000 0.419872 0.536859 0.416667 0.533654 0.413462 0.533654
0 0.408654 0.535256 0.407051 0.540064 0.410256 0.544872 0.413462 0.546474 0.416667 0.546474 0.419872 0.544872 0.421474 0.540064 0.339744 0.451923 0.336538 0.448718 0.333333 0.447115
0 0.328526 0.450321 0.326923 0.455128 0.330128 0.459936 0.331731 0.461538 0.336538 0.461538 0.339744 0.458333 0.341346 0.455128 0.272436 0.435897 0.270833 0.432692 0.266026 0.431090
0 0.261218 0.434295 0.261218 0.439103 0.264423 0.443910 0.266026 0.445513 0.269231 0.445513 0.272436 0.443910 0.274038 0.439103 0.221154 0.459936 0.217949 0.456731 0.214744 0.455128
0 0.209936 0.458333 0.208333 0.463141 0.211538 0.467949 0.213141 0.469551 0.216346 0.471154 0.219551 0.467949 0.221154 0.463141 0.233974 0.419872 0.232372 0.416667 0.229167 0.415064
0 0.224359 0.416667 0.222756 0.423077 0.225962 0.427885 0.227564 0.427885 0.230769 0.431090 0.233974 0.427885 0.235577 0.423077 0.197115 0.514423 0.193910 0.514423 0.192308 0.514423
0 0.189103 0.516026 0.187500 0.519231 0.187500 0.522436 0.189103 0.525641 0.190705 0.527244 0.193910 0.528846 0.197115 0.527244 0.200321 0.524038 0.201923 0.520833 0.200321 0.516026
0 0.225962 0.538462 0.222756 0.536859 0.221154 0.538462 0.217949 0.540064 0.216346 0.541667 0.216346 0.546474 0.217949 0.549679 0.219551 0.551282 0.222756 0.551282 0.227564 0.549679 0.229167 0.546474 0.230769 0.543269 0.229167 0.540064
0 0.250000 0.532051 0.246795 0.533654 0.245192 0.535256 0.241987 0.533654 0.240385 0.536859 0.240385 0.540064 0.241987 0.543269 0.243590 0.544872 0.246795 0.548077 0.248397 0.544872 0.251603 0.541667 0.253205 0.538462 0.253205 0.533654
0 0.256410 0.471154 0.251603 0.471154 0.250000 0.471154 0.246795 0.472756 0.245192 0.474359 0.245192 0.479167 0.246795 0.482372 0.248397 0.483974 0.251603 0.485577 0.254808 0.483974 0.258013 0.480769 0.259615 0.477564 0.258013 0.472756
0 0.277244 0.479167 0.274038 0.479167 0.270833 0.479167 0.267628 0.480769 0.267628 0.482372 0.267628 0.487179 0.269231 0.490385 0.270833 0.491987 0.274038 0.493590 0.277244 0.491987 0.280449 0.488782 0.282051 0.485577 0.280449 0.480769
0 0.272436 0.461538 0.269231 0.459936 0.266026 0.461538 0.262821 0.463141 0.261218 0.464744 0.261218 0.469551 0.262821 0.472756 0.264423 0.474359 0.269231 0.474359 0.270833 0.474359 0.272436 0.472756 0.274038 0.467949 0.275641 0.463141
0 0.163462 0.474359 0.160256 0.472756 0.157051 0.474359 0.153846 0.475962 0.153846 0.477564 0.152244 0.482372 0.153846 0.485577 0.155449 0.487179 0.160256 0.487179 0.163462 0.487179 0.163462 0.485577 0.165064 0.480769 0.166667 0.475962
0 0.306090 0.453526 0.302885 0.451923 0.299679 0.453526 0.296474 0.455128 0.294872 0.456731 0.294872 0.461538 0.296474 0.464744 0.298077 0.466346 0.302885 0.466346 0.304487 0.466346 0.306090 0.464744 0.307692 0.459936 0.309295 0.455128
0 0.310897 0.381410 0.307692 0.381410 0.304487 0.381410 0.301282 0.383013 0.301282 0.386218 0.299679 0.389423 0.301282 0.392628 0.302885 0.394231 0.307692 0.395833 0.309295 0.395833 0.312500 0.392628 0.314103 0.387821 0.341346 0.383013
0 0.338141 0.383013 0.336538 0.383013 0.333333 0.384615 0.331731 0.386218 0.331731 0.391026 0.333333 0.394231 0.334936 0.395833 0.338141 0.397436 0.341346 0.395833 0.344551 0.392628 0.346154 0.389423 0.344551 0.384615 0.434295 0.413462
0 0.431090 0.411859 0.429487 0.413462 0.426282 0.415064 0.424679 0.416667 0.424679 0.421474 0.426282 0.424679 0.427885 0.426282 0.431090 0.426282 0.435897 0.424679 0.437500 0.421474 0.439103 0.418269 0.437500 0.415064 0.405449 0.360577
0 0.402244 0.360577 0.400641 0.362179 0.394231 0.363782 0.394231 0.365385 0.394231 0.368590 0.395833 0.371795 0.397436 0.373397 0.400641 0.375000 0.405449 0.373397 0.405449 0.371795 0.407051 0.368590 0.408654 0.363782 0.475962 0.317308
0 0.472756 0.317308 0.469551 0.317308 0.466346 0.318910 0.464744 0.320513 0.464744 0.325321 0.466346 0.328526 0.467949 0.330128 0.472756 0.330128 0.475962 0.328526 0.479167 0.326923 0.477564 0.323718 0.479167 0.318910 0.450321 0.334936
0 0.447115 0.334936 0.443910 0.334936 0.440705 0.336538 0.439103 0.339744 0.439103 0.342949 0.440705 0.346154 0.442308 0.347756 0.447115 0.349359 0.448718 0.349359 0.450321 0.347756 0.451923 0.342949 0.453526 0.338141 0.487179 0.299679
0 0.483974 0.298077 0.480769 0.299679 0.477564 0.301282 0.477564 0.302885 0.475962 0.307692 0.477564 0.310897 0.479167 0.312500 0.483974 0.312500 0.487179 0.312500 0.490385 0.309295 0.491987 0.304487 0.490385 0.301282 0.503205 0.347756
0 0.500000 0.349359 0.498397 0.347756 0.495192 0.349359 0.493590 0.350962 0.493590 0.355769 0.495192 0.358974 0.496795 0.360577 0.498397 0.363782 0.501603 0.360577 0.504808 0.357372 0.506410 0.354167 0.504808 0.349359 0.503205 0.309295
0 0.500000 0.307692 0.498397 0.310897 0.496795 0.310897 0.495192 0.312500 0.495192 0.317308 0.496795 0.320513 0.498397 0.322115 0.500000 0.322115 0.504808 0.320513 0.506410 0.317308 0.508013 0.314103 0.506410 0.310897 0.503205 0.283654
0 0.500000 0.283654 0.498397 0.285256 0.496795 0.285256 0.495192 0.286859 0.495192 0.291667 0.496795 0.294872 0.498397 0.296474 0.500000 0.298077 0.503205 0.296474 0.506410 0.293269 0.508013 0.290064 0.506410 0.285256 0.535256 0.293269
0 0.532051 0.293269 0.528846 0.293269 0.525641 0.294872 0.525641 0.296474 0.525641 0.301282 0.527244 0.304487 0.528846 0.306090 0.532051 0.307692 0.535256 0.306090 0.538462 0.302885 0.540064 0.299679 0.538462 0.294872 0.525641 0.310897
0 0.520833 0.310897 0.519231 0.312500 0.516026 0.314103 0.514423 0.315705 0.514423 0.318910 0.516026 0.322115 0.517628 0.325321 0.520833 0.325321 0.525641 0.323718 0.527244 0.320513 0.528846 0.317308 0.527244 0.314103 0.516026 0.330128
0 0.512821 0.328526 0.511218 0.330128 0.508013 0.331731 0.506410 0.333333 0.506410 0.338141 0.508013 0.341346 0.509615 0.342949 0.512821 0.342949 0.517628 0.341346 0.519231 0.338141 0.520833 0.334936 0.519231 0.331731 0.586538 0.267628
0 0.584936 0.269231 0.578526 0.269231 0.576923 0.269231 0.576923 0.270833 0.576923 0.275641 0.578526 0.278846 0.580128 0.280449 0.583333 0.280449 0.586538 0.280449 0.589744 0.277244 0.591346 0.272436 0.589744 0.269231 0.586538 0.254808
0 0.584936 0.254808 0.581731 0.254808 0.578526 0.256410 0.576923 0.258013 0.576923 0.261218 0.578526 0.264423 0.580128 0.266026 0.583333 0.266026 0.586538 0.266026 0.586538 0.264423 0.586538 0.262821 0.588141 0.258013 0.570513 0.270833
0 0.568910 0.270833 0.565705 0.270833 0.564103 0.272436 0.562500 0.274038 0.560897 0.277244 0.562500 0.280449 0.564103 0.282051 0.567308 0.283654 0.570513 0.282051 0.573718 0.278846 0.575321 0.275641 0.573718 0.272436 0.612179 0.241987
0 0.608974 0.240385 0.605769 0.241987 0.602564 0.243590 0.600962 0.245192 0.600962 0.250000 0.602564 0.253205 0.604167 0.254808 0.608974 0.254808 0.612179 0.254808 0.615385 0.251603 0.613782 0.248397 0.615385 0.243590 0.652244 0.280449
0 0.649038 0.280449 0.645833 0.280449 0.642628 0.282051 0.642628 0.285256 0.641026 0.288462 0.642628 0.291667 0.644231 0.293269 0.649038 0.294872 0.650641 0.294872 0.653846 0.291667 0.655449 0.286859 0.655449 0.282051 0.625000 0.291667
0 0.621795 0.291667 0.620192 0.291667 0.616987 0.293269 0.615385 0.294872 0.613782 0.298077 0.615385 0.301282 0.616987 0.302885 0.621795 0.302885 0.623397 0.302885 0.626603 0.299679 0.628205 0.296474 0.626603 0.293269 0.666667 0.259615
0 0.663462 0.259615 0.660256 0.259615 0.657051 0.261218 0.657051 0.262821 0.657051 0.267628 0.658654 0.270833 0.660256 0.272436 0.663462 0.274038 0.666667 0.272436 0.669872 0.269231 0.671474 0.266026 0.669872 0.261218 0.671474 0.221154
0 0.666667 0.221154 0.665064 0.222756 0.661859 0.224359 0.660256 0.227564 0.661859 0.229167 0.663462 0.232372 0.665064 0.235577 0.666667 0.237179 0.671474 0.233974 0.673077 0.230769 0.674679 0.227564 0.673077 0.224359 0.711538 0.187500
0 0.708333 0.187500 0.705128 0.187500 0.701923 0.190705 0.701923 0.192308 0.701923 0.195513 0.703526 0.198718 0.705128 0.200321 0.708333 0.201923 0.713141 0.200321 0.714744 0.197115 0.716346 0.193910 0.714744 0.190705 0.709936 0.237179
0 0.705128 0.232372 0.698718 0.233974 0.693910 0.235577 0.692308 0.241987 0.693910 0.246795 0.698718 0.251603 0.703526 0.251603 0.708333 0.248397 0.709936 0.241987 0.727564 0.205128 0.722756 0.201923 0.717949 0.201923 0.713141 0.203526
0 0.711538 0.209936 0.713141 0.214744 0.716346 0.219551 0.722756 0.219551 0.727564 0.216346 0.729167 0.211538 0.775641 0.185897 0.772436 0.181090 0.764423 0.182692 0.762821 0.184295
0 0.759615 0.189103 0.761218 0.195513 0.766026 0.200321 0.770833 0.198718 0.774038 0.198718 0.777244 0.190705 0.756410 0.219551 0.751603 0.214744 0.745192 0.216346 0.740385 0.217949
0 0.738782 0.224359 0.740385 0.230769 0.743590 0.233974 0.750000 0.233974 0.756410 0.225962 0.741987 0.193910 0.738782 0.189103 0.730769 0.189103 0.727564 0.190705 0.725962 0.195513
0 0.727564 0.200321 0.732372 0.205128 0.737179 0.205128 0.741987 0.201923 0.743590 0.197115 0.754808 0.166667 0.751603 0.160256 0.745192 0.160256 0.740385 0.163462 0.738782 0.168269
0 0.740385 0.174679 0.743590 0.179487 0.750000 0.177885 0.754808 0.176282 0.756410 0.169872 0.881410 0.166667 0.875000 0.163462 0.870192 0.161859 0.865385 0.165064 0.863782 0.169872
0 0.865385 0.176282 0.870192 0.181090 0.875000 0.179487 0.879808 0.177885 0.881410 0.171474 0.822115 0.258013 0.818910 0.253205 0.812500 0.254808 0.807692 0.256410 0.807692 0.262821
0 0.809295 0.267628 0.810897 0.274038 0.817308 0.272436 0.822115 0.269231 0.823718 0.264423 0.786859 0.262821 0.785256 0.256410 0.778846 0.258013 0.772436 0.259615 0.770833 0.264423
0 0.772436 0.269231 0.777244 0.274038 0.783654 0.274038 0.788462 0.270833 0.790064 0.267628 0.937500 0.245192 0.934295 0.240385 0.926282 0.240385 0.923077 0.243590 0.919872 0.250000
0 0.923077 0.256410 0.926282 0.256410 0.931090 0.258013 0.935897 0.253205 0.937500 0.250000 0.916667 0.298077 0.911859 0.294872 0.907051 0.293269 0.902244 0.296474 0.900641 0.302885
0 0.902244 0.307692 0.907051 0.310897 0.911859 0.310897 0.916667 0.307692 0.916667 0.302885 0.934295 0.280449 0.929487 0.277244 0.924679 0.275641 0.919872 0.278846 0.918269 0.283654
0 0.919872 0.290064 0.924679 0.291667 0.929487 0.293269 0.934295 0.290064 0.934295 0.285256 0.831731 0.333333 0.826923 0.328526 0.820513 0.328526 0.815705 0.331731 0.814103 0.336538
0 0.815705 0.342949 0.820513 0.344551 0.825321 0.344551 0.830128 0.341346 0.831731 0.338141 0.783654 0.326923 0.780449 0.323718 0.772436 0.323718 0.767628 0.325321 0.766026 0.331731
0 0.767628 0.334936 0.772436 0.338141 0.775641 0.339744 0.782051 0.336538 0.783654 0.333333 0.785256 0.411859 0.778846 0.410256 0.772436 0.410256 0.767628 0.413462 0.766026 0.418269
0 0.767628 0.424679 0.772436 0.427885 0.780449 0.427885 0.785256 0.424679 0.786859 0.418269 0.889423 0.421474 0.881410 0.419872 0.876603 0.418269 0.871795 0.421474 0.870192 0.426282
0 0.871795 0.432692 0.876603 0.437500 0.884615 0.437500 0.889423 0.432692 0.889423 0.427885 0.833333 0.394231 0.828526 0.391026 0.822115 0.392628 0.817308 0.394231 0.814103 0.400641
0 0.815705 0.405449 0.820513 0.410256 0.830128 0.410256 0.834936 0.405449 0.836538 0.399038 0.932692 0.383013 0.927885 0.379808 0.921474 0.381410 0.916667 0.383013 0.913462 0.389423
0 0.915064 0.394231 0.919872 0.399038 0.929487 0.399038 0.934295 0.394231 0.934295 0.387821 0.636218 0.201923 0.633013 0.198718 0.625000 0.197115 0.621795 0.200321 0.618590 0.206731
0 0.620192 0.211538 0.625000 0.216346 0.634615 0.216346 0.639423 0.211538 0.639423 0.205128 0.333333 0.830128 0.328526 0.828526 0.320513 0.828526 0.315705 0.830128 0.314103 0.834936
0 0.315705 0.839744 0.320513 0.844551 0.328526 0.844551 0.333333 0.839744 0.333333 0.836538 0.700321 0.604167 0.700321 0.596154 0.697115 0.591346 0.692308 0.588141 0.685897 0.589744
0 0.681090 0.591346 0.676282 0.596154 0.674679 0.600962 0.676282 0.605769 0.681090 0.610577 0.684295 0.613782 0.690705 0.612179 0.697115 0.608974 0.599359 0.548077 0.596154 0.535256
0 0.591346 0.532051 0.583333 0.533654 0.578526 0.535256 0.575321 0.540064 0.573718 0.546474 0.575321 0.551282 0.578526 0.556090 0.583333 0.557692 0.589744 0.556090 0.594551 0.554487 0.794872 0.467949 0.794872 0.459936 0.791667 0.453526
0 0.785256 0.451923 0.778846 0.451923 0.774038 0.455128 0.770833 0.459936 0.769231 0.464744 0.770833 0.469551 0.774038 0.474359 0.778846 0.477564 0.785256 0.475962 0.790064 0.472756 0.709936 0.366987 0.709936 0.358974 0.703526 0.355769
0 0.693910 0.354167 0.687500 0.357372 0.685897 0.363782 0.687500 0.368590 0.690705 0.373397 0.693910 0.376603 0.700321 0.375000 0.705128 0.371795 0.211538 0.480769 0.211538 0.472756 0.208333 0.467949 0.203526 0.464744 0.197115 0.466346
0 0.192308 0.467949 0.187500 0.472756 0.187500 0.477564 0.187500 0.482372 0.192308 0.487179 0.195513 0.490385 0.201923 0.488782 0.208333 0.485577 0.325321 0.429487 0.325321 0.423077 0.322115 0.418269
0 0.317308 0.415064 0.312500 0.415064 0.306090 0.416667 0.302885 0.421474 0.302885 0.426282 0.304487 0.432692 0.306090 0.435897 0.310897 0.437500 0.315705 0.437500 0.322115 0.434295 0.756410 0.426282 0.756410 0.419872 0.753205 0.413462
0 0.748397 0.410256 0.743590 0.411859 0.737179 0.413462 0.733974 0.418269 0.732372 0.424679 0.733974 0.429487 0.737179 0.434295 0.741987 0.435897 0.748397 0.435897 0.751603 0.432692 0.713141 0.391026 0.713141 0.384615 0.708333 0.378205
0 0.701923 0.376603 0.695513 0.378205 0.690705 0.383013 0.689103 0.387821 0.695513 0.399038 0.698718 0.400641 0.705128 0.399038 0.711538 0.395833 0.735577 0.254808 0.735577 0.248397 0.730769 0.243590 0.724359 0.241987 0.717949 0.243590
0 0.713141 0.248397 0.713141 0.253205 0.713141 0.258013 0.717949 0.262821 0.721154 0.264423 0.727564 0.264423 0.733974 0.261218 0.889423 0.450321 0.887821 0.445513 0.883013 0.443910 0.879808 0.443910 0.876603 0.445513
0 0.875000 0.448718 0.873397 0.451923 0.875000 0.456731 0.878205 0.458333 0.881410 0.459936 0.887821 0.456731 0.889423 0.453526 0.905449 0.413462 0.900641 0.410256 0.899038 0.408654 0.895833 0.407051 0.892628 0.408654
0 0.889423 0.411859 0.889423 0.415064 0.891026 0.419872 0.894231 0.423077 0.897436 0.423077 0.902244 0.421474 0.905449 0.418269 0.972756 0.378205 0.969551 0.376603 0.969551 0.371795 0.963141 0.373397 0.961538 0.373397
0 0.959936 0.376603 0.958333 0.379808 0.959936 0.383013 0.963141 0.386218 0.966346 0.386218 0.972756 0.384615 0.974359 0.381410 0.871795 0.386218 0.870192 0.383013 0.865385 0.379808 0.862179 0.381410 0.858974 0.383013
0 0.855769 0.384615 0.854167 0.387821 0.857372 0.391026 0.860577 0.394231 0.863782 0.394231 0.868590 0.394231 0.871795 0.391026 0.828526 0.456731 0.826923 0.453526 0.820513 0.451923 0.817308 0.453526 0.817308 0.455128
0 0.815705 0.455128 0.814103 0.458333 0.815705 0.463141 0.817308 0.467949 0.820513 0.466346 0.826923 0.464744 0.828526 0.461538 0.810897 0.450321 0.807692 0.445513 0.804487 0.443910 0.801282 0.445513 0.798077 0.447115
0 0.794872 0.448718 0.794872 0.451923 0.796474 0.456731 0.799679 0.459936 0.802885 0.459936 0.809295 0.458333 0.810897 0.455128 0.788462 0.395833 0.783654 0.389423 0.780449 0.389423 0.777244 0.391026 0.775641 0.394231
0 0.774038 0.397436 0.775641 0.400641 0.778846 0.403846 0.782051 0.405449 0.788462 0.402244 0.790064 0.399038 0.902244 0.533654 0.900641 0.528846 0.895833 0.527244 0.894231 0.527244 0.891026 0.528846 0.889423 0.532051
0 0.887821 0.535256 0.889423 0.540064 0.892628 0.543269 0.894231 0.543269 0.900641 0.540064 0.902244 0.536859 0.812500 0.584936 0.810897 0.581731 0.807692 0.578526 0.804487 0.580128 0.801282 0.581731 0.798077 0.584936
0 0.796474 0.588141 0.798077 0.591346 0.801282 0.594551 0.806090 0.594551 0.809295 0.592949 0.812500 0.589744 0.799679 0.618590 0.798077 0.613782 0.793269 0.612179 0.790064 0.613782 0.786859 0.615385 0.785256 0.616987
0 0.783654 0.620192 0.785256 0.625000 0.788462 0.628205 0.791667 0.628205 0.798077 0.626603 0.799679 0.623397 0.830128 0.575321 0.826923 0.570513 0.823718 0.568910 0.820513 0.568910 0.817308 0.570513 0.814103 0.573718
0 0.812500 0.576923 0.814103 0.581731 0.817308 0.584936 0.822115 0.584936 0.826923 0.583333 0.828526 0.580128 0.854167 0.416667 0.852564 0.413462 0.847756 0.410256 0.844551 0.411859 0.841346 0.413462 0.839744 0.415064
0 0.838141 0.418269 0.839744 0.423077 0.842949 0.426282 0.846154 0.426282 0.852564 0.424679 0.854167 0.421474 0.830128 0.421474 0.826923 0.418269 0.823718 0.415064 0.820513 0.416667 0.817308 0.418269 0.814103 0.419872
0 0.814103 0.423077 0.818910 0.431090 0.822115 0.431090 0.826923 0.429487 0.830128 0.426282 0.814103 0.427885 0.810897 0.424679 0.809295 0.421474 0.806090 0.421474 0.802885 0.423077 0.799679 0.426282 0.798077 0.429487
0 0.799679 0.434295 0.802885 0.437500 0.807692 0.437500 0.812500 0.435897 0.814103 0.432692 0.762821 0.500000 0.761218 0.498397 0.756410 0.496795 0.754808 0.496795 0.751603 0.498397 0.748397 0.500000 0.748397 0.503205
0 0.750000 0.506410 0.753205 0.509615 0.754808 0.512821 0.761218 0.508013 0.762821 0.504808 0.873397 0.299679 0.870192 0.296474 0.866987 0.294872 0.863782 0.294872 0.860577 0.296474 0.858974 0.299679 0.858974 0.302885
0 0.860577 0.306090 0.862179 0.310897 0.865385 0.310897 0.871795 0.307692 0.873397 0.304487 0.791667 0.350962 0.790064 0.346154 0.786859 0.344551 0.782051 0.344551 0.780449 0.344551 0.777244 0.347756 0.775641 0.350962
0 0.777244 0.355769 0.780449 0.358974 0.785256 0.358974 0.790064 0.357372 0.793269 0.354167 0.737179 0.352564 0.733974 0.347756 0.730769 0.346154 0.727564 0.347756 0.724359 0.350962 0.722756 0.350962 0.721154 0.354167
0 0.722756 0.358974 0.725962 0.362179 0.729167 0.363782 0.733974 0.360577 0.735577 0.357372 0.660256 0.394231 0.658654 0.389423 0.655449 0.387821 0.650641 0.387821 0.647436 0.389423 0.645833 0.392628 0.644231 0.395833
0 0.645833 0.400641 0.649038 0.403846 0.652244 0.403846 0.658654 0.402244 0.660256 0.399038 0.772436 0.227564 0.769231 0.224359 0.766026 0.224359 0.762821 0.224359 0.759615 0.224359 0.756410 0.227564 0.754808 0.230769
0 0.756410 0.233974 0.759615 0.237179 0.764423 0.238782 0.769231 0.235577 0.770833 0.232372 0.750000 0.379808 0.748397 0.375000 0.743590 0.373397 0.740385 0.373397 0.737179 0.375000 0.735577 0.378205 0.735577 0.381410
0 0.737179 0.386218 0.738782 0.391026 0.741987 0.389423 0.748397 0.387821 0.750000 0.384615 0.562500 0.416667 0.560897 0.413462 0.556090 0.410256 0.552885 0.411859 0.549679 0.413462 0.548077 0.416667 0.546474 0.419872
0 0.548077 0.423077 0.551282 0.426282 0.554487 0.426282 0.560897 0.424679 0.562500 0.421474 0.575321 0.376603 0.573718 0.373397 0.570513 0.370192 0.567308 0.371795 0.564103 0.373397 0.560897 0.375000 0.559295 0.378205
0 0.560897 0.383013 0.564103 0.386218 0.568910 0.386218 0.573718 0.384615 0.575321 0.381410 0.618590 0.386218 0.615385 0.383013 0.612179 0.379808 0.608974 0.379808 0.605769 0.381410 0.604167 0.384615 0.602564 0.387821
0 0.604167 0.392628 0.607372 0.395833 0.610577 0.395833 0.616987 0.394231 0.618590 0.391026 0.602564 0.442308 0.600962 0.439103 0.596154 0.437500 0.592949 0.437500 0.589744 0.439103 0.588141 0.442308 0.586538 0.445513
0 0.588141 0.450321 0.591346 0.451923 0.594551 0.453526 0.600962 0.450321 0.602564 0.447115 0.581731 0.504808 0.578526 0.500000 0.575321 0.500000 0.570513 0.500000 0.568910 0.500000 0.565705 0.503205 0.565705 0.506410
0 0.567308 0.511218 0.570513 0.514423 0.573718 0.514423 0.578526 0.512821 0.581731 0.509615 0.541667 0.506410 0.538462 0.504808 0.535256 0.500000 0.532051 0.501603 0.528846 0.503205 0.525641 0.504808 0.525641 0.508013
0 0.527244 0.512821 0.530449 0.516026 0.533654 0.516026 0.540064 0.514423 0.541667 0.511218 0.556090 0.495192 0.552885 0.490385 0.549679 0.488782 0.546474 0.490385 0.543269 0.491987 0.540064 0.493590 0.538462 0.496795
0 0.540064 0.500000 0.544872 0.503205 0.548077 0.503205 0.552885 0.501603 0.554487 0.500000 0.567308 0.522436 0.565705 0.517628 0.560897 0.516026 0.557692 0.516026 0.554487 0.517628 0.552885 0.520833 0.551282 0.524038
0 0.552885 0.528846 0.556090 0.532051 0.559295 0.532051 0.565705 0.530449 0.567308 0.527244 0.695513 0.487179 0.692308 0.483974 0.689103 0.482372 0.685897 0.482372 0.682692 0.483974 0.679487 0.487179 0.677885 0.490385
0 0.679487 0.495192 0.684295 0.496795 0.687500 0.498397 0.692308 0.495192 0.695513 0.491987 0.661859 0.461538 0.660256 0.458333 0.657051 0.456731 0.652244 0.456731 0.649038 0.458333 0.647436 0.461538 0.645833 0.464744
0 0.647436 0.469551 0.650641 0.471154 0.653846 0.472756 0.660256 0.469551 0.677885 0.467949 0.674679 0.463141 0.671474 0.461538 0.668269 0.461538 0.665064 0.463141 0.661859 0.466346 0.661859 0.469551 0.663462 0.474359
0 0.666667 0.477564 0.669872 0.477564 0.676282 0.475962 0.677885 0.472756 0.690705 0.536859 0.687500 0.533654 0.684295 0.530449 0.681090 0.532051 0.677885 0.533654 0.674679 0.536859 0.674679 0.540064 0.676282 0.543269
0 0.679487 0.546474 0.682692 0.546474 0.689103 0.544872 0.690705 0.541667 0.616987 0.565705 0.615385 0.562500 0.610577 0.560897 0.607372 0.560897 0.604167 0.562500 0.602564 0.565705 0.600962 0.568910 0.602564 0.572115
0 0.605769 0.575321 0.608974 0.576923 0.615385 0.573718 0.616987 0.570513 0.625000 0.517628 0.621795 0.512821 0.618590 0.511218 0.615385 0.512821 0.612179 0.514423 0.608974 0.516026 0.607372 0.519231 0.608974 0.524038
0 0.613782 0.527244 0.616987 0.527244 0.621795 0.525641 0.625000 0.522436 0.613782 0.535256 0.612179 0.532051 0.608974 0.528846 0.604167 0.530449 0.600962 0.532051 0.599359 0.533654 0.597756 0.536859 0.599359 0.541667
0 0.602564 0.544872 0.605769 0.544872 0.612179 0.543269 0.613782 0.540064 0.724359 0.583333 0.721154 0.580128 0.717949 0.576923 0.714744 0.578526 0.711538 0.580128 0.708333 0.583333 0.708333 0.586538 0.708333 0.589744
0 0.713141 0.592949 0.716346 0.594551 0.721154 0.591346 0.724359 0.588141 0.716346 0.674679 0.714744 0.669872 0.711538 0.668269 0.708333 0.668269 0.705128 0.669872 0.701923 0.673077 0.700321 0.676282 0.701923 0.682692
0 0.705128 0.685897 0.709936 0.684295 0.713141 0.682692 0.714744 0.679487 0.703526 0.682692 0.700321 0.679487 0.697115 0.677885 0.693910 0.677885 0.690705 0.679487 0.689103 0.682692 0.689103 0.685897 0.690705 0.689103
0 0.693910 0.692308 0.697115 0.692308 0.700321 0.690705 0.703526 0.687500 0.764423 0.637821 0.762821 0.634615 0.759615 0.633013 0.754808 0.633013 0.751603 0.634615 0.750000 0.637821 0.748397 0.641026 0.750000 0.645833
0 0.753205 0.647436 0.756410 0.649038 0.762821 0.645833 0.764423 0.642628 0.594551 0.697115 0.592949 0.693910 0.588141 0.692308 0.584936 0.692308 0.581731 0.693910 0.580128 0.697115 0.580128 0.700321 0.581731 0.703526
0 0.584936 0.706731 0.589744 0.706731 0.592949 0.705128 0.594551 0.701923 0.610577 0.689103 0.607372 0.685897 0.604167 0.682692 0.600962 0.684295 0.597756 0.685897 0.596154 0.689103 0.596154 0.692308 0.597756 0.695513
0 0.600962 0.698718 0.604167 0.698718 0.607372 0.697115 0.610577 0.693910 0.628205 0.701923 0.625000 0.698718 0.621795 0.695513 0.618590 0.697115 0.615385 0.698718 0.613782 0.701923 0.613782 0.705128 0.615385 0.708333
0 0.618590 0.711538 0.621795 0.711538 0.625000 0.709936 0.628205 0.706731 0.567308 0.716346 0.565705 0.713141 0.562500 0.709936 0.557692 0.711538 0.554487 0.713141 0.552885 0.716346 0.552885 0.719551 0.554487 0.722756
0 0.557692 0.725962 0.562500 0.725962 0.565705 0.724359 0.567308 0.721154 0.562500 0.740385 0.559295 0.735577 0.556090 0.733974 0.552885 0.733974 0.549679 0.735577 0.548077 0.738782 0.548077 0.741987 0.549679 0.746795
0 0.552885 0.748397 0.556090 0.748397 0.560897 0.748397 0.562500 0.745192 0.455128 0.610577 0.451923 0.607372 0.448718 0.604167 0.445513 0.605769 0.442308 0.607372 0.440705 0.610577 0.440705 0.612179 0.442308 0.616987
0 0.445513 0.618590 0.448718 0.620192 0.451923 0.618590 0.455128 0.615385 0.410256 0.621795 0.407051 0.618590 0.403846 0.616987 0.400641 0.616987 0.397436 0.618590 0.395833 0.621795 0.395833 0.625000 0.395833 0.628205
0 0.400641 0.631410 0.403846 0.631410 0.407051 0.629808 0.408654 0.626603 0.429487 0.608974 0.427885 0.605769 0.424679 0.604167 0.421474 0.604167 0.418269 0.605769 0.415064 0.608974 0.416667 0.612179 0.416667 0.615385
0 0.421474 0.618590 0.424679 0.618590 0.427885 0.616987 0.429487 0.613782 0.451923 0.570513 0.450321 0.567308 0.445513 0.564103 0.442308 0.565705 0.439103 0.567308 0.437500 0.570513 0.437500 0.572115 0.439103 0.576923
0 0.442308 0.580128 0.447115 0.580128 0.450321 0.578526 0.451923 0.575321 0.437500 0.660256 0.435897 0.657051 0.429487 0.655449 0.426282 0.657051 0.424679 0.657051 0.423077 0.660256 0.423077 0.663462 0.424679 0.666667
0 0.427885 0.669872 0.432692 0.669872 0.435897 0.668269 0.437500 0.665064 0.467949 0.660256 0.464744 0.657051 0.461538 0.653846 0.458333 0.655449 0.455128 0.657051 0.453526 0.660256 0.453526 0.663462 0.455128 0.666667
0 0.458333 0.669872 0.461538 0.669872 0.466346 0.668269 0.467949 0.665064 0.432692 0.642628 0.431090 0.639423 0.426282 0.636218 0.423077 0.637821 0.419872 0.639423 0.418269 0.642628 0.418269 0.645833 0.419872 0.649038
0 0.423077 0.652244 0.427885 0.652244 0.431090 0.650641 0.432692 0.647436 0.508013 0.618590 0.504808 0.615385 0.501603 0.612179 0.498397 0.615385 0.496795 0.615385 0.495192 0.616987 0.495192 0.620192 0.495192 0.625000
0 0.498397 0.628205 0.501603 0.628205 0.504808 0.626603 0.506410 0.623397 0.322115 0.650641 0.320513 0.645833 0.317308 0.644231 0.312500 0.645833 0.309295 0.647436 0.307692 0.649038 0.307692 0.652244 0.309295 0.657051
0 0.312500 0.658654 0.317308 0.658654 0.320513 0.658654 0.322115 0.655449 0.440705 0.512821 0.437500 0.509615 0.434295 0.506410 0.431090 0.508013 0.427885 0.509615 0.426282 0.512821 0.426282 0.516026 0.427885 0.519231
0 0.431090 0.522436 0.434295 0.522436 0.437500 0.520833 0.439103 0.517628 0.471154 0.483974 0.469551 0.480769 0.464744 0.479167 0.461538 0.479167 0.458333 0.480769 0.456731 0.483974 0.456731 0.487179 0.458333 0.490385
0 0.461538 0.493590 0.466346 0.493590 0.469551 0.491987 0.471154 0.488782 0.479167 0.503205 0.475962 0.500000 0.472756 0.500000 0.467949 0.500000 0.466346 0.500000 0.464744 0.503205 0.464744 0.506410 0.464744 0.509615
0 0.469551 0.512821 0.472756 0.512821 0.475962 0.511218 0.477564 0.508013 0.498397 0.475962 0.495192 0.472756 0.491987 0.469551 0.488782 0.471154 0.485577 0.472756 0.483974 0.475962 0.483974 0.477564 0.485577 0.482372
0 0.488782 0.483974 0.491987 0.485577 0.495192 0.483974 0.496795 0.482372 0.493590 0.522436 0.491987 0.519231 0.487179 0.516026 0.483974 0.517628 0.480769 0.519231 0.479167 0.522436 0.479167 0.524038 0.480769 0.528846
0 0.483974 0.532051 0.488782 0.532051 0.491987 0.530449 0.493590 0.527244 0.508013 0.544872 0.504808 0.541667 0.500000 0.540064 0.498397 0.541667 0.496795 0.541667 0.495192 0.544872 0.495192 0.548077 0.496795 0.551282
0 0.498397 0.556090 0.501603 0.554487 0.506410 0.552885 0.508013 0.549679 0.522436 0.525641 0.520833 0.520833 0.517628 0.519231 0.512821 0.519231 0.509615 0.520833 0.508013 0.524038 0.508013 0.527244 0.509615 0.532051
0 0.512821 0.533654 0.517628 0.533654 0.520833 0.533654 0.522436 0.530449 0.535256 0.560897 0.533654 0.557692 0.530449 0.556090 0.525641 0.556090 0.522436 0.557692 0.520833 0.560897 0.520833 0.564103 0.522436 0.567308
0 0.525641 0.570513 0.530449 0.570513 0.533654 0.568910 0.535256 0.565705 0.508013 0.583333 0.506410 0.578526 0.503205 0.576923 0.498397 0.578526 0.496795 0.578526 0.495192 0.581731 0.495192 0.584936 0.496795 0.589744
0 0.498397 0.592949 0.503205 0.591346 0.506410 0.591346 0.508013 0.588141 0.435897 0.581731 0.434295 0.576923 0.429487 0.575321 0.426282 0.576923 0.424679 0.578526 0.424679 0.581731 0.424679 0.584936 0.427885 0.586538
0 0.431090 0.586538 0.434295 0.584936 0.386218 0.623397 0.384615 0.620192 0.381410 0.618590 0.376603 0.618590 0.375000 0.621795 0.375000 0.625000 0.376603 0.626603 0.379808 0.628205 0.383013 0.629808 0.384615 0.626603
0 0.463141 0.546474 0.461538 0.543269 0.456731 0.541667 0.453526 0.541667 0.451923 0.544872 0.451923 0.548077 0.451923 0.551282 0.455128 0.552885 0.458333 0.552885 0.461538 0.549679
0 0.479167 0.540064 0.477564 0.536859 0.474359 0.533654 0.471154 0.535256 0.467949 0.538462 0.467949 0.541667 0.469551 0.543269 0.472756 0.544872 0.475962 0.544872 0.479167 0.543269
0 0.549679 0.535256 0.548077 0.532051 0.544872 0.528846 0.541667 0.530449 0.538462 0.532051 0.538462 0.535256 0.540064 0.538462 0.543269 0.540064 0.546474 0.540064 0.549679 0.538462
0 0.495192 0.506410 0.493590 0.504808 0.491987 0.501603 0.488782 0.503205 0.488782 0.506410 0.490385 0.508013 0.491987 0.509615 0.491987 0.511218 0.495192 0.508013 0.392628 0.588141
0 0.391026 0.584936 0.387821 0.583333 0.384615 0.583333 0.381410 0.586538 0.381410 0.589744 0.383013 0.591346 0.386218 0.594551 0.389423 0.594551 0.392628 0.591346 0.363782 0.644231
0 0.360577 0.641026 0.357372 0.637821 0.354167 0.639423 0.350962 0.641026 0.349359 0.644231 0.349359 0.647436 0.349359 0.650641 0.354167 0.653846 0.357372 0.653846
0 0.360577 0.652244 0.362179 0.649038 0.344551 0.599359 0.342949 0.594551 0.338141 0.592949 0.334936 0.592949 0.331731 0.594551 0.330128 0.597756 0.330128 0.600962 0.331731 0.605769
0 0.334936 0.607372 0.339744 0.607372 0.342949 0.607372 0.344551 0.604167 0.280449 0.653846 0.278846 0.649038 0.274038 0.647436 0.270833 0.649038 0.269231 0.649038 0.267628 0.652244 0.267628 0.655449 0.269231 0.660256
0 0.272436 0.661859 0.277244 0.661859 0.278846 0.661859 0.280449 0.658654 0.283654 0.594551 0.282051 0.591346 0.278846 0.588141 0.274038 0.589744 0.270833 0.591346 0.269231 0.594551 0.269231 0.596154 0.270833 0.600962
0 0.274038 0.604167 0.278846 0.604167 0.282051 0.602564 0.283654 0.599359 0.366987 0.711538 0.363782 0.706731 0.360577 0.705128 0.357372 0.705128 0.354167 0.706731 0.352564 0.709936 0.352564 0.713141 0.354167 0.717949
0 0.357372 0.719551 0.360577 0.719551 0.363782 0.719551 0.366987 0.716346 0.331731 0.719551 0.331731 0.716346 0.328526 0.713141 0.322115 0.714744 0.320513 0.714744 0.318910 0.717949 0.318910 0.721154 0.320513 0.724359
0 0.323718 0.727564 0.328526 0.727564 0.331731 0.725962 0.333333 0.722756 0.314103 0.717949 0.312500 0.714744 0.309295 0.713141 0.304487 0.713141 0.302885 0.714744 0.301282 0.717949 0.301282 0.721154 0.302885 0.724359
0 0.306090 0.727564 0.310897 0.727564 0.312500 0.725962 0.314103 0.722756 0.286859 0.729167 0.283654 0.725962 0.280449 0.724359 0.277244 0.724359 0.274038 0.725962 0.272436 0.729167 0.272436 0.732372 0.274038 0.735577
0 0.277244 0.738782 0.280449 0.738782 0.283654 0.737179 0.286859 0.733974 0.267628 0.721154 0.264423 0.717949 0.261218 0.716346 0.258013 0.716346 0.254808 0.717949 0.253205 0.721154 0.253205 0.724359 0.253205 0.727564
0 0.258013 0.730769 0.261218 0.730769 0.264423 0.729167 0.266026 0.725962 0.306090 0.745192 0.304487 0.740385 0.301282 0.737179 0.298077 0.738782 0.294872 0.740385 0.293269 0.743590 0.293269 0.745192 0.293269 0.750000
0 0.298077 0.751603 0.301282 0.753205 0.304487 0.751603 0.306090 0.748397 0.294872 0.758013 0.293269 0.753205 0.290064 0.751603 0.283654 0.753205 0.280449 0.754808 0.280449 0.756410 0.280449 0.759615 0.282051 0.764423
0 0.285256 0.766026 0.290064 0.766026 0.293269 0.766026 0.294872 0.762821 0.304487 0.772436 0.301282 0.769231 0.298077 0.767628 0.294872 0.767628 0.291667 0.769231 0.288462 0.772436 0.290064 0.774038 0.290064 0.777244
0 0.294872 0.780449 0.298077 0.780449 0.301282 0.778846 0.301282 0.777244 0.322115 0.740385 0.318910 0.735577 0.315705 0.733974 0.314103 0.733974 0.310897 0.735577 0.309295 0.738782 0.309295 0.741987 0.310897 0.746795
0 0.314103 0.748397 0.317308 0.748397 0.322115 0.748397 0.322115 0.745192 0.336538 0.750000 0.334936 0.746795 0.331731 0.745192 0.328526 0.745192 0.325321 0.746795 0.323718 0.750000 0.323718 0.753205 0.325321 0.756410
0 0.328526 0.761218 0.331731 0.759615 0.334936 0.758013 0.336538 0.754808 0.355769 0.786859 0.352564 0.783654 0.349359 0.782051 0.346154 0.782051 0.342949 0.785256 0.342949 0.786859 0.342949 0.790064 0.342949 0.793269
0 0.347756 0.794872 0.350962 0.794872 0.354167 0.794872 0.355769 0.791667 0.387821 0.725962 0.384615 0.721154 0.381410 0.719551 0.378205 0.719551 0.375000 0.721154 0.373397 0.724359 0.373397 0.727564 0.373397 0.730769
0 0.378205 0.733974 0.381410 0.733974 0.384615 0.732372 0.386218 0.729167 0.182692 0.649038 0.179487 0.645833 0.176282 0.644231 0.173077 0.644231 0.169872 0.645833 0.168269 0.649038 0.168269 0.652244 0.169872 0.655449
0 0.173077 0.658654 0.176282 0.658654 0.179487 0.657051 0.181090 0.653846 0.197115 0.607372 0.195513 0.604167 0.190705 0.602564 0.189103 0.602564 0.185897 0.604167 0.184295 0.607372 0.184295 0.608974 0.185897 0.613782
0 0.189103 0.615385 0.193910 0.616987 0.195513 0.615385 0.197115 0.612179 0.213141 0.608974 0.209936 0.605769 0.206731 0.604167 0.203526 0.604167 0.200321 0.605769 0.198718 0.608974 0.198718 0.612179 0.198718 0.615385
0 0.203526 0.618590 0.206731 0.618590 0.209936 0.616987 0.211538 0.613782 0.253205 0.568910 0.251603 0.565705 0.248397 0.564103 0.245192 0.564103 0.241987 0.565705 0.240385 0.568910 0.240385 0.572115 0.241987 0.575321
0 0.245192 0.578526 0.250000 0.578526 0.251603 0.576923 0.253205 0.573718 0.184295 0.583333 0.182692 0.580128 0.177885 0.578526 0.174679 0.578526 0.171474 0.580128 0.169872 0.583333 0.169872 0.586538 0.171474 0.589744
0 0.174679 0.592949 0.179487 0.592949 0.182692 0.591346 0.184295 0.588141 0.410256 0.483974 0.407051 0.480769 0.403846 0.477564 0.400641 0.479167 0.397436 0.480769 0.395833 0.483974 0.395833 0.485577 0.397436 0.490385
0 0.400641 0.491987 0.403846 0.493590 0.408654 0.491987 0.410256 0.488782 0.448718 0.443910 0.445513 0.440705 0.442308 0.439103 0.439103 0.439103 0.435897 0.440705 0.434295 0.443910 0.434295 0.447115 0.434295 0.450321
0 0.439103 0.453526 0.442308 0.453526 0.445513 0.451923 0.447115 0.448718 0.570513 0.434295 0.567308 0.429487 0.564103 0.427885 0.560897 0.427885 0.557692 0.429487 0.556090 0.432692 0.556090 0.435897 0.557692 0.440705
0 0.560897 0.442308 0.564103 0.442308 0.567308 0.442308 0.570513 0.439103 0.568910 0.453526 0.567308 0.450321 0.562500 0.447115 0.559295 0.448718 0.556090 0.450321 0.554487 0.453526 0.554487 0.455128 0.556090 0.459936
0 0.559295 0.461538 0.564103 0.463141 0.567308 0.461538 0.568910 0.458333 0.363782 0.508013 0.360577 0.503205 0.355769 0.503205 0.350962 0.506410 0.349359 0.511218 0.352564 0.516026 0.354167 0.519231 0.360577 0.519231
0 0.363782 0.516026 0.365385 0.511218 0.391026 0.485577 0.389423 0.482372 0.384615 0.480769 0.381410 0.480769 0.378205 0.482372 0.376603 0.485577 0.376603 0.488782 0.378205 0.491987 0.381410 0.495192 0.386218 0.495192
0 0.389423 0.493590 0.391026 0.490385 0.245192 0.783654 0.243590 0.780449 0.238782 0.777244 0.235577 0.778846 0.232372 0.780449 0.230769 0.783654 0.230769 0.785256 0.232372 0.790064
0 0.235577 0.791667 0.240385 0.793269 0.243590 0.791667 0.245192 0.788462 0.262821 0.753205 0.259615 0.750000 0.256410 0.748397 0.253205 0.748397 0.250000 0.750000 0.248397 0.751603 0.248397 0.756410 0.254808 0.764423
0 0.256410 0.761218 0.259615 0.759615 0.259615 0.758013 0.237179 0.719551 0.233974 0.716346 0.230769 0.714744 0.229167 0.714744 0.225962 0.716346 0.224359 0.719551 0.224359 0.722756 0.224359 0.725962 0.229167 0.729167
0 0.232372 0.729167 0.235577 0.727564 0.235577 0.724359 0.254808 0.689103 0.251603 0.685897 0.248397 0.684295 0.245192 0.684295 0.241987 0.685897 0.240385 0.689103 0.240385 0.692308 0.241987 0.695513 0.245192 0.698718
0 0.248397 0.698718 0.251603 0.697115 0.254808 0.693910 0.285256 0.689103 0.283654 0.685897 0.278846 0.684295 0.275641 0.684295 0.272436 0.685897 0.270833 0.687500 0.270833 0.690705 0.272436 0.693910 0.275641 0.697115
0 0.280449 0.697115 0.283654 0.695513 0.285256 0.693910 0.261218 0.812500 0.258013 0.809295 0.254808 0.807692 0.251603 0.807692 0.248397 0.809295 0.246795 0.812500 0.246795 0.815705 0.248397 0.818910 0.251603 0.822115
0 0.254808 0.822115 0.258013 0.820513 0.261218 0.817308 0.326923 0.815705 0.323718 0.810897 0.320513 0.809295 0.317308 0.810897 0.314103 0.812500 0.312500 0.814103 0.312500 0.817308 0.314103 0.822115 0.317308 0.823718
0 0.320513 0.823718 0.323718 0.823718 0.326923 0.820513 0.251603 0.761218 0.250000 0.758013 0.245192 0.756410 0.241987 0.756410 0.238782 0.758013 0.237179 0.761218 0.237179 0.764423 0.238782 0.767628 0.241987 0.770833
0 0.246795 0.770833 0.250000 0.769231 0.251603 0.766026 0.225962 0.741987 0.224359 0.738782 0.221154 0.737179 0.216346 0.737179 0.213141 0.738782 0.211538 0.741987 0.211538 0.745192 0.213141 0.748397 0.216346 0.751603
0 0.221154 0.751603 0.224359 0.750000 0.225962 0.746795 0.219551 0.713141 0.217949 0.709936 0.213141 0.706731 0.209936 0.708333 0.206731 0.709936 0.205128 0.713141 0.205128 0.714744 0.206731 0.719551 0.209936 0.722756
0 0.214744 0.722756 0.217949 0.721154 0.219551 0.717949 0.211538 0.653846 0.211538 0.650641 0.206731 0.647436 0.203526 0.649038 0.201923 0.649038 0.200321 0.650641 0.200321 0.653846 0.201923 0.658654 0.205128 0.660256
0 0.208333 0.663462 0.211538 0.660256 0.213141 0.657051 0.250000 0.522436 0.248397 0.519231 0.245192 0.517628 0.243590 0.517628 0.241987 0.519231 0.240385 0.520833 0.240385 0.524038 0.240385 0.527244 0.243590 0.530449
0 0.245192 0.530449 0.248397 0.528846 0.250000 0.525641 0.208333 0.568910 0.206731 0.565705 0.203526 0.564103 0.200321 0.564103 0.197115 0.565705 0.195513 0.568910 0.195513 0.572115 0.197115 0.573718 0.200321 0.576923
0 0.203526 0.576923 0.206731 0.576923 0.208333 0.572115 0.153846 0.570513 0.150641 0.570513 0.149038 0.567308 0.145833 0.567308 0.142628 0.568910 0.141026 0.572115 0.141026 0.575321 0.142628 0.578526 0.144231 0.578526
0 0.149038 0.580128 0.152244 0.578526 0.153846 0.575321 0.296474 0.610577 0.293269 0.610577 0.291667 0.607372 0.288462 0.607372 0.285256 0.608974 0.283654 0.610577 0.283654 0.613782 0.285256 0.618590 0.286859 0.620192
0 0.290064 0.621795 0.293269 0.618590 0.296474 0.615385 0.256410 0.637821 0.253205 0.637821 0.251603 0.634615 0.248397 0.634615 0.245192 0.636218 0.243590 0.637821 0.243590 0.641026 0.245192 0.644231 0.246795 0.647436
0 0.251603 0.647436 0.254808 0.645833 0.256410 0.642628 0.195513 0.544872 0.193910 0.541667 0.190705 0.540064 0.189103 0.540064 0.185897 0.541667 0.184295 0.543269 0.184295 0.546474 0.184295 0.549679 0.187500 0.551282
0 0.190705 0.552885 0.193910 0.551282 0.195513 0.546474 0.094551 0.472756 0.092949 0.469551 0.089744 0.467949 0.088141 0.469551 0.084936 0.471154 0.083333 0.472756 0.083333 0.475962 0.083333 0.479167 0.086538 0.480769
0 0.089744 0.482372 0.092949 0.480769 0.094551 0.475962 0.142628 0.500000 0.141026 0.498397 0.137821 0.496795 0.136218 0.498397 0.131410 0.500000 0.133013 0.500000 0.131410 0.503205 0.133013 0.506410 0.136218 0.508013
0 0.137821 0.509615 0.141026 0.508013 0.142628 0.503205 0.291667 0.538462 0.290064 0.535256 0.286859 0.533654 0.285256 0.533654 0.282051 0.535256 0.280449 0.536859 0.278846 0.540064 0.280449 0.543269 0.283654 0.544872
0 0.286859 0.546474 0.290064 0.544872 0.291667 0.540064 0.293269 0.394231 0.290064 0.391026 0.288462 0.392628 0.285256 0.394231 0.282051 0.395833 0.282051 0.399038 0.285256 0.402244 0.286859 0.402244 0.291667 0.400641
0 0.293269 0.397436 0.368590 0.397436 0.366987 0.394231 0.362179 0.394231 0.358974 0.395833 0.357372 0.397436 0.358974 0.402244 0.360577 0.403846 0.363782 0.405449 0.366987 0.402244 0.370192 0.399038 0.294872 0.405449
0 0.291667 0.403846 0.288462 0.403846 0.285256 0.405449 0.283654 0.408654 0.283654 0.411859 0.286859 0.415064 0.288462 0.415064 0.293269 0.413462 0.294872 0.410256 0.301282 0.423077
0 0.298077 0.421474 0.294872 0.423077 0.293269 0.424679 0.293269 0.427885 0.294872 0.431090 0.298077 0.431090 0.299679 0.431090 0.301282 0.426282 0.125000 0.477564 0.123397 0.474359
0 0.120192 0.471154 0.118590 0.472756 0.115385 0.474359 0.113782 0.475962 0.112179 0.479167 0.113782 0.482372 0.116987 0.483974 0.120192 0.485577 0.123397 0.483974 0.125000 0.479167
0 0.325321 0.376603 0.322115 0.375000 0.318910 0.375000 0.315705 0.376603 0.314103 0.379808 0.314103 0.383013 0.317308 0.386218 0.318910 0.386218 0.323718 0.384615
0 0.325321 0.381410 0.426282 0.387821 0.423077 0.386218 0.419872 0.386218 0.416667 0.387821 0.415064 0.391026 0.415064 0.394231 0.418269 0.395833 0.421474 0.397436 0.424679 0.395833 0.426282 0.391026 0.413462 0.464744
0 0.411859 0.461538 0.407051 0.461538 0.403846 0.463141 0.403846 0.466346 0.403846 0.469551 0.405449 0.472756 0.408654 0.472756 0.411859 0.471154 0.415064 0.466346 0.373397 0.360577
0 0.371795 0.357372 0.368590 0.358974 0.363782 0.360577 0.363782 0.362179 0.363782 0.366987 0.365385 0.368590 0.368590 0.370192 0.373397 0.366987 0.375000 0.363782 0.543269 0.350962
0 0.540064 0.349359 0.536859 0.349359 0.533654 0.350962 0.532051 0.352564 0.532051 0.357372 0.535256 0.358974 0.538462 0.360577 0.541667 0.358974 0.543269 0.354167 0.538462 0.365385
0 0.536859 0.362179 0.532051 0.362179 0.528846 0.363782 0.528846 0.366987 0.528846 0.370192 0.530449 0.371795 0.533654 0.373397 0.538462 0.371795 0.540064 0.366987 0.490385 0.368590
0 0.487179 0.365385 0.483974 0.366987 0.480769 0.368590 0.479167 0.370192 0.479167 0.373397 0.482372 0.376603 0.483974 0.378205 0.488782 0.375000 0.490385 0.371795 0.455128 0.424679
0 0.453526 0.421474 0.450321 0.419872 0.445513 0.421474 0.445513 0.423077 0.445513 0.427885 0.447115 0.429487 0.450321 0.431090 0.455128 0.427885 0.456731 0.424679 0.459936 0.408654
0 0.456731 0.407051 0.453526 0.407051 0.450321 0.408654 0.448718 0.410256 0.448718 0.415064 0.451923 0.416667 0.455128 0.418269 0.458333 0.416667 0.459936 0.411859 0.503205 0.386218
0 0.500000 0.383013 0.498397 0.384615 0.495192 0.386218 0.493590 0.387821 0.493590 0.392628 0.496795 0.394231 0.498397 0.397436 0.501603 0.392628 0.503205 0.389423 0.512821 0.395833
0 0.512821 0.391026 0.508013 0.392628 0.506410 0.394231 0.506410 0.397436 0.508013 0.400641 0.511218 0.400641 0.512821 0.402244 0.514423 0.399038 0.524038 0.391026 0.520833 0.389423
0 0.517628 0.389423 0.516026 0.392628 0.516026 0.395833 0.517628 0.397436 0.520833 0.399038 0.522436 0.399038 0.524038 0.394231 0.389423 0.358974 0.386218 0.357372 0.383013 0.358974
0 0.381410 0.360577 0.381410 0.363782 0.383013 0.365385 0.386218 0.366987 0.387821 0.366987 0.389423 0.362179 0.397436 0.341346 0.392628 0.342949 0.391026 0.339744
0 0.389423 0.341346 0.389423 0.344551 0.391026 0.347756 0.394231 0.347756 0.395833 0.347756 0.397436 0.342949 0.400641 0.378205 0.397436 0.376603 0.392628 0.378205
0 0.392628 0.379808 0.392628 0.383013 0.394231 0.384615 0.395833 0.387821 0.399038 0.384615 0.400641 0.381410 0.392628 0.384615 0.389423 0.383013 0.386218 0.384615
0 0.384615 0.386218 0.384615 0.389423 0.386218 0.391026 0.389423 0.392628 0.391026 0.392628 0.392628 0.387821 0.399038 0.352564 0.395833 0.349359 0.392628 0.350962
0 0.391026 0.354167 0.391026 0.355769 0.392628 0.358974 0.395833 0.360577 0.397436 0.360577 0.399038 0.355769 0.437500 0.294872 0.435897 0.291667 0.431090 0.291667
0 0.429487 0.294872 0.429487 0.298077 0.431090 0.299679 0.434295 0.301282 0.437500 0.299679 0.439103 0.296474 0.458333 0.307692 0.455128 0.306090 0.450321 0.307692
0 0.448718 0.309295 0.450321 0.312500 0.451923 0.314103 0.453526 0.317308 0.456731 0.314103 0.458333 0.310897 0.562500 0.315705 0.560897 0.312500 0.556090 0.312500
0 0.554487 0.315705 0.554487 0.318910 0.557692 0.320513 0.559295 0.322115 0.562500 0.320513 0.564103 0.317308 0.608974 0.334936 0.605769 0.331731 0.602564 0.333333
0 0.600962 0.336538 0.600962 0.338141 0.604167 0.346154 0.607372 0.342949 0.608974 0.338141 0.605769 0.283654 0.604167 0.280449 0.599359 0.282051 0.597756 0.283654
0 0.597756 0.286859 0.600962 0.290064 0.602564 0.290064 0.605769 0.290064 0.607372 0.286859 0.599359 0.251603 0.592949 0.254808 0.591346 0.253205 0.591346 0.254808
0 0.592949 0.258013 0.596154 0.258013 0.597756 0.258013 0.597756 0.256410 0.599359 0.241987 0.596154 0.240385 0.591346 0.240385 0.589744 0.243590 0.591346 0.246795
0 0.592949 0.248397 0.594551 0.251603 0.597756 0.248397 0.599359 0.245192 0.592949 0.285256 0.589744 0.283654 0.586538 0.285256 0.584936 0.286859 0.584936 0.290064
0 0.586538 0.293269 0.589744 0.293269 0.591346 0.293269 0.592949 0.290064 0.642628 0.315705 0.639423 0.314103 0.636218 0.315705 0.634615 0.317308 0.634615 0.320513
0 0.636218 0.323718 0.639423 0.323718 0.641026 0.323718 0.642628 0.320513 0.500000 0.366987 0.498397 0.365385 0.493590 0.366987 0.491987 0.368590 0.493590 0.371795
0 0.495192 0.375000 0.498397 0.375000 0.498397 0.376603 0.500000 0.371795 0.684295 0.190705 0.681090 0.189103 0.676282 0.189103 0.676282 0.192308 0.676282 0.195513
0 0.677885 0.197115 0.679487 0.200321 0.682692 0.197115 0.684295 0.193910 0.732372 0.174679 0.729167 0.173077 0.725962 0.171474 0.724359 0.174679 0.724359 0.177885
0 0.725962 0.179487 0.729167 0.181090 0.732372 0.179487 0.733974 0.176282 0.693910 0.185897 0.690705 0.184295 0.687500 0.184295 0.685897 0.187500 0.685897 0.190705
0 0.687500 0.192308 0.690705 0.193910 0.692308 0.193910 0.693910 0.189103 0.705128 0.161859 0.703526 0.158654 0.700321 0.161859 0.698718 0.161859 0.698718 0.165064
0 0.701923 0.168269 0.703526 0.168269 0.705128 0.168269 0.706731 0.165064 0.705128 0.306090 0.703526 0.302885 0.700321 0.302885 0.698718 0.306090 0.698718 0.307692
0 0.701923 0.310897 0.703526 0.312500 0.706731 0.310897 0.706731 0.309295 0.685897 0.341346 0.682692 0.338141 0.679487 0.339744 0.677885 0.342949 0.677885 0.346154
0 0.679487 0.347756 0.682692 0.349359 0.684295 0.349359 0.685897 0.344551 0.778846 0.240385 0.775641 0.240385 0.772436 0.240385 0.769231 0.241987 0.767628 0.243590
0 0.767628 0.248397 0.769231 0.251603 0.770833 0.253205 0.775641 0.253205 0.777244 0.253205 0.778846 0.251603 0.780449 0.246795 0.782051 0.241987 0.855769 0.240385
0 0.852564 0.240385 0.849359 0.240385 0.846154 0.241987 0.844551 0.245192 0.842949 0.248397 0.846154 0.250000 0.847756 0.251603 0.850962 0.253205 0.855769 0.253205
0 0.855769 0.251603 0.855769 0.250000 0.857372 0.245192 0.814103 0.139423 0.809295 0.139423 0.807692 0.139423 0.804487 0.142628 0.802885 0.144231 0.802885 0.147436 0.804487 0.150641 0.806090 0.152244 0.809295 0.153846 0.814103 0.152244
0 0.815705 0.149038 0.817308 0.145833 0.815705 0.142628 0.833333 0.131410 0.830128 0.131410 0.826923 0.131410 0.823718 0.133013 0.823718 0.134615 0.822115 0.137821 0.823718 0.141026 0.825321 0.142628 0.830128 0.144231 0.831731 0.144231
0 0.834936 0.141026 0.836538 0.137821 0.836538 0.133013 0.855769 0.139423 0.852564 0.137821 0.849359 0.139423 0.846154 0.141026 0.846154 0.144231 0.846154 0.147436 0.849359 0.149038 0.850962 0.150641 0.852564 0.150641 0.857372 0.150641
0 0.858974 0.147436 0.860577 0.144231 0.858974 0.141026 0.866987 0.120192 0.863782 0.120192 0.862179 0.120192 0.858974 0.123397 0.858974 0.125000 0.857372 0.128205 0.860577 0.129808 0.862179 0.131410 0.865385 0.133013 0.866987 0.133013
0 0.870192 0.129808 0.871795 0.126603 0.870192 0.121795 0.873397 0.145833 0.870192 0.144231 0.866987 0.144231 0.863782 0.145833 0.863782 0.147436 0.862179 0.152244 0.862179 0.155449 0.863782 0.157051 0.870192 0.157051 0.873397 0.157051
0 0.876603 0.153846 0.875000 0.150641 0.875000 0.145833 0.822115 0.225962 0.818910 0.225962 0.815705 0.225962 0.812500 0.227564 0.810897 0.229167 0.810897 0.232372 0.812500 0.235577 0.814103 0.237179 0.818910 0.238782 0.820513 0.238782
0 0.822115 0.237179 0.823718 0.233974 0.825321 0.229167 0.887821 0.250000 0.884615 0.250000 0.881410 0.251603 0.878205 0.253205 0.876603 0.254808 0.876603 0.259615 0.878205 0.262821 0.879808 0.264423 0.884615 0.264423 0.887821 0.262821
0 0.887821 0.261218 0.889423 0.258013 0.891026 0.253205 0.915064 0.206731 0.911859 0.205128 0.908654 0.206731 0.905449 0.208333 0.905449 0.209936 0.905449 0.213141 0.907051 0.216346 0.907051 0.219551 0.911859 0.217949 0.915064 0.217949
0 0.915064 0.216346 0.916667 0.213141 0.918269 0.208333 0.868590 0.232372 0.865385 0.232372 0.863782 0.232372 0.860577 0.233974 0.858974 0.235577 0.858974 0.240385 0.860577 0.243590 0.862179 0.245192 0.866987 0.246795 0.868590 0.245192
0 0.871795 0.241987 0.870192 0.238782 0.871795 0.233974 0.769231 0.208333 0.764423 0.206731 0.762821 0.208333 0.759615 0.209936 0.758013 0.211538 0.758013 0.216346 0.759615 0.219551 0.761218 0.221154 0.764423 0.221154 0.769231 0.219551
0 0.770833 0.216346 0.772436 0.213141 0.770833 0.209936 0.748397 0.254808 0.745192 0.254808 0.741987 0.254808 0.738782 0.256410 0.737179 0.259615 0.737179 0.262821 0.738782 0.266026 0.740385 0.267628 0.743590 0.269231 0.746795 0.267628
0 0.750000 0.264423 0.751603 0.261218 0.751603 0.256410 0.703526 0.258013 0.698718 0.256410 0.697115 0.258013 0.693910 0.259615 0.692308 0.261218 0.692308 0.266026 0.693910 0.269231 0.695513 0.270833 0.698718 0.270833 0.703526 0.269231
0 0.705128 0.266026 0.706731 0.262821 0.705128 0.259615 0.762821 0.259615 0.759615 0.259615 0.756410 0.262821 0.754808 0.262821 0.754808 0.264423 0.754808 0.267628 0.756410 0.270833 0.758013 0.274038 0.761218 0.274038 0.764423 0.272436
0 0.766026 0.269231 0.767628 0.266026 0.766026 0.262821 0.801282 0.251603 0.798077 0.251603 0.794872 0.251603 0.791667 0.253205 0.790064 0.256410 0.790064 0.259615 0.791667 0.262821 0.793269 0.264423 0.796474 0.267628 0.799679 0.264423
0 0.802885 0.261218 0.804487 0.258013 0.802885 0.254808 0.846154 0.254808 0.842949 0.254808 0.841346 0.254808 0.838141 0.256410 0.838141 0.258013 0.836538 0.262821 0.838141 0.266026 0.839744 0.267628 0.844551 0.267628 0.847756 0.267628
0 0.849359 0.264423 0.847756 0.261218 0.849359 0.256410 0.854167 0.299679 0.850962 0.299679 0.847756 0.301282 0.842949 0.302885 0.844551 0.302885 0.844551 0.306090 0.846154 0.309295 0.847756 0.312500 0.850962 0.312500 0.855769 0.310897
0 0.857372 0.309295 0.858974 0.306090 0.857372 0.302885 0.695513 0.317308 0.690705 0.315705 0.689103 0.317308 0.685897 0.318910 0.684295 0.320513 0.684295 0.325321 0.685897 0.328526 0.687500 0.330128 0.690705 0.330128 0.695513 0.328526
0 0.697115 0.325321 0.698718 0.322115 0.697115 0.318910 0.669872 0.282051 0.666667 0.280449 0.663462 0.280449 0.660256 0.283654 0.660256 0.285256 0.658654 0.288462 0.660256 0.291667 0.661859 0.293269 0.666667 0.294872 0.669872 0.294872
0 0.669872 0.293269 0.671474 0.288462 0.673077 0.283654 0.663462 0.362179 0.658654 0.363782 0.657051 0.363782 0.653846 0.365385 0.652244 0.366987 0.652244 0.371795 0.653846 0.373397 0.655449 0.376603 0.658654 0.376603 0.663462 0.375000
0 0.665064 0.371795 0.666667 0.368590 0.665064 0.365385 0.639423 0.352564 0.637821 0.352564 0.634615 0.352564 0.633013 0.354167 0.631410 0.355769 0.629808 0.357372 0.631410 0.360577 0.633013 0.362179 0.636218 0.363782 0.637821 0.363782
0 0.639423 0.360577 0.641026 0.355769 0.690705 0.392628 0.685897 0.392628 0.684295 0.394231 0.681090 0.395833 0.679487 0.397436 0.679487 0.400641 0.681090 0.403846 0.682692 0.407051 0.685897 0.407051 0.690705 0.405449 0.690705 0.403846
0 0.692308 0.400641 0.693910 0.395833 0.637821 0.434295 0.634615 0.434295 0.631410 0.434295 0.628205 0.437500 0.626603 0.439103 0.626603 0.442308 0.628205 0.445513 0.629808 0.448718 0.634615 0.448718 0.636218 0.448718
0 0.637821 0.447115 0.639423 0.442308 0.641026 0.437500 0.584936 0.402244 0.581731 0.400641 0.578526 0.402244 0.575321 0.403846 0.575321 0.405449 0.573718 0.410256 0.575321 0.413462 0.576923 0.415064 0.581731 0.415064 0.584936 0.415064
0 0.584936 0.413462 0.586538 0.408654 0.588141 0.403846 0.657051 0.350962 0.655449 0.350962 0.653846 0.350962 0.650641 0.352564 0.649038 0.354167 0.649038 0.355769 0.650641 0.358974 0.652244 0.360577 0.655449 0.360577 0.657051 0.360577
0 0.658654 0.357372 0.660256 0.354167 0.628205 0.375000 0.625000 0.375000 0.623397 0.375000 0.621795 0.375000 0.620192 0.376603 0.618590 0.379808 0.620192 0.383013 0.621795 0.384615 0.625000 0.384615 0.626603 0.386218 0.628205 0.381410
0 0.629808 0.376603 0.604167 0.341346 0.602564 0.341346 0.600962 0.341346 0.597756 0.341346 0.596154 0.344551 0.596154 0.346154 0.597756 0.349359 0.599359 0.350962 0.602564 0.350962 0.604167 0.350962 0.605769 0.347756
0 0.607372 0.344551 0.633013 0.395833 0.631410 0.395833 0.629808 0.395833 0.626603 0.395833 0.625000 0.397436 0.625000 0.400641 0.626603 0.403846 0.628205 0.405449 0.629808 0.405449 0.634615 0.403846 0.636218 0.400641
0 0.634615 0.397436 0.713141 0.346154 0.711538 0.346154 0.709936 0.346154 0.706731 0.347756 0.705128 0.349359 0.705128 0.350962 0.706731 0.354167 0.708333 0.355769 0.711538 0.355769 0.713141 0.355769 0.714744 0.352564
0 0.716346 0.349359 0.536859 0.451923 0.535256 0.451923 0.532051 0.451923 0.530449 0.453526 0.528846 0.455128 0.528846 0.458333 0.528846 0.459936 0.530449 0.461538 0.533654 0.463141 0.536859 0.461538 0.540064 0.458333
0 0.538462 0.455128 0.528846 0.466346 0.527244 0.466346 0.524038 0.466346 0.522436 0.467949 0.520833 0.469551 0.520833 0.472756 0.520833 0.474359 0.522436 0.475962 0.525641 0.475962 0.527244 0.477564 0.528846 0.472756
0 0.530449 0.469551 0.491987 0.323718 0.490385 0.323718 0.487179 0.323718 0.485577 0.323718 0.483974 0.325321 0.483974 0.328526 0.483974 0.331731 0.485577 0.333333 0.488782 0.333333 0.493590 0.331731 0.495192 0.328526
0 0.493590 0.325321 0.471154 0.302885 0.469551 0.304487 0.467949 0.301282 0.464744 0.302885 0.463141 0.304487 0.463141 0.307692 0.464744 0.310897 0.466346 0.312500 0.469551 0.312500 0.471154 0.312500 0.472756 0.309295
0 0.474359 0.304487 0.615385 0.488782 0.613782 0.488782 0.612179 0.488782 0.608974 0.488782 0.607372 0.490385 0.607372 0.493590 0.608974 0.496795 0.610577 0.498397 0.613782 0.498397 0.615385 0.498397 0.616987 0.495192
0 0.618590 0.490385 0.416667 0.649038 0.413462 0.649038 0.411859 0.649038 0.410256 0.650641 0.408654 0.652244 0.407051 0.653846 0.408654 0.657051 0.410256 0.658654 0.413462 0.658654 0.415064 0.660256 0.416667 0.655449
0 0.418269 0.652244 0.450321 0.669872 0.448718 0.669872 0.447115 0.669872 0.443910 0.669872 0.442308 0.671474 0.442308 0.674679 0.443910 0.677885 0.453526 0.679487 0.451923 0.676282 0.453526 0.671474 0.451923 0.679487
0 0.450321 0.679487 0.448718 0.679487 0.445513 0.679487 0.443910 0.681090 0.443910 0.684295 0.445513 0.687500 0.447115 0.689103 0.450321 0.689103 0.451923 0.689103 0.453526 0.685897 0.455128 0.681090 0.437500 0.689103
0 0.435897 0.689103 0.434295 0.689103 0.431090 0.689103 0.429487 0.690705 0.429487 0.693910 0.431090 0.697115 0.432692 0.698718 0.435897 0.698718 0.437500 0.698718 0.439103 0.695513 0.440705 0.690705 0.330128 0.674679
0 0.328526 0.674679 0.326923 0.674679 0.323718 0.674679 0.322115 0.676282 0.322115 0.679487 0.323718 0.682692 0.325321 0.684295 0.328526 0.684295 0.330128 0.684295 0.331731 0.681090 0.333333 0.676282 0.349359 0.713141
0 0.346154 0.713141 0.344551 0.713141 0.342949 0.714744 0.341346 0.716346 0.339744 0.717949 0.341346 0.721154 0.341346 0.722756 0.346154 0.722756 0.347756 0.724359 0.349359 0.719551 0.350962 0.716346 0.447115 0.708333
0 0.445513 0.708333 0.442308 0.708333 0.440705 0.711538 0.440705 0.713141 0.442308 0.716346 0.445513 0.716346 0.447115 0.716346 0.448718 0.713141 0.450321 0.709936 0.466346 0.741987 0.464744 0.741987 0.461538 0.741987
0 0.459936 0.745192 0.458333 0.746795 0.461538 0.750000 0.463141 0.750000 0.466346 0.750000 0.469551 0.746795 0.467949 0.743590 0.544872 0.711538 0.543269 0.711538 0.540064 0.713141 0.538462 0.714744 0.538462 0.717949
0 0.540064 0.719551 0.543269 0.721154 0.544872 0.721154 0.546474 0.717949 0.548077 0.713141 0.407051 0.758013 0.403846 0.758013 0.400641 0.759615 0.399038 0.761218 0.399038 0.764423
0 0.400641 0.767628 0.403846 0.767628 0.405449 0.767628 0.407051 0.764423 0.408654 0.761218 0.375000 0.783654 0.373397 0.783654 0.370192 0.785256 0.368590 0.786859 0.368590 0.788462
0 0.370192 0.791667 0.373397 0.791667 0.375000 0.793269 0.376603 0.790064 0.378205 0.785256 0.365385 0.791667 0.362179 0.791667 0.360577 0.793269 0.357372 0.794872 0.355769 0.796474
0 0.360577 0.798077 0.360577 0.799679 0.363782 0.799679 0.365385 0.798077 0.366987 0.793269 0.411859 0.769231 0.408654 0.767628 0.407051 0.769231 0.403846 0.772436 0.403846 0.774038
0 0.405449 0.777244 0.408654 0.777244 0.410256 0.777244 0.411859 0.774038 0.413462 0.770833 0.442308 0.798077 0.439103 0.798077 0.437500 0.798077 0.434295 0.801282 0.434295 0.802885
0 0.437500 0.806090 0.439103 0.806090 0.440705 0.807692 0.442308 0.804487 0.443910 0.799679 0.455128 0.807692 0.453526 0.804487 0.450321 0.806090 0.448718 0.807692 0.447115 0.810897
0 0.450321 0.814103 0.451923 0.814103 0.455128 0.814103 0.458333 0.810897 0.456731 0.807692 0.458333 0.791667 0.455128 0.791667 0.451923 0.793269 0.450321 0.794872 0.450321 0.798077
0 0.451923 0.801282 0.455128 0.801282 0.456731 0.801282 0.458333 0.798077 0.459936 0.793269 0.482372 0.791667 0.480769 0.791667 0.477564 0.793269 0.474359 0.794872 0.474359 0.798077
0 0.477564 0.799679 0.479167 0.801282 0.482372 0.799679 0.485577 0.796474 0.483974 0.793269 0.498397 0.767628 0.498397 0.762821 0.495192 0.764423 0.491987 0.766026 0.491987 0.769231
0 0.495192 0.772436 0.496795 0.772436 0.498397 0.772436 0.501603 0.769231 0.500000 0.766026 0.395833 0.831731 0.392628 0.831731 0.389423 0.833333 0.387821 0.834936 0.387821 0.838141
0 0.389423 0.839744 0.392628 0.841346 0.394231 0.841346 0.395833 0.838141 0.397436 0.833333 0.501603 0.778846 0.500000 0.778846 0.498397 0.780449 0.495192 0.782051 0.495192 0.785256
0 0.498397 0.788462 0.498397 0.790064 0.500000 0.788462 0.501603 0.785256 0.503205 0.782051 0.334936 0.871795 0.330128 0.871795 0.328526 0.871795 0.326923 0.873397 0.326923 0.876603
0 0.328526 0.878205 0.331731 0.879808 0.333333 0.879808 0.334936 0.876603 0.336538 0.871795 0.318910 0.879808 0.317308 0.876603 0.314103 0.878205 0.312500 0.881410 0.312500 0.883013
0 0.314103 0.886218 0.317308 0.886218 0.318910 0.886218 0.320513 0.883013 0.322115 0.879808 0.285256 0.741987 0.282051 0.741987 0.280449 0.743590 0.277244 0.745192 0.277244 0.746795
0 0.278846 0.750000 0.282051 0.750000 0.283654 0.751603 0.285256 0.748397 0.286859 0.743590 0.354167 0.751603 0.350962 0.751603 0.347756 0.751603 0.346154 0.754808 0.346154 0.756410
0 0.347756 0.759615 0.350962 0.759615 0.352564 0.759615 0.354167 0.756410 0.355769 0.753205 0.344551 0.761218 0.342949 0.761218 0.339744 0.762821 0.336538 0.764423 0.336538 0.767628
0 0.339744 0.770833 0.341346 0.770833 0.344551 0.769231 0.347756 0.766026 0.346154 0.762821 0.375000 0.836538 0.373397 0.831731 0.371795 0.833333 0.368590 0.834936 0.368590 0.838141
0 0.371795 0.841346 0.373397 0.841346 0.376603 0.839744 0.378205 0.838141 0.376603 0.834936 0.256410 0.671474 0.258013 0.663462 0.254808 0.657051 0.248397 0.655449 0.241987 0.655449
0 0.237179 0.658654 0.233974 0.663462 0.232372 0.666667 0.233974 0.671474 0.237179 0.676282 0.241987 0.679487 0.248397 0.677885 0.253205 0.676282 0.259615 0.618590 0.258013 0.612179
0 0.256410 0.604167 0.251603 0.600962 0.245192 0.602564 0.240385 0.605769 0.235577 0.610577 0.235577 0.615385 0.235577 0.620192 0.240385 0.625000 0.243590 0.626603 0.250000 0.626603
0 0.256410 0.623397 0.264423 0.573718 0.262821 0.570513 0.259615 0.568910 0.256410 0.568910 0.254808 0.570513 0.254808 0.573718 0.256410 0.575321 0.258013 0.576923 0.259615 0.576923 0.262821 0.575321 0.283654 0.620192 0.283654 0.615385
0 0.280449 0.615385 0.278846 0.616987 0.277244 0.618590 0.278846 0.620192 0.280449 0.621795 0.282051 0.621795 0.299679 0.604167 0.298077 0.599359 0.296474 0.599359 0.293269 0.599359 0.291667 0.602564 0.293269 0.604167 0.294872 0.605769
0 0.298077 0.605769 0.312500 0.605769 0.310897 0.602564 0.309295 0.599359 0.306090 0.600962 0.304487 0.602564 0.306090 0.604167 0.307692 0.605769 0.309295 0.605769 0.320513 0.615385 0.318910 0.612179
0 0.317308 0.608974 0.314103 0.610577 0.312500 0.612179 0.314103 0.615385 0.315705 0.616987 0.318910 0.616987 0.358974 0.589744 0.358974 0.584936
0 0.355769 0.583333 0.354167 0.584936 0.352564 0.586538 0.354167 0.589744 0.355769 0.589744 0.357372 0.589744 0.370192 0.586538 0.368590 0.581731
0 0.365385 0.581731 0.363782 0.581731 0.362179 0.583333 0.363782 0.586538 0.365385 0.588141 0.366987 0.588141 0.443910 0.623397 0.439103 0.618590
0 0.432692 0.618590 0.429487 0.621795 0.427885 0.628205 0.429487 0.633013 0.432692 0.634615 0.437500 0.636218 0.442308 0.633013 0.443910 0.628205
0 0.485577 0.605769 0.480769 0.600962 0.474359 0.602564 0.469551 0.604167 0.467949 0.610577 0.471154 0.615385 0.474359 0.618590 0.479167 0.618590
0 0.483974 0.615385 0.485577 0.610577 0.399038 0.330128 0.395833 0.326923 0.391026 0.328526 0.391026 0.331731 0.391026 0.333333 0.392628 0.336538
0 0.394231 0.339744 0.397436 0.336538 0.399038 0.333333 0.389423 0.317308 0.386218 0.315705 0.383013 0.317308 0.381410 0.318910 0.381410 0.322115 0.383013 0.325321 0.386218 0.325321
0 0.387821 0.325321 0.389423 0.320513 0.286859 0.386218 0.285256 0.383013 0.282051 0.383013 0.280449 0.384615 0.280449 0.387821 0.282051 0.391026 0.283654 0.391026 0.286859 0.389423
0 0.288462 0.386218 0.588141 0.333333 0.586538 0.330128 0.581731 0.331731 0.580128 0.334936 0.581731 0.336538 0.583333 0.339744 0.584936 0.341346 0.588141 0.339744
0 0.589744 0.336538 0.508013 0.269231 0.506410 0.266026 0.503205 0.266026 0.501603 0.267628 0.500000 0.269231 0.498397 0.274038 0.500000 0.275641 0.501603 0.278846
0 0.504808 0.278846 0.508013 0.278846 0.508013 0.277244 0.509615 0.272436 0.511218 0.269231 0.633013 0.267628 0.629808 0.264423 0.623397 0.264423 0.620192 0.264423
0 0.616987 0.270833 0.618590 0.275641 0.623397 0.280449 0.629808 0.278846 0.633013 0.275641 0.634615 0.270833 0.679487 0.209936 0.676282 0.206731 0.671474 0.208333
0 0.668269 0.211538 0.669872 0.213141 0.673077 0.214744 0.674679 0.217949 0.677885 0.214744 0.679487 0.213141 0.685897 0.237179 0.682692 0.233974 0.677885 0.235577 0.677885 0.238782 0.677885 0.240385 0.679487 0.243590 0.681090 0.246795
0 0.684295 0.243590 0.685897 0.240385 0.798077 0.217949 0.796474 0.214744 0.791667 0.216346 0.788462 0.217949 0.791667 0.219551 0.793269 0.221154 0.794872 0.222756 0.796474 0.222756
0 0.799679 0.219551 0.801282 0.233974 0.798077 0.233974 0.794872 0.233974 0.793269 0.235577 0.793269 0.237179 0.793269 0.241987 0.794872 0.245192 0.796474 0.246795
0 0.799679 0.248397 0.801282 0.246795 0.804487 0.243590 0.806090 0.240385 0.804487 0.235577 0.860577 0.197115 0.858974 0.193910 0.855769 0.193910 0.854167 0.195513
0 0.852564 0.198718 0.855769 0.201923 0.857372 0.201923 0.858974 0.201923 0.862179 0.198718 0.826923 0.307692 0.825321 0.306090 0.822115 0.307692 0.822115 0.310897
0 0.823718 0.312500 0.826923 0.314103 0.828526 0.314103 0.828526 0.309295 0.833333 0.299679 0.831731 0.296474 0.828526 0.298077 0.826923 0.299679 0.825321 0.301282 0.828526 0.304487 0.830128 0.304487 0.834936 0.299679 0.839744 0.302885
0 0.836538 0.302885 0.833333 0.302885 0.831731 0.304487 0.831731 0.307692 0.833333 0.309295 0.834936 0.312500 0.838141 0.309295 0.839744 0.306090 0.887821 0.294872
0 0.886218 0.291667 0.883013 0.291667 0.881410 0.293269 0.879808 0.296474 0.883013 0.298077 0.884615 0.299679 0.887821 0.298077 0.887821 0.296474 0.897436 0.282051
0 0.895833 0.282051 0.892628 0.280449 0.891026 0.282051 0.891026 0.285256 0.892628 0.286859 0.894231 0.288462 0.897436 0.286859 0.899038 0.283654 0.804487 0.331731
0 0.801282 0.331731 0.798077 0.331731 0.796474 0.333333 0.796474 0.336538 0.798077 0.338141 0.801282 0.339744 0.802885 0.339744 0.804487 0.334936 0.828526 0.270833
0 0.825321 0.270833 0.822115 0.270833 0.818910 0.272436 0.818910 0.274038 0.818910 0.278846 0.820513 0.282051 0.822115 0.283654 0.825321 0.285256 0.828526 0.283654
0 0.831731 0.280449 0.833333 0.277244 0.831731 0.272436 0.798077 0.275641 0.794872 0.274038 0.793269 0.274038 0.790064 0.275641 0.790064 0.277244 0.790064 0.282051
0 0.791667 0.285256 0.793269 0.286859 0.796474 0.286859 0.801282 0.285256 0.802885 0.282051 0.804487 0.278846 0.801282 0.277244 0.868590 0.341346 0.865385 0.341346
0 0.862179 0.341346 0.858974 0.344551 0.857372 0.346154 0.857372 0.349359 0.858974 0.352564 0.860577 0.354167 0.863782 0.355769 0.868590 0.354167 0.868590 0.352564 0.870192 0.349359 0.871795 0.344551 0.846154 0.368590 0.842949 0.366987
0 0.839744 0.368590 0.836538 0.370192 0.836538 0.371795 0.836538 0.375000 0.836538 0.378205 0.839744 0.379808 0.842949 0.379808 0.847756 0.379808 0.847756 0.376603 0.849359 0.373397 0.847756 0.370192 0.916667 0.360577 0.913462 0.360577
0 0.910256 0.360577 0.907051 0.363782 0.907051 0.365385 0.907051 0.368590 0.908654 0.371795 0.908654 0.375000 0.913462 0.375000 0.915064 0.375000 0.918269 0.371795 0.919872 0.366987 0.919872 0.362179 0.950321 0.400641 0.947115 0.399038
0 0.943910 0.400641 0.940705 0.402244 0.940705 0.403846 0.939103 0.410256 0.940705 0.413462 0.942308 0.413462 0.947115 0.413462 0.950321 0.413462 0.953526 0.410256 0.951923 0.407051 0.953526 0.402244 0.982372 0.386218 0.977564 0.386218
0 0.975962 0.387821 0.974359 0.387821 0.972756 0.389423 0.972756 0.394231 0.974359 0.397436 0.975962 0.399038 0.979167 0.400641 0.980769 0.399038 0.983974 0.395833 0.983974 0.387821 0.943910 0.442308 0.942308 0.439103 0.940705 0.440705
0 0.937500 0.442308 0.935897 0.443910 0.935897 0.448718 0.937500 0.451923 0.939103 0.453526 0.942308 0.453526 0.945513 0.451923 0.947115 0.448718 0.948718 0.445513 0.947115 0.442308 0.974359 0.421474 0.969551 0.421474 0.967949 0.421474
0 0.964744 0.423077 0.963141 0.426282 0.963141 0.431090 0.964744 0.432692 0.964744 0.434295 0.967949 0.434295 0.972756 0.434295 0.975962 0.431090 0.977564 0.426282 0.975962 0.423077 0.926282 0.463141 0.923077 0.464744 0.921474 0.463141
0 0.918269 0.464744 0.916667 0.466346 0.916667 0.471154 0.918269 0.474359 0.919872 0.475962 0.921474 0.479167 0.924679 0.475962 0.927885 0.472756 0.929487 0.469551 0.927885 0.464744 0.964744 0.448718 0.959936 0.447115 0.958333 0.447115
0 0.955128 0.448718 0.955128 0.450321 0.953526 0.453526 0.955128 0.456731 0.956731 0.459936 0.961538 0.459936 0.964744 0.459936 0.964744 0.458333 0.964744 0.455128 0.966346 0.448718 0.950321 0.487179 0.947115 0.487179 0.945513 0.487179
0 0.942308 0.490385 0.942308 0.491987 0.940705 0.495192 0.942308 0.498397 0.942308 0.500000 0.947115 0.500000 0.950321 0.500000 0.951923 0.500000 0.951923 0.495192 0.953526 0.490385 0.948718 0.455128 0.945513 0.456731 0.943910 0.456731
0 0.940705 0.458333 0.939103 0.459936 0.939103 0.463141 0.940705 0.466346 0.942308 0.469551 0.945513 0.469551 0.948718 0.467949 0.950321 0.464744 0.951923 0.461538 0.950321 0.458333
0 0.942308 0.368590 0.937500 0.368590 0.935897 0.368590 0.932692 0.371795 0.932692 0.373397 0.932692 0.376603 0.934295 0.379808 0.934295 0.383013 0.937500 0.383013 0.940705 0.381410 0.943910 0.378205 0.945513 0.375000 0.943910 0.370192
0 0.956731 0.347756 0.953526 0.347756 0.951923 0.349359 0.950321 0.350962 0.948718 0.352564 0.948718 0.355769 0.950321 0.358974 0.951923 0.362179 0.953526 0.363782 0.958333 0.360577 0.959936 0.357372 0.961538 0.354167 0.959936 0.350962
0 0.982372 0.363782 0.979167 0.362179 0.975962 0.363782 0.974359 0.366987 0.972756 0.366987 0.972756 0.371795 0.974359 0.375000 0.974359 0.378205 0.977564 0.376603 0.982372 0.375000
0 0.983974 0.371795 0.875000 0.355769 0.873397 0.352564 0.871795 0.354167 0.868590 0.355769 0.868590 0.358974 0.870192 0.360577 0.873397 0.362179 0.876603 0.360577 0.876603 0.358974 0.849359 0.357372 0.846154 0.355769 0.842949 0.357372
0 0.841346 0.360577 0.842949 0.360577 0.842949 0.365385 0.846154 0.363782 0.847756 0.365385 0.849359 0.360577 0.842949 0.386218 0.841346 0.383013 0.838141 0.383013 0.834936 0.384615 0.834936 0.387821 0.836538 0.391026 0.839744 0.391026
0 0.842949 0.389423 0.844551 0.386218 0.884615 0.407051 0.881410 0.407051 0.879808 0.407051 0.876603 0.408654 0.876603 0.411859 0.878205 0.413462 0.881410 0.415064 0.883013 0.415064 0.884615 0.410256 0.923077 0.482372 0.921474 0.482372
0 0.918269 0.482372 0.915064 0.483974 0.915064 0.485577 0.913462 0.490385 0.915064 0.493590 0.916667 0.495192 0.921474 0.496795 0.923077 0.496795 0.924679 0.493590 0.926282 0.488782 0.926282 0.483974 0.849359 0.546474 0.846154 0.544872
0 0.842949 0.546474 0.839744 0.548077 0.838141 0.549679 0.838141 0.554487 0.839744 0.557692 0.841346 0.559295 0.846154 0.559295 0.849359 0.557692 0.850962 0.552885 0.852564 0.548077 0.814103 0.536859 0.810897 0.536859 0.807692 0.538462
0 0.806090 0.540064 0.804487 0.541667 0.804487 0.546474 0.806090 0.549679 0.807692 0.551282 0.810897 0.551282 0.815705 0.549679 0.815705 0.548077 0.817308 0.543269 0.815705 0.541667 0.791667 0.500000 0.790064 0.500000 0.786859 0.500000
0 0.783654 0.501603 0.782051 0.503205 0.782051 0.508013 0.783654 0.511218 0.785256 0.512821 0.790064 0.512821 0.791667 0.514423 0.794872 0.511218 0.796474 0.506410 0.794872 0.503205 0.842949 0.439103 0.839744 0.439103 0.836538 0.440705
0 0.833333 0.442308 0.831731 0.443910 0.831731 0.447115 0.833333 0.450321 0.834936 0.453526 0.839744 0.453526 0.841346 0.453526 0.842949 0.451923 0.844551 0.447115 0.846154 0.442308 0.857372 0.432692 0.855769 0.432692 0.854167 0.432692
0 0.850962 0.434295 0.849359 0.435897 0.849359 0.440705 0.850962 0.443910 0.852564 0.445513 0.855769 0.445513 0.857372 0.447115 0.860577 0.442308 0.862179 0.437500
0 0.860577 0.434295 0.878205 0.459936 0.875000 0.459936 0.871795 0.459936 0.868590 0.463141 0.868590 0.464744 0.866987 0.467949 0.868590 0.471154 0.870192 0.472756
0 0.875000 0.474359 0.878205 0.474359 0.878205 0.472756 0.879808 0.467949 0.881410 0.463141 0.732372 0.461538 0.729167 0.461538 0.725962 0.463141 0.722756 0.464744
0 0.722756 0.466346 0.721154 0.469551 0.722756 0.472756 0.724359 0.475962 0.729167 0.475962 0.732372 0.475962 0.732372 0.474359 0.733974 0.469551 0.735577 0.464744
0 0.769231 0.443910 0.767628 0.443910 0.764423 0.443910 0.762821 0.445513 0.761218 0.447115 0.761218 0.448718 0.761218 0.451923 0.762821 0.453526 0.766026 0.453526 0.769231 0.453526 0.772436 0.450321 0.770833 0.447115 0.759615 0.371795
0 0.758013 0.371795 0.756410 0.371795 0.753205 0.373397 0.751603 0.373397 0.751603 0.376603 0.753205 0.379808 0.754808 0.381410 0.758013 0.381410 0.759615 0.381410 0.761218 0.378205 0.762821 0.373397 0.754808 0.358974 0.753205 0.358974
0 0.751603 0.358974 0.748397 0.360577 0.746795 0.362179 0.746795 0.363782 0.748397 0.366987 0.750000 0.368590 0.753205 0.368590 0.754808 0.368590 0.756410 0.365385 0.758013 0.362179 0.825321 0.439103 0.822115 0.439103 0.820513 0.439103
0 0.818910 0.439103 0.815705 0.440705 0.815705 0.443910 0.817308 0.447115 0.818910 0.448718 0.822115 0.448718 0.823718 0.450321 0.825321 0.445513 0.826923 0.440705 0.826923 0.479167 0.825321 0.479167 0.822115 0.479167 0.820513 0.479167
0 0.818910 0.480769 0.818910 0.483974 0.818910 0.487179 0.820513 0.488782 0.823718 0.488782 0.828526 0.487179 0.830128 0.483974 0.828526 0.480769 0.841346 0.482372 0.839744 0.482372 0.836538 0.482372 0.834936 0.482372 0.833333 0.483974
0 0.833333 0.487179 0.833333 0.490385 0.834936 0.491987 0.838141 0.491987 0.842949 0.490385 0.844551 0.487179 0.842949 0.483974 0.802885 0.551282 0.799679 0.552885 0.798077 0.549679 0.796474 0.551282 0.793269 0.552885 0.793269 0.556090
0 0.794872 0.557692 0.796474 0.560897 0.799679 0.560897 0.801282 0.562500 0.802885 0.557692 0.804487 0.552885 0.839744 0.560897 0.838141 0.560897 0.834936 0.560897 0.833333 0.562500 0.831731 0.564103 0.830128 0.565705 0.831731 0.568910
0 0.833333 0.570513 0.836538 0.570513 0.838141 0.572115 0.839744 0.567308 0.841346 0.564103 0.881410 0.527244 0.878205 0.527244 0.876603 0.527244 0.875000 0.527244 0.871795 0.528846 0.871795 0.532051 0.873397 0.535256 0.875000 0.536859
0 0.878205 0.536859 0.879808 0.538462 0.881410 0.533654 0.883013 0.528846 0.899038 0.511218 0.897436 0.511218 0.895833 0.512821 0.894231 0.512821 0.892628 0.514423 0.892628 0.517628 0.892628 0.519231 0.894231 0.520833
0 0.895833 0.522436 0.899038 0.520833 0.902244 0.517628 0.900641 0.514423 0.753205 0.549679 0.753205 0.551282 0.751603 0.549679 0.748397 0.551282 0.746795 0.552885 0.746795 0.554487 0.748397 0.557692 0.750000 0.559295
0 0.751603 0.559295 0.753205 0.559295 0.754808 0.556090 0.756410 0.552885 0.418269 0.514423 0.416667 0.514423 0.413462 0.512821 0.411859 0.514423 0.410256 0.516026 0.410256 0.519231 0.410256 0.520833 0.411859 0.524038
0 0.415064 0.524038 0.419872 0.522436 0.421474 0.519231 0.419872 0.516026 0.705128 0.540064 0.703526 0.540064 0.700321 0.540064 0.698718 0.540064 0.697115 0.541667 0.697115 0.544872 0.697115 0.548077 0.698718 0.549679
0 0.701923 0.549679 0.706731 0.548077 0.708333 0.544872 0.706731 0.541667 0.719551 0.501603 0.716346 0.500000 0.714744 0.500000 0.711538 0.501603 0.709936 0.503205 0.709936 0.506410 0.711538 0.508013 0.713141 0.509615
0 0.714744 0.512821 0.716346 0.511218 0.719551 0.508013 0.721154 0.503205 0.793269 0.592949 0.791667 0.594551 0.790064 0.591346 0.786859 0.592949 0.785256 0.594551 0.785256 0.597756 0.786859 0.599359 0.788462 0.602564
0 0.791667 0.602564 0.793269 0.602564 0.794872 0.599359 0.796474 0.594551 0.969551 0.508013 0.967949 0.508013 0.966346 0.508013 0.964744 0.509615 0.963141 0.511218 0.961538 0.512821 0.963141 0.516026 0.964744 0.517628
0 0.966346 0.519231 0.967949 0.519231 0.969551 0.514423 0.971154 0.511218 0.967949 0.472756 0.966346 0.472756 0.964744 0.472756 0.963141 0.474359 0.961538 0.475962 0.959936 0.477564 0.961538 0.480769 0.963141 0.482372
0 0.966346 0.482372 0.967949 0.483974 0.967949 0.479167 0.969551 0.475962 0.935897 0.546474 0.934295 0.546474 0.931090 0.546474 0.929487 0.546474 0.927885 0.548077 0.927885 0.551282 0.927885 0.554487 0.929487 0.556090
0 0.932692 0.556090 0.934295 0.557692 0.935897 0.552885 0.937500 0.548077 0.924679 0.528846 0.923077 0.530449 0.921474 0.528846 0.919872 0.528846 0.918269 0.530449 0.916667 0.533654 0.918269 0.536859 0.919872 0.538462
0 0.921474 0.540064 0.923077 0.540064 0.924679 0.535256 0.926282 0.530449 0.884615 0.599359 0.883013 0.599359 0.879808 0.599359 0.876603 0.600962 0.876603 0.602564 0.875000 0.602564 0.876603 0.605769 0.878205 0.607372
0 0.881410 0.607372 0.883013 0.607372 0.884615 0.605769 0.884615 0.600962 0.870192 0.596154 0.868590 0.592949 0.865385 0.592949 0.863782 0.594551 0.862179 0.596154 0.860577 0.599359 0.862179 0.600962 0.863782 0.604167
0 0.866987 0.604167 0.868590 0.604167 0.870192 0.600962 0.871795 0.596154 0.895833 0.586538 0.892628 0.583333 0.889423 0.581731 0.887821 0.581731 0.884615 0.583333 0.881410 0.586538 0.881410 0.589744 0.881410 0.594551
0 0.886218 0.596154 0.887821 0.596154 0.891026 0.594551 0.895833 0.591346 0.839744 0.623397 0.836538 0.620192 0.833333 0.618590 0.830128 0.618590 0.826923 0.620192 0.823718 0.623397 0.823718 0.626603 0.825321 0.629808
0 0.828526 0.633013 0.831731 0.633013 0.838141 0.631410 0.839744 0.628205 0.814103 0.636218 0.810897 0.633013 0.807692 0.631410 0.804487 0.631410 0.801282 0.633013 0.798077 0.637821 0.796474 0.641026 0.798077 0.644231
0 0.801282 0.644231 0.806090 0.645833 0.810897 0.642628 0.814103 0.639423 0.871795 0.554487 0.870192 0.554487 0.868590 0.554487 0.865385 0.554487 0.865385 0.559295 0.863782 0.559295 0.865385 0.562500 0.866987 0.564103
0 0.870192 0.564103 0.871795 0.564103 0.873397 0.560897 0.875000 0.556090 0.860577 0.551282 0.857372 0.554487 0.857372 0.549679 0.855769 0.551282 0.852564 0.552885 0.852564 0.556090 0.854167 0.557692 0.855769 0.560897
0 0.857372 0.562500 0.858974 0.562500 0.860577 0.557692 0.862179 0.552885 0.729167 0.669872 0.725962 0.669872 0.724359 0.669872 0.722756 0.671474 0.719551 0.673077 0.719551 0.674679 0.721154 0.677885 0.722756 0.679487
0 0.725962 0.679487 0.727564 0.679487 0.729167 0.676282 0.730769 0.673077 0.745192 0.671474 0.741987 0.671474 0.740385 0.671474 0.738782 0.671474 0.737179 0.673077 0.735577 0.676282 0.737179 0.679487 0.738782 0.681090
0 0.741987 0.679487 0.743590 0.681090 0.745192 0.677885 0.746795 0.673077 0.681090 0.647436 0.677885 0.647436 0.676282 0.647436 0.674679 0.649038 0.673077 0.650641 0.671474 0.652244 0.673077 0.655449 0.674679 0.657051
0 0.677885 0.657051 0.679487 0.658654 0.681090 0.653846 0.682692 0.650641 0.600962 0.657051 0.599359 0.657051 0.596154 0.657051 0.594551 0.658654 0.592949 0.660256 0.592949 0.661859 0.592949 0.665064 0.594551 0.666667
0 0.597756 0.666667 0.600962 0.666667 0.604167 0.663462 0.602564 0.660256 0.599359 0.674679 0.597756 0.671474 0.594551 0.671474 0.592949 0.673077 0.591346 0.674679 0.589744 0.677885 0.591346 0.679487 0.592949 0.681090
0 0.596154 0.682692 0.597756 0.682692 0.599359 0.679487 0.600962 0.674679 0.591346 0.634615 0.589744 0.634615 0.586538 0.634615 0.584936 0.634615 0.583333 0.636218 0.583333 0.639423 0.583333 0.642628 0.584936 0.644231
0 0.588141 0.644231 0.592949 0.642628 0.594551 0.639423 0.592949 0.636218 0.636218 0.615385 0.634615 0.615385 0.633013 0.615385 0.629808 0.615385 0.628205 0.616987 0.628205 0.620192 0.629808 0.623397 0.631410 0.625000
0 0.634615 0.625000 0.637821 0.623397 0.639423 0.620192 0.637821 0.616987 0.602564 0.607372 0.599359 0.607372 0.597756 0.610577 0.597756 0.612179 0.599359 0.615385 0.600962 0.616987 0.602564 0.615385 0.604167 0.612179
0 0.605769 0.608974 0.655449 0.607372 0.652244 0.607372 0.650641 0.607372 0.649038 0.608974 0.645833 0.610577 0.645833 0.612179 0.647436 0.615385 0.649038 0.616987 0.652244 0.616987 0.653846 0.616987 0.655449 0.613782
0 0.657051 0.610577 0.647436 0.588141 0.645833 0.588141 0.642628 0.588141 0.641026 0.588141 0.639423 0.589744 0.637821 0.592949 0.639423 0.596154 0.641026 0.597756 0.644231 0.597756 0.645833 0.599359 0.647436 0.594551
0 0.649038 0.589744 0.535256 0.685897 0.532051 0.685897 0.530449 0.685897 0.528846 0.685897 0.525641 0.687500 0.525641 0.690705 0.527244 0.693910 0.528846 0.695513 0.532051 0.695513 0.533654 0.697115 0.535256 0.692308
0 0.536859 0.687500 0.541667 0.546474 0.540064 0.546474 0.538462 0.546474 0.535256 0.546474 0.533654 0.548077 0.533654 0.551282 0.535256 0.554487 0.536859 0.556090 0.540064 0.556090 0.541667 0.556090 0.543269 0.552885
0 0.544872 0.548077 0.500000 0.528846 0.498397 0.528846 0.496795 0.530449 0.496795 0.533654 0.498397 0.535256 0.498397 0.536859 0.501603 0.535256 0.503205 0.532051 0.501603 0.528846 0.519231 0.469551 0.517628 0.466346
0 0.514423 0.464744 0.511218 0.466346 0.511218 0.469551 0.511218 0.472756 0.512821 0.472756 0.514423 0.474359 0.517628 0.471154 0.514423 0.455128 0.512821 0.451923 0.509615 0.451923 0.506410 0.453526 0.506410 0.456731
0 0.508013 0.458333 0.509615 0.459936 0.511218 0.459936 0.514423 0.458333 0.709936 0.275641 0.706731 0.275641 0.705128 0.275641 0.701923 0.277244 0.700321 0.280449 0.700321 0.283654 0.701923 0.286859 0.703526 0.288462
0 0.706731 0.290064 0.711538 0.288462 0.713141 0.285256 0.714744 0.282051 0.713141 0.278846 0.557692 0.237179 0.552885 0.235577 0.544872 0.235577 0.541667 0.237179 0.538462 0.243590 0.540064 0.246795 0.544872 0.251603
0 0.552885 0.251603 0.556090 0.248397 0.559295 0.243590 0.735577 0.158654 0.730769 0.157051 0.727564 0.160256 0.725962 0.161859 0.727564 0.165064 0.729167 0.168269 0.730769 0.169872 0.733974 0.168269 0.737179 0.165064
0 0.737179 0.160256 0.796474 0.386218 0.793269 0.384615 0.791667 0.386218 0.788462 0.387821 0.788462 0.391026 0.790064 0.392628 0.793269 0.394231 0.796474 0.392628 0.798077 0.389423 0.966346 0.445513 0.966346 0.443910
0 0.966346 0.437500 0.964744 0.435897 0.963141 0.437500 0.959936 0.437500 0.959936 0.440705 0.961538 0.443910 0.964744 0.443910 0.709936 0.487179 0.708333 0.487179 0.705128 0.487179 0.703526 0.488782 0.701923 0.490385
0 0.701923 0.491987 0.701923 0.495192 0.703526 0.496795 0.706731 0.498397 0.708333 0.498397 0.709936 0.495192 0.711538 0.490385 0.341346 0.549679 0.339744 0.544872
