0 0.582812 0.206481 0.580208 0.208333 0.578646 0.214815 0.579167 0.220370 0.580729 0.225926 0.584896 0.226852 0.589583 0.224074 0.590625 0.219444 0.590104 0.212037 0.588021 0.208333 0.585938 0.205556
0 0.569792 0.238889 0.566667 0.241667 0.565625 0.247222 0.565625 0.253704 0.567708 0.258333 0.571875 0.260185 0.576042 0.256481 0.577083 0.252778 0.576563 0.245370 0.575000 0.240741 0.572396 0.237963
0 0.619792 0.226852 0.617188 0.230556 0.616146 0.236111 0.616667 0.241667 0.618229 0.247222 0.622917 0.248148 0.626562 0.246296 0.627604 0.240741 0.627604 0.233333 0.626042 0.228704 0.622917 0.225926
0 0.615625 0.200000 0.613021 0.202778 0.611458 0.208333 0.611979 0.213889 0.614062 0.218519 0.618229 0.220370 0.622396 0.217593 0.623438 0.213889 0.623438 0.206481 0.621875 0.201852 0.618750 0.199074
0 0.518229 0.200000 0.515625 0.203704 0.514063 0.209259 0.514063 0.215741 0.516146 0.220370 0.520312 0.222222 0.525000 0.218519 0.526042 0.213889 0.525521 0.207407 0.523958 0.201852 0.520833 0.200000
0 0.598958 0.308333 0.596354 0.312037 0.594792 0.317593 0.595312 0.324074 0.596875 0.328704 0.601042 0.330556 0.605729 0.326852 0.606771 0.323148 0.606250 0.315741 0.604688 0.310185 0.602083 0.307407
0 0.642187 0.347222 0.639583 0.350926 0.638021 0.356481 0.639063 0.362963 0.641146 0.367593 0.644792 0.369444 0.648958 0.365741 0.650000 0.361111 0.650000 0.354630 0.648438 0.349074 0.645833 0.346296
0 0.586979 0.372222 0.584375 0.375000 0.582812 0.381481 0.582812 0.387037 0.584896 0.392593 0.589063 0.393519 0.593750 0.390741 0.594792 0.386111 0.594271 0.378704 0.592708 0.374074 0.590104 0.371296
0 0.542708 0.284259 0.539583 0.287037 0.538542 0.291667 0.538542 0.298148 0.540625 0.302778 0.544792 0.304630 0.548958 0.301852 0.550000 0.297222 0.550000 0.290741 0.548437 0.286111 0.545833 0.282407
0 0.477083 0.218519 0.474479 0.222222 0.472917 0.227778 0.473437 0.234259 0.475000 0.237963 0.479688 0.239815 0.483854 0.237037 0.484896 0.233333 0.484375 0.225926 0.483333 0.220370 0.480208 0.217593
0 0.637500 0.319444 0.634896 0.322222 0.633333 0.328704 0.633854 0.334259 0.635938 0.339815 0.640104 0.340741 0.644271 0.337963 0.645312 0.333333 0.645312 0.326852 0.643229 0.322222 0.640625 0.319444
0 0.433854 0.247222 0.431250 0.250000 0.429688 0.256481 0.430208 0.262037 0.431771 0.266667 0.436458 0.268519 0.440625 0.265741 0.441667 0.261111 0.441146 0.253704 0.439583 0.249074 0.436979 0.246296
0 0.453125 0.243519 0.450521 0.247222 0.448958 0.252778 0.449479 0.259259 0.451042 0.263889 0.455729 0.265741 0.459896 0.262037 0.460938 0.258333 0.460417 0.250926 0.459375 0.245370 0.456250 0.242593
0 0.445833 0.275926 0.443229 0.279630 0.441667 0.285185 0.441667 0.291667 0.443750 0.295370 0.447917 0.296296 0.452604 0.293519 0.453646 0.289815 0.453125 0.283333 0.451562 0.277778 0.448958 0.275000
0 0.455729 0.323148 0.452604 0.326852 0.451562 0.332407 0.451562 0.338889 0.453646 0.343519 0.457812 0.345370 0.461979 0.341667 0.463021 0.337963 0.463021 0.330556 0.461458 0.325000 0.458854 0.322222
0 0.581250 0.134259 0.578125 0.137037 0.577083 0.142593 0.577083 0.149074 0.578646 0.153704 0.583333 0.154630 0.587500 0.152778 0.588542 0.148148 0.588542 0.140741 0.586979 0.136111 0.583854 0.133333
0 0.564062 0.129630 0.561458 0.131481 0.559896 0.137037 0.560417 0.143519 0.562500 0.148148 0.566667 0.150000 0.570833 0.147222 0.571875 0.142593 0.571354 0.135185 0.569271 0.131481 0.567187 0.128704
0 0.641667 0.206481 0.639583 0.209259 0.638021 0.215741 0.637500 0.221296 0.640104 0.225926 0.644271 0.226852 0.648438 0.225000 0.650000 0.220370 0.648958 0.213889 0.647396 0.208333 0.644792 0.205556
0 0.659375 0.213889 0.656771 0.216667 0.655208 0.223148 0.655729 0.227778 0.657812 0.233333 0.661458 0.234259 0.666146 0.231481 0.667188 0.227778 0.666667 0.221296 0.665104 0.215741 0.662500 0.212963
0 0.684896 0.259259 0.682292 0.262037 0.680729 0.268519 0.681250 0.274074 0.682813 0.279630 0.686458 0.280556 0.691667 0.277778 0.692708 0.273148 0.692187 0.266667 0.690625 0.261111 0.688021 0.258333
0 0.699479 0.364815 0.696875 0.368519 0.695312 0.374074 0.696354 0.380556 0.698438 0.385185 0.702083 0.386111 0.706250 0.383333 0.707292 0.378704 0.707292 0.372222 0.705729 0.366667 0.702604 0.363889
0 0.655729 0.374074 0.653125 0.376852 0.651563 0.383333 0.652083 0.388889 0.654167 0.393519 0.658333 0.395370 0.662500 0.392593 0.663542 0.387963 0.663542 0.380556 0.661979 0.375926 0.658854 0.373148
0 0.678646 0.330556 0.676562 0.334259 0.675000 0.338889 0.675521 0.345370 0.677083 0.350000 0.681771 0.351852 0.685417 0.348148 0.686458 0.343519 0.685938 0.337963 0.684896 0.332407 0.681771 0.329630
0 0.700000 0.309259 0.697396 0.312963 0.696354 0.318519 0.696354 0.325000 0.698438 0.329630 0.702604 0.331481 0.706771 0.327778 0.707292 0.324074 0.707292 0.316667 0.705729 0.311111 0.703125 0.308333
0 0.723958 0.313889 0.721354 0.316667 0.719792 0.322222 0.719792 0.328704 0.721875 0.333333 0.726042 0.335185 0.730729 0.332407 0.731771 0.327778 0.731250 0.320370 0.729688 0.315741 0.727083 0.312037
0 0.794271 0.256481 0.791146 0.259259 0.790104 0.263889 0.790625 0.270370 0.792708 0.275000 0.796875 0.276852 0.801042 0.274074 0.801562 0.270370 0.801562 0.262963 0.800000 0.258333 0.796875 0.254630
0 0.763542 0.308333 0.760938 0.312037 0.759375 0.317593 0.759896 0.323148 0.761458 0.327778 0.765625 0.329630 0.769792 0.326852 0.771354 0.323148 0.770833 0.315741 0.769271 0.310185 0.766667 0.307407
0 0.803125 0.331481 0.800521 0.334259 0.799479 0.339815 0.799479 0.345370 0.801562 0.350000 0.805208 0.351852 0.809896 0.350000 0.810938 0.345370 0.810417 0.337963 0.808854 0.333333 0.806250 0.329630
0 0.820833 0.271296 0.817708 0.275000 0.817187 0.279630 0.817708 0.285185 0.819792 0.290741 0.823958 0.291667 0.827604 0.288889 0.828646 0.284259 0.828646 0.278704 0.827083 0.273148 0.823958 0.270370
0 0.835938 0.257407 0.833854 0.261111 0.832292 0.266667 0.832812 0.273148 0.834896 0.277778 0.839063 0.279630 0.842708 0.275926 0.843750 0.272222 0.843750 0.264815 0.841667 0.260185 0.839583 0.257407
0 0.729167 0.151852 0.726042 0.154630 0.725521 0.160185 0.726042 0.165741 0.727604 0.171296 0.732292 0.172222 0.735937 0.169444 0.736979 0.164815 0.736979 0.158333 0.735417 0.153704 0.732292 0.150926
0 0.752604 0.125926 0.750000 0.129630 0.748958 0.134259 0.748958 0.140741 0.751042 0.145370 0.755208 0.147222 0.759896 0.143519 0.760417 0.139815 0.759896 0.133333 0.758333 0.127778 0.755729 0.125000
0 0.795833 0.105556 0.793750 0.107407 0.792188 0.112963 0.792708 0.118519 0.794792 0.124074 0.798958 0.125000 0.802604 0.123148 0.803646 0.118519 0.803646 0.111111 0.802083 0.107407 0.798958 0.103704
0 0.821354 0.107407 0.818750 0.111111 0.817187 0.116667 0.818229 0.122222 0.819792 0.126852 0.824479 0.128704 0.828125 0.125000 0.829167 0.122222 0.828125 0.114815 0.827083 0.109259 0.823438 0.107407
0 0.809375 0.151852 0.806250 0.154630 0.805729 0.160185 0.805729 0.165741 0.807813 0.171296 0.811979 0.172222 0.815625 0.169444 0.816667 0.164815 0.816146 0.158333 0.814583 0.153704 0.811979 0.150926
0 0.781250 0.126852 0.778646 0.129630 0.777604 0.135185 0.777604 0.141667 0.779688 0.145370 0.783854 0.147222 0.788021 0.144444 0.789062 0.140741 0.788542 0.133333 0.786979 0.128704 0.784375 0.125926
0 0.864583 0.210185 0.862500 0.212963 0.861458 0.219444 0.861458 0.224074 0.863542 0.229630 0.867708 0.230556 0.871354 0.228704 0.872396 0.224074 0.872396 0.216667 0.870313 0.212963 0.868229 0.209259
0 0.769792 0.028704 0.767187 0.030556 0.766667 0.036111 0.766667 0.041667 0.768750 0.046296 0.772917 0.048148 0.776563 0.045370 0.777604 0.041667 0.777083 0.035185 0.775521 0.030556 0.772917 0.026852
0 0.817708 0.019444 0.816667 0.024074 0.817708 0.029630 0.819792 0.033333 0.823438 0.035185 0.827604 0.032407 0.828125 0.028704 0.828125 0.022222 0.824479 0.044444 0.822917 0.046296 0.821875 0.052778
0 0.822396 0.057407 0.823958 0.062037 0.828646 0.063889 0.832292 0.061111 0.832812 0.057407 0.832292 0.050000 0.831250 0.046296 0.828125 0.042593 0.809896 0.035185 0.807292 0.037963 0.806250 0.043519
0 0.806771 0.049074 0.808333 0.053704 0.812500 0.055556 0.816667 0.051852 0.817708 0.049074 0.816667 0.041667 0.815104 0.037037 0.812500 0.034259 0.722917 0.015741 0.727083 0.017593 0.642708 0.149074
0 0.640104 0.152778 0.639063 0.158333 0.639583 0.163889 0.641146 0.168519 0.645833 0.169444 0.649479 0.167593 0.650521 0.162963 0.650000 0.156481 0.648958 0.150926 0.645833 0.148148 0.583854 0.066667
0 0.580729 0.069444 0.579687 0.075000 0.580208 0.080556 0.581771 0.084259 0.586458 0.086111 0.590104 0.084259 0.591667 0.079630 0.591667 0.072222 0.590104 0.068519 0.586979 0.065741 0.594792 0.036111
0 0.591667 0.038889 0.590625 0.045370 0.590625 0.050000 0.592708 0.054630 0.596875 0.056481 0.601042 0.053704 0.602083 0.049074 0.602083 0.042593 0.600521 0.037963 0.597396 0.036111 0.599479 0.100926
0 0.596875 0.103704 0.595312 0.109259 0.595312 0.115741 0.597396 0.119444 0.601562 0.121296 0.605729 0.119444 0.607292 0.114815 0.606771 0.107407 0.605208 0.102778 0.602604 0.100000 0.509896 0.075000
0 0.506771 0.077778 0.505729 0.082407 0.506250 0.088889 0.508333 0.092593 0.512500 0.094444 0.516146 0.092593 0.517708 0.087963 0.517708 0.080556 0.516146 0.076852 0.513542 0.073148 0.486458 0.099074
0 0.483333 0.101852 0.482292 0.108333 0.482292 0.112963 0.484375 0.118519 0.488542 0.119444 0.492708 0.116667 0.493750 0.112037 0.493750 0.106481 0.492188 0.100926 0.489583 0.098148 0.486458 0.073148
0 0.483854 0.075926 0.482292 0.081481 0.482812 0.087037 0.483854 0.092593 0.488542 0.092593 0.493229 0.090741 0.494271 0.086111 0.493750 0.078704 0.492188 0.075000 0.489583 0.072222 0.565625 0.044444
0 0.563542 0.048148 0.562500 0.053704 0.562500 0.059259 0.564583 0.063889 0.568750 0.065741 0.572396 0.062037 0.573438 0.057407 0.573438 0.051852 0.571875 0.046296 0.569271 0.043519 0.501562 0.035185
0 0.499479 0.038889 0.497917 0.043519 0.498437 0.050000 0.499479 0.054630 0.504167 0.055556 0.508333 0.051852 0.509375 0.048148 0.509375 0.041667 0.507812 0.037037 0.504687 0.034259 0.445312 0.054630
0 0.442708 0.058333 0.441146 0.063889 0.441667 0.069444 0.443229 0.074074 0.447917 0.075926 0.451562 0.072222 0.452604 0.068519 0.452083 0.062037 0.451562 0.056481 0.448438 0.053704 0.507292 0.237963
0 0.504167 0.241667 0.503125 0.247222 0.503125 0.253704 0.505208 0.258333 0.509375 0.260185 0.513542 0.256481 0.514583 0.251852 0.514583 0.245370 0.513021 0.239815 0.510417 0.237037 0.491146 0.234259
0 0.488542 0.236111 0.486979 0.242593 0.487500 0.248148 0.489583 0.253704 0.493750 0.254630 0.497917 0.251852 0.498958 0.247222 0.498958 0.240741 0.496875 0.236111 0.494271 0.233333 0.402604 0.230556
0 0.400000 0.233333 0.398438 0.239815 0.398958 0.245370 0.400521 0.250000 0.405208 0.250926 0.409375 0.248148 0.410417 0.244444 0.409896 0.237037 0.408854 0.232407 0.405729 0.229630 0.424479 0.327778
0 0.421875 0.331481 0.420312 0.337037 0.420833 0.343519 0.422396 0.348148 0.426562 0.350000 0.431250 0.346296 0.432292 0.342593 0.431771 0.335185 0.430208 0.329630 0.427604 0.326852 0.460417 0.299074
0 0.457812 0.301852 0.456250 0.308333 0.456771 0.313889 0.458854 0.319444 0.463021 0.320370 0.467187 0.317593 0.468229 0.312963 0.468229 0.306481 0.466667 0.300926 0.463542 0.298148 0.381250 0.304630
0 0.378646 0.307407 0.376563 0.312963 0.377083 0.318519 0.379167 0.323148 0.382812 0.325000 0.387500 0.322222 0.388542 0.317593 0.388542 0.310185 0.386979 0.306481 0.384375 0.302778 0.366146 0.281481
0 0.363542 0.284259 0.361979 0.289815 0.362500 0.296296 0.364062 0.300926 0.368750 0.302778 0.372917 0.300000 0.373958 0.295370 0.373437 0.287963 0.372396 0.283333 0.369271 0.279630 0.311979 0.214815
0 0.309375 0.217593 0.307813 0.224074 0.308333 0.229630 0.309896 0.235185 0.314063 0.236111 0.318229 0.233333 0.319271 0.228704 0.318750 0.222222 0.318229 0.216667 0.315104 0.213889 0.322917 0.237963
0 0.320312 0.241667 0.318750 0.247222 0.319271 0.253704 0.320833 0.258333 0.325521 0.259259 0.329167 0.256481 0.330208 0.252778 0.330208 0.245370 0.329167 0.239815 0.326042 0.237037 0.382812 0.139815
0 0.380208 0.143519 0.379167 0.149074 0.379167 0.155556 0.381250 0.160185 0.384896 0.161111 0.389062 0.158333 0.390104 0.153704 0.390625 0.147222 0.389062 0.141667 0.386458 0.138889 0.398958 0.123148
0 0.396354 0.125926 0.394792 0.132407 0.395312 0.137037 0.396354 0.142593 0.400521 0.143519 0.405208 0.140741 0.406250 0.136111 0.405729 0.130556 0.404167 0.125000 0.402083 0.122222 0.380729 0.064815
0 0.378125 0.067593 0.376563 0.074074 0.376563 0.078704 0.378125 0.084259 0.382292 0.085185 0.386979 0.082407 0.388021 0.077778 0.387500 0.071296 0.385938 0.066667 0.383854 0.063889 0.326562 0.303704
0 0.323958 0.306481 0.322396 0.312037 0.322917 0.318519 0.324479 0.323148 0.328646 0.325000 0.332812 0.321296 0.333854 0.316667 0.333854 0.310185 0.332812 0.304630 0.329688 0.301852 0.353646 0.299074
0 0.351042 0.301852 0.349479 0.308333 0.350000 0.313889 0.351562 0.319444 0.356250 0.320370 0.360417 0.317593 0.361458 0.312963 0.360938 0.306481 0.359896 0.300926 0.356771 0.298148 0.340625 0.285185
0 0.338021 0.288889 0.336458 0.294444 0.336458 0.300926 0.338021 0.305556 0.342187 0.307407 0.346875 0.303704 0.347917 0.300000 0.347396 0.292593 0.346354 0.287037 0.343750 0.284259 0.394271 0.207407
0 0.391667 0.211111 0.390104 0.215741 0.390104 0.222222 0.391667 0.226852 0.395833 0.228704 0.400521 0.225000 0.401563 0.221296 0.401042 0.213889 0.399479 0.209259 0.396875 0.206481 0.397917 0.150926
0 0.395312 0.154630 0.393750 0.159259 0.394271 0.164815 0.395833 0.170370 0.400521 0.171296 0.404687 0.168519 0.405729 0.163889 0.405208 0.157407 0.404167 0.152778 0.401042 0.150000 0.380208 0.177778
0 0.377604 0.181481 0.375521 0.187037 0.376563 0.191667 0.378125 0.197222 0.382812 0.198148 0.386979 0.195370 0.388021 0.190741 0.387500 0.184259 0.385938 0.179630 0.383333 0.176852 0.385938 0.356481
0 0.383333 0.359259 0.381771 0.365741 0.382292 0.371296 0.383854 0.376852 0.388021 0.377778 0.392708 0.375000 0.393750 0.370370 0.393229 0.363889 0.391667 0.358333 0.389062 0.355556 0.347396 0.381481
0 0.344792 0.384259 0.343229 0.390741 0.343750 0.396296 0.344792 0.401852 0.349479 0.402778 0.353646 0.400000 0.354688 0.395370 0.354167 0.388889 0.353125 0.383333 0.350521 0.380556 0.471354 0.368519
0 0.468750 0.371296 0.467187 0.377778 0.467708 0.383333 0.469271 0.388889 0.473437 0.389815 0.478125 0.387037 0.479167 0.382407 0.478646 0.375926 0.477083 0.370370 0.474479 0.367593 0.472917 0.410185
0 0.470313 0.413889 0.468750 0.419444 0.469271 0.425926 0.471354 0.430556 0.475521 0.432407 0.479688 0.428704 0.480729 0.425000 0.480729 0.417593 0.479167 0.412037 0.476042 0.409259 0.404687 0.507407
0 0.402083 0.510185 0.400521 0.515741 0.401042 0.522222 0.402604 0.526852 0.407292 0.528704 0.411458 0.525926 0.412500 0.521296 0.411979 0.513889 0.410937 0.509259 0.407813 0.505556 0.353125 0.417593
0 0.350521 0.420370 0.348958 0.426852 0.349479 0.432407 0.351042 0.437963 0.355729 0.438889 0.359896 0.436111 0.360938 0.431481 0.360417 0.425000 0.359375 0.419444 0.356250 0.416667 0.496354 0.403704
0 0.493750 0.407407 0.492188 0.412963 0.492708 0.419444 0.494792 0.424074 0.498958 0.425926 0.502604 0.423148 0.503646 0.418519 0.503646 0.411111 0.502083 0.405556 0.499479 0.403704 0.328646 0.437963
0 0.326042 0.441667 0.324479 0.447222 0.325000 0.453704 0.326562 0.458333 0.330208 0.460185 0.334896 0.456481 0.335938 0.452778 0.335417 0.445370 0.333854 0.439815 0.331771 0.437037 0.291667 0.404630
0 0.289062 0.408333 0.287500 0.413889 0.288021 0.420370 0.289062 0.425000 0.293750 0.426852 0.297917 0.423148 0.298958 0.418519 0.298958 0.412037 0.297396 0.406481 0.294271 0.404630 0.261458 0.400926
0 0.258854 0.404630 0.257292 0.410185 0.257812 0.416667 0.259375 0.421296 0.263542 0.423148 0.267708 0.419444 0.268750 0.415741 0.268750 0.408333 0.267188 0.402778 0.264062 0.400000 0.235938 0.405556
0 0.233333 0.408333 0.231771 0.413889 0.232292 0.420370 0.233333 0.425000 0.238021 0.426852 0.242188 0.424074 0.243229 0.419444 0.242708 0.412037 0.241667 0.407407 0.238542 0.403704 0.210938 0.407407
0 0.208333 0.410185 0.206771 0.416667 0.207292 0.422222 0.208854 0.426852 0.213021 0.428704 0.217187 0.425926 0.218229 0.421296 0.218229 0.413889 0.216667 0.409259 0.214062 0.406481 0.236979 0.282407
0 0.234375 0.285185 0.232812 0.290741 0.232812 0.298148 0.234375 0.301852 0.239063 0.303704 0.243229 0.300926 0.244271 0.296296 0.243750 0.288889 0.242708 0.284259 0.240104 0.280556 0.213021 0.265741
0 0.210417 0.268519 0.208854 0.274074 0.208854 0.280556 0.210417 0.285185 0.215104 0.287037 0.219271 0.284259 0.220313 0.279630 0.220313 0.272222 0.218750 0.267593 0.215625 0.263889 0.228646 0.222222
0 0.226042 0.225926 0.224479 0.231481 0.225000 0.237963 0.226042 0.242593 0.230729 0.244444 0.234896 0.240741 0.235938 0.236111 0.235417 0.229630 0.234375 0.224074 0.231771 0.221296 0.242188 0.224074
0 0.239583 0.227778 0.238021 0.233333 0.238542 0.239815 0.240104 0.243519 0.244271 0.245370 0.248437 0.241667 0.249479 0.237037 0.249479 0.231481 0.248437 0.225926 0.245312 0.223148 0.273438 0.120370
0 0.271354 0.123148 0.269792 0.128704 0.270312 0.134259 0.271354 0.138889 0.275521 0.139815 0.280208 0.137037 0.281250 0.133333 0.280729 0.126852 0.279687 0.121296 0.276563 0.119444 0.302604 0.078704
0 0.300000 0.081481 0.298438 0.087037 0.298438 0.093519 0.300521 0.097222 0.304688 0.098148 0.308854 0.095370 0.309896 0.091667 0.309896 0.085185 0.307813 0.080556 0.306250 0.077778 0.356250 0.150926
0 0.353646 0.154630 0.352083 0.160185 0.352083 0.167593 0.353646 0.170370 0.357812 0.172222 0.361979 0.169444 0.363021 0.165741 0.363021 0.158333 0.361458 0.152778 0.359375 0.150000 0.235938 0.099074
0 0.233333 0.101852 0.231771 0.107407 0.232292 0.112963 0.233333 0.117593 0.236979 0.119444 0.242188 0.116667 0.243229 0.112037 0.242708 0.104630 0.241146 0.100926 0.239063 0.097222 0.148438 0.317593
0 0.145833 0.321296 0.144271 0.326852 0.144271 0.333333 0.146354 0.337037 0.150521 0.338889 0.154687 0.335185 0.155729 0.330556 0.155729 0.325000 0.154167 0.319444 0.151562 0.316667 0.107813 0.288889
0 0.105208 0.291667 0.103646 0.297222 0.104167 0.302778 0.105729 0.308333 0.109896 0.309259 0.114063 0.306481 0.115104 0.301852 0.115104 0.295370 0.114063 0.289815 0.110937 0.287963 0.086458 0.364815
0 0.083854 0.367593 0.082292 0.374074 0.082292 0.378704 0.084375 0.384259 0.088021 0.386111 0.092708 0.382407 0.093750 0.377778 0.093229 0.371296 0.092188 0.365741 0.089583 0.363889 0.064583 0.407407
0 0.061979 0.411111 0.060417 0.417593 0.060938 0.422222 0.063021 0.426852 0.066667 0.428704 0.070833 0.425000 0.071875 0.421296 0.071875 0.413889 0.070312 0.409259 0.067708 0.406481 0.057813 0.384259
0 0.055208 0.387037 0.053646 0.393519 0.054167 0.399074 0.055208 0.404630 0.059375 0.405556 0.063542 0.402778 0.064583 0.398148 0.064062 0.391667 0.063021 0.386111 0.060417 0.383333 0.080208 0.391667
0 0.078125 0.395370 0.076563 0.400926 0.076563 0.407407 0.078125 0.411111 0.082813 0.412037 0.086458 0.409259 0.087500 0.405556 0.086979 0.399074 0.086458 0.393519 0.083333 0.390741 0.099479 0.422222
0 0.097396 0.424074 0.095833 0.429630 0.096354 0.436111 0.097396 0.440741 0.102083 0.442593 0.106250 0.439815 0.106771 0.436111 0.106771 0.427778 0.105729 0.423148 0.102604 0.419444 0.053646 0.441667
0 0.051042 0.444444 0.050000 0.450000 0.050000 0.456481 0.051562 0.460185 0.055729 0.462963 0.059896 0.459259 0.060938 0.455556 0.060938 0.448148 0.059375 0.443519 0.056771 0.439815 0.113542 0.343519
0 0.110937 0.346296 0.109375 0.352778 0.109896 0.357407 0.110937 0.362963 0.115625 0.363889 0.119792 0.361111 0.120833 0.356481 0.120312 0.350000 0.118750 0.345370 0.116146 0.342593 0.060417 0.241667
0 0.058333 0.244444 0.056771 0.250000 0.056771 0.255556 0.058333 0.260185 0.062500 0.262037 0.066146 0.259259 0.067188 0.255556 0.067188 0.248148 0.066146 0.243519 0.063542 0.239815 0.047396 0.244444
0 0.045313 0.247222 0.043750 0.252778 0.043229 0.259259 0.045313 0.262963 0.048958 0.263889 0.053125 0.261111 0.054167 0.257407 0.054167 0.250926 0.052604 0.245370 0.050521 0.242593 0.028646 0.233333
0 0.026042 0.237037 0.024479 0.241667 0.023958 0.249074 0.026042 0.252778 0.029687 0.253704 0.033854 0.250926 0.034896 0.248148 0.034896 0.239815 0.033854 0.234259 0.031250 0.232407 0.138021 0.243519
0 0.134896 0.246296 0.133854 0.250926 0.133854 0.257407 0.135417 0.262037 0.139583 0.263889 0.143229 0.262037 0.144792 0.256481 0.144792 0.249074 0.143229 0.244444 0.141146 0.241667 0.114583 0.165741
0 0.111979 0.168519 0.110417 0.173148 0.110417 0.179630 0.111979 0.184259 0.116146 0.185185 0.120312 0.182407 0.121354 0.178704 0.121354 0.171296 0.119792 0.166667 0.117708 0.163889 0.128125 0.148148
0 0.123958 0.157407 0.123958 0.162037 0.125521 0.167593 0.129688 0.168519 0.133854 0.165741 0.134896 0.161111 0.134896 0.154630 0.133854 0.150000 0.130729 0.147222 0.129167 0.402778 0.126563 0.406481
0 0.125000 0.412037 0.125521 0.418519 0.127083 0.423148 0.131250 0.424074 0.135417 0.421296 0.136458 0.416667 0.135937 0.410185 0.134896 0.404630 0.131771 0.402778 0.053125 0.527778 0.050000 0.531482
0 0.048958 0.537963 0.049479 0.542593 0.051042 0.547222 0.055208 0.549074 0.058854 0.545370 0.059375 0.541667 0.059896 0.535185 0.058333 0.529630 0.055729 0.526852 0.095312 0.540741 0.092188 0.543519
0 0.091146 0.549074 0.091146 0.554630 0.093229 0.559259 0.097396 0.561111 0.101042 0.558333 0.102083 0.553704 0.102083 0.547222 0.100521 0.542593 0.097917 0.538889 0.145313 0.558333 0.142708 0.561111
0 0.141146 0.565741 0.141667 0.572222 0.143229 0.576852 0.147917 0.578704 0.151562 0.575926 0.152604 0.571296 0.152083 0.564815 0.151042 0.560185 0.148438 0.556481 0.077604 0.552778 0.075000 0.556481
0 0.073437 0.562037 0.073958 0.568519 0.075521 0.573148 0.079687 0.575000 0.083854 0.571296 0.084896 0.567593 0.084375 0.560185 0.082813 0.554630 0.080208 0.551852 0.043229 0.500000 0.041146 0.502778
0 0.040104 0.507407 0.040625 0.513889 0.041667 0.519444 0.046354 0.520370 0.050000 0.517593 0.051042 0.512963 0.050521 0.505556 0.048958 0.500926 0.046875 0.498148 0.186979 0.533333 0.184375 0.537037
0 0.182812 0.542593 0.183333 0.549074 0.184896 0.553704 0.189063 0.555556 0.193229 0.551852 0.194271 0.548148 0.193750 0.540741 0.192188 0.535185 0.189583 0.532407 0.226042 0.622222 0.223438 0.625926
0 0.222396 0.631481 0.222917 0.637037 0.224479 0.642593 0.229167 0.643519 0.232812 0.640741 0.233854 0.636111 0.233333 0.628704 0.232292 0.624074 0.229167 0.621296 0.257812 0.659259 0.255729 0.662963
0 0.254167 0.668519 0.254687 0.675000 0.256771 0.679630 0.260938 0.681481 0.264583 0.678704 0.265625 0.673148 0.265625 0.666667 0.264062 0.661111 0.260938 0.658333 0.301562 0.652778 0.298958 0.656482
0 0.297396 0.662037 0.297917 0.668519 0.299479 0.673148 0.304167 0.675000 0.308333 0.671296 0.309375 0.667593 0.309375 0.660185 0.307813 0.654630 0.304688 0.651852 0.128125 0.717593 0.126042 0.720370
0 0.124479 0.725926 0.124479 0.732407 0.126563 0.737037 0.130729 0.737963 0.134896 0.735185 0.135937 0.730556 0.135417 0.725000 0.133854 0.719444 0.131250 0.716667 0.129688 0.640741 0.126563 0.644444
0 0.125521 0.650000 0.125521 0.655556 0.127604 0.660185 0.131771 0.661111 0.135937 0.659259 0.136458 0.654630 0.136458 0.648148 0.134896 0.642593 0.132292 0.639815 0.070833 0.734259 0.068229 0.737963
0 0.067188 0.744444 0.067708 0.750000 0.069792 0.753704 0.073437 0.755556 0.077083 0.754630 0.078125 0.749074 0.078125 0.741667 0.076042 0.737037 0.073958 0.734259 0.100000 0.814815 0.097917 0.817593
0 0.096354 0.823148 0.096875 0.829630 0.098958 0.833333 0.102604 0.835185 0.106771 0.832407 0.107292 0.828704 0.106771 0.822222 0.105208 0.816667 0.103125 0.813889 0.248958 0.801852 0.246354 0.804630
0 0.244792 0.811111 0.245312 0.815741 0.247396 0.821296 0.251563 0.822222 0.255729 0.819444 0.256771 0.815741 0.256250 0.808333 0.254687 0.803704 0.251563 0.800926 0.197396 0.780556 0.195312 0.783333
0 0.193750 0.787963 0.194271 0.794444 0.196354 0.799074 0.200521 0.800926 0.204688 0.798148 0.205208 0.793519 0.205208 0.787037 0.203646 0.782407 0.201042 0.779630 0.209375 0.759259 0.206771 0.762037
0 0.205208 0.767593 0.205208 0.773148 0.207292 0.779630 0.211458 0.779630 0.216146 0.776852 0.217187 0.773148 0.216146 0.765741 0.214583 0.761111 0.211979 0.758333 0.079687 0.840741 0.077604 0.844444
0 0.076042 0.850000 0.077083 0.855556 0.078646 0.860185 0.082813 0.862037 0.086458 0.859259 0.087500 0.855556 0.086979 0.848148 0.085417 0.843518 0.082813 0.840741 0.093750 0.854630 0.091667 0.857407
0 0.090104 0.862037 0.091146 0.868519 0.092708 0.872222 0.096354 0.875000 0.100521 0.872222 0.101562 0.867593 0.101042 0.861111 0.099479 0.856481 0.096354 0.852778 0.173958 0.852778 0.171875 0.855556
0 0.170312 0.861111 0.170833 0.866667 0.172396 0.872222 0.177083 0.873148 0.181250 0.870370 0.181771 0.866667 0.181250 0.859259 0.179688 0.854630 0.176563 0.851852 0.207292 0.902778 0.204167 0.905556
0 0.203646 0.910185 0.203125 0.916667 0.205729 0.920370 0.209896 0.922222 0.214062 0.920370 0.215104 0.915741 0.214583 0.909259 0.212500 0.904630 0.209896 0.900926 0.242188 0.896296 0.240625 0.899074
0 0.239063 0.904630 0.239063 0.910185 0.241146 0.914815 0.245312 0.916667 0.249479 0.913889 0.250521 0.910185 0.250000 0.902778 0.248437 0.898148 0.245833 0.895370 0.211979 0.928704 0.209375 0.932407
0 0.208333 0.937037 0.208854 0.942593 0.210417 0.948148 0.215104 0.949074 0.218750 0.945370 0.219792 0.942593 0.219792 0.935185 0.218229 0.930556 0.215104 0.927778 0.108854 0.917593 0.106771 0.920370
0 0.105208 0.925926 0.105729 0.931481 0.108333 0.935185 0.111979 0.936111 0.116146 0.935185 0.116667 0.930556 0.116146 0.925000 0.114583 0.919444 0.111458 0.916667 0.286458 0.873148 0.283854 0.875926
0 0.282813 0.882407 0.283333 0.887037 0.285417 0.892593 0.289583 0.892593 0.293229 0.890741 0.293750 0.887037 0.294271 0.880556 0.292708 0.875000 0.290104 0.872222 0.308854 0.760185 0.306771 0.762963
0 0.305208 0.768519 0.305729 0.775000 0.307813 0.779630 0.311979 0.780556 0.316146 0.778704 0.316667 0.774074 0.316667 0.766667 0.315104 0.762037 0.311979 0.759259 0.329688 0.729630 0.327083 0.732407
0 0.325521 0.737963 0.326562 0.744444 0.328125 0.749074 0.331771 0.750926 0.336458 0.748148 0.337500 0.743519 0.336979 0.736111 0.335417 0.731481 0.332812 0.727778 0.329688 0.766667 0.327083 0.769444
0 0.325521 0.775000 0.326042 0.781482 0.327604 0.786111 0.332292 0.787037 0.336458 0.784259 0.337500 0.780556 0.336979 0.773148 0.335938 0.768519 0.332812 0.765741 0.202083 0.816667 0.199479 0.819444
0 0.198437 0.825000 0.198958 0.830556 0.201042 0.835185 0.204688 0.836111 0.208333 0.835185 0.209896 0.830556 0.209375 0.823148 0.207813 0.818519 0.205208 0.814815 0.367188 0.758333 0.364583 0.761111
0 0.363021 0.767593 0.363542 0.773148 0.365625 0.777778 0.369792 0.778704 0.373958 0.776852 0.375000 0.772222 0.375000 0.764815 0.373437 0.760185 0.370313 0.757407 0.360938 0.719444 0.358333 0.723148
0 0.357292 0.728704 0.357812 0.735185 0.359375 0.738889 0.363542 0.740741 0.367708 0.737963 0.368750 0.734259 0.368750 0.726852 0.367188 0.721296 0.364062 0.718518 0.347396 0.712963 0.345313 0.715741
0 0.343750 0.721296 0.343750 0.726852 0.345833 0.732407 0.350000 0.733333 0.354688 0.730556 0.355729 0.725926 0.354688 0.719444 0.353125 0.713889 0.350521 0.711111 0.348437 0.790741 0.345833 0.794444
0 0.344271 0.800000 0.344792 0.805556 0.346354 0.810185 0.350521 0.811111 0.355208 0.808333 0.356250 0.805556 0.355729 0.798148 0.354167 0.792593 0.351562 0.789815 0.372917 0.675000 0.370313 0.678704
0 0.368229 0.684259 0.369271 0.689815 0.371354 0.694444 0.375521 0.695370 0.379687 0.692593 0.380729 0.688889 0.380729 0.682407 0.379167 0.676852 0.376042 0.674074 0.130208 0.909259 0.127604 0.912963
0 0.126563 0.917593 0.127083 0.923148 0.129167 0.927778 0.132812 0.928704 0.137500 0.927778 0.138021 0.923148 0.137500 0.916667 0.135417 0.911111 0.132812 0.909259 0.405729 0.696296 0.403125 0.699074
0 0.401563 0.704630 0.402083 0.711111 0.404167 0.715741 0.407813 0.716667 0.412500 0.713889 0.413542 0.710185 0.413021 0.702778 0.411458 0.698148 0.408854 0.695370 0.435937 0.725926 0.432813 0.728704
0 0.431771 0.735185 0.431771 0.740741 0.433854 0.746296 0.438021 0.746296 0.442708 0.744444 0.443750 0.739815 0.443229 0.733333 0.441667 0.727778 0.439063 0.725000 0.443229 0.675000 0.440625 0.678704
0 0.439063 0.684259 0.439063 0.690741 0.441146 0.695370 0.445312 0.696296 0.450000 0.694444 0.451042 0.689815 0.450521 0.682407 0.448958 0.676852 0.446354 0.674074 0.403125 0.659259 0.400521 0.662037
0 0.398958 0.667593 0.399479 0.674074 0.401563 0.678704 0.405729 0.679630 0.409896 0.677778 0.410937 0.673148 0.410937 0.665741 0.409375 0.661111 0.406250 0.657407 0.334375 0.565741 0.331771 0.569444
0 0.330729 0.575000 0.330729 0.581481 0.332812 0.586111 0.336979 0.587037 0.340625 0.584259 0.341667 0.580556 0.341667 0.573148 0.340104 0.567593 0.337500 0.564815 0.542188 0.607407 0.539583 0.611111
0 0.538021 0.616667 0.538542 0.623148 0.540104 0.627778 0.544271 0.628704 0.548958 0.625926 0.550000 0.621296 0.549479 0.614815 0.547917 0.609259 0.545313 0.606481 0.385417 0.842593 0.382812 0.846296
0 0.381250 0.851852 0.381771 0.858333 0.383854 0.862037 0.388021 0.862963 0.392188 0.861111 0.393229 0.856481 0.392708 0.850000 0.391146 0.844444 0.388021 0.841667 0.535937 0.783333 0.533333 0.786111
0 0.531771 0.791667 0.532292 0.798148 0.533854 0.801852 0.538021 0.802778 0.542708 0.800926 0.543750 0.797222 0.543229 0.789815 0.542188 0.785185 0.539062 0.782407 0.498437 0.685185 0.495833 0.687963
0 0.494271 0.693519 0.494792 0.700000 0.496354 0.704630 0.500000 0.705556 0.504687 0.703704 0.505729 0.699074 0.505208 0.691667 0.503646 0.687037 0.501042 0.684259 0.571354 0.636111 0.568750 0.639815
0 0.567187 0.645370 0.567708 0.651852 0.569271 0.656482 0.573438 0.657407 0.578125 0.654630 0.579167 0.650926 0.578646 0.643519 0.577083 0.637963 0.574479 0.635185 0.534896 0.633333 0.532292 0.637037
0 0.530729 0.642593 0.530729 0.649074 0.532812 0.653704 0.536979 0.654630 0.541667 0.652778 0.542708 0.648148 0.542188 0.640741 0.540625 0.635185 0.538021 0.632407 0.535937 0.582407 0.532812 0.585185
0 0.531771 0.591667 0.531771 0.597222 0.533854 0.601852 0.538021 0.602778 0.542188 0.600926 0.543229 0.596296 0.543229 0.588889 0.541667 0.584259 0.539062 0.581481 0.474479 0.532407 0.471875 0.536111
0 0.470313 0.541667 0.470833 0.548148 0.472396 0.552778 0.476562 0.553704 0.481250 0.550926 0.482292 0.547222 0.481771 0.539815 0.480208 0.534259 0.477604 0.531482 0.571354 0.675926 0.568229 0.679630
0 0.567187 0.684259 0.567708 0.690741 0.569271 0.695370 0.573438 0.696296 0.578125 0.694444 0.579167 0.689815 0.578646 0.682407 0.577083 0.677778 0.574479 0.674074 0.369792 0.552778 0.367188 0.555556
0 0.365625 0.562037 0.366146 0.567593 0.367708 0.572222 0.371875 0.573148 0.376563 0.571296 0.377604 0.566667 0.377083 0.559259 0.375521 0.554630 0.372917 0.551852 0.592188 0.720370 0.589583 0.724074
0 0.588021 0.729630 0.588021 0.735185 0.590104 0.740741 0.594271 0.740741 0.598958 0.738889 0.600000 0.734259 0.599479 0.727778 0.597917 0.722222 0.595312 0.719444 0.606771 0.722222 0.604167 0.725000
0 0.602604 0.731481 0.603125 0.737037 0.605208 0.742593 0.609375 0.742593 0.613542 0.740741 0.614583 0.736111 0.614583 0.728704 0.613021 0.724074 0.610417 0.721296 0.582812 0.778704 0.580208 0.782407
0 0.578646 0.787963 0.579167 0.793519 0.580729 0.798148 0.584896 0.799074 0.589583 0.796296 0.590625 0.791667 0.590104 0.786111 0.588542 0.780556 0.585938 0.777778 0.575521 0.758333 0.572396 0.761111
0 0.571354 0.766667 0.571354 0.773148 0.573438 0.777778 0.577604 0.778704 0.581771 0.776852 0.582812 0.772222 0.582812 0.764815 0.581250 0.760185 0.578646 0.756481 0.562500 0.807407 0.559896 0.811111
0 0.558333 0.816667 0.558854 0.823148 0.560938 0.826852 0.565104 0.827778 0.569271 0.825000 0.570312 0.821296 0.570312 0.814815 0.568750 0.809259 0.565625 0.806481 0.529688 0.812037 0.527083 0.814815
0 0.525521 0.821296 0.526042 0.826852 0.527604 0.831481 0.532292 0.831481 0.536458 0.829630 0.537500 0.825926 0.537500 0.819444 0.535937 0.813889 0.532812 0.811111 0.614583 0.656482 0.611979 0.659259
0 0.610417 0.665741 0.610417 0.671296 0.612500 0.675926 0.616667 0.675926 0.620833 0.675000 0.621875 0.670370 0.621875 0.662963 0.620313 0.658333 0.617708 0.655556 0.624479 0.569444 0.621354 0.573148
0 0.620313 0.578704 0.620313 0.585185 0.622396 0.589815 0.626562 0.589815 0.630729 0.587963 0.631771 0.583333 0.631771 0.576852 0.630208 0.571296 0.627604 0.568519 0.616146 0.694444 0.613542 0.698148
0 0.611979 0.703704 0.612500 0.710185 0.614062 0.714815 0.618750 0.716667 0.622917 0.712963 0.623958 0.709259 0.623438 0.701852 0.621875 0.696296 0.619271 0.693519 0.649479 0.720370 0.646875 0.724074
0 0.645312 0.729630 0.645833 0.736111 0.647396 0.739815 0.652083 0.741667 0.656250 0.737963 0.657292 0.734259 0.656771 0.727778 0.655729 0.722222 0.652604 0.719444 0.664583 0.708333 0.661979 0.712037
0 0.660417 0.717593 0.660417 0.724074 0.662500 0.728704 0.667188 0.728704 0.671354 0.725926 0.672396 0.722222 0.671875 0.715741 0.670313 0.710185 0.667708 0.707407 0.673958 0.601852 0.671354 0.604630
0 0.669792 0.610185 0.669792 0.616667 0.671875 0.621296 0.676562 0.623148 0.680729 0.619444 0.681771 0.615741 0.681250 0.608333 0.679688 0.603704 0.677083 0.600000 0.638021 0.602778 0.635417 0.605556
0 0.633854 0.612037 0.634375 0.617593 0.636458 0.623148 0.640625 0.624074 0.644792 0.621296 0.645833 0.616667 0.645833 0.610185 0.644271 0.604630 0.641667 0.601852 0.668750 0.576852 0.666146 0.580556
0 0.664583 0.586111 0.665104 0.592593 0.666667 0.597222 0.671354 0.599074 0.675521 0.595370 0.676562 0.591667 0.676562 0.584259 0.675000 0.578704 0.671875 0.575926 0.732292 0.695370 0.729688 0.699074
0 0.728125 0.704630 0.728646 0.711111 0.730208 0.715741 0.734896 0.716667 0.739062 0.713889 0.740104 0.710185 0.739583 0.702778 0.738021 0.697222 0.735417 0.694444 0.699479 0.683333 0.696875 0.686111
0 0.695312 0.691667 0.695833 0.698148 0.696875 0.702778 0.701563 0.704630 0.705729 0.700926 0.706771 0.697222 0.706250 0.689815 0.705208 0.685185 0.702604 0.681481 0.829167 0.606481 0.826563 0.609259
0 0.825000 0.614815 0.825000 0.621296 0.826563 0.625926 0.831250 0.627778 0.835417 0.625000 0.836458 0.620370 0.835938 0.612963 0.834375 0.608333 0.831771 0.604630 0.825521 0.550000 0.823438 0.553704
0 0.821875 0.559259 0.821875 0.566667 0.823958 0.570370 0.828125 0.571296 0.832292 0.568519 0.833333 0.563889 0.833333 0.557407 0.831771 0.551852 0.829167 0.549074 0.860417 0.592593 0.857813 0.595370
0 0.856771 0.601852 0.856771 0.607407 0.858854 0.612037 0.863021 0.613889 0.866667 0.611111 0.867708 0.606481 0.867708 0.599074 0.866667 0.594444 0.864062 0.591667 0.862500 0.662037 0.860417 0.663889
0 0.858854 0.669444 0.858854 0.675926 0.860417 0.680556 0.865104 0.682407 0.868750 0.679630 0.869792 0.675000 0.869792 0.667593 0.868750 0.662963 0.865104 0.660185 0.889583 0.509259 0.886979 0.512037
0 0.885938 0.518519 0.885417 0.525000 0.887500 0.529630 0.892187 0.530556 0.895833 0.527778 0.896875 0.523148 0.896354 0.515741 0.895312 0.511111 0.892708 0.508333 0.906771 0.675926 0.904167 0.679630
0 0.902604 0.685185 0.903125 0.691667 0.904688 0.696296 0.908333 0.698148 0.913021 0.694444 0.914062 0.690741 0.913542 0.683333 0.911979 0.677778 0.909896 0.675000 0.847917 0.523148 0.845312 0.525926
0 0.843750 0.531482 0.844271 0.537963 0.845833 0.542593 0.850521 0.544444 0.854167 0.541667 0.855208 0.537037 0.854688 0.529630 0.853125 0.525000 0.851042 0.521296 0.865625 0.435185 0.863021 0.437037
0 0.861979 0.443519 0.862500 0.449074 0.863542 0.454630 0.868229 0.455556 0.872396 0.452778 0.873438 0.448148 0.872917 0.441667 0.871354 0.437037 0.868750 0.434259 0.815104 0.377778 0.812500 0.381481
0 0.811458 0.387037 0.811979 0.393519 0.813542 0.398148 0.817708 0.399074 0.821875 0.396296 0.822917 0.392593 0.822396 0.385185 0.821354 0.379630 0.818229 0.376852 0.768750 0.519444 0.766146 0.523148
0 0.764583 0.528704 0.765104 0.535185 0.766667 0.539815 0.771354 0.540741 0.775000 0.537963 0.776042 0.534259 0.775521 0.526852 0.773958 0.521296 0.771875 0.518519 0.886979 0.343519 0.884896 0.347222
0 0.883333 0.351852 0.883854 0.358333 0.885417 0.362963 0.889583 0.363889 0.893750 0.361111 0.894792 0.357407 0.894271 0.350926 0.892708 0.345370 0.890104 0.342593 0.875000 0.412963 0.872396 0.416667
0 0.870833 0.422222 0.871354 0.429630 0.873438 0.433333 0.877604 0.434259 0.881771 0.431481 0.882292 0.426852 0.881771 0.420370 0.880729 0.414815 0.878125 0.412037 0.890104 0.445370 0.887500 0.449074
0 0.885938 0.454630 0.886458 0.461111 0.888021 0.465741 0.892708 0.466667 0.896354 0.463889 0.897396 0.459259 0.896875 0.452778 0.895833 0.447222 0.893229 0.445370 0.866667 0.334259 0.864062 0.337037
0 0.863021 0.341667 0.863021 0.348148 0.865104 0.352778 0.869271 0.354630 0.873438 0.351852 0.873958 0.347222 0.873438 0.341667 0.872396 0.336111 0.869792 0.333333 0.709375 0.606481 0.706771 0.610185
0 0.705208 0.615741 0.705729 0.622222 0.707292 0.626852 0.711979 0.627778 0.716146 0.625000 0.717188 0.621296 0.716146 0.613889 0.715104 0.608333 0.712500 0.605556 0.561979 0.658333 0.559375 0.661111
0 0.557813 0.667593 0.557813 0.673148 0.559896 0.677778 0.564583 0.679630 0.568750 0.676852 0.569271 0.672222 0.568750 0.665741 0.567708 0.660185 0.565104 0.657407 0.475521 0.464815 0.472917 0.468519
0 0.471354 0.474074 0.471875 0.479630 0.473437 0.485185 0.478125 0.486111 0.482292 0.483333 0.483333 0.478704 0.482812 0.472222 0.481771 0.466667 0.478646 0.463889 0.440104 0.450000 0.437500 0.453704
0 0.435937 0.459259 0.436458 0.465741 0.438021 0.469444 0.444271 0.465741 0.446875 0.462963 0.446875 0.456481 0.445833 0.451852 0.443229 0.449074 0.584896 0.412037 0.582292 0.415741 0.580729 0.421296
0 0.580729 0.427778 0.582812 0.432407 0.586979 0.433333 0.591667 0.430556 0.592188 0.425926 0.591667 0.419444 0.590625 0.413889 0.588021 0.411111 0.614062 0.349074 0.610937 0.351852 0.609896 0.358333
0 0.609896 0.363889 0.611979 0.369444 0.616146 0.370370 0.620313 0.367593 0.621354 0.362963 0.620833 0.356481 0.619792 0.350926 0.617188 0.348148 0.658333 0.244444 0.654688 0.248148 0.652604 0.254630
0 0.653125 0.262037 0.655208 0.266667 0.658333 0.269444 0.663021 0.269444 0.666667 0.263889 0.668229 0.258333 0.667188 0.250926 0.664583 0.245370 0.661979 0.243519 0.670833 0.175926 0.667708 0.177778
0 0.665625 0.185185 0.666146 0.192593 0.668229 0.198148 0.671354 0.200000 0.676042 0.199074 0.679688 0.194444 0.681250 0.188889 0.680729 0.181481 0.678125 0.175926 0.675000 0.175000 0.683854 0.122222
0 0.680729 0.125926 0.678646 0.132407 0.678646 0.138889 0.680729 0.144444 0.684375 0.147222 0.689062 0.145370 0.692187 0.141667 0.693750 0.136111 0.692708 0.128704 0.689583 0.124074 0.686458 0.122222
0 0.593229 0.282407 0.590104 0.285185 0.588021 0.292593 0.588021 0.300000 0.590104 0.304630 0.593750 0.306481 0.598437 0.305556 0.601562 0.300926 0.602604 0.295370 0.602083 0.287963 0.599479 0.282407
0 0.596354 0.280556 0.718750 0.231481 0.715625 0.234259 0.714063 0.241667 0.714063 0.249074 0.716146 0.253704 0.719792 0.255556 0.724479 0.255556 0.727604 0.250926 0.728646 0.244444 0.728125 0.237037
0 0.725521 0.231481 0.722396 0.229630 0.727604 0.280556 0.724479 0.284259 0.722396 0.290741 0.722917 0.298148 0.725000 0.302778 0.728125 0.305556 0.732813 0.304630 0.735937 0.300000 0.737500 0.294444
0 0.736979 0.287037 0.734375 0.281481 0.731250 0.279630 0.745833 0.291667 0.743229 0.294444 0.741146 0.301852 0.740625 0.309259 0.743229 0.313889 0.746875 0.316667 0.751042 0.315741 0.754687 0.311111
0 0.755729 0.305556 0.754687 0.299074 0.752604 0.291667 0.749479 0.290741 0.750521 0.337037 0.746875 0.340741 0.745313 0.348148 0.745833 0.355556 0.747917 0.360185 0.750521 0.363889 0.755208 0.362037
0 0.758854 0.356481 0.760417 0.350926 0.759375 0.343519 0.756771 0.337963 0.754167 0.336111 0.779167 0.241667 0.776042 0.244444 0.774479 0.250926 0.774479 0.258333 0.776563 0.262963
0 0.780208 0.265741 0.784896 0.264815 0.788021 0.259259 0.789062 0.254630 0.788542 0.247222 0.785937 0.241667 0.782812 0.239815 0.768229 0.159259 0.764583 0.162963 0.763021 0.170370 0.763542 0.175926
0 0.765625 0.181481 0.768750 0.184259 0.773438 0.183333 0.776563 0.177778 0.778125 0.173148 0.777083 0.165741 0.774479 0.160185 0.771354 0.158333 0.800521 0.182407 0.797917 0.185185 0.795833 0.191667
0 0.795833 0.199074 0.797917 0.203704 0.801562 0.206481 0.806250 0.205556 0.809375 0.200000 0.810417 0.194444 0.809896 0.187963 0.807292 0.182407 0.804167 0.180556 0.837500 0.201852 0.833854 0.204630 0.832292 0.211111
0 0.832812 0.218519 0.834896 0.224074 0.838021 0.226852 0.842188 0.225000 0.845833 0.220370 0.846354 0.215741 0.846354 0.208333 0.843750 0.201852 0.840625 0.200926 0.848437 0.223148 0.845312 0.226852 0.843750 0.233333
0 0.843750 0.239815 0.845833 0.245370 0.849479 0.248148 0.853646 0.247222 0.857292 0.242593 0.857813 0.237037 0.857292 0.229630 0.854688 0.224074 0.851562 0.222222 0.846875 0.154630 0.843750 0.158333 0.841667 0.163889
0 0.842188 0.171296 0.844271 0.176852 0.847396 0.178704 0.852083 0.177778 0.855208 0.173148 0.856771 0.167593 0.855729 0.161111 0.853125 0.154630 0.850000 0.153704 0.863542 0.168519 0.860417 0.170370 0.858854 0.177778
0 0.859375 0.184259 0.861458 0.189815 0.864583 0.191667 0.868750 0.191667 0.872396 0.186111 0.873438 0.180556 0.872396 0.174074 0.869792 0.168519 0.867188 0.166667 0.859896 0.272222 0.856250 0.275000 0.854167 0.283333
0 0.855208 0.289815 0.857292 0.295370 0.859896 0.298148 0.864583 0.296296 0.867708 0.292593 0.869271 0.285185 0.868750 0.277778 0.866146 0.273148 0.863021 0.271296 0.757292 0.275000 0.755208 0.277778 0.753125 0.285185
0 0.753125 0.291667 0.755208 0.297222 0.758854 0.300000 0.763542 0.299074 0.766146 0.293519 0.767708 0.287963 0.767187 0.280556 0.764583 0.275926 0.761458 0.274074 0.829687 0.306481 0.826563 0.310185 0.824479 0.316667
0 0.824479 0.323148 0.826563 0.328704 0.830208 0.331481 0.834896 0.330556 0.838021 0.325000 0.839063 0.320370 0.838542 0.312963 0.835938 0.307407 0.832812 0.305556 0.749479 0.201852 0.745833 0.204630 0.743750 0.211111
0 0.744271 0.219444 0.746875 0.224074 0.749479 0.225926 0.754167 0.225000 0.757812 0.220370 0.758854 0.214815 0.758333 0.208333 0.755729 0.201852 0.752604 0.200926 0.740104 0.088889 0.736979 0.092593 0.735417 0.099074
0 0.735937 0.105556 0.738021 0.110185 0.741146 0.112963 0.745313 0.112963 0.748958 0.107407 0.750000 0.101852 0.749479 0.095370 0.746875 0.089815 0.743750 0.087963 0.609896 0.013889 0.608333 0.019444 0.607813 0.026852
0 0.610417 0.031481 0.614062 0.034259 0.618229 0.032407 0.621354 0.028704 0.622917 0.023148 0.622396 0.016667 0.571875 0.173148 0.568229 0.175926 0.566667 0.183333 0.566667 0.189815 0.568750 0.195370 0.571875 0.198148
0 0.577083 0.197222 0.580208 0.191667 0.581771 0.186111 0.581250 0.178704 0.578646 0.174074 0.575521 0.172222 0.554688 0.015741 0.551042 0.018519 0.549479 0.025000 0.549479 0.031481 0.551562 0.037037 0.554688 0.039815
0 0.559375 0.037963 0.562500 0.033333 0.564062 0.028704 0.563542 0.021296 0.560938 0.015741 0.557813 0.014815 0.517187 0.050000 0.513542 0.052778 0.511458 0.059259 0.511979 0.065741 0.514063 0.071296 0.517187 0.074074
0 0.521875 0.073148 0.525000 0.067593 0.526563 0.062963 0.526042 0.055556 0.523438 0.050926 0.520833 0.049074 0.473437 0.278704 0.470313 0.281481 0.468229 0.288889 0.468229 0.295370 0.470313 0.300000 0.473958 0.302778
0 0.478646 0.301852 0.481771 0.296296 0.483333 0.290741 0.482812 0.284259 0.480208 0.278704 0.477083 0.276852 0.415104 0.171296 0.411458 0.175926 0.409375 0.181481 0.409896 0.187963 0.411979 0.193519 0.415104 0.196296
0 0.419792 0.195370 0.423438 0.189815 0.425000 0.184259 0.423958 0.176852 0.421354 0.172222 0.418750 0.170370 0.440625 0.174074 0.436979 0.176852 0.434896 0.184259 0.435417 0.190741 0.437500 0.196296 0.440625 0.199074
0 0.445312 0.198148 0.448438 0.192593 0.450000 0.187037 0.449479 0.179630 0.446875 0.174074 0.444271 0.173148 0.365625 0.164815 0.362500 0.167593 0.360417 0.175000 0.360417 0.182407 0.362500 0.187963 0.365625 0.189815
0 0.369792 0.188889 0.373437 0.184259 0.374479 0.178704 0.375000 0.171296 0.372396 0.164815 0.369271 0.163889 0.302604 0.149074 0.299479 0.152778 0.297396 0.160185 0.297396 0.166667 0.299479 0.171296 0.302604 0.174074
0 0.307292 0.173148 0.310937 0.167593 0.311979 0.162037 0.311979 0.155556 0.309375 0.150000 0.306250 0.148148 0.353646 0.267593 0.350000 0.270370 0.348437 0.277778 0.348437 0.285185 0.350000 0.289815 0.353125 0.292593
0 0.358333 0.291667 0.361458 0.286111 0.363021 0.280556 0.362500 0.273148 0.359896 0.267593 0.357292 0.265741 0.409375 0.293519 0.406250 0.297222 0.403646 0.303704 0.404167 0.310185 0.406250 0.315741 0.409896 0.318519
0 0.414583 0.316667 0.418229 0.312037 0.419271 0.306481 0.418750 0.299074 0.416146 0.294444 0.413021 0.292593 0.332292 0.144444 0.329167 0.148148 0.326562 0.154630 0.327083 0.161111 0.328646 0.166667 0.332292 0.169444
0 0.336979 0.168519 0.340625 0.162963 0.341667 0.157407 0.341146 0.150000 0.339063 0.145370 0.335938 0.143519 0.432292 0.362963 0.429167 0.365741 0.427083 0.373148 0.427083 0.380556 0.429167 0.386111 0.432813 0.387963
0 0.437500 0.387037 0.440625 0.381481 0.442187 0.375926 0.441667 0.368519 0.439063 0.362963 0.435937 0.361111 0.305208 0.348148 0.301562 0.351852 0.299479 0.359259 0.300000 0.366667 0.302083 0.371296 0.304688 0.374074
0 0.309375 0.373148 0.313021 0.367593 0.314583 0.362037 0.314063 0.354630 0.311979 0.349074 0.308854 0.347222 0.318229 0.379630 0.314583 0.383333 0.312500 0.390741 0.313021 0.397222 0.315104 0.402778 0.318229 0.405556
0 0.322917 0.404630 0.326562 0.399074 0.328125 0.393519 0.327604 0.386111 0.325000 0.380556 0.321875 0.378704 0.365625 0.443519 0.362500 0.446296 0.360417 0.453704 0.360417 0.461111 0.362500 0.466667 0.366146 0.468519
0 0.370833 0.467593 0.374479 0.462963 0.375521 0.456481 0.375000 0.449074 0.372396 0.443519 0.369271 0.441667 0.363021 0.500000 0.359896 0.501852 0.358333 0.509259 0.358333 0.516667 0.360417 0.522222 0.363542 0.524074
0 0.368750 0.523148 0.371875 0.518519 0.373437 0.512037 0.372917 0.504630 0.369792 0.500000 0.367188 0.498148 0.342708 0.514815 0.339063 0.518519 0.337500 0.525926 0.337500 0.532407 0.339583 0.537963 0.342708 0.540741
0 0.347917 0.539815 0.351042 0.534259 0.352604 0.528704 0.352083 0.521296 0.349479 0.515741 0.346354 0.513889 0.380208 0.529630 0.376563 0.533333 0.375000 0.539815 0.375000 0.547222 0.377083 0.552778 0.380208 0.555556
0 0.384896 0.553704 0.388542 0.549074 0.390104 0.543519 0.389583 0.536111 0.386979 0.530556 0.383854 0.528704 0.389583 0.556481 0.385938 0.560185 0.383854 0.566667 0.384375 0.574074 0.386458 0.579630 0.389583 0.582407
0 0.394271 0.580556 0.397917 0.575926 0.399479 0.570370 0.398438 0.562963 0.395833 0.556481 0.393229 0.555556 0.347396 0.548148 0.343750 0.550926 0.341667 0.558333 0.342187 0.565741 0.344271 0.571296 0.347396 0.573148
0 0.352083 0.572222 0.355729 0.567593 0.357292 0.562037 0.356771 0.554630 0.354167 0.548148 0.351042 0.547222 0.322396 0.588889 0.319271 0.592593 0.317187 0.599074 0.317187 0.606481 0.319792 0.612037 0.322917 0.614815
0 0.327604 0.612963 0.331250 0.608333 0.332812 0.602778 0.331771 0.595370 0.329167 0.589815 0.326562 0.587963 0.469792 0.575926 0.466667 0.579630 0.464583 0.587037 0.464583 0.593518 0.466667 0.599074 0.470313 0.601852
0 0.475000 0.600926 0.478646 0.595370 0.479688 0.589815 0.479167 0.582407 0.476562 0.576852 0.473437 0.575000 0.441667 0.425000 0.438021 0.427778 0.436458 0.435185 0.436458 0.442593 0.438542 0.447222 0.441667 0.450000
0 0.446354 0.449074 0.450000 0.443519 0.451562 0.437963 0.451042 0.430556 0.448438 0.425000 0.445312 0.423148 0.516146 0.374074 0.512500 0.376852 0.510417 0.384259 0.510938 0.391667 0.513021 0.397222 0.516146 0.399074
0 0.520833 0.398148 0.524479 0.393519 0.526042 0.387037 0.525000 0.379630 0.522396 0.374074 0.519792 0.372222 0.555208 0.371296 0.551562 0.374074 0.550000 0.381481 0.550000 0.388889 0.552083 0.394444 0.555208 0.396296
0 0.560417 0.395370 0.563542 0.389815 0.565104 0.384259 0.564583 0.376852 0.561979 0.371296 0.558854 0.369444 0.528646 0.318519 0.525521 0.321296 0.523438 0.328704 0.523438 0.336111 0.525521 0.341667 0.529167 0.343519
0 0.533854 0.342593 0.537500 0.337963 0.538542 0.332407 0.538021 0.325000 0.535417 0.318519 0.532292 0.317593 0.634896 0.415741 0.631250 0.418519 0.629167 0.425926 0.629687 0.433333 0.631771 0.438889 0.634896 0.440741
0 0.639583 0.439815 0.643229 0.434259 0.644792 0.428704 0.644271 0.421296 0.641667 0.415741 0.638542 0.413889 0.674479 0.468519 0.671354 0.471296 0.669271 0.478704 0.669792 0.486111 0.671875 0.490741 0.674479 0.494444
0 0.679167 0.492593 0.682813 0.487037 0.684375 0.481481 0.683333 0.474074 0.680729 0.468519 0.678125 0.466667 0.682813 0.387037 0.679688 0.390741 0.677604 0.398148 0.677604 0.405556 0.679688 0.410185 0.683333 0.412963
0 0.688021 0.412037 0.691667 0.406481 0.692708 0.400926 0.692187 0.393519 0.689583 0.387963 0.686458 0.386111 0.550521 0.241667 0.546875 0.245370 0.545313 0.252778 0.545313 0.259259 0.547396 0.264815 0.550521 0.267593
0 0.555729 0.266667 0.558854 0.261111 0.560417 0.255556 0.559896 0.248148 0.557292 0.242593 0.554167 0.240741 0.566667 0.376852 0.563021 0.380556 0.561458 0.387037 0.561458 0.394444 0.563542 0.400000 0.567187 0.402778
0 0.571875 0.400926 0.575000 0.396296 0.576563 0.390741 0.576042 0.383333 0.573438 0.377778 0.570312 0.375926 0.785937 0.406481 0.782812 0.410185 0.781250 0.416667 0.781250 0.424074 0.783333 0.429630 0.786458 0.432407
0 0.791146 0.430556 0.794271 0.425926 0.795833 0.420370 0.795313 0.412963 0.792708 0.407407 0.789583 0.405556 0.807292 0.401852 0.803646 0.405556 0.802083 0.412037 0.802604 0.418519 0.804688 0.424074 0.807292 0.426852
0 0.811979 0.425926 0.815625 0.420370 0.817187 0.415741 0.816667 0.408333 0.814062 0.402778 0.810938 0.400926 0.835938 0.418519 0.833333 0.421296 0.831250 0.427778 0.831250 0.435185 0.833333 0.440741 0.836979 0.442593
0 0.841146 0.441667 0.844792 0.437037 0.845833 0.431481 0.845312 0.425000 0.842708 0.418519 0.839583 0.417593 0.831771 0.371296 0.828125 0.375000 0.826563 0.383333 0.827083 0.388889 0.829167 0.394444 0.831771 0.397222
0 0.836979 0.396296 0.840104 0.390741 0.841146 0.385185 0.840625 0.377778 0.838021 0.372222 0.835417 0.370370 0.852083 0.380556 0.849479 0.384259 0.847396 0.390741 0.847917 0.398148 0.850000 0.403704 0.853125 0.406481
0 0.857292 0.405556 0.860937 0.400000 0.862500 0.394444 0.861458 0.387037 0.858854 0.381481 0.856250 0.379630 0.888021 0.374074 0.884896 0.377778 0.883333 0.385185 0.882812 0.392593 0.885417 0.396296 0.888542 0.399074
0 0.893229 0.398148 0.896354 0.393519 0.897396 0.387963 0.896875 0.380556 0.894271 0.375000 0.891146 0.374074 0.840625 0.476852 0.837500 0.480556 0.835938 0.487037 0.835938 0.494444 0.837500 0.500000 0.840625 0.502778
0 0.845833 0.500926 0.848958 0.496296 0.850000 0.490741 0.849479 0.483333 0.847396 0.477778 0.844271 0.475926 0.740625 0.528704 0.737500 0.532407 0.735417 0.539815 0.735417 0.546296 0.737500 0.551852 0.741146 0.554630
0 0.745833 0.553704 0.748958 0.548148 0.749479 0.542593 0.748958 0.535185 0.747396 0.529630 0.744271 0.527778 0.765104 0.490741 0.761979 0.494444 0.759896 0.500926 0.759896 0.507407 0.762500 0.512963 0.765625 0.515741
0 0.770312 0.514815 0.773438 0.510185 0.774479 0.503704 0.773438 0.498148 0.771875 0.491667 0.768750 0.489815 0.746354 0.469444 0.742708 0.473148 0.740625 0.480556 0.741146 0.487963 0.743229 0.492593 0.746354 0.495370
0 0.750521 0.494444 0.754167 0.488889 0.755208 0.483333 0.754687 0.475926 0.752604 0.470370 0.749479 0.468519 0.677083 0.295370 0.673958 0.299074 0.671875 0.305556 0.671875 0.312963 0.674479 0.318519 0.677604 0.321296
0 0.682292 0.320370 0.685938 0.314815 0.686979 0.309259 0.685938 0.301852 0.683854 0.296296 0.680729 0.294444 0.806771 0.468519 0.803125 0.471296 0.801042 0.478704 0.801562 0.486111 0.803646 0.491667 0.806771 0.493519
0 0.810938 0.493519 0.814583 0.487037 0.815625 0.481481 0.815104 0.475000 0.813021 0.468519 0.809896 0.467593 0.756250 0.677778 0.752604 0.680556 0.751042 0.687037 0.750521 0.694444 0.752604 0.700000 0.755729 0.701852
0 0.760417 0.700926 0.764063 0.695370 0.765104 0.689815 0.764583 0.682407 0.761979 0.677778 0.759375 0.675926 0.821875 0.680556 0.818750 0.683333 0.816667 0.689815 0.816667 0.696296 0.818750 0.701852 0.821875 0.704630
0 0.826563 0.702778 0.829687 0.698148 0.830729 0.692593 0.830729 0.685185 0.828646 0.680556 0.825521 0.678704 0.726562 0.626852 0.723437 0.629630 0.721354 0.636111 0.721354 0.643519 0.722917 0.649074 0.726562 0.650926
0 0.731250 0.650000 0.734375 0.645370 0.735417 0.639815 0.734896 0.632407 0.732813 0.626852 0.729688 0.625926 0.885938 0.654630 0.883333 0.659259 0.881771 0.664815 0.882292 0.670370 0.883854 0.675000 0.888021 0.675926
0 0.892187 0.673148 0.893229 0.668519 0.893229 0.662037 0.892187 0.656482 0.889063 0.653704 0.885938 0.600926 0.883333 0.603704 0.881771 0.608333 0.882292 0.614815 0.883333 0.620370 0.888021 0.620370 0.892187 0.618519
0 0.893229 0.613889 0.892708 0.606481 0.891146 0.602778 0.888542 0.600000 0.717188 0.713889 0.715104 0.717593 0.713021 0.723148 0.713542 0.729630 0.715104 0.734259 0.719792 0.735185 0.723958 0.732407 0.725000 0.727778
0 0.724479 0.721296 0.722917 0.715741 0.720312 0.712963 0.896354 0.583333 0.893750 0.587037 0.892187 0.592593 0.892708 0.599074 0.894792 0.602778 0.898438 0.603704 0.902604 0.600926 0.903125 0.597222 0.903646 0.590741
0 0.902083 0.585185 0.898958 0.583333 0.903646 0.633333 0.901042 0.637037 0.899479 0.641667 0.900000 0.648148 0.901563 0.652778 0.905729 0.653704 0.909896 0.650926 0.910937 0.646296 0.910937 0.639815 0.909375 0.634259
0 0.906771 0.632407 0.790625 0.468519 0.788021 0.472222 0.786458 0.477778 0.786979 0.484259 0.788542 0.488889 0.793229 0.489815 0.796875 0.487037 0.797917 0.482407 0.797917 0.475926 0.796354 0.470370 0.793229 0.467593
0 0.855729 0.625926 0.852604 0.629630 0.850521 0.636111 0.850521 0.643519 0.852604 0.649074 0.855729 0.651852 0.860417 0.650000 0.864062 0.645370 0.865104 0.639815 0.864062 0.632407 0.861979 0.625926 0.859375 0.625000
0 0.692708 0.598148 0.689583 0.601852 0.687500 0.609259 0.687500 0.616667 0.689583 0.621296 0.693229 0.624074 0.697396 0.623148 0.701042 0.617593 0.701563 0.612037 0.701563 0.604630 0.699479 0.599074 0.696354 0.597222
0 0.672396 0.678704 0.668750 0.682407 0.666667 0.689815 0.667188 0.696296 0.669271 0.701852 0.672396 0.704630 0.677083 0.703704 0.680729 0.698148 0.681771 0.692593 0.681250 0.685185 0.679167 0.679630 0.676042 0.677778
0 0.692708 0.564815 0.689583 0.567593 0.687500 0.575000 0.687500 0.582407 0.689583 0.587963 0.693229 0.589815 0.697917 0.588889 0.701563 0.583333 0.702604 0.577778 0.701563 0.571296 0.699479 0.564815 0.696354 0.562963
0 0.626562 0.632407 0.623438 0.636111 0.621354 0.643519 0.621354 0.650000 0.623438 0.655556 0.627083 0.658333 0.631250 0.657407 0.634375 0.651852 0.635417 0.646296 0.635417 0.638889 0.633333 0.633333 0.630208 0.631481
0 0.564583 0.729630 0.560938 0.733333 0.558854 0.739815 0.559375 0.747222 0.561458 0.752778 0.564583 0.755556 0.569271 0.753704 0.572917 0.749074 0.573958 0.743519 0.573438 0.736111 0.571354 0.729630 0.568229 0.728704
0 0.695833 0.505556 0.692187 0.508333 0.690104 0.515741 0.690625 0.523148 0.692708 0.527778 0.695833 0.530556 0.700521 0.529630 0.704167 0.524074 0.705208 0.518519 0.704687 0.511111 0.702604 0.505556 0.699479 0.503704
0 0.606250 0.563889 0.602604 0.567593 0.600521 0.575000 0.601042 0.581481 0.603125 0.587037 0.606250 0.589815 0.610937 0.588889 0.614583 0.583333 0.615625 0.577778 0.615104 0.570370 0.613021 0.564815 0.609896 0.562963
0 0.633333 0.733333 0.629687 0.737037 0.627604 0.742593 0.628125 0.750000 0.629687 0.755556 0.632812 0.758333 0.637500 0.757407 0.641146 0.751852 0.642187 0.746296 0.641667 0.738889 0.639583 0.734259
0 0.636979 0.732407 0.521354 0.755556 0.517708 0.758333 0.515625 0.764815 0.516146 0.772222 0.518229 0.777778 0.521354 0.779630 0.526042 0.778704 0.529688 0.774074 0.530729 0.768519 0.530208 0.762037
0 0.528125 0.755556 0.525000 0.753704 0.483333 0.647222 0.480208 0.650926 0.478125 0.658333 0.478125 0.665741 0.480208 0.670370 0.483854 0.673148 0.488542 0.672222 0.492188 0.666667 0.493229 0.661111
0 0.492188 0.653704 0.490104 0.648148 0.486979 0.646296 0.478125 0.620370 0.474479 0.623148 0.472917 0.630556 0.472917 0.637963 0.475000 0.643519 0.478125 0.645370 0.483333 0.644444 0.486458 0.639815
0 0.487500 0.634259 0.486979 0.626852 0.484896 0.620370 0.481771 0.618519 0.510417 0.620370 0.506771 0.623148 0.505208 0.630556 0.505208 0.637963 0.507292 0.642593 0.510417 0.645370 0.515625 0.644444
0 0.518750 0.638889 0.519792 0.633333 0.519271 0.625926 0.517187 0.620370 0.514063 0.618519 0.630208 0.478704 0.630729 0.493519 0.634896 0.500000 0.640625 0.501852 0.646354 0.500000 0.651042 0.493519
0 0.652604 0.486111 0.652083 0.475000 0.648438 0.467593 0.644792 0.464815 0.639583 0.463889 0.633333 0.469444 0.603646 0.528704 0.604167 0.544444 0.608333 0.551852 0.614062 0.552778 0.620313 0.550000 0.624479 0.543519
0 0.626562 0.536111 0.625521 0.525926 0.621875 0.518519 0.618229 0.514815 0.613021 0.513889 0.606771 0.520370 0.578125 0.538889 0.578646 0.553704 0.582812 0.562037 0.588542 0.562963 0.594792 0.560185 0.598958 0.553704
0 0.600521 0.546296 0.599479 0.535185 0.596354 0.528704 0.592708 0.525000 0.586979 0.524074 0.581250 0.530556 0.572917 0.460185 0.573438 0.475926 0.577604 0.483333 0.583333 0.484259 0.589583 0.481481 0.593750 0.475000
0 0.595833 0.467593 0.594792 0.457407 0.591146 0.450000 0.587500 0.446296 0.582292 0.445370 0.576042 0.451852 0.778646 0.364815 0.779167 0.379630 0.783854 0.387037 0.789062 0.388889 0.795833 0.386111 0.798958 0.379630
0 0.801042 0.372222 0.800000 0.361111 0.796354 0.353704 0.793229 0.350926 0.787500 0.350000 0.782292 0.355556 0.768229 0.674074 0.768750 0.688889 0.772396 0.696296 0.778125 0.697222 0.784375 0.694444 0.788542 0.687963
0 0.790625 0.680556 0.789583 0.670370 0.785417 0.663889 0.782812 0.660185 0.777604 0.659259 0.771354 0.665741 0.508854 0.663889 0.509896 0.678704 0.514063 0.686111 0.519792 0.687963 0.526042 0.685185 0.530208 0.678704
0 0.531771 0.671296 0.530729 0.660185 0.527604 0.652778 0.523958 0.650000 0.518229 0.649074 0.512500 0.654630 0.498958 0.792593 0.499479 0.807407 0.503646 0.814815 0.508854 0.816667 0.515625 0.812963 0.519271 0.807407
0 0.521354 0.800000 0.520312 0.789815 0.516667 0.782407 0.513542 0.778704 0.507812 0.777778 0.502083 0.784259 0.315625 0.635185 0.315625 0.648148 0.319271 0.655556 0.320312 0.656482 0.325000 0.656482 0.331250 0.653704
0 0.334896 0.647222 0.336979 0.639815 0.335938 0.628704 0.332812 0.621296 0.329167 0.618519 0.324479 0.618519 0.319271 0.624074 0.442187 0.646296 0.442708 0.662037 0.446875 0.669444 0.452604 0.670370 0.458854 0.667593
0 0.463021 0.661111 0.464583 0.653704 0.464063 0.643519 0.460417 0.636111 0.456771 0.632407 0.451562 0.631481 0.445312 0.637963 0.402083 0.375926 0.402604 0.391667 0.406771 0.399074 0.412500 0.400000 0.419271 0.397222
0 0.422917 0.391667 0.425000 0.383333 0.423958 0.373148 0.420312 0.365741 0.417188 0.362037 0.411458 0.361111 0.405729 0.367593 0.516146 0.267593 0.516667 0.282407 0.521354 0.289815 0.526563 0.290741 0.533333 0.288889
0 0.536979 0.282407 0.539062 0.275000 0.538021 0.263889 0.534375 0.257407 0.531250 0.253704 0.525521 0.252778 0.519792 0.259259 0.497917 0.310185 0.498437 0.325000 0.502604 0.333333 0.508333 0.334259 0.514583 0.331481
0 0.518229 0.325000 0.520312 0.317593 0.519271 0.306481 0.516146 0.300000 0.512500 0.296296 0.506771 0.295370 0.501042 0.301852 0.499479 0.429630 0.499479 0.446296 0.503646 0.452778 0.509375 0.453704 0.515625 0.450926
0 0.519792 0.444444 0.521354 0.437037 0.520833 0.426852 0.517187 0.419444 0.513542 0.415741 0.508333 0.414815 0.502083 0.421296 0.288021 0.798148 0.289062 0.812963 0.293750 0.820370 0.298958 0.822222 0.305208 0.818519
0 0.308854 0.813889 0.310417 0.805556 0.309375 0.795370 0.305208 0.788889 0.302604 0.785185 0.296875 0.785185 0.291667 0.789815 0.211458 0.867593 0.212500 0.882407 0.217187 0.888889 0.222917 0.890741 0.228646 0.887963
0 0.231771 0.882407 0.233854 0.875000 0.232292 0.864815 0.229167 0.858333 0.225521 0.854630 0.220313 0.853704 0.215104 0.859259 0.142188 0.846296 0.143750 0.861111 0.147917 0.867593 0.153646 0.868519 0.159375 0.866667
0 0.162500 0.861111 0.164062 0.853704 0.162500 0.844444 0.159896 0.837037 0.156250 0.833333 0.151042 0.832407 0.145313 0.838889 0.069792 0.780556 0.070833 0.795370 0.075000 0.802778 0.080208 0.804630 0.085938 0.800926
0 0.089583 0.796296 0.091146 0.788889 0.089583 0.778704 0.086458 0.771296 0.082813 0.768519 0.078125 0.766667 0.072396 0.773148 0.140625 0.397222 0.141146 0.412963 0.145313 0.420370 0.151042 0.421296 0.156771 0.418519
0 0.160417 0.412037 0.162500 0.404630 0.161458 0.394444 0.157813 0.387963 0.155208 0.383333 0.149479 0.382407 0.144271 0.388889 0.180729 0.378704 0.181250 0.394444 0.184896 0.401852 0.190625 0.403704 0.196875 0.400000
0 0.200521 0.394444 0.202083 0.387037 0.202083 0.375926 0.198437 0.368519 0.194792 0.364815 0.190104 0.363889 0.183854 0.370370 0.245833 0.366667 0.245833 0.382407 0.250000 0.388889 0.255729 0.390741 0.261979 0.387037
0 0.266146 0.381481 0.268229 0.374074 0.267188 0.363889 0.263542 0.356481 0.259896 0.352778 0.254687 0.351852 0.248958 0.358333 0.272917 0.346296 0.273438 0.361111 0.277083 0.367593 0.282813 0.369444 0.289583 0.366667
0 0.293229 0.360185 0.294792 0.353704 0.294271 0.342593 0.290625 0.335185 0.287500 0.332407 0.282292 0.331481 0.276563 0.337037 0.309375 0.281481 0.309375 0.296296 0.314063 0.303704 0.319792 0.304630 0.326042 0.301852 0.329688 0.295370
0 0.331771 0.287963 0.330729 0.277778 0.327604 0.271296 0.323958 0.267593 0.318750 0.266667 0.313021 0.273148 0.248437 0.326852 0.248958 0.342593 0.253125 0.350000 0.258333 0.351852 0.264583 0.348148 0.268750 0.342593
0 0.270312 0.334259 0.269271 0.324074 0.266667 0.316667 0.263021 0.312963 0.257292 0.312037 0.251563 0.318519 0.160938 0.141667 0.160938 0.156481 0.164583 0.163889 0.169792 0.166667 0.176042 0.162037 0.180208 0.156481
0 0.181771 0.148148 0.181250 0.138889 0.178125 0.132407 0.175000 0.128704 0.170312 0.127778 0.164062 0.134259 0.209896 0.145370 0.209896 0.160185 0.213542 0.166667 0.219271 0.167593 0.225521 0.164815 0.229167 0.159259
0 0.231250 0.151852 0.230729 0.141667 0.227604 0.135185 0.223958 0.131481 0.219271 0.130556 0.213021 0.137037 0.375000 0.251852 0.375521 0.265741 0.379687 0.273148 0.385417 0.275000 0.392188 0.272222 0.395833 0.265741
0 0.397917 0.258333 0.396875 0.248148 0.393229 0.240741 0.389583 0.237963 0.384375 0.237037 0.378646 0.242593 0.055729 0.287963 0.055729 0.302778 0.059375 0.310185 0.064583 0.311111 0.070312 0.308333 0.074479 0.301852
0 0.076042 0.294444 0.076042 0.285185 0.072396 0.278704 0.069271 0.274074 0.064583 0.273148 0.058854 0.279630 0.035937 0.180556 0.035937 0.193519 0.039583 0.200926 0.044792 0.201852 0.050521 0.199074 0.054688 0.192593
0 0.056250 0.186111 0.055729 0.175000 0.053125 0.168519 0.050000 0.165741 0.044792 0.165741 0.039583 0.172222 0.271875 0.091667 0.272396 0.105556 0.276042 0.112963 0.281771 0.114815 0.288021 0.111111 0.291667 0.105556
0 0.293750 0.098148 0.293229 0.087963 0.290104 0.081481 0.286458 0.077778 0.281250 0.076852 0.276042 0.083333 0.522396 0.182407 0.522917 0.198148 0.527604 0.204630 0.532812 0.206481 0.539583 0.202778 0.543229 0.198148
0 0.545313 0.189815 0.544271 0.179630 0.540104 0.173148 0.537500 0.169444 0.531771 0.168519 0.526042 0.174074 0.477083 0.190741 0.477604 0.204630 0.481771 0.212037 0.487500 0.213889 0.494271 0.211111 0.497917 0.204630
0 0.499479 0.199074 0.498958 0.187037 0.495313 0.179630 0.491667 0.176852 0.486458 0.175926 0.480208 0.181481 0.473437 0.016667 0.473958 0.029630 0.478125 0.037963 0.483854 0.038889 0.490104 0.036111 0.493750 0.029630
0 0.495833 0.023148 0.494792 0.012963 0.394792 0.046296 0.394792 0.060185 0.399479 0.066667 0.404687 0.068519 0.411458 0.064815 0.415104 0.059259 0.417188 0.051852 0.416146 0.042593 0.413021 0.035185 0.409375 0.032407
0 0.404167 0.031481 0.398438 0.037963 0.629687 0.100926 0.630208 0.115741 0.634375 0.123148 0.640104 0.125000 0.645833 0.121296 0.650000 0.115741 0.651563 0.109259 0.650521 0.098148 0.647396 0.091667 0.643750 0.087963
0 0.638542 0.087037 0.632292 0.092593 0.608854 0.122222 0.608854 0.137963 0.614062 0.144444 0.619792 0.146296 0.626042 0.142593 0.629687 0.137963 0.631250 0.129630 0.630208 0.120370 0.626562 0.112963 0.623438 0.109259
0 0.617708 0.108333 0.612500 0.114815 0.635417 0.021296 0.639583 0.028704 0.645312 0.029630 0.651563 0.026852 0.655208 0.022222 0.656771 0.014815 0.759896 0.072222 0.760938 0.087037 0.765104 0.093519 0.769792 0.095370
0 0.776563 0.092593 0.779688 0.087963 0.781771 0.079630 0.780729 0.070370 0.776563 0.063889 0.773438 0.060185 0.768229 0.059259 0.763021 0.064815 0.694271 0.414815 0.694792 0.429630 0.699479 0.437037 0.705208 0.438889
0 0.711458 0.436111 0.714583 0.429630 0.716667 0.422222 0.715625 0.411111 0.712500 0.403704 0.708854 0.400926 0.703646 0.400000 0.697917 0.405556 0.640625 0.688889 0.641146 0.704630 0.645833 0.712037 0.651042 0.713889
0 0.657292 0.710185 0.660937 0.704630 0.663021 0.697222 0.662500 0.686111 0.658854 0.678704 0.655729 0.675000 0.650000 0.675000 0.644271 0.680556 0.524479 0.518519 0.525000 0.533333 0.529688 0.540741 0.535417 0.542593
0 0.541667 0.539815 0.545313 0.533333 0.547396 0.525926 0.546354 0.514815 0.543229 0.507407 0.539583 0.503704 0.533854 0.503704 0.528125 0.509259 0.528646 0.394444 0.529167 0.410185 0.533333 0.417593 0.539062 0.418519
0 0.545313 0.415741 0.549479 0.409259 0.551042 0.401852 0.550000 0.391667 0.546875 0.384259 0.543229 0.380556 0.538021 0.379630 0.531771 0.386111 0.564583 0.348148 0.565104 0.363889 0.569271 0.371296 0.575000 0.372222
0 0.581771 0.369444 0.585417 0.362963 0.587500 0.355556 0.586458 0.345370 0.582812 0.337963 0.579167 0.334259 0.573958 0.333333 0.568229 0.339815 0.110417 0.688889 0.111458 0.704630 0.115625 0.712037 0.120833 0.713889
0 0.127083 0.710185 0.130208 0.705556 0.132292 0.696296 0.131250 0.687037 0.127604 0.679630 0.124479 0.675926 0.119271 0.675000 0.114063 0.682407 0.289062 0.619444 0.289062 0.631481 0.291667 0.642593 0.297396 0.648148
0 0.304167 0.648148 0.309375 0.645370 0.314063 0.636111 0.316146 0.626852 0.315104 0.615741 0.313021 0.608333 0.306250 0.602778 0.300000 0.602778 0.292708 0.610185 0.378125 0.443519 0.378646 0.455556 0.380729 0.466667
0 0.386979 0.473148 0.393750 0.472222 0.398958 0.470370 0.403646 0.461111 0.405729 0.450926 0.404687 0.440741 0.403125 0.432407 0.395833 0.427778 0.390104 0.426852 0.381771 0.434259 0.373437 0.124074 0.370833 0.126852
0 0.369271 0.132407 0.369271 0.138889 0.370833 0.142593 0.375000 0.144444 0.379687 0.141667 0.380729 0.137963 0.380208 0.130556 0.378646 0.125926 0.376563 0.122222 0.335938 0.105556 0.332812 0.109259 0.330729 0.116667
0 0.330729 0.122222 0.332292 0.127778 0.335938 0.130556 0.340625 0.129630 0.344271 0.124074 0.345313 0.118519 0.344792 0.112037 0.342187 0.107407 0.339583 0.104630 0.220833 0.201852 0.221354 0.209259 0.222917 0.214815
0 0.224479 0.217593 0.228125 0.218519 0.233854 0.215741 0.236458 0.210185 0.236979 0.202778 0.235938 0.195370 0.234375 0.191667 0.231250 0.188889 0.227604 0.189815 0.222917 0.194444 0.183333 0.262963 0.183333 0.272222
0 0.184896 0.275926 0.186979 0.278704 0.191146 0.279630 0.196354 0.276852 0.198437 0.271296 0.200000 0.263889 0.198958 0.257407 0.196875 0.251852 0.193750 0.250000 0.190104 0.250000 0.185937 0.255556 0.224479 0.261111
0 0.225000 0.269444 0.226042 0.275000 0.228125 0.277778 0.231771 0.278704 0.237500 0.275926 0.239583 0.270370 0.240625 0.262963 0.239583 0.255556 0.237500 0.250926 0.234896 0.248148 0.230729 0.249074 0.226562 0.253704
0 0.204167 0.331481 0.204688 0.339815 0.206250 0.344444 0.208333 0.347222 0.212500 0.348148 0.217708 0.345370 0.219792 0.339815 0.220833 0.332407 0.220313 0.325926 0.218229 0.321296 0.215104 0.318519 0.210938 0.319444
0 0.206771 0.324074 0.173438 0.335185 0.173958 0.342593 0.175521 0.348148 0.177604 0.350926 0.180729 0.351852 0.186458 0.349074 0.189063 0.343519 0.189583 0.336111 0.188542 0.328704 0.186979 0.324074 0.183854 0.321296
0 0.180208 0.322222 0.175521 0.326852 0.193750 0.179630 0.194271 0.187037 0.195312 0.191667 0.197396 0.195370 0.201042 0.195370 0.206771 0.192593 0.208854 0.187037 0.209896 0.180556 0.208854 0.174074 0.207292 0.168519
0 0.204167 0.166667 0.200000 0.167593 0.196354 0.172222 0.150521 0.177778 0.150521 0.185185 0.152083 0.190741 0.154167 0.193519 0.157292 0.193519 0.163021 0.190741 0.165625 0.186111 0.166146 0.178704 0.165625 0.171296
0 0.163542 0.166667 0.160938 0.164815 0.157292 0.164815 0.152604 0.170370 0.135417 0.281481 0.135937 0.288889 0.137500 0.294444 0.139062 0.298148 0.142708 0.298148 0.147917 0.295370 0.151042 0.289815 0.151562 0.282407
0 0.150521 0.275000 0.148958 0.269444 0.145833 0.267593 0.142188 0.268519 0.138021 0.273148 0.082813 0.220370 0.083333 0.227778 0.084375 0.233333 0.085938 0.236111 0.089583 0.236111 0.095312 0.233333 0.097396 0.228704
0 0.098438 0.221296 0.097396 0.213889 0.096354 0.210185 0.092708 0.208333 0.089583 0.208333 0.084896 0.213889 0.117188 0.220370 0.117708 0.226852 0.119271 0.232407 0.120833 0.235185 0.124479 0.235185 0.129688 0.232407
0 0.131250 0.227778 0.133333 0.220370 0.132292 0.213889 0.130208 0.209259 0.127604 0.206481 0.123438 0.207407 0.119792 0.212963 0.084375 0.308333 0.084896 0.316667 0.086458 0.322222 0.088021 0.325000 0.092188 0.325926
0 0.097396 0.323148 0.099479 0.317593 0.100521 0.310185 0.100000 0.302778 0.097917 0.297222 0.095312 0.296296 0.091146 0.297222 0.086979 0.301852 0.069792 0.242593 0.069792 0.250000 0.071354 0.255556 0.072917 0.258333
0 0.076563 0.259259 0.081771 0.256481 0.084375 0.250926 0.084896 0.244444 0.084375 0.237037 0.082813 0.231481 0.079687 0.229630 0.076042 0.229630 0.071875 0.235185 0.205729 0.224074 0.205729 0.231481 0.207292 0.237037 0.209375 0.239815
0 0.212500 0.240741 0.218229 0.237963 0.220833 0.232407 0.221354 0.225000 0.220833 0.218519 0.218750 0.212963 0.215625 0.211111 0.211979 0.212963 0.207813 0.216667 0.186458 0.421296 0.186979 0.429630 0.188542 0.434259 0.190625 0.437963
0 0.194271 0.437963 0.200000 0.435185 0.202083 0.430556 0.203125 0.422222 0.202083 0.415741 0.200000 0.410185 0.196875 0.409259 0.193229 0.409259 0.189063 0.413889 0.054688 0.218519 0.054688 0.225000
0 0.056250 0.230556 0.057813 0.234259 0.061458 0.233333 0.066667 0.230556 0.068750 0.225926 0.069792 0.218519 0.069271 0.212037 0.067188 0.208333 0.064583 0.204630 0.060938 0.205556 0.056771 0.211111 0.110417 0.143519
0 0.110937 0.150926 0.111979 0.155556 0.114063 0.158333 0.117188 0.159259 0.122917 0.156481 0.125521 0.150926 0.126042 0.144444 0.125521 0.137037 0.123438 0.133333 0.120833 0.130556 0.117188 0.131481 0.113021 0.136111 0.098438 0.490741
0 0.098958 0.499074 0.100521 0.502778 0.102604 0.506481 0.105729 0.506481 0.111458 0.503704 0.113021 0.500000 0.114063 0.491667 0.113021 0.486111 0.111458 0.479630 0.108333 0.476852 0.104167 0.477778 0.100521 0.483333 0.060417 0.501852
0 0.060938 0.509259 0.061979 0.515741 0.064062 0.518519 0.067708 0.518519 0.072917 0.515741 0.075521 0.510185 0.076042 0.502778 0.075000 0.497222 0.072917 0.491667 0.069792 0.489815 0.066146 0.489815 0.061979 0.496296 0.168750 0.449074
0 0.169271 0.456481 0.170833 0.462037 0.172917 0.464815 0.176042 0.465741 0.181771 0.462963 0.184375 0.457407 0.184896 0.450000 0.183854 0.442593 0.181771 0.437963 0.178646 0.435185 0.175000 0.436111 0.170833 0.441667 0.153125 0.472222
0 0.153646 0.480556 0.155208 0.485185 0.157292 0.488889 0.160938 0.489815 0.166146 0.487037 0.168750 0.481481 0.169271 0.474074 0.168750 0.466667 0.166667 0.461111 0.163021 0.458333 0.159896 0.459259 0.155729 0.464815 0.183854 0.575926
0 0.184375 0.583333 0.185417 0.588889 0.188021 0.591667 0.191667 0.592593 0.196875 0.590741 0.198958 0.585185 0.200000 0.577778 0.198958 0.570370 0.196875 0.564815 0.193750 0.562963 0.190104 0.562963 0.185937 0.568519 0.152083 0.642593
0 0.152604 0.650926 0.154167 0.655556 0.156250 0.659259 0.159375 0.660185 0.165104 0.657407 0.167187 0.651852 0.167708 0.643519 0.166667 0.637037 0.164583 0.632407 0.161979 0.629630 0.157813 0.629630 0.153646 0.635185 0.093750 0.649074
0 0.094271 0.656482 0.095833 0.662037 0.097917 0.664815 0.101042 0.665741 0.106771 0.662963 0.108854 0.657407 0.109375 0.650000 0.108333 0.643519 0.106250 0.638889 0.103125 0.636111 0.100000 0.637037 0.095312 0.640741 0.276563 0.460185
0 0.277083 0.467593 0.278646 0.473148 0.280729 0.475926 0.283854 0.476852 0.289583 0.474074 0.292188 0.468519 0.292708 0.461111 0.291667 0.453704 0.289583 0.449074 0.286458 0.446296 0.282813 0.447222 0.278646 0.451852 0.303646 0.421296
0 0.304167 0.428704 0.305729 0.434259 0.307813 0.437963 0.311979 0.437963 0.317187 0.435185 0.319792 0.429630 0.320312 0.422222 0.319792 0.415741 0.317708 0.410185 0.314063 0.407407 0.310417 0.408333 0.306250 0.413889 0.226562 0.600000
0 0.227083 0.606481 0.228646 0.612037 0.230729 0.614815 0.234375 0.615741 0.239583 0.613889 0.242188 0.608333 0.242708 0.600926 0.241667 0.593518 0.239583 0.588889 0.236458 0.586111 0.232812 0.587037 0.228646 0.591667 0.298438 0.579630
0 0.298958 0.587963 0.300521 0.592593 0.302604 0.596296 0.306771 0.596296 0.312500 0.593518 0.314583 0.588889 0.315625 0.580556 0.314583 0.574074 0.312500 0.568519 0.309375 0.565741 0.305208 0.566667 0.301042 0.572222 0.230208 0.707407
0 0.230729 0.715741 0.231771 0.720370 0.234375 0.723148 0.238021 0.724074 0.243229 0.722222 0.245312 0.716667 0.246354 0.709259 0.245312 0.701852 0.243229 0.696296 0.240104 0.694444 0.235938 0.695370 0.231771 0.700926 0.262500 0.737037
0 0.263542 0.744444 0.265104 0.750000 0.267188 0.752778 0.271354 0.753704 0.276563 0.750926 0.278646 0.745370 0.279167 0.738889 0.278646 0.731481 0.276563 0.725926 0.272917 0.724074 0.269271 0.725000 0.265104 0.729630 0.304688 0.708333
0 0.305208 0.715741 0.306250 0.721296 0.308854 0.724074 0.312500 0.725000 0.317708 0.722222 0.319792 0.717593 0.320833 0.710185 0.319792 0.702778 0.317708 0.697222 0.314583 0.695370 0.310417 0.696296 0.306250 0.700926 0.388542 0.742593
0 0.389062 0.749074 0.390104 0.754630 0.392708 0.757407 0.396354 0.758333 0.402083 0.755556 0.404167 0.750926 0.405208 0.743519 0.404167 0.736111 0.402083 0.731481 0.398958 0.728704 0.394792 0.729630 0.390625 0.734259 0.377604 0.716667
0 0.378125 0.724074 0.379687 0.729630 0.381771 0.733333 0.385938 0.733333 0.391667 0.730556 0.393750 0.725000 0.394792 0.717593 0.393750 0.711111 0.391667 0.705556 0.388542 0.702778 0.384375 0.703704 0.380208 0.709259 0.450521 0.782407
0 0.451042 0.790741 0.452604 0.795370 0.454688 0.798148 0.458333 0.798148 0.464063 0.796296 0.466146 0.791667 0.467187 0.783333 0.466146 0.776852 0.464063 0.771296 0.460938 0.768519 0.456771 0.769444 0.452604 0.775000 0.428125 0.769444
0 0.428646 0.777778 0.429688 0.783333 0.432292 0.786111 0.435937 0.787037 0.441146 0.784259 0.443229 0.778704 0.444271 0.771296 0.443229 0.763889 0.440625 0.759259 0.438021 0.757407 0.433333 0.758333 0.429688 0.762963 0.412500 0.794444
0 0.413021 0.801852 0.414583 0.807407 0.416667 0.810185 0.420833 0.811111 0.426042 0.808333 0.428646 0.802778 0.429167 0.795370 0.428646 0.788889 0.426562 0.784259 0.422917 0.781482 0.419271 0.782407 0.415104 0.787963 0.396354 0.812963
0 0.396875 0.819444 0.398438 0.825000 0.400521 0.827778 0.404167 0.828704 0.409896 0.825926 0.411979 0.820370 0.412500 0.813889 0.411458 0.806481 0.409375 0.801852 0.406250 0.799074 0.402604 0.800000 0.398438 0.805556 0.379167 0.804630
0 0.379687 0.812037 0.381250 0.816667 0.383333 0.819444 0.387500 0.820370 0.392708 0.817593 0.395312 0.812963 0.395833 0.805556 0.395312 0.798148 0.393229 0.793519 0.389583 0.790741 0.385938 0.791667 0.381250 0.796296 0.428125 0.819444
0 0.428646 0.826852 0.430208 0.831481 0.432292 0.835185 0.435937 0.836111 0.441667 0.833333 0.444271 0.827778 0.444792 0.820370 0.443750 0.813889 0.441667 0.808333 0.438542 0.805556 0.434896 0.806481 0.430208 0.812037 0.335938 0.826852
0 0.336458 0.835185 0.338021 0.839815 0.340104 0.843518 0.343750 0.843518 0.349479 0.840741 0.352083 0.835185 0.352083 0.828704 0.351042 0.822222 0.348958 0.816667 0.345833 0.813889 0.342187 0.814815 0.338021 0.820370 0.245312 0.854630
0 0.245833 0.862037 0.247396 0.867593 0.249479 0.870370 0.252604 0.871296 0.258854 0.868519 0.260938 0.862963 0.261458 0.856481 0.260417 0.849074 0.258854 0.844444 0.255208 0.841667 0.251563 0.842593 0.246875 0.849074 0.274479 0.825926
0 0.275000 0.833333 0.276563 0.838889 0.278646 0.841667 0.282292 0.842593 0.288021 0.839815 0.290104 0.834259 0.290625 0.827778 0.289583 0.820370 0.287500 0.815741 0.284375 0.812963 0.280208 0.813889 0.276563 0.818519 0.220313 0.762963
0 0.220833 0.771296 0.222396 0.775926 0.224479 0.778704 0.228125 0.779630 0.233854 0.776852 0.235938 0.772222 0.236458 0.763889 0.235417 0.757407 0.233333 0.752778 0.230208 0.750000 0.225521 0.750926 0.222396 0.755556 0.181250 0.810185
0 0.181771 0.819444 0.183333 0.823148 0.185417 0.826852 0.189583 0.825926 0.194792 0.825000 0.196875 0.819444 0.197396 0.811111 0.196875 0.805556 0.194271 0.800000 0.191146 0.797222 0.187500 0.798148 0.183854 0.802778 0.183333 0.858333
0 0.184375 0.864815 0.185937 0.870370 0.188021 0.873148 0.191146 0.874074 0.196875 0.871296 0.198437 0.865741 0.199479 0.859259 0.198437 0.852778 0.196354 0.847222 0.193229 0.844444 0.189063 0.845370 0.185417 0.850926 0.173958 0.921296
0 0.174479 0.928704 0.176563 0.933333 0.178646 0.937037 0.181771 0.937963 0.186979 0.935185 0.189583 0.930556 0.189583 0.923148 0.188542 0.916667 0.186458 0.911111 0.183333 0.908333 0.179688 0.909259 0.175521 0.914815 0.146354 0.909259
0 0.146875 0.916667 0.148438 0.921296 0.150000 0.925000 0.154167 0.925000 0.159375 0.922222 0.161458 0.918519 0.161979 0.910185 0.160417 0.904630 0.158333 0.899074 0.155208 0.896296 0.152083 0.897222 0.147396 0.902778 0.097396 0.766667
0 0.098438 0.774074 0.100000 0.779630 0.102083 0.782407 0.105208 0.783333 0.110417 0.780556 0.113021 0.775926 0.113021 0.768519 0.111979 0.761111 0.109896 0.756481 0.106771 0.754630 0.103125 0.754630 0.099479 0.759259 0.121354 0.804630
0 0.122917 0.811111 0.124479 0.816667 0.126563 0.820370 0.129688 0.820370 0.134896 0.818519 0.137500 0.812963 0.137500 0.806481 0.136458 0.798148 0.134375 0.793519 0.131250 0.791667 0.127604 0.791667 0.123958 0.797222 0.140625 0.789815
0 0.141667 0.797222 0.143229 0.801852 0.145313 0.805556 0.148438 0.805556 0.154167 0.803704 0.156250 0.798148 0.156771 0.790741 0.155208 0.785185 0.153125 0.779630 0.150521 0.776852 0.146875 0.777778 0.142708 0.782407 0.086979 0.887963
0 0.088021 0.895370 0.089583 0.900000 0.091146 0.903704 0.095312 0.903704 0.100000 0.900926 0.102083 0.896296 0.102604 0.888889 0.101562 0.883333 0.099479 0.877778 0.095833 0.875000 0.092708 0.875926 0.088542 0.881481 0.210417 0.708333
0 0.210938 0.715741 0.212500 0.721296 0.214583 0.724074 0.218229 0.725000 0.223958 0.722222 0.225521 0.716667 0.226562 0.710185 0.225521 0.702778 0.223438 0.698148 0.220313 0.695370 0.216146 0.696296 0.212500 0.700926 0.246875 0.623148
0 0.247396 0.631481 0.248958 0.637963 0.251042 0.639815 0.254687 0.640741 0.260417 0.637963 0.263021 0.632407 0.263542 0.625926 0.262500 0.618519 0.260417 0.612963 0.257292 0.611111 0.253646 0.612037 0.248958 0.616667 0.061979 0.162037
0 0.061979 0.170370 0.063542 0.174074 0.065104 0.177778 0.068229 0.179630 0.073958 0.175926 0.076042 0.170370 0.077083 0.162037 0.076563 0.156481 0.075000 0.150926 0.071875 0.149074 0.068229 0.150000 0.064062 0.155556 0.535937 0.049074
0 0.536458 0.055556 0.538021 0.061111 0.540104 0.063889 0.543750 0.064815 0.548958 0.062037 0.551042 0.056481 0.552083 0.050000 0.551042 0.042593 0.548958 0.038889 0.545833 0.036111 0.541667 0.037963 0.538021 0.040741 0.155208 0.206481
0 0.152604 0.210185 0.151042 0.215741 0.151042 0.221296 0.152604 0.225926 0.156771 0.227778 0.160938 0.224074 0.161979 0.219444 0.161979 0.212963 0.160417 0.208333 0.158333 0.205556 0.138021 0.174074 0.135417 0.176852 0.133854 0.183333
0 0.133854 0.187963 0.135417 0.193519 0.139583 0.194444 0.143750 0.191667 0.144792 0.187037 0.144271 0.181481 0.143750 0.175926 0.140625 0.173148 0.338542 0.185185 0.338542 0.192593 0.339583 0.198148 0.342187 0.200926 0.346354 0.200926
0 0.352083 0.198148 0.353646 0.193519 0.355208 0.186111 0.354167 0.179630 0.352083 0.174074 0.348958 0.172222 0.345313 0.172222 0.341146 0.177778 0.293229 0.106481 0.290625 0.110185 0.289062 0.114815 0.289583 0.121296 0.291146 0.125926
0 0.294792 0.127778 0.299479 0.124074 0.300521 0.120370 0.300521 0.112963 0.298958 0.108333 0.296354 0.105556 0.481771 0.135185 0.482292 0.142593 0.483333 0.148148 0.485938 0.150000 0.489583 0.150926 0.495313 0.148148 0.497917 0.143519
0 0.498437 0.136111 0.497396 0.128704 0.495313 0.125000 0.492188 0.122222 0.488021 0.123148 0.483854 0.127778 0.475000 0.333333 0.475521 0.341667 0.477083 0.346296 0.479167 0.350000 0.482812 0.350000 0.488542 0.347222 0.490625 0.342593
0 0.491667 0.334259 0.490625 0.327778 0.488542 0.322222 0.485417 0.319444 0.481250 0.320370 0.477083 0.325926 0.454167 0.442593 0.454688 0.450000 0.456250 0.455556 0.458333 0.459259 0.461979 0.459259 0.467708 0.456481 0.469792 0.450926
0 0.470833 0.443519 0.469792 0.437037 0.467708 0.431481 0.464583 0.428704 0.460417 0.429630 0.456250 0.435185 0.438021 0.514815 0.438542 0.523148 0.440104 0.528704 0.442187 0.531482 0.445833 0.532407 0.451562 0.529630 0.454167 0.524074
0 0.454688 0.516667 0.453646 0.509259 0.451562 0.503704 0.448438 0.501852 0.444792 0.502778 0.440104 0.507407 0.408333 0.551852 0.408854 0.560185 0.410417 0.564815 0.412500 0.568519 0.416146 0.568519 0.421875 0.565741 0.424479 0.560185
0 0.425000 0.552778 0.423958 0.546296 0.421875 0.540741 0.418750 0.537963 0.415104 0.538889 0.410417 0.544444 0.432292 0.603704 0.432813 0.611111 0.434375 0.616667 0.436458 0.619444 0.440104 0.620370 0.445833 0.617593 0.448438 0.612037
0 0.448958 0.604630 0.447917 0.597222 0.445833 0.592593 0.442708 0.589815 0.439063 0.590741 0.434375 0.595370 0.452083 0.685185 0.452604 0.693519 0.454167 0.699074 0.456250 0.701852 0.460417 0.702778 0.465625 0.700000 0.468229 0.694444
0 0.468750 0.687037 0.468229 0.679630 0.466146 0.675000 0.462500 0.672222 0.458854 0.673148 0.454167 0.677778 0.396354 0.859259 0.397396 0.866667 0.398958 0.872222 0.401042 0.875000 0.404167 0.875926 0.409896 0.873148 0.412500 0.867593
0 0.413021 0.861111 0.411979 0.853704 0.409896 0.848148 0.406771 0.846296 0.403125 0.846296 0.398438 0.851852 0.342708 0.765741 0.343750 0.773148 0.345313 0.777778 0.347396 0.781482 0.351042 0.781482 0.356250 0.778704 0.358854 0.775000
0 0.359375 0.766667 0.358333 0.760185 0.356771 0.754630 0.353125 0.751852 0.349479 0.752778 0.344792 0.758333 0.430208 0.856481 0.430729 0.864815 0.431771 0.869444 0.434375 0.872222 0.438021 0.873148 0.443750 0.870370 0.445833 0.865741
0 0.446875 0.858333 0.445833 0.850926 0.443750 0.846296 0.440625 0.844444 0.436458 0.845370 0.432292 0.849074 0.448958 0.850000 0.450000 0.857407 0.451562 0.862963 0.453646 0.865741 0.457292 0.865741 0.463021 0.863889 0.465104 0.858333
0 0.465625 0.850926 0.465104 0.844444 0.463021 0.838889 0.459375 0.837037 0.456250 0.837963 0.451562 0.842593 0.529167 0.562037 0.529688 0.570370 0.531250 0.575000 0.533333 0.578704 0.536979 0.578704 0.542708 0.575926 0.544792 0.571296
0 0.545833 0.562963 0.544792 0.556481 0.542708 0.550926 0.539583 0.548148 0.535417 0.549074 0.531250 0.554630 0.656771 0.747222 0.657292 0.754630 0.658854 0.760185 0.660417 0.762963 0.664583 0.762963
0 0.670313 0.761111 0.672396 0.755556 0.673437 0.748148 0.672917 0.740741 0.670833 0.736111 0.667708 0.733333 0.663542 0.734259 0.659375 0.739815 0.674479 0.728704 0.675000 0.736111 0.676042 0.741667
0 0.678125 0.745370 0.681771 0.744444 0.687500 0.742593 0.690104 0.737037 0.690625 0.729630 0.689583 0.723148 0.687500 0.718518 0.684896 0.715741 0.680729 0.716667 0.676562 0.722222 0.649479 0.626852 0.650000 0.635185 0.651563 0.639815
0 0.653646 0.643519 0.657292 0.642593 0.663021 0.640741 0.665104 0.636111 0.666146 0.627778 0.665104 0.621296 0.663021 0.615741 0.659896 0.612963 0.655729 0.613889 0.651563 0.619444 0.611979 0.612037
0 0.612500 0.619444 0.614062 0.625000 0.616146 0.627778 0.619792 0.627778 0.625521 0.625926 0.628125 0.620370 0.628646 0.612963 0.628125 0.605556 0.626042 0.600926 0.622396 0.598148 0.618750 0.599074 0.614062 0.603704 0.722396 0.510185
0 0.722917 0.517593 0.724479 0.523148 0.726562 0.526852 0.730208 0.525926 0.735937 0.524074 0.738542 0.518519 0.739062 0.511111 0.738021 0.504630 0.735417 0.500000 0.732813 0.497222 0.729167 0.498148 0.724479 0.502778 0.800521 0.522222
0 0.800521 0.526852 0.801562 0.531482 0.804167 0.533333 0.806771 0.533333 0.809375 0.530556 0.810417 0.525926 0.809896 0.520370 0.808854 0.516667 0.805208 0.515741 0.802604 0.517593 0.707292 0.511111 0.706771 0.515741 0.708333 0.520370
0 0.710938 0.522222 0.713021 0.522222 0.715625 0.520370 0.717188 0.513889 0.716667 0.509259 0.715104 0.505556 0.711458 0.504630 0.708854 0.507407 0.714063 0.443519 0.714583 0.448148 0.715625 0.452778 0.717708 0.453704 0.719792 0.453704
0 0.722917 0.451852 0.724479 0.446296 0.723437 0.440741 0.721875 0.437963 0.718750 0.437037 0.716146 0.438889 0.797396 0.453704 0.796875 0.458333 0.798437 0.462963 0.801042 0.463889 0.803125 0.463889 0.805729 0.462037 0.807292 0.456481
0 0.806771 0.450926 0.805208 0.448148 0.801562 0.447222 0.798958 0.449074 0.803125 0.436111 0.803125 0.440741 0.804167 0.445370 0.806771 0.447222 0.808333 0.448148 0.811458 0.444444 0.813021 0.438889 0.811979 0.434259 0.810417 0.430556
0 0.807292 0.429630 0.805208 0.431481 0.792188 0.435185 0.791667 0.439815 0.793229 0.444444 0.795833 0.446296 0.797917 0.446296 0.800521 0.443519 0.802083 0.437963 0.801562 0.433333 0.800000 0.429630 0.796354 0.428704 0.793750 0.430556
0 0.846875 0.587963 0.846875 0.592593 0.847917 0.597222 0.850521 0.599074 0.852604 0.599074 0.855208 0.597222 0.856771 0.590741 0.856250 0.586111 0.854688 0.582407 0.851562 0.581481 0.848958 0.584259 0.839583 0.571296 0.839583 0.575000
0 0.840625 0.579630 0.843229 0.581481 0.845833 0.581481 0.847917 0.579630 0.849479 0.574074 0.848437 0.569444 0.847396 0.565741 0.844271 0.565741 0.841667 0.567593 0.840104 0.677778 0.840104 0.682407 0.841146 0.687037 0.843229 0.688889
0 0.845312 0.688889 0.848437 0.687037 0.850000 0.680556 0.848958 0.675926 0.847917 0.672222 0.844792 0.672222 0.842188 0.674074 0.690104 0.752778 0.690104 0.757407 0.691146 0.761111 0.693750 0.762963 0.695833 0.762963 0.698438 0.761111
0 0.700000 0.754630 0.698958 0.750926 0.698438 0.747222 0.694792 0.746296 0.692187 0.749074 0.639063 0.767593 0.639063 0.772222 0.640104 0.776852 0.642708 0.777778 0.644792 0.777778 0.647917 0.775926 0.649479 0.770370 0.648438 0.765741
0 0.646875 0.762037 0.643750 0.761111 0.641146 0.763889 0.590625 0.767593 0.590625 0.772222 0.591667 0.776852 0.594271 0.778704 0.596354 0.778704 0.599479 0.776852 0.600521 0.770370 0.600000 0.765741 0.598437 0.762037 0.595312 0.761111
0 0.592708 0.763889 0.545833 0.699074 0.545833 0.703704 0.546875 0.707407 0.549479 0.708333 0.551562 0.708333 0.554688 0.706481 0.556250 0.701852 0.555208 0.696296 0.553646 0.693519 0.550521 0.692593 0.547917 0.694444 0.531250 0.720370
0 0.530729 0.725000 0.532292 0.729630 0.534896 0.731481 0.536979 0.731481 0.539583 0.729630 0.541146 0.723148 0.540625 0.718518 0.539062 0.714815 0.535417 0.713889 0.533333 0.715741 0.448438 0.818519 0.448438 0.823148 0.449479 0.826852
0 0.452083 0.828704 0.454167 0.828704 0.456771 0.826852 0.458333 0.821296 0.457292 0.816667 0.455729 0.812963 0.452604 0.812037 0.450000 0.815741 0.302604 0.829630 0.302083 0.834259 0.303646 0.837963 0.306250 0.839815 0.308333 0.839815
0 0.310417 0.838889 0.311979 0.833333 0.311458 0.827778 0.309896 0.824074 0.306250 0.824074 0.303646 0.825926 0.310937 0.802778 0.311458 0.807407 0.312500 0.812037 0.314583 0.813889 0.316667 0.812963 0.319792 0.811111 0.321354 0.805556
0 0.320312 0.800000 0.318750 0.797222 0.315625 0.796296 0.313021 0.798148 0.158333 0.931481 0.158333 0.936111 0.159375 0.939815 0.161979 0.941667 0.164583 0.941667 0.166667 0.940741 0.168229 0.934259 0.167187 0.930556 0.165625 0.926852
0 0.162500 0.925926 0.159896 0.928704 0.143229 0.876852 0.142708 0.881481 0.144271 0.886111 0.146875 0.887963 0.148958 0.887963 0.151042 0.886111 0.152604 0.880556 0.151562 0.875926 0.150000 0.872222
0 0.146875 0.872222 0.144271 0.874074 0.153125 0.761111 0.153125 0.764815 0.154167 0.769444 0.156771 0.771296 0.158854 0.771296 0.161458 0.769444 0.163021 0.763889 0.161979 0.759259 0.160938 0.755556
0 0.157292 0.754630 0.154687 0.756481 0.069792 0.717593 0.069792 0.722222 0.070833 0.726852 0.073437 0.728704 0.075000 0.729630 0.078125 0.726852 0.079167 0.720370 0.078125 0.715741 0.076563 0.713889
0 0.073437 0.712963 0.071354 0.713889 0.084375 0.677778 0.084375 0.682407 0.085417 0.687037 0.088021 0.687963 0.090625 0.687963 0.092708 0.686111 0.094271 0.680556 0.093229 0.675000 0.092188 0.672222
0 0.088542 0.671296 0.085938 0.674074 0.268229 0.635185 0.267708 0.639815 0.269271 0.644444 0.271875 0.646296 0.273958 0.646296 0.276563 0.644444 0.277604 0.637963 0.277083 0.634259 0.275521 0.630556
0 0.272396 0.629630 0.269271 0.631481 0.234375 0.567593 0.234375 0.572222 0.235938 0.576852 0.238542 0.577778 0.240625 0.578704 0.243229 0.575926 0.244792 0.570370 0.243750 0.565741 0.242708 0.562037
0 0.239063 0.561111 0.236458 0.562963 0.262500 0.473148 0.262500 0.478704 0.264062 0.483333 0.266667 0.484259 0.268750 0.484259 0.271354 0.482407 0.272917 0.476852 0.271875 0.471296 0.270833 0.468519
0 0.267188 0.467593 0.264583 0.469444 0.355208 0.387037 0.355208 0.391667 0.356771 0.396296 0.359375 0.398148 0.361458 0.398148 0.364062 0.396296 0.365625 0.389815 0.364583 0.385185 0.363542 0.381481
0 0.359896 0.380556 0.357292 0.383333 0.311979 0.332407 0.311979 0.337037 0.313021 0.341667 0.315625 0.342593 0.317708 0.342593 0.320312 0.340741 0.321875 0.335185 0.321354 0.330556 0.319792 0.326852
0 0.316667 0.325926 0.314063 0.328704 0.378125 0.287037 0.377604 0.291667 0.379167 0.296296 0.381771 0.298148 0.383854 0.298148 0.386458 0.296296 0.388021 0.290741 0.387500 0.285185 0.385938 0.281481
0 0.382292 0.281481 0.379687 0.283333 0.407813 0.427778 0.407813 0.432407 0.408854 0.437037 0.411458 0.438889 0.413542 0.438889 0.416667 0.437037 0.418229 0.430556 0.417188 0.425926 0.415625 0.422222
0 0.412500 0.421296 0.409896 0.424074 0.456250 0.389815 0.456250 0.394444 0.457292 0.399074 0.459896 0.400926 0.461979 0.400926 0.465104 0.399074 0.466146 0.393519 0.465625 0.387963 0.464063 0.384259
0 0.460938 0.384259 0.458333 0.386111 0.493750 0.491667 0.493229 0.495370 0.494271 0.500926 0.496354 0.502778 0.498437 0.502778 0.501562 0.500926 0.502604 0.495370 0.502604 0.489815 0.501042 0.486111
0 0.497917 0.486111 0.495313 0.487963 0.381771 0.497222 0.382292 0.504630 0.383854 0.509259 0.385938 0.512963 0.389583 0.512963 0.395312 0.510185 0.397917 0.505556 0.398438 0.498148 0.397396 0.491667
0 0.395312 0.486111 0.392188 0.483333 0.388542 0.484259 0.383854 0.489815 0.518750 0.411111 0.518750 0.415741 0.519792 0.420370 0.522396 0.421296 0.524479 0.422222 0.527604 0.419444 0.528646 0.413889
0 0.528125 0.408333 0.526563 0.405556 0.523438 0.404630 0.520833 0.406481 0.554688 0.411111 0.554167 0.415741 0.555729 0.420370 0.558333 0.422222 0.560417 0.422222 0.563021 0.420370 0.564583 0.413889
0 0.564062 0.409259 0.562500 0.405556 0.558854 0.405556 0.556771 0.407407 0.511458 0.464815 0.513021 0.467593 0.515625 0.467593 0.518229 0.465741 0.518750 0.462963 0.518750 0.459259 0.517708 0.457407
0 0.516146 0.455556 0.514583 0.454630 0.512500 0.455556 0.510938 0.458333 0.510938 0.462037 0.559375 0.593518 0.560938 0.596296 0.563021 0.596296 0.565625 0.594444 0.566667 0.591667 0.566667 0.587963
0 0.565625 0.585185 0.564062 0.583333 0.562500 0.583333 0.560417 0.584259 0.558333 0.587037 0.558854 0.590741 0.617708 0.500926 0.619271 0.503704 0.621875 0.503704 0.623958 0.501852 0.624479 0.500000
0 0.625000 0.496296 0.623958 0.493519 0.622396 0.492593 0.620833 0.491667 0.618750 0.492593 0.617188 0.495370 0.617188 0.499074 0.593229 0.754630 0.595312 0.757407 0.597396 0.756481 0.600000 0.755556
0 0.601042 0.752778 0.601042 0.750000 0.600000 0.747222 0.598437 0.745370 0.596875 0.745370 0.594792 0.746296 0.592708 0.749074 0.592188 0.752778 0.585938 0.712037 0.587500 0.713889 0.589583 0.713889
0 0.592188 0.712963 0.593229 0.710185 0.593229 0.706481 0.592188 0.703704 0.590625 0.701852 0.589063 0.701852 0.586979 0.702778 0.585417 0.705556 0.585417 0.709259 0.704167 0.728704 0.705729 0.731481
0 0.707292 0.732407 0.709896 0.730556 0.710938 0.727778 0.711458 0.723148 0.710417 0.721296 0.708854 0.719444 0.707292 0.718518 0.705208 0.719444 0.703125 0.722222 0.703646 0.725926 0.751042 0.649074
0 0.752604 0.651852 0.754687 0.651852 0.757292 0.650926 0.758333 0.648148 0.758333 0.643519 0.757292 0.641667 0.755729 0.639815 0.754167 0.638889 0.752083 0.639815 0.750000 0.642593 0.750521 0.646296
0 0.832292 0.677778 0.834375 0.679630 0.835938 0.679630 0.838542 0.677778 0.839063 0.675926 0.839063 0.672222 0.838021 0.669444 0.837500 0.668519 0.835417 0.667593 0.833333 0.668519 0.831771 0.671296
0 0.831771 0.675000 0.860417 0.562963 0.861979 0.564815 0.864062 0.564815 0.866667 0.563889 0.867188 0.562037 0.867188 0.557407 0.866146 0.555556 0.865104 0.553704 0.863542 0.552778 0.861979 0.553704
0 0.859896 0.557407 0.859896 0.560185 0.703125 0.298148 0.704687 0.300926 0.706771 0.300926 0.709375 0.300000 0.710417 0.297222 0.710417 0.292593 0.708854 0.291667 0.707812 0.289815 0.706250 0.288889
0 0.703646 0.289815 0.702604 0.292593 0.702604 0.296296 0.647396 0.183333 0.648958 0.186111 0.651042 0.186111 0.653646 0.185185 0.654688 0.182407 0.654167 0.177778 0.653125 0.175926 0.651563 0.175000
0 0.650521 0.173148 0.648438 0.174074 0.646354 0.177778 0.646875 0.181481 0.590625 0.065741 0.592708 0.068519 0.594271 0.068519 0.596875 0.066667 0.597917 0.063889 0.597917 0.060185 0.596875 0.058333
0 0.595312 0.056481 0.593750 0.056481 0.591667 0.057407 0.590104 0.059259 0.590104 0.062963 0.342187 0.237963 0.342187 0.242593 0.343229 0.247222 0.345833 0.249074 0.347917 0.249074 0.351042 0.247222
0 0.352604 0.240741 0.351562 0.236111 0.350000 0.232407 0.346875 0.231481 0.344271 0.234259 0.292188 0.704630 0.289583 0.707407 0.288021 0.712963 0.288542 0.719444 0.290104 0.724074 0.294271 0.725926
0 0.298958 0.723148 0.300000 0.718518 0.298958 0.712037 0.297917 0.706481 0.295312 0.703704 0.338021 0.621296 0.338021 0.625926 0.339063 0.630556 0.341667 0.632407 0.343750 0.632407 0.346875 0.630556 0.347917 0.624074 0.347396 0.619444
0 0.345833 0.615741 0.342708 0.614815 0.340104 0.617593 0.614062 0.404630 0.610937 0.408333 0.608854 0.414815 0.608854 0.422222 0.610937 0.427778 0.614583 0.430556 0.619271 0.429630 0.622917 0.424074
0 0.623958 0.418519 0.623438 0.411111 0.620833 0.405556 0.617708 0.403704 0.674479 0.362963 0.676042 0.365741 0.678646 0.365741 0.681250 0.363889 0.681771 0.361111 0.681771 0.357407 0.680729 0.354630
0 0.679167 0.353704 0.677604 0.352778 0.675521 0.353704 0.673958 0.356481 0.673958 0.360185 0.705208 0.027778 0.701563 0.029630 0.700000 0.037037 0.700521 0.043519 0.702604 0.048148 0.705729 0.050926 0.710938 0.050000
0 0.713542 0.045370 0.715104 0.040741 0.714583 0.033333 0.711979 0.027778 0.708854 0.026852 0.600000 0.247222 0.597396 0.249074 0.595833 0.255556 0.596354 0.261111 0.598437 0.266667 0.602604 0.267593 0.606771 0.264815
0 0.607813 0.260185 0.607813 0.253704 0.606250 0.249074 0.603125 0.246296 0.265625 0.906482 0.266146 0.914815 0.267188 0.919444 0.269792 0.922222 0.273438 0.923148 0.279167 0.921296 0.280729 0.915741 0.281771 0.908333
