0 0.636505 0.360497 0.633330 0.361368 0.630473 0.365520 0.629073 0.371556 0.629355 0.377530 0.632639 0.382443 0.637231 0.383114 0.639331 0.379855 0.641007 0.373093 0.641161 0.367073 0.639567 0.362073
0 0.615457 0.380799 0.612283 0.381669 0.609425 0.385820 0.608026 0.391857 0.608308 0.397831 0.611591 0.402744 0.616184 0.403414 0.618283 0.400155 0.619959 0.393394 0.620113 0.387374 0.618519 0.382374
0 0.663119 0.410747 0.659945 0.411618 0.657088 0.415769 0.655688 0.421806 0.655970 0.427780 0.659253 0.432693 0.663846 0.433363 0.665946 0.430104 0.667621 0.423343 0.667776 0.417323 0.666181 0.412322
0 0.667162 0.381562 0.663988 0.382433 0.661130 0.386584 0.659731 0.392620 0.660012 0.398595 0.663296 0.403508 0.667889 0.404178 0.669988 0.400919 0.671664 0.394157 0.671818 0.388137 0.670224 0.383137
0 0.581825 0.302898 0.578651 0.303769 0.575793 0.307920 0.574394 0.313957 0.574676 0.319930 0.577959 0.324844 0.582552 0.325514 0.584651 0.322255 0.586327 0.315494 0.586481 0.309474 0.584887 0.304474
0 0.621238 0.470505 0.618064 0.471375 0.615207 0.475526 0.613807 0.481563 0.614088 0.487536 0.617372 0.492450 0.621965 0.493120 0.624064 0.489862 0.625740 0.483100 0.625895 0.477080 0.624300 0.472080
0 0.648609 0.541897 0.645434 0.542768 0.642577 0.546919 0.641178 0.552956 0.641459 0.558930 0.644743 0.563843 0.649336 0.564513 0.651435 0.561254 0.653111 0.554493 0.653266 0.548473 0.651671 0.543473
0 0.593597 0.519329 0.590422 0.520199 0.587565 0.524351 0.586166 0.530387 0.586447 0.536362 0.589730 0.541274 0.594324 0.541945 0.596423 0.538686 0.598098 0.531924 0.598253 0.525905 0.596659 0.520904
0 0.579755 0.400885 0.576580 0.401755 0.573723 0.405907 0.572324 0.411944 0.572605 0.417917 0.575889 0.422831 0.580482 0.423501 0.582581 0.420242 0.584256 0.413480 0.584411 0.407460 0.582817 0.402461
0 0.541012 0.286713 0.537837 0.287583 0.534980 0.291735 0.533580 0.297772 0.533862 0.303745 0.537145 0.308659 0.541738 0.309329 0.543838 0.306070 0.545514 0.299309 0.545668 0.293288 0.544074 0.288289
0 0.652130 0.512181 0.648956 0.513051 0.646098 0.517203 0.644698 0.523240 0.644980 0.529213 0.648263 0.534127 0.652857 0.534797 0.654956 0.531538 0.656632 0.524777 0.656786 0.518756 0.655192 0.513757
0 0.495884 0.278497 0.492710 0.279367 0.489853 0.283519 0.488453 0.289556 0.488735 0.295529 0.492018 0.300443 0.496611 0.301113 0.498711 0.297854 0.500386 0.291093 0.500541 0.285073 0.498946 0.280073
0 0.513399 0.291106 0.510224 0.291977 0.507367 0.296129 0.505968 0.302165 0.506249 0.308139 0.509532 0.313052 0.514126 0.313722 0.516225 0.310463 0.517900 0.303702 0.518055 0.297682 0.516461 0.292681
0 0.498140 0.314815 0.494966 0.315686 0.492109 0.319838 0.490709 0.325874 0.490990 0.331848 0.494274 0.336761 0.498867 0.337431 0.500966 0.334172 0.502642 0.327411 0.502797 0.321391 0.501202 0.316390
0 0.493403 0.367621 0.490229 0.368492 0.487372 0.372644 0.485972 0.378680 0.486254 0.384654 0.489537 0.389568 0.494130 0.390238 0.496230 0.386979 0.497905 0.380218 0.498060 0.374197 0.496466 0.369197
0 0.655740 0.290889 0.652566 0.291759 0.649709 0.295911 0.648309 0.301947 0.648590 0.307922 0.651874 0.312835 0.656467 0.313505 0.658566 0.310246 0.660242 0.303484 0.660397 0.297464 0.658802 0.292464
0 0.642416 0.271680 0.639242 0.272551 0.636385 0.276703 0.634985 0.282739 0.635267 0.288713 0.638550 0.293627 0.643143 0.294297 0.645242 0.291038 0.646918 0.284276 0.647073 0.278256 0.645478 0.273256
0 0.687971 0.409104 0.684797 0.409974 0.681940 0.414126 0.680540 0.420162 0.680822 0.426136 0.684105 0.431050 0.688698 0.431720 0.690798 0.428461 0.692473 0.421700 0.692628 0.415679 0.691033 0.410679
0 0.701209 0.430299 0.698035 0.431169 0.695177 0.435321 0.693777 0.441357 0.694059 0.447331 0.697343 0.452244 0.701936 0.452914 0.704035 0.449656 0.705711 0.442894 0.705866 0.436874 0.704271 0.431874
0 0.710445 0.493689 0.707271 0.494560 0.704413 0.498712 0.703014 0.504748 0.703295 0.510722 0.706578 0.515635 0.711172 0.516305 0.713271 0.513047 0.714947 0.506284 0.715102 0.500265 0.713507 0.495265
0 0.693510 0.604883 0.690336 0.605754 0.687479 0.609906 0.686079 0.615942 0.686361 0.621916 0.689644 0.626830 0.694237 0.627500 0.696337 0.624241 0.698012 0.617479 0.698167 0.611459 0.696572 0.606459
0 0.652964 0.577269 0.649790 0.578139 0.646933 0.582291 0.645533 0.588327 0.645814 0.594301 0.649098 0.599215 0.653691 0.599885 0.655790 0.596626 0.657466 0.589865 0.657621 0.583844 0.656026 0.578844
0 0.685072 0.555458 0.681897 0.556329 0.679040 0.560481 0.677640 0.566518 0.677922 0.572491 0.681205 0.577404 0.685799 0.578075 0.687898 0.574816 0.689573 0.568054 0.689728 0.562034 0.688134 0.557034
0 0.709402 0.553220 0.706227 0.554091 0.703370 0.558242 0.701970 0.564279 0.702252 0.570253 0.705535 0.575166 0.710129 0.575837 0.712228 0.572577 0.713904 0.565816 0.714058 0.559796 0.712464 0.554795
0 0.729036 0.576389 0.725862 0.577260 0.723005 0.581411 0.721605 0.587448 0.721887 0.593421 0.725170 0.598334 0.729763 0.599005 0.731862 0.595747 0.733538 0.588984 0.733693 0.582965 0.732098 0.577964
0 0.808457 0.580024 0.805282 0.580894 0.802425 0.585046 0.801025 0.591082 0.801307 0.597056 0.804590 0.601970 0.809183 0.602640 0.811283 0.599381 0.812959 0.592620 0.813113 0.586599 0.811519 0.581599
0 0.765614 0.604096 0.762440 0.604966 0.759582 0.609118 0.758183 0.615154 0.758464 0.621128 0.761747 0.626042 0.766341 0.626712 0.768440 0.623453 0.770116 0.616692 0.770270 0.610671 0.768676 0.605672
0 0.794390 0.657707 0.791216 0.658577 0.788358 0.662729 0.786958 0.668766 0.787240 0.674739 0.790523 0.679653 0.795116 0.680322 0.797216 0.677064 0.798892 0.670303 0.799046 0.664282 0.797452 0.659282
0 0.828079 0.616469 0.824905 0.617340 0.822047 0.621492 0.820647 0.627528 0.820929 0.633502 0.824212 0.638416 0.828806 0.639086 0.830905 0.635827 0.832581 0.629066 0.832735 0.623045 0.831141 0.618046
0 0.845679 0.617000 0.842505 0.617871 0.839648 0.622023 0.838248 0.628059 0.838529 0.634033 0.841813 0.638947 0.846406 0.639617 0.848506 0.636358 0.850181 0.629597 0.850336 0.623576 0.848741 0.618576
0 0.781661 0.428136 0.778486 0.429007 0.775629 0.433159 0.774229 0.439195 0.774511 0.445168 0.777795 0.450082 0.782388 0.450752 0.784487 0.447494 0.786162 0.440731 0.786317 0.434712 0.784723 0.429712
0 0.810404 0.422861 0.807229 0.423732 0.804372 0.427883 0.802972 0.433920 0.803254 0.439894 0.806537 0.444807 0.811130 0.445477 0.813229 0.442218 0.814905 0.435456 0.815060 0.429437 0.813466 0.424436
0 0.856603 0.438243 0.853428 0.439113 0.850571 0.443265 0.849172 0.449302 0.849453 0.455275 0.852737 0.460188 0.857330 0.460858 0.859429 0.457600 0.861105 0.450838 0.861259 0.444818 0.859665 0.439818
0 0.878645 0.462012 0.875471 0.462882 0.872613 0.467033 0.871213 0.473070 0.871495 0.479044 0.874779 0.483957 0.879372 0.484627 0.881471 0.481369 0.883147 0.474607 0.883301 0.468587 0.881707 0.463587
0 0.853559 0.493612 0.850385 0.494483 0.847527 0.498635 0.846127 0.504671 0.846409 0.510645 0.849693 0.515558 0.854286 0.516229 0.856385 0.512970 0.858061 0.506208 0.858215 0.500188 0.856621 0.495188
0 0.836019 0.446948 0.832845 0.447818 0.829988 0.451969 0.828588 0.458006 0.828870 0.463980 0.832153 0.468893 0.836747 0.469563 0.838846 0.466304 0.840521 0.459543 0.840676 0.453523 0.839082 0.448523
0 0.886390 0.595672 0.883216 0.596542 0.880359 0.600693 0.878958 0.606730 0.879240 0.612704 0.882523 0.617617 0.887117 0.618287 0.889216 0.615028 0.890892 0.608267 0.891046 0.602247 0.889452 0.597247
0 0.857662 0.341820 0.854488 0.342691 0.851631 0.346842 0.850231 0.352879 0.850513 0.358852 0.853796 0.363766 0.858389 0.364436 0.860488 0.361177 0.862164 0.354416 0.862318 0.348396 0.860724 0.343395
0 0.909113 0.371024 0.905938 0.371894 0.903081 0.376046 0.901681 0.382082 0.901963 0.388056 0.905246 0.392970 0.909840 0.393640 0.911939 0.390381 0.913614 0.383620 0.913769 0.377599 0.912174 0.372600
0 0.903620 0.402683 0.900445 0.403553 0.897588 0.407705 0.896189 0.413741 0.896470 0.419715 0.899753 0.424629 0.904347 0.425299 0.906446 0.422040 0.908121 0.415278 0.908276 0.409258 0.906682 0.404258
0 0.891980 0.381412 0.888806 0.382282 0.885949 0.386434 0.884549 0.392471 0.884831 0.398444 0.888114 0.403358 0.892707 0.404028 0.894807 0.400769 0.896482 0.394008 0.896637 0.387987 0.895042 0.382988
0 0.862337 0.274576 0.859163 0.275447 0.856305 0.279598 0.854906 0.285635 0.855188 0.291609 0.858471 0.296522 0.863064 0.297192 0.865163 0.293933 0.866839 0.287171 0.866994 0.281152 0.865399 0.276151
0 0.869502 0.254132 0.866328 0.255003 0.863471 0.259155 0.862071 0.265191 0.862353 0.271165 0.865636 0.276078 0.870229 0.276748 0.872329 0.273490 0.874004 0.266728 0.874159 0.260708 0.872564 0.255707
0 0.841967 0.241826 0.838793 0.242697 0.835936 0.246848 0.834536 0.252885 0.834818 0.258859 0.838101 0.263772 0.842695 0.264442 0.844794 0.261183 0.846469 0.254422 0.846624 0.248402 0.845029 0.243401
0 0.936454 0.305061 0.933279 0.305932 0.930422 0.310083 0.929023 0.316120 0.929304 0.322093 0.932587 0.327006 0.937181 0.327677 0.939280 0.324418 0.940956 0.317656 0.941110 0.311637 0.939516 0.306636
0 0.945895 0.322379 0.942721 0.323250 0.939864 0.327401 0.938464 0.333438 0.938746 0.339411 0.942029 0.344325 0.946622 0.344995 0.948721 0.341736 0.950397 0.334975 0.950551 0.328955 0.948957 0.323955
0 0.926459 0.283444 0.923285 0.284315 0.920427 0.288467 0.919028 0.294503 0.919310 0.300477 0.922593 0.305390 0.927186 0.306061 0.929285 0.302802 0.930961 0.296040 0.931115 0.290020 0.929521 0.285020
0 0.949935 0.245004 0.946760 0.245875 0.943903 0.250026 0.942503 0.256063 0.942785 0.262037 0.946068 0.266950 0.950662 0.267620 0.952761 0.264361 0.954436 0.257600 0.954591 0.251580 0.952997 0.246580
0 0.832042 0.219102 0.828868 0.219973 0.826011 0.224125 0.824611 0.230161 0.824893 0.236135 0.828176 0.241048 0.832770 0.241719 0.834869 0.238459 0.836544 0.231698 0.836699 0.225678 0.835105 0.220677
0 0.825621 0.273970 0.822447 0.274841 0.819590 0.278993 0.818190 0.285030 0.818472 0.291003 0.821755 0.295916 0.826348 0.296587 0.828448 0.293328 0.830123 0.286566 0.830278 0.280546 0.828683 0.275546
0 0.705638 0.355707 0.702463 0.356577 0.699606 0.360729 0.698206 0.366766 0.698488 0.372740 0.701771 0.377653 0.706364 0.378323 0.708464 0.375064 0.710139 0.368302 0.710294 0.362283 0.708700 0.357282
0 0.678398 0.226960 0.675224 0.227830 0.672366 0.231982 0.670966 0.238019 0.671248 0.243992 0.674532 0.248906 0.679125 0.249576 0.681224 0.246317 0.682900 0.239556 0.683054 0.233535 0.681460 0.228536
0 0.696819 0.205999 0.693645 0.206869 0.690787 0.211021 0.689388 0.217057 0.689669 0.223031 0.692953 0.227944 0.697546 0.228614 0.699645 0.225356 0.701321 0.218594 0.701476 0.212574 0.699881 0.207574
0 0.681570 0.273538 0.678396 0.274408 0.675538 0.278560 0.674138 0.284597 0.674420 0.290570 0.677704 0.295483 0.682297 0.296154 0.684396 0.292895 0.686072 0.286133 0.686226 0.280113 0.684632 0.275113
0 0.610994 0.174389 0.607820 0.175259 0.604963 0.179411 0.603563 0.185447 0.603845 0.191422 0.607128 0.196335 0.611722 0.197005 0.613821 0.193746 0.615496 0.186985 0.615651 0.180964 0.614056 0.175964
0 0.582897 0.178834 0.579723 0.179704 0.576865 0.183855 0.575466 0.189892 0.575747 0.195866 0.579031 0.200779 0.583624 0.201449 0.585723 0.198191 0.587399 0.191429 0.587553 0.185409 0.585959 0.180409
0 0.590645 0.153192 0.587471 0.154062 0.584614 0.158214 0.583214 0.164250 0.583495 0.170224 0.586779 0.175138 0.591372 0.175808 0.593472 0.172549 0.595147 0.165788 0.595302 0.159767 0.593708 0.154767
0 0.669068 0.191257 0.665893 0.192127 0.663036 0.196278 0.661636 0.202315 0.661918 0.208289 0.665201 0.213202 0.669795 0.213872 0.671893 0.210614 0.673569 0.203852 0.673724 0.197832 0.672130 0.192832
0 0.690990 0.117716 0.687815 0.118587 0.684958 0.122738 0.683559 0.128775 0.683840 0.134749 0.687124 0.139662 0.691717 0.140332 0.693816 0.137073 0.695491 0.130312 0.695646 0.124292 0.694052 0.119292
0 0.674819 0.123376 0.671645 0.124247 0.668787 0.128398 0.667388 0.134435 0.667669 0.140409 0.670953 0.145322 0.675546 0.145992 0.677645 0.142733 0.679321 0.135972 0.679476 0.129952 0.677881 0.124951
0 0.615259 0.128596 0.612084 0.129467 0.609227 0.133618 0.607828 0.139655 0.608109 0.145629 0.611393 0.150541 0.615986 0.151212 0.618085 0.147953 0.619761 0.141191 0.619915 0.135172 0.618321 0.130171
0 0.559557 0.101650 0.556382 0.102520 0.553525 0.106672 0.552125 0.112708 0.552407 0.118683 0.555690 0.123596 0.560283 0.124266 0.562383 0.121007 0.564058 0.114246 0.564213 0.108225 0.562618 0.103225
0 0.561759 0.330028 0.558585 0.330899 0.555728 0.335050 0.554328 0.341087 0.554610 0.347060 0.557893 0.351974 0.562487 0.352644 0.564586 0.349386 0.566261 0.342624 0.566416 0.336604 0.564821 0.331603
0 0.549085 0.312292 0.545910 0.313162 0.543053 0.317313 0.541654 0.323350 0.541935 0.329323 0.545219 0.334237 0.549812 0.334907 0.551911 0.331648 0.553587 0.324887 0.553741 0.318867 0.552147 0.313867
0 0.473415 0.236623 0.470241 0.237494 0.467383 0.241646 0.465984 0.247682 0.466265 0.253656 0.469549 0.258569 0.474142 0.259240 0.476241 0.255981 0.477917 0.249219 0.478071 0.243199 0.476477 0.238199
0 0.465404 0.346698 0.462230 0.347569 0.459373 0.351720 0.457973 0.357757 0.458254 0.363731 0.461538 0.368644 0.466131 0.369314 0.468231 0.366055 0.469906 0.359294 0.470061 0.353274 0.468466 0.348273
0 0.504451 0.349059 0.501277 0.349929 0.498419 0.354081 0.497019 0.360118 0.497301 0.366091 0.500584 0.371005 0.505178 0.371675 0.507277 0.368416 0.508953 0.361655 0.509107 0.355634 0.507513 0.350635
0 0.434447 0.288282 0.431272 0.289152 0.428415 0.293304 0.427015 0.299340 0.427297 0.305314 0.430580 0.310228 0.435174 0.310898 0.437273 0.307639 0.438948 0.300878 0.439103 0.294857 0.437509 0.289858
0 0.427976 0.254821 0.424801 0.255692 0.421944 0.259843 0.420545 0.265880 0.420826 0.271853 0.424110 0.276767 0.428703 0.277437 0.430802 0.274179 0.432478 0.267417 0.432632 0.261397 0.431038 0.256397
0 0.398600 0.146673 0.395426 0.147543 0.392568 0.151695 0.391168 0.157731 0.391450 0.163705 0.394733 0.168619 0.399327 0.169289 0.401426 0.166030 0.403102 0.159268 0.403256 0.153248 0.401662 0.148248
0 0.401817 0.178262 0.398642 0.179133 0.395785 0.183284 0.394386 0.189321 0.394667 0.195295 0.397950 0.200208 0.402544 0.200878 0.404643 0.197619 0.406319 0.190858 0.406473 0.184838 0.404879 0.179837
0 0.481098 0.133636 0.477923 0.134506 0.475066 0.138658 0.473666 0.144695 0.473948 0.150669 0.477231 0.155582 0.481824 0.156252 0.483924 0.152993 0.485599 0.146232 0.485754 0.140211 0.484160 0.135212
0 0.499553 0.129968 0.496378 0.130838 0.493521 0.134990 0.492121 0.141027 0.492403 0.147000 0.495686 0.151914 0.500280 0.152584 0.502379 0.149325 0.504054 0.142564 0.504209 0.136543 0.502615 0.131544
0 0.499889 0.056838 0.496715 0.057708 0.493858 0.061860 0.492458 0.067897 0.492740 0.073870 0.496023 0.078784 0.500616 0.079454 0.502715 0.076195 0.504391 0.069434 0.504546 0.063413 0.502951 0.058414
0 0.387475 0.242545 0.384300 0.243415 0.381443 0.247567 0.380044 0.253603 0.380325 0.259576 0.383608 0.264490 0.388202 0.265160 0.390301 0.261902 0.391976 0.255140 0.392131 0.249120 0.390537 0.244120
0 0.412273 0.261313 0.409099 0.262183 0.406242 0.266334 0.404842 0.272371 0.405124 0.278345 0.408407 0.283258 0.413000 0.283929 0.415100 0.280669 0.416775 0.273908 0.416930 0.267888 0.415335 0.262888
0 0.404114 0.237704 0.400940 0.238574 0.398082 0.242726 0.396682 0.248763 0.396964 0.254736 0.400248 0.259649 0.404841 0.260320 0.406940 0.257061 0.408616 0.250299 0.408770 0.244279 0.407176 0.239279
0 0.472088 0.207460 0.468914 0.208331 0.466056 0.212483 0.464657 0.218519 0.464938 0.224493 0.468222 0.229407 0.472815 0.230077 0.474914 0.226818 0.476590 0.220057 0.476745 0.214036 0.475150 0.209036
0 0.491356 0.156261 0.488182 0.157131 0.485325 0.161282 0.483925 0.167319 0.484207 0.173293 0.487490 0.178206 0.492084 0.178876 0.494183 0.175617 0.495858 0.168856 0.496013 0.162836 0.494418 0.157836
0 0.468497 0.167595 0.465323 0.168466 0.462465 0.172618 0.461066 0.178654 0.461347 0.184628 0.464630 0.189541 0.469224 0.190211 0.471323 0.186953 0.472999 0.180191 0.473154 0.174171 0.471559 0.169171
0 0.424521 0.341751 0.421347 0.342621 0.418489 0.346772 0.417090 0.352809 0.417372 0.358783 0.420655 0.363696 0.425248 0.364367 0.427347 0.361107 0.429023 0.354346 0.429177 0.348326 0.427583 0.343326
0 0.384189 0.333286 0.381014 0.334157 0.378157 0.338309 0.376757 0.344345 0.377039 0.350319 0.380322 0.355232 0.384915 0.355902 0.387014 0.352643 0.388690 0.345882 0.388845 0.339862 0.387250 0.334862
0 0.494685 0.421953 0.491511 0.422824 0.488654 0.426976 0.487254 0.433012 0.487536 0.438986 0.490819 0.443900 0.495412 0.444570 0.497512 0.441311 0.499187 0.434550 0.499342 0.428529 0.497747 0.423529
0 0.484719 0.462391 0.481544 0.463261 0.478687 0.467412 0.477287 0.473449 0.477569 0.479423 0.480852 0.484336 0.485445 0.485006 0.487545 0.481747 0.489221 0.474986 0.489375 0.468967 0.487781 0.463966
0 0.399386 0.497140 0.396212 0.498010 0.393355 0.502162 0.391955 0.508198 0.392236 0.514172 0.395520 0.519086 0.400113 0.519756 0.402213 0.516497 0.403888 0.509736 0.404043 0.503715 0.402448 0.498715
0 0.379677 0.371787 0.376503 0.372657 0.373646 0.376809 0.372246 0.382846 0.372528 0.388819 0.375811 0.393733 0.380405 0.394403 0.382504 0.391144 0.384179 0.384383 0.384334 0.378362 0.382739 0.373363
0 0.506724 0.475473 0.503549 0.476343 0.500692 0.480495 0.499292 0.486532 0.499574 0.492505 0.502857 0.497418 0.507450 0.498089 0.509550 0.494830 0.511225 0.488068 0.511380 0.482048 0.509786 0.477048
0 0.352414 0.370584 0.349239 0.371455 0.346382 0.375605 0.344982 0.381642 0.345264 0.387616 0.348547 0.392529 0.353141 0.393199 0.355240 0.389941 0.356916 0.383179 0.357070 0.377159 0.355476 0.372159
0 0.329443 0.309431 0.326269 0.310302 0.323411 0.314453 0.322012 0.320490 0.322294 0.326464 0.325577 0.331377 0.330170 0.332047 0.332269 0.328788 0.333945 0.322027 0.334099 0.316007 0.332505 0.311007
0 0.304000 0.281411 0.300825 0.282280 0.297968 0.286432 0.296568 0.292469 0.296850 0.298443 0.300133 0.303356 0.304726 0.304026 0.306826 0.300767 0.308501 0.294006 0.308656 0.287985 0.307062 0.282986
0 0.280388 0.263808 0.277214 0.264679 0.274356 0.268830 0.272957 0.274867 0.273239 0.280841 0.276522 0.285754 0.281115 0.286425 0.283214 0.283165 0.284890 0.276404 0.285044 0.270384 0.283450 0.265384
0 0.257960 0.245053 0.254785 0.245924 0.251928 0.250076 0.250529 0.256113 0.250810 0.262086 0.254094 0.267000 0.258687 0.267669 0.260786 0.264411 0.262462 0.257650 0.262617 0.251629 0.261022 0.246629
0 0.314537 0.148059 0.311363 0.148930 0.308505 0.153081 0.307106 0.159118 0.307388 0.165091 0.310671 0.170004 0.315264 0.170675 0.317363 0.167416 0.319039 0.160654 0.319193 0.154635 0.317599 0.149634
0 0.297914 0.111654 0.294740 0.112524 0.291882 0.116676 0.290483 0.122712 0.290765 0.128687 0.294048 0.133600 0.298641 0.134270 0.300740 0.131011 0.302416 0.124250 0.302570 0.118229 0.300976 0.113229
0 0.323222 0.083633 0.320048 0.084504 0.317191 0.088655 0.315791 0.094692 0.316072 0.100665 0.319356 0.105578 0.323949 0.106249 0.326048 0.102990 0.327724 0.096228 0.327879 0.090209 0.326284 0.085208
0 0.334919 0.096860 0.331744 0.097730 0.328887 0.101882 0.327487 0.107919 0.327769 0.113893 0.331053 0.118806 0.335646 0.119476 0.337745 0.116217 0.339421 0.109456 0.339575 0.103435 0.337981 0.098436
0 0.390797 0.021168 0.387623 0.022037 0.384766 0.026189 0.383366 0.032226 0.383648 0.038200 0.386931 0.043113 0.391525 0.043783 0.393624 0.040524 0.395299 0.033763 0.395454 0.027742 0.393859 0.022743
0 0.427601 0.004251 0.424426 0.005121 0.421569 0.009273 0.420170 0.015309 0.420451 0.021283 0.423735 0.026197 0.428328 0.026867 0.430427 0.023608 0.432103 0.016846 0.432257 0.010826 0.430663 0.005826
0 0.454425 0.121837 0.451251 0.122708 0.448394 0.126860 0.446994 0.132896 0.447276 0.138870 0.450559 0.143784 0.455152 0.144454 0.457252 0.141195 0.458928 0.134433 0.459082 0.128413 0.457488 0.123413
0 0.362757 0.000000 0.359582 0.000000 0.356725 0.000000 0.355326 0.000000 0.355607 0.000000 0.358891 0.000000 0.363484 0.000000 0.365583 0.000000 0.367259 0.000000 0.367413 0.000000 0.365819 0.000000
0 0.226698 0.106583 0.223524 0.107452 0.220667 0.111604 0.219267 0.117641 0.219549 0.123615 0.222832 0.128528 0.227425 0.129198 0.229525 0.125939 0.231200 0.119178 0.231355 0.113157 0.229760 0.108158
0 0.197869 0.043142 0.194695 0.044012 0.191837 0.048164 0.190438 0.054201 0.190719 0.060175 0.194002 0.065088 0.198596 0.065758 0.200695 0.062499 0.202371 0.055738 0.202526 0.049717 0.200931 0.044718
0 0.158025 0.097539 0.154851 0.098409 0.151994 0.102560 0.150594 0.108597 0.150876 0.114571 0.154159 0.119484 0.158753 0.120154 0.160852 0.116895 0.162527 0.110134 0.162682 0.104114 0.161087 0.099114
0 0.126584 0.119972 0.123409 0.120841 0.120552 0.124993 0.119152 0.131030 0.119434 0.137003 0.122718 0.141917 0.127311 0.142587 0.129410 0.139328 0.131086 0.132567 0.131240 0.126546 0.129646 0.121547
0 0.126210 0.091512 0.123035 0.092383 0.120178 0.096534 0.118778 0.102571 0.119060 0.108544 0.122344 0.113458 0.126937 0.114128 0.129036 0.110869 0.130712 0.104108 0.130866 0.098088 0.129272 0.093087
0 0.145240 0.118425 0.142066 0.119296 0.139209 0.123448 0.137809 0.129484 0.138090 0.135458 0.141374 0.140372 0.145967 0.141042 0.148067 0.137783 0.149742 0.131021 0.149897 0.125001 0.148302 0.120001
0 0.154928 0.163271 0.151754 0.164141 0.148896 0.168293 0.147497 0.174329 0.147778 0.180304 0.151062 0.185217 0.155655 0.185887 0.157754 0.182628 0.159430 0.175866 0.159585 0.169846 0.157990 0.164846
0 0.107282 0.142573 0.104108 0.143444 0.101250 0.147595 0.099851 0.153632 0.100133 0.159606 0.103416 0.164519 0.108009 0.165189 0.110108 0.161930 0.111784 0.155169 0.111939 0.149149 0.110344 0.144149
0 0.188202 0.100757 0.185028 0.101626 0.182170 0.105778 0.180771 0.111815 0.181053 0.117789 0.184336 0.122702 0.188929 0.123372 0.191028 0.120113 0.192704 0.113352 0.192858 0.107331 0.191264 0.102332
0 0.166768 0.000000 0.163593 0.000000 0.160736 0.000000 0.159336 0.000000 0.159618 0.000000 0.162901 0.000000 0.167495 0.000000 0.169594 0.000000 0.171269 0.000000 0.171424 0.000000 0.169830 0.000000
0 0.153839 0.000000 0.150664 0.000000 0.147807 0.000000 0.146407 0.000000 0.146689 0.000000 0.149972 0.000000 0.154565 0.000000 0.156664 0.000000 0.158340 0.000000 0.158495 0.000000 0.156900 0.000000
0 0.138703 0.000000 0.135528 0.000000 0.132671 0.000000 0.131271 0.000000 0.131553 0.000000 0.134836 0.000000 0.139430 0.000000 0.141529 0.000000 0.143204 0.000000 0.143359 0.000000 0.141765 0.000000
0 0.236735 0.024650 0.233561 0.025520 0.230703 0.029672 0.229303 0.035709 0.229585 0.041682 0.232869 0.046596 0.237462 0.047266 0.239561 0.044007 0.241237 0.037246 0.241391 0.031225 0.239797 0.026225
0 0.236003 0.000000 0.232829 0.000000 0.229971 0.000000 0.228572 0.000000 0.228853 0.000000 0.232137 0.000000 0.236730 0.000000 0.238829 0.000000 0.240505 0.000000 0.240660 0.000000 0.239065 0.000000
0 0.252642 0.000000 0.249468 0.000000 0.246611 0.000000 0.245211 0.000000 0.245493 0.000000 0.248776 0.000000 0.253369 0.000000 0.255468 0.000000 0.257144 0.000000 0.257299 0.000000 0.255704 0.000000
0 0.186316 0.171423 0.183142 0.172293 0.180285 0.176445 0.178885 0.182482 0.179167 0.188455 0.182450 0.193369 0.187044 0.194039 0.189143 0.190780 0.190818 0.184019 0.190973 0.177998 0.189378 0.172998
0 0.082410 0.223638 0.079236 0.224509 0.076379 0.228661 0.074979 0.234697 0.075260 0.240671 0.078544 0.245584 0.083137 0.246254 0.085237 0.242996 0.086912 0.236234 0.087067 0.230214 0.085472 0.225214
0 0.117587 0.271434 0.114413 0.272303 0.111555 0.276455 0.110156 0.282492 0.110437 0.288466 0.113720 0.293379 0.118314 0.294049 0.120413 0.290790 0.122089 0.284029 0.122243 0.278009 0.120649 0.273009
0 0.158207 0.330548 0.155033 0.331419 0.152176 0.335570 0.150776 0.341606 0.151058 0.347580 0.154341 0.352493 0.158935 0.353164 0.161034 0.349904 0.162709 0.343143 0.162864 0.337124 0.161269 0.332123
0 0.097846 0.269003 0.094671 0.269874 0.091814 0.274025 0.090414 0.280061 0.090696 0.286035 0.093979 0.290948 0.098573 0.291619 0.100672 0.288360 0.102348 0.281598 0.102502 0.275579 0.100908 0.270578
0 0.082061 0.188855 0.078886 0.189725 0.076029 0.193877 0.074630 0.199914 0.074911 0.205887 0.078195 0.210801 0.082788 0.211471 0.084887 0.208212 0.086563 0.201451 0.086717 0.195430 0.085123 0.190431
0 0.201995 0.343027 0.198821 0.343898 0.195964 0.348049 0.194564 0.354086 0.194846 0.360059 0.198129 0.364973 0.202722 0.365643 0.204822 0.362384 0.206497 0.355623 0.206652 0.349603 0.205057 0.344603
0 0.212169 0.458128 0.208994 0.458999 0.206137 0.463151 0.204738 0.469187 0.205019 0.475160 0.208302 0.480073 0.212896 0.480744 0.214995 0.477485 0.216671 0.470723 0.216825 0.464704 0.215231 0.459703
0 0.229888 0.518914 0.226714 0.519785 0.223856 0.523937 0.222457 0.529973 0.222739 0.535947 0.226022 0.540860 0.230615 0.541531 0.232714 0.538271 0.234390 0.531510 0.234544 0.525490 0.232950 0.520489
0 0.269669 0.548831 0.266495 0.549701 0.263638 0.553853 0.262238 0.559890 0.262519 0.565863 0.265803 0.570777 0.270396 0.571447 0.272496 0.568188 0.274171 0.561427 0.274326 0.555406 0.272731 0.550407
0 0.096452 0.465500 0.093278 0.466370 0.090421 0.470521 0.089021 0.476558 0.089303 0.482532 0.092586 0.487445 0.097179 0.488115 0.099279 0.484856 0.100954 0.478095 0.101109 0.472075 0.099514 0.467075
0 0.120111 0.394780 0.116937 0.395651 0.114080 0.399803 0.112680 0.405839 0.112961 0.411813 0.116245 0.416726 0.120838 0.417396 0.122938 0.414138 0.124613 0.407376 0.124768 0.401356 0.123173 0.396356
0 0.038113 0.434007 0.034939 0.434877 0.032082 0.439028 0.030682 0.445065 0.030964 0.451039 0.034247 0.455952 0.038840 0.456622 0.040940 0.453363 0.042615 0.446602 0.042770 0.440582 0.041175 0.435582
0 0.040322 0.533776 0.037148 0.534647 0.034291 0.538799 0.032891 0.544835 0.033173 0.550809 0.036456 0.555722 0.041049 0.556393 0.043148 0.553134 0.044824 0.546372 0.044979 0.540352 0.043384 0.535352
0 0.180215 0.644706 0.177041 0.645576 0.174183 0.649727 0.172784 0.655764 0.173066 0.661738 0.176349 0.666651 0.180942 0.667322 0.183041 0.664062 0.184717 0.657301 0.184871 0.651281 0.183277 0.646281
0 0.140805 0.582348 0.137631 0.583219 0.134774 0.587371 0.133374 0.593407 0.133656 0.599381 0.136939 0.604295 0.141532 0.604965 0.143632 0.601706 0.145307 0.594944 0.145462 0.588924 0.143867 0.583924
0 0.157277 0.571720 0.154103 0.572590 0.151246 0.576741 0.149846 0.582778 0.150127 0.588751 0.153411 0.593665 0.158004 0.594335 0.160103 0.591077 0.161779 0.584315 0.161934 0.578295 0.160339 0.573295
0 0.012746 0.542363 0.009571 0.543234 0.006714 0.547386 0.005315 0.553422 0.005596 0.559396 0.008880 0.564310 0.013473 0.564980 0.015572 0.561721 0.017248 0.554960 0.017402 0.548939 0.015808 0.543939
0 0.021711 0.566467 0.018537 0.567338 0.015680 0.571489 0.014280 0.577525 0.014562 0.583500 0.017845 0.588413 0.022439 0.589083 0.024538 0.585824 0.026213 0.579062 0.026368 0.573042 0.024773 0.568042
0 0.096821 0.631716 0.093647 0.632586 0.090790 0.636737 0.089390 0.642775 0.089672 0.648748 0.092955 0.653661 0.097548 0.654331 0.099648 0.651073 0.101323 0.644311 0.101478 0.638291 0.099883 0.633291
0 0.111255 0.706496 0.108080 0.707367 0.105223 0.711518 0.103823 0.717555 0.104105 0.723529 0.107388 0.728442 0.111982 0.729112 0.114081 0.725853 0.115756 0.719092 0.115911 0.713071 0.114316 0.708072
0 0.145586 0.729803 0.142412 0.730673 0.139555 0.734825 0.138155 0.740862 0.138437 0.746835 0.141720 0.751749 0.146314 0.752419 0.148413 0.749160 0.150089 0.742399 0.150243 0.736378 0.148649 0.731379
0 0.107275 0.736366 0.104100 0.737237 0.101243 0.741389 0.099843 0.747426 0.100125 0.753399 0.103408 0.758313 0.108002 0.758983 0.110101 0.755724 0.111777 0.748963 0.111931 0.742942 0.110337 0.737942
0 0.014938 0.640075 0.011763 0.640946 0.008906 0.645098 0.007506 0.651134 0.007788 0.657108 0.011232 0.661234 0.015665 0.662692 0.017764 0.659433 0.019440 0.652671 0.019594 0.646651 0.018000 0.641651
0 0.192259 0.743705 0.189085 0.744576 0.186227 0.748728 0.184828 0.754764 0.185109 0.760738 0.188553 0.764864 0.192986 0.766322 0.195085 0.763063 0.196761 0.756301 0.196916 0.750281 0.195321 0.745281
0 0.245909 0.654849 0.242734 0.655720 0.239877 0.659872 0.238477 0.665908 0.238759 0.671882 0.242203 0.676008 0.246636 0.677466 0.248735 0.674207 0.250410 0.667446 0.250565 0.661425 0.248971 0.656425
0 0.272734 0.642883 0.269560 0.643754 0.266703 0.647905 0.265303 0.653942 0.265585 0.659915 0.269028 0.664041 0.273461 0.665499 0.275561 0.662240 0.277236 0.655479 0.277391 0.649459 0.275796 0.644459
0 0.262052 0.677380 0.258877 0.678250 0.256020 0.682402 0.254620 0.688439 0.254902 0.694412 0.258345 0.698538 0.262779 0.699996 0.264878 0.696737 0.266553 0.689976 0.266708 0.683955 0.265114 0.678956
0 0.133677 0.620323 0.130503 0.621192 0.127646 0.625344 0.126246 0.631381 0.126528 0.637355 0.129972 0.641480 0.134405 0.642938 0.136504 0.639679 0.138179 0.632918 0.138334 0.626897 0.136740 0.621898
0 0.297239 0.700023 0.294065 0.700893 0.291207 0.705044 0.289808 0.711081 0.290090 0.717055 0.293533 0.721181 0.297966 0.722638 0.300065 0.719379 0.301741 0.712618 0.301896 0.706598 0.300301 0.701598
0 0.303027 0.658967 0.299852 0.659837 0.296995 0.663989 0.295596 0.670026 0.295877 0.676000 0.299321 0.680126 0.303754 0.681583 0.305853 0.678324 0.307528 0.671562 0.307683 0.665542 0.306089 0.660542
0 0.293221 0.640688 0.290046 0.641559 0.287189 0.645711 0.285790 0.651747 0.286071 0.657721 0.289515 0.661847 0.293948 0.663304 0.296047 0.660046 0.297722 0.653284 0.297877 0.647264 0.296283 0.642264
0 0.271234 0.715661 0.268059 0.716531 0.265202 0.720683 0.263802 0.726719 0.264084 0.732693 0.267527 0.736819 0.271960 0.738277 0.274059 0.735018 0.275735 0.728256 0.275890 0.722236 0.274296 0.717236
0 0.325754 0.626830 0.322580 0.627701 0.319723 0.631853 0.318323 0.637889 0.318605 0.643863 0.322048 0.647989 0.326481 0.649447 0.328581 0.646188 0.330256 0.639427 0.330411 0.633406 0.328816 0.628406
0 0.037464 0.649867 0.034290 0.650737 0.031433 0.654889 0.030033 0.660926 0.030315 0.666899 0.033758 0.671025 0.038191 0.672483 0.040290 0.669224 0.041966 0.662463 0.042120 0.656443 0.040526 0.651443
0 0.348377 0.673213 0.345203 0.674084 0.342346 0.678236 0.340946 0.684272 0.341228 0.690246 0.344671 0.694372 0.349104 0.695830 0.351203 0.692571 0.352879 0.685809 0.353034 0.679789 0.351439 0.674789
0 0.366057 0.725579 0.362882 0.726450 0.360025 0.730602 0.358626 0.736639 0.358907 0.742612 0.362351 0.746738 0.366784 0.748196 0.368883 0.744937 0.370558 0.738175 0.370713 0.732155 0.369119 0.727156
0 0.386407 0.684045 0.383232 0.684915 0.380375 0.689067 0.378975 0.695104 0.379257 0.701077 0.382701 0.705203 0.387134 0.706660 0.389233 0.703401 0.390909 0.696640 0.391063 0.690620 0.389469 0.685620
0 0.356708 0.636437 0.353533 0.637307 0.350676 0.641459 0.349276 0.647495 0.349558 0.653469 0.353001 0.657595 0.357434 0.659053 0.359533 0.655794 0.361209 0.649032 0.361364 0.643012 0.359769 0.638012
0 0.322509 0.494621 0.319334 0.495492 0.316477 0.499644 0.315077 0.505680 0.315359 0.511654 0.318803 0.515780 0.323236 0.517238 0.325335 0.513979 0.327010 0.507218 0.327165 0.501197 0.325571 0.496197
0 0.490604 0.701748 0.487430 0.702619 0.484573 0.706770 0.483173 0.712807 0.483455 0.718780 0.486898 0.722906 0.491331 0.724364 0.493431 0.721105 0.495106 0.714344 0.495261 0.708324 0.493666 0.703324
0 0.288660 0.795128 0.285486 0.795999 0.282629 0.800151 0.281229 0.806187 0.281511 0.812161 0.284954 0.816287 0.289388 0.817745 0.291487 0.814486 0.293162 0.807725 0.293317 0.801704 0.291723 0.796704
0 0.436862 0.860917 0.433688 0.861788 0.430831 0.865939 0.429431 0.871976 0.429713 0.877949 0.433156 0.882075 0.437590 0.883533 0.439689 0.880274 0.441364 0.873513 0.441519 0.867493 0.439924 0.862493
0 0.431350 0.737530 0.428176 0.738401 0.425319 0.742552 0.423919 0.748589 0.424200 0.754563 0.427644 0.758689 0.432077 0.760146 0.434177 0.756887 0.435852 0.750126 0.436007 0.744106 0.434412 0.739106
0 0.507764 0.752213 0.504589 0.753083 0.501732 0.757235 0.500333 0.763272 0.500614 0.769245 0.504058 0.773371 0.508491 0.774829 0.510590 0.771570 0.512266 0.764809 0.512420 0.758788 0.510826 0.753788
0 0.477097 0.720133 0.473922 0.721003 0.471065 0.725155 0.469665 0.731191 0.469947 0.737165 0.473391 0.741291 0.477823 0.742749 0.479923 0.739490 0.481598 0.732729 0.481753 0.726708 0.480158 0.721709
0 0.491985 0.673127 0.488810 0.673997 0.485953 0.678149 0.484553 0.684185 0.484835 0.690159 0.488279 0.694285 0.492712 0.695742 0.494811 0.692484 0.496487 0.685722 0.496641 0.679702 0.495047 0.674702
0 0.452341 0.577453 0.449167 0.578324 0.446310 0.582475 0.444910 0.588511 0.445192 0.594485 0.448635 0.598611 0.453069 0.600069 0.455168 0.596810 0.456843 0.590048 0.456998 0.584028 0.455403 0.579028
0 0.497165 0.788304 0.493991 0.789174 0.491134 0.793325 0.489733 0.799362 0.490015 0.805336 0.493459 0.809461 0.497892 0.810919 0.499991 0.807660 0.501667 0.800899 0.501822 0.794879 0.500227 0.789879
0 0.356847 0.510990 0.353672 0.511860 0.350816 0.516011 0.349416 0.522048 0.349697 0.528021 0.353141 0.532147 0.357574 0.533605 0.359673 0.530346 0.361349 0.523585 0.361503 0.517565 0.359909 0.512565
0 0.502943 0.847768 0.499768 0.848639 0.496911 0.852790 0.495511 0.858827 0.495793 0.864801 0.499237 0.868927 0.503670 0.870385 0.505769 0.867125 0.507445 0.860364 0.507599 0.854344 0.506005 0.849344
0 0.515325 0.861542 0.512151 0.862412 0.509294 0.866564 0.507894 0.872601 0.508176 0.878574 0.511619 0.882700 0.516052 0.884158 0.518152 0.880899 0.519827 0.874138 0.519982 0.868117 0.518387 0.863118
0 0.478701 0.895354 0.475527 0.896224 0.472670 0.900376 0.471270 0.906413 0.471551 0.912386 0.474995 0.916512 0.479428 0.917969 0.481528 0.914711 0.483203 0.907950 0.483358 0.901929 0.481763 0.896929
0 0.478019 0.869936 0.474844 0.870806 0.471987 0.874958 0.470588 0.880994 0.470869 0.886968 0.474313 0.891095 0.478746 0.892552 0.480845 0.889293 0.482521 0.882532 0.482675 0.876511 0.481081 0.871511
0 0.453336 0.906458 0.450161 0.907329 0.447304 0.911480 0.445904 0.917517 0.446186 0.923491 0.449630 0.927617 0.454063 0.929074 0.456162 0.925815 0.457837 0.919054 0.457992 0.913034 0.456398 0.908034
0 0.423441 0.883505 0.420267 0.884375 0.417410 0.888527 0.416010 0.894564 0.416291 0.900537 0.419895 0.903876 0.424197 0.905979 0.426268 0.902862 0.427943 0.896101 0.428098 0.890080 0.426503 0.885081
0 0.539543 0.805470 0.536369 0.806340 0.533512 0.810491 0.532112 0.816528 0.532394 0.822502 0.535997 0.825840 0.540299 0.827944 0.542369 0.824827 0.544045 0.818065 0.544200 0.812045 0.542605 0.807045
0 0.571614 0.733263 0.568439 0.734134 0.565582 0.738286 0.564183 0.744322 0.564464 0.750296 0.568068 0.753634 0.572370 0.755738 0.574440 0.752621 0.576116 0.745859 0.576270 0.739839 0.574676 0.734839
0 0.530570 0.843720 0.527396 0.844591 0.524539 0.848743 0.523139 0.854779 0.523421 0.860752 0.526896 0.865669 0.531326 0.866194 0.533397 0.863078 0.535072 0.856316 0.535227 0.850296 0.533633 0.845296
0 0.552757 0.895108 0.549582 0.895978 0.546725 0.900130 0.545326 0.906167 0.545607 0.912141 0.549083 0.917056 0.553513 0.917582 0.555583 0.914465 0.557258 0.907704 0.557413 0.901684 0.555819 0.896684
0 0.568959 0.895826 0.565785 0.896696 0.562927 0.900848 0.561528 0.906885 0.561809 0.912858 0.565285 0.917774 0.569715 0.918300 0.571785 0.915183 0.573461 0.908422 0.573616 0.902401 0.572021 0.897402
0 0.606021 0.803168 0.602846 0.804038 0.599989 0.808190 0.598589 0.814226 0.598871 0.820200 0.602347 0.825116 0.606776 0.825642 0.608847 0.822525 0.610523 0.815764 0.610677 0.809743 0.609083 0.804744
0 0.574616 0.775126 0.571441 0.775997 0.568584 0.780148 0.567185 0.786185 0.567466 0.792159 0.570942 0.797074 0.575372 0.797601 0.577442 0.794483 0.579117 0.787722 0.579272 0.781702 0.577678 0.776702
0 0.608339 0.776845 0.605164 0.777716 0.602307 0.781868 0.600908 0.787904 0.601189 0.793878 0.604665 0.798794 0.609094 0.799320 0.611165 0.796203 0.612840 0.789441 0.612995 0.783421 0.611401 0.778421
0 0.631391 0.940582 0.628217 0.941452 0.625359 0.945604 0.623960 0.951640 0.624241 0.957614 0.627717 0.962530 0.632147 0.963056 0.634217 0.959939 0.635893 0.953178 0.636047 0.947157 0.634453 0.942158
0 0.606118 0.900668 0.602944 0.901539 0.600087 0.905690 0.598687 0.911726 0.598969 0.917701 0.602444 0.922616 0.606874 0.923142 0.608945 0.920025 0.610620 0.913264 0.610775 0.907243 0.609181 0.902243
0 0.740664 0.936558 0.737490 0.937428 0.734633 0.941580 0.733233 0.947617 0.733515 0.953591 0.736990 0.958506 0.741420 0.959032 0.743490 0.955915 0.745166 0.949154 0.745321 0.943134 0.743726 0.938134
0 0.753390 0.881309 0.750215 0.882179 0.747358 0.886331 0.745958 0.892367 0.746240 0.898341 0.749715 0.903257 0.754145 0.903783 0.756216 0.900666 0.757891 0.893905 0.758046 0.887884 0.756452 0.882884
0 0.773043 0.950765 0.769868 0.951635 0.767011 0.955786 0.765611 0.961823 0.765893 0.967797 0.769368 0.972712 0.773799 0.973239 0.775869 0.970121 0.777545 0.963360 0.777699 0.957340 0.776105 0.952340
0 0.756388 0.999074 0.753214 0.999074 0.750357 0.999074 0.748956 0.999074 0.749238 0.999074 0.752714 0.999074 0.757144 0.999074 0.759214 0.999074 0.760890 0.999074 0.761045 0.999074 0.759450 0.999074
0 0.821682 0.897002 0.818508 0.897872 0.815651 0.902023 0.814251 0.908060 0.814533 0.914034 0.818008 0.918950 0.822438 0.919476 0.824509 0.916359 0.826184 0.909597 0.826339 0.903577 0.824744 0.898577
0 0.792169 0.999074 0.788995 0.999074 0.786138 0.999074 0.784738 0.999074 0.785020 0.999074 0.788495 0.999074 0.792925 0.999074 0.794995 0.999074 0.796671 0.999074 0.796826 0.999074 0.795231 0.999074
0 0.780349 0.874364 0.777175 0.875234 0.774318 0.879386 0.772918 0.885422 0.773200 0.891396 0.776725 0.896069 0.781105 0.896838 0.783176 0.893721 0.784851 0.886959 0.785006 0.880939 0.783411 0.875940
0 0.820914 0.806638 0.817739 0.807508 0.814882 0.811660 0.813482 0.817697 0.813764 0.823671 0.817289 0.828345 0.821669 0.829112 0.823740 0.825995 0.825416 0.819234 0.825570 0.813213 0.823976 0.808214
0 0.791793 0.711880 0.788619 0.712751 0.785761 0.716903 0.784361 0.722940 0.784643 0.728913 0.788168 0.733586 0.792549 0.734355 0.794619 0.731238 0.796295 0.724476 0.796450 0.718456 0.794855 0.713456
0 0.710824 0.805183 0.707650 0.806053 0.704793 0.810204 0.703393 0.816241 0.703675 0.822215 0.707199 0.826889 0.711580 0.827657 0.713650 0.824540 0.715326 0.817778 0.715481 0.811758 0.713886 0.806758
0 0.866541 0.739501 0.863367 0.740371 0.860509 0.744523 0.859110 0.750560 0.859391 0.756533 0.862916 0.761207 0.867297 0.761975 0.869367 0.758858 0.871043 0.752097 0.871197 0.746076 0.869603 0.741076
0 0.835683 0.794431 0.832509 0.795302 0.829652 0.799453 0.828251 0.805490 0.828533 0.811464 0.832058 0.816137 0.836439 0.816905 0.838350 0.813711 0.839753 0.806816 0.840340 0.801007 0.838745 0.796007
0 0.839914 0.837822 0.836740 0.838692 0.833882 0.842844 0.832483 0.848881 0.832764 0.854854 0.836289 0.859528 0.840670 0.860296 0.842581 0.857101 0.843984 0.850206 0.844571 0.844397 0.842976 0.839397
0 0.850778 0.713046 0.847604 0.713917 0.844747 0.718069 0.843347 0.724105 0.843628 0.730079 0.847153 0.734752 0.851534 0.735521 0.853446 0.732326 0.854849 0.725432 0.855435 0.719622 0.853840 0.714622
0 0.635543 0.837484 0.632368 0.838355 0.629511 0.842506 0.628112 0.848543 0.628393 0.854516 0.631918 0.859190 0.636298 0.859958 0.638210 0.856763 0.639613 0.849869 0.640199 0.844060 0.638605 0.839060
0 0.493765 0.764601 0.490591 0.765472 0.487734 0.769624 0.486334 0.775660 0.486616 0.781633 0.490141 0.786307 0.494521 0.787075 0.496433 0.783881 0.497836 0.776986 0.498422 0.771177 0.496827 0.766177
0 0.472080 0.514593 0.468906 0.515464 0.466048 0.519616 0.464648 0.525652 0.464930 0.531625 0.468455 0.536299 0.472836 0.537067 0.474747 0.533873 0.476150 0.526978 0.476736 0.521169 0.475142 0.516169
0 0.445666 0.472562 0.442492 0.473432 0.439635 0.477584 0.438235 0.483621 0.438430 0.488081 0.445023 0.490580 0.447964 0.489298 0.449968 0.483479 0.450303 0.478659 0.448728 0.474137
0 0.580815 0.554659 0.577640 0.555529 0.574783 0.559681 0.573383 0.565718 0.573665 0.571691 0.577190 0.576365 0.581571 0.577133 0.583482 0.573938 0.584885 0.567044 0.585471 0.561234 0.583877 0.556235
0 0.623110 0.519871 0.619936 0.520741 0.617079 0.524893 0.615679 0.530929 0.615961 0.536902 0.619486 0.541576 0.623866 0.542344 0.625777 0.539150 0.627181 0.532255 0.627767 0.526446 0.626172 0.521446
0 0.691140 0.458161 0.687283 0.458468 0.683665 0.463509 0.681842 0.470292 0.682177 0.477035 0.684349 0.482014 0.688777 0.484904 0.693187 0.482872 0.695967 0.478776 0.697461 0.471470 0.696780 0.464097 0.694616 0.460034
0 0.722793 0.403412 0.718936 0.403719 0.715318 0.408760 0.713495 0.415543 0.713830 0.422286 0.716002 0.427265 0.720430 0.430155 0.724840 0.428123 0.727620 0.424028 0.729115 0.416721 0.728433 0.409348 0.726269 0.405285
0 0.749869 0.363413 0.746013 0.363720 0.742395 0.368759 0.740571 0.375544 0.740907 0.382286 0.743079 0.387266 0.747506 0.390155 0.751917 0.388124 0.754697 0.384028 0.756191 0.376722 0.755510 0.369348 0.753345 0.365286
0 0.623987 0.440432 0.620131 0.440739 0.616512 0.445779 0.614690 0.452563 0.615025 0.459305 0.617197 0.464285 0.621624 0.467175 0.626035 0.465143 0.628815 0.461047 0.630309 0.453741 0.629628 0.446368 0.627463 0.442305
0 0.748699 0.495477 0.744842 0.495784 0.741224 0.500825 0.739401 0.507608 0.739736 0.514351 0.741908 0.519330 0.746336 0.522220 0.750746 0.520188 0.753526 0.516092 0.755020 0.508786 0.754339 0.501413 0.752175 0.497350
0 0.742049 0.548744 0.738193 0.549051 0.734574 0.554091 0.732751 0.560875 0.733086 0.567617 0.735258 0.572597 0.739686 0.575487 0.744097 0.573455 0.746877 0.569359 0.748371 0.562053 0.747689 0.554680 0.745525 0.550617
0 0.755255 0.574089 0.751399 0.574396 0.747781 0.579436 0.745958 0.586220 0.746293 0.592963 0.748465 0.597941 0.752893 0.600831 0.757303 0.598800 0.760083 0.594704 0.761578 0.587397 0.760896 0.580024 0.758732 0.575962
0 0.745715 0.620454 0.741859 0.620761 0.738240 0.625801 0.736417 0.632585 0.736752 0.639327 0.738924 0.644307 0.743352 0.647197 0.747763 0.645165 0.750542 0.641070 0.752037 0.633763 0.751356 0.626390 0.749191 0.622327
0 0.799497 0.554053 0.795641 0.554360 0.792023 0.559400 0.790200 0.566183 0.790535 0.572926 0.792707 0.577906 0.797134 0.580795 0.801545 0.578764 0.804325 0.574668 0.805819 0.567362 0.805138 0.559988 0.802973 0.555926
0 0.813920 0.467882 0.810064 0.468188 0.806445 0.473229 0.804623 0.480012 0.804958 0.486755 0.807130 0.491734 0.811557 0.494624 0.815968 0.492592 0.818748 0.488496 0.820242 0.481190 0.819561 0.473817 0.817396 0.469755
0 0.836599 0.515629 0.832743 0.515936 0.829125 0.520976 0.827302 0.527760 0.827637 0.534502 0.829809 0.539482 0.834236 0.542372 0.838647 0.540340 0.841427 0.536245 0.842921 0.528938 0.842240 0.521564 0.840075 0.517502
0 0.863639 0.564464 0.859783 0.564770 0.856165 0.569811 0.854341 0.576594 0.854677 0.583337 0.856849 0.588316 0.861276 0.591206 0.865687 0.589174 0.868467 0.585079 0.869961 0.577772 0.869280 0.570399 0.867115 0.566337
0 0.867210 0.594243 0.863353 0.594550 0.859735 0.599590 0.857912 0.606373 0.858247 0.613116 0.860419 0.618096 0.864847 0.620985 0.869257 0.618954 0.872038 0.614859 0.873532 0.607552 0.872850 0.600178 0.870686 0.596116
0 0.887131 0.527486 0.883275 0.527793 0.879657 0.532833 0.877834 0.539617 0.878169 0.546359 0.880341 0.551339 0.884768 0.554229 0.889179 0.552197 0.891959 0.548101 0.893453 0.540795 0.892772 0.533422 0.890608 0.529359
0 0.898601 0.554334 0.894744 0.554641 0.891126 0.559681 0.889303 0.566464 0.889638 0.573207 0.891810 0.578187 0.896237 0.581076 0.900648 0.579045 0.903428 0.574949 0.904922 0.567642 0.904241 0.560269 0.902077 0.556207
0 0.862527 0.649660 0.858671 0.649966 0.855052 0.655007 0.853229 0.661790 0.853564 0.668533 0.855736 0.673512 0.860164 0.676402 0.864575 0.674370 0.867354 0.670274 0.868849 0.662968 0.868168 0.655595 0.866003 0.651532
0 0.770613 0.568198 0.766756 0.568505 0.763138 0.573544 0.761315 0.580328 0.761650 0.587071 0.763822 0.592051 0.768250 0.594940 0.772660 0.592909 0.775441 0.588813 0.776935 0.581506 0.776254 0.574132 0.774089 0.570071
0 0.825322 0.656957 0.821466 0.657264 0.817848 0.662304 0.816025 0.669088 0.816360 0.675830 0.818532 0.680810 0.822959 0.683700 0.827370 0.681668 0.830150 0.677573 0.831644 0.670266 0.830963 0.662892 0.828799 0.658830
0 0.784342 0.491950 0.780486 0.492257 0.776868 0.497297 0.775044 0.504080 0.775380 0.510823 0.777552 0.515802 0.781979 0.518692 0.786390 0.516661 0.789170 0.512565 0.790664 0.505258 0.789983 0.497885 0.787818 0.493823
0 0.810830 0.377444 0.806974 0.377752 0.803356 0.382791 0.801533 0.389575 0.801868 0.396317 0.804040 0.401297 0.808468 0.404187 0.812878 0.402155 0.815658 0.398060 0.817152 0.390753 0.816471 0.383380 0.814307 0.379317
0 0.919443 0.342037 0.915586 0.342343 0.911968 0.347384 0.910145 0.354167 0.910480 0.360910 0.912652 0.365889 0.917080 0.368779 0.921490 0.366747 0.924270 0.362651 0.925764 0.355345 0.925084 0.347972 0.922919 0.343910
0 0.876026 0.215037 0.872169 0.215344 0.868551 0.220384 0.866728 0.227168 0.867063 0.233910 0.869235 0.238890 0.873663 0.241780 0.878073 0.239748 0.880854 0.235652 0.882348 0.228346 0.881666 0.220973 0.879502 0.216910
0 0.721544 0.195490 0.717687 0.195798 0.714069 0.200837 0.712246 0.207621 0.712581 0.214363 0.714753 0.219343 0.719180 0.222232 0.723591 0.220201 0.726371 0.216106 0.727865 0.208799 0.727184 0.201425 0.725019 0.197363
0 0.719005 0.137088 0.715148 0.137395 0.711530 0.142436 0.709707 0.149219 0.710042 0.155961 0.712214 0.160941 0.716641 0.163831 0.721052 0.161799 0.723832 0.157704 0.725326 0.150397 0.724645 0.143024 0.722480 0.138961
0 0.636345 0.320438 0.632488 0.320745 0.628870 0.325785 0.627047 0.332568 0.627382 0.339311 0.629554 0.344290 0.633981 0.347180 0.638392 0.345149 0.641172 0.341052 0.642666 0.333746 0.641985 0.326373 0.639821 0.322311
0 0.667584 0.152330 0.663727 0.152638 0.660109 0.157677 0.658286 0.164461 0.658622 0.171203 0.660793 0.176183 0.665221 0.179073 0.669631 0.177041 0.672412 0.172946 0.673906 0.165639 0.673224 0.158265 0.671060 0.154203
0 0.624171 0.155476 0.620315 0.155783 0.616696 0.160824 0.614873 0.167607 0.615209 0.174350 0.617380 0.179329 0.621808 0.182219 0.626219 0.180187 0.628999 0.176091 0.630493 0.168785 0.629812 0.161412 0.627647 0.157349
0 0.521476 0.339482 0.517620 0.339788 0.514001 0.344829 0.512178 0.351612 0.512514 0.358355 0.514686 0.363334 0.519113 0.366224 0.523524 0.364192 0.526304 0.360096 0.527798 0.352790 0.527117 0.345417 0.524952 0.341354
0 0.500479 0.190256 0.496622 0.190564 0.493004 0.195604 0.491181 0.202387 0.491517 0.209130 0.493689 0.214109 0.498116 0.216999 0.502527 0.214967 0.505306 0.210872 0.506801 0.203565 0.506120 0.196192 0.503955 0.192129
0 0.521700 0.213510 0.517843 0.213817 0.514225 0.218857 0.512402 0.225641 0.512737 0.232383 0.514909 0.237363 0.519337 0.240253 0.523747 0.238221 0.526527 0.234125 0.528021 0.226819 0.527340 0.219445 0.525176 0.215383
0 0.459145 0.143269 0.455288 0.143576 0.451670 0.148616 0.449847 0.155399 0.450182 0.162142 0.452354 0.167121 0.456781 0.170011 0.461192 0.167979 0.463972 0.163884 0.465466 0.156577 0.464785 0.149204 0.462620 0.145142
0 0.408287 0.075351 0.404430 0.075658 0.400812 0.080697 0.398989 0.087481 0.399324 0.094224 0.401496 0.099203 0.405923 0.102093 0.410334 0.100061 0.413114 0.095966 0.414608 0.088659 0.413927 0.081285 0.411763 0.077223
0 0.420523 0.231409 0.416666 0.231717 0.413048 0.236756 0.411225 0.243539 0.411560 0.250282 0.413732 0.255262 0.418160 0.258151 0.422570 0.256120 0.425351 0.252025 0.426845 0.244718 0.426163 0.237344 0.423999 0.233282
0 0.462352 0.301849 0.458495 0.302156 0.454877 0.307196 0.453054 0.313980 0.453389 0.320722 0.455561 0.325702 0.459989 0.328592 0.464399 0.326560 0.467179 0.322464 0.468674 0.315158 0.467992 0.307785 0.465828 0.303722
0 0.435706 0.095244 0.431850 0.095551 0.428232 0.100591 0.426409 0.107375 0.426744 0.114118 0.428916 0.119097 0.433344 0.121986 0.437754 0.119955 0.440534 0.115859 0.442028 0.108553 0.441347 0.101179 0.439183 0.097117
0 0.462818 0.385061 0.458962 0.385368 0.455344 0.390408 0.453521 0.397192 0.453856 0.403934 0.456027 0.408914 0.460455 0.411804 0.464866 0.409772 0.467646 0.405677 0.469140 0.398369 0.468459 0.390996 0.466294 0.386934
0 0.356204 0.268187 0.352347 0.268495 0.348730 0.273534 0.346906 0.280318 0.347242 0.287060 0.349413 0.292040 0.353841 0.294930 0.358252 0.292898 0.361032 0.288803 0.362526 0.281496 0.361845 0.274122 0.359680 0.270060
0 0.359272 0.308174 0.355416 0.308481 0.351798 0.313522 0.349974 0.320305 0.350310 0.327048 0.352482 0.332027 0.356909 0.334917 0.361320 0.332885 0.364100 0.328789 0.365594 0.321483 0.364913 0.314110 0.362748 0.310047
0 0.383537 0.405827 0.379680 0.406134 0.376062 0.411175 0.374239 0.417958 0.374574 0.424700 0.376746 0.429680 0.381174 0.432570 0.385584 0.430538 0.388364 0.426443 0.389859 0.419136 0.389177 0.411763 0.387013 0.407700
0 0.366164 0.456203 0.362308 0.456510 0.358690 0.461550 0.356867 0.468333 0.357202 0.475076 0.359374 0.480055 0.363801 0.482945 0.368212 0.480913 0.370992 0.476818 0.372486 0.469511 0.371805 0.462138 0.369640 0.458075
0 0.343787 0.454478 0.339931 0.454785 0.336313 0.459825 0.334490 0.466609 0.334825 0.473351 0.336997 0.478331 0.341424 0.481221 0.345835 0.479189 0.348615 0.475093 0.350109 0.467787 0.349428 0.460414 0.347264 0.456351
0 0.372021 0.498148 0.368165 0.498454 0.364547 0.503495 0.362724 0.510278 0.363059 0.517021 0.365231 0.522000 0.369658 0.524890 0.374069 0.522859 0.376849 0.518763 0.378343 0.511456 0.377662 0.504083 0.375498 0.500021
0 0.372653 0.530410 0.368796 0.530717 0.365178 0.535757 0.363355 0.542540 0.363691 0.549283 0.365862 0.554262 0.370289 0.557152 0.374700 0.555121 0.377481 0.551025 0.378974 0.543718 0.378293 0.536345 0.376129 0.532283
0 0.338690 0.488523 0.334833 0.488831 0.331216 0.493870 0.329393 0.500654 0.329728 0.507396 0.331899 0.512376 0.336327 0.515266 0.340737 0.513234 0.343518 0.509139 0.345012 0.501832 0.344330 0.494458 0.342166 0.490396
0 0.305955 0.506037 0.302099 0.506345 0.298481 0.511385 0.296658 0.518168 0.296993 0.524911 0.299165 0.529890 0.303592 0.532780 0.308003 0.530748 0.310783 0.526653 0.312277 0.519346 0.311596 0.511973 0.309432 0.507910
0 0.436665 0.613930 0.432808 0.614237 0.429190 0.619277 0.427367 0.626061 0.427702 0.632803 0.429874 0.637782 0.434301 0.640672 0.438712 0.638640 0.441492 0.634545 0.442986 0.627238 0.442305 0.619865 0.440141 0.615802
0 0.453839 0.449853 0.449983 0.450160 0.446365 0.455200 0.444542 0.461984 0.444877 0.468726 0.447048 0.473706 0.451476 0.476596 0.455887 0.474564 0.458667 0.470468 0.460161 0.463162 0.459480 0.455788 0.457315 0.451726
0 0.532096 0.463487 0.528239 0.463793 0.524621 0.468834 0.522798 0.475617 0.523133 0.482360 0.525305 0.487339 0.529732 0.490229 0.534143 0.488197 0.536923 0.484102 0.538417 0.476795 0.537736 0.469422 0.535571 0.465359
0 0.566713 0.492631 0.562856 0.492938 0.559238 0.497978 0.557415 0.504762 0.557750 0.511504 0.559922 0.516484 0.564350 0.519374 0.568760 0.517342 0.571540 0.513246 0.573034 0.505940 0.572353 0.498567 0.570189 0.494504
0 0.558334 0.422703 0.554477 0.423010 0.550859 0.428050 0.549036 0.434833 0.549371 0.441576 0.551543 0.446556 0.555970 0.449445 0.560381 0.447414 0.563161 0.443318 0.564655 0.436011 0.563974 0.428638 0.561809 0.424576
0 0.622936 0.598197 0.619080 0.598503 0.615462 0.603544 0.613639 0.610327 0.613974 0.617070 0.616146 0.622050 0.620573 0.624939 0.624984 0.622908 0.627764 0.618812 0.629258 0.611506 0.628577 0.604132 0.626412 0.600070
0 0.643024 0.679314 0.639168 0.679621 0.635549 0.684661 0.633726 0.691445 0.634062 0.698187 0.636233 0.703167 0.640661 0.706056 0.645072 0.704025 0.647852 0.699929 0.649346 0.692623 0.648665 0.685249 0.646500 0.681187
0 0.672584 0.611812 0.668728 0.612119 0.665109 0.617160 0.663286 0.623943 0.663622 0.630686 0.665793 0.635665 0.670221 0.638555 0.674631 0.636523 0.677412 0.632427 0.678905 0.625121 0.678225 0.617748 0.676060 0.613685
0 0.598102 0.368778 0.594246 0.369084 0.590628 0.374125 0.588805 0.380908 0.589140 0.387651 0.591312 0.392630 0.595740 0.395520 0.600150 0.393488 0.602930 0.389393 0.604424 0.382086 0.603743 0.374713 0.601579 0.370651
0 0.574966 0.507471 0.571110 0.507778 0.567492 0.512818 0.565669 0.519601 0.566004 0.526344 0.568175 0.531323 0.572603 0.534213 0.577014 0.532181 0.579794 0.528086 0.581288 0.520779 0.580607 0.513406 0.578442 0.509344
0 0.757789 0.714430 0.753932 0.714738 0.750314 0.719778 0.748491 0.726561 0.748827 0.733303 0.750999 0.738283 0.755426 0.741173 0.759837 0.739141 0.762616 0.735046 0.764111 0.727739 0.763430 0.720366 0.761265 0.716303
0 0.777895 0.727124 0.774038 0.727431 0.770420 0.732471 0.768597 0.739255 0.768933 0.745997 0.771104 0.750976 0.775532 0.753866 0.779943 0.751834 0.782723 0.747739 0.784217 0.740433 0.783536 0.733059 0.781371 0.728996
0 0.799268 0.766460 0.795411 0.766767 0.791793 0.771807 0.789970 0.778591 0.790306 0.785333 0.792477 0.790313 0.796905 0.793203 0.801315 0.791171 0.804095 0.787076 0.805589 0.779769 0.804908 0.772395 0.802744 0.768333
0 0.808231 0.719730 0.804375 0.720037 0.800757 0.725077 0.798934 0.731861 0.799269 0.738603 0.801440 0.743583 0.805868 0.746472 0.810279 0.744441 0.813059 0.740345 0.814553 0.733038 0.813872 0.725665 0.811707 0.721603
0 0.824422 0.745609 0.820565 0.745915 0.816947 0.750956 0.815124 0.757739 0.815459 0.764482 0.817631 0.769461 0.822058 0.772351 0.826469 0.770319 0.829249 0.766223 0.830743 0.758917 0.830062 0.751544 0.827897 0.747481
0 0.858509 0.769315 0.854653 0.769623 0.851035 0.774662 0.849211 0.781446 0.849547 0.788188 0.851718 0.793168 0.856146 0.796058 0.860557 0.794026 0.863337 0.789931 0.864831 0.782624 0.864150 0.775250 0.861985 0.771188
0 0.786887 0.825184 0.783031 0.825491 0.779412 0.830531 0.777589 0.837314 0.777925 0.844057 0.780097 0.849036 0.784524 0.851926 0.788935 0.849895 0.791290 0.845591 0.792777 0.838281 0.792528 0.831119 0.790363 0.827057
0 0.683846 0.790830 0.679990 0.791137 0.676372 0.796177 0.674549 0.802961 0.674884 0.809703 0.677056 0.814683 0.681483 0.817573 0.685894 0.815541 0.688249 0.811237 0.689736 0.803928 0.689487 0.796766 0.687322 0.792703
0 0.716078 0.775075 0.712221 0.775383 0.708603 0.780423 0.706780 0.787206 0.707115 0.793949 0.709287 0.798928 0.713715 0.801818 0.718125 0.799786 0.720480 0.795483 0.721968 0.788173 0.721719 0.781011 0.719554 0.776948
0 0.704947 0.739724 0.701091 0.740031 0.697473 0.745071 0.695650 0.751854 0.695985 0.758597 0.698157 0.763576 0.702584 0.766466 0.706995 0.764434 0.709350 0.760132 0.710838 0.752821 0.710588 0.745659 0.708423 0.741597
0 0.693491 0.521726 0.689635 0.522033 0.686017 0.527073 0.684194 0.533857 0.684529 0.540599 0.686701 0.545579 0.691128 0.548468 0.695539 0.546437 0.697894 0.542134 0.699382 0.534824 0.699132 0.527661 0.696967 0.523599
0 0.758659 0.788218 0.754803 0.788525 0.751185 0.793565 0.749362 0.800348 0.749697 0.807091 0.751868 0.812070 0.756296 0.814960 0.760707 0.812929 0.763062 0.808625 0.764549 0.801315 0.764300 0.794153 0.762135 0.790091
0 0.657234 0.942281 0.653377 0.942588 0.649759 0.947628 0.647936 0.954412 0.648272 0.961154 0.650443 0.966134 0.654871 0.969024 0.659281 0.966992 0.661637 0.962688 0.663124 0.955379 0.662874 0.948216 0.660710 0.944154
0 0.715089 0.999074 0.711233 0.999074 0.707615 0.999074 0.705792 0.999074 0.706127 0.999074 0.708298 0.999074 0.712726 0.999074 0.717137 0.999074 0.719492 0.999074 0.720979 0.999074 0.720730 0.999074 0.718565 0.999074
0 0.645027 0.869746 0.641170 0.870053 0.637552 0.875094 0.635729 0.881877 0.636064 0.888620 0.638236 0.893599 0.642664 0.896489 0.647074 0.894457 0.649429 0.890154 0.650917 0.882844 0.650667 0.875682 0.648503 0.871620
0 0.779110 0.999074 0.775935 0.999074 0.773078 0.999074 0.771678 0.999074 0.771960 0.999074 0.775544 0.999074 0.779865 0.999074 0.781936 0.999074 0.783611 0.999074 0.783766 0.999074 0.782172 0.999074
0 0.793360 0.979666 0.790186 0.980536 0.787329 0.984688 0.785929 0.990725 0.786211 0.996698 0.789795 0.999074 0.794116 0.999074 0.796186 0.999023 0.797862 0.992262 0.798017 0.986241 0.796422 0.981241
0 0.613403 0.945289 0.610228 0.946159 0.607371 0.950311 0.605971 0.956348 0.606253 0.962321 0.609837 0.966703 0.614158 0.967763 0.616229 0.964646 0.617905 0.957885 0.618059 0.951864 0.616465 0.946865
0 0.807645 0.972708 0.804471 0.973579 0.801614 0.977731 0.800214 0.983768 0.800496 0.989741 0.803971 0.994657 0.808401 0.995183 0.810472 0.992066 0.812147 0.985304 0.812302 0.979284 0.810707 0.974284
0 0.800893 0.999074 0.797718 0.999074 0.794861 0.999074 0.793461 0.999074 0.793743 0.999074 0.797219 0.999074 0.801648 0.999074 0.803719 0.999074 0.805395 0.999074 0.805549 0.999074 0.803955 0.999074
0 0.744462 0.775359 0.741287 0.776229 0.738430 0.780381 0.737030 0.786418 0.737312 0.792391 0.740788 0.797307 0.745218 0.797833 0.747288 0.794715 0.748964 0.787954 0.749119 0.781934 0.747524 0.776934
0 0.759596 0.978753 0.755739 0.979059 0.752121 0.984100 0.750298 0.990883 0.750633 0.997626 0.752805 0.999074 0.757232 0.999074 0.761643 0.999074 0.763998 0.999074 0.765486 0.991850 0.765236 0.984688 0.763072 0.980625
0 0.623196 0.815959 0.619340 0.816267 0.615721 0.821306 0.613898 0.828090 0.614233 0.834832 0.616405 0.839812 0.620833 0.842702 0.625244 0.840670 0.627599 0.836367 0.629086 0.829057 0.628837 0.821895 0.626672 0.817832
0 0.583703 0.875009 0.579846 0.875316 0.576228 0.880356 0.574405 0.887139 0.574740 0.893882 0.576912 0.898861 0.581339 0.901751 0.585750 0.899720 0.588105 0.895417 0.589593 0.888107 0.589343 0.880944 0.587179 0.876882
0 0.632556 0.784493 0.628699 0.784800 0.625081 0.789840 0.623258 0.796624 0.623593 0.803366 0.625765 0.808346 0.630193 0.811236 0.634603 0.809204 0.636958 0.804900 0.638446 0.797590 0.638196 0.790428 0.636032 0.786366
0 0.556424 0.793498 0.552568 0.793805 0.548949 0.798845 0.547126 0.805628 0.547462 0.812371 0.549634 0.817351 0.554061 0.820240 0.558472 0.818209 0.560827 0.813906 0.562314 0.806596 0.562065 0.799433 0.559900 0.795371
0 0.476249 0.833618 0.472393 0.833925 0.468774 0.838965 0.466951 0.845748 0.467287 0.852491 0.469459 0.857470 0.473886 0.860360 0.478297 0.858328 0.480652 0.854026 0.482139 0.846715 0.481890 0.839553 0.479725 0.835491
0 0.651144 0.731806 0.647288 0.732114 0.643669 0.737153 0.641846 0.743937 0.642181 0.750679 0.644353 0.755659 0.648781 0.758549 0.653192 0.756517 0.655547 0.752214 0.657034 0.744904 0.656785 0.737742 0.654620 0.733679
0 0.557489 0.713609 0.553632 0.713915 0.550014 0.718956 0.548191 0.725739 0.548527 0.732482 0.550699 0.737461 0.555126 0.740351 0.559537 0.738320 0.561892 0.734016 0.563379 0.726706 0.563130 0.719544 0.560965 0.715482
0 0.534806 0.893326 0.530949 0.893633 0.527331 0.898673 0.525508 0.905456 0.525843 0.912199 0.528015 0.917178 0.532443 0.920068 0.536853 0.918036 0.539208 0.913734 0.540696 0.906423 0.540447 0.899261 0.538282 0.895199
0 0.431980 0.822451 0.428123 0.822759 0.424505 0.827798 0.422682 0.834582 0.423018 0.841324 0.425189 0.846304 0.429617 0.849194 0.434027 0.847162 0.436382 0.842859 0.437870 0.835549 0.437620 0.828386 0.435456 0.824324
0 0.428776 0.691058 0.424919 0.691365 0.421301 0.696405 0.419478 0.703188 0.419813 0.709931 0.421985 0.714910 0.426413 0.717800 0.430823 0.715768 0.433179 0.711465 0.434666 0.704155 0.434416 0.696993 0.432252 0.692930
0 0.431651 0.661269 0.427794 0.661576 0.424176 0.666617 0.422353 0.673400 0.422689 0.680143 0.424860 0.685122 0.429288 0.688012 0.433698 0.685980 0.436054 0.681677 0.437541 0.674367 0.437292 0.667205 0.435127 0.663143
0 0.459898 0.687583 0.456042 0.687889 0.452424 0.692930 0.450601 0.699713 0.450936 0.706456 0.453108 0.711435 0.457536 0.714325 0.461946 0.712293 0.464301 0.707990 0.465789 0.700680 0.465539 0.693518 0.463375 0.689456
0 0.601716 0.652603 0.598019 0.667218 0.599662 0.677699 0.604144 0.683703 0.610563 0.686108 0.615505 0.683539 0.619272 0.678051 0.621370 0.667347 0.620350 0.657757 0.618276 0.651758 0.613805 0.646492 0.607027 0.647429
0 0.564938 0.678624 0.561241 0.693239 0.562884 0.703719 0.567366 0.709724 0.573785 0.712129 0.578727 0.709560 0.582494 0.704072 0.584592 0.693367 0.583572 0.683777 0.581498 0.677778 0.577027 0.672512 0.570249 0.673450
0 0.540138 0.667100 0.536441 0.681714 0.538084 0.692195 0.542566 0.698199 0.548985 0.700605 0.553926 0.698036 0.557694 0.692547 0.559792 0.681843 0.558771 0.672253 0.556698 0.666254 0.552227 0.660988 0.545449 0.661925
0 0.557460 0.589517 0.553763 0.604131 0.555406 0.614613 0.559888 0.620616 0.566307 0.623022 0.571248 0.620453 0.575016 0.614964 0.577114 0.604260 0.576093 0.594670 0.574020 0.588670 0.569548 0.583405 0.562770 0.584342
0 0.763299 0.668825 0.759602 0.683439 0.761245 0.693920 0.765727 0.699924 0.772146 0.702330 0.777087 0.699761 0.780855 0.694272 0.782953 0.683568 0.781932 0.673978 0.779859 0.667978 0.775387 0.662713 0.768609 0.663651
0 0.668849 0.949295 0.665152 0.963909 0.666795 0.974390 0.671277 0.980393 0.677696 0.982800 0.682637 0.980231 0.686405 0.974741 0.688503 0.964037 0.687482 0.954447 0.685409 0.948448 0.680938 0.943182 0.674160 0.944120
0 0.446915 0.726852 0.443218 0.741467 0.444861 0.751948 0.449343 0.757952 0.455762 0.760358 0.460703 0.757789 0.464471 0.752300 0.466569 0.741595 0.465548 0.732005 0.463475 0.726006 0.459004 0.720740 0.452225 0.721678
0 0.401971 0.839757 0.398274 0.854371 0.399917 0.864852 0.404399 0.870856 0.410818 0.873262 0.415759 0.870693 0.419527 0.865204 0.421625 0.854500 0.420604 0.844909 0.418531 0.838910 0.414060 0.833645 0.407281 0.834583
0 0.287187 0.543021 0.283753 0.555554 0.284892 0.564481 0.285587 0.566267 0.289374 0.570485 0.295793 0.572891 0.300734 0.570322 0.304503 0.564833 0.306600 0.554129 0.305579 0.544539 0.303507 0.538540 0.299254 0.535004 0.293219 0.535862
0 0.393460 0.656197 0.389763 0.670811 0.391406 0.681292 0.395887 0.687296 0.402306 0.689702 0.407248 0.687133 0.411016 0.681644 0.413114 0.670939 0.412093 0.661349 0.410020 0.655351 0.405548 0.650085 0.398770 0.651023
0 0.433174 0.373053 0.429477 0.387668 0.431120 0.398149 0.435602 0.404153 0.442021 0.406558 0.446962 0.403990 0.450730 0.398501 0.452828 0.387797 0.451807 0.378207 0.449734 0.372208 0.445262 0.366942 0.438484 0.367879
0 0.561659 0.364541 0.557962 0.379156 0.559604 0.389636 0.564086 0.395641 0.570506 0.398047 0.575447 0.395477 0.579215 0.389989 0.581313 0.379285 0.580292 0.369694 0.578219 0.363695 0.573748 0.358429 0.566969 0.359367
0 0.533718 0.389679 0.530021 0.404294 0.531664 0.414775 0.536146 0.420778 0.542565 0.423184 0.547507 0.420615 0.551274 0.415126 0.553372 0.404422 0.552351 0.394832 0.550278 0.388833 0.545807 0.383567 0.539029 0.384505
0 0.502092 0.501285 0.498395 0.515899 0.500037 0.526380 0.504519 0.532384 0.510939 0.534790 0.515880 0.532221 0.519648 0.526732 0.521746 0.516027 0.520725 0.506437 0.518652 0.500438 0.514181 0.495173 0.507402 0.496111
0 0.216279 0.673725 0.212582 0.688339 0.214225 0.698820 0.218707 0.704824 0.225126 0.707230 0.230067 0.704661 0.233835 0.699172 0.235933 0.688468 0.234912 0.678878 0.232839 0.672879 0.228368 0.667613 0.221589 0.668550
0 0.126683 0.676915 0.122986 0.691529 0.124628 0.702010 0.129110 0.708013 0.135530 0.710420 0.140471 0.707851 0.144239 0.702361 0.146337 0.691657 0.145316 0.682067 0.143243 0.676068 0.138772 0.670803 0.131993 0.671741
0 0.069999 0.599336 0.066302 0.613950 0.067945 0.624431 0.072427 0.630435 0.078846 0.632841 0.083787 0.630272 0.087555 0.624783 0.089653 0.614078 0.088632 0.604488 0.086559 0.598490 0.082088 0.593224 0.075309 0.594161
0 0.022763 0.476383 0.019066 0.490997 0.020709 0.501478 0.025191 0.507482 0.031609 0.509888 0.036551 0.507318 0.040319 0.501830 0.042417 0.491126 0.041396 0.481536 0.039323 0.475537 0.034851 0.470271 0.028073 0.471208
0 0.198222 0.176036 0.194525 0.190651 0.196168 0.201132 0.200650 0.207136 0.207069 0.209541 0.212010 0.206972 0.215778 0.201484 0.217876 0.190780 0.216855 0.181190 0.214782 0.175191 0.210311 0.169925 0.203533 0.170862
0 0.238810 0.192503 0.235114 0.207117 0.236757 0.217598 0.241239 0.223602 0.247658 0.226008 0.252599 0.223439 0.256367 0.217950 0.258465 0.207246 0.257444 0.197655 0.255371 0.191656 0.250899 0.186391 0.244121 0.187329
0 0.299451 0.235569 0.295754 0.250183 0.297397 0.260665 0.301879 0.266669 0.308298 0.269075 0.313239 0.266506 0.317007 0.261016 0.319105 0.250312 0.318084 0.240722 0.316011 0.234723 0.311540 0.229457 0.304761 0.230395
0 0.329101 0.238485 0.325405 0.253099 0.327047 0.263580 0.331529 0.269584 0.337949 0.271990 0.342890 0.269421 0.346658 0.263932 0.348756 0.253228 0.347735 0.243638 0.345662 0.237639 0.341190 0.232373 0.334412 0.233311
0 0.378453 0.207680 0.374756 0.222295 0.376399 0.232775 0.380881 0.238780 0.387300 0.241185 0.392242 0.238616 0.396009 0.233128 0.398107 0.222424 0.397087 0.212833 0.395013 0.206834 0.390542 0.201569 0.383764 0.202506
0 0.312510 0.200564 0.308813 0.215179 0.310456 0.225659 0.314938 0.231664 0.321357 0.234069 0.326298 0.231500 0.330066 0.226012 0.332164 0.215307 0.331143 0.205717 0.329070 0.199718 0.324599 0.194452 0.317821 0.195390
0 0.283780 0.000000 0.280083 0.000000 0.281727 0.000000 0.286208 0.000000 0.292627 0.000000 0.297568 0.000000 0.301336 0.000000 0.303435 0.000000 0.302414 0.000000 0.300341 0.000000 0.295869 0.000000 0.289091 0.000000
0 0.326949 0.000000 0.323252 0.005346 0.324895 0.015827 0.329377 0.021831 0.335796 0.024237 0.340737 0.021668 0.344505 0.016178 0.346603 0.005474 0.345582 0.000000 0.343509 0.000000 0.339038 0.000000 0.332260 0.000000
0 0.443804 0.233691 0.440107 0.248306 0.441750 0.258786 0.446232 0.264790 0.452651 0.267196 0.457593 0.264627 0.461360 0.259138 0.463458 0.248434 0.462438 0.238844 0.460365 0.232845 0.455893 0.227579 0.449115 0.228517
0 0.149747 0.000000 0.146050 0.010355 0.147693 0.020836 0.152175 0.026840 0.158594 0.029246 0.163535 0.026677 0.167303 0.021188 0.169401 0.010483 0.168380 0.000894 0.166307 0.000000 0.161836 0.000000 0.155057 0.000000
0 0.159551 0.000000 0.155854 0.000000 0.157497 0.000000 0.161979 0.000000 0.168398 0.000000 0.173340 0.000000 0.177107 0.000000 0.179205 0.000000 0.178185 0.000000 0.176111 0.000000 0.171640 0.000000 0.164862 0.000000
0 0.396919 0.000000 0.393222 0.005725 0.394865 0.016206 0.399347 0.022210 0.405766 0.024616 0.410707 0.022047 0.414475 0.016558 0.416573 0.005853 0.415552 0.000000 0.413479 0.000000 0.409007 0.000000 0.402230 0.000000
0 0.590703 0.289496 0.587006 0.304111 0.588649 0.314592 0.593131 0.320595 0.599550 0.323002 0.604491 0.320432 0.608259 0.314943 0.610357 0.304239 0.609337 0.294649 0.607263 0.288650 0.602792 0.283384 0.596014 0.284322
0 0.548956 0.259451 0.545259 0.274065 0.546902 0.284546 0.551384 0.290549 0.557802 0.292956 0.562744 0.290387 0.566512 0.284897 0.568610 0.274193 0.567589 0.264603 0.565516 0.258604 0.561044 0.253339 0.554266 0.254276
0 0.595938 0.085708 0.592241 0.100323 0.593884 0.110803 0.598366 0.116807 0.604785 0.119213 0.609726 0.116644 0.613494 0.111155 0.615592 0.100451 0.614571 0.090861 0.612498 0.084862 0.608027 0.079596 0.601248 0.080534
0 0.518230 0.049404 0.514533 0.064018 0.516176 0.074499 0.520658 0.080503 0.527077 0.082910 0.532018 0.080341 0.535786 0.074851 0.537884 0.064147 0.536863 0.054557 0.534790 0.048558 0.530318 0.043292 0.523541 0.044230
0 0.707988 0.298170 0.704291 0.312785 0.705934 0.323266 0.710416 0.329270 0.716835 0.331676 0.721776 0.329107 0.725544 0.323618 0.727642 0.312914 0.726621 0.303323 0.724549 0.297324 0.720077 0.292058 0.713299 0.292996
0 0.683657 0.302419 0.679960 0.317034 0.681602 0.327515 0.686084 0.333519 0.692504 0.335925 0.697445 0.333356 0.701213 0.327867 0.703310 0.317163 0.702290 0.307572 0.700217 0.301573 0.695746 0.296307 0.688967 0.297245
0 0.741649 0.210224 0.737952 0.224838 0.739595 0.235319 0.744077 0.241323 0.750496 0.243729 0.755438 0.241160 0.759205 0.235671 0.761303 0.224966 0.760283 0.215377 0.758209 0.209378 0.753738 0.204112 0.746960 0.205049
0 0.833841 0.376909 0.830144 0.391523 0.831787 0.402004 0.836269 0.408008 0.842688 0.410414 0.847629 0.407845 0.851397 0.402356 0.853495 0.391652 0.852474 0.382062 0.850401 0.376063 0.845930 0.370797 0.839151 0.371734
0 0.877454 0.276509 0.873757 0.291124 0.875400 0.301604 0.879882 0.307609 0.886301 0.310014 0.891242 0.307445 0.895010 0.301957 0.897108 0.291253 0.896087 0.281662 0.894014 0.275663 0.889543 0.270397 0.882764 0.271335
0 0.892279 0.239758 0.888583 0.254372 0.890226 0.264853 0.894708 0.270857 0.901127 0.273263 0.906068 0.270694 0.909836 0.265205 0.911934 0.254500 0.910913 0.244911 0.908840 0.238911 0.904368 0.233646 0.897590 0.234583
0 0.675064 0.646108 0.671367 0.660722 0.673010 0.671204 0.677492 0.677207 0.683911 0.679613 0.688852 0.677044 0.692620 0.671555 0.694718 0.660851 0.693697 0.651261 0.691624 0.645261 0.687153 0.639996 0.680374 0.640934
0 0.553367 0.858572 0.549670 0.873187 0.551313 0.883668 0.555795 0.889672 0.562214 0.892078 0.567155 0.889509 0.570923 0.884020 0.573021 0.873315 0.572000 0.863725 0.569927 0.857726 0.565456 0.852460 0.558678 0.853398
0 0.499991 0.604898 0.496294 0.619513 0.497937 0.629994 0.502419 0.635998 0.508838 0.638404 0.513779 0.635835 0.517547 0.630346 0.519645 0.619642 0.518624 0.610052 0.516552 0.604052 0.512080 0.598787 0.505302 0.599724
0 0.537215 0.492782 0.533518 0.507397 0.535161 0.517877 0.539643 0.523882 0.546062 0.526287 0.551003 0.523718 0.554771 0.518230 0.556869 0.507525 0.555848 0.497935 0.553775 0.491936 0.549304 0.486670 0.542525 0.487608
0 0.580934 0.479143 0.577237 0.493757 0.578880 0.504238 0.583362 0.510242 0.589781 0.512648 0.594722 0.510078 0.598490 0.504590 0.600588 0.493886 0.599567 0.484296 0.597494 0.478297 0.593023 0.473031 0.586244 0.473968
0 0.088816 0.424542 0.085119 0.439157 0.086762 0.449638 0.091244 0.455642 0.097663 0.458047 0.102604 0.455478 0.106372 0.449990 0.108470 0.439286 0.107450 0.429695 0.105377 0.423696 0.100905 0.418430 0.094127 0.419368
0 0.268108 0.506421 0.264909 0.517756 0.263997 0.530335 0.267445 0.541039 0.273487 0.545794 0.278657 0.547648 0.285484 0.543097 0.289827 0.535577 0.291897 0.525068 0.292411 0.515800 0.287771 0.505892 0.282750 0.500557 0.273757 0.500917
0 0.394166 0.416192 0.390967 0.427528 0.390054 0.440106 0.393503 0.450810 0.399545 0.455564 0.404714 0.457420 0.411542 0.452868 0.415885 0.445348 0.417955 0.434839 0.418469 0.425572 0.413829 0.415663 0.408808 0.410328 0.399814 0.410689
0 0.476963 0.109443 0.473789 0.110314 0.470931 0.114465 0.469531 0.120502 0.469813 0.126476 0.473096 0.131389 0.477690 0.132060 0.479789 0.128800 0.481465 0.122039 0.481619 0.116019 0.480025 0.111018
0 0.449380 0.060327 0.445524 0.060635 0.441905 0.065675 0.440082 0.072458 0.440417 0.079201 0.442589 0.084180 0.447017 0.087070 0.451428 0.085038 0.454207 0.080943 0.455702 0.073636 0.455021 0.066263 0.452856 0.062200
0 0.322002 0.056643 0.320291 0.064397 0.320174 0.070510 0.321090 0.075241 0.324195 0.078769 0.329816 0.080792 0.333380 0.077787 0.336065 0.071263 0.337128 0.064033 0.336816 0.057472 0.334736 0.052472 0.331155 0.050106 0.325916 0.051417
0 0.272406 0.084130 0.270695 0.091885 0.270578 0.097999 0.271494 0.102729 0.274599 0.106257 0.280221 0.108280 0.283784 0.105275 0.286469 0.098751 0.287532 0.091521 0.287220 0.084961 0.285141 0.079960 0.281559 0.077594 0.276320 0.078905
0 0.309040 0.117668 0.307329 0.125423 0.307212 0.131537 0.308128 0.136267 0.311233 0.139795 0.316854 0.141818 0.320418 0.138812 0.323102 0.132288 0.324165 0.125058 0.323854 0.118498 0.321774 0.113497 0.318193 0.111132 0.312954 0.112443
0 0.272870 0.167921 0.271159 0.175676 0.271042 0.181790 0.271958 0.186520 0.275063 0.190048 0.280684 0.192071 0.284247 0.189066 0.286933 0.182542 0.287995 0.175312 0.287683 0.168752 0.285604 0.163751 0.282022 0.161386 0.276784 0.162696
0 0.244603 0.144774 0.242892 0.152529 0.242775 0.158643 0.243691 0.163373 0.246796 0.166901 0.252417 0.168924 0.255981 0.165919 0.258665 0.159395 0.259728 0.152165 0.259417 0.145605 0.257337 0.140604 0.253756 0.138239 0.248517 0.139549
0 0.303685 0.011265 0.301974 0.019020 0.301857 0.025134 0.302773 0.029864 0.305878 0.033392 0.311499 0.035415 0.315062 0.032410 0.317747 0.025886 0.318810 0.018656 0.318498 0.012096 0.316419 0.007095 0.312837 0.004730 0.307598 0.006039
0 0.265304 0.000000 0.263593 0.000000 0.263476 0.000000 0.264392 0.000000 0.267497 0.000000 0.273118 0.000000 0.276682 0.000000 0.279366 0.000000 0.280429 0.000000 0.280117 0.000000 0.278038 0.000000 0.274457 0.000000 0.269218 0.000000
0 0.224861 0.060160 0.223151 0.067914 0.223033 0.074029 0.223949 0.078759 0.227054 0.082287 0.232676 0.084309 0.236239 0.081305 0.238924 0.074781 0.239987 0.067550 0.239675 0.060991 0.237596 0.055990 0.234014 0.053624 0.228775 0.054934
0 0.192781 0.000000 0.191070 0.000000 0.190953 0.000000 0.191869 0.000000 0.194974 0.000000 0.200595 0.000000 0.204159 0.000000 0.206843 0.000000 0.207906 0.000000 0.207595 0.000000 0.205515 0.000000 0.201934 0.000000 0.196695 0.000000
0 0.224278 0.000000 0.222567 0.000000 0.222450 0.000000 0.223366 0.002249 0.226471 0.005777 0.232092 0.007799 0.235656 0.004795 0.238341 0.000000 0.239403 0.000000 0.239092 0.000000 0.237012 0.000000 0.233431 0.000000 0.228192 0.000000
0 0.171239 0.042720 0.169528 0.050474 0.169411 0.056589 0.170327 0.061319 0.173432 0.064847 0.179053 0.066870 0.182617 0.063865 0.185302 0.057341 0.186364 0.050110 0.186053 0.043551 0.183973 0.038550 0.180392 0.036184 0.175153 0.037495
0 0.174721 0.000000 0.173010 0.000000 0.172893 0.000000 0.173809 0.000000 0.176914 0.000000 0.182535 0.000000 0.186098 0.000000 0.188783 0.000000 0.189846 0.000000 0.189534 0.000000 0.187455 0.000000 0.183873 0.000000 0.178635 0.000000
0 0.302352 0.065319 0.300641 0.073074 0.300524 0.079187 0.301440 0.083917 0.304545 0.087446 0.310166 0.089469 0.313729 0.086463 0.316414 0.079940 0.317477 0.072709 0.317165 0.066149 0.315086 0.061148 0.311504 0.058783 0.306265 0.060094
0 0.232706 0.238107 0.230995 0.245862 0.230878 0.251975 0.231794 0.256706 0.234899 0.260234 0.240520 0.262257 0.244084 0.259252 0.246768 0.252728 0.247831 0.245498 0.247520 0.238937 0.245440 0.233937 0.241859 0.231571 0.236620 0.232882
0 0.167086 0.000000 0.165376 0.000000 0.165259 0.000000 0.166175 0.000000 0.169280 0.000000 0.174901 0.000000 0.178464 0.000000 0.181149 0.000000 0.182212 0.000000 0.181900 0.000000 0.179821 0.000000 0.176239 0.000000 0.171000 0.000000
0 0.238044 0.000000 0.236333 0.000000 0.236216 0.000000 0.237132 0.000000 0.240236 0.000000 0.245858 0.000000 0.249421 0.000000 0.252106 0.000000 0.253169 0.000000 0.252857 0.000000 0.250778 0.000000 0.247196 0.000000 0.241957 0.000000
0 0.134592 0.227777 0.132882 0.235532 0.132764 0.241646 0.133680 0.246376 0.136785 0.249904 0.142406 0.251927 0.145970 0.248922 0.148655 0.242398 0.149718 0.235167 0.149406 0.228608 0.147326 0.223607 0.143745 0.221241 0.138506 0.222551
0 0.096453 0.205817 0.094742 0.213571 0.094625 0.219685 0.095541 0.224416 0.098646 0.227944 0.104267 0.229966 0.107831 0.226962 0.110515 0.220438 0.111578 0.213207 0.111266 0.206647 0.109187 0.201647 0.105605 0.199281 0.100367 0.200591
0 0.209252 0.248319 0.207541 0.256073 0.207424 0.262188 0.208340 0.266918 0.211445 0.270446 0.217066 0.272469 0.220629 0.269463 0.223314 0.262940 0.224377 0.255709 0.224065 0.249149 0.221986 0.244148 0.218404 0.241783 0.213165 0.243093
0 0.189161 0.257424 0.187450 0.265179 0.187333 0.271293 0.188249 0.276024 0.191354 0.279552 0.196975 0.281575 0.200539 0.278569 0.203223 0.272045 0.204286 0.264815 0.203974 0.258255 0.201895 0.253254 0.198314 0.250889 0.193075 0.252200
0 0.187545 0.379676 0.185834 0.387430 0.185717 0.393545 0.186633 0.398275 0.189738 0.401803 0.195359 0.403826 0.198923 0.400820 0.201608 0.394297 0.202670 0.387066 0.202358 0.380507 0.200279 0.375505 0.196698 0.373140 0.191459 0.374450
0 0.139760 0.415530 0.138049 0.423284 0.137932 0.429398 0.138848 0.434129 0.141953 0.437657 0.147574 0.439679 0.151138 0.436675 0.153823 0.430151 0.154886 0.422920 0.154574 0.416360 0.152495 0.411360 0.148913 0.408993 0.143674 0.410304
0 0.085275 0.372361 0.083564 0.380116 0.083447 0.386230 0.084364 0.390960 0.087468 0.394488 0.093089 0.396511 0.096653 0.393506 0.099338 0.386982 0.100401 0.379751 0.100089 0.373191 0.098010 0.368191 0.094428 0.365825 0.089189 0.367136
0 0.301218 0.347975 0.299508 0.355730 0.299390 0.361844 0.300306 0.366574 0.303411 0.370102 0.309032 0.372125 0.312596 0.369120 0.315281 0.362596 0.316344 0.355366 0.316032 0.348806 0.313952 0.343805 0.310371 0.341440 0.305132 0.342750
0 0.335808 0.334827 0.334097 0.342582 0.333980 0.348696 0.334896 0.353427 0.338001 0.356955 0.343622 0.358977 0.347186 0.355973 0.349871 0.349449 0.350933 0.342218 0.350622 0.335658 0.348542 0.330658 0.344961 0.328291 0.339722 0.329602
0 0.218938 0.436819 0.217227 0.444573 0.217110 0.450687 0.218026 0.455417 0.221131 0.458945 0.226752 0.460969 0.230316 0.457963 0.233001 0.451439 0.234064 0.444209 0.233751 0.437649 0.231672 0.432648 0.228090 0.430283 0.222852 0.431593
0 0.287826 0.478154 0.286115 0.485909 0.285998 0.492023 0.286914 0.496753 0.290019 0.500282 0.295640 0.502304 0.299204 0.499299 0.301888 0.492775 0.302951 0.485544 0.302639 0.478985 0.300560 0.473984 0.296978 0.471618 0.291740 0.472929
0 0.191004 0.540634 0.189293 0.548388 0.189176 0.554502 0.190092 0.559233 0.193197 0.562761 0.198818 0.564784 0.202382 0.561778 0.205067 0.555255 0.206129 0.548024 0.205818 0.541465 0.203738 0.536463 0.200157 0.534098 0.194918 0.535408
0 0.211974 0.595283 0.210264 0.603037 0.210147 0.609151 0.211063 0.613882 0.214167 0.617410 0.219789 0.619432 0.223352 0.616428 0.226037 0.609904 0.227100 0.602673 0.226788 0.596113 0.224709 0.591113 0.221127 0.588746 0.215888 0.590057
0 0.256449 0.602117 0.254738 0.609872 0.254622 0.615986 0.255537 0.620717 0.258642 0.624245 0.264264 0.626267 0.267827 0.623263 0.270512 0.616739 0.271575 0.609508 0.271263 0.602948 0.269183 0.597948 0.265602 0.595581 0.260363 0.596892
0 0.320326 0.701922 0.318615 0.709677 0.318498 0.715791 0.319414 0.720521 0.322519 0.724049 0.328140 0.726071 0.331704 0.723067 0.334389 0.716543 0.335451 0.709312 0.335140 0.702753 0.333060 0.697752 0.329479 0.695387 0.324240 0.696696
0 0.318375 0.669616 0.316664 0.677371 0.316547 0.683484 0.317463 0.688214 0.320568 0.691743 0.326189 0.693766 0.329753 0.690760 0.332437 0.684236 0.333500 0.677006 0.333188 0.670446 0.331109 0.665445 0.327527 0.663080 0.322289 0.664391
0 0.362932 0.790594 0.361222 0.798349 0.361105 0.804462 0.362021 0.809193 0.365126 0.812721 0.370747 0.814744 0.374310 0.811739 0.376995 0.805215 0.378058 0.797985 0.377746 0.791424 0.375667 0.786424 0.372085 0.784058 0.366847 0.785369
0 0.346623 0.760291 0.344912 0.768046 0.344795 0.774160 0.345711 0.778890 0.348816 0.782418 0.354437 0.784441 0.358000 0.781436 0.360685 0.774912 0.361748 0.767681 0.361436 0.761122 0.359357 0.756121 0.355775 0.753755 0.350536 0.755066
0 0.326655 0.771392 0.324945 0.779146 0.324827 0.785261 0.325743 0.789991 0.328848 0.793519 0.334470 0.795541 0.338033 0.792537 0.340718 0.786013 0.341781 0.778782 0.341469 0.772223 0.339390 0.767222 0.335808 0.764856 0.330569 0.766166
0 0.307156 0.774985 0.305446 0.782740 0.305328 0.788854 0.306245 0.793584 0.309350 0.797112 0.314971 0.799136 0.318534 0.796130 0.321219 0.789606 0.322282 0.782376 0.321970 0.775816 0.319891 0.770815 0.316309 0.768450 0.311070 0.769760
0 0.294733 0.753352 0.293022 0.761107 0.292905 0.767221 0.293821 0.771951 0.296926 0.775479 0.302547 0.777502 0.306111 0.774497 0.308796 0.767973 0.309859 0.760742 0.309547 0.754183 0.307468 0.749182 0.303886 0.746816 0.298647 0.748127
0 0.332953 0.807411 0.331243 0.815166 0.331126 0.821280 0.332042 0.826010 0.335146 0.829538 0.340768 0.831561 0.344331 0.828556 0.347016 0.822032 0.348079 0.814802 0.347767 0.808242 0.345688 0.803241 0.342106 0.800876 0.336867 0.802186
0 0.249861 0.739939 0.248150 0.747694 0.248033 0.753808 0.248949 0.758538 0.252054 0.762066 0.257675 0.764089 0.261239 0.761084 0.263924 0.754560 0.264987 0.747329 0.264675 0.740770 0.262596 0.735769 0.259014 0.733403 0.253775 0.734714
0 0.160987 0.692202 0.159276 0.699957 0.159159 0.706071 0.160075 0.710801 0.163180 0.714330 0.168801 0.716352 0.172365 0.713347 0.175049 0.706824 0.176112 0.699592 0.175801 0.693033 0.173721 0.688032 0.170140 0.685666 0.164901 0.686977
0 0.195614 0.688420 0.193903 0.696175 0.193786 0.702288 0.194702 0.707018 0.197807 0.710547 0.203428 0.712570 0.206992 0.709564 0.209676 0.703040 0.210739 0.695810 0.210427 0.689250 0.208348 0.684249 0.204767 0.681884 0.199528 0.683195
0 0.166175 0.584654 0.164464 0.592408 0.164347 0.598523 0.165263 0.603253 0.168368 0.606781 0.173989 0.608804 0.177553 0.605798 0.180237 0.599275 0.181300 0.592044 0.180989 0.585485 0.178909 0.580484 0.175328 0.578118 0.170089 0.579428
0 0.116884 0.597531 0.115174 0.605286 0.115057 0.611400 0.115973 0.616130 0.119078 0.619659 0.124699 0.621681 0.128262 0.618676 0.130947 0.612152 0.132010 0.604921 0.131698 0.598362 0.129619 0.593361 0.126037 0.590995 0.120798 0.592306
0 0.103861 0.643937 0.102150 0.651691 0.102033 0.657806 0.102949 0.662536 0.106053 0.666064 0.111675 0.668087 0.115239 0.665082 0.117923 0.658558 0.118986 0.651328 0.118674 0.644768 0.116595 0.639767 0.113013 0.637401 0.107774 0.638711
0 0.074482 0.697817 0.072771 0.705571 0.072654 0.711685 0.073570 0.716416 0.076675 0.719944 0.082296 0.721967 0.085859 0.718961 0.088545 0.712438 0.089607 0.705207 0.089295 0.698647 0.087216 0.693646 0.083634 0.691281 0.078396 0.692591
0 0.052748 0.662927 0.051037 0.670682 0.050920 0.676796 0.051836 0.681526 0.054941 0.685055 0.060562 0.687078 0.064126 0.684072 0.066810 0.677548 0.067873 0.670318 0.067562 0.663758 0.065482 0.658757 0.061901 0.656392 0.056662 0.657703
0 0.053127 0.486393 0.051416 0.494148 0.051299 0.500262 0.052215 0.504992 0.055320 0.508520 0.060941 0.510544 0.064505 0.507538 0.067190 0.501014 0.068253 0.493784 0.067940 0.487224 0.065861 0.482223 0.062280 0.479858 0.057041 0.481168
0 0.064190 0.541999 0.062479 0.549754 0.062362 0.555867 0.063278 0.560598 0.066383 0.564127 0.072004 0.566149 0.075568 0.563143 0.078253 0.556620 0.079316 0.549389 0.079004 0.542830 0.076925 0.537828 0.073343 0.535463 0.068104 0.536774
0 0.086110 0.544251 0.084400 0.552006 0.084282 0.558120 0.085198 0.562850 0.088303 0.566378 0.093925 0.568401 0.097488 0.565396 0.100173 0.558872 0.101236 0.551642 0.100924 0.545082 0.098844 0.540081 0.095263 0.537716 0.090024 0.539026
0 0.004248 0.593095 0.002538 0.600850 0.002421 0.606964 0.003337 0.611694 0.006442 0.615222 0.012063 0.617245 0.015626 0.614240 0.018311 0.607716 0.019374 0.600485 0.019062 0.593926 0.016983 0.588925 0.013401 0.586560 0.008163 0.587869
0 0.173256 0.525128 0.171545 0.532884 0.171428 0.538998 0.172344 0.543728 0.175449 0.547256 0.181070 0.549279 0.184634 0.546273 0.187318 0.539750 0.188382 0.532519 0.188070 0.525959 0.185990 0.520958 0.182409 0.518593 0.177170 0.519904
0 0.230189 0.476815 0.228479 0.484569 0.228361 0.490683 0.229277 0.495413 0.232382 0.498941 0.238003 0.500965 0.241567 0.497959 0.244252 0.491435 0.245315 0.484205 0.245003 0.477645 0.242923 0.472644 0.239342 0.470279 0.234103 0.471590
0 0.188092 0.000000 0.186381 0.000000 0.186264 0.000000 0.187180 0.000000 0.190285 0.000000 0.195906 0.000000 0.199470 0.000000 0.202154 0.000000 0.203217 0.000000 0.202905 0.000000 0.200826 0.000000 0.197244 0.000000 0.192006 0.000000
0 0.641158 0.169824 0.639447 0.177578 0.639330 0.183693 0.640246 0.188423 0.643351 0.191951 0.648972 0.193974 0.652536 0.190969 0.655220 0.184445 0.656283 0.177214 0.655972 0.170655 0.653892 0.165654 0.650311 0.163288 0.645072 0.164599
0 0.261849 0.004003 0.258674 0.004873 0.255817 0.009025 0.254417 0.015062 0.254699 0.021035 0.257982 0.025949 0.262576 0.026619 0.264675 0.023360 0.266350 0.016599 0.266505 0.010578 0.264911 0.005579
0 0.254836 0.000000 0.251661 0.000000 0.248804 0.000000 0.247404 0.000000 0.247686 0.000000 0.250969 0.000000 0.255563 0.000000 0.257662 0.000000 0.259337 0.000000 0.259492 0.000000 0.257898 0.000000
0 0.429976 0.139958 0.428266 0.147713 0.428148 0.153827 0.429064 0.158557 0.432169 0.162085 0.437790 0.164109 0.441354 0.161103 0.444039 0.154579 0.445102 0.147349 0.444790 0.140789 0.442710 0.135788 0.439129 0.133423 0.433890 0.134733
0 0.411557 0.024785 0.408382 0.025656 0.405525 0.029808 0.404125 0.035844 0.404407 0.041818 0.407690 0.046732 0.412284 0.047402 0.414383 0.044143 0.416059 0.037382 0.416213 0.031361 0.414619 0.026361
0 0.568648 0.210026 0.566937 0.217781 0.566820 0.223894 0.567737 0.228625 0.570841 0.232153 0.576462 0.234176 0.580026 0.231170 0.582711 0.224646 0.583774 0.217416 0.583462 0.210856 0.581383 0.205855 0.577801 0.203490 0.572562 0.204801
0 0.507332 0.392453 0.505621 0.400208 0.505504 0.406322 0.506420 0.411052 0.509525 0.414581 0.515146 0.416603 0.518710 0.413598 0.521395 0.407075 0.522457 0.399843 0.522146 0.393284 0.520066 0.388283 0.516485 0.385917 0.511246 0.387228
0 0.459653 0.476385 0.457942 0.484140 0.457825 0.490254 0.458741 0.494984 0.461846 0.498512 0.467467 0.500535 0.471031 0.497530 0.473716 0.491006 0.474779 0.483775 0.474467 0.477216 0.472387 0.472215 0.468806 0.469849 0.463567 0.471160
0 0.425763 0.531605 0.424053 0.539359 0.423936 0.545474 0.424852 0.550204 0.427956 0.553732 0.433578 0.555754 0.437141 0.552749 0.439826 0.546226 0.440889 0.538995 0.440577 0.532436 0.438498 0.527435 0.434916 0.525069 0.429677 0.526379
0 0.390309 0.541578 0.388598 0.549333 0.388481 0.555446 0.389397 0.560177 0.392502 0.563705 0.398123 0.565728 0.401686 0.562723 0.404372 0.556199 0.405434 0.548969 0.405122 0.542408 0.403043 0.537408 0.399462 0.535042 0.394223 0.536352
0 0.396778 0.608475 0.395068 0.616230 0.394951 0.622344 0.395867 0.627074 0.398972 0.630603 0.404593 0.632625 0.408156 0.629620 0.410841 0.623096 0.411904 0.615866 0.411592 0.609306 0.409513 0.604305 0.405931 0.601939 0.400692 0.603250
0 0.391519 0.700902 0.389808 0.708657 0.389691 0.714771 0.390608 0.719501 0.393712 0.723029 0.399333 0.725052 0.402897 0.722047 0.405582 0.715523 0.406645 0.708293 0.406333 0.701733 0.404254 0.696732 0.400672 0.694367 0.395433 0.695676
0 0.293775 0.819982 0.292065 0.827737 0.291948 0.833851 0.292863 0.838581 0.295968 0.842109 0.301590 0.844131 0.305153 0.841127 0.307838 0.834603 0.308901 0.827373 0.308589 0.820813 0.306510 0.815812 0.302928 0.813447 0.297689 0.814757
0 0.274108 0.687289 0.272397 0.695043 0.272280 0.701157 0.273196 0.705888 0.276301 0.709416 0.281922 0.711439 0.285486 0.708434 0.288171 0.701910 0.289234 0.694679 0.288921 0.688119 0.286842 0.683119 0.283260 0.680753 0.278022 0.682064
0 0.323890 0.845075 0.322180 0.852829 0.322063 0.858944 0.322978 0.863674 0.326083 0.867202 0.331705 0.869225 0.335268 0.866220 0.337953 0.859696 0.339016 0.852465 0.338704 0.845906 0.336625 0.840905 0.333043 0.838539 0.327804 0.839849
0 0.342817 0.854228 0.341106 0.861983 0.340989 0.868097 0.341905 0.872827 0.345170 0.875568 0.350657 0.878251 0.354195 0.875373 0.356879 0.868849 0.357942 0.861619 0.357631 0.855060 0.355551 0.850058 0.351970 0.847693 0.346731 0.849004
0 0.491685 0.649183 0.489975 0.656938 0.489857 0.663052 0.490774 0.667782 0.494039 0.670523 0.499526 0.673206 0.503063 0.670328 0.505748 0.663804 0.506811 0.656574 0.506499 0.650014 0.504420 0.645013 0.500838 0.642648 0.495599 0.643958
0 0.551786 0.926354 0.550076 0.934108 0.549959 0.940222 0.550874 0.944953 0.554140 0.947693 0.559626 0.950376 0.563164 0.947498 0.565849 0.940974 0.566912 0.933744 0.566600 0.927184 0.564521 0.922183 0.560939 0.919817 0.555700 0.921128
0 0.571752 0.923459 0.570041 0.931214 0.569924 0.937328 0.570840 0.942058 0.574105 0.944799 0.579592 0.947482 0.583130 0.944604 0.585814 0.938080 0.586877 0.930850 0.586566 0.924290 0.584486 0.919289 0.580905 0.916924 0.575666 0.918234
0 0.577954 0.806824 0.576244 0.814579 0.576127 0.820693 0.577043 0.825423 0.580308 0.828164 0.585795 0.830847 0.589332 0.827969 0.592017 0.821445 0.593080 0.814214 0.592768 0.807655 0.590689 0.802654 0.587107 0.800288 0.581868 0.801598
0 0.549704 0.762302 0.547993 0.770057 0.547876 0.776171 0.548792 0.780901 0.552057 0.783642 0.557544 0.786325 0.561082 0.783447 0.563767 0.776923 0.564829 0.769693 0.564518 0.763133 0.562438 0.758132 0.558857 0.755767 0.553618 0.757077
0 0.673171 0.758450 0.671461 0.766204 0.671344 0.772319 0.672260 0.777049 0.675525 0.779789 0.681012 0.782472 0.684550 0.779594 0.687234 0.773071 0.688297 0.765840 0.687986 0.759281 0.685906 0.754280 0.682325 0.751914 0.677086 0.753224
0 0.738699 0.834115 0.737179 0.838384 0.737093 0.843609 0.738897 0.847209 0.740714 0.849032 0.743611 0.849429 0.746527 0.845163 0.747305 0.839853 0.746991 0.835452 0.744178 0.832122 0.741418 0.831962
0 0.659383 0.746574 0.657862 0.750842 0.657776 0.756068 0.659581 0.759667 0.661397 0.761490 0.664294 0.761888 0.667210 0.757622 0.667989 0.752311 0.667674 0.747910 0.664861 0.744581 0.662101 0.744420
0 0.684692 0.688924 0.683172 0.693193 0.683086 0.698418 0.684890 0.702018 0.686707 0.703841 0.689604 0.704239 0.692520 0.699973 0.693298 0.694662 0.692984 0.690261 0.690171 0.686932 0.687411 0.686771
0 0.754672 0.766939 0.753152 0.771208 0.753066 0.776433 0.754870 0.780032 0.756686 0.781855 0.759584 0.782253 0.762500 0.777988 0.763278 0.772676 0.762964 0.768275 0.760151 0.764946 0.757391 0.764786
0 0.764602 0.755625 0.763082 0.759892 0.762996 0.765118 0.764800 0.768718 0.766617 0.770540 0.769514 0.770938 0.772430 0.766672 0.773208 0.761362 0.772894 0.756960 0.770081 0.753631 0.767321 0.753470
0 0.755271 0.745751 0.753750 0.750020 0.753664 0.755246 0.755469 0.758845 0.757285 0.760668 0.760183 0.761065 0.763098 0.756799 0.763877 0.751489 0.763562 0.747088 0.760749 0.743759 0.757989 0.743598
0 0.761967 0.934925 0.760447 0.939193 0.760361 0.944419 0.762165 0.948018 0.763981 0.949841 0.766879 0.950239 0.769795 0.945973 0.770573 0.940662 0.770259 0.936261 0.767446 0.932932 0.764686 0.932771
0 0.760077 0.912852 0.758557 0.917120 0.758471 0.922346 0.760275 0.925945 0.762092 0.927768 0.764990 0.928166 0.767905 0.923900 0.768683 0.918589 0.768369 0.914188 0.765556 0.910859 0.762796 0.910698
0 0.731723 0.999074 0.730203 0.999074 0.730117 0.999074 0.731921 0.999074 0.733737 0.999074 0.736635 0.999074 0.739551 0.999074 0.740329 0.999074 0.740015 0.999074 0.737202 0.999074 0.734442 0.999074
0 0.579335 0.959122 0.577815 0.963391 0.577729 0.968615 0.579533 0.972216 0.581349 0.974038 0.584247 0.974436 0.587163 0.970170 0.587941 0.964860 0.587627 0.960458 0.584814 0.957129 0.582054 0.956969
0 0.530823 0.930995 0.529303 0.935264 0.529217 0.940489 0.531021 0.944089 0.532838 0.945912 0.535735 0.946309 0.538651 0.942043 0.539429 0.936733 0.539115 0.932332 0.536302 0.929002 0.533542 0.928842
0 0.488641 0.891256 0.487121 0.895524 0.487035 0.900749 0.488839 0.904350 0.490656 0.906172 0.493553 0.906570 0.496469 0.902304 0.497248 0.896993 0.496933 0.892592 0.494120 0.889263 0.491360 0.889102
0 0.469049 0.789247 0.467529 0.793516 0.467443 0.798741 0.469246 0.802341 0.471063 0.804164 0.473961 0.804561 0.476877 0.800295 0.477655 0.794985 0.477340 0.790584 0.474527 0.787255 0.471767 0.787094
0 0.450217 0.798036 0.448696 0.802305 0.448611 0.807530 0.450415 0.811130 0.452231 0.812953 0.455129 0.813350 0.458045 0.809085 0.458823 0.803774 0.458508 0.799373 0.455695 0.796043 0.452936 0.795883
0 0.350879 0.822896 0.349358 0.827164 0.349272 0.832389 0.351077 0.835990 0.352893 0.837812 0.355791 0.838210 0.358706 0.833944 0.359485 0.828634 0.359170 0.824232 0.356357 0.820903 0.353597 0.820742
0 0.219337 0.714794 0.217817 0.719063 0.217731 0.724288 0.219535 0.727888 0.221351 0.729711 0.224249 0.730109 0.227165 0.725843 0.227943 0.720532 0.227629 0.716131 0.224816 0.712802 0.222056 0.712641
0 0.235324 0.696259 0.233803 0.700527 0.233718 0.705752 0.235522 0.709352 0.237338 0.711175 0.240236 0.711573 0.243152 0.707307 0.243930 0.701996 0.243615 0.697595 0.240802 0.694266 0.238042 0.694105
0 0.056629 0.694984 0.055109 0.699253 0.055023 0.704478 0.056827 0.708077 0.058643 0.709901 0.061541 0.710298 0.064457 0.706033 0.065235 0.700722 0.064921 0.696321 0.062108 0.692991 0.059348 0.692831
0 0.060083 0.629590 0.058563 0.633859 0.058477 0.639083 0.060281 0.642683 0.062098 0.644506 0.064996 0.644903 0.067911 0.640638 0.068690 0.635327 0.068375 0.630925 0.065562 0.627596 0.062802 0.627437
0 0.106211 0.526907 0.104690 0.531176 0.104605 0.536401 0.106408 0.540001 0.108225 0.541823 0.111123 0.542221 0.114039 0.537955 0.114817 0.532645 0.114502 0.528244 0.111689 0.524914 0.108929 0.524754
0 0.042386 0.416846 0.040866 0.421115 0.040780 0.426340 0.042584 0.429940 0.044400 0.431763 0.047298 0.432160 0.050214 0.427894 0.050992 0.422584 0.050677 0.418183 0.047865 0.414853 0.045105 0.414693
0 0.068330 0.391413 0.066810 0.395682 0.066724 0.400907 0.068528 0.404506 0.070345 0.406329 0.073242 0.406727 0.076158 0.402461 0.076936 0.397150 0.076622 0.392750 0.073809 0.389420 0.071049 0.389260
0 0.245337 0.504550 0.243817 0.508819 0.243731 0.514044 0.245535 0.517644 0.247352 0.519466 0.250249 0.519864 0.253166 0.515598 0.253944 0.510288 0.253629 0.505887 0.250816 0.502557 0.248056 0.502397
0 0.235200 0.413954 0.233680 0.418222 0.233594 0.423447 0.235398 0.427047 0.237214 0.428870 0.240112 0.429268 0.243028 0.425002 0.243806 0.419691 0.243492 0.415290 0.240678 0.411961 0.237919 0.411800
0 0.285676 0.349604 0.284156 0.353872 0.284070 0.359097 0.285874 0.362697 0.287690 0.364520 0.290588 0.364918 0.293504 0.360652 0.294282 0.355341 0.293968 0.350940 0.291155 0.347611 0.288395 0.347450
0 0.390002 0.345401 0.388481 0.349669 0.388396 0.354895 0.390200 0.358494 0.392016 0.360317 0.394914 0.360715 0.397830 0.356449 0.398608 0.351138 0.398294 0.346737 0.395480 0.343408 0.392721 0.343247
0 0.366970 0.258007 0.365450 0.262276 0.365364 0.267501 0.367168 0.271100 0.368985 0.272923 0.371882 0.273321 0.374798 0.269055 0.375576 0.263745 0.375262 0.259343 0.372449 0.256014 0.369689 0.255853
0 0.436309 0.270024 0.434789 0.274292 0.434703 0.279517 0.436507 0.283118 0.438324 0.284940 0.441222 0.285338 0.444138 0.281072 0.444916 0.275762 0.444601 0.271360 0.441788 0.268031 0.439028 0.267871
0 0.424019 0.425427 0.422499 0.429696 0.422413 0.434920 0.424217 0.438521 0.426034 0.440343 0.428931 0.440741 0.431847 0.436475 0.432625 0.431165 0.432311 0.426763 0.429498 0.423434 0.426738 0.423274
0 0.475919 0.429896 0.474399 0.434165 0.474313 0.439389 0.476116 0.442990 0.477933 0.444813 0.480831 0.445210 0.483747 0.440944 0.484525 0.435634 0.484210 0.431232 0.481397 0.427903 0.478638 0.427743
0 0.480165 0.554177 0.478645 0.558446 0.478559 0.563670 0.480363 0.567270 0.482180 0.569093 0.485078 0.569490 0.487993 0.565225 0.488772 0.559915 0.488457 0.555513 0.485644 0.552183 0.482884 0.552023
0 0.382542 0.468648 0.380831 0.476402 0.380714 0.482516 0.381630 0.487246 0.384735 0.490775 0.390356 0.492797 0.393920 0.489792 0.396605 0.483269 0.397667 0.476038 0.397356 0.469478 0.395276 0.464477 0.391695 0.462111 0.386456 0.463422
0 0.524479 0.500041 0.522958 0.504310 0.522873 0.509535 0.524676 0.513135 0.526493 0.514957 0.529391 0.515355 0.532307 0.511089 0.533085 0.505779 0.532770 0.501378 0.529957 0.498049 0.527198 0.497888
0 0.555194 0.529439 0.553674 0.533708 0.553588 0.538933 0.555391 0.542533 0.557208 0.544356 0.560106 0.544753 0.563022 0.540487 0.563800 0.535177 0.563486 0.530776 0.560672 0.527447 0.557913 0.527286
0 0.503445 0.544299 0.504163 0.548227 0.506121 0.549979 0.508664 0.550659 0.510276 0.548793 0.511275 0.545127 0.511026 0.542004 0.510203 0.539524 0.508992 0.537548 0.506958 0.536668 0.504583 0.537931 0.503655 0.541400
0 0.509245 0.702436 0.509963 0.706366 0.511921 0.708117 0.514464 0.708797 0.516076 0.706931 0.517075 0.703265 0.516825 0.700141 0.516002 0.697662 0.514792 0.695685 0.512758 0.694806 0.510383 0.696068 0.509455 0.699539
0 0.584741 0.664423 0.585459 0.668352 0.587417 0.670104 0.589959 0.670784 0.591572 0.668918 0.592571 0.665252 0.592321 0.662129 0.591498 0.659649 0.590288 0.657672 0.588253 0.656793 0.585879 0.658055 0.584951 0.661525
0 0.494692 0.881269 0.495410 0.885197 0.497368 0.886949 0.499910 0.887629 0.501523 0.885763 0.502522 0.882096 0.502272 0.878974 0.501449 0.876494 0.500239 0.874517 0.498205 0.873638 0.495830 0.874900 0.494902 0.878370
0 0.499557 0.834327 0.500275 0.838256 0.502233 0.840007 0.504775 0.840687 0.506388 0.838822 0.507387 0.835155 0.507137 0.832033 0.506314 0.829552 0.505104 0.827576 0.503070 0.826696 0.500695 0.827958 0.499767 0.831429
0 0.597555 0.948175 0.598273 0.952104 0.600231 0.953855 0.602773 0.954536 0.604386 0.952669 0.605385 0.949003 0.605135 0.945880 0.604312 0.943401 0.603102 0.941423 0.601068 0.940545 0.598693 0.941807 0.597765 0.945277
0 0.660353 0.912054 0.661071 0.915983 0.663028 0.917734 0.665571 0.918414 0.667184 0.916549 0.668183 0.912882 0.667933 0.909759 0.667110 0.907279 0.665900 0.905302 0.663866 0.904423 0.661490 0.905685 0.660563 0.909156
0 0.724799 0.999074 0.725517 0.999074 0.727475 0.999074 0.730017 0.999074 0.731630 0.999074 0.732629 0.999074 0.732379 0.999074 0.731556 0.999074 0.730346 0.999074 0.728312 0.999074 0.725937 0.999074 0.725009 0.999074
0 0.780728 0.922453 0.781446 0.926381 0.783404 0.928133 0.785946 0.928813 0.787559 0.926948 0.788558 0.923280 0.788309 0.920158 0.787485 0.917678 0.786275 0.915701 0.784241 0.914822 0.781866 0.916084 0.780939 0.919554
0 0.715236 0.545802 0.715954 0.549730 0.717912 0.551482 0.720455 0.552163 0.722067 0.550297 0.723066 0.546630 0.722816 0.543507 0.721993 0.541027 0.720783 0.539051 0.718749 0.538171 0.716374 0.539433 0.715446 0.542904
0 0.699369 0.391769 0.700087 0.395698 0.702045 0.397449 0.704588 0.398129 0.706201 0.396264 0.707200 0.392597 0.706950 0.389474 0.706127 0.386994 0.704916 0.385017 0.702882 0.384138 0.700507 0.385400 0.699580 0.388871
0 0.759097 0.202574 0.759815 0.206503 0.761773 0.208255 0.764315 0.208934 0.765928 0.207069 0.766927 0.203402 0.766677 0.200280 0.765854 0.197799 0.764644 0.195823 0.762610 0.194943 0.760235 0.196205 0.759307 0.199676
0 0.684651 0.231574 0.685369 0.235503 0.687327 0.237253 0.689870 0.237934 0.691482 0.236068 0.692481 0.232402 0.692232 0.229279 0.691409 0.226799 0.690198 0.224822 0.688164 0.223943 0.685789 0.225205 0.684861 0.228676
0 0.418989 0.194201 0.417469 0.198470 0.417383 0.203695 0.419186 0.207295 0.421003 0.209118 0.423901 0.209516 0.426817 0.205250 0.427595 0.199939 0.427280 0.195538 0.424467 0.192209 0.421707 0.192048
0 0.246808 0.588808 0.243633 0.589678 0.240776 0.593830 0.239377 0.599866 0.239658 0.605840 0.242942 0.610754 0.247535 0.611424 0.249634 0.608165 0.251310 0.601403 0.251464 0.595383 0.249870 0.590383
0 0.310388 0.548500 0.308868 0.552769 0.308782 0.557993 0.310586 0.561594 0.312402 0.563416 0.315300 0.563814 0.318216 0.559548 0.318994 0.554238 0.318679 0.549836 0.315867 0.546507 0.313107 0.546347
0 0.608190 0.571717 0.604333 0.572025 0.600715 0.577065 0.598892 0.583848 0.599227 0.590590 0.601399 0.595570 0.605826 0.598460 0.610237 0.596428 0.613017 0.592333 0.614511 0.585026 0.613830 0.577653 0.611666 0.573590
0 0.671996 0.582379 0.672714 0.586307 0.674672 0.588059 0.677215 0.588739 0.678827 0.586874 0.679826 0.583207 0.679577 0.580084 0.678753 0.577604 0.677543 0.575627 0.675509 0.574748 0.673134 0.576010 0.672206 0.579480
0 0.798874 0.287920 0.795017 0.288227 0.791399 0.293267 0.789576 0.300051 0.789911 0.306793 0.792083 0.311773 0.796511 0.314663 0.800921 0.312631 0.803701 0.308535 0.805195 0.301229 0.804514 0.293855 0.802350 0.289793
0 0.785397 0.203362 0.786116 0.207290 0.788074 0.209042 0.790616 0.209722 0.792229 0.207856 0.793228 0.204190 0.792978 0.201067 0.792155 0.198587 0.790945 0.196611 0.788910 0.195731 0.786535 0.196993 0.785608 0.200464
0 0.640110 0.413240 0.636936 0.414110 0.634078 0.418262 0.632679 0.424298 0.632960 0.430272 0.636244 0.435186 0.640837 0.435856 0.642936 0.432597 0.644612 0.425835 0.644766 0.419815 0.643172 0.414815
0 0.162763 0.758940 0.161052 0.766695 0.160935 0.772809 0.161851 0.777539 0.164956 0.781067 0.170577 0.783091 0.174141 0.780085 0.176826 0.773561 0.177889 0.766331 0.177577 0.759771 0.175497 0.754770 0.171916 0.752405 0.166677 0.753715
