0 0.655208 0.295370 0.651563 0.297222 0.649479 0.303704 0.649479 0.311111 0.651042 0.316667 0.655729 0.320370 0.660937 0.318519 0.662500 0.313889 0.662500 0.306481 0.661458 0.300000 0.658854 0.295370
0 0.636458 0.327778 0.633333 0.330556 0.630729 0.336111 0.630729 0.343519 0.632292 0.350000 0.636979 0.352778 0.642187 0.351852 0.643750 0.347222 0.644271 0.338889 0.643229 0.332407 0.640104 0.327778
0 0.695312 0.335185 0.692187 0.337037 0.690104 0.343519 0.689583 0.350926 0.691146 0.356481 0.696354 0.360185 0.701042 0.358333 0.703125 0.353704 0.703125 0.346296 0.702083 0.339815 0.698958 0.335185
0 0.693229 0.301852 0.690104 0.303704 0.688021 0.310185 0.687500 0.317593 0.689062 0.323148 0.694271 0.326852 0.698958 0.325000 0.701042 0.320370 0.701042 0.312963 0.700000 0.306481 0.696875 0.301852
0 0.582292 0.262037 0.578646 0.264815 0.576563 0.270370 0.576563 0.277778 0.578125 0.284259 0.582812 0.287037 0.588021 0.286111 0.589583 0.281481 0.589583 0.273148 0.588542 0.266667 0.585938 0.262037
0 0.663021 0.420370 0.659375 0.423148 0.657292 0.428704 0.657292 0.436111 0.658854 0.442593 0.663542 0.446296 0.668750 0.444444 0.670313 0.439815 0.670313 0.431481 0.669271 0.425000 0.666667 0.420370
0 0.708854 0.482407 0.705729 0.485185 0.703125 0.490741 0.703125 0.498148 0.704687 0.504630 0.709375 0.508333 0.714583 0.506481 0.716146 0.501852 0.716667 0.493519 0.715625 0.487037 0.712500 0.482407
0 0.643229 0.487037 0.640104 0.489815 0.638021 0.495370 0.637500 0.502778 0.639063 0.509259 0.644271 0.512963 0.648958 0.511111 0.651042 0.506481 0.651042 0.498148 0.650000 0.491667 0.646875 0.487037
0 0.601562 0.367593 0.598437 0.370370 0.596354 0.375926 0.595833 0.383333 0.597917 0.389815 0.602604 0.393519 0.607813 0.391667 0.609375 0.387037 0.609375 0.378704 0.608333 0.372222 0.605208 0.367593
0 0.533854 0.265741 0.530208 0.268519 0.528125 0.274074 0.528125 0.281481 0.529688 0.287963 0.534375 0.291667 0.539583 0.289815 0.541146 0.285185 0.541667 0.276852 0.540104 0.270370 0.537500 0.265741
0 0.706250 0.449074 0.702604 0.451852 0.700521 0.457407 0.700521 0.464815 0.702083 0.471296 0.706771 0.474074 0.711979 0.473148 0.713542 0.468519 0.713542 0.460185 0.712500 0.453704 0.709896 0.449074
0 0.482292 0.280556 0.479167 0.283333 0.476562 0.288889 0.476562 0.296296 0.478125 0.302778 0.482812 0.306481 0.488021 0.304630 0.489583 0.300000 0.490104 0.291667 0.489062 0.285185 0.485938 0.280556
0 0.504167 0.285185 0.501042 0.287963 0.498958 0.293519 0.498437 0.300926 0.500521 0.307407 0.505208 0.310185 0.510417 0.309259 0.511979 0.304630 0.511979 0.296296 0.510938 0.289815 0.507812 0.285185
0 0.492708 0.318519 0.489583 0.321296 0.487500 0.326852 0.486979 0.334259 0.489062 0.340741 0.493750 0.343519 0.498958 0.342593 0.500521 0.337963 0.500521 0.329630 0.499479 0.323148 0.496354 0.318519
0 0.499479 0.377778 0.496354 0.379630 0.493750 0.386111 0.493750 0.393519 0.495313 0.399074 0.500000 0.402778 0.505208 0.400926 0.506771 0.396296 0.507292 0.388889 0.506250 0.382407 0.503125 0.377778
0 0.660417 0.210185 0.657292 0.212963 0.655208 0.219444 0.654688 0.225926 0.656771 0.232407 0.661458 0.236111 0.666667 0.234259 0.668229 0.229630 0.668229 0.221296 0.667188 0.214815 0.664062 0.210185
0 0.641667 0.197222 0.638542 0.199074 0.635938 0.205556 0.635938 0.212963 0.637500 0.218519 0.642187 0.222222 0.647396 0.220370 0.648958 0.215741 0.649479 0.208333 0.648438 0.201852 0.645312 0.197222
0 0.722396 0.320370 0.719271 0.322222 0.716667 0.328704 0.716667 0.336111 0.718229 0.341667 0.722917 0.345370 0.728125 0.343519 0.729688 0.338889 0.730208 0.331481 0.729167 0.325000 0.726042 0.320370
0 0.741667 0.336111 0.738542 0.337963 0.735937 0.344444 0.735937 0.351852 0.737500 0.357407 0.742188 0.361111 0.747396 0.359259 0.748958 0.354630 0.749479 0.347222 0.748438 0.340741 0.745313 0.336111
0 0.766146 0.399074 0.762500 0.400926 0.760417 0.407407 0.760417 0.414815 0.761979 0.420370 0.766667 0.424074 0.771875 0.422222 0.773438 0.417593 0.773438 0.410185 0.772396 0.403704 0.769792 0.399074
0 0.772396 0.526852 0.768750 0.528704 0.766667 0.535185 0.766667 0.542593 0.768229 0.548148 0.772917 0.551852 0.778125 0.550000 0.779688 0.545370 0.779688 0.537963 0.778646 0.531482 0.776042 0.526852
0 0.721354 0.518519 0.718229 0.520370 0.716146 0.526852 0.715625 0.534259 0.717708 0.539815 0.722396 0.543519 0.727604 0.541667 0.729167 0.537037 0.729167 0.529630 0.728125 0.523148 0.725000 0.518519
0 0.752083 0.477778 0.748438 0.480556 0.746354 0.486111 0.746354 0.493519 0.747917 0.500000 0.752604 0.503704 0.757812 0.501852 0.759375 0.497222 0.759375 0.488889 0.758333 0.482407 0.755729 0.477778
0 0.778125 0.462963 0.775000 0.465741 0.772396 0.471296 0.772396 0.478704 0.773958 0.485185 0.778646 0.487963 0.783854 0.487037 0.785417 0.482407 0.785937 0.474074 0.784896 0.467593 0.781771 0.462963
0 0.804688 0.477778 0.801562 0.479630 0.799479 0.486111 0.798958 0.493519 0.800521 0.499074 0.805729 0.502778 0.810417 0.500926 0.812500 0.496296 0.812500 0.488889 0.811458 0.482407 0.808333 0.477778
0 0.892708 0.439815 0.889583 0.442593 0.887500 0.448148 0.886979 0.455556 0.888542 0.462037 0.893750 0.464815 0.898438 0.463889 0.900521 0.459259 0.900521 0.450926 0.899479 0.444444 0.896354 0.439815
0 0.851042 0.487963 0.847917 0.490741 0.845833 0.496296 0.845312 0.503704 0.846875 0.510185 0.852083 0.512963 0.856771 0.512037 0.858854 0.507407 0.858854 0.499074 0.857813 0.492593 0.854688 0.487963
0 0.894792 0.530556 0.891667 0.532407 0.889063 0.538889 0.889063 0.546296 0.890625 0.551852 0.895312 0.555556 0.900521 0.553704 0.902083 0.549074 0.902604 0.541667 0.901563 0.535185 0.898438 0.530556
0 0.922396 0.468519 0.919271 0.471296 0.917188 0.476852 0.916667 0.484259 0.918229 0.490741 0.923437 0.493519 0.928125 0.492593 0.930208 0.487963 0.930208 0.479630 0.929167 0.473148 0.926042 0.468519
0 0.942187 0.460185 0.938542 0.462037 0.936458 0.468519 0.936458 0.475926 0.938021 0.481481 0.942708 0.485185 0.947917 0.483333 0.949479 0.478704 0.949479 0.471296 0.948438 0.464815 0.945833 0.460185
0 0.829687 0.291667 0.826042 0.293519 0.823958 0.300000 0.823958 0.307407 0.825521 0.312963 0.830208 0.316667 0.835417 0.314815 0.836979 0.310185 0.836979 0.302778 0.835938 0.296296 0.833333 0.291667
0 0.859896 0.270370 0.856771 0.273148 0.854167 0.279630 0.854167 0.286111 0.855729 0.292593 0.860417 0.296296 0.865625 0.294444 0.867188 0.289815 0.867708 0.281481 0.866667 0.275000 0.863542 0.270370
0 0.914062 0.262963 0.910937 0.265741 0.908333 0.271296 0.908333 0.278704 0.909896 0.285185 0.914583 0.288889 0.919792 0.287037 0.921354 0.282407 0.921875 0.274074 0.920833 0.267593 0.917708 0.262963
0 0.943750 0.276852 0.940104 0.279630 0.938021 0.285185 0.938021 0.292593 0.939583 0.299074 0.944271 0.302778 0.949479 0.300926 0.951042 0.296296 0.951042 0.287963 0.950000 0.281481 0.947396 0.276852
0 0.922917 0.324074 0.919792 0.326852 0.917708 0.332407 0.917188 0.339815 0.918750 0.345370 0.923958 0.349074 0.928646 0.347222 0.930729 0.342593 0.930729 0.335185 0.929688 0.328704 0.926562 0.324074
0 0.893229 0.283333 0.890104 0.286111 0.888021 0.291667 0.887500 0.299074 0.889063 0.304630 0.894271 0.308333 0.898958 0.306481 0.901042 0.301852 0.901042 0.294444 0.900000 0.287963 0.896875 0.283333
0 0.981771 0.415741 0.978646 0.418519 0.976562 0.424074 0.976042 0.431481 0.977604 0.437963 0.982813 0.441667 0.987500 0.439815 0.989583 0.435185 0.989583 0.426852 0.988542 0.420370 0.985417 0.415741
0 0.893750 0.159259 0.890104 0.162037 0.888021 0.167593 0.888021 0.175000 0.889583 0.181481 0.894271 0.185185 0.899479 0.183333 0.901042 0.178704 0.901563 0.170370 0.900000 0.163889 0.897396 0.159259
0 0.956771 0.163889 0.953125 0.166667 0.951042 0.172222 0.951042 0.179630 0.952604 0.185185 0.957292 0.188889 0.962500 0.187037 0.964063 0.183333 0.964583 0.175000 0.963021 0.168519 0.960417 0.163889
0 0.957812 0.200000 0.954167 0.202778 0.952083 0.209259 0.952083 0.215741 0.953646 0.222222 0.958333 0.225926 0.963542 0.224074 0.965104 0.219444 0.965625 0.211111 0.964063 0.204630 0.961458 0.200926
0 0.940104 0.183333 0.936979 0.186111 0.934896 0.192593 0.934375 0.199074 0.935938 0.205556 0.940625 0.209259 0.945833 0.207407 0.947396 0.202778 0.947917 0.194444 0.946875 0.187963 0.943750 0.184259
0 0.883854 0.085185 0.880208 0.087963 0.878125 0.093519 0.878125 0.100926 0.879687 0.107407 0.884375 0.110185 0.889583 0.109259 0.891146 0.104630 0.891667 0.096296 0.890104 0.089815 0.886979 0.059259
0 0.883854 0.062037 0.881771 0.067593 0.881250 0.075000 0.882812 0.081481 0.887500 0.085185 0.892708 0.083333 0.894271 0.078704 0.894792 0.070370 0.893750 0.063889 0.890625 0.059259 0.854167 0.060185
0 0.850521 0.062963 0.848437 0.069444 0.848437 0.075926 0.850000 0.082407 0.854688 0.086111 0.859896 0.084259 0.861458 0.079630 0.861979 0.071296 0.860417 0.064815 0.857813 0.061111 0.971875 0.078704
0 0.968750 0.081481 0.966667 0.087037 0.966146 0.094444 0.967708 0.100926 0.972396 0.104630 0.977604 0.102778 0.979167 0.098148 0.979688 0.089815 0.978646 0.083333 0.975521 0.078704 0.985937 0.092593
0 0.982813 0.095370 0.980729 0.100926 0.980729 0.108333 0.982292 0.114815 0.986979 0.117593 0.992188 0.116667 0.993750 0.112037 0.993750 0.103704 0.992708 0.097222 0.990104 0.092593 0.956250 0.061111
0 0.952604 0.063889 0.950521 0.069444 0.950521 0.076852 0.952083 0.083333 0.956771 0.086111 0.961979 0.085185 0.963542 0.080556 0.964063 0.072222 0.962500 0.065741 0.959896 0.061111 0.973437 0.007407
0 0.969792 0.010185 0.967708 0.015741 0.967708 0.023148 0.969271 0.029630 0.973958 0.033333 0.979167 0.031481 0.980729 0.026852 0.981250 0.018519 0.979688 0.012037 0.977083 0.007407 0.838021 0.041667
0 0.834896 0.044444 0.832812 0.050000 0.832292 0.057407 0.833854 0.063889 0.838542 0.066667 0.843750 0.065741 0.845312 0.061111 0.845833 0.052778 0.844792 0.046296 0.841667 0.041667 0.843229 0.103704
0 0.840104 0.106481 0.838021 0.112037 0.837500 0.119444 0.839063 0.125926 0.843750 0.128704 0.848958 0.127778 0.850521 0.123148 0.851042 0.114815 0.850000 0.108333 0.846875 0.103704 0.729688 0.253704
0 0.726562 0.256481 0.724479 0.262037 0.723958 0.269444 0.725521 0.275926 0.730729 0.279630 0.735417 0.277778 0.737500 0.273148 0.737500 0.264815 0.736458 0.258333 0.733333 0.253704 0.671354 0.130556
0 0.667708 0.132407 0.665625 0.138889 0.665625 0.146296 0.667188 0.151852 0.671875 0.155556 0.677083 0.153704 0.678646 0.149074 0.679167 0.141667 0.677604 0.135185 0.675000 0.130556 0.686458 0.098148
0 0.683333 0.100926 0.681250 0.106481 0.681250 0.113889 0.682813 0.120370 0.687500 0.124074 0.692708 0.122222 0.694271 0.117593 0.694271 0.109259 0.693229 0.102778 0.690625 0.098148 0.684896 0.178704
0 0.681771 0.180556 0.679688 0.187037 0.679167 0.194444 0.681250 0.200000 0.685938 0.203704 0.691146 0.201852 0.692708 0.197222 0.692708 0.189815 0.691667 0.183333 0.688542 0.178704 0.585417 0.109259
0 0.582292 0.112037 0.579687 0.117593 0.579687 0.125000 0.581250 0.131481 0.585938 0.135185 0.591146 0.133333 0.592708 0.128704 0.593229 0.120370 0.592188 0.113889 0.589063 0.109259 0.555729 0.128704
0 0.552083 0.131481 0.550000 0.137037 0.550000 0.144444 0.551562 0.150926 0.556250 0.154630 0.561458 0.152778 0.563021 0.148148 0.563542 0.139815 0.561979 0.133333 0.559375 0.128704 0.558333 0.097222
0 0.555208 0.100000 0.552604 0.105556 0.552604 0.112963 0.554167 0.119444 0.558854 0.123148 0.564062 0.121296 0.565625 0.116667 0.566146 0.108333 0.565104 0.101852 0.561979 0.097222 0.653125 0.097222
0 0.649479 0.100000 0.647396 0.105556 0.647396 0.112963 0.648958 0.118519 0.653646 0.122222 0.658854 0.120370 0.660417 0.115741 0.660937 0.108333 0.659375 0.101852 0.656771 0.097222 0.660417 0.006481
0 0.657292 0.009259 0.655208 0.015741 0.654688 0.022222 0.656771 0.028704 0.661458 0.032407 0.666667 0.030556 0.668229 0.025926 0.668229 0.017593 0.667188 0.011111 0.664062 0.007407 0.644271 0.021296
0 0.640625 0.024074 0.638542 0.029630 0.638542 0.037037 0.640104 0.043519 0.644792 0.047222 0.650000 0.045370 0.651563 0.040741 0.652083 0.032407 0.650521 0.025926 0.647917 0.021296 0.579687 0.058333
0 0.576563 0.061111 0.574479 0.066667 0.573958 0.074074 0.576042 0.079630 0.580729 0.083333 0.585938 0.081481 0.587500 0.077778 0.587500 0.069444 0.586458 0.062963 0.583333 0.058333 0.512500 0.058333
0 0.509375 0.061111 0.507292 0.066667 0.506771 0.074074 0.508854 0.080556 0.513542 0.084259 0.518750 0.082407 0.520312 0.077778 0.520312 0.069444 0.519271 0.062963 0.516146 0.058333 0.566146 0.301852
0 0.563021 0.303704 0.560417 0.310185 0.560417 0.317593 0.561979 0.323148 0.566667 0.326852 0.571875 0.325000 0.573438 0.320370 0.573958 0.312963 0.572917 0.306481 0.569792 0.301852 0.548437 0.288889
0 0.544792 0.291667 0.542708 0.297222 0.542708 0.304630 0.544271 0.311111 0.548958 0.314815 0.554167 0.312963 0.555729 0.308333 0.556250 0.300000 0.554688 0.293519 0.552083 0.288889 0.448438 0.248148
0 0.444792 0.250000 0.442708 0.256481 0.442708 0.263889 0.444271 0.269444 0.448958 0.273148 0.454167 0.271296 0.455729 0.266667 0.456250 0.259259 0.454688 0.252778 0.452083 0.248148 0.464063 0.369444
0 0.460938 0.372222 0.458333 0.377778 0.458333 0.385185 0.459896 0.391667 0.464583 0.395370 0.469792 0.393519 0.471354 0.388889 0.471875 0.380556 0.470833 0.374074 0.467708 0.369444 0.507292 0.351852
0 0.504167 0.354630 0.502083 0.360185 0.501562 0.367593 0.503646 0.374074 0.508333 0.376852 0.513542 0.375926 0.515104 0.371296 0.515104 0.362963 0.514063 0.356481 0.510938 0.351852 0.417188 0.323148
0 0.413542 0.325926 0.411458 0.331481 0.411458 0.338889 0.413021 0.345370 0.417708 0.349074 0.422917 0.347222 0.424479 0.342593 0.425000 0.334259 0.423438 0.327778 0.420833 0.323148 0.402604 0.290741
0 0.398958 0.293519 0.396875 0.299074 0.396875 0.306481 0.398438 0.312963 0.403125 0.316667 0.408333 0.314815 0.409896 0.310185 0.410417 0.301852 0.408854 0.295370 0.406250 0.290741 0.345833 0.190741
0 0.342708 0.193519 0.340625 0.199074 0.340104 0.206481 0.342187 0.212963 0.346875 0.216667 0.352083 0.214815 0.353646 0.210185 0.353646 0.201852 0.352604 0.195370 0.349479 0.190741 0.356771 0.223148
0 0.353125 0.225000 0.351042 0.231481 0.351042 0.238889 0.352604 0.244444 0.357292 0.248148 0.362500 0.246296 0.364062 0.241667 0.364583 0.234259 0.363021 0.227778 0.360417 0.223148 0.433854 0.133333
0 0.430208 0.136111 0.428125 0.142593 0.428125 0.149074 0.429688 0.155556 0.434375 0.159259 0.439583 0.157407 0.441146 0.152778 0.441667 0.144444 0.440104 0.137963 0.437500 0.133333 0.453125 0.120370
0 0.450000 0.122222 0.447396 0.128704 0.447396 0.136111 0.448958 0.141667 0.453646 0.145370 0.458854 0.143519 0.460417 0.138889 0.460938 0.131481 0.459896 0.125000 0.456771 0.120370 0.436979 0.041667
0 0.433854 0.044444 0.431771 0.050000 0.431250 0.057407 0.433333 0.063889 0.438021 0.067593 0.443229 0.065741 0.444792 0.061111 0.444792 0.052778 0.443750 0.046296 0.440625 0.041667 0.355208 0.300000
0 0.352083 0.301852 0.349479 0.307407 0.349479 0.314815 0.351042 0.321296 0.355729 0.324074 0.360938 0.323148 0.362500 0.318519 0.363021 0.310185 0.361979 0.303704 0.358854 0.299074 0.386458 0.306481
0 0.383333 0.308333 0.381250 0.314815 0.380729 0.322222 0.382812 0.327778 0.387500 0.331481 0.392708 0.329630 0.394271 0.325000 0.394271 0.317593 0.393229 0.311111 0.390104 0.306481 0.372396 0.285185
0 0.369271 0.287963 0.366667 0.293519 0.366667 0.300926 0.368229 0.307407 0.372917 0.311111 0.378125 0.309259 0.379687 0.304630 0.380208 0.296296 0.379167 0.289815 0.376042 0.285185 0.440104 0.217593
0 0.436979 0.219444 0.434896 0.225926 0.434375 0.233333 0.436458 0.238889 0.441146 0.242593 0.446354 0.240741 0.447917 0.236111 0.447917 0.228704 0.446875 0.222222 0.443750 0.217593 0.450000 0.152778
0 0.446875 0.154630 0.444271 0.161111 0.444271 0.168519 0.445833 0.174074 0.450521 0.177778 0.455729 0.175926 0.457292 0.171296 0.457812 0.163889 0.456771 0.157407 0.453646 0.152778 0.427604 0.176852
0 0.423958 0.178704 0.421875 0.185185 0.421875 0.192593 0.423438 0.198148 0.428125 0.201852 0.433333 0.200000 0.434896 0.195370 0.435417 0.187963 0.433854 0.181481 0.431250 0.176852 0.418229 0.386111
0 0.414583 0.387963 0.412500 0.394444 0.412500 0.401852 0.414062 0.407407 0.418750 0.411111 0.423958 0.409259 0.425521 0.404630 0.426042 0.397222 0.424479 0.390741 0.421875 0.386111 0.371875 0.398148
0 0.368750 0.400000 0.366146 0.406481 0.366146 0.413889 0.367708 0.419444 0.372396 0.423148 0.377604 0.421296 0.379167 0.416667 0.379687 0.409259 0.378646 0.402778 0.375521 0.398148 0.513021 0.435185
0 0.509896 0.437037 0.507292 0.443519 0.507292 0.450926 0.508854 0.456481 0.513542 0.460185 0.518750 0.458333 0.520312 0.453704 0.520833 0.446296 0.519792 0.439815 0.516667 0.435185 0.510938 0.483333
0 0.507812 0.486111 0.505729 0.491667 0.505208 0.499074 0.507292 0.505556 0.511979 0.508333 0.517187 0.507407 0.518750 0.502778 0.518750 0.494444 0.517708 0.487963 0.514583 0.483333 0.425000 0.564815
0 0.421875 0.567593 0.419792 0.573148 0.419271 0.580556 0.421354 0.587037 0.426042 0.590741 0.431250 0.588889 0.432813 0.584259 0.432813 0.575926 0.431771 0.569444 0.428646 0.564815 0.375521 0.441667
0 0.372396 0.443519 0.369792 0.450000 0.369792 0.457407 0.371354 0.462963 0.376042 0.466667 0.381250 0.464815 0.382812 0.460185 0.383333 0.452778 0.382292 0.446296 0.379167 0.441667 0.538021 0.486111
0 0.534896 0.487963 0.532812 0.494444 0.532292 0.501852 0.534375 0.507407 0.539062 0.511111 0.544271 0.509259 0.545833 0.504630 0.545833 0.497222 0.544792 0.490741 0.541667 0.486111 0.345313 0.454630
0 0.342187 0.456481 0.339583 0.462963 0.339583 0.470370 0.341146 0.475926 0.345833 0.479630 0.351042 0.477778 0.352604 0.473148 0.353125 0.465741 0.352083 0.459259 0.348958 0.454630 0.306250 0.400926
0 0.303125 0.403704 0.301042 0.409259 0.300521 0.416667 0.302604 0.423148 0.307292 0.426852 0.312500 0.425000 0.314063 0.420370 0.314063 0.412037 0.313021 0.405556 0.309896 0.400926 0.272396 0.384259
0 0.268750 0.387037 0.266667 0.392593 0.266667 0.400000 0.268229 0.406481 0.272917 0.410185 0.278125 0.408333 0.279687 0.403704 0.280208 0.395370 0.278646 0.388889 0.276042 0.384259 0.242188 0.377778
0 0.239063 0.380556 0.236979 0.386111 0.236458 0.393519 0.238542 0.400000 0.243229 0.403704 0.248437 0.401852 0.250000 0.397222 0.250000 0.388889 0.248958 0.382407 0.245833 0.377778 0.213542 0.369444
0 0.210417 0.372222 0.207813 0.377778 0.207813 0.385185 0.209375 0.391667 0.214062 0.395370 0.219271 0.393519 0.220833 0.388889 0.221354 0.380556 0.220313 0.374074 0.217187 0.369444 0.254167 0.236111
0 0.250521 0.238889 0.248437 0.244444 0.248437 0.251852 0.250000 0.258333 0.254687 0.262037 0.259896 0.260185 0.261458 0.255556 0.261979 0.247222 0.260417 0.240741 0.257812 0.236111 0.227604 0.205556
0 0.224479 0.208333 0.221875 0.214815 0.221875 0.221296 0.223438 0.227778 0.228125 0.231481 0.233333 0.229630 0.234896 0.225000 0.235417 0.216667 0.234375 0.210185 0.231250 0.205556 0.248958 0.162963
0 0.245833 0.165741 0.243750 0.171296 0.243229 0.178704 0.245312 0.184259 0.250000 0.187963 0.255208 0.186111 0.256771 0.182407 0.256771 0.174074 0.255729 0.167593 0.253125 0.162963 0.265104 0.170370
0 0.261458 0.173148 0.259375 0.179630 0.259375 0.186111 0.260938 0.192593 0.265625 0.196296 0.270833 0.194444 0.272396 0.189815 0.272917 0.181481 0.271354 0.175000 0.268750 0.171296 0.309375 0.060185
0 0.306250 0.062963 0.303646 0.069444 0.303646 0.075926 0.305208 0.082407 0.309896 0.086111 0.315104 0.084259 0.316667 0.079630 0.317187 0.071296 0.316146 0.064815 0.313021 0.061111 0.345833 0.023148
0 0.342708 0.025926 0.340625 0.031481 0.340104 0.038889 0.342187 0.045370 0.346875 0.049074 0.352083 0.047222 0.353646 0.042593 0.353646 0.034259 0.352604 0.027778 0.349479 0.023148 0.401563 0.135185
0 0.398438 0.137963 0.396354 0.143519 0.395833 0.150926 0.397917 0.156481 0.402604 0.160185 0.407813 0.159259 0.409375 0.154630 0.409375 0.146296 0.408333 0.139815 0.405208 0.135185 0.266667 0.017593
0 0.263021 0.020370 0.260938 0.025926 0.260938 0.033333 0.262500 0.039815 0.267188 0.042593 0.272396 0.041667 0.273958 0.037037 0.274479 0.028704 0.272917 0.022222 0.270312 0.017593 0.148438 0.237963
0 0.144792 0.240741 0.142708 0.246296 0.142708 0.253704 0.144271 0.259259 0.148958 0.262963 0.154167 0.261111 0.155729 0.257407 0.156250 0.249074 0.154687 0.242593 0.152083 0.237963 0.102604 0.185185
0 0.098958 0.187963 0.096875 0.193519 0.096875 0.200926 0.098438 0.206481 0.103125 0.210185 0.108333 0.208333 0.109896 0.204630 0.110417 0.196296 0.108854 0.189815 0.106250 0.185185 0.070833 0.263889
0 0.067708 0.266667 0.065625 0.272222 0.065104 0.279630 0.066667 0.286111 0.071354 0.289815 0.076563 0.287963 0.078125 0.283333 0.078646 0.275000 0.077604 0.268519 0.074479 0.263889 0.041146 0.304630
0 0.038021 0.307407 0.035937 0.312963 0.035937 0.320370 0.037500 0.325926 0.042188 0.329630 0.047396 0.327778 0.048958 0.324074 0.048958 0.315741 0.047917 0.309259 0.045313 0.304630 0.034375 0.274074
0 0.031250 0.276852 0.029167 0.282407 0.029167 0.289815 0.030729 0.296296 0.035417 0.300000 0.040625 0.298148 0.042188 0.293519 0.042188 0.285185 0.041146 0.278704 0.038542 0.274074 0.061458 0.292593
0 0.058333 0.295370 0.056250 0.301852 0.055729 0.308333 0.057292 0.314815 0.061979 0.318519 0.067188 0.316667 0.068750 0.312037 0.069271 0.303704 0.068229 0.297222 0.065104 0.293519 0.082292 0.336111
0 0.078646 0.338889 0.076563 0.344444 0.076563 0.351852 0.078125 0.357407 0.082813 0.361111 0.088021 0.359259 0.089583 0.355556 0.090104 0.347222 0.088542 0.340741 0.085938 0.336111 0.025000 0.338889
0 0.021875 0.341667 0.019792 0.347222 0.019792 0.354630 0.021354 0.360185 0.026042 0.363889 0.031250 0.362037 0.032812 0.358333 0.032812 0.350000 0.031771 0.343519 0.029167 0.338889 0.104687 0.251852
0 0.101562 0.254630 0.099479 0.260185 0.098958 0.267593 0.100521 0.273148 0.105208 0.276852 0.110417 0.275000 0.111979 0.271296 0.112500 0.262963 0.111458 0.256481 0.108333 0.251852 0.048437 0.106481
0 0.045313 0.109259 0.043229 0.114815 0.042708 0.122222 0.044271 0.128704 0.048958 0.131481 0.054167 0.130556 0.055729 0.125926 0.056250 0.117593 0.055208 0.111111 0.052083 0.106481 0.032292 0.102778
0 0.028646 0.105556 0.026563 0.111111 0.026563 0.118519 0.028125 0.125000 0.032812 0.128704 0.038021 0.126852 0.039583 0.122222 0.040104 0.113889 0.038542 0.107407 0.035937 0.102778 0.009375 0.080556
0 0.005729 0.083333 0.003646 0.088889 0.003646 0.096296 0.005208 0.102778 0.009896 0.106481 0.015104 0.104630 0.016667 0.100000 0.017188 0.091667 0.015625 0.085185 0.013021 0.080556 0.141146 0.144444
0 0.137500 0.147222 0.135417 0.153704 0.135417 0.160185 0.136979 0.166667 0.141667 0.170370 0.146875 0.168519 0.148438 0.163889 0.148958 0.155556 0.147396 0.149074 0.144792 0.145370 0.118229 0.040741
0 0.115104 0.042593 0.113021 0.049074 0.112500 0.055556 0.114063 0.062037 0.118750 0.065741 0.123958 0.063889 0.125521 0.059259 0.126042 0.051852 0.125000 0.044444 0.121875 0.040741 0.135417 0.026852
0 0.130208 0.035185 0.129688 0.041667 0.131250 0.048148 0.135937 0.051852 0.141146 0.050000 0.142708 0.045370 0.143229 0.037963 0.142188 0.030556 0.139062 0.026852 0.118229 0.327778 0.115104 0.330556
0 0.113021 0.337037 0.112500 0.343519 0.114583 0.350000 0.119271 0.353704 0.124479 0.351852 0.126042 0.347222 0.126042 0.338889 0.125000 0.332407 0.122396 0.328704 0.016146 0.437963 0.012500 0.440741
0 0.010417 0.447222 0.010417 0.453704 0.011979 0.460185 0.016667 0.463889 0.021875 0.462037 0.023438 0.457407 0.023958 0.449074 0.022396 0.442593 0.019792 0.438889 0.065104 0.471296 0.061979 0.474074
0 0.059896 0.479630 0.059896 0.487037 0.061458 0.492593 0.066146 0.496296 0.071354 0.494444 0.072917 0.489815 0.072917 0.482407 0.071875 0.475926 0.069271 0.471296 0.122917 0.512963 0.119792 0.515741
0 0.117708 0.521296 0.117708 0.528704 0.119271 0.535185 0.123958 0.538889 0.129167 0.537037 0.130729 0.532407 0.130729 0.524074 0.129688 0.517593 0.127083 0.512963 0.043229 0.478704 0.039583 0.481481
0 0.037500 0.487037 0.037500 0.494444 0.039062 0.500926 0.043750 0.504630 0.048958 0.502778 0.050521 0.498148 0.051042 0.489815 0.049479 0.483333 0.046875 0.478704 0.007812 0.400926 0.004688 0.403704
0 0.002604 0.410185 0.002083 0.416667 0.003646 0.423148 0.008333 0.426852 0.013542 0.425000 0.015104 0.420370 0.015625 0.412037 0.014583 0.405556 0.011458 0.401852 0.173958 0.503704 0.170833 0.506481
0 0.168750 0.512037 0.168229 0.519444 0.169792 0.525000 0.174479 0.528704 0.179688 0.526852 0.181250 0.523148 0.181771 0.514815 0.180729 0.508333 0.177604 0.503704 0.210938 0.621296 0.207813 0.624074
0 0.205208 0.629630 0.205208 0.637037 0.206771 0.643519 0.211458 0.646296 0.216667 0.645370 0.218229 0.640741 0.218750 0.632407 0.217708 0.625926 0.214583 0.621296 0.243750 0.676852 0.240625 0.679630
0 0.238542 0.685185 0.238021 0.692593 0.240104 0.699074 0.244792 0.702778 0.250000 0.700926 0.251563 0.696296 0.251563 0.687963 0.250521 0.681481 0.247396 0.676852 0.294271 0.687963 0.291146 0.690741
0 0.288542 0.696296 0.288542 0.703704 0.290104 0.710185 0.294792 0.713889 0.300000 0.712037 0.301562 0.707407 0.302083 0.699074 0.301042 0.692593 0.297917 0.687963 0.085417 0.689815 0.082292 0.692593
0 0.080208 0.698148 0.079687 0.705556 0.081250 0.711111 0.085938 0.714815 0.091146 0.712963 0.092708 0.709259 0.093229 0.700926 0.092188 0.694444 0.089062 0.689815 0.095833 0.601852 0.092188 0.604630
0 0.090104 0.610185 0.090104 0.617593 0.091667 0.623148 0.096354 0.626852 0.101562 0.625000 0.103125 0.621296 0.103646 0.612963 0.102083 0.606481 0.099479 0.601852 0.014583 0.686111 0.010937 0.688889
0 0.008854 0.695370 0.008854 0.701852 0.010417 0.708333 0.015104 0.712037 0.020312 0.710185 0.021875 0.705556 0.022396 0.697222 0.020833 0.690741 0.018229 0.686111 0.039062 0.791667 0.035937 0.794444
0 0.033854 0.800926 0.033333 0.807407 0.034896 0.813889 0.039583 0.817593 0.044792 0.815741 0.046354 0.811111 0.046875 0.802778 0.045833 0.796296 0.042708 0.791667 0.217708 0.837037 0.214062 0.839815
0 0.211979 0.846296 0.211979 0.852778 0.213542 0.859259 0.218229 0.862963 0.223438 0.861111 0.225000 0.856481 0.225000 0.848148 0.223958 0.841667 0.221354 0.837963 0.160417 0.791667 0.156771 0.793519
0 0.154687 0.800000 0.154687 0.807407 0.156250 0.812963 0.160938 0.816667 0.166146 0.814815 0.167708 0.810185 0.168229 0.802778 0.166667 0.796296 0.164062 0.791667 0.176042 0.771296 0.172917 0.774074
0 0.170312 0.779630 0.170312 0.787037 0.171875 0.793519 0.176563 0.797222 0.181771 0.795370 0.183333 0.790741 0.183854 0.782407 0.182812 0.775926 0.179688 0.771296 0.010937 0.815741 0.007292 0.818519
0 0.005208 0.824074 0.005208 0.831481 0.006771 0.837963 0.011458 0.840741 0.016667 0.839815 0.018229 0.835185 0.018750 0.826852 0.017188 0.820370 0.014583 0.815741 0.026042 0.837037 0.022917 0.838889
0 0.020312 0.845370 0.020312 0.852778 0.021875 0.858333 0.026563 0.862037 0.031771 0.860185 0.033333 0.855556 0.033854 0.848148 0.032812 0.841667 0.029687 0.837037 0.122917 0.867593 0.119792 0.869444
0 0.117708 0.875926 0.117188 0.882407 0.118750 0.888889 0.123438 0.892593 0.128646 0.890741 0.130208 0.886111 0.130729 0.878704 0.129688 0.871296 0.126563 0.867593 0.155729 0.939815 0.152083 0.942593
0 0.150000 0.948148 0.150000 0.955556 0.151562 0.961111 0.156250 0.964815 0.161458 0.962963 0.163021 0.958333 0.163542 0.950926 0.161979 0.944444 0.159375 0.939815 0.198437 0.946296 0.195312 0.949074
0 0.193229 0.954630 0.192708 0.962037 0.194271 0.968518 0.198958 0.972222 0.204167 0.970370 0.205729 0.965741 0.206250 0.957407 0.205208 0.950926 0.202083 0.946296 0.157813 0.973148 0.154687 0.975926
0 0.152604 0.982407 0.152083 0.988889 0.153646 0.995370 0.163542 0.997222 0.165104 0.992593 0.165625 0.984259 0.164583 0.977778 0.161458 0.974074 0.034896 0.918519 0.031771 0.921296 0.029687 0.927778
0 0.029167 0.934259 0.030729 0.940741 0.035417 0.943519 0.040625 0.942593 0.042188 0.937963 0.042708 0.929630 0.041667 0.923148 0.038542 0.919444 0.252604 0.937037 0.249479 0.939815 0.247396 0.945370
0 0.247396 0.952778 0.248958 0.959259 0.253646 0.961111 0.258854 0.961111 0.260417 0.956481 0.260417 0.948148 0.259375 0.941667 0.256771 0.937037 0.291667 0.813889 0.288542 0.816667 0.286458 0.822222
0 0.286458 0.829630 0.288021 0.836111 0.292708 0.838889 0.297917 0.837963 0.299479 0.833333 0.299479 0.825000 0.298438 0.818519 0.295833 0.813889 0.318750 0.787037 0.315625 0.789815 0.313021 0.795370
0 0.313021 0.802778 0.314583 0.809259 0.319271 0.812037 0.324479 0.811111 0.326042 0.806481 0.326562 0.798148 0.325000 0.791667 0.322396 0.787037 0.314583 0.829630 0.311458 0.832407 0.309375 0.837963
0 0.308854 0.845370 0.310417 0.851852 0.315104 0.853704 0.320312 0.853704 0.321875 0.849074 0.322396 0.840741 0.321354 0.834259 0.318229 0.829630 0.160938 0.836111 0.157813 0.837963 0.155208 0.844444
0 0.155208 0.851852 0.156771 0.857407 0.161458 0.860185 0.166667 0.859259 0.168229 0.854630 0.168750 0.847222 0.167708 0.840741 0.164583 0.836111 0.358333 0.835185 0.355208 0.837963 0.352604 0.843518
0 0.352604 0.850926 0.354167 0.857407 0.358854 0.860185 0.364062 0.859259 0.365625 0.854630 0.366146 0.846296 0.365104 0.839815 0.361979 0.835185 0.355729 0.788889 0.352083 0.790741 0.350000 0.797222
0 0.350000 0.804630 0.351562 0.810185 0.356250 0.812963 0.361458 0.812037 0.363021 0.807407 0.363542 0.800000 0.361979 0.793519 0.359375 0.788889 0.340625 0.774074 0.337500 0.776852 0.335417 0.782407
0 0.334896 0.789815 0.336458 0.796296 0.341146 0.799074 0.346354 0.798148 0.347917 0.793519 0.348437 0.785185 0.347396 0.778704 0.344271 0.774074 0.333333 0.865741 0.330208 0.868519 0.327604 0.874074
0 0.327604 0.881481 0.329167 0.887963 0.333854 0.889815 0.339063 0.889815 0.340625 0.885185 0.341146 0.876852 0.340104 0.870370 0.336979 0.865741 0.373437 0.742593 0.369792 0.744444 0.367708 0.750926
0 0.367708 0.758333 0.369271 0.763889 0.373958 0.766667 0.379167 0.765741 0.380729 0.761111 0.381250 0.753704 0.379687 0.747222 0.377083 0.742593 0.061979 0.917593 0.058854 0.920370 0.056250 0.925926
0 0.056250 0.933333 0.057813 0.939815 0.062500 0.942593 0.067708 0.941667 0.069271 0.937037 0.069792 0.928704 0.068750 0.922222 0.065625 0.917593 0.408333 0.779630 0.405208 0.782407 0.403125 0.788889
0 0.402604 0.795370 0.404687 0.801852 0.409375 0.804630 0.414583 0.803704 0.416146 0.799074 0.416146 0.790741 0.415104 0.784259 0.411979 0.779630 0.439583 0.826852 0.436458 0.829630 0.433854 0.835185
0 0.433854 0.842593 0.435417 0.849074 0.440104 0.850926 0.445312 0.850926 0.446875 0.846296 0.447396 0.837963 0.446354 0.831481 0.443229 0.826852 0.452604 0.771296 0.449479 0.774074 0.447396 0.780556
0 0.446875 0.787037 0.448438 0.793519 0.453125 0.796296 0.458333 0.795370 0.459896 0.790741 0.460417 0.782407 0.459375 0.775926 0.456250 0.772222 0.409375 0.736111 0.406250 0.738889 0.404167 0.744444
0 0.403646 0.751852 0.405208 0.758333 0.409896 0.761111 0.415104 0.760185 0.416667 0.755556 0.417188 0.747222 0.416146 0.740741 0.413021 0.736111 0.340104 0.602778 0.336979 0.605556 0.334896 0.611111
0 0.334375 0.618519 0.335938 0.624074 0.340625 0.626852 0.345833 0.625926 0.347396 0.622222 0.347917 0.613889 0.346875 0.607407 0.343750 0.602778 0.570833 0.736111 0.567708 0.738889 0.565625 0.744444
0 0.565104 0.751852 0.567187 0.758333 0.571875 0.761111 0.577083 0.760185 0.578646 0.755556 0.578646 0.747222 0.577604 0.740741 0.575000 0.736111 0.370313 0.941667 0.366667 0.944444 0.364583 0.950000
0 0.364583 0.957407 0.366146 0.963889 0.370833 0.965741 0.376042 0.965741 0.377604 0.961111 0.378125 0.952778 0.376563 0.946296 0.373958 0.941667 0.547396 0.934259 0.544271 0.937037 0.542188 0.942593
0 0.541667 0.950000 0.543750 0.956481 0.548437 0.959259 0.553646 0.958333 0.555208 0.953704 0.555208 0.945370 0.554167 0.938889 0.551562 0.934259 0.514063 0.805556 0.510938 0.808333 0.508333 0.813889
0 0.508333 0.821296 0.509896 0.827778 0.514583 0.829630 0.519792 0.829630 0.521354 0.825000 0.521875 0.816667 0.520312 0.810185 0.517708 0.805556 0.601042 0.781482 0.597917 0.783333 0.595833 0.789815
0 0.595312 0.797222 0.596875 0.802778 0.601562 0.805556 0.606771 0.804630 0.608333 0.800000 0.608854 0.792593 0.607813 0.786111 0.604688 0.781482 0.560417 0.762963 0.556771 0.765741 0.554688 0.771296
0 0.554688 0.778704 0.556250 0.785185 0.560938 0.787037 0.566146 0.787037 0.567708 0.782407 0.568229 0.774074 0.566667 0.767593 0.564062 0.762963 0.566146 0.704630 0.563021 0.707407 0.560417 0.712963
0 0.560417 0.720370 0.561979 0.726852 0.566667 0.729630 0.571875 0.728704 0.573438 0.724074 0.573958 0.715741 0.572917 0.709259 0.569792 0.704630 0.501042 0.623148 0.497917 0.625926 0.495833 0.631481
0 0.495313 0.638889 0.497396 0.645370 0.502083 0.648148 0.507292 0.647222 0.508854 0.642593 0.508854 0.634259 0.507812 0.627778 0.505208 0.623148 0.597396 0.825000 0.594271 0.827778 0.592188 0.833333
0 0.591667 0.840741 0.593750 0.847222 0.598437 0.850000 0.603646 0.849074 0.605208 0.844444 0.605208 0.836111 0.604167 0.829630 0.601042 0.825000 0.381771 0.601852 0.378125 0.604630 0.376042 0.610185
0 0.376042 0.617593 0.377604 0.624074 0.382292 0.626852 0.387500 0.625926 0.389062 0.621296 0.389062 0.612963 0.388021 0.606481 0.385417 0.601852 0.617188 0.886111 0.614062 0.887963 0.611458 0.894444
0 0.611458 0.901852 0.613021 0.907407 0.617708 0.910185 0.622917 0.909259 0.624479 0.904630 0.625000 0.897222 0.623958 0.890741 0.620833 0.886111 0.633854 0.894444 0.630729 0.896296 0.628125 0.902778
0 0.628125 0.910185 0.629687 0.915741 0.634375 0.918519 0.639583 0.917593 0.641146 0.912963 0.641667 0.905556 0.640625 0.899074 0.637500 0.894444 0.601042 0.949074 0.597917 0.951852 0.595833 0.958333
0 0.595312 0.964815 0.597396 0.971296 0.602083 0.974074 0.607292 0.973148 0.608854 0.968518 0.608854 0.960185 0.607813 0.953704 0.604688 0.949074 0.594792 0.922222 0.591667 0.925000 0.589063 0.931481
0 0.589063 0.937963 0.590625 0.944444 0.595312 0.947222 0.600521 0.946296 0.602083 0.941667 0.602604 0.933333 0.601562 0.926852 0.598437 0.922222 0.576042 0.974074 0.572396 0.976852 0.570312 0.983333
0 0.570312 0.989815 0.571875 0.996296 0.581771 0.998148 0.583333 0.993519 0.583854 0.985185 0.582292 0.978704 0.579687 0.975000 0.538021 0.965741 0.534375 0.968518 0.532292 0.974074 0.532292 0.981481
0 0.533854 0.987963 0.538542 0.988889 0.543750 0.988889 0.545313 0.985185 0.545833 0.976852 0.544271 0.970370 0.541667 0.965741 0.647917 0.821296 0.644792 0.824074 0.642187 0.829630 0.642187 0.837037
0 0.643750 0.843518 0.648438 0.845370 0.653646 0.845370 0.655208 0.840741 0.655729 0.832407 0.654688 0.825926 0.651563 0.821296 0.667188 0.727778 0.663542 0.729630 0.661458 0.736111 0.661458 0.743519
0 0.663021 0.749074 0.667708 0.750926 0.672917 0.750926 0.674479 0.746296 0.675000 0.738889 0.673437 0.732407 0.670833 0.727778 0.646875 0.866667 0.643229 0.869444 0.641146 0.875926 0.641146 0.882407
0 0.642708 0.888889 0.647396 0.892593 0.652604 0.890741 0.654167 0.886111 0.654167 0.877778 0.653125 0.871296 0.650521 0.866667 0.682292 0.910185 0.679167 0.912963 0.677083 0.918519 0.676562 0.925926
0 0.678646 0.932407 0.683333 0.936111 0.688542 0.934259 0.690104 0.929630 0.690104 0.921296 0.689062 0.914815 0.685938 0.910185 0.700521 0.902778 0.697396 0.905556 0.694792 0.911111 0.694792 0.918519
0 0.696354 0.925000 0.701563 0.927778 0.706250 0.925926 0.707812 0.922222 0.708333 0.913889 0.706771 0.907407 0.704167 0.902778 0.720312 0.784259 0.717188 0.787037 0.715104 0.792593 0.714583 0.800000
0 0.716146 0.806481 0.721354 0.809259 0.726042 0.807407 0.727604 0.803704 0.728125 0.795370 0.727083 0.788889 0.723958 0.784259 0.679688 0.770370 0.676562 0.773148 0.673958 0.779630 0.673958 0.786111
0 0.675521 0.792593 0.680729 0.796296 0.685417 0.794444 0.686979 0.789815 0.687500 0.781482 0.686458 0.775000 0.683333 0.770370 0.717188 0.754630 0.713542 0.757407 0.711458 0.762963 0.711458 0.770370
0 0.713021 0.776852 0.717708 0.780556 0.722917 0.778704 0.724479 0.774074 0.725000 0.765741 0.723437 0.759259 0.720833 0.754630 0.779167 0.917593 0.775521 0.920370 0.773438 0.926852 0.773438 0.933333
0 0.775000 0.939815 0.779688 0.943519 0.784896 0.941667 0.786458 0.937037 0.786979 0.928704 0.785417 0.922222 0.782812 0.917593 0.742188 0.888889 0.739062 0.890741 0.736979 0.897222 0.736458 0.903704
0 0.738021 0.910185 0.743229 0.913889 0.747917 0.912037 0.750000 0.907407 0.750000 0.900000 0.748958 0.892593 0.745833 0.888889 0.897917 0.856481 0.894792 0.859259 0.892708 0.864815 0.892187 0.872222
0 0.894271 0.878704 0.898958 0.881481 0.904167 0.880556 0.905729 0.875926 0.905729 0.867593 0.904688 0.861111 0.901563 0.856481 0.899479 0.790741 0.896354 0.793519 0.894271 0.799074 0.893750 0.806481
0 0.895833 0.812963 0.900521 0.815741 0.905729 0.814815 0.907292 0.810185 0.907292 0.801852 0.906250 0.795370 0.903646 0.790741 0.936979 0.854630 0.933333 0.857407 0.931250 0.862963 0.931250 0.870370
0 0.932813 0.876852 0.937500 0.880556 0.942708 0.878704 0.944271 0.874074 0.944792 0.865741 0.943229 0.859259 0.940625 0.854630 0.933333 0.935185 0.930208 0.937963 0.928125 0.943519 0.927604 0.950926
0 0.929688 0.957407 0.934375 0.961111 0.939583 0.959259 0.941146 0.954630 0.941146 0.946296 0.940104 0.939815 0.937500 0.935185 0.978125 0.772222 0.975000 0.774074 0.972917 0.780556 0.972396 0.787963
0 0.973958 0.793519 0.979167 0.797222 0.983854 0.795370 0.985417 0.790741 0.985937 0.783333 0.984896 0.776852 0.981771 0.772222 0.984896 0.973148 0.981250 0.975926 0.979167 0.981481 0.979167 0.988889
0 0.980729 0.995370 0.990625 0.997222 0.992188 0.992593 0.992188 0.984259 0.991146 0.977778 0.988542 0.973148 0.927604 0.769444 0.924479 0.772222 0.922396 0.777778 0.921875 0.785185 0.923437 0.790741
0 0.928646 0.794444 0.933333 0.792593 0.935417 0.788889 0.935417 0.780556 0.934375 0.774074 0.931250 0.769444 0.957292 0.675926 0.953646 0.677778 0.951563 0.684259 0.951563 0.691667 0.953125 0.697222
0 0.957812 0.700926 0.963021 0.699074 0.964583 0.694444 0.965104 0.687037 0.963542 0.680556 0.960938 0.675926 0.904167 0.589815 0.900521 0.591667 0.898438 0.598148 0.898438 0.605556 0.900000 0.611111
0 0.904688 0.614815 0.909896 0.612963 0.911458 0.608333 0.911979 0.600926 0.910417 0.594444 0.907812 0.589815 0.835938 0.731481 0.832812 0.734259 0.830208 0.739815 0.830208 0.747222 0.831771 0.753704
0 0.836979 0.756481 0.841667 0.755556 0.843229 0.750926 0.843750 0.742593 0.842708 0.736111 0.839583 0.731481 0.992188 0.579630 0.989062 0.582407 0.986979 0.588889 0.986458 0.595370 0.988021 0.601852
0 0.993229 0.604630 0.997917 0.603704 0.999479 0.599074 0.998958 0.584259 0.995833 0.579630 0.970833 0.654630 0.967188 0.657407 0.965104 0.662963 0.965104 0.670370 0.966667 0.676852 0.971354 0.679630
0 0.976562 0.678704 0.978125 0.674074 0.978125 0.665741 0.977083 0.659259 0.974479 0.654630 0.984896 0.699074 0.981771 0.701852 0.979688 0.707407 0.979167 0.714815 0.980729 0.721296 0.985937 0.724074
0 0.990625 0.722222 0.992188 0.718518 0.992188 0.710185 0.991667 0.703704 0.988542 0.699074 0.969271 0.560185 0.965625 0.562037 0.963542 0.568519 0.963542 0.575926 0.965104 0.581481 0.969792 0.585185
0 0.975000 0.583333 0.976042 0.578704 0.976042 0.571296 0.975521 0.564815 0.972917 0.560185 0.760417 0.805556 0.757292 0.808333 0.755208 0.813889 0.754687 0.821296 0.756250 0.827778 0.761458 0.830556
0 0.766146 0.828704 0.767708 0.825000 0.767708 0.816667 0.767187 0.810185 0.764063 0.805556 0.588542 0.801852 0.585417 0.804630 0.582812 0.810185 0.582812 0.817593 0.584375 0.824074 0.589583 0.826852
0 0.594271 0.825000 0.595833 0.821296 0.595833 0.812963 0.595312 0.806481 0.592188 0.801852 0.508854 0.545370 0.505729 0.548148 0.503125 0.554630 0.503125 0.561111 0.504687 0.567593 0.509896 0.570370
0 0.514583 0.569444 0.516146 0.564815 0.516146 0.556481 0.515625 0.550000 0.512500 0.545370 0.470313 0.514815 0.467187 0.517593 0.465104 0.523148 0.464583 0.530556 0.466146 0.535185 0.473958 0.534259
0 0.476562 0.531482 0.477604 0.524074 0.477083 0.518519 0.473958 0.514815 0.636979 0.531482 0.633854 0.534259 0.631771 0.539815 0.631771 0.547222 0.633333 0.553704 0.638021 0.556481
0 0.643229 0.555556 0.644271 0.550926 0.644271 0.542593 0.643750 0.536111 0.641146 0.531482 0.676042 0.472222 0.672396 0.475000 0.670313 0.480556 0.670313 0.487963 0.671875 0.494444 0.676562 0.497222
0 0.681771 0.496296 0.683333 0.491667 0.683333 0.483333 0.682292 0.476852 0.679688 0.472222 0.736979 0.370370 0.732813 0.373148 0.729688 0.380556 0.729167 0.388889 0.731250 0.395370 0.734896 0.400000
0 0.740104 0.400926 0.744792 0.396296 0.746875 0.390741 0.746875 0.381481 0.744271 0.374074 0.741146 0.371296 0.759375 0.295370 0.755208 0.298148 0.752083 0.305556 0.751562 0.313889 0.753646 0.320370 0.757292 0.325000
0 0.762500 0.325926 0.767187 0.321296 0.769271 0.314815 0.769271 0.306481 0.766667 0.299074 0.763542 0.296296 0.780208 0.238889 0.776042 0.240741 0.772917 0.248148 0.772396 0.256481 0.774479 0.263889 0.778125 0.267593
0 0.783333 0.268519 0.788021 0.263889 0.790104 0.258333 0.790104 0.250000 0.787500 0.242593 0.784375 0.238889 0.658854 0.387037 0.654688 0.388889 0.652083 0.396296 0.651563 0.404630 0.653646 0.412037 0.656771 0.415741
0 0.662500 0.416667 0.666667 0.412037 0.669271 0.406481 0.669271 0.398148 0.666667 0.390741 0.663542 0.387037 0.808333 0.380556 0.804167 0.383333 0.801562 0.389815 0.801042 0.398148 0.802604 0.405556 0.806250 0.409259
0 0.811458 0.410185 0.816146 0.405556 0.818229 0.400000 0.818229 0.391667 0.815625 0.384259 0.812500 0.380556 0.813021 0.440741 0.808854 0.443519 0.805729 0.450926 0.805208 0.459259 0.807292 0.465741 0.810938 0.470370
0 0.816146 0.471296 0.820833 0.466667 0.822917 0.460185 0.822917 0.451852 0.820312 0.444444 0.817187 0.441667 0.833333 0.461111 0.829167 0.463889 0.826042 0.471296 0.825521 0.478704 0.827604 0.486111 0.830729 0.490741
0 0.836458 0.490741 0.840625 0.487037 0.843229 0.480556 0.840625 0.464815 0.837500 0.461111 0.832812 0.515741 0.828646 0.518519 0.826042 0.525000 0.825521 0.533333 0.827604 0.540741 0.830729 0.544444 0.836458 0.545370
0 0.840625 0.540741 0.842708 0.535185 0.842708 0.526852 0.840625 0.519444 0.836979 0.515741 0.877083 0.416667 0.872917 0.419444 0.870313 0.425926 0.869792 0.434259 0.871354 0.441667 0.875000 0.445370 0.880729 0.446296
0 0.884896 0.441667 0.886979 0.436111 0.886979 0.427778 0.884896 0.420370 0.881250 0.416667 0.873958 0.316667 0.869792 0.319444 0.866667 0.326852 0.866146 0.335185 0.868229 0.341667 0.871875 0.346296 0.877083 0.347222
0 0.881771 0.342593 0.883854 0.336111 0.883854 0.327778 0.881250 0.320370 0.878125 0.317593 0.909375 0.356481 0.905208 0.358333 0.902083 0.365741 0.902083 0.374074 0.903646 0.381481 0.907292 0.385185 0.912500 0.386111
0 0.917188 0.381481 0.919271 0.375926 0.919271 0.367593 0.916667 0.359259 0.913542 0.356481 0.950000 0.394444 0.945833 0.396296 0.942708 0.403704 0.942708 0.412037 0.944271 0.419444 0.947917 0.423148 0.953125 0.424074
0 0.957812 0.419444 0.959896 0.413889 0.959896 0.405556 0.957292 0.398148 0.954167 0.394444 0.960417 0.424074 0.956250 0.426852 0.953646 0.434259 0.953125 0.441667 0.954687 0.449074 0.958333 0.453704 0.964063 0.453704
0 0.968229 0.450000 0.970312 0.443519 0.970312 0.435185 0.968229 0.427778 0.964583 0.424074 0.967708 0.342593 0.963542 0.344444 0.960417 0.351852 0.959896 0.360185 0.961979 0.367593 0.965104 0.371296 0.970833 0.372222
0 0.975000 0.367593 0.977604 0.362037 0.977604 0.353704 0.975000 0.346296 0.971875 0.342593 0.985937 0.364815 0.981771 0.367593 0.979167 0.375000 0.978646 0.383333 0.980208 0.389815 0.983854 0.394444 0.989583 0.395370
0 0.993750 0.390741 0.995833 0.384259 0.995833 0.375926 0.993750 0.368519 0.990104 0.365741 0.967708 0.486111 0.963542 0.487963 0.960938 0.495370 0.960417 0.503704 0.961979 0.511111 0.965625 0.514815 0.971354 0.515741
0 0.975521 0.511111 0.977604 0.505556 0.977604 0.497222 0.975521 0.489815 0.971875 0.486111 0.848437 0.447222 0.844271 0.449074 0.841667 0.456481 0.841146 0.464815 0.843229 0.472222 0.846354 0.475926 0.852083 0.476852
0 0.856250 0.472222 0.858333 0.466667 0.858333 0.457407 0.856250 0.450000 0.853125 0.447222 0.928646 0.512963 0.924479 0.515741 0.921354 0.523148 0.920833 0.531482 0.922917 0.537963 0.926562 0.542593 0.931771 0.543519
0 0.936458 0.538889 0.938542 0.532407 0.938542 0.524074 0.935938 0.516667 0.932813 0.512963 0.846875 0.358333 0.842708 0.360185 0.839583 0.367593 0.839063 0.375926 0.841146 0.383333 0.844792 0.387037 0.850000 0.387963
0 0.854688 0.383333 0.856771 0.377778 0.856771 0.369444 0.854167 0.362037 0.851042 0.358333 0.850000 0.222222 0.845833 0.224074 0.843229 0.231481 0.842708 0.239815 0.844792 0.247222 0.847917 0.250926 0.853646 0.251852
0 0.857813 0.247222 0.859896 0.241667 0.859896 0.232407 0.857813 0.225000 0.854167 0.222222 0.961458 0.126852 0.957292 0.129630 0.954687 0.137037 0.954167 0.145370 0.955729 0.151852 0.959375 0.156481 0.965104 0.157407
0 0.969271 0.152778 0.971354 0.147222 0.971354 0.137963 0.969271 0.130556 0.965625 0.127778 0.885417 0.013889 0.881250 0.016667 0.878646 0.024074 0.878125 0.032407 0.879687 0.038889 0.883333 0.043519 0.889063 0.044444
0 0.893229 0.039815 0.895312 0.033333 0.895312 0.025000 0.893229 0.017593 0.889583 0.014815 0.711458 0.074074 0.707292 0.076852 0.704687 0.083333 0.704167 0.091667 0.705729 0.099074 0.709375 0.102778 0.715104 0.103704
0 0.719271 0.099074 0.721354 0.093519 0.721354 0.085185 0.719271 0.077778 0.715625 0.074074 0.695833 0.012963 0.691667 0.015741 0.688542 0.022222 0.688021 0.030556 0.690104 0.037963 0.693750 0.041667 0.698958 0.042593
0 0.703646 0.037963 0.705729 0.032407 0.705729 0.024074 0.703125 0.016667 0.700000 0.012963 0.645833 0.251852 0.641667 0.254630 0.639063 0.262037 0.638542 0.270370 0.640104 0.276852 0.643750 0.281481 0.649479 0.282407
0 0.653646 0.277778 0.655729 0.271296 0.655729 0.262963 0.653125 0.255556 0.650000 0.252778 0.642708 0.056481 0.638542 0.058333 0.635417 0.065741 0.634896 0.074074 0.636979 0.080556 0.640625 0.085185 0.645833 0.086111
0 0.650521 0.081481 0.652604 0.075926 0.652604 0.066667 0.650000 0.059259 0.646875 0.056481 0.595833 0.082407 0.591667 0.084259 0.588542 0.091667 0.588021 0.100000 0.590104 0.107407 0.593750 0.111111 0.598958 0.112037
0 0.603646 0.107407 0.605729 0.101852 0.605729 0.093519 0.603125 0.085185 0.600000 0.082407 0.523958 0.332407 0.519792 0.335185 0.517187 0.342593 0.516667 0.350926 0.518229 0.357407 0.521875 0.362037 0.527604 0.362037
0 0.531771 0.358333 0.533854 0.351852 0.533854 0.343519 0.531771 0.336111 0.528125 0.332407 0.467708 0.184259 0.463542 0.186111 0.460417 0.193519 0.459896 0.201852 0.461979 0.209259 0.465625 0.212963 0.470833 0.213889
0 0.475521 0.209259 0.477604 0.203704 0.477604 0.195370 0.475000 0.187037 0.471875 0.184259 0.496354 0.198148 0.492188 0.200000 0.489062 0.207407 0.488542 0.215741 0.490625 0.223148 0.493750 0.226852 0.499479 0.227778
0 0.503646 0.223148 0.506250 0.217593 0.506250 0.208333 0.503646 0.200926 0.500521 0.198148 0.411458 0.155556 0.407292 0.157407 0.404687 0.164815 0.404167 0.173148 0.406250 0.180556 0.409375 0.184259 0.415104 0.185185
0 0.419271 0.180556 0.421875 0.175000 0.421875 0.166667 0.419271 0.159259 0.416146 0.155556 0.340625 0.109259 0.336458 0.112037 0.333854 0.119444 0.333333 0.126852 0.334896 0.134259 0.338542 0.138889 0.344271 0.138889
0 0.348437 0.135185 0.350521 0.128704 0.350521 0.120370 0.348437 0.112963 0.344792 0.109259 0.389062 0.269444 0.384896 0.272222 0.381771 0.279630 0.381250 0.287963 0.383333 0.294444 0.386979 0.299074 0.392188 0.300000
0 0.396875 0.295370 0.398958 0.289815 0.398958 0.280556 0.396354 0.273148 0.393229 0.270370 0.450521 0.323148 0.446354 0.325926 0.443750 0.333333 0.443229 0.340741 0.444792 0.348148 0.448438 0.352778 0.454167 0.352778
0 0.458333 0.349074 0.460417 0.342593 0.460417 0.334259 0.458333 0.326852 0.454688 0.323148 0.375000 0.116667 0.370833 0.118519 0.368229 0.125926 0.367708 0.134259 0.369792 0.140741 0.372917 0.145370 0.378646 0.146296
0 0.382812 0.141667 0.385417 0.136111 0.385417 0.126852 0.382812 0.119444 0.379687 0.116667 0.469792 0.412037 0.465625 0.414815 0.463021 0.421296 0.462500 0.429630 0.464063 0.437037 0.467708 0.440741 0.472917 0.441667
0 0.477604 0.437037 0.479688 0.431481 0.479688 0.423148 0.477083 0.415741 0.473958 0.412037 0.326562 0.342593 0.322396 0.345370 0.319792 0.352778 0.319271 0.361111 0.320833 0.367593 0.324479 0.372222 0.330208 0.372222
0 0.334375 0.368519 0.336458 0.362037 0.336458 0.353704 0.334375 0.346296 0.330729 0.342593 0.339063 0.384259 0.334896 0.386111 0.331771 0.393519 0.331250 0.401852 0.333333 0.409259 0.336979 0.412963 0.342187 0.413889
0 0.346875 0.409259 0.348958 0.403704 0.348958 0.394444 0.346354 0.387037 0.343229 0.384259 0.387500 0.475926 0.383333 0.477778 0.380208 0.485185 0.379687 0.493519 0.381771 0.500926 0.385417 0.504630 0.390625 0.505556
0 0.395312 0.500926 0.397396 0.495370 0.397396 0.487037 0.394792 0.478704 0.391667 0.475926 0.379687 0.538889 0.375521 0.540741 0.372396 0.548148 0.371875 0.556481 0.373958 0.563889 0.377604 0.567593 0.382812 0.568519
0 0.387500 0.563889 0.389583 0.558333 0.389583 0.550000 0.386979 0.541667 0.383854 0.538889 0.354688 0.548148 0.350521 0.550926 0.347396 0.558333 0.346875 0.566667 0.348958 0.573148 0.352604 0.577778 0.357812 0.578704
0 0.362500 0.574074 0.364583 0.567593 0.364583 0.559259 0.361979 0.551852 0.358854 0.549074 0.395312 0.580556 0.391146 0.582407 0.388542 0.589815 0.388021 0.598148 0.389583 0.605556 0.393229 0.609259 0.398958 0.610185
0 0.403125 0.605556 0.405208 0.600000 0.405208 0.591667 0.403125 0.584259 0.399479 0.580556 0.403125 0.614815 0.398958 0.616667 0.396354 0.624074 0.395833 0.632407 0.397396 0.639815 0.401042 0.643519 0.406771 0.644444
0 0.410937 0.639815 0.413021 0.634259 0.413021 0.625926 0.410937 0.617593 0.407292 0.614815 0.356771 0.587963 0.352604 0.589815 0.349479 0.597222 0.348958 0.605556 0.351042 0.612037 0.354688 0.616667 0.359896 0.617593
0 0.364583 0.612963 0.366667 0.607407 0.366667 0.598148 0.364062 0.590741 0.360938 0.587963 0.324479 0.623148 0.320312 0.625926 0.317708 0.633333 0.317187 0.641667 0.318750 0.648148 0.322396 0.652778 0.328125 0.653704
0 0.332292 0.649074 0.334375 0.642593 0.334375 0.634259 0.332292 0.626852 0.328646 0.623148 0.492188 0.670370 0.488021 0.673148 0.485417 0.679630 0.484896 0.687963 0.486458 0.695370 0.490104 0.699074 0.495833 0.700000
0 0.500000 0.695370 0.502083 0.689815 0.502083 0.681481 0.499479 0.674074 0.496354 0.670370 0.474479 0.486111 0.470313 0.487963 0.467187 0.495370 0.466667 0.503704 0.468750 0.511111 0.472396 0.514815 0.477604 0.515741
0 0.482292 0.511111 0.484375 0.505556 0.484375 0.497222 0.481771 0.489815 0.478646 0.486111 0.563542 0.459259 0.559375 0.462037 0.556250 0.469444 0.555729 0.477778 0.557813 0.484259 0.561458 0.488889 0.566667 0.489815
0 0.571354 0.485185 0.573438 0.479630 0.573438 0.470370 0.570833 0.462963 0.567708 0.460185 0.607813 0.473148 0.603646 0.475000 0.601042 0.482407 0.600521 0.490741 0.602083 0.497222 0.605729 0.501852 0.611458 0.502778
0 0.615625 0.498148 0.617708 0.492593 0.617708 0.483333 0.615625 0.475926 0.611979 0.473148 0.582812 0.402778 0.578646 0.404630 0.576042 0.412037 0.575521 0.420370 0.577604 0.426852 0.580729 0.431481 0.586458 0.432407
0 0.590625 0.427778 0.592708 0.422222 0.593229 0.412963 0.590625 0.405556 0.587500 0.402778 0.693229 0.556481 0.689062 0.558333 0.685938 0.565741 0.685938 0.574074 0.687500 0.581481 0.691146 0.585185 0.696354 0.586111
0 0.701042 0.581481 0.703125 0.575926 0.703125 0.567593 0.700521 0.559259 0.697396 0.556481 0.733333 0.632407 0.729167 0.635185 0.726562 0.641667 0.726042 0.650000 0.727604 0.657407 0.731250 0.661111 0.736979 0.662037
0 0.741146 0.657407 0.743229 0.651852 0.743229 0.643519 0.741146 0.636111 0.737500 0.632407 0.750521 0.544444 0.746354 0.547222 0.743750 0.554630 0.743229 0.562963 0.745313 0.569444 0.748438 0.574074 0.754167 0.575000
0 0.758333 0.570370 0.760417 0.563889 0.760417 0.555556 0.758333 0.548148 0.755208 0.545370 0.614583 0.324074 0.610417 0.325926 0.607813 0.333333 0.607292 0.341667 0.608854 0.349074 0.612500 0.352778 0.618229 0.353704
0 0.622396 0.349074 0.624479 0.343519 0.624479 0.335185 0.622396 0.326852 0.618750 0.324074 0.620313 0.484259 0.616146 0.487037 0.613021 0.493519 0.613021 0.501852 0.614583 0.509259 0.618229 0.512963 0.623438 0.513889
0 0.628125 0.509259 0.630208 0.503704 0.630208 0.495370 0.627604 0.487963 0.624479 0.484259 0.867188 0.610185 0.863021 0.612037 0.860417 0.619444 0.859896 0.627778 0.861458 0.635185 0.865104 0.638889 0.870833 0.639815
0 0.875000 0.635185 0.877083 0.629630 0.877083 0.621296 0.875000 0.612963 0.871354 0.610185 0.892187 0.612963 0.888021 0.615741 0.884896 0.622222 0.884896 0.630556 0.886458 0.637963 0.890104 0.641667 0.895312 0.642593
0 0.900000 0.637963 0.902083 0.632407 0.902083 0.624074 0.899479 0.616667 0.896354 0.612963 0.924479 0.643519 0.920313 0.646296 0.917188 0.653704 0.916667 0.662037 0.918750 0.668519 0.922396 0.673148 0.927604 0.674074
0 0.932292 0.669444 0.934375 0.663889 0.934375 0.654630 0.931771 0.647222 0.928646 0.644444 0.923958 0.588889 0.919792 0.591667 0.916667 0.599074 0.916146 0.607407 0.918229 0.613889 0.921875 0.618519 0.927083 0.619444
0 0.931771 0.614815 0.933854 0.609259 0.933854 0.600000 0.931250 0.592593 0.928125 0.589815 0.947396 0.608333 0.943229 0.611111 0.940104 0.618519 0.940104 0.625926 0.941667 0.633333 0.945312 0.637963 0.950521 0.637963
0 0.955208 0.634259 0.957292 0.627778 0.957292 0.619444 0.954687 0.612037 0.951563 0.608333 0.990104 0.615741 0.985937 0.618519 0.983333 0.625926 0.982813 0.634259 0.984375 0.640741 0.988021 0.645370 0.993229 0.646296
0 0.997917 0.641667 0.997396 0.619444 0.994271 0.615741 0.923958 0.712963 0.919792 0.715741 0.916667 0.723148 0.916667 0.731481 0.918229 0.737963 0.921875 0.742593 0.927083 0.742593 0.931771 0.738889 0.933333 0.732407
0 0.933333 0.724074 0.931250 0.716667 0.928125 0.712963 0.803125 0.730556 0.798958 0.732407 0.796354 0.739815 0.795833 0.748148 0.797396 0.755556 0.801042 0.759259 0.806250 0.760185 0.810938 0.755556 0.812500 0.750000
0 0.812500 0.741667 0.810417 0.733333 0.807292 0.730556 0.834896 0.696296 0.830729 0.699074 0.828125 0.706481 0.827604 0.714815 0.829167 0.721296 0.832812 0.725926 0.838542 0.726852 0.842708 0.722222 0.844271 0.715741
0 0.844271 0.707407 0.842708 0.700000 0.839063 0.697222 0.815104 0.664815 0.810938 0.666667 0.807813 0.674074 0.807292 0.682407 0.809375 0.689815 0.812500 0.693519 0.818229 0.694444 0.822396 0.689815 0.824479 0.684259
0 0.824479 0.675926 0.822396 0.668519 0.819271 0.664815 0.753646 0.437963 0.749479 0.439815 0.746354 0.447222 0.745833 0.455556 0.747917 0.462037 0.751562 0.466667 0.756771 0.467593 0.761458 0.462963 0.763021 0.457407
0 0.763021 0.448148 0.760938 0.440741 0.757812 0.437963 0.884896 0.688889 0.880729 0.690741 0.877604 0.698148 0.877083 0.706481 0.879167 0.712963 0.882292 0.717593 0.888021 0.718518 0.892187 0.713889 0.894271 0.708333
0 0.894271 0.699074 0.892187 0.691667 0.889063 0.688889 0.807813 0.906482 0.803646 0.908333 0.800521 0.915741 0.800000 0.924074 0.802083 0.931481 0.805729 0.935185 0.810938 0.936111 0.815625 0.931481 0.817187 0.925926
0 0.817187 0.916667 0.815104 0.909259 0.811979 0.906482 0.884375 0.937963 0.880208 0.940741 0.877083 0.948148 0.876562 0.955556 0.878646 0.962963 0.882292 0.967593 0.887500 0.967593 0.892187 0.963889 0.893750 0.957407
0 0.893750 0.949074 0.891667 0.941667 0.888542 0.937963 0.778125 0.835185 0.773958 0.837037 0.771354 0.844444 0.770833 0.852778 0.772396 0.860185 0.776042 0.863889 0.781250 0.864815 0.785937 0.860185 0.787500 0.854630
0 0.787500 0.846296 0.785417 0.837963 0.782292 0.835185 0.961458 0.938889 0.958333 0.941667 0.956250 0.947222 0.956250 0.954630 0.957812 0.961111 0.962500 0.963889 0.967708 0.962963 0.969271 0.958333 0.969271 0.950000
0 0.968229 0.943519 0.965625 0.938889 0.965625 0.875000 0.962500 0.877778 0.959896 0.883333 0.959896 0.890741 0.961458 0.897222 0.966667 0.900000 0.971354 0.899074 0.972917 0.894444 0.973437 0.886111
0 0.971875 0.879630 0.969271 0.875000 0.760417 0.932407 0.756771 0.935185 0.754687 0.940741 0.754687 0.948148 0.756250 0.954630 0.760938 0.957407 0.766146 0.955556 0.767708 0.951852 0.768229 0.943519
0 0.766667 0.937037 0.764063 0.932407 0.979688 0.860185 0.976562 0.862963 0.973958 0.868519 0.973958 0.875926 0.975521 0.882407 0.980729 0.885185 0.985417 0.883333 0.986979 0.879630 0.987500 0.871296
0 0.986458 0.864815 0.983333 0.860185 0.984375 0.921296 0.981250 0.924074 0.978646 0.929630 0.978646 0.937037 0.980208 0.943519 0.985417 0.946296 0.990104 0.944444 0.991667 0.940741 0.992188 0.932407
0 0.990625 0.925926 0.988021 0.921296 0.866146 0.682407 0.863021 0.684259 0.860937 0.690741 0.860417 0.698148 0.861979 0.703704 0.867188 0.707407 0.871875 0.705556 0.873438 0.700926 0.873958 0.693519
0 0.872917 0.687037 0.869792 0.682407 0.928125 0.891667 0.923958 0.894444 0.921354 0.900926 0.920833 0.909259 0.922396 0.916667 0.926042 0.920370 0.931771 0.921296 0.935938 0.916667 0.937500 0.911111
0 0.937500 0.902778 0.935938 0.895370 0.932292 0.891667 0.742188 0.788889 0.738021 0.791667 0.734896 0.798148 0.734896 0.806481 0.736458 0.813889 0.740104 0.817593 0.745313 0.818519 0.750000 0.813889 0.751562 0.808333
0 0.751562 0.800000 0.749479 0.792593 0.746354 0.788889 0.711979 0.873148 0.707812 0.875000 0.705208 0.882407 0.704687 0.890741 0.706250 0.897222 0.709896 0.901852 0.715104 0.902778 0.719792 0.898148 0.721354 0.892593
0 0.721354 0.883333 0.719271 0.875926 0.716146 0.873148 0.745313 0.750000 0.741146 0.752778 0.738542 0.760185 0.738021 0.768519 0.739583 0.775000 0.743229 0.779630 0.748958 0.780556 0.753125 0.775926 0.754687 0.769444
0 0.754687 0.761111 0.753125 0.753704 0.749479 0.750926 0.664062 0.800000 0.659896 0.801852 0.656771 0.809259 0.656250 0.817593 0.658333 0.825000 0.661458 0.828704 0.667188 0.829630 0.671354 0.825000 0.673437 0.819444
0 0.673437 0.811111 0.671354 0.802778 0.668229 0.800000 0.584896 0.884259 0.580729 0.887037 0.577604 0.894444 0.577083 0.902778 0.579167 0.909259 0.582812 0.913889 0.588021 0.914815 0.592708 0.910185 0.594271 0.903704
0 0.594271 0.895370 0.592188 0.887963 0.589063 0.885185 0.754167 0.684259 0.750000 0.687037 0.746875 0.693519 0.746354 0.701852 0.748438 0.709259 0.752083 0.712963 0.757292 0.713889 0.761979 0.709259 0.763542 0.703704
0 0.763542 0.695370 0.761458 0.687963 0.758333 0.684259 0.646875 0.713889 0.642708 0.715741 0.640104 0.723148 0.639583 0.731481 0.641667 0.738889 0.644792 0.742593 0.650521 0.743519 0.654688 0.738889 0.656771 0.733333
0 0.656771 0.725000 0.654688 0.717593 0.651563 0.713889 0.662500 0.917593 0.658333 0.920370 0.655208 0.927778 0.654688 0.936111 0.656771 0.942593 0.660417 0.947222 0.665625 0.948148 0.670313 0.943519 0.671875 0.937037
0 0.671875 0.928704 0.669792 0.921296 0.666667 0.918519 0.533854 0.896296 0.529688 0.898148 0.526563 0.905556 0.526042 0.913889 0.528125 0.920370 0.531771 0.925000 0.536979 0.925926 0.541667 0.921296 0.543229 0.915741
0 0.543229 0.906482 0.541146 0.899074 0.538021 0.896296 0.500521 0.757407 0.496354 0.759259 0.493750 0.766667 0.493229 0.775000 0.495313 0.781482 0.498437 0.786111 0.504167 0.787037 0.508333 0.782407 0.510417 0.776852
0 0.510417 0.767593 0.508333 0.760185 0.505208 0.757407 0.497396 0.724074 0.493229 0.725926 0.490104 0.733333 0.489583 0.741667 0.491667 0.748148 0.495313 0.752778 0.500521 0.753704 0.505208 0.749074 0.506771 0.743519
0 0.506771 0.734259 0.504687 0.726852 0.501562 0.724074 0.534375 0.737037 0.530208 0.739815 0.527083 0.746296 0.526563 0.754630 0.528646 0.762037 0.532292 0.765741 0.537500 0.766667 0.542188 0.762037 0.543750 0.756481
0 0.543750 0.748148 0.541667 0.740741 0.538542 0.737037 0.682292 0.625926 0.681250 0.642593 0.685417 0.653704 0.691667 0.657407 0.699479 0.656482 0.704167 0.650926 0.706771 0.643519 0.706771 0.630556 0.703646 0.621296
0 0.700000 0.615741 0.693750 0.612963 0.686979 0.617593 0.647396 0.672222 0.646875 0.689815 0.651042 0.700000 0.657292 0.704630 0.664583 0.703704 0.669792 0.698148 0.672396 0.690741 0.672396 0.677778 0.669271 0.668519
0 0.665625 0.662963 0.659375 0.659259 0.652083 0.663889 0.617708 0.673148 0.616667 0.690741 0.620833 0.700926 0.627083 0.705556 0.634896 0.704630 0.639583 0.699074 0.642708 0.691667 0.642708 0.678704 0.639063 0.668519
0 0.635938 0.663889 0.629687 0.660185 0.622396 0.664815 0.619271 0.581481 0.618750 0.599074 0.622917 0.609259 0.629167 0.612963 0.636458 0.612037 0.641667 0.607407 0.644271 0.599074 0.644271 0.587037 0.641146 0.576852
0 0.637500 0.571296 0.631250 0.568519 0.623958 0.573148 0.863021 0.558333 0.862500 0.575926 0.866667 0.586111 0.872917 0.590741 0.880208 0.589815 0.884896 0.584259 0.888021 0.575926 0.888021 0.563889 0.884896 0.553704
0 0.881250 0.549074 0.875000 0.545370 0.867708 0.550000 0.821875 0.907407 0.821354 0.925000 0.825521 0.935185 0.831771 0.939815 0.839063 0.938889 0.844271 0.933333 0.846875 0.925926 0.846875 0.912963 0.843750 0.903704
0 0.840104 0.898148 0.833854 0.894444 0.826563 0.899074 0.528646 0.786111 0.528125 0.803704 0.531771 0.813889 0.538542 0.817593 0.545833 0.816667 0.550521 0.812037 0.553646 0.803704 0.553646 0.791667 0.550521 0.781482
0 0.546875 0.775926 0.540625 0.773148 0.533333 0.777778 0.504687 0.929630 0.503646 0.947222 0.507812 0.958333 0.514063 0.962037 0.521875 0.961111 0.526563 0.955556 0.529688 0.948148 0.529688 0.935185 0.526042 0.925926
0 0.522396 0.920370 0.516667 0.917593 0.509375 0.921296 0.311979 0.673148 0.311458 0.687963 0.314583 0.697222 0.315625 0.698148 0.320833 0.700926 0.328125 0.700000 0.333333 0.694444 0.335938 0.687037 0.335938 0.674074
0 0.332812 0.664815 0.329167 0.659259 0.323438 0.658333 0.317187 0.662037 0.454167 0.737963 0.453646 0.755556 0.457292 0.765741 0.464063 0.770370 0.471354 0.769444 0.476042 0.763889 0.479167 0.756481 0.479167 0.743519 0.476042 0.734259
0 0.472396 0.728704 0.466146 0.725000 0.458854 0.729630 0.434375 0.414815 0.433854 0.432407 0.438021 0.442593 0.444271 0.446296 0.451562 0.446296 0.456771 0.440741 0.459375 0.432407 0.459375 0.420370 0.456250 0.410185
0 0.452604 0.405556 0.446354 0.401852 0.439063 0.406481 0.573958 0.337963 0.572917 0.355556 0.577083 0.366667 0.583333 0.370370 0.591146 0.369444 0.595833 0.363889 0.598437 0.356481 0.598437 0.343519 0.595312 0.334259
0 0.591667 0.328704 0.585417 0.325926 0.578646 0.330556 0.548437 0.379630 0.547917 0.397222 0.552083 0.407407 0.558333 0.412037 0.565625 0.411111 0.570833 0.405556 0.573438 0.398148 0.573438 0.385185 0.570312 0.375926
0 0.566667 0.370370 0.560417 0.366667 0.553125 0.371296 0.539062 0.515741 0.538021 0.533333 0.542188 0.543519 0.548437 0.548148 0.556250 0.547222 0.560938 0.541667 0.564062 0.534259 0.563542 0.521296 0.560417 0.511111
0 0.556771 0.506481 0.550521 0.502778 0.543750 0.507407 0.263542 0.850000 0.263021 0.867593 0.267188 0.877778 0.273438 0.881481 0.280729 0.880556 0.285417 0.875926 0.288542 0.867593 0.288542 0.855556 0.285417 0.845370
0 0.281771 0.839815 0.275521 0.837037 0.268229 0.841667 0.166146 0.900000 0.165104 0.917593 0.169271 0.927778 0.175521 0.931481 0.183333 0.931481 0.188021 0.925926 0.190625 0.917593 0.190625 0.905556 0.187500 0.895370
0 0.183854 0.890741 0.177604 0.887037 0.170833 0.891667 0.086458 0.846296 0.085417 0.863889 0.089583 0.874074 0.095833 0.878704 0.103646 0.877778 0.108333 0.872222 0.111458 0.864815 0.111458 0.851852 0.107813 0.842593
0 0.104167 0.837037 0.098438 0.833333 0.091146 0.837963 0.006771 0.739815 0.006250 0.757407 0.010417 0.767593 0.016667 0.772222 0.023958 0.771296 0.029167 0.765741 0.031771 0.757407 0.031771 0.745370 0.028646 0.735185
0 0.025000 0.730556 0.018750 0.726852 0.011458 0.731481 0.132292 0.326852 0.131771 0.344444 0.135937 0.354630 0.142188 0.359259 0.150000 0.358333 0.154687 0.352778 0.157292 0.345370 0.157292 0.332407 0.154167 0.322222
0 0.150521 0.317593 0.144271 0.313889 0.136979 0.318519 0.180729 0.323148 0.180208 0.340741 0.184375 0.350926 0.190625 0.355556 0.197917 0.354630 0.202604 0.349074 0.205729 0.341667 0.205729 0.328704 0.202604 0.319444
0 0.198958 0.313889 0.192708 0.310185 0.185417 0.314815 0.256771 0.337963 0.256250 0.355556 0.260417 0.365741 0.266667 0.369444 0.273958 0.368519 0.279167 0.363889 0.281771 0.355556 0.281771 0.343519 0.278646 0.333333
0 0.275000 0.327778 0.268750 0.325000 0.261458 0.329630 0.290104 0.325000 0.289583 0.342593 0.293750 0.352778 0.300000 0.357407 0.307292 0.356481 0.312500 0.350926 0.315104 0.343519 0.315104 0.330556 0.311979 0.321296
0 0.308333 0.315741 0.302083 0.312037 0.294792 0.316667 0.337500 0.266667 0.336458 0.284259 0.340625 0.294444 0.346875 0.298148 0.354688 0.298148 0.359375 0.292593 0.362500 0.284259 0.362500 0.272222 0.359375 0.262037
0 0.355729 0.256481 0.349479 0.253704 0.342187 0.258333 0.263542 0.293519 0.262500 0.311111 0.266667 0.321296 0.272917 0.325000 0.280729 0.325000 0.285417 0.319444 0.288542 0.311111 0.288542 0.299074 0.284896 0.288889
0 0.281771 0.283333 0.275521 0.280556 0.268229 0.285185 0.175000 0.035185 0.173958 0.052778 0.178125 0.062963 0.184375 0.066667 0.192188 0.065741 0.196875 0.061111 0.200000 0.052778 0.199479 0.040741 0.196354 0.030556
0 0.192708 0.025000 0.186979 0.022222 0.179688 0.026852 0.232292 0.061111 0.231771 0.078704 0.235938 0.088889 0.242188 0.093519 0.249479 0.092593 0.254687 0.087037 0.257292 0.079630 0.257292 0.066667 0.254167 0.057407
0 0.250521 0.051852 0.244271 0.048148 0.236979 0.052778 0.415104 0.260185 0.414062 0.277778 0.418229 0.287963 0.424479 0.291667 0.432292 0.291667 0.436979 0.286111 0.440104 0.277778 0.440104 0.265741 0.436458 0.255556
0 0.432813 0.250926 0.427083 0.247222 0.419792 0.251852 0.039062 0.159259 0.038021 0.176852 0.042188 0.187037 0.048437 0.191667 0.056250 0.190741 0.060938 0.185185 0.064062 0.177778 0.064062 0.164815 0.060417 0.155556
0 0.057292 0.150000 0.051042 0.146296 0.043750 0.150926 0.021354 0.018519 0.020833 0.036111 0.025000 0.047222 0.031250 0.050926 0.038542 0.050000 0.043750 0.044444 0.046354 0.037037 0.046354 0.024074 0.043229 0.014815
0 0.039583 0.009259 0.033333 0.005556 0.026042 0.010185 0.309375 0.025000 0.308854 0.042593 0.312500 0.052778 0.319271 0.057407 0.326562 0.056481 0.331250 0.050926 0.334375 0.043519 0.334375 0.030556 0.331250 0.021296
0 0.327604 0.015741 0.321354 0.012037 0.314063 0.016667 0.589063 0.242593 0.588021 0.260185 0.592188 0.271296 0.598437 0.275000 0.606250 0.274074 0.610937 0.268519 0.613542 0.261111 0.613542 0.248148 0.610417 0.238889
0 0.606771 0.233333 0.600521 0.230556 0.593750 0.234259 0.536458 0.232407 0.535417 0.250000 0.539583 0.260185 0.545833 0.264815 0.553646 0.263889 0.558333 0.258333 0.561458 0.250926 0.560938 0.237963 0.557813 0.228704
0 0.554167 0.223148 0.548437 0.219444 0.541146 0.224074 0.548958 0.022222 0.548437 0.039815 0.552604 0.050000 0.558854 0.054630 0.566146 0.053704 0.571354 0.048148 0.573958 0.040741 0.573958 0.027778 0.570833 0.018519
0 0.567187 0.012963 0.560938 0.009259 0.553646 0.013889 0.455729 0.024074 0.454688 0.041667 0.458854 0.051852 0.465104 0.056481 0.472917 0.055556 0.477604 0.050000 0.480729 0.042593 0.480729 0.029630 0.477083 0.020370
0 0.473437 0.014815 0.467708 0.011111 0.460417 0.015741 0.719792 0.190741 0.718750 0.208333 0.722917 0.218519 0.729167 0.223148 0.736979 0.222222 0.741667 0.216667 0.744271 0.209259 0.744271 0.196296 0.741146 0.187037
0 0.737500 0.181481 0.731250 0.177778 0.724479 0.182407 0.693750 0.208333 0.693229 0.225926 0.696875 0.236111 0.703646 0.239815 0.710938 0.239815 0.715625 0.234259 0.718750 0.225926 0.718750 0.213889 0.715625 0.203704
0 0.711979 0.199074 0.705729 0.195370 0.698438 0.200000 0.736979 0.079630 0.735937 0.097222 0.740104 0.107407 0.746354 0.111111 0.754167 0.110185 0.758854 0.105556 0.761979 0.097222 0.761979 0.085185 0.758333 0.075000
0 0.754687 0.069444 0.748958 0.066667 0.741667 0.071296 0.875521 0.209259 0.874479 0.226852 0.878646 0.237037 0.884896 0.241667 0.892708 0.240741 0.897396 0.235185 0.900521 0.227778 0.900000 0.214815 0.896875 0.204630
0 0.893229 0.200000 0.886979 0.196296 0.880208 0.200926 0.900521 0.079630 0.900000 0.096296 0.904167 0.107407 0.910417 0.111111 0.918229 0.110185 0.922917 0.104630 0.925521 0.097222 0.925521 0.084259 0.922396 0.075000
0 0.918750 0.069444 0.912500 0.066667 0.905208 0.071296 0.908854 0.032407 0.907812 0.050000 0.911979 0.060185 0.918229 0.063889 0.926042 0.062963 0.930729 0.058333 0.933854 0.050000 0.933854 0.037963 0.930208 0.027778
0 0.927083 0.022222 0.920833 0.019444 0.913542 0.024074 0.760938 0.580556 0.760417 0.598148 0.764583 0.608333 0.770833 0.612037 0.778125 0.611111 0.783333 0.606481 0.785937 0.598148 0.785937 0.586111 0.782812 0.575926
0 0.779167 0.570370 0.772917 0.567593 0.765625 0.572222 0.675000 0.871296 0.673958 0.888889 0.678125 0.899074 0.684375 0.902778 0.692187 0.901852 0.696875 0.897222 0.700000 0.888889 0.700000 0.876852 0.696354 0.866667
0 0.693229 0.861111 0.686979 0.858333 0.679688 0.862963 0.559896 0.627778 0.558854 0.645370 0.563021 0.655556 0.569271 0.659259 0.577083 0.659259 0.581771 0.653704 0.584896 0.645370 0.584375 0.633333 0.581250 0.623148
0 0.577604 0.618519 0.571354 0.614815 0.564583 0.619444 0.575521 0.487963 0.574479 0.506481 0.578646 0.516667 0.584896 0.520370 0.592708 0.519444 0.597396 0.513889 0.600521 0.506481 0.600521 0.493519 0.597396 0.484259
0 0.593750 0.478704 0.587500 0.475926 0.580208 0.479630 0.620313 0.450926 0.619792 0.468519 0.623958 0.478704 0.630208 0.482407 0.637500 0.482407 0.642708 0.476852 0.645312 0.468519 0.645312 0.456481 0.642187 0.446296
0 0.638542 0.441667 0.632292 0.437963 0.625000 0.442593 0.067708 0.650000 0.067188 0.667593 0.071354 0.677778 0.077604 0.681481 0.084896 0.680556 0.090104 0.675926 0.092708 0.667593 0.092708 0.655556 0.089583 0.645370
0 0.085938 0.639815 0.079687 0.637037 0.072396 0.641667 0.283333 0.643519 0.282292 0.657407 0.283854 0.671296 0.290104 0.680556 0.297917 0.683333 0.303646 0.682407 0.310417 0.674074 0.313542 0.663889 0.313542 0.650926
0 0.311979 0.640741 0.304688 0.632407 0.297917 0.629630 0.288021 0.635185 0.401563 0.481481 0.400521 0.495370 0.402083 0.509259 0.408333 0.518519 0.416146 0.520370 0.422396 0.519444 0.428646 0.511111 0.431771 0.500926 0.431771 0.488889
0 0.430208 0.478704 0.422917 0.470370 0.416146 0.467593 0.406250 0.472222 0.423958 0.110185 0.420312 0.112963 0.418229 0.118519 0.418229 0.125926 0.419792 0.131481 0.424479 0.135185 0.429688 0.133333 0.431250 0.128704 0.431250 0.121296
0 0.430208 0.114815 0.427604 0.110185 0.382292 0.072222 0.378125 0.074074 0.375521 0.081481 0.375000 0.089815 0.377083 0.096296 0.380208 0.100926 0.385938 0.101852 0.390104 0.097222 0.392188 0.091667
0 0.392188 0.082407 0.390104 0.075000 0.386458 0.072222 0.241667 0.134259 0.241667 0.143519 0.242708 0.150000 0.244792 0.154630 0.248958 0.157407 0.255729 0.156481 0.258854 0.150926 0.260417 0.142593 0.259896 0.134259
0 0.258333 0.127778 0.254687 0.123148 0.250521 0.123148 0.244792 0.126852 0.193229 0.189815 0.193229 0.199074 0.194792 0.205556 0.196875 0.210185 0.201042 0.212037 0.207292 0.211111 0.210938 0.206481 0.211979 0.198148 0.211979 0.189815
0 0.209896 0.183333 0.206771 0.178704 0.202083 0.177778 0.196354 0.182407 0.241146 0.206481 0.241146 0.215741 0.242188 0.222222 0.244271 0.226852 0.248437 0.228704 0.255208 0.228704 0.258333 0.223148 0.259896 0.214815 0.259375 0.206481
0 0.257812 0.200000 0.254167 0.195370 0.250000 0.194444 0.244271 0.199074 0.212500 0.279630 0.212500 0.287963 0.213542 0.295370 0.215625 0.300000 0.219792 0.301852 0.226562 0.300926 0.229687 0.296296 0.231250 0.287037 0.230729 0.279630
0 0.229167 0.272222 0.225521 0.268519 0.221354 0.267593 0.215625 0.271296 0.176563 0.269444 0.176563 0.278704 0.177604 0.285185 0.179688 0.289815 0.183854 0.291667 0.190625 0.290741 0.193750 0.286111 0.195312 0.277778 0.194792 0.269444
0 0.192708 0.262037 0.189583 0.258333 0.184896 0.257407 0.179688 0.262037 0.211458 0.095370 0.211458 0.104630 0.212500 0.111111 0.214583 0.115741 0.218750 0.118519 0.225521 0.117593 0.228646 0.112037 0.230208 0.103704 0.229687 0.095370
0 0.228125 0.088889 0.224479 0.084259 0.220313 0.083333 0.214583 0.087963 0.160417 0.073148 0.160417 0.082407 0.161458 0.088889 0.163542 0.093519 0.167708 0.095370 0.174479 0.094444 0.177604 0.089815 0.179167 0.081481 0.178646 0.073148
0 0.177083 0.065741 0.173438 0.062037 0.169271 0.061111 0.163542 0.064815 0.135937 0.188889 0.135937 0.198148 0.136979 0.204630 0.139062 0.209259 0.143229 0.211111 0.150000 0.211111 0.153125 0.205556 0.154687 0.197222 0.154167 0.188889
0 0.152604 0.182407 0.148958 0.177778 0.144271 0.176852 0.139062 0.181481 0.077083 0.092593 0.076563 0.100926 0.078125 0.108333 0.080208 0.112963 0.084375 0.114815 0.091146 0.113889 0.094271 0.109259 0.095833 0.100000 0.095312 0.092593
0 0.093229 0.085185 0.090104 0.081481 0.085417 0.080556 0.080208 0.084259 0.118229 0.107407 0.118229 0.116667 0.119271 0.123148 0.121354 0.127778 0.125521 0.129630 0.132292 0.129630 0.135417 0.124074 0.136979 0.115741 0.136458 0.107407
0 0.134375 0.100926 0.131250 0.096296 0.126563 0.095370 0.121354 0.100000 0.072917 0.198148 0.072917 0.207407 0.074479 0.213889 0.076042 0.218519 0.080729 0.221296 0.086979 0.220370 0.090104 0.214815 0.091667 0.206481 0.091146 0.198148
0 0.089583 0.191667 0.085938 0.187037 0.081771 0.187037 0.076042 0.190741 0.059375 0.112037 0.059375 0.121296 0.060417 0.127778 0.062500 0.132407 0.066667 0.134259 0.073437 0.134259 0.076563 0.128704 0.078125 0.120370 0.077604 0.112037
0 0.075521 0.105556 0.072396 0.100926 0.067708 0.100000 0.062500 0.104630 0.222396 0.153704 0.221875 0.162963 0.223438 0.169444 0.225521 0.174074 0.229687 0.176852 0.235938 0.175926 0.239583 0.170370 0.240625 0.162037 0.240625 0.153704
0 0.238542 0.147222 0.235417 0.142593 0.230729 0.142593 0.225521 0.146296 0.184375 0.375000 0.184375 0.384259 0.185417 0.390741 0.187500 0.395370 0.191667 0.398148 0.198437 0.397222 0.201562 0.391667 0.203125 0.383333 0.202604 0.375000
0 0.200521 0.368519 0.197396 0.363889 0.192708 0.363889 0.187500 0.367593 0.042188 0.075000 0.042188 0.084259 0.043229 0.090741 0.045313 0.095370 0.049479 0.097222 0.056250 0.097222 0.059375 0.091667 0.060938 0.083333 0.060417 0.075000
0 0.058854 0.068519 0.055208 0.063889 0.051042 0.062963 0.045313 0.067593 0.114583 0.012037 0.114583 0.021296 0.116146 0.027778 0.118229 0.032407 0.122396 0.034259 0.128646 0.033333 0.132292 0.028704 0.133333 0.020370 0.133333 0.012037
0 0.131250 0.005556 0.128125 0.000926 0.123438 0.000000 0.117708 0.004630 0.074479 0.415741 0.073958 0.425000 0.075521 0.431481 0.077604 0.436111 0.081771 0.437963 0.088021 0.437037 0.091667 0.432407 0.092708 0.424074 0.092708 0.415741
0 0.090625 0.408333 0.087500 0.404630 0.082813 0.403704 0.077604 0.407407 0.027604 0.412037 0.027083 0.421296 0.028646 0.427778 0.030729 0.432407 0.034896 0.434259 0.041667 0.433333 0.044792 0.428704 0.046354 0.420370 0.045833 0.412037
0 0.043750 0.404630 0.040625 0.400926 0.035937 0.400000 0.030729 0.404630 0.160938 0.398148 0.160417 0.407407 0.161979 0.413889 0.164062 0.418519 0.168229 0.421296 0.175000 0.420370 0.178125 0.414815 0.179688 0.406481 0.179167 0.398148
0 0.177083 0.391667 0.173958 0.387037 0.169271 0.387037 0.164062 0.390741 0.140625 0.418519 0.140625 0.427778 0.141667 0.434259 0.143750 0.438889 0.147917 0.440741 0.154687 0.440741 0.157813 0.435185 0.159375 0.426852 0.158854 0.418519
0 0.157292 0.412037 0.153646 0.407407 0.149479 0.406481 0.143750 0.411111 0.166146 0.550000 0.166146 0.559259 0.167187 0.565741 0.169271 0.570370 0.173438 0.573148 0.180208 0.572222 0.183333 0.566667 0.184896 0.558333 0.184375 0.550000
0 0.182812 0.543519 0.179167 0.538889 0.175000 0.538889 0.169271 0.542593 0.121875 0.613889 0.121875 0.623148 0.122917 0.629630 0.125000 0.634259 0.129167 0.636111 0.135937 0.635185 0.139062 0.630556 0.140625 0.622222 0.140104 0.613889
0 0.138542 0.606481 0.134896 0.602778 0.130208 0.601852 0.125000 0.605556 0.052604 0.596296 0.052083 0.604630 0.053646 0.612037 0.055729 0.616667 0.059896 0.618519 0.066146 0.617593 0.069792 0.612963 0.071354 0.603704 0.070833 0.596296
0 0.068750 0.588889 0.065625 0.585185 0.060938 0.584259 0.055729 0.587963 0.283854 0.456481 0.283854 0.465741 0.284896 0.472222 0.286979 0.476852 0.291667 0.479630 0.297917 0.478704 0.301042 0.473148 0.302604 0.464815 0.302083 0.456481
0 0.300521 0.450000 0.296875 0.445370 0.292708 0.445370 0.286979 0.449074 0.319271 0.425000 0.318750 0.434259 0.320312 0.440741 0.322396 0.445370 0.326562 0.447222 0.332812 0.446296 0.336458 0.441667 0.338021 0.433333 0.337500 0.425000
0 0.335417 0.417593 0.332292 0.413889 0.327604 0.412963 0.322396 0.416667 0.213542 0.594444 0.213542 0.603704 0.214583 0.611111 0.216667 0.614815 0.220833 0.617593 0.227604 0.616667 0.230729 0.611111 0.232292 0.602778 0.231771 0.594444
0 0.230208 0.587963 0.226562 0.583333 0.222396 0.583333 0.216667 0.587037 0.298438 0.602778 0.298438 0.612037 0.299479 0.618519 0.301562 0.623148 0.305729 0.625926 0.312500 0.625000 0.315625 0.619444 0.317187 0.611111 0.316667 0.602778
0 0.315104 0.596296 0.311458 0.591667 0.306771 0.591667 0.301562 0.595370 0.206250 0.720370 0.205729 0.729630 0.207292 0.736111 0.209375 0.740741 0.213542 0.742593 0.220313 0.742593 0.223438 0.737037 0.225000 0.728704 0.224479 0.720370
0 0.222396 0.713889 0.219271 0.709259 0.214583 0.708333 0.209375 0.712963 0.241146 0.767593 0.241146 0.776852 0.242188 0.783333 0.244271 0.787963 0.248437 0.790741 0.255208 0.789815 0.258333 0.784259 0.259896 0.775926 0.259375 0.767593
0 0.257812 0.761111 0.254167 0.756481 0.250000 0.756481 0.244271 0.760185 0.291667 0.751852 0.291667 0.761111 0.292708 0.767593 0.294792 0.772222 0.298958 0.775000 0.305729 0.774074 0.308854 0.768519 0.310417 0.760185 0.309896 0.751852
0 0.308333 0.745370 0.304688 0.740741 0.300521 0.739815 0.294792 0.744444 0.384375 0.825000 0.383854 0.834259 0.385417 0.840741 0.387500 0.845370 0.391667 0.848148 0.397917 0.847222 0.401563 0.841667 0.402604 0.833333 0.402604 0.825000
0 0.400521 0.818519 0.397396 0.813889 0.392708 0.813889 0.387500 0.817593 0.375000 0.791667 0.374479 0.800926 0.376042 0.807407 0.378125 0.812037 0.382292 0.813889 0.388542 0.813889 0.392188 0.808333 0.393229 0.800000 0.393229 0.791667
0 0.391146 0.785185 0.388021 0.780556 0.383333 0.779630 0.378125 0.784259 0.450521 0.898148 0.450521 0.907407 0.451562 0.913889 0.453646 0.918519 0.457812 0.920370 0.464583 0.919444 0.467708 0.914815 0.469271 0.906482 0.468750 0.898148
0 0.467187 0.890741 0.463542 0.887037 0.459375 0.886111 0.453646 0.889815 0.426042 0.874074 0.426042 0.883333 0.427083 0.889815 0.429167 0.894444 0.433333 0.896296 0.440104 0.895370 0.443229 0.890741 0.444792 0.882407 0.444271 0.874074
0 0.442708 0.867593 0.439063 0.862963 0.434375 0.862037 0.429167 0.866667 0.406771 0.896296 0.406250 0.905556 0.407813 0.912037 0.409896 0.916667 0.414062 0.918519 0.420312 0.918519 0.423958 0.912963 0.425521 0.904630 0.425000 0.896296
0 0.422917 0.889815 0.419792 0.885185 0.415104 0.884259 0.409896 0.888889 0.385938 0.910185 0.385938 0.919444 0.386979 0.925926 0.389062 0.930556 0.393229 0.933333 0.400000 0.932407 0.403125 0.926852 0.404687 0.918519 0.404167 0.910185
0 0.402604 0.903704 0.398958 0.899074 0.394792 0.898148 0.389062 0.902778 0.367708 0.893519 0.367188 0.902778 0.368750 0.909259 0.370833 0.913889 0.375000 0.916667 0.381250 0.915741 0.384896 0.910185 0.386458 0.901852 0.385938 0.893519
0 0.383854 0.887037 0.380729 0.882407 0.376042 0.882407 0.370833 0.886111 0.421354 0.931481 0.421354 0.940741 0.422396 0.947222 0.424479 0.951852 0.428646 0.953704 0.435417 0.953704 0.438542 0.948148 0.440104 0.939815 0.439583 0.931481
0 0.438021 0.925000 0.434375 0.920370 0.430208 0.919444 0.424479 0.924074 0.315104 0.902778 0.315104 0.912037 0.316146 0.918519 0.318229 0.923148 0.322396 0.925000 0.329167 0.925000 0.332292 0.919444 0.333854 0.911111 0.333333 0.902778
0 0.331771 0.896296 0.328125 0.891667 0.323958 0.890741 0.318229 0.895370 0.206771 0.898148 0.206771 0.907407 0.208333 0.913889 0.209896 0.918519 0.214583 0.920370 0.220833 0.920370 0.223958 0.914815 0.225521 0.906482 0.225000 0.898148
0 0.223438 0.891667 0.219792 0.887037 0.215625 0.886111 0.209896 0.890741 0.244271 0.875926 0.244271 0.885185 0.245312 0.891667 0.247396 0.896296 0.251563 0.899074 0.258333 0.898148 0.261458 0.892593 0.263021 0.884259 0.262500 0.875926
0 0.260417 0.869444 0.257292 0.864815 0.252604 0.864815 0.247396 0.868519 0.188542 0.780556 0.188542 0.789815 0.189583 0.796296 0.191667 0.800926 0.195833 0.802778 0.202604 0.801852 0.205729 0.797222 0.207292 0.788889 0.206771 0.780556
0 0.205208 0.774074 0.201562 0.769444 0.197396 0.768519 0.191667 0.773148 0.137500 0.820370 0.137500 0.829630 0.138542 0.836111 0.140625 0.840741 0.144792 0.842593 0.151562 0.841667 0.154687 0.837037 0.156250 0.828704 0.155729 0.820370
0 0.153646 0.812963 0.150521 0.809259 0.145833 0.808333 0.140625 0.812037 0.133333 0.876852 0.133333 0.886111 0.134375 0.892593 0.136458 0.897222 0.140625 0.899074 0.147396 0.898148 0.150521 0.893519 0.152083 0.885185 0.151562 0.876852
0 0.150000 0.869444 0.146354 0.865741 0.142188 0.864815 0.136458 0.868519 0.113021 0.949074 0.113021 0.958333 0.114583 0.965741 0.116667 0.969444 0.120833 0.972222 0.127083 0.971296 0.130729 0.965741 0.131771 0.957407 0.131771 0.949074
0 0.129688 0.942593 0.126563 0.937963 0.121875 0.937963 0.116146 0.941667 0.081771 0.923148 0.081250 0.932407 0.082813 0.939815 0.084896 0.943519 0.089062 0.946296 0.095833 0.945370 0.098958 0.939815 0.100521 0.931481 0.100000 0.923148
0 0.097917 0.916667 0.094792 0.912037 0.090104 0.912037 0.084896 0.915741 0.042708 0.734259 0.042188 0.743519 0.043750 0.750000 0.045833 0.754630 0.050000 0.757407 0.056771 0.756481 0.059896 0.750926 0.061458 0.742593 0.060938 0.734259
0 0.058854 0.727778 0.055729 0.723148 0.051042 0.723148 0.045833 0.726852 0.067188 0.787963 0.067188 0.797222 0.068229 0.803704 0.070312 0.808333 0.074479 0.811111 0.081250 0.810185 0.084375 0.804630 0.085938 0.796296 0.085417 0.787963
0 0.083854 0.781482 0.080208 0.776852 0.075521 0.776852 0.070312 0.780556 0.091667 0.779630 0.091667 0.787963 0.092708 0.795370 0.094792 0.800000 0.098958 0.801852 0.105729 0.800926 0.108854 0.796296 0.110417 0.787963 0.109896 0.779630
0 0.108333 0.772222 0.104687 0.768519 0.100521 0.767593 0.094792 0.771296 0.012500 0.874074 0.012500 0.883333 0.014062 0.889815 0.016146 0.894444 0.020312 0.897222 0.026563 0.896296 0.030208 0.890741 0.031250 0.882407 0.031250 0.874074
0 0.029167 0.867593 0.026042 0.862963 0.021354 0.862037 0.016146 0.866667 0.183333 0.712963 0.182812 0.722222 0.184375 0.728704 0.186458 0.733333 0.190625 0.736111 0.196875 0.735185 0.200521 0.729630 0.202083 0.721296 0.201562 0.712963
0 0.199479 0.706481 0.196354 0.701852 0.191667 0.701852 0.186458 0.705556 0.234896 0.631481 0.234896 0.640741 0.235938 0.647222 0.238021 0.651852 0.242188 0.654630 0.248958 0.653704 0.252083 0.648148 0.253646 0.639815 0.253125 0.631481
0 0.251563 0.625000 0.247917 0.620370 0.243229 0.620370 0.238021 0.624074 0.054167 0.011111 0.054167 0.020370 0.055208 0.026852 0.057292 0.031481 0.061458 0.033333 0.068229 0.032407 0.071354 0.027778 0.072917 0.019444 0.072396 0.011111
0 0.070833 0.003704 0.067188 0.000000 0.062500 0.000000 0.057292 0.002778 0.617708 0.088889 0.617188 0.098148 0.618750 0.104630 0.620833 0.109259 0.625000 0.111111 0.631250 0.110185 0.634896 0.105556 0.636458 0.097222 0.635938 0.088889
0 0.633854 0.081481 0.630729 0.077778 0.626042 0.076852 0.620833 0.080556 0.164062 0.109259 0.160938 0.112037 0.158333 0.118519 0.158333 0.125000 0.159896 0.131481 0.164583 0.135185 0.169792 0.133333 0.171354 0.128704 0.171875 0.120370
0 0.170312 0.113889 0.167708 0.110185 0.145833 0.062963 0.142188 0.065741 0.140104 0.071296 0.140104 0.078704 0.141667 0.084259 0.146354 0.087963 0.151562 0.086111 0.153125 0.081481 0.153646 0.074074
0 0.152083 0.067593 0.149479 0.062963 0.379167 0.167593 0.378646 0.175926 0.380208 0.183333 0.382292 0.187037 0.386458 0.189815 0.392708 0.188889 0.396354 0.183333 0.397917 0.175000 0.397396 0.166667
0 0.395312 0.160185 0.392188 0.155556 0.387500 0.155556 0.382292 0.159259 0.332812 0.053704 0.329688 0.056481 0.327604 0.062037 0.327083 0.069444 0.329167 0.075926 0.333854 0.078704 0.339063 0.077778 0.340625 0.073148 0.340625 0.064815
0 0.339583 0.058333 0.336458 0.053704 0.546875 0.169444 0.546875 0.178704 0.547917 0.185185 0.550000 0.189815 0.554167 0.191667 0.560938 0.191667 0.564062 0.186111 0.565625 0.177778 0.565104 0.169444
0 0.563542 0.162963 0.559896 0.158333 0.555208 0.157407 0.550000 0.162037 0.520312 0.396296 0.520312 0.405556 0.521354 0.412037 0.523438 0.416667 0.527604 0.419444 0.534375 0.418519 0.537500 0.412963 0.539062 0.404630 0.538542 0.396296
0 0.536979 0.389815 0.533333 0.385185 0.528646 0.385185 0.523438 0.388889 0.486458 0.511111 0.486458 0.520370 0.488021 0.526852 0.490104 0.531482 0.494271 0.534259 0.500521 0.533333 0.504167 0.527778 0.505208 0.519444 0.505208 0.511111
0 0.503125 0.504630 0.500000 0.500000 0.495313 0.500000 0.489583 0.503704 0.461979 0.587963 0.461458 0.597222 0.463021 0.603704 0.465104 0.608333 0.469271 0.610185 0.476042 0.610185 0.479167 0.604630 0.480729 0.596296 0.480208 0.587963
0 0.478125 0.581481 0.475000 0.576852 0.470313 0.575926 0.465104 0.580556 0.425000 0.617593 0.425000 0.626852 0.426042 0.633333 0.428125 0.637963 0.432292 0.639815 0.439063 0.638889 0.442187 0.634259 0.443750 0.625926 0.443229 0.617593
0 0.441667 0.610185 0.438021 0.606481 0.433854 0.605556 0.428125 0.609259 0.447396 0.685185 0.446875 0.694444 0.448438 0.700926 0.450521 0.705556 0.454688 0.708333 0.460938 0.707407 0.464583 0.701852 0.466146 0.693519 0.465625 0.685185
0 0.463542 0.678704 0.460417 0.674074 0.455729 0.674074 0.450521 0.677778 0.461979 0.787037 0.461979 0.796296 0.463021 0.802778 0.465104 0.807407 0.469271 0.809259 0.476042 0.808333 0.479167 0.803704 0.480729 0.795370 0.480208 0.787037
0 0.478646 0.780556 0.475000 0.775926 0.470833 0.775000 0.465104 0.779630 0.381250 0.965741 0.381250 0.975000 0.382292 0.981481 0.384375 0.986111 0.388542 0.987963 0.395312 0.987037 0.398438 0.982407 0.400000 0.974074 0.399479 0.965741
0 0.397917 0.958333 0.394271 0.954630 0.390104 0.953704 0.384375 0.957407 0.330208 0.834259 0.330208 0.843518 0.331250 0.850000 0.333333 0.854630 0.337500 0.856481 0.344271 0.855556 0.347396 0.850926 0.348958 0.842593 0.348437 0.834259
0 0.346354 0.826852 0.343229 0.823148 0.338542 0.822222 0.333333 0.825926 0.419792 0.976852 0.419792 0.986111 0.421354 0.992593 0.422917 0.997222 0.433854 0.998148 0.436979 0.993519 0.438542 0.985185 0.438021 0.976852 0.436458 0.969444
0 0.432813 0.965741 0.428646 0.964815 0.422917 0.968518 0.442708 0.976852 0.442708 0.985185 0.443750 0.992593 0.445833 0.997222 0.450000 0.998148 0.456771 0.998148 0.459896 0.993519 0.461458 0.985185 0.460938 0.976852 0.459375 0.969444
0 0.455729 0.965741 0.451562 0.964815 0.445833 0.968518 0.560417 0.679630 0.560417 0.688889 0.561458 0.695370 0.563542 0.700000 0.567708 0.700926 0.574479 0.700926 0.577604 0.696296 0.579167 0.687963 0.578646 0.679630 0.577083 0.672222
0 0.573438 0.668519 0.569271 0.667593 0.563542 0.671296 0.688542 0.944444 0.688021 0.953704 0.689583 0.960185 0.691667 0.964815 0.695833 0.965741 0.702604 0.965741 0.705729 0.961111 0.707292 0.952778 0.706771 0.944444 0.704687 0.937037
0 0.701563 0.933333 0.696875 0.932407 0.691667 0.937037 0.709896 0.930556 0.709375 0.939815 0.710938 0.946296 0.713021 0.950926 0.717188 0.952778 0.723437 0.952778 0.727083 0.947222 0.728125 0.938889 0.728125 0.930556 0.726042 0.924074
0 0.722917 0.919444 0.718229 0.919444 0.713021 0.923148 0.690625 0.802778 0.690104 0.812037 0.691667 0.818519 0.693750 0.823148 0.697917 0.824074 0.704167 0.824074 0.707812 0.819444 0.709375 0.811111 0.708854 0.802778 0.706771 0.796296
0 0.703646 0.791667 0.698958 0.790741 0.693750 0.795370 0.649479 0.770370 0.649479 0.779630 0.650521 0.786111 0.652604 0.790741 0.656771 0.791667 0.663542 0.791667 0.666667 0.787037 0.668229 0.778704 0.667708 0.770370 0.666146 0.762963
0 0.662500 0.759259 0.657812 0.758333 0.652604 0.762037 0.784375 0.700926 0.783854 0.710185 0.785417 0.716667 0.787500 0.721296 0.791667 0.723148 0.797917 0.723148 0.801562 0.717593 0.803125 0.709259 0.802604 0.700926 0.800521 0.694444
0 0.797396 0.689815 0.792708 0.689815 0.787500 0.693519 0.872917 0.748148 0.872396 0.753704 0.873438 0.759259 0.876042 0.762037 0.878646 0.762963 0.881771 0.762037 0.883854 0.755556 0.883854 0.750000 0.882292 0.745370 0.878646 0.742593
0 0.875521 0.744444 0.766146 0.695370 0.765625 0.700926 0.766667 0.706481 0.769271 0.709259 0.771875 0.711111 0.775000 0.709259 0.777604 0.703704 0.777083 0.697222 0.775521 0.692593 0.771875 0.690741
0 0.768750 0.691667 0.781250 0.621296 0.780729 0.625926 0.781771 0.631481 0.784375 0.635185 0.786979 0.636111 0.790104 0.635185 0.792188 0.628704 0.792188 0.622222 0.790625 0.617593 0.786979 0.615741
0 0.783854 0.617593 0.875521 0.667593 0.875000 0.673148 0.876042 0.678704 0.878646 0.681481 0.881250 0.682407 0.884375 0.681481 0.886458 0.675926 0.886458 0.669444 0.884896 0.664815 0.881250 0.662963
0 0.878125 0.663889 0.883854 0.650926 0.883333 0.655556 0.884375 0.661111 0.886979 0.664815 0.889583 0.665741 0.892708 0.663889 0.894792 0.658333 0.894792 0.651852 0.893229 0.647222 0.889583 0.645370
0 0.886458 0.646296 0.871354 0.644444 0.870833 0.650000 0.871875 0.655556 0.874479 0.658333 0.877083 0.659259 0.880208 0.658333 0.882292 0.652778 0.882292 0.646296 0.880729 0.641667 0.877083 0.639815
0 0.873958 0.640741 0.920833 0.843518 0.920313 0.849074 0.921354 0.854630 0.924479 0.857407 0.926562 0.858333 0.929688 0.857407 0.932292 0.850926 0.931771 0.845370 0.930729 0.840741 0.926562 0.838889
0 0.923437 0.839815 0.914062 0.821296 0.913542 0.825926 0.914583 0.832407 0.917188 0.835185 0.919792 0.836111 0.922917 0.835185 0.925000 0.828704 0.925000 0.822222 0.923437 0.817593 0.919792 0.815741
0 0.916667 0.817593 0.905729 0.944444 0.905208 0.950000 0.906250 0.955556 0.908854 0.958333 0.911458 0.959259 0.914583 0.958333 0.916667 0.952778 0.916667 0.946296 0.915104 0.941667 0.911458 0.939815
0 0.908333 0.940741 0.726042 0.964815 0.725000 0.970370 0.726562 0.975926 0.729167 0.978704 0.731771 0.979630 0.734896 0.978704 0.736979 0.972222 0.736458 0.966667 0.735417 0.962037 0.731771 0.960185
0 0.728646 0.961111 0.666667 0.960185 0.665625 0.965741 0.666667 0.971296 0.669792 0.974074 0.671875 0.975000 0.675000 0.974074 0.677604 0.967593 0.677083 0.962037 0.676042 0.957407 0.671875 0.955556
0 0.668750 0.956481 0.611458 0.939815 0.610417 0.945370 0.611458 0.950926 0.614583 0.953704 0.616667 0.954630 0.619792 0.953704 0.622396 0.947222 0.621875 0.941667 0.620833 0.937037 0.616667 0.935185
0 0.613542 0.936111 0.566667 0.840741 0.566146 0.846296 0.567187 0.851852 0.570312 0.854630 0.572396 0.855556 0.575521 0.854630 0.578125 0.849074 0.577604 0.842593 0.576563 0.837963 0.572396 0.836111
0 0.569271 0.837037 0.548437 0.860185 0.547396 0.865741 0.548437 0.871296 0.551562 0.874074 0.553646 0.875000 0.556771 0.874074 0.559375 0.867593 0.558854 0.862037 0.557813 0.857407 0.553646 0.855556
0 0.550521 0.856481 0.444792 0.938889 0.443750 0.944444 0.444792 0.950000 0.447917 0.952778 0.450000 0.953704 0.453646 0.952778 0.455729 0.946296 0.455208 0.940741 0.454167 0.936111 0.450521 0.933333
0 0.447396 0.935185 0.276042 0.891667 0.275521 0.897222 0.276563 0.902778 0.279167 0.905556 0.281771 0.906482 0.284896 0.905556 0.286979 0.900000 0.286979 0.893519 0.285417 0.888889 0.281771 0.887037
0 0.278646 0.887963 0.289583 0.863889 0.289062 0.869444 0.290104 0.875000 0.292708 0.877778 0.295312 0.878704 0.298438 0.877778 0.300521 0.871296 0.300000 0.865741 0.298958 0.861111 0.295312 0.858333
0 0.292188 0.860185 0.093229 0.955556 0.092188 0.961111 0.093229 0.966667 0.096354 0.969444 0.098438 0.970370 0.102083 0.969444 0.104167 0.963889 0.103646 0.957407 0.102604 0.952778 0.098438 0.950926
0 0.095312 0.951852 0.082292 0.884259 0.081250 0.889815 0.082813 0.895370 0.085417 0.898148 0.088021 0.899074 0.091146 0.898148 0.093229 0.891667 0.092708 0.886111 0.091667 0.881481 0.088021 0.878704
0 0.084896 0.880556 0.109896 0.750000 0.109375 0.755556 0.110417 0.761111 0.113021 0.763889 0.115625 0.764815 0.118750 0.763889 0.120833 0.758333 0.120833 0.751852 0.119271 0.747222 0.115625 0.745370
0 0.112500 0.746296 0.015104 0.665741 0.014583 0.671296 0.015625 0.676852 0.018229 0.679630 0.020833 0.680556 0.023958 0.679630 0.026563 0.673148 0.026042 0.667593 0.024479 0.662963 0.020833 0.661111
0 0.017708 0.662037 0.038021 0.625000 0.037500 0.630556 0.038542 0.636111 0.041146 0.638889 0.043750 0.639815 0.046875 0.638889 0.048958 0.632407 0.048958 0.626852 0.047396 0.622222 0.043750 0.620370
0 0.040625 0.621296 0.257812 0.653704 0.256771 0.659259 0.257812 0.664815 0.260938 0.667593 0.263021 0.668519 0.266667 0.667593 0.268750 0.661111 0.268229 0.655556 0.267188 0.650926 0.263021 0.648148
0 0.260417 0.650000 0.226562 0.562037 0.225521 0.567593 0.226562 0.573148 0.229687 0.575926 0.231771 0.576852 0.234896 0.575926 0.237500 0.569444 0.236979 0.563889 0.235938 0.559259 0.231771 0.557407
0 0.228646 0.558333 0.267188 0.466667 0.266667 0.472222 0.267708 0.477778 0.270312 0.480556 0.272917 0.481481 0.276042 0.480556 0.278646 0.474074 0.278125 0.468519 0.276563 0.463889 0.272917 0.462037
0 0.269792 0.462963 0.380729 0.407407 0.380208 0.412963 0.381250 0.418519 0.383854 0.421296 0.386458 0.422222 0.389583 0.421296 0.392188 0.415741 0.391667 0.409259 0.390625 0.404630 0.386458 0.402778
0 0.383333 0.403704 0.335938 0.325926 0.335417 0.331481 0.336458 0.337037 0.339063 0.339815 0.341667 0.340741 0.344792 0.339815 0.347396 0.334259 0.346875 0.327778 0.345313 0.323148 0.341667 0.321296
0 0.338542 0.322222 0.415104 0.302778 0.414062 0.308333 0.415104 0.313889 0.418229 0.316667 0.420312 0.317593 0.423958 0.316667 0.426042 0.310185 0.425521 0.304630 0.424479 0.300000 0.420312 0.298148
0 0.417708 0.299074 0.435937 0.475926 0.435417 0.480556 0.436458 0.486111 0.439583 0.489815 0.441667 0.490741 0.444792 0.488889 0.447396 0.483333 0.446875 0.476852 0.445833 0.472222 0.441667 0.470370
0 0.438542 0.472222 0.494271 0.452778 0.493229 0.458333 0.494792 0.463889 0.497396 0.466667 0.499479 0.467593 0.503125 0.466667 0.505208 0.461111 0.504687 0.454630 0.503646 0.450000 0.500000 0.448148
0 0.496875 0.449074 0.526563 0.584259 0.526042 0.588889 0.527083 0.594444 0.529688 0.598148 0.532292 0.599074 0.535417 0.597222 0.537500 0.591667 0.537500 0.585185 0.535937 0.580556 0.532292 0.578704
0 0.529167 0.579630 0.400521 0.543519 0.400000 0.552778 0.401563 0.559259 0.403646 0.563889 0.407813 0.565741 0.414062 0.564815 0.417708 0.560185 0.419271 0.551852 0.418750 0.543519 0.416667 0.536111
0 0.413542 0.532407 0.408854 0.531482 0.403646 0.536111 0.563021 0.502778 0.562500 0.508333 0.563542 0.513889 0.566146 0.516667 0.568750 0.517593 0.571875 0.516667 0.574479 0.510185 0.573958 0.504630 0.572396 0.500000 0.568750 0.498148
0 0.565625 0.499074 0.603646 0.518519 0.602604 0.523148 0.603646 0.528704 0.606771 0.532407 0.608854 0.533333 0.612500 0.531482 0.614583 0.525926 0.614062 0.519444 0.613021 0.514815 0.608854 0.512963
0 0.605729 0.514815 0.550000 0.561111 0.551562 0.564815 0.554167 0.565741 0.557292 0.564815 0.558333 0.562037 0.558854 0.557407 0.557813 0.554630 0.556250 0.552778 0.554688 0.550926 0.552083 0.550926
0 0.550000 0.553704 0.549479 0.557407 0.591667 0.726852 0.593229 0.730556 0.595833 0.731481 0.598958 0.731481 0.600000 0.728704 0.600521 0.724074 0.599479 0.720370 0.597917 0.718518 0.596354 0.716667 0.593750 0.716667
0 0.591667 0.719444 0.591146 0.724074 0.666146 0.647222 0.667708 0.650926 0.670313 0.651852 0.673437 0.650926 0.674479 0.648148 0.675000 0.643519 0.673958 0.640741 0.672396 0.637963 0.670833 0.637037 0.668229 0.637037
0 0.665625 0.639815 0.665625 0.643519 0.615625 0.925926 0.617188 0.929630 0.619792 0.930556 0.622917 0.929630 0.623958 0.926852 0.624479 0.923148 0.623438 0.919444 0.621875 0.917593 0.620313 0.915741 0.617708 0.915741
0 0.615625 0.918519 0.615104 0.923148 0.610417 0.873148 0.611979 0.876852 0.614583 0.877778 0.617708 0.876852 0.618750 0.874074 0.619271 0.870370 0.618229 0.866667 0.616667 0.864815 0.615104 0.862963 0.612500 0.862963
0 0.610417 0.865741 0.609896 0.870370 0.743750 0.943519 0.745313 0.947222 0.747917 0.948148 0.750521 0.948148 0.752083 0.945370 0.752083 0.940741 0.751562 0.937037 0.750000 0.935185 0.747917 0.933333 0.745833 0.933333
0 0.743229 0.936111 0.743229 0.940741 0.804167 0.872222 0.806250 0.875926 0.808854 0.876852 0.811458 0.875926 0.813021 0.873148 0.813021 0.869444 0.811979 0.865741 0.810938 0.863889 0.808854 0.862037 0.806771 0.862037
0 0.804167 0.864815 0.804167 0.869444 0.896354 0.939815 0.897917 0.944444 0.900521 0.944444 0.903646 0.944444 0.904688 0.941667 0.905208 0.937037 0.904167 0.934259 0.902604 0.931481 0.901042 0.930556 0.898438 0.930556
0 0.896354 0.932407 0.895833 0.937037 0.939062 0.820370 0.940625 0.824074 0.943229 0.825000 0.945833 0.824074 0.947396 0.821296 0.947917 0.817593 0.946875 0.813889 0.945312 0.812037 0.943229 0.810185 0.941146 0.810185
0 0.938542 0.812963 0.938542 0.817593 0.782812 0.451852 0.784375 0.455556 0.786979 0.456481 0.790104 0.455556 0.791146 0.452778 0.791667 0.449074 0.790625 0.445370 0.789062 0.443519 0.787500 0.441667 0.784896 0.441667
0 0.782812 0.444444 0.782292 0.449074 0.731250 0.295370 0.732813 0.299074 0.735417 0.300000 0.738021 0.300000 0.739583 0.297222 0.739583 0.292593 0.739062 0.288889 0.737500 0.287037 0.735417 0.285185 0.733333 0.285185
0 0.730729 0.287963 0.730729 0.292593 0.754167 0.062037 0.755729 0.065741 0.758333 0.066667 0.761458 0.065741 0.763021 0.062963 0.763021 0.058333 0.761979 0.055556 0.760417 0.053704 0.758854 0.051852 0.756250 0.051852
0 0.754167 0.054630 0.753646 0.058333 0.679167 0.131481 0.680729 0.136111 0.683333 0.137037 0.686458 0.136111 0.687500 0.133333 0.688021 0.128704 0.686979 0.125926 0.685417 0.123148 0.683854 0.122222 0.681250 0.122222
0 0.678646 0.124074 0.678646 0.128704 0.379167 0.230556 0.378125 0.236111 0.379167 0.241667 0.382292 0.244444 0.384375 0.245370 0.388021 0.244444 0.390104 0.238889 0.389583 0.232407 0.388542 0.227778 0.384375 0.225926
0 0.381250 0.226852 0.278125 0.742593 0.275000 0.745370 0.272396 0.750926 0.272396 0.758333 0.273958 0.764815 0.278646 0.768519 0.283854 0.766667 0.285417 0.762037 0.285937 0.753704 0.284896 0.747222
0 0.281771 0.742593 0.339063 0.666667 0.338021 0.672222 0.339063 0.677778 0.342187 0.680556 0.344271 0.681481 0.347917 0.680556 0.350000 0.674074 0.349479 0.668519 0.348437 0.663889 0.344271 0.661111
0 0.341667 0.662963 0.670833 0.535185 0.666667 0.537963 0.664062 0.545370 0.663542 0.553704 0.665625 0.560185 0.668750 0.564815 0.674479 0.565741 0.678646 0.561111 0.681250 0.555556 0.681250 0.546296
0 0.678646 0.538889 0.675521 0.536111 0.743750 0.513889 0.745313 0.517593 0.747917 0.518519 0.750521 0.517593 0.752083 0.514815 0.752083 0.510185 0.751562 0.507407 0.750000 0.504630 0.747917 0.503704 0.745833 0.503704
0 0.743229 0.506481 0.743229 0.510185 0.817187 0.132407 0.813021 0.135185 0.809896 0.141667 0.809375 0.150000 0.811458 0.157407 0.815104 0.161111 0.820312 0.162037 0.825000 0.157407 0.827083 0.151852 0.827083 0.143519
0 0.824479 0.136111 0.821354 0.132407 0.783333 0.049074 0.784896 0.052778 0.787500 0.053704 0.790625 0.052778 0.791667 0.050000 0.792188 0.046296 0.791146 0.042593 0.789583 0.040741 0.788021 0.038889 0.785417 0.038889
0 0.783333 0.041667 0.782812 0.046296 0.670833 0.349074 0.667188 0.351852 0.665104 0.358333 0.665104 0.364815 0.666667 0.371296 0.671354 0.375000 0.676562 0.373148 0.678125 0.368519 0.678646 0.360185 0.677083 0.353704
0 0.674479 0.350000 0.223958 0.968518 0.223958 0.977778 0.225000 0.984259 0.227083 0.988889 0.231250 0.991667 0.238021 0.990741 0.241146 0.985185 0.242708 0.976852 0.242188 0.968518 0.240104 0.962037
