0 0.340104 0.410185 0.343750 0.412037 0.346354 0.416667 0.347917 0.424074 0.347396 0.431481 0.343750 0.437037 0.339063 0.437963 0.336979 0.433333 0.334896 0.425000 0.334896 0.417593 0.336979 0.412037
0 0.361979 0.437037 0.365625 0.437963 0.368229 0.443519 0.369792 0.450926 0.369271 0.458333 0.365625 0.463889 0.360938 0.463889 0.358854 0.460185 0.357292 0.451852 0.357292 0.444444 0.358854 0.437963
0 0.310937 0.468519 0.314063 0.469444 0.317187 0.475000 0.318750 0.482407 0.318229 0.489815 0.314583 0.495370 0.309375 0.495370 0.307292 0.491667 0.305729 0.483333 0.305729 0.475926 0.307292 0.470370
0 0.307292 0.432407 0.310417 0.434259 0.313542 0.439815 0.314583 0.447222 0.314583 0.453704 0.310937 0.459259 0.305729 0.460185 0.303646 0.455556 0.302083 0.447222 0.302083 0.440741 0.303646 0.434259
0 0.399479 0.346296 0.402604 0.347222 0.405729 0.352778 0.407292 0.360185 0.406771 0.367593 0.403125 0.373148 0.398438 0.373148 0.396354 0.369444 0.394271 0.361111 0.394271 0.353704 0.396354 0.348148
0 0.354167 0.544444 0.357292 0.545370 0.360417 0.550926 0.361979 0.558333 0.361458 0.565741 0.357812 0.571296 0.353125 0.571296 0.350521 0.567593 0.348958 0.559259 0.348958 0.551852 0.351042 0.546296
0 0.323438 0.627778 0.327083 0.628704 0.329688 0.634259 0.331250 0.641667 0.330729 0.649074 0.327083 0.654630 0.322396 0.654630 0.320312 0.650926 0.318750 0.642593 0.318750 0.635185 0.320312 0.629630
0 0.382812 0.605556 0.385938 0.607407 0.389062 0.612037 0.390104 0.619444 0.389583 0.626852 0.386458 0.632407 0.381250 0.633333 0.379167 0.628704 0.377604 0.620370 0.377604 0.612963 0.379167 0.607407
0 0.399479 0.464815 0.403125 0.465741 0.406250 0.471296 0.407292 0.478704 0.406771 0.485185 0.403125 0.490741 0.398438 0.491667 0.396354 0.487037 0.394792 0.478704 0.394792 0.472222 0.396354 0.465741
0 0.443229 0.330556 0.446354 0.331481 0.449479 0.337037 0.451042 0.344444 0.450521 0.351852 0.446875 0.357407 0.442187 0.357407 0.440104 0.353704 0.438021 0.345370 0.438021 0.337963 0.440104 0.332407
0 0.320312 0.591667 0.323958 0.592593 0.326562 0.598148 0.328125 0.605556 0.327604 0.612963 0.323958 0.618519 0.319271 0.618519 0.317187 0.614815 0.315625 0.606481 0.315104 0.599074 0.317187 0.593518
0 0.491667 0.325000 0.494792 0.325926 0.497917 0.331481 0.498958 0.338889 0.498437 0.346296 0.495313 0.351852 0.490104 0.351852 0.488021 0.348148 0.486458 0.339815 0.486458 0.332407 0.488021 0.326852
0 0.472396 0.337963 0.476042 0.339815 0.478646 0.345370 0.480208 0.352778 0.479688 0.359259 0.476042 0.364815 0.471354 0.365741 0.469271 0.361111 0.467708 0.352778 0.467708 0.346296 0.469271 0.339815
0 0.488542 0.368519 0.491667 0.369444 0.494792 0.375000 0.495833 0.382407 0.495313 0.389815 0.492188 0.395370 0.486979 0.395370 0.484896 0.391667 0.483333 0.383333 0.483333 0.375926 0.484896 0.370370
0 0.492188 0.432407 0.495833 0.434259 0.498437 0.438889 0.500000 0.446296 0.499479 0.453704 0.495833 0.459259 0.491146 0.459259 0.489062 0.455556 0.486979 0.447222 0.486979 0.439815 0.489062 0.434259
0 0.321354 0.325000 0.324479 0.325926 0.327604 0.331481 0.328646 0.338889 0.328125 0.346296 0.325000 0.351852 0.319792 0.351852 0.317708 0.348148 0.316146 0.339815 0.316146 0.332407 0.317708 0.325926
0 0.335417 0.302778 0.339063 0.303704 0.342187 0.309259 0.343229 0.316667 0.342708 0.324074 0.339583 0.329630 0.334375 0.329630 0.332292 0.325926 0.330729 0.317593 0.330729 0.310185 0.332292 0.304630
0 0.284375 0.463889 0.288021 0.465741 0.290625 0.470370 0.292188 0.477778 0.291667 0.485185 0.288021 0.490741 0.283333 0.491667 0.281250 0.487037 0.279167 0.478704 0.279167 0.471296 0.281250 0.465741
0 0.269792 0.487963 0.273438 0.489815 0.276042 0.495370 0.277604 0.502778 0.277083 0.509259 0.273438 0.514815 0.268750 0.515741 0.266667 0.511111 0.265104 0.502778 0.264583 0.495370 0.266667 0.489815
0 0.258854 0.563889 0.261979 0.564815 0.265104 0.570370 0.266667 0.577778 0.266146 0.585185 0.262500 0.590741 0.257292 0.590741 0.255208 0.587037 0.253646 0.578704 0.253646 0.571296 0.255729 0.565741
0 0.274479 0.699074 0.278125 0.700926 0.280729 0.706481 0.282292 0.713889 0.281771 0.720370 0.278125 0.725926 0.273438 0.726852 0.271354 0.722222 0.269271 0.713889 0.269271 0.706481 0.271354 0.700926
0 0.318229 0.670370 0.321354 0.671296 0.324479 0.676852 0.326042 0.684259 0.325521 0.690741 0.321875 0.697222 0.317187 0.697222 0.314583 0.692593 0.313021 0.685185 0.313021 0.677778 0.315104 0.671296
0 0.284375 0.640741 0.288021 0.641667 0.290625 0.647222 0.292188 0.654630 0.291667 0.662037 0.288021 0.667593 0.283333 0.667593 0.281250 0.663889 0.279687 0.655556 0.279687 0.648148 0.281250 0.642593
0 0.258854 0.636111 0.261979 0.637037 0.265104 0.642593 0.266146 0.650000 0.266146 0.656482 0.262500 0.662037 0.257292 0.662963 0.255208 0.658333 0.253646 0.650000 0.253646 0.643519 0.255208 0.637037
0 0.237500 0.662037 0.240625 0.662963 0.243750 0.668519 0.244792 0.675926 0.244792 0.683333 0.241146 0.688889 0.235938 0.688889 0.233854 0.685185 0.232292 0.676852 0.232292 0.669444 0.233854 0.662963
0 0.152604 0.658333 0.156250 0.660185 0.158854 0.664815 0.160417 0.672222 0.159896 0.679630 0.156250 0.685185 0.151562 0.686111 0.149479 0.681481 0.147917 0.673148 0.147396 0.665741 0.149479 0.660185
0 0.197917 0.691667 0.201042 0.692593 0.204167 0.698148 0.205729 0.705556 0.205208 0.712963 0.201562 0.718518 0.196354 0.718518 0.194271 0.714815 0.192708 0.706481 0.192708 0.699074 0.194792 0.693519
0 0.166146 0.753704 0.169271 0.754630 0.172396 0.760185 0.173958 0.767593 0.173438 0.775000 0.169792 0.780556 0.165104 0.780556 0.162500 0.776852 0.160938 0.768519 0.160938 0.761111 0.163021 0.755556
0 0.131250 0.700926 0.134375 0.701852 0.137500 0.707407 0.139062 0.714815 0.138542 0.722222 0.134896 0.727778 0.129688 0.727778 0.127604 0.724074 0.126042 0.715741 0.126042 0.708333 0.127604 0.701852
0 0.112500 0.700000 0.115625 0.700926 0.118750 0.706481 0.120312 0.713889 0.119792 0.720370 0.116146 0.726852 0.110937 0.726852 0.108854 0.723148 0.107292 0.714815 0.107292 0.707407 0.108854 0.700926
0 0.184375 0.477778 0.187500 0.479630 0.190625 0.485185 0.192188 0.492593 0.191667 0.499074 0.188021 0.504630 0.183333 0.505556 0.180729 0.500926 0.179167 0.492593 0.179167 0.485185 0.181250 0.479630
0 0.153646 0.469444 0.157292 0.470370 0.160417 0.475926 0.161458 0.483333 0.160938 0.489815 0.157292 0.496296 0.152604 0.496296 0.150521 0.491667 0.148958 0.484259 0.148958 0.476852 0.150521 0.470370
0 0.104167 0.483333 0.107813 0.484259 0.110937 0.489815 0.111979 0.497222 0.111458 0.504630 0.107813 0.510185 0.103125 0.510185 0.101042 0.506481 0.099479 0.498148 0.099479 0.490741 0.101042 0.485185
0 0.080208 0.510185 0.083854 0.511111 0.086979 0.516667 0.088021 0.524074 0.087500 0.530556 0.084375 0.537037 0.079167 0.537037 0.077083 0.532407 0.075521 0.524074 0.075521 0.517593 0.077083 0.511111
0 0.106771 0.550000 0.109896 0.551852 0.113021 0.556481 0.114063 0.563889 0.113542 0.571296 0.110417 0.576852 0.105208 0.577778 0.103125 0.573148 0.101562 0.564815 0.101562 0.557407 0.103125 0.551852
0 0.126042 0.495370 0.129688 0.497222 0.132292 0.501852 0.133854 0.509259 0.133333 0.516667 0.129688 0.522222 0.125000 0.523148 0.122917 0.518519 0.120833 0.510185 0.120833 0.502778 0.122917 0.497222
0 0.069271 0.670370 0.072917 0.671296 0.076042 0.676852 0.077083 0.684259 0.076563 0.691667 0.072917 0.697222 0.068229 0.697222 0.066146 0.693519 0.064583 0.685185 0.064583 0.677778 0.066146 0.671296
0 0.105208 0.366667 0.108333 0.368519 0.111458 0.373148 0.113021 0.380556 0.112500 0.387963 0.108854 0.393519 0.104167 0.394444 0.102083 0.389815 0.100000 0.381481 0.100000 0.374074 0.102083 0.368519
0 0.050000 0.397222 0.053125 0.399074 0.056250 0.403704 0.057813 0.411111 0.057292 0.418519 0.053646 0.424074 0.048437 0.424074 0.046354 0.420370 0.044792 0.412037 0.044792 0.404630 0.046354 0.399074
0 0.055208 0.436111 0.058333 0.437037 0.061458 0.442593 0.063021 0.450000 0.062500 0.457407 0.058854 0.462963 0.053646 0.462963 0.051562 0.459259 0.050000 0.450926 0.050000 0.443519 0.051562 0.437963
0 0.067708 0.411111 0.071354 0.412963 0.074479 0.417593 0.075521 0.425000 0.075000 0.432407 0.071354 0.437963 0.066667 0.438889 0.064583 0.434259 0.063021 0.425926 0.063021 0.418519 0.064583 0.412963
0 0.101562 0.285185 0.105208 0.287037 0.107813 0.291667 0.109375 0.299074 0.108854 0.306481 0.105208 0.312037 0.100521 0.312963 0.098438 0.308333 0.096354 0.300000 0.096354 0.292593 0.098438 0.287037
0 0.094271 0.260185 0.097917 0.261111 0.100521 0.266667 0.102083 0.274074 0.101562 0.281481 0.097917 0.287037 0.093229 0.287037 0.091146 0.283333 0.089583 0.275000 0.089062 0.267593 0.091146 0.262037
0 0.123958 0.248148 0.127083 0.249074 0.130208 0.254630 0.131771 0.262037 0.131250 0.269444 0.127604 0.275000 0.122917 0.275000 0.120312 0.271296 0.118750 0.262963 0.118750 0.255556 0.120833 0.250000
0 0.022396 0.314815 0.025521 0.316667 0.028646 0.322222 0.029687 0.329630 0.029167 0.336111 0.026042 0.341667 0.020833 0.342593 0.018750 0.337963 0.017188 0.329630 0.017188 0.323148 0.018750 0.316667
0 0.011979 0.335185 0.015104 0.336111 0.018229 0.341667 0.019271 0.349074 0.018750 0.356481 0.015625 0.362037 0.010417 0.362037 0.008333 0.358333 0.006771 0.350000 0.006771 0.342593 0.008333 0.337037
0 0.033333 0.289815 0.036458 0.291667 0.039583 0.296296 0.041146 0.303704 0.040625 0.311111 0.036979 0.316667 0.031771 0.317593 0.029687 0.312963 0.028125 0.304630 0.028125 0.297222 0.029687 0.291667
0 0.008854 0.241667 0.012500 0.242593 0.015104 0.248148 0.016667 0.255556 0.016146 0.262963 0.012500 0.268519 0.007812 0.268519 0.005729 0.264815 0.004167 0.256481 0.004167 0.249074 0.005729 0.243519
0 0.134896 0.221296 0.138542 0.223148 0.141146 0.227778 0.142708 0.235185 0.142188 0.242593 0.138542 0.248148 0.133854 0.249074 0.131771 0.244444 0.129688 0.236111 0.129688 0.228704 0.131771 0.223148
0 0.140625 0.287963 0.144271 0.289815 0.146875 0.294444 0.148438 0.301852 0.147917 0.309259 0.144271 0.314815 0.139583 0.315741 0.137500 0.311111 0.135417 0.302778 0.135417 0.295370 0.137500 0.289815
0 0.266667 0.398148 0.270312 0.399074 0.272917 0.404630 0.274479 0.412037 0.273958 0.419444 0.270312 0.425000 0.265625 0.425000 0.263542 0.421296 0.261458 0.412963 0.261458 0.405556 0.263542 0.400000
0 0.298438 0.245370 0.301562 0.247222 0.304688 0.251852 0.305729 0.259259 0.305729 0.266667 0.302083 0.272222 0.296875 0.273148 0.294792 0.268519 0.293229 0.260185 0.293229 0.252778 0.294792 0.247222
0 0.279167 0.218519 0.282292 0.219444 0.285417 0.225000 0.286979 0.232407 0.286458 0.239815 0.282813 0.245370 0.278125 0.245370 0.275521 0.241667 0.273958 0.233333 0.273958 0.225926 0.276042 0.220370
0 0.293750 0.300926 0.297396 0.302778 0.300521 0.308333 0.301562 0.315741 0.301042 0.322222 0.297396 0.327778 0.292708 0.328704 0.290625 0.324074 0.289062 0.315741 0.289062 0.309259 0.290625 0.302778
0 0.370833 0.188889 0.374479 0.189815 0.377604 0.195370 0.378646 0.202778 0.378125 0.210185 0.374479 0.215741 0.369792 0.215741 0.367708 0.212037 0.366146 0.203704 0.366146 0.196296 0.367708 0.189815
0 0.401042 0.196296 0.404167 0.198148 0.407292 0.202778 0.408333 0.210185 0.408333 0.217593 0.404687 0.223148 0.399479 0.224074 0.397396 0.219444 0.395833 0.211111 0.395833 0.203704 0.397396 0.198148
0 0.393229 0.164815 0.396354 0.166667 0.399479 0.171296 0.401042 0.178704 0.400521 0.186111 0.396875 0.191667 0.391667 0.191667 0.389583 0.187963 0.388021 0.179630 0.388021 0.172222 0.390104 0.166667
0 0.308854 0.203704 0.312500 0.204630 0.315104 0.210185 0.316667 0.217593 0.316146 0.225000 0.312500 0.230556 0.307813 0.230556 0.305729 0.226852 0.303646 0.218519 0.303646 0.211111 0.305729 0.204630
0 0.286979 0.112963 0.290625 0.113889 0.293229 0.119444 0.294792 0.126852 0.294271 0.134259 0.290625 0.139815 0.285937 0.139815 0.283854 0.136111 0.282292 0.127778 0.281771 0.120370 0.283854 0.113889
0 0.304167 0.121296 0.307813 0.122222 0.310417 0.127778 0.311979 0.135185 0.311458 0.142593 0.307813 0.148148 0.303125 0.148148 0.301042 0.144444 0.298958 0.136111 0.298958 0.128704 0.301042 0.122222
0 0.367708 0.133333 0.370833 0.134259 0.373958 0.139815 0.375000 0.147222 0.374479 0.154630 0.371354 0.160185 0.366146 0.160185 0.364062 0.156481 0.362500 0.148148 0.362500 0.140741 0.364062 0.134259
0 0.427083 0.105556 0.430729 0.107407 0.433333 0.112037 0.434896 0.119444 0.434375 0.126852 0.430729 0.132407 0.426042 0.133333 0.423958 0.128704 0.422396 0.120370 0.422396 0.112963 0.423958 0.107407
0 0.420312 0.380556 0.423438 0.382407 0.426562 0.387037 0.428125 0.394444 0.427604 0.401852 0.423958 0.407407 0.419271 0.408333 0.416667 0.403704 0.415104 0.395370 0.415104 0.387963 0.417188 0.382407
0 0.434375 0.360185 0.437500 0.362037 0.440625 0.367593 0.441667 0.375000 0.441146 0.381481 0.438021 0.387037 0.432813 0.387963 0.430729 0.383333 0.429167 0.375000 0.429167 0.367593 0.430729 0.362037
0 0.516146 0.276852 0.519792 0.277778 0.522396 0.283333 0.523958 0.290741 0.523438 0.298148 0.519792 0.303704 0.515104 0.303704 0.513021 0.300000 0.510938 0.291667 0.510938 0.284259 0.513021 0.277778
0 0.522396 0.410185 0.526042 0.411111 0.528646 0.416667 0.530208 0.424074 0.529688 0.431481 0.526042 0.437037 0.521354 0.437037 0.519271 0.433333 0.517187 0.425000 0.517187 0.417593 0.519271 0.411111
0 0.480729 0.409259 0.484375 0.410185 0.486979 0.415741 0.488542 0.423148 0.488021 0.430556 0.484375 0.436111 0.479688 0.436111 0.477604 0.432407 0.476042 0.424074 0.476042 0.416667 0.477604 0.411111
0 0.556771 0.342593 0.559896 0.343519 0.563021 0.349074 0.564062 0.356481 0.564062 0.363889 0.560417 0.369444 0.555208 0.369444 0.553125 0.365741 0.551562 0.357407 0.551562 0.350000 0.553125 0.344444
0 0.564062 0.302778 0.567708 0.303704 0.570312 0.309259 0.571875 0.316667 0.571354 0.324074 0.567708 0.329630 0.563021 0.329630 0.560938 0.325926 0.559375 0.317593 0.558854 0.310185 0.560938 0.304630
0 0.597396 0.175000 0.601042 0.176852 0.604167 0.181481 0.605208 0.188889 0.604688 0.196296 0.601042 0.201852 0.596354 0.202778 0.594271 0.198148 0.592708 0.189815 0.592708 0.182407 0.594271 0.176852
0 0.593750 0.212963 0.596875 0.213889 0.600000 0.219444 0.601042 0.226852 0.601042 0.234259 0.597396 0.239815 0.592188 0.239815 0.590104 0.236111 0.588542 0.227778 0.588542 0.220370 0.590104 0.214815
0 0.509896 0.151852 0.513542 0.152778 0.516667 0.158333 0.517708 0.165741 0.517187 0.173148 0.513542 0.178704 0.508854 0.178704 0.506771 0.175000 0.505208 0.166667 0.505208 0.159259 0.506771 0.153704
0 0.490625 0.145370 0.493750 0.147222 0.496875 0.151852 0.498437 0.159259 0.497917 0.166667 0.494271 0.172222 0.489062 0.173148 0.486979 0.168519 0.485417 0.160185 0.485417 0.152778 0.487500 0.147222
0 0.491667 0.057407 0.494792 0.058333 0.497917 0.063889 0.499479 0.071296 0.498958 0.078704 0.495313 0.084259 0.490625 0.084259 0.488021 0.080556 0.486458 0.072222 0.486458 0.064815 0.488542 0.059259
0 0.607292 0.291667 0.610937 0.293519 0.614062 0.298148 0.615104 0.305556 0.614583 0.312963 0.610937 0.318519 0.606250 0.318519 0.604167 0.314815 0.602604 0.306481 0.602604 0.299074 0.604167 0.293519
0 0.580729 0.312037 0.583854 0.312963 0.586979 0.318519 0.588542 0.325926 0.588021 0.333333 0.584375 0.338889 0.579687 0.338889 0.577083 0.335185 0.575521 0.326852 0.575521 0.319444 0.577604 0.313889
0 0.590104 0.284259 0.593229 0.286111 0.596354 0.290741 0.597396 0.298148 0.597396 0.305556 0.593750 0.311111 0.588542 0.311111 0.586458 0.307407 0.584896 0.299074 0.584896 0.291667 0.586458 0.286111
0 0.518229 0.241667 0.521354 0.242593 0.524479 0.248148 0.526042 0.255556 0.525521 0.262963 0.521875 0.268519 0.517187 0.268519 0.514583 0.264815 0.513021 0.256481 0.513021 0.249074 0.515104 0.243519
0 0.498958 0.177778 0.502083 0.179630 0.505208 0.184259 0.506250 0.191667 0.506250 0.199074 0.502604 0.204630 0.497396 0.205556 0.495313 0.200926 0.493750 0.192593 0.493750 0.185185 0.495313 0.179630
0 0.522917 0.193519 0.526042 0.195370 0.529167 0.200000 0.530729 0.207407 0.530208 0.214815 0.526563 0.220370 0.521354 0.221296 0.519271 0.216667 0.517708 0.208333 0.517708 0.200926 0.519271 0.195370
0 0.566146 0.407407 0.569271 0.409259 0.572396 0.414815 0.573958 0.422222 0.573438 0.428704 0.569792 0.434259 0.564583 0.435185 0.562500 0.430556 0.560938 0.422222 0.560938 0.415741 0.563021 0.409259
0 0.609375 0.401852 0.612500 0.402778 0.615625 0.408333 0.616667 0.415741 0.616667 0.422222 0.613021 0.428704 0.607813 0.428704 0.605729 0.424074 0.604167 0.415741 0.604167 0.409259 0.605729 0.402778
0 0.489583 0.498148 0.493229 0.499074 0.496354 0.504630 0.497396 0.512037 0.496875 0.519444 0.493229 0.525000 0.488542 0.525000 0.486458 0.521296 0.484896 0.512963 0.484896 0.505556 0.486458 0.499074
0 0.499479 0.547222 0.503125 0.549074 0.505729 0.553704 0.507292 0.561111 0.506771 0.568519 0.503125 0.574074 0.498437 0.575000 0.496354 0.570370 0.494792 0.562037 0.494271 0.554630 0.496354 0.549074
0 0.589583 0.597222 0.593229 0.599074 0.595833 0.603704 0.597396 0.611111 0.596875 0.618519 0.593229 0.624074 0.588542 0.625000 0.586458 0.620370 0.584375 0.612037 0.584375 0.604630 0.586458 0.599074
0 0.613021 0.448148 0.616667 0.450000 0.619271 0.454630 0.620833 0.462037 0.620313 0.469444 0.616667 0.475000 0.611979 0.475000 0.609896 0.471296 0.608333 0.462963 0.608333 0.455556 0.609896 0.450000
0 0.476042 0.561111 0.479167 0.562963 0.482292 0.567593 0.483333 0.575000 0.483333 0.582407 0.479688 0.587963 0.474479 0.587963 0.472396 0.584259 0.470833 0.575926 0.470833 0.568519 0.472396 0.562963
0 0.642187 0.449074 0.645312 0.450926 0.648438 0.455556 0.650000 0.462963 0.649479 0.470370 0.645833 0.475926 0.641146 0.476852 0.639063 0.472222 0.636979 0.463889 0.636979 0.456481 0.639063 0.450926
0 0.667708 0.377778 0.671354 0.379630 0.673958 0.384259 0.675521 0.391667 0.675000 0.399074 0.671354 0.404630 0.666667 0.404630 0.664583 0.400926 0.663021 0.392593 0.663021 0.385185 0.664583 0.379630
0 0.695312 0.346296 0.698958 0.348148 0.702083 0.352778 0.703125 0.360185 0.702604 0.367593 0.698958 0.373148 0.694271 0.374074 0.692187 0.369444 0.690625 0.361111 0.690625 0.353704 0.692187 0.348148
0 0.720833 0.327778 0.724479 0.328704 0.727083 0.334259 0.728646 0.341667 0.728125 0.349074 0.724479 0.354630 0.719792 0.354630 0.717708 0.350926 0.716146 0.342593 0.716146 0.335185 0.717708 0.328704
0 0.745313 0.307407 0.748438 0.308333 0.751562 0.313889 0.753125 0.321296 0.752604 0.328704 0.748958 0.334259 0.744271 0.334259 0.741667 0.330556 0.740104 0.322222 0.740104 0.314815 0.742188 0.308333
0 0.686979 0.185185 0.690625 0.186111 0.693229 0.191667 0.694792 0.199074 0.694271 0.206481 0.690625 0.212037 0.685938 0.212037 0.683854 0.208333 0.681771 0.200000 0.681771 0.192593 0.683854 0.186111
0 0.705208 0.142593 0.708854 0.143519 0.711979 0.149074 0.713021 0.156481 0.712500 0.163889 0.709375 0.169444 0.704167 0.169444 0.702083 0.165741 0.700521 0.157407 0.700521 0.150000 0.702083 0.144444
0 0.679167 0.106481 0.682292 0.107407 0.685417 0.112963 0.686979 0.120370 0.686458 0.127778 0.682813 0.133333 0.677604 0.133333 0.675521 0.129630 0.673958 0.121296 0.673958 0.113889 0.676042 0.108333
0 0.666146 0.121296 0.669792 0.122222 0.672917 0.127778 0.673958 0.135185 0.673437 0.142593 0.669792 0.148148 0.665104 0.148148 0.663021 0.144444 0.661458 0.136111 0.661458 0.128704 0.663021 0.123148
0 0.608333 0.025000 0.611979 0.025926 0.614583 0.031481 0.616146 0.038889 0.615625 0.046296 0.611979 0.051852 0.607292 0.051852 0.605208 0.048148 0.603646 0.039815 0.603125 0.032407 0.605208 0.025926
0 0.569792 0.000926 0.572917 0.001852 0.576042 0.007407 0.577083 0.014815 0.577083 0.022222 0.573438 0.027778 0.568229 0.027778 0.566146 0.024074 0.564583 0.015741 0.564583 0.008333 0.566146 0.002778
0 0.538542 0.139815 0.542188 0.141667 0.544792 0.146296 0.546354 0.153704 0.545833 0.161111 0.542188 0.166667 0.536979 0.168519 0.535417 0.162963 0.533854 0.154630 0.533854 0.147222 0.535417 0.141667
0 0.781250 0.143519 0.784896 0.144444 0.787500 0.150000 0.789062 0.157407 0.788542 0.164815 0.784896 0.170370 0.780208 0.170370 0.778125 0.166667 0.776042 0.158333 0.776042 0.150926 0.778125 0.144444
0 0.813542 0.069444 0.816667 0.070370 0.819792 0.075926 0.820833 0.083333 0.820312 0.090741 0.817187 0.096296 0.811979 0.096296 0.809896 0.092593 0.808333 0.084259 0.808333 0.076852 0.809896 0.071296
0 0.854688 0.138889 0.857813 0.139815 0.860937 0.145370 0.862500 0.152778 0.861979 0.160185 0.858333 0.165741 0.853125 0.165741 0.851042 0.162037 0.849479 0.153704 0.849479 0.146296 0.851042 0.140741
0 0.887500 0.168519 0.891146 0.170370 0.893750 0.175000 0.895312 0.182407 0.894792 0.189815 0.891146 0.195370 0.886458 0.196296 0.884375 0.191667 0.882292 0.183333 0.882292 0.175926 0.884375 0.170370
0 0.888542 0.134259 0.891667 0.136111 0.894792 0.140741 0.896354 0.148148 0.895833 0.155556 0.892187 0.161111 0.887500 0.162037 0.884896 0.157407 0.883333 0.149074 0.883333 0.141667 0.885417 0.136111
0 0.867708 0.164815 0.871354 0.166667 0.873958 0.172222 0.875521 0.179630 0.875000 0.186111 0.871354 0.191667 0.866667 0.192593 0.864583 0.187963 0.862500 0.179630 0.862500 0.172222 0.864583 0.166667
0 0.856771 0.218519 0.859896 0.219444 0.863021 0.225000 0.864062 0.232407 0.863542 0.239815 0.860417 0.245370 0.855208 0.245370 0.853125 0.241667 0.851562 0.233333 0.851562 0.225926 0.853125 0.219444
0 0.907812 0.198148 0.910937 0.199074 0.914062 0.204630 0.915104 0.212037 0.915104 0.219444 0.911458 0.225000 0.906250 0.225000 0.904167 0.221296 0.902604 0.212963 0.902604 0.205556 0.904167 0.199074
0 0.822396 0.139815 0.825521 0.140741 0.828646 0.146296 0.830208 0.153704 0.829687 0.161111 0.826042 0.166667 0.821354 0.166667 0.818750 0.162963 0.817187 0.154630 0.817187 0.147222 0.819271 0.141667
0 0.772396 0.043519 0.775521 0.044444 0.778646 0.050000 0.780208 0.057407 0.779688 0.064815 0.776042 0.070370 0.770833 0.070370 0.768750 0.066667 0.767187 0.058333 0.767187 0.050926 0.769271 0.045370
0 0.822917 0.225000 0.826563 0.226852 0.829167 0.231481 0.830729 0.238889 0.830208 0.246296 0.826563 0.251852 0.821875 0.251852 0.819792 0.248148 0.817708 0.239815 0.817708 0.232407 0.819792 0.226852
0 0.932292 0.298148 0.935938 0.299074 0.938542 0.304630 0.940104 0.312037 0.939583 0.319444 0.935938 0.325000 0.931250 0.325000 0.929167 0.321296 0.927604 0.312963 0.927604 0.305556 0.929167 0.299074
0 0.894271 0.351852 0.897396 0.353704 0.900521 0.358333 0.901563 0.365741 0.901563 0.373148 0.897917 0.378704 0.892708 0.379630 0.890625 0.375000 0.889063 0.366667 0.889063 0.359259 0.890625 0.353704
0 0.849479 0.419444 0.853125 0.421296 0.855729 0.425926 0.857292 0.433333 0.856771 0.440741 0.853125 0.446296 0.848437 0.446296 0.846354 0.442593 0.844792 0.434259 0.844792 0.426852 0.846354 0.421296
0 0.915104 0.350926 0.918229 0.352778 0.921354 0.357407 0.922917 0.364815 0.922396 0.372222 0.918750 0.377778 0.914062 0.378704 0.911979 0.374074 0.909896 0.365741 0.909896 0.358333 0.911979 0.352778
0 0.933333 0.255556 0.936979 0.257407 0.940104 0.262963 0.941146 0.270370 0.940625 0.276852 0.936979 0.282407 0.932292 0.283333 0.930208 0.278704 0.928646 0.270370 0.928646 0.263889 0.930208 0.257407
0 0.802604 0.430556 0.806250 0.431481 0.809375 0.437037 0.810417 0.444444 0.809896 0.451852 0.806250 0.457407 0.801562 0.457407 0.799479 0.453704 0.797917 0.445370 0.797917 0.437963 0.799479 0.432407
0 0.789583 0.568519 0.793229 0.569444 0.795833 0.575000 0.797396 0.582407 0.796875 0.588889 0.793229 0.595370 0.788542 0.595370 0.786458 0.590741 0.784375 0.582407 0.784375 0.575926 0.786458 0.569444
0 0.769792 0.639815 0.772917 0.640741 0.776042 0.646296 0.777083 0.653704 0.776563 0.661111 0.773438 0.666667 0.768229 0.666667 0.766146 0.662963 0.764583 0.654630 0.764583 0.647222 0.766146 0.641667
0 0.726562 0.672222 0.730208 0.673148 0.732813 0.678704 0.734375 0.686111 0.733854 0.693519 0.730208 0.699074 0.725521 0.699074 0.723437 0.695370 0.721354 0.687037 0.721354 0.679630 0.723437 0.673148
0 0.912500 0.587963 0.916146 0.588889 0.918750 0.594444 0.920313 0.601852 0.919792 0.609259 0.916146 0.614815 0.911458 0.614815 0.909375 0.611111 0.907812 0.602778 0.907292 0.595370 0.909375 0.589815
0 0.889063 0.500926 0.892187 0.501852 0.895312 0.507407 0.896354 0.514815 0.896354 0.521296 0.892708 0.526852 0.887500 0.527778 0.885417 0.523148 0.883854 0.514815 0.883854 0.508333 0.885417 0.501852
0 0.975521 0.555556 0.978646 0.556481 0.981771 0.562037 0.982813 0.569444 0.982813 0.576852 0.979167 0.582407 0.973958 0.582407 0.971875 0.578704 0.970312 0.570370 0.970312 0.562963 0.971875 0.557407
0 0.970833 0.675926 0.974479 0.676852 0.977083 0.682407 0.978646 0.689815 0.978125 0.696296 0.974479 0.702778 0.969792 0.702778 0.967708 0.698148 0.966146 0.689815 0.965625 0.683333 0.967708 0.676852
0 0.819792 0.796296 0.823438 0.797222 0.826042 0.802778 0.827604 0.810185 0.827083 0.817593 0.823438 0.823148 0.818750 0.823148 0.816667 0.819444 0.814583 0.811111 0.814583 0.803704 0.816667 0.797222
0 0.863021 0.724074 0.866667 0.725926 0.869271 0.731481 0.870833 0.738889 0.870313 0.745370 0.866667 0.750926 0.861979 0.751852 0.859896 0.747222 0.857813 0.738889 0.857813 0.732407 0.859896 0.725926
0 0.845833 0.710185 0.848958 0.711111 0.852083 0.716667 0.853646 0.724074 0.853125 0.731481 0.849479 0.737037 0.844271 0.737037 0.842188 0.733333 0.840625 0.725000 0.840625 0.717593 0.842708 0.712037
0 0.998958 0.715741 0.996875 0.711111 0.995313 0.702778 0.994792 0.696296 0.996875 0.689815 0.990104 0.716667 0.993229 0.717593 0.996354 0.723148 0.997917 0.730556 0.997396 0.737963 0.993750 0.743519
0 0.989062 0.743519 0.986458 0.739815 0.984896 0.731481 0.984896 0.724074 0.986979 0.718518 0.908854 0.787963 0.911979 0.789815 0.915104 0.794444 0.916667 0.801852 0.916146 0.809259 0.912500 0.814815
0 0.907812 0.815741 0.905208 0.811111 0.903646 0.802778 0.903646 0.795370 0.905729 0.789815 0.892187 0.876852 0.895312 0.878704 0.898438 0.883333 0.899479 0.890741 0.899479 0.898148 0.895833 0.903704
0 0.890625 0.903704 0.888542 0.900000 0.886979 0.891667 0.886979 0.884259 0.888542 0.878704 0.855208 0.901852 0.858333 0.902778 0.861458 0.908333 0.862500 0.915741 0.861979 0.923148 0.858854 0.928704
0 0.853646 0.928704 0.851562 0.925000 0.850000 0.916667 0.850000 0.909259 0.851562 0.903704 0.895833 0.912963 0.898958 0.914815 0.902083 0.919444 0.903125 0.926852 0.902604 0.934259 0.899479 0.939815
0 0.894271 0.940741 0.892187 0.936111 0.890625 0.927778 0.890625 0.920370 0.892187 0.914815 0.995833 0.805556 0.998958 0.807407 0.999479 0.831481 0.994792 0.833333 0.992188 0.828704 0.990625 0.820370
0 0.990625 0.813889 0.992708 0.807407 0.805208 0.913889 0.808333 0.915741 0.811458 0.920370 0.812500 0.927778 0.812500 0.935185 0.808333 0.939815 0.803646 0.941667 0.801562 0.937037 0.800000 0.928704
0 0.800000 0.921296 0.801562 0.915741 0.750000 0.801852 0.753125 0.803704 0.756250 0.808333 0.757292 0.815741 0.756771 0.823148 0.753125 0.827778 0.748438 0.828704 0.746354 0.825000 0.744792 0.816667
0 0.744792 0.809259 0.746354 0.803704 0.721354 0.785185 0.725000 0.786111 0.727604 0.791667 0.729167 0.799074 0.728646 0.806481 0.725000 0.811111 0.720312 0.812037 0.718229 0.808333 0.716667 0.800000
0 0.716146 0.792593 0.718229 0.787037 0.732292 0.827778 0.735417 0.828704 0.738542 0.834259 0.739583 0.841667 0.739583 0.849074 0.735417 0.853704 0.730729 0.854630 0.728646 0.850926 0.727083 0.842593
0 0.727083 0.835185 0.728646 0.829630 0.869792 0.771296 0.873438 0.772222 0.876042 0.777778 0.877604 0.785185 0.877083 0.792593 0.873438 0.797222 0.868750 0.798148 0.866667 0.794444 0.864583 0.786111
0 0.864583 0.778704 0.866667 0.772222 0.694271 0.851852 0.697396 0.852778 0.700521 0.858333 0.702083 0.865741 0.701563 0.873148 0.697917 0.877778 0.693229 0.878704 0.690625 0.875000 0.689062 0.866667
0 0.689062 0.859259 0.691146 0.852778 0.689062 0.801852 0.692187 0.802778 0.695312 0.808333 0.696354 0.815741 0.696354 0.823148 0.692187 0.827778 0.687500 0.828704 0.685417 0.825000 0.683854 0.816667
0 0.683854 0.809259 0.685417 0.802778 0.699479 0.780556 0.703125 0.781482 0.706250 0.787037 0.707292 0.794444 0.706771 0.801852 0.703125 0.806481 0.698438 0.807407 0.696354 0.803704 0.694792 0.795370
0 0.694792 0.787963 0.696354 0.782407 0.721354 0.873148 0.725000 0.874074 0.728125 0.879630 0.729167 0.887037 0.728646 0.894444 0.725000 0.899074 0.720312 0.900000 0.718229 0.896296 0.716667 0.887963
0 0.716667 0.880556 0.718229 0.874074 0.665625 0.760185 0.668750 0.762037 0.671875 0.767593 0.672917 0.775000 0.672396 0.781482 0.668750 0.786111 0.664062 0.787963 0.661979 0.783333 0.660417 0.775000
0 0.660417 0.768519 0.661979 0.762037 0.971875 0.815741 0.975000 0.816667 0.978125 0.822222 0.979167 0.829630 0.978646 0.837037 0.975000 0.841667 0.970312 0.842593 0.968229 0.838889 0.966667 0.830556
0 0.966667 0.823148 0.968229 0.817593 0.640104 0.814815 0.643750 0.815741 0.646875 0.821296 0.647917 0.828704 0.647396 0.835185 0.643750 0.839815 0.639063 0.841667 0.636979 0.837037 0.635417 0.828704
0 0.635417 0.822222 0.636979 0.815741 0.620313 0.875926 0.623958 0.876852 0.626562 0.882407 0.628125 0.889815 0.627604 0.897222 0.623958 0.901852 0.619271 0.902778 0.617188 0.899074 0.615625 0.890741
0 0.615625 0.883333 0.617188 0.877778 0.599479 0.824074 0.603125 0.825000 0.606250 0.830556 0.607292 0.837963 0.606771 0.845370 0.603125 0.850000 0.598437 0.850926 0.596354 0.847222 0.594792 0.838889
0 0.594792 0.831481 0.596354 0.825000 0.632292 0.769444 0.635417 0.770370 0.638542 0.775926 0.640104 0.783333 0.639583 0.790741 0.635938 0.795370 0.631250 0.796296 0.628646 0.792593 0.627083 0.784259
0 0.627083 0.776852 0.629167 0.771296 0.671354 0.601852 0.675000 0.602778 0.677604 0.608333 0.679167 0.615741 0.678646 0.623148 0.675000 0.627778 0.670313 0.628704 0.668229 0.625000 0.666667 0.616667
0 0.666667 0.609259 0.668229 0.603704 0.488542 0.835185 0.491667 0.837037 0.494792 0.841667 0.496354 0.849074 0.495833 0.856481 0.492188 0.861111 0.486979 0.862037 0.484896 0.858333 0.483333 0.850000
0 0.483333 0.842593 0.485417 0.837037 0.701563 0.966667 0.704687 0.968518 0.707812 0.973148 0.708854 0.980556 0.708854 0.987963 0.704687 0.992593 0.700000 0.994444 0.697917 0.989815 0.696354 0.981481
0 0.696354 0.974074 0.697917 0.968518 0.550521 0.884259 0.554167 0.885185 0.557292 0.890741 0.558333 0.898148 0.557813 0.905556 0.554167 0.910185 0.549479 0.911111 0.547396 0.907407 0.545833 0.899074
0 0.545833 0.891667 0.547396 0.885185 0.469271 0.894444 0.472396 0.896296 0.475521 0.900926 0.477083 0.908333 0.476562 0.915741 0.472917 0.920370 0.467708 0.921296 0.465625 0.917593 0.464063 0.909259
0 0.464063 0.901852 0.465625 0.896296 0.502604 0.858333 0.505729 0.860185 0.508854 0.865741 0.509896 0.873148 0.509896 0.879630 0.505729 0.884259 0.501042 0.886111 0.498958 0.881481 0.497396 0.873148
0 0.497396 0.866667 0.498958 0.860185 0.487500 0.800926 0.491146 0.801852 0.493750 0.807407 0.495313 0.814815 0.494792 0.822222 0.491146 0.826852 0.486458 0.827778 0.484375 0.824074 0.482292 0.815741
0 0.482292 0.808333 0.484375 0.801852 0.531771 0.688889 0.534896 0.690741 0.538021 0.695370 0.539583 0.702778 0.539062 0.710185 0.535417 0.714815 0.530208 0.716667 0.528125 0.712037 0.526563 0.703704
0 0.526563 0.696296 0.528646 0.690741 0.479688 0.938889 0.483333 0.940741 0.485938 0.945370 0.487500 0.952778 0.486979 0.960185 0.483333 0.964815 0.478646 0.965741 0.476562 0.962037 0.474479 0.953704
0 0.474479 0.946296 0.476562 0.940741 0.634896 0.618519 0.638021 0.619444 0.641146 0.625000 0.642187 0.632407 0.641667 0.638889 0.638021 0.643519 0.633333 0.645370 0.631250 0.640741 0.629687 0.633333
0 0.629687 0.625926 0.631250 0.619444 0.434375 0.955556 0.437500 0.957407 0.440625 0.962037 0.442187 0.969444 0.441667 0.976852 0.437500 0.980556 0.432813 0.982407 0.430729 0.978704 0.429167 0.970370
0 0.429167 0.962963 0.431250 0.957407 0.401563 0.865741 0.405208 0.866667 0.407813 0.872222 0.409375 0.879630 0.408854 0.887037 0.405208 0.890741 0.400521 0.892593 0.398438 0.888889 0.396354 0.880556
0 0.396354 0.873148 0.398438 0.867593 0.363542 0.946296 0.367188 0.948148 0.369792 0.952778 0.371354 0.960185 0.370833 0.967593 0.367188 0.973148 0.362500 0.973148 0.360417 0.969444 0.358333 0.961111
0 0.358333 0.953704 0.360417 0.948148 0.397396 0.915741 0.401042 0.916667 0.403646 0.922222 0.405208 0.929630 0.404687 0.937037 0.401042 0.942593 0.396354 0.942593 0.394271 0.938889 0.392708 0.930556
0 0.392708 0.923148 0.394271 0.917593 0.361458 0.914815 0.365104 0.915741 0.368229 0.921296 0.369271 0.928704 0.368750 0.936111 0.365104 0.941667 0.360417 0.941667 0.358333 0.937963 0.356771 0.929630
0 0.356771 0.922222 0.358333 0.916667 0.134896 0.930556 0.138021 0.931481 0.141146 0.937037 0.142708 0.944444 0.142188 0.951852 0.138542 0.957407 0.133854 0.957407 0.131250 0.953704 0.129688 0.945370
0 0.129688 0.937963 0.131771 0.932407 0.167708 0.819444 0.171354 0.820370 0.173958 0.825926 0.175521 0.833333 0.175000 0.839815 0.171354 0.845370 0.166667 0.846296 0.164583 0.841667 0.162500 0.833333
0 0.162500 0.826852 0.164583 0.820370 0.252083 0.938889 0.255208 0.940741 0.258333 0.945370 0.259896 0.952778 0.259375 0.960185 0.255208 0.965741 0.251042 0.965741 0.248437 0.962037 0.246875 0.953704
0 0.246875 0.946296 0.248958 0.940741 0.087500 0.845370 0.091146 0.846296 0.094271 0.851852 0.095312 0.859259 0.094792 0.866667 0.091146 0.871296 0.086458 0.872222 0.084375 0.868519 0.082813 0.860185
0 0.082813 0.852778 0.084375 0.847222 0.119271 0.913889 0.122917 0.915741 0.125521 0.921296 0.127083 0.928704 0.126563 0.935185 0.122917 0.940741 0.118229 0.941667 0.116146 0.937037 0.114583 0.928704
0 0.114583 0.922222 0.116146 0.915741 0.114063 0.966667 0.117188 0.967593 0.120312 0.973148 0.121875 0.980556 0.121354 0.987037 0.117708 0.992593 0.113021 0.993519 0.110937 0.988889 0.109375 0.980556
0 0.108854 0.974074 0.110937 0.967593 0.105208 0.814815 0.108333 0.816667 0.111458 0.821296 0.112500 0.828704 0.112500 0.836111 0.108333 0.841667 0.103646 0.841667 0.101562 0.837963 0.100521 0.829630
0 0.100000 0.822222 0.101562 0.816667 0.331250 0.985185 0.334896 0.986111 0.338021 0.991667 0.326562 0.992593 0.328125 0.987037 0.483854 0.911111 0.486979 0.912037 0.490104 0.917593 0.491667 0.925000
0 0.491146 0.931481 0.486979 0.937037 0.482812 0.937963 0.480729 0.933333 0.479167 0.925000 0.478646 0.918519 0.480729 0.912037 0.511979 0.612037 0.515104 0.612963 0.518229 0.618519 0.519792 0.625926
0 0.519271 0.632407 0.515625 0.637963 0.510938 0.638889 0.508854 0.634259 0.507292 0.625926 0.506771 0.619444 0.508854 0.612963 0.541146 0.563889 0.544271 0.564815 0.547396 0.570370 0.548437 0.577778
0 0.548437 0.582407 0.541146 0.585185 0.538021 0.583333 0.535937 0.575926 0.535937 0.570370 0.537500 0.564815 0.395312 0.650000 0.398958 0.650926 0.401563 0.656482 0.403125 0.663889 0.402604 0.670370
0 0.398958 0.675926 0.394271 0.676852 0.392188 0.672222 0.390625 0.663889 0.390625 0.657407 0.392188 0.650926 0.351042 0.603704 0.354688 0.604630 0.357292 0.610185 0.358854 0.617593 0.358333 0.625000
0 0.354688 0.630556 0.350000 0.630556 0.347917 0.626852 0.346354 0.618519 0.345833 0.611111 0.347917 0.605556 0.280208 0.523148 0.284375 0.523148 0.288021 0.529630 0.289583 0.537963 0.289062 0.546296
0 0.286979 0.551852 0.281771 0.555556 0.277604 0.552778 0.274479 0.547222 0.272917 0.537963 0.273958 0.529630 0.276042 0.525000 0.247396 0.453704 0.251563 0.454630 0.255208 0.461111 0.257292 0.469444
0 0.256771 0.477778 0.254167 0.483333 0.249479 0.486111 0.244792 0.483333 0.241667 0.478704 0.240625 0.469444 0.241146 0.460185 0.243750 0.455556 0.219271 0.402778 0.223438 0.403704 0.227083 0.410185
0 0.229167 0.418519 0.228646 0.426852 0.226042 0.432407 0.221354 0.435185 0.216667 0.432407 0.214062 0.427778 0.212500 0.418519 0.213542 0.410185 0.215625 0.404630 0.352083 0.507407 0.355729 0.508333
0 0.359896 0.514815 0.361458 0.523148 0.360938 0.531482 0.358333 0.537037 0.353646 0.540741 0.348958 0.537037 0.346354 0.532407 0.344792 0.523148 0.345833 0.514815 0.347917 0.510185 0.218229 0.562037
0 0.222396 0.562963 0.226042 0.569444 0.227604 0.577778 0.227083 0.586111 0.225000 0.591667 0.219792 0.594444 0.215104 0.591667 0.212500 0.587037 0.210938 0.577778 0.211979 0.569444 0.214062 0.563889
0 0.223958 0.626852 0.228125 0.627778 0.231771 0.634259 0.233854 0.642593 0.233333 0.650926 0.230729 0.656482 0.226042 0.659259 0.221354 0.656482 0.218229 0.651852 0.217187 0.642593 0.217708 0.634259
0 0.220313 0.628704 0.209375 0.656482 0.213542 0.657407 0.217187 0.663889 0.219271 0.672222 0.218750 0.679630 0.216146 0.686111 0.211458 0.688889 0.206771 0.686111 0.204167 0.680556 0.202083 0.673148
0 0.205729 0.658333 0.218750 0.712963 0.222917 0.713889 0.226562 0.720370 0.228125 0.728704 0.227604 0.737037 0.225521 0.742593 0.220833 0.745370 0.216146 0.742593 0.213021 0.737963 0.211458 0.728704
0 0.212500 0.719444 0.215104 0.714815 0.163021 0.627778 0.166667 0.628704 0.170833 0.635185 0.172396 0.643519 0.171875 0.651852 0.169792 0.657407 0.164583 0.660185 0.159896 0.657407 0.157292 0.652778
0 0.155729 0.643519 0.156771 0.635185 0.158854 0.629630 0.148958 0.523148 0.153125 0.524074 0.157292 0.530556 0.158854 0.538889 0.158333 0.546296 0.155729 0.552778 0.151042 0.555556 0.146354 0.552778
0 0.143750 0.547222 0.142188 0.537963 0.143229 0.529630 0.145313 0.525000 0.123958 0.578704 0.128125 0.578704 0.131771 0.585185 0.133854 0.593518 0.133333 0.601852 0.130729 0.607407 0.126042 0.611111
0 0.121354 0.608333 0.118750 0.602778 0.117188 0.593518 0.118229 0.585185 0.120312 0.580556 0.094271 0.634259 0.098438 0.635185 0.102083 0.641667 0.104167 0.650000 0.103646 0.658333 0.101042 0.663889
0 0.096354 0.666667 0.091667 0.663889 0.088542 0.659259 0.087500 0.650000 0.088021 0.641667 0.090625 0.636111 0.090104 0.670370 0.094271 0.671296 0.097917 0.677778 0.099479 0.686111 0.098958 0.693519
0 0.096875 0.700000 0.091667 0.702778 0.087500 0.700000 0.084375 0.694444 0.082813 0.685185 0.083854 0.676852 0.086458 0.672222 0.070312 0.587963 0.073958 0.588889 0.078125 0.595370 0.079687 0.603704
0 0.079167 0.611111 0.077083 0.617593 0.071875 0.620370 0.067188 0.617593 0.064583 0.612037 0.063021 0.603704 0.064062 0.594444 0.066146 0.589815 0.057292 0.619444 0.061458 0.619444 0.065104 0.625926
0 0.067188 0.634259 0.066667 0.642593 0.064062 0.648148 0.059375 0.651852 0.054688 0.649074 0.051562 0.643519 0.050521 0.634259 0.051042 0.625926 0.053646 0.621296 0.093750 0.737037 0.097917 0.737963
0 0.101562 0.744444 0.103646 0.752778 0.103125 0.761111 0.100521 0.766667 0.095833 0.769444 0.091146 0.766667 0.088021 0.762037 0.086979 0.752778 0.087500 0.744444 0.090104 0.738889 0.193229 0.648148
0 0.197396 0.649074 0.201042 0.654630 0.203125 0.662963 0.202604 0.671296 0.200000 0.676852 0.195312 0.680556 0.190625 0.677778 0.187500 0.672222 0.186458 0.662963 0.186979 0.654630 0.189583 0.650000
0 0.133333 0.750000 0.137500 0.750000 0.141146 0.756481 0.142708 0.764815 0.142188 0.773148 0.140104 0.778704 0.135417 0.782407 0.130729 0.779630 0.127604 0.774074 0.126042 0.764815 0.127083 0.756481
0 0.129688 0.751852 0.180208 0.554630 0.184375 0.555556 0.188021 0.562037 0.189583 0.570370 0.189583 0.578704 0.186979 0.584259 0.182292 0.587037 0.177604 0.584259 0.174479 0.578704 0.173438 0.570370
0 0.173958 0.561111 0.176563 0.556481 0.154167 0.413889 0.158333 0.414815 0.161979 0.421296 0.164062 0.429630 0.163542 0.437963 0.160938 0.443519 0.156250 0.446296 0.151562 0.443519 0.148958 0.438889
0 0.147396 0.429630 0.148438 0.421296 0.150521 0.416667 0.039583 0.361111 0.043750 0.362037 0.047396 0.368519 0.048958 0.376852 0.048437 0.385185 0.046354 0.390741 0.041667 0.393519 0.036979 0.390741
0 0.033854 0.386111 0.032292 0.376852 0.033333 0.367593 0.035937 0.362963 0.088021 0.212037 0.092188 0.212963 0.096354 0.219444 0.097917 0.227778 0.097396 0.236111 0.094792 0.241667 0.090104 0.244444
0 0.085417 0.241667 0.082813 0.237037 0.081250 0.227778 0.082292 0.219444 0.084375 0.214815 0.253125 0.203704 0.257292 0.204630 0.260938 0.211111 0.262500 0.219444 0.261979 0.226852
0 0.259896 0.233333 0.255208 0.236111 0.250521 0.233333 0.247396 0.227778 0.245833 0.218519 0.246875 0.210185 0.249479 0.205556 0.256771 0.133333 0.260938 0.134259 0.264583 0.140741 0.266667 0.149074
0 0.266146 0.157407 0.263542 0.162963 0.258854 0.165741 0.254167 0.162963 0.251563 0.157407 0.250000 0.149074 0.251042 0.139815 0.253125 0.135185 0.341146 0.362037 0.345313 0.362963 0.348958 0.369444
0 0.350521 0.377778 0.350521 0.386111 0.347917 0.391667 0.343229 0.394444 0.338542 0.391667 0.335417 0.386111 0.334375 0.377778 0.334896 0.368519 0.337500 0.363889 0.311458 0.156481 0.315625 0.157407 0.319271 0.163889
0 0.320833 0.172222 0.320312 0.180556 0.318229 0.186111 0.313021 0.188889 0.308854 0.186111 0.305729 0.180556 0.304167 0.172222 0.305208 0.162963 0.307813 0.158333 0.357292 0.164815 0.361458 0.164815 0.365104 0.171296
0 0.367188 0.179630 0.366667 0.187963 0.364062 0.193519 0.359375 0.197222 0.354688 0.194444 0.352083 0.188889 0.350521 0.179630 0.351562 0.171296 0.353646 0.166667 0.463021 0.396296 0.467187 0.396296 0.470833 0.402778
0 0.472396 0.411111 0.471875 0.419444 0.469792 0.425000 0.465104 0.428704 0.460417 0.425926 0.457292 0.420370 0.455729 0.411111 0.456771 0.402778 0.459375 0.398148 0.488542 0.218519 0.492188 0.218519 0.496354 0.225000
0 0.497917 0.233333 0.497396 0.241667 0.495313 0.247222 0.490104 0.250926 0.485417 0.248148 0.482812 0.242593 0.481250 0.233333 0.482292 0.225000 0.484375 0.220370 0.465104 0.244444 0.469271 0.244444 0.472917 0.250926
0 0.475000 0.259259 0.474479 0.267593 0.471875 0.273148 0.467187 0.276852 0.462500 0.274074 0.459896 0.268519 0.458333 0.259259 0.459375 0.250926 0.461458 0.246296 0.533333 0.165741 0.537500 0.165741 0.541146 0.172222
0 0.542708 0.180556 0.542188 0.188889 0.540104 0.194444 0.535417 0.198148 0.530729 0.195370 0.527604 0.189815 0.526042 0.180556 0.527083 0.172222 0.529688 0.167593 0.588542 0.087963 0.592708 0.088889 0.596354 0.095370
0 0.598437 0.103704 0.597917 0.112037 0.595312 0.117593 0.590625 0.121296 0.585938 0.117593 0.583333 0.112963 0.581771 0.103704 0.582812 0.095370 0.584896 0.090741 0.572396 0.275000 0.576563 0.275926 0.580208 0.282407
0 0.582292 0.290741 0.581771 0.299074 0.579167 0.304630 0.574479 0.307407 0.569792 0.304630 0.567187 0.300000 0.565625 0.290741 0.566667 0.281481 0.568750 0.276852 0.526563 0.356481 0.530729 0.356481 0.534375 0.362963
0 0.536458 0.371296 0.535937 0.379630 0.533333 0.385185 0.528646 0.388889 0.523958 0.386111 0.520833 0.380556 0.519792 0.371296 0.520312 0.362963 0.522917 0.358333 0.559375 0.110185 0.563021 0.110185 0.567187 0.116667
0 0.568750 0.125000 0.568229 0.133333 0.566146 0.138889 0.560938 0.142593 0.556250 0.138889 0.553646 0.134259 0.552083 0.125000 0.553125 0.116667 0.555208 0.112037 0.524479 0.456481 0.528646 0.457407 0.532292 0.463889
0 0.533854 0.472222 0.533854 0.479630 0.531250 0.486111 0.526563 0.488889 0.521875 0.486111 0.518750 0.480556 0.517708 0.472222 0.518229 0.462963 0.520833 0.458333 0.640104 0.325926 0.644271 0.325926 0.647917 0.332407
0 0.650000 0.340741 0.649479 0.349074 0.646875 0.354630 0.642187 0.358333 0.637500 0.355556 0.634896 0.350000 0.633333 0.340741 0.634375 0.332407 0.636458 0.327778 0.635938 0.373148 0.640104 0.374074 0.644271 0.380556
0 0.645833 0.388889 0.645312 0.397222 0.642708 0.402778 0.638021 0.405556 0.633333 0.402778 0.630729 0.398148 0.629167 0.388889 0.630208 0.380556 0.632292 0.375926 0.608333 0.488889 0.612500 0.489815 0.616146 0.496296
0 0.618229 0.504630 0.617708 0.512037 0.615104 0.518519 0.610417 0.521296 0.605729 0.518519 0.602604 0.512963 0.601562 0.504630 0.602083 0.495370 0.604688 0.490741 0.626042 0.550926 0.629687 0.551852 0.633854 0.558333
0 0.635417 0.566667 0.634896 0.575000 0.632812 0.580556 0.627604 0.583333 0.622917 0.580556 0.620313 0.575926 0.618750 0.566667 0.619792 0.557407 0.621875 0.552778 0.649479 0.550926 0.653646 0.551852 0.657292 0.558333
0 0.659375 0.566667 0.658854 0.575000 0.656250 0.580556 0.651563 0.583333 0.646875 0.580556 0.644271 0.575926 0.642708 0.566667 0.643750 0.558333 0.645833 0.552778 0.618750 0.600926 0.622917 0.601852 0.626562 0.608333
0 0.628646 0.616667 0.628125 0.625000 0.625521 0.630556 0.620833 0.633333 0.616146 0.630556 0.613021 0.625926 0.611979 0.616667 0.612500 0.607407 0.615104 0.602778 0.617188 0.639815 0.621354 0.640741 0.625521 0.647222
0 0.627083 0.655556 0.626562 0.663889 0.623958 0.669444 0.619271 0.672222 0.614583 0.669444 0.611979 0.664815 0.610417 0.655556 0.611458 0.646296 0.613542 0.641667 0.654167 0.592593 0.658333 0.593518 0.662500 0.600000
0 0.664062 0.608333 0.663542 0.616667 0.660937 0.622222 0.656250 0.625000 0.651563 0.622222 0.648958 0.617593 0.647396 0.608333 0.648438 0.599074 0.650521 0.594444 0.689062 0.616667 0.693229 0.617593 0.696875 0.624074
0 0.698438 0.632407 0.697917 0.640741 0.695833 0.646296 0.690625 0.649074 0.686458 0.646296 0.683333 0.641667 0.681771 0.632407 0.682813 0.623148 0.684896 0.618519 0.547396 0.734259 0.551562 0.735185 0.555729 0.741667
0 0.557292 0.750000 0.556771 0.758333 0.554167 0.763889 0.549479 0.766667 0.544792 0.763889 0.542188 0.759259 0.540625 0.750000 0.541667 0.741667 0.543750 0.736111 0.532812 0.535185 0.536979 0.536111 0.540625 0.542593
0 0.542188 0.550926 0.541667 0.559259 0.539583 0.564815 0.534896 0.567593 0.530208 0.564815 0.527083 0.559259 0.525521 0.550926 0.526563 0.541667 0.529167 0.537037 0.448958 0.544444 0.453125 0.545370 0.456771 0.551852
0 0.458854 0.560185 0.458333 0.567593 0.455729 0.574074 0.451042 0.576852 0.446354 0.574074 0.443750 0.568519 0.442187 0.560185 0.443229 0.550926 0.445312 0.546296 0.411979 0.575926 0.415625 0.576852 0.419792 0.583333
0 0.421354 0.591667 0.420833 0.600000 0.418229 0.605556 0.413542 0.608333 0.408854 0.605556 0.406250 0.600926 0.404687 0.591667 0.405729 0.582407 0.407813 0.577778 0.421875 0.492593 0.426042 0.493519 0.429688 0.500000
0 0.431771 0.508333 0.431250 0.516667 0.428646 0.522222 0.423958 0.525000 0.419271 0.522222 0.416667 0.516667 0.415104 0.508333 0.416146 0.499074 0.418229 0.494444 0.350000 0.698148 0.353646 0.699074 0.357812 0.705556
0 0.359375 0.713889 0.358854 0.721296 0.356250 0.727778 0.351562 0.730556 0.346875 0.727778 0.344271 0.722222 0.342708 0.713889 0.343750 0.704630 0.345833 0.700000 0.326562 0.793519 0.330729 0.794444 0.334375 0.800926
0 0.336458 0.809259 0.335938 0.817593 0.333333 0.823148 0.328646 0.825926 0.323958 0.823148 0.321354 0.818519 0.319792 0.809259 0.320833 0.800926 0.322917 0.795370 0.296875 0.710185 0.300521 0.710185 0.304688 0.716667
0 0.306250 0.725000 0.305729 0.733333 0.303646 0.738889 0.298438 0.742593 0.293750 0.738889 0.291146 0.734259 0.289583 0.725000 0.290625 0.716667 0.292708 0.712037 0.380729 0.424074 0.384896 0.425000 0.388542 0.431481
0 0.390625 0.439815 0.390104 0.447222 0.387500 0.453704 0.382812 0.456481 0.378125 0.453704 0.375521 0.448148 0.373958 0.439815 0.374479 0.430556 0.377083 0.425926 0.402604 0.593518 0.406771 0.594444 0.410417 0.600000
0 0.412500 0.608333 0.411979 0.616667 0.409375 0.622222 0.404687 0.625926 0.400000 0.623148 0.396875 0.617593 0.395833 0.608333 0.396354 0.600000 0.398958 0.595370 0.204167 0.825000 0.207813 0.825926 0.211979 0.832407
0 0.213542 0.840741 0.213021 0.849074 0.210417 0.854630 0.205729 0.857407 0.201042 0.854630 0.198437 0.850000 0.196875 0.840741 0.197917 0.832407 0.200000 0.826852 0.182292 0.838889 0.186458 0.839815 0.190104 0.846296
0 0.191667 0.854630 0.191667 0.862037 0.189063 0.868519 0.184375 0.871296 0.179688 0.868519 0.176563 0.862963 0.175521 0.853704 0.176042 0.845370 0.178646 0.840741 0.158854 0.884259 0.163021 0.885185 0.166667 0.891667
0 0.168229 0.900000 0.167708 0.907407 0.165625 0.913889 0.160938 0.916667 0.156250 0.913889 0.153125 0.908333 0.151562 0.899074 0.152604 0.890741 0.155208 0.886111 0.150000 0.826852 0.154167 0.827778 0.157813 0.834259
0 0.159896 0.842593 0.159375 0.850926 0.156771 0.856481 0.152083 0.859259 0.147396 0.856481 0.144792 0.850926 0.143229 0.842593 0.144271 0.833333 0.146354 0.828704 0.132292 0.856481 0.136458 0.857407 0.140104 0.863889
0 0.142188 0.872222 0.141667 0.880556 0.139062 0.886111 0.134375 0.888889 0.129688 0.886111 0.127083 0.880556 0.125521 0.872222 0.126042 0.862963 0.128646 0.858333 0.095833 0.881481 0.100000 0.882407 0.103646 0.888889
0 0.105208 0.897222 0.104687 0.905556 0.102604 0.911111 0.097396 0.914815 0.092708 0.911111 0.090104 0.906482 0.088542 0.897222 0.089583 0.888889 0.091667 0.884259 0.170833 0.955556 0.175000 0.956481 0.178646 0.962963
0 0.180208 0.971296 0.179688 0.979630 0.177604 0.985185 0.172917 0.988889 0.168229 0.985185 0.165625 0.980556 0.164062 0.971296 0.164583 0.962963 0.167187 0.958333 0.281250 0.924074 0.284896 0.925000 0.289062 0.931481
0 0.290625 0.939815 0.290104 0.948148 0.288021 0.953704 0.282813 0.956481 0.278125 0.953704 0.276042 0.948148 0.274479 0.939815 0.275000 0.930556 0.277083 0.925926 0.246875 0.902778 0.251042 0.902778 0.254687 0.909259
0 0.256771 0.917593 0.256250 0.925926 0.253646 0.931481 0.248958 0.935185 0.244271 0.931481 0.242188 0.926852 0.240625 0.917593 0.241146 0.909259 0.243229 0.904630 0.259375 0.861111 0.263542 0.861111 0.267708 0.867593
0 0.269271 0.875926 0.268750 0.884259 0.266146 0.889815 0.261458 0.893519 0.256771 0.890741 0.254687 0.885185 0.253125 0.875926 0.253646 0.867593 0.255729 0.862963 0.276042 0.599074 0.280208 0.600000 0.283854 0.606481
0 0.285937 0.614815 0.285417 0.623148 0.282813 0.628704 0.278125 0.631481 0.273438 0.628704 0.271354 0.623148 0.269792 0.614815 0.270312 0.605556 0.272396 0.600926 0.201562 0.913889 0.205729 0.914815 0.209375 0.921296
0 0.210938 0.929630 0.210417 0.937963 0.208333 0.943519 0.203646 0.946296 0.198958 0.943519 0.196354 0.937963 0.194792 0.929630 0.195312 0.920370 0.197917 0.915741 0.216667 0.900000 0.220313 0.900926 0.223438 0.906482
0 0.224479 0.913889 0.223958 0.921296 0.220313 0.926852 0.215625 0.926852 0.213542 0.923148 0.211979 0.914815 0.211979 0.907407 0.213542 0.901852 0.345313 0.960185 0.348958 0.961111 0.353125 0.967593 0.354688 0.975926
0 0.354167 0.984259 0.351562 0.989815 0.346875 0.992593 0.342187 0.989815 0.340104 0.984259 0.338542 0.975926 0.339063 0.966667 0.341146 0.962037 0.335938 0.921296 0.339583 0.922222 0.343750 0.928704 0.345313 0.937037
0 0.344792 0.945370 0.342708 0.950926 0.337500 0.953704 0.332812 0.950926 0.330729 0.945370 0.329167 0.937037 0.329688 0.927778 0.331771 0.923148 0.416667 0.939815 0.420833 0.940741 0.424479 0.947222 0.426042 0.955556
0 0.425521 0.962963 0.423438 0.969444 0.418750 0.972222 0.414062 0.969444 0.411458 0.963889 0.409896 0.954630 0.410417 0.946296 0.413021 0.941667 0.501042 0.995370 0.505208 0.996296 0.497396 0.997222 0.317187 0.856481
0 0.321354 0.857407 0.325000 0.863889 0.326562 0.872222 0.326042 0.879630 0.323958 0.886111 0.318750 0.888889 0.314583 0.886111 0.311979 0.880556 0.310417 0.871296 0.310937 0.862963 0.313542 0.858333 0.417188 0.843518
0 0.421354 0.844444 0.425000 0.850000 0.426562 0.858333 0.426042 0.866667 0.423958 0.872222 0.419271 0.875926 0.414583 0.873148 0.411979 0.867593 0.410417 0.858333 0.410937 0.850000 0.413542 0.845370 0.548437 0.986111
0 0.552604 0.987037 0.556250 0.993519 0.542188 0.992593 0.544792 0.987963 0.554688 0.828704 0.558333 0.828704 0.562500 0.835185 0.564062 0.843518 0.563542 0.851852 0.560938 0.857407 0.556250 0.861111 0.551562 0.857407
0 0.549479 0.852778 0.547917 0.843518 0.548437 0.835185 0.550521 0.830556 0.552083 0.791667 0.556250 0.792593 0.559896 0.799074 0.561458 0.807407 0.560938 0.815741 0.558854 0.821296 0.554167 0.825000 0.549479 0.821296
0 0.546875 0.816667 0.545313 0.807407 0.545833 0.799074 0.548437 0.794444 0.521354 0.821296 0.525521 0.822222 0.529167 0.828704 0.531250 0.837037 0.530729 0.844444 0.528125 0.850926 0.523438 0.853704 0.518750 0.850926
0 0.516146 0.845370 0.515104 0.836111 0.515104 0.827778 0.517708 0.823148 0.371354 0.765741 0.375000 0.783333 0.372917 0.796296 0.368229 0.802778 0.360938 0.805556 0.355729 0.801852 0.352083 0.794444 0.350000 0.781482
0 0.351562 0.770370 0.353646 0.762963 0.358333 0.757407 0.365625 0.759259 0.409896 0.800000 0.413542 0.818519 0.411458 0.830556 0.406771 0.837963 0.400000 0.839815 0.394792 0.836111 0.390625 0.829630 0.388542 0.816667
0 0.390104 0.804630 0.392188 0.798148 0.396875 0.791667 0.404167 0.793519 0.436458 0.788889 0.440104 0.806481 0.438021 0.819444 0.433333 0.825926 0.426562 0.828704 0.421354 0.825000 0.417188 0.817593 0.415104 0.804630
0 0.416667 0.793519 0.418750 0.786111 0.423958 0.780556 0.430729 0.782407 0.419792 0.693519 0.423438 0.712037 0.421354 0.724074 0.416146 0.730556 0.409375 0.733333 0.404167 0.729630 0.400521 0.723148 0.398438 0.709259
0 0.399479 0.698148 0.402083 0.690741 0.406771 0.685185 0.414062 0.687037 0.198958 0.769444 0.202604 0.787963 0.200521 0.800000 0.195833 0.807407 0.189063 0.809259 0.183854 0.805556 0.179688 0.799074 0.177604 0.786111
0 0.179167 0.774074 0.181250 0.767593 0.186458 0.761111 0.193229 0.762963 0.534375 0.869444 0.538021 0.887963 0.535937 0.900000 0.531250 0.906482 0.524479 0.909259 0.519271 0.905556 0.515104 0.899074 0.513021 0.885185
0 0.514583 0.874074 0.516667 0.866667 0.521875 0.861111 0.528646 0.862963 0.708333 0.662963 0.711458 0.678704 0.709896 0.689815 0.709375 0.691667 0.705208 0.696296 0.698438 0.698148 0.693229 0.695370 0.689062 0.687963
0 0.686979 0.675000 0.688542 0.662963 0.690625 0.656482 0.695312 0.652778 0.702083 0.653704 0.592708 0.789815 0.596354 0.807407 0.594271 0.820370 0.589583 0.826852 0.582812 0.828704 0.577604 0.825926 0.573438 0.818519
0 0.571354 0.805556 0.572917 0.794444 0.575000 0.787037 0.580208 0.781482 0.586979 0.783333 0.556250 0.444444 0.559896 0.462963 0.557813 0.475000 0.553125 0.482407 0.546354 0.484259 0.541146 0.480556 0.536979 0.474074
0 0.534896 0.460185 0.536458 0.449074 0.538542 0.442593 0.543750 0.436111 0.550521 0.437963 0.419792 0.422222 0.423438 0.439815 0.421354 0.452778 0.416667 0.459259 0.409375 0.462037 0.404167 0.458333 0.400521 0.450926
0 0.398438 0.437963 0.400000 0.426852 0.402083 0.419444 0.406771 0.413889 0.414062 0.415741 0.448958 0.455556 0.452604 0.473148 0.450521 0.486111 0.445833 0.492593 0.439063 0.494444 0.433854 0.491667 0.429688 0.484259
0 0.427604 0.471296 0.429167 0.459259 0.431250 0.452778 0.435937 0.446296 0.443229 0.448148 0.480208 0.592593 0.483854 0.611111 0.481771 0.623148 0.477083 0.629630 0.470313 0.632407 0.465104 0.628704 0.460938 0.621296
0 0.458854 0.608333 0.460417 0.597222 0.462500 0.589815 0.467708 0.584259 0.475000 0.586111 0.780729 0.827778 0.784375 0.845370 0.782812 0.858333 0.777604 0.864815 0.770833 0.866667 0.765625 0.863889 0.761458 0.856481
0 0.759896 0.843518 0.760938 0.831481 0.763542 0.825000 0.768229 0.819444 0.775521 0.820370 0.876042 0.839815 0.879687 0.857407 0.877604 0.870370 0.872917 0.876852 0.866146 0.879630 0.860937 0.875926 0.856771 0.868519
0 0.855208 0.855556 0.856250 0.844444 0.858333 0.837037 0.863542 0.831481 0.870833 0.833333 0.938021 0.751852 0.941667 0.769444 0.939583 0.782407 0.934896 0.788889 0.928125 0.791667 0.922917 0.787963 0.918750 0.780556
0 0.916667 0.767593 0.918229 0.756481 0.920313 0.749074 0.925521 0.743519 0.932292 0.745370 0.990625 0.608333 0.994271 0.625926 0.992708 0.638889 0.987500 0.645370 0.980729 0.647222 0.975521 0.644444 0.971354 0.637037
0 0.969792 0.624074 0.970833 0.612037 0.973437 0.605556 0.978125 0.599074 0.985417 0.600926 0.810417 0.229630 0.814062 0.247222 0.811979 0.260185 0.806771 0.266667 0.800000 0.269444 0.794792 0.265741 0.791146 0.258333
0 0.789062 0.245370 0.790104 0.234259 0.792708 0.226852 0.797396 0.221296 0.804688 0.223148 0.766667 0.245370 0.770312 0.263889 0.768229 0.275926 0.763542 0.282407 0.756771 0.285185 0.751562 0.281481 0.747396 0.275000
0 0.745313 0.261111 0.746875 0.250000 0.748958 0.242593 0.754167 0.237037 0.760938 0.238889 0.701042 0.291667 0.704687 0.309259 0.703125 0.322222 0.697917 0.328704 0.691146 0.331481 0.685938 0.327778
0 0.682292 0.320370 0.680208 0.307407 0.681250 0.296296 0.683854 0.288889 0.688542 0.283333 0.695833 0.285185 0.669792 0.292593 0.673437 0.310185 0.671354 0.323148 0.666667 0.329630 0.659375 0.332407
0 0.654167 0.328704 0.650521 0.321296 0.648438 0.308333 0.650000 0.297222 0.652083 0.289815 0.656771 0.284259 0.664062 0.286111 0.617708 0.250926 0.621354 0.268519 0.619271 0.281481 0.614583 0.287963
0 0.607813 0.289815 0.602604 0.287037 0.598437 0.279630 0.596354 0.266667 0.597917 0.255556 0.600000 0.248148 0.605208 0.242593 0.612500 0.243519 0.688021 0.248148 0.691667 0.266667 0.689583 0.278704
0 0.684896 0.285185 0.678125 0.287963 0.672917 0.284259 0.668750 0.276852 0.666667 0.263889 0.668229 0.252778 0.670313 0.245370 0.675521 0.239815 0.682813 0.241667 0.680729 0.012037 0.678646 0.025000
0 0.673958 0.031481 0.666667 0.033333 0.661458 0.030556 0.657812 0.023148 0.655729 0.010185 0.547917 0.275926 0.551562 0.293519 0.549479 0.306481 0.544792 0.312963 0.537500 0.315741 0.532292 0.312037
0 0.528646 0.304630 0.526563 0.291667 0.527604 0.280556 0.530208 0.273148 0.534896 0.267593 0.542188 0.269444 0.865625 0.016667 0.869271 0.035185 0.867188 0.047222 0.861979 0.053704 0.855208 0.056481 0.850000 0.052778
0 0.846354 0.046296 0.844271 0.032407 0.845312 0.021296 0.847917 0.013889 0.852604 0.008333 0.859896 0.010185 0.606250 0.005556 0.604167 0.018519 0.599479 0.025000 0.592708 0.027778 0.587500 0.024074 0.583333 0.016667
0 0.581250 0.003704 0.390104 0.328704 0.393750 0.347222 0.392188 0.359259 0.386979 0.366667 0.380208 0.368519 0.375000 0.364815 0.371354 0.358333 0.369271 0.345370 0.370313 0.333333 0.372917 0.326852 0.377604 0.320370
0 0.384896 0.322222 0.435417 0.297222 0.439063 0.314815 0.436979 0.327778 0.432292 0.334259 0.425000 0.336111 0.420312 0.332407 0.416146 0.325926 0.414062 0.312963 0.415625 0.300926 0.417708 0.294444 0.422396 0.287963
0 0.429688 0.289815 0.389062 0.083333 0.392708 0.100926 0.390625 0.113889 0.385417 0.120370 0.378646 0.122222 0.373437 0.119444 0.369792 0.112037 0.367708 0.099074 0.368750 0.087963 0.371354 0.080556 0.376042 0.075000
0 0.383333 0.076852 0.472396 0.046296 0.476042 0.064815 0.473958 0.076852 0.469271 0.084259 0.461979 0.086111 0.456771 0.082407 0.453125 0.075926 0.451042 0.062963 0.452604 0.050926 0.454688 0.044444 0.459375 0.037963
0 0.466667 0.039815 0.265104 0.328704 0.268750 0.346296 0.267188 0.359259 0.261979 0.365741 0.255208 0.367593 0.250000 0.364815 0.246354 0.357407 0.244271 0.344444 0.245312 0.333333 0.247917 0.325926 0.252604 0.320370
0 0.259896 0.322222 0.291146 0.336111 0.294792 0.353704 0.292708 0.366667 0.288021 0.373148 0.281250 0.375926 0.276042 0.372222 0.271875 0.364815 0.269792 0.351852 0.271354 0.340741 0.273438 0.333333 0.278646 0.327778
0 0.285417 0.329630 0.231250 0.219444 0.234896 0.237037 0.232812 0.250000 0.228125 0.256481 0.221354 0.259259 0.216146 0.255556 0.211979 0.248148 0.209896 0.235185 0.211458 0.224074 0.213542 0.216667 0.218750 0.211111
0 0.226042 0.212963 0.129688 0.411111 0.133333 0.429630 0.131771 0.441667 0.126563 0.449074 0.119792 0.450926 0.114583 0.447222 0.110417 0.440741 0.108854 0.427778 0.109896 0.415741 0.112500 0.409259 0.117188 0.402778
0 0.124479 0.404630 0.085417 0.286111 0.089062 0.304630 0.086979 0.316667 0.082292 0.324074 0.075521 0.325926 0.070312 0.322222 0.066146 0.315741 0.064062 0.301852 0.065625 0.290741 0.067708 0.284259 0.072917 0.277778
0 0.080208 0.279630 0.070312 0.240741 0.073958 0.258333 0.072396 0.271296 0.067188 0.277778 0.060417 0.280556 0.055208 0.276852 0.051042 0.269444 0.049479 0.256481 0.050521 0.245370 0.053125 0.237963 0.057813 0.232407
0 0.065104 0.234259 0.293229 0.750926 0.296875 0.768519 0.294792 0.781482 0.290104 0.787963 0.283333 0.790741 0.278125 0.787037 0.273958 0.779630 0.271875 0.766667 0.273438 0.755556 0.275521 0.748148 0.280729 0.742593
0 0.288021 0.744444 0.480208 0.717593 0.483854 0.736111 0.482292 0.748148 0.477083 0.754630 0.470313 0.757407 0.465104 0.753704 0.461458 0.746296 0.459375 0.733333 0.460417 0.722222 0.463021 0.714815 0.467708 0.709259
0 0.475000 0.711111 0.443229 0.578704 0.446875 0.597222 0.444792 0.609259 0.440104 0.616667 0.432813 0.618519 0.427604 0.614815 0.423958 0.608333 0.421875 0.595370 0.422917 0.583333 0.425521 0.576852 0.430208 0.570370
0 0.437500 0.572222 0.396875 0.558333 0.400521 0.576852 0.398438 0.588889 0.393750 0.595370 0.386979 0.598148 0.381771 0.594444 0.377604 0.587963 0.375521 0.574074 0.377083 0.562963 0.379167 0.555556 0.384375 0.550000
0 0.391146 0.551852 0.921354 0.538889 0.925000 0.557407 0.923437 0.569444 0.918229 0.576852 0.911458 0.578704 0.906250 0.575000 0.902604 0.568519 0.900521 0.555556 0.901563 0.543519 0.904167 0.537037 0.908854 0.530556
0 0.916146 0.532407 0.729167 0.621296 0.732292 0.635185 0.732813 0.650000 0.729167 0.662963 0.722396 0.667593 0.717188 0.669444 0.709896 0.663889 0.705208 0.653704 0.703646 0.641667 0.703125 0.629630 0.708333 0.618519
0 0.713542 0.612963 0.723437 0.613889 0.596875 0.500000 0.600000 0.513889 0.600521 0.529630 0.596875 0.542593 0.590104 0.547222 0.584896 0.549074 0.577604 0.542593 0.572917 0.533333 0.571354 0.520370 0.570833 0.509259
0 0.576042 0.498148 0.581250 0.491667 0.591146 0.493519 0.515104 0.123148 0.518229 0.124074 0.521354 0.129630 0.522917 0.137037 0.522396 0.144444 0.518750 0.150000 0.513542 0.150000 0.511458 0.146296 0.509896 0.137963
0 0.509896 0.130556 0.511458 0.125000 0.545313 0.066667 0.549479 0.067593 0.553125 0.073148 0.555208 0.081481 0.554688 0.089815 0.552083 0.095370 0.547396 0.099074 0.542708 0.096296 0.539583 0.090741 0.538542 0.081481
0 0.539062 0.073148 0.541667 0.068519 0.680729 0.074074 0.682813 0.083333 0.682813 0.090741 0.681771 0.096296 0.678125 0.100000 0.671875 0.102778 0.668229 0.098148 0.665625 0.090741 0.664583 0.081481 0.665104 0.073148 0.667708 0.067593
0 0.671354 0.064815 0.677083 0.067593 0.733333 0.112037 0.734896 0.121296 0.734896 0.128704 0.733854 0.134259 0.730208 0.137963 0.724479 0.139815 0.720833 0.136111 0.717708 0.127778 0.716667 0.119444 0.717188 0.111111
0 0.719792 0.105556 0.723437 0.102778 0.729167 0.105556 0.693750 0.149074 0.695312 0.158333 0.695312 0.165741 0.694271 0.171296 0.690625 0.175000 0.684896 0.176852 0.680729 0.173148 0.678125 0.164815 0.677083 0.156481
0 0.677604 0.148148 0.680208 0.142593 0.683854 0.139815 0.689583 0.141667 0.730729 0.212963 0.732813 0.222222 0.732813 0.229630 0.731771 0.235185 0.728125 0.238889 0.722396 0.240741 0.718229 0.237037 0.715625 0.228704
0 0.714583 0.220370 0.715104 0.212037 0.717708 0.206481 0.721354 0.203704 0.727083 0.206481 0.761458 0.187963 0.763021 0.197222 0.763021 0.204630 0.761979 0.210185 0.758854 0.213889 0.752604 0.215741 0.748958 0.212037
0 0.746354 0.203704 0.745313 0.195370 0.745833 0.187037 0.747917 0.181481 0.752083 0.178704 0.757292 0.180556 0.701563 0.021296 0.703125 0.030556 0.703125 0.037963 0.702083 0.043519 0.698438 0.047222 0.692708 0.049074
0 0.689062 0.045370 0.685938 0.037037 0.684896 0.028704 0.685417 0.020370 0.688021 0.014815 0.691667 0.012037 0.697396 0.014815 0.743229 0.000000 0.740104 0.002778 0.734375 0.004630 0.730208 0.000926 0.784375 0.087037
0 0.785937 0.097222 0.785937 0.104630 0.784896 0.110185 0.781250 0.113889 0.775521 0.115741 0.771875 0.112037 0.768750 0.103704 0.768229 0.094444 0.768229 0.087037 0.770833 0.081481 0.774479 0.078704 0.780208 0.080556
0 0.788021 0.004630 0.788021 0.012037 0.786979 0.017593 0.783854 0.021296 0.777604 0.024074 0.773958 0.019444 0.771354 0.012037 0.770312 0.002778 0.841667 0.071296 0.843229 0.080556 0.843229 0.087963 0.842188 0.094444
0 0.839063 0.098148 0.832812 0.100000 0.829167 0.096296 0.826563 0.087963 0.825521 0.078704 0.826042 0.071296 0.828125 0.064815 0.831771 0.062963 0.837500 0.064815 0.836979 0.002778 0.830729 0.004630 0.827083 0.000000
0 0.701563 0.086111 0.703125 0.095370 0.703125 0.102778 0.702083 0.109259 0.698958 0.112963 0.692708 0.114815 0.689062 0.111111 0.686458 0.102778 0.685417 0.093519 0.685938 0.086111 0.688021 0.079630 0.692187 0.077778
0 0.697396 0.079630 0.772396 0.300926 0.773958 0.310185 0.773958 0.317593 0.772917 0.323148 0.769271 0.327778 0.763542 0.329630 0.759896 0.325926 0.756771 0.317593 0.756250 0.308333 0.756250 0.300926 0.758854 0.294444
0 0.762500 0.292593 0.768229 0.294444 0.877083 0.298148 0.878646 0.307407 0.878646 0.314815 0.877604 0.320370 0.873958 0.324074 0.868229 0.325926 0.864583 0.322222 0.861458 0.313889 0.860417 0.305556 0.860937 0.297222
0 0.863542 0.291667 0.867188 0.288889 0.872917 0.291667 0.917708 0.275000 0.919792 0.284259 0.919792 0.291667 0.918229 0.297222 0.915104 0.301852 0.908854 0.303704 0.905208 0.299074 0.902604 0.291667 0.901563 0.282407
0 0.902083 0.275000 0.904167 0.268519 0.908333 0.266667 0.914062 0.268519 0.796875 0.315741 0.798437 0.325000 0.798437 0.332407 0.797396 0.337963 0.794271 0.341667 0.788021 0.343519 0.784375 0.339815 0.781771 0.331481
0 0.780729 0.323148 0.781250 0.314815 0.783333 0.309259 0.787500 0.306481 0.792708 0.309259 0.818229 0.328704 0.819792 0.337963 0.819792 0.345370 0.818750 0.350926 0.815625 0.354630 0.809375 0.356481 0.805729 0.352778
0 0.803125 0.344444 0.802083 0.336111 0.802604 0.327778 0.804688 0.322222 0.808854 0.319444 0.814062 0.322222 0.817187 0.475926 0.819271 0.485185 0.819271 0.492593 0.818229 0.498148 0.814583 0.502778 0.808854 0.504630
0 0.804688 0.500000 0.802083 0.492593 0.801042 0.483333 0.801562 0.475926 0.804167 0.469444 0.807813 0.467593 0.813542 0.469444 0.867708 0.524074 0.869271 0.533333 0.869271 0.540741 0.868229 0.546296 0.864583 0.550000
0 0.858854 0.551852 0.855208 0.548148 0.852083 0.539815 0.851562 0.531482 0.851562 0.523148 0.854167 0.517593 0.857813 0.514815 0.863542 0.516667 0.926562 0.476852 0.928125 0.486111 0.928125 0.493519 0.927083 0.499074
0 0.923437 0.502778 0.917708 0.505556 0.914062 0.500926 0.910937 0.493519 0.909896 0.484259 0.910417 0.475926 0.913021 0.470370 0.916667 0.467593 0.922396 0.470370 0.697396 0.426852 0.698958 0.436111 0.698958 0.443519
0 0.697917 0.449074 0.694271 0.453704 0.688542 0.455556 0.684375 0.450926 0.681771 0.443519 0.680729 0.434259 0.681250 0.426852 0.683854 0.420370 0.687500 0.418519 0.693229 0.420370 0.660417 0.408333 0.662500 0.417593
0 0.662500 0.425000 0.660937 0.430556 0.657812 0.434259 0.651563 0.436111 0.647917 0.432407 0.645312 0.424074 0.644271 0.415741 0.644792 0.407407 0.647396 0.401852 0.651042 0.399074 0.656771 0.400926 0.782812 0.541667
0 0.784375 0.550926 0.784375 0.558333 0.783333 0.563889 0.780208 0.568519 0.773958 0.570370 0.770312 0.566667 0.767708 0.558333 0.766667 0.549074 0.767187 0.541667 0.769271 0.535185 0.773438 0.533333 0.778646 0.535185
0 0.708854 0.585185 0.710417 0.594444 0.710417 0.601852 0.709375 0.607407 0.705729 0.611111 0.700000 0.613889 0.696354 0.609259 0.693229 0.600926 0.692708 0.592593 0.692708 0.584259 0.695312 0.578704 0.698958 0.575926
0 0.704687 0.578704 0.810417 0.669444 0.811979 0.678704 0.811979 0.686111 0.810938 0.691667 0.807813 0.696296 0.801562 0.698148 0.797917 0.693519 0.795313 0.686111 0.794271 0.676852 0.794792 0.669444 0.796875 0.662963
0 0.801042 0.661111 0.806250 0.662963 0.786979 0.733333 0.788542 0.742593 0.788542 0.750000 0.787500 0.755556 0.784375 0.760185 0.778125 0.762037 0.774479 0.757407 0.771875 0.750000 0.770833 0.740741 0.771354 0.733333
0 0.773438 0.726852 0.777604 0.725000 0.782812 0.726852 0.739583 0.737037 0.741146 0.747222 0.741146 0.754630 0.740104 0.760185 0.736979 0.763889 0.730729 0.765741 0.727083 0.762037 0.724479 0.753704 0.723437 0.744444
0 0.723958 0.737037 0.726042 0.731481 0.730208 0.728704 0.735417 0.730556 0.669792 0.851852 0.671354 0.861111 0.671354 0.868519 0.670313 0.874074 0.666667 0.877778 0.660937 0.879630 0.657292 0.875926 0.654167 0.867593
0 0.653125 0.859259 0.653646 0.850926 0.656250 0.845370 0.659896 0.842593 0.665625 0.845370 0.672396 0.812963 0.673958 0.822222 0.673958 0.829630 0.672917 0.835185 0.669792 0.838889 0.663542 0.841667 0.659896 0.837037
0 0.657292 0.829630 0.656250 0.820370 0.656771 0.812037 0.658854 0.806481 0.662500 0.803704 0.668229 0.806481 0.622396 0.954630 0.623958 0.963889 0.623958 0.971296 0.622917 0.976852 0.619792 0.980556 0.613542 0.982407
0 0.609896 0.978704 0.607292 0.970370 0.606250 0.962037 0.606771 0.953704 0.608854 0.948148 0.613021 0.945370 0.618229 0.948148 0.640625 0.919444 0.642187 0.928704 0.642187 0.936111 0.641146 0.941667 0.637500 0.946296
0 0.631771 0.948148 0.628125 0.943519 0.625000 0.936111 0.623958 0.926852 0.624479 0.919444 0.627083 0.912963 0.630729 0.911111 0.636458 0.912963 0.661458 0.935185 0.663021 0.944444 0.663021 0.951852 0.661979 0.957407
0 0.658854 0.961111 0.652604 0.962963 0.648958 0.959259 0.646354 0.950926 0.645312 0.942593 0.645833 0.934259 0.647917 0.928704 0.652083 0.925926 0.657292 0.927778 0.682292 0.940741 0.683854 0.950000 0.683854 0.957407
0 0.682813 0.962963 0.679167 0.967593 0.673437 0.969444 0.669792 0.965741 0.666667 0.957407 0.666146 0.948148 0.666146 0.940741 0.668750 0.934259 0.672396 0.932407 0.678125 0.934259 0.695833 0.915741 0.697396 0.925926
0 0.697396 0.933333 0.696354 0.938889 0.693229 0.942593 0.686979 0.944444 0.683333 0.940741 0.680729 0.932407 0.679688 0.923148 0.680208 0.915741 0.682292 0.910185 0.686458 0.907407 0.691667 0.909259 0.654167 0.977778
0 0.655729 0.987037 0.655729 0.994444 0.638542 0.993519 0.638021 0.985185 0.638021 0.976852 0.640625 0.971296 0.644271 0.968518 0.650000 0.971296 0.743750 0.903704 0.745313 0.913889 0.745313 0.921296 0.744271 0.926852
0 0.741146 0.930556 0.734896 0.932407 0.731250 0.928704 0.728646 0.920370 0.727604 0.911111 0.728125 0.903704 0.730208 0.898148 0.734375 0.895370 0.739583 0.897222 0.839583 0.854630 0.841146 0.864815 0.841146 0.872222
0 0.840104 0.877778 0.836458 0.881481 0.830729 0.883333 0.826563 0.879630 0.823958 0.871296 0.822917 0.862037 0.823438 0.854630 0.826042 0.849074 0.829687 0.846296 0.835417 0.848148 0.802604 0.847222 0.804167 0.856481
0 0.804167 0.863889 0.803125 0.869444 0.800000 0.873148 0.793750 0.875926 0.790104 0.871296 0.787500 0.863889 0.786458 0.854630 0.786979 0.846296 0.789062 0.840741 0.793229 0.837963 0.798437 0.840741 0.835938 0.725000 0.837500 0.734259
0 0.837500 0.741667 0.836458 0.747222 0.833333 0.750926 0.827083 0.753704 0.823438 0.749074 0.820833 0.740741 0.819792 0.732407 0.820312 0.724074 0.822396 0.718518 0.826563 0.715741 0.831771 0.718518 0.888021 0.745370 0.890104 0.754630
0 0.890104 0.762037 0.888542 0.767593 0.885417 0.771296 0.879167 0.773148 0.875521 0.769444 0.872917 0.761111 0.871875 0.752778 0.872396 0.744444 0.874479 0.738889 0.878646 0.736111 0.884375 0.737963
0 0.901042 0.801852 0.902604 0.812037 0.902604 0.819444 0.901563 0.825000 0.898438 0.828704 0.892187 0.830556 0.888542 0.826852 0.885938 0.818519 0.884896 0.809259 0.885417 0.801852 0.887500 0.796296 0.891667 0.793519
0 0.896875 0.795370 0.931250 0.870370 0.932813 0.879630 0.932813 0.887037 0.931771 0.892593 0.928646 0.896296 0.922396 0.898148 0.918750 0.894444 0.916146 0.886111 0.915104 0.877778 0.915625 0.869444 0.917708 0.863889 0.921875 0.861111
0 0.927083 0.862963 0.955208 0.829630 0.956771 0.839815 0.956771 0.847222 0.955729 0.852778 0.952083 0.856481 0.946354 0.858333 0.942708 0.854630 0.940104 0.846296 0.939062 0.837037 0.939583 0.829630 0.941667 0.824074 0.945312 0.821296
0 0.951042 0.823148 0.958333 0.617593 0.959896 0.626852 0.959896 0.634259 0.958854 0.639815 0.955729 0.643519 0.949479 0.645370 0.945833 0.641667 0.943229 0.633333 0.942187 0.625000 0.942708 0.616667 0.944792 0.611111 0.948438 0.608333
0 0.954167 0.610185 0.945312 0.683333 0.946875 0.692593 0.946875 0.700000 0.945833 0.705556 0.942708 0.709259 0.936458 0.711111 0.932813 0.707407 0.930208 0.699074 0.929167 0.690741 0.929688 0.682407 0.931771 0.676852 0.935938 0.674074
0 0.941146 0.676852 0.921875 0.684259 0.923437 0.693519 0.923437 0.700926 0.922396 0.706481 0.919271 0.710185 0.913021 0.712037 0.909375 0.708333 0.906771 0.700000 0.905729 0.691667 0.906250 0.683333 0.908333 0.677778 0.912500 0.675000
0 0.917708 0.676852 0.999479 0.778704 0.995833 0.775000 0.992708 0.766667 0.991667 0.757407 0.992188 0.750000 0.994792 0.744444 0.998438 0.741667 0.829687 0.652778 0.831250 0.662037 0.831250 0.669444 0.830208 0.675000 0.827083 0.678704
0 0.820833 0.680556 0.817187 0.676852 0.814583 0.668519 0.813542 0.660185 0.814062 0.651852 0.816146 0.646296 0.820312 0.643519 0.825521 0.646296 0.770312 0.588889 0.771875 0.598148 0.771875 0.605556 0.770833 0.611111 0.767187 0.615741
0 0.761458 0.617593 0.757812 0.612963 0.754687 0.605556 0.753646 0.596296 0.754167 0.588889 0.756771 0.582407 0.760417 0.580556 0.766146 0.582407 0.339063 0.180556 0.340625 0.189815 0.340625 0.197222 0.339583 0.202778 0.336458 0.206481
0 0.330208 0.208333 0.326562 0.204630 0.323958 0.196296 0.322917 0.187963 0.323438 0.179630 0.325521 0.174074 0.329688 0.171296 0.334896 0.173148 0.745833 0.016667 0.749479 0.017593 0.752083 0.023148 0.753646 0.030556 0.753125 0.037037
0 0.749479 0.043519 0.744792 0.043519 0.742708 0.038889 0.741146 0.031481 0.741146 0.024074 0.742708 0.017593 0.564583 0.163889 0.566146 0.174074 0.566146 0.181481 0.565104 0.187037 0.561458 0.190741 0.555729 0.192593 0.552083 0.188889
0 0.548958 0.180556 0.547917 0.171296 0.548437 0.163889 0.551042 0.158333 0.554688 0.155556 0.560417 0.157407 0.586458 0.026852 0.589583 0.028704 0.592708 0.033333 0.593750 0.040741 0.593750 0.048148 0.590104 0.053704 0.584896 0.054630
0 0.582812 0.050000 0.581250 0.041667 0.581250 0.034259 0.582812 0.028704 0.415625 0.235185 0.417188 0.245370 0.417188 0.252778 0.416146 0.258333 0.412500 0.262037 0.406771 0.263889 0.403125 0.260185 0.400000 0.251852 0.398958 0.242593
0 0.399479 0.235185 0.402083 0.229630 0.405729 0.226852 0.411458 0.228704 0.477083 0.461111 0.478646 0.470370 0.478646 0.477778 0.477604 0.483333 0.473958 0.487963 0.468229 0.489815 0.464583 0.485185 0.461458 0.477778 0.460938 0.468519
0 0.460938 0.461111 0.463542 0.454630 0.467187 0.452778 0.472917 0.454630 0.526042 0.566667 0.527604 0.575926 0.527604 0.583333 0.526563 0.588889 0.523438 0.593518 0.517187 0.595370 0.513542 0.590741 0.510938 0.583333 0.509896 0.574074
0 0.510417 0.566667 0.512500 0.560185 0.516146 0.558333 0.521875 0.560185 0.560938 0.636111 0.562500 0.646296 0.562500 0.653704 0.561458 0.659259 0.558333 0.662963 0.552083 0.664815 0.548437 0.661111 0.545833 0.652778 0.544792 0.643519
0 0.545313 0.636111 0.547396 0.630556 0.551042 0.627778 0.556771 0.629630 0.598437 0.651852 0.600000 0.661111 0.600000 0.668519 0.598958 0.674074 0.595833 0.678704 0.589583 0.680556 0.585938 0.675926 0.583333 0.668519 0.582292 0.659259
0 0.582812 0.651852 0.584896 0.645370 0.589063 0.643519 0.594271 0.645370 0.590104 0.731481 0.591667 0.741667 0.591667 0.749074 0.590625 0.754630 0.587500 0.758333 0.581250 0.760185 0.577604 0.756481 0.575000 0.748148 0.573958 0.738889
0 0.574479 0.731481 0.576563 0.725926 0.580729 0.723148 0.585938 0.725000 0.593750 0.843518 0.595312 0.852778 0.595312 0.860185 0.594271 0.865741 0.591146 0.870370 0.584896 0.872222 0.581250 0.868519 0.578646 0.860185 0.577604 0.850926
0 0.578125 0.843518 0.580208 0.837037 0.584375 0.835185 0.589583 0.837037 0.695312 0.996296 0.679688 0.996296 0.681771 0.989815 0.685938 0.987963 0.691667 0.989815 0.719271 0.837963 0.720833 0.848148 0.720833 0.855556 0.719792 0.861111
0 0.716146 0.864815 0.710417 0.866667 0.706771 0.862963 0.703646 0.854630 0.702604 0.846296 0.703125 0.837963 0.705729 0.832407 0.709375 0.829630 0.715104 0.831481 0.488542 0.772222 0.490104 0.781482 0.490104 0.788889 0.489062 0.794444
0 0.485417 0.797222 0.479688 0.800000 0.476042 0.796296 0.472917 0.787963 0.471875 0.779630 0.472396 0.771296 0.475000 0.765741 0.478646 0.762963 0.484375 0.764815 0.393229 0.953704 0.394792 0.962963 0.394792 0.970370 0.393750 0.975926
0 0.390625 0.978704 0.384375 0.981481 0.380729 0.977778 0.378125 0.970370 0.377083 0.961111 0.377604 0.953704 0.379687 0.947222 0.383854 0.945370 0.389583 0.947222 0.424479 0.902778 0.426042 0.912037 0.426042 0.919444 0.425000 0.925000
0 0.421354 0.927778 0.415625 0.930556 0.411979 0.926852 0.408854 0.918519 0.408333 0.910185 0.408333 0.901852 0.410937 0.896296 0.414583 0.893519 0.420312 0.896296 0.293229 0.886111 0.294792 0.896296 0.294792 0.903704 0.293750 0.909259
0 0.290104 0.912037 0.284375 0.914815 0.280729 0.911111 0.277604 0.902778 0.276563 0.893519 0.277083 0.886111 0.279687 0.880556 0.283333 0.877778 0.289062 0.879630 0.221875 0.971296 0.223438 0.976852 0.223438 0.983333 0.221354 0.987037
0 0.219271 0.988889 0.216146 0.988889 0.213021 0.984259 0.212500 0.977778 0.213021 0.972222 0.216146 0.968518 0.218750 0.968518 0.307813 0.873148 0.309375 0.878704 0.309375 0.885185 0.307292 0.888889 0.305729 0.890741 0.302604 0.891667
0 0.299479 0.886111 0.298958 0.879630 0.298958 0.874074 0.302083 0.870370 0.305208 0.870370 0.282292 0.801852 0.283854 0.806481 0.283854 0.812963 0.281771 0.817593 0.279687 0.819444 0.276563 0.819444 0.273438 0.813889 0.272917 0.807407
0 0.273438 0.802778 0.276563 0.798148 0.279167 0.799074 0.206250 0.888889 0.207813 0.894444 0.207813 0.900926 0.205729 0.904630 0.203646 0.906482 0.200521 0.906482 0.197396 0.901852 0.196875 0.895370 0.197396 0.889815 0.200521 0.886111
0 0.203125 0.886111 0.195833 0.874074 0.197396 0.879630 0.197396 0.886111 0.195312 0.889815 0.193229 0.891667 0.190104 0.892593 0.187500 0.887037 0.186458 0.880556 0.186979 0.875000 0.190104 0.871296 0.193229 0.871296 0.205729 0.862963
0 0.207292 0.868519 0.207292 0.875000 0.205729 0.878704 0.203646 0.881481 0.200521 0.881481 0.197396 0.875926 0.196875 0.869444 0.196875 0.863889 0.200000 0.860185 0.203125 0.860185 0.509375 0.942593 0.510938 0.948148 0.510938 0.954630
0 0.509375 0.958333 0.507292 0.960185 0.504167 0.961111 0.501042 0.955556 0.500521 0.949074 0.500521 0.943519 0.503646 0.939815 0.506771 0.939815 0.529688 0.955556 0.531250 0.960185 0.530729 0.966667 0.529167 0.971296 0.527083 0.973148
0 0.523958 0.973148 0.520833 0.967593 0.520312 0.961111 0.520833 0.955556 0.523438 0.951852 0.526563 0.951852 0.634896 0.994444 0.626042 0.995370 0.628646 0.991667 0.631771 0.991667 0.776563 0.876852 0.778125 0.882407 0.778125 0.887963
0 0.776563 0.892593 0.774479 0.894444 0.771354 0.894444 0.768229 0.888889 0.767708 0.882407 0.767708 0.877778 0.770833 0.874074 0.773958 0.874074 0.760417 0.852778 0.761458 0.858333 0.761458 0.864815 0.759896 0.868519 0.757812 0.870370
0 0.754687 0.870370 0.751562 0.865741 0.751042 0.859259 0.751562 0.853704 0.754167 0.850000 0.757292 0.850000 0.950521 0.868519 0.952083 0.873148 0.952083 0.879630 0.950000 0.884259 0.947917 0.886111 0.944792 0.886111 0.941667 0.880556
0 0.941146 0.874074 0.941667 0.869444 0.944792 0.865741 0.947396 0.865741 0.947917 0.788889 0.949479 0.794444 0.949479 0.800926 0.947396 0.804630 0.945312 0.806481 0.942187 0.807407 0.939583 0.801852 0.938542 0.795370 0.939062 0.789815
0 0.942187 0.786111 0.945312 0.786111 0.901042 0.661111 0.902604 0.666667 0.902604 0.672222 0.900521 0.676852 0.898438 0.678704 0.895312 0.678704 0.892187 0.673148 0.891667 0.666667 0.892187 0.662037 0.895312 0.658333 0.897917 0.658333
0 0.971354 0.534259 0.972917 0.539815 0.972396 0.546296 0.970833 0.550000 0.968750 0.551852 0.965625 0.552778 0.962500 0.547222 0.961979 0.540741 0.962500 0.535185 0.965104 0.531482 0.968229 0.531482 0.944271 0.500926 0.945312 0.506481
0 0.945312 0.512963 0.943750 0.516667 0.941667 0.519444 0.938542 0.519444 0.935417 0.513889 0.934896 0.507407 0.935417 0.501852 0.938021 0.498148 0.941146 0.498148 0.753646 0.621296 0.754687 0.625926 0.754687 0.632407 0.753125 0.637037
0 0.751042 0.638889 0.747917 0.638889 0.744792 0.633333 0.744271 0.626852 0.744792 0.621296 0.747396 0.617593 0.750521 0.618519 0.766146 0.512963 0.767708 0.517593 0.767708 0.524074 0.765625 0.528704 0.763542 0.530556 0.760417 0.530556
0 0.757292 0.525000 0.756771 0.518519 0.757292 0.513889 0.760417 0.510185 0.763021 0.510185 0.713542 0.430556 0.715104 0.436111 0.715104 0.441667 0.713021 0.446296 0.710938 0.448148 0.708333 0.448148 0.705208 0.442593 0.704167 0.436111
0 0.704687 0.431481 0.707812 0.427778 0.710938 0.427778 0.602604 0.415741 0.604167 0.420370 0.604167 0.426852 0.602083 0.431481 0.600521 0.433333 0.597396 0.433333 0.594271 0.427778 0.593229 0.421296 0.593750 0.416667 0.596875 0.412963
0 0.600000 0.412963 0.629167 0.312037 0.630729 0.317593 0.630729 0.324074 0.628646 0.327778 0.626562 0.330556 0.623438 0.330556 0.620313 0.325000 0.619792 0.318519 0.620313 0.312963 0.623438 0.309259 0.626042 0.309259 0.555208 0.320370
0 0.556771 0.325926 0.556250 0.331481 0.554688 0.336111 0.552604 0.337963 0.549479 0.337963 0.546354 0.332407 0.545833 0.326852 0.546354 0.321296 0.548958 0.317593 0.552083 0.317593 0.565104 0.508333 0.566667 0.513889 0.566667 0.520370
0 0.564583 0.524074 0.562500 0.526852 0.559375 0.526852 0.556250 0.521296 0.555729 0.514815 0.556250 0.509259 0.559375 0.505556 0.561979 0.505556 0.509375 0.509259 0.510938 0.514815 0.510938 0.520370 0.509375 0.525000 0.507292 0.526852
0 0.504167 0.526852 0.501042 0.521296 0.500521 0.514815 0.500521 0.510185 0.503646 0.506481 0.506771 0.506481 0.502604 0.658333 0.504167 0.663889 0.504167 0.670370 0.502083 0.674074 0.500000 0.675926 0.496875 0.676852 0.493750 0.671296
0 0.493229 0.664815 0.493750 0.659259 0.496875 0.655556 0.499479 0.655556 0.608333 0.564815 0.609896 0.574074 0.609896 0.581481 0.608854 0.587037 0.605208 0.590741 0.599479 0.592593 0.595833 0.588889 0.592708 0.580556 0.591667 0.572222
0 0.592188 0.563889 0.594792 0.558333 0.598437 0.555556 0.604167 0.558333 0.456250 0.588889 0.457812 0.594444 0.457812 0.600926 0.456250 0.604630 0.454167 0.606481 0.451042 0.607407 0.447917 0.601852 0.447396 0.595370 0.447917 0.589815
0 0.450521 0.586111 0.453646 0.586111 0.423438 0.621296 0.425000 0.626852 0.425000 0.633333 0.422917 0.637037 0.420833 0.639815 0.417708 0.639815 0.414583 0.634259 0.414062 0.627778 0.414583 0.622222 0.417188 0.618519 0.420312 0.618519
0 0.478125 0.644444 0.477083 0.649074 0.475000 0.650926 0.472396 0.651852 0.470833 0.649074 0.469792 0.644444 0.469792 0.640741 0.470833 0.637963 0.472396 0.636111 0.474479 0.635185 0.477083 0.637037 0.477604 0.640741 0.468750 0.834259
0 0.467708 0.838889 0.465625 0.840741 0.463021 0.841667 0.461458 0.838889 0.460417 0.834259 0.460417 0.830556 0.461458 0.827778 0.463021 0.825926 0.465104 0.825000 0.467708 0.826852 0.468229 0.830556 0.389062 0.781482 0.388021 0.786111
0 0.385938 0.787963 0.383333 0.788889 0.381771 0.786111 0.380729 0.781482 0.381250 0.777778 0.381771 0.775000 0.383333 0.773148 0.385417 0.772222 0.388021 0.774074 0.389062 0.777778 0.476042 0.994444 0.467708 0.994444 0.468229 0.990741
0 0.469271 0.987963 0.470313 0.985185 0.472917 0.984259 0.475000 0.986111 0.476042 0.990741 0.252604 0.625926 0.251563 0.630556 0.249479 0.632407 0.246875 0.633333 0.245312 0.630556 0.244271 0.626852 0.244792 0.623148 0.245312 0.619444
0 0.246875 0.617593 0.248958 0.616667 0.251563 0.618519 0.252604 0.622222 0.272396 0.441667 0.271875 0.447222 0.269792 0.449074 0.267188 0.449074 0.265104 0.447222 0.264062 0.442593 0.264583 0.438889 0.265625 0.436111 0.266667 0.433333
0 0.269271 0.432407 0.271354 0.434259 0.272396 0.438889 0.213021 0.208333 0.211979 0.212963 0.209896 0.214815 0.207292 0.215741 0.205729 0.212963 0.204688 0.208333 0.204688 0.204630 0.205729 0.201852 0.207292 0.200000 0.209375 0.199074
0 0.211979 0.200926 0.212500 0.204630 0.291667 0.250926 0.290625 0.255556 0.288542 0.257407 0.285937 0.257407 0.284375 0.255556 0.283333 0.250926 0.283333 0.247222 0.284375 0.244444 0.285937 0.241667 0.288021 0.240741 0.290625 0.242593
0 0.291146 0.247222 0.575000 0.230556 0.576563 0.236111 0.576563 0.242593 0.574479 0.246296 0.572396 0.248148 0.569271 0.248148 0.566146 0.243519 0.565625 0.237037 0.566146 0.231481 0.569271 0.227778
0 0.571875 0.227778 0.750000 0.722222 0.753646 0.724074 0.756250 0.728704 0.757812 0.736111 0.757292 0.743519 0.753646 0.749074 0.748958 0.749074 0.746875 0.745370 0.745313 0.737037 0.744792 0.729630
0 0.746875 0.724074 0.683333 0.667593 0.684896 0.673148 0.684896 0.679630 0.682813 0.683333 0.680729 0.685185 0.677604 0.686111 0.675000 0.680556 0.673958 0.674074 0.674479 0.668519 0.677604 0.664815 0.680208 0.664815 0.366146 0.667593
0 0.370313 0.668519 0.373958 0.675000 0.375521 0.683333 0.375000 0.690741 0.372917 0.697222 0.367708 0.700000 0.363542 0.697222 0.360417 0.691667 0.358854 0.683333 0.359896 0.674074 0.362500 0.669444
0 0.297917 0.674074 0.296875 0.678704 0.294792 0.680556 0.292188 0.681481 0.290625 0.678704 0.289583 0.675000 0.290104 0.671296 0.290625 0.667593 0.292188 0.665741 0.294271 0.664815 0.296875 0.666667 0.297917 0.670370 0.168750 0.307407
0 0.172917 0.308333 0.176563 0.314815 0.178646 0.323148 0.178125 0.331481 0.175521 0.337037 0.170833 0.339815 0.166146 0.337037 0.163542 0.332407 0.161979 0.323148 0.162500 0.313889 0.165104 0.309259 0.184896 0.207407 0.183854 0.212037
0 0.181771 0.213889 0.179167 0.213889 0.177604 0.212037 0.176563 0.207407 0.177083 0.203704 0.177604 0.200926 0.179167 0.198148 0.181250 0.197222 0.183854 0.199074 0.184896 0.203704 0.335417 0.473148 0.338542 0.475000 0.341667 0.480556
0 0.342708 0.487963 0.342708 0.494444 0.339063 0.500000 0.333854 0.500926 0.331771 0.496296 0.330208 0.487963 0.330208 0.481481 0.331771 0.475000 0.835938 0.935185 0.838021 0.944444 0.838021 0.951852 0.836458 0.957407 0.833333 0.962037
