0 0.677083 0.611111 0.673958 0.612037 0.670833 0.608333 0.669271 0.602778 0.669792 0.596296 0.672917 0.590741 0.678125 0.587963 0.680208 0.590741 0.682292 0.597222 0.682292 0.602778 0.680729 0.609259
0 0.654688 0.598148 0.651563 0.598148 0.648438 0.595370 0.646875 0.588889 0.646875 0.583333 0.650521 0.576852 0.655208 0.575000 0.657812 0.576852 0.659375 0.583333 0.659896 0.589815 0.657812 0.595370
0 0.705208 0.550926 0.702083 0.550926 0.698958 0.548148 0.697396 0.541667 0.697396 0.536111 0.701042 0.529630 0.705729 0.527778 0.708333 0.529630 0.709896 0.536111 0.710417 0.542593 0.708333 0.548148
0 0.709896 0.579630 0.706250 0.579630 0.703125 0.575926 0.702083 0.570370 0.702083 0.564815 0.705729 0.558333 0.710417 0.555556 0.712500 0.558333 0.714583 0.564815 0.714583 0.571296 0.713021 0.576852
0 0.619271 0.689815 0.616146 0.689815 0.613021 0.686111 0.611458 0.680556 0.611979 0.674074 0.615104 0.668519 0.620313 0.665741 0.622396 0.668519 0.623958 0.675000 0.624479 0.681481 0.622917 0.687037
0 0.660417 0.503704 0.656771 0.504630 0.653646 0.500926 0.652083 0.495370 0.652604 0.488889 0.655729 0.483333 0.660937 0.480556 0.663021 0.483333 0.665104 0.489815 0.665104 0.495370 0.663542 0.501852
0 0.688542 0.421296 0.685417 0.421296 0.682292 0.418519 0.680729 0.412963 0.681250 0.406481 0.684375 0.400000 0.689583 0.398148 0.691667 0.400926 0.693750 0.407407 0.693750 0.412963 0.692187 0.418519
0 0.630208 0.463889 0.627083 0.463889 0.623958 0.460185 0.622396 0.454630 0.622396 0.448148 0.626042 0.442593 0.630729 0.439815 0.633333 0.442593 0.634896 0.449074 0.635417 0.455556 0.633333 0.461111
0 0.616667 0.589815 0.613021 0.589815 0.609896 0.587037 0.608333 0.580556 0.608854 0.575000 0.611979 0.568519 0.617188 0.566667 0.619271 0.568519 0.621354 0.575000 0.621354 0.581481 0.619792 0.587037
0 0.576042 0.720370 0.572917 0.720370 0.569792 0.717593 0.568229 0.711111 0.568229 0.705556 0.571875 0.699074 0.576563 0.697222 0.579167 0.699074 0.580729 0.705556 0.581250 0.712037 0.579167 0.717593
0 0.692708 0.450926 0.689583 0.450926 0.686458 0.447222 0.684896 0.441667 0.684896 0.436111 0.688542 0.429630 0.693229 0.426852 0.695833 0.429630 0.697396 0.436111 0.697917 0.442593 0.695833 0.448148
0 0.528125 0.744444 0.524479 0.744444 0.521875 0.740741 0.520312 0.735185 0.520312 0.729630 0.523958 0.723148 0.528646 0.720370 0.530729 0.723148 0.532812 0.729630 0.532812 0.736111 0.531250 0.741667
0 0.546875 0.725000 0.543229 0.725000 0.540104 0.722222 0.538542 0.716667 0.539062 0.710185 0.542188 0.703704 0.547396 0.701852 0.549479 0.704630 0.551562 0.711111 0.551562 0.716667 0.550000 0.722222
0 0.530208 0.706481 0.527083 0.706481 0.523958 0.702778 0.522396 0.697222 0.522396 0.691667 0.526042 0.685185 0.530729 0.682407 0.533333 0.685185 0.534896 0.691667 0.534896 0.698148 0.533333 0.703704
0 0.525000 0.653704 0.521354 0.653704 0.518229 0.650926 0.516667 0.645370 0.517187 0.638889 0.520312 0.632407 0.525521 0.630556 0.527604 0.633333 0.529688 0.638889 0.529688 0.645370 0.528125 0.650926
0 0.698438 0.675926 0.694792 0.676852 0.691667 0.673148 0.690625 0.667593 0.690625 0.661111 0.694271 0.655556 0.698958 0.652778 0.701042 0.655556 0.703125 0.662037 0.703125 0.667593 0.701563 0.673148
0 0.684375 0.700926 0.680729 0.700926 0.678125 0.697222 0.676562 0.691667 0.676562 0.685185 0.680208 0.679630 0.684896 0.676852 0.686979 0.679630 0.689062 0.686111 0.689062 0.692593 0.687500 0.698148
0 0.731771 0.543519 0.728646 0.544444 0.725521 0.540741 0.723958 0.535185 0.723958 0.528704 0.727604 0.523148 0.732292 0.520370 0.734896 0.523148 0.736458 0.529630 0.736979 0.535185 0.734896 0.541667
0 0.745833 0.517593 0.742188 0.517593 0.739062 0.514815 0.737500 0.509259 0.738021 0.502778 0.741667 0.496296 0.746354 0.494444 0.748438 0.497222 0.750521 0.502778 0.750521 0.509259 0.748958 0.514815
0 0.755208 0.449074 0.751562 0.450000 0.748438 0.446296 0.746875 0.440741 0.747396 0.434259 0.751042 0.428704 0.755729 0.425926 0.757812 0.428704 0.759896 0.435185 0.759896 0.440741 0.758333 0.447222
0 0.735937 0.341667 0.732813 0.341667 0.729688 0.337963 0.728125 0.332407 0.728646 0.325926 0.731771 0.320370 0.736979 0.317593 0.739062 0.320370 0.740625 0.326852 0.741146 0.333333 0.739583 0.338889
0 0.693229 0.383333 0.689583 0.384259 0.686458 0.380556 0.684896 0.375000 0.685417 0.368519 0.689062 0.362963 0.693750 0.360185 0.695833 0.362963 0.697917 0.369444 0.697917 0.375000 0.696354 0.380556
0 0.727604 0.395370 0.723958 0.395370 0.720833 0.391667 0.719792 0.386111 0.719792 0.379630 0.723437 0.374074 0.728125 0.371296 0.730208 0.374074 0.732292 0.380556 0.732292 0.387037 0.730729 0.392593
0 0.753646 0.388889 0.750000 0.388889 0.746875 0.386111 0.745313 0.379630 0.745833 0.374074 0.748958 0.367593 0.754167 0.365741 0.756250 0.367593 0.758333 0.374074 0.758333 0.380556 0.756771 0.386111
0 0.774479 0.358333 0.770833 0.358333 0.767708 0.355556 0.766146 0.349074 0.766667 0.343519 0.769792 0.337037 0.775000 0.335185 0.777083 0.337037 0.779167 0.343519 0.779167 0.350000 0.777604 0.355556
0 0.858854 0.326852 0.855729 0.326852 0.852604 0.324074 0.851042 0.318519 0.851042 0.312037 0.854688 0.305556 0.859375 0.303704 0.861979 0.306481 0.863542 0.312963 0.863542 0.318519 0.861979 0.324074
0 0.813021 0.317593 0.809375 0.317593 0.806771 0.313889 0.805208 0.308333 0.805208 0.301852 0.808854 0.296296 0.813542 0.293519 0.815625 0.296296 0.817708 0.302778 0.817708 0.309259 0.816146 0.314815
0 0.843229 0.252778 0.840104 0.252778 0.836979 0.249074 0.835417 0.243519 0.835417 0.237037 0.839063 0.231481 0.843750 0.228704 0.846354 0.231481 0.847917 0.237963 0.847917 0.244444 0.846354 0.250000
0 0.879687 0.283333 0.876042 0.283333 0.872917 0.279630 0.871354 0.274074 0.871875 0.267593 0.875000 0.262037 0.880208 0.259259 0.882292 0.262037 0.884375 0.268519 0.884375 0.275000 0.882812 0.280556
0 0.898438 0.275926 0.894792 0.276852 0.891667 0.273148 0.890104 0.267593 0.890625 0.261111 0.893750 0.255556 0.898958 0.252778 0.901042 0.255556 0.903125 0.262037 0.903125 0.267593 0.901563 0.274074
0 0.831771 0.491667 0.828125 0.492593 0.825000 0.488889 0.823438 0.483333 0.823958 0.476852 0.827083 0.471296 0.832292 0.468519 0.834375 0.471296 0.836458 0.477778 0.836458 0.483333 0.834896 0.489815
0 0.861979 0.487963 0.858854 0.487963 0.855729 0.484259 0.854167 0.478704 0.854688 0.472222 0.857813 0.466667 0.863021 0.463889 0.865104 0.466667 0.866667 0.473148 0.867188 0.479630 0.865625 0.485185
0 0.911458 0.455556 0.907812 0.455556 0.904688 0.452778 0.903125 0.447222 0.903646 0.440741 0.906771 0.434259 0.911979 0.432407 0.914062 0.435185 0.916146 0.441667 0.916146 0.447222 0.914583 0.452778
0 0.934375 0.424074 0.931250 0.424074 0.928125 0.420370 0.926562 0.414815 0.927083 0.409259 0.930208 0.402778 0.935417 0.400000 0.937500 0.402778 0.939062 0.409259 0.939583 0.415741 0.938021 0.421296
0 0.907812 0.400000 0.904167 0.400000 0.901042 0.397222 0.899479 0.391667 0.900000 0.385185 0.903125 0.378704 0.908333 0.376852 0.910417 0.379630 0.912500 0.385185 0.912500 0.391667 0.910937 0.397222
0 0.889063 0.453704 0.885938 0.454630 0.882812 0.450926 0.881250 0.445370 0.881771 0.438889 0.884896 0.432407 0.890104 0.430556 0.892187 0.433333 0.893750 0.439815 0.894271 0.445370 0.892708 0.450926
0 0.941667 0.284259 0.938542 0.284259 0.935417 0.281481 0.933854 0.275000 0.933854 0.269444 0.937500 0.262963 0.942187 0.261111 0.944792 0.262963 0.946354 0.269444 0.946875 0.275926 0.945312 0.281481
0 0.913021 0.554630 0.909896 0.554630 0.906771 0.550926 0.905208 0.545370 0.905208 0.538889 0.908854 0.533333 0.914062 0.530556 0.916146 0.533333 0.917708 0.539815 0.918229 0.546296 0.916667 0.551852
0 0.967708 0.506481 0.964583 0.506481 0.961458 0.503704 0.959896 0.498148 0.959896 0.491667 0.963542 0.485185 0.968229 0.483333 0.970833 0.486111 0.972396 0.491667 0.972917 0.498148 0.970833 0.503704
0 0.961458 0.475926 0.958333 0.475926 0.955208 0.473148 0.953646 0.467593 0.954167 0.461111 0.957292 0.454630 0.962500 0.452778 0.964583 0.455556 0.966667 0.461111 0.966667 0.467593 0.965104 0.473148
0 0.949479 0.501852 0.945833 0.501852 0.943229 0.499074 0.941667 0.492593 0.941667 0.487037 0.945312 0.480556 0.950000 0.478704 0.952083 0.480556 0.954167 0.487037 0.954167 0.493519 0.952604 0.499074
0 0.918750 0.621296 0.915104 0.622222 0.912500 0.618519 0.910937 0.612963 0.910937 0.606481 0.914583 0.600000 0.919271 0.598148 0.921354 0.600926 0.923437 0.607407 0.923437 0.612963 0.921875 0.618519
0 0.926562 0.639815 0.922917 0.639815 0.920313 0.637037 0.918750 0.631481 0.918750 0.625000 0.922396 0.618519 0.927083 0.616667 0.929167 0.619444 0.931250 0.625926 0.931250 0.631481 0.929688 0.637037
0 0.897396 0.662037 0.893750 0.662037 0.890625 0.659259 0.889063 0.653704 0.889583 0.647222 0.893229 0.640741 0.897917 0.638889 0.900000 0.641667 0.902083 0.648148 0.902083 0.653704 0.900521 0.659259
0 0.997396 0.564815 0.994271 0.564815 0.991146 0.562037 0.989583 0.555556 0.989583 0.550000 0.993229 0.543519 0.997917 0.541667 0.999479 0.535185 0.999479 0.528704 0.986979 0.590741 0.983854 0.590741
0 0.980729 0.587037 0.979167 0.581481 0.979167 0.575000 0.982813 0.569444 0.987500 0.566667 0.990104 0.569444 0.991667 0.575926 0.991667 0.582407 0.990104 0.587963 0.886979 0.688889 0.883333 0.688889
0 0.880208 0.686111 0.878646 0.680556 0.879167 0.674074 0.882812 0.667593 0.887500 0.665741 0.889583 0.668519 0.891667 0.674074 0.891667 0.680556 0.890104 0.686111 0.879687 0.635185 0.876042 0.635185
0 0.872917 0.631481 0.871354 0.625926 0.871875 0.619444 0.875521 0.613889 0.880208 0.611111 0.882292 0.613889 0.884375 0.620370 0.884375 0.626852 0.882812 0.632407 0.751042 0.592593 0.747917 0.592593
0 0.744792 0.589815 0.743229 0.584259 0.743229 0.577778 0.746875 0.571296 0.751562 0.569444 0.754167 0.571296 0.755729 0.577778 0.755729 0.584259 0.754167 0.589815 0.722917 0.734259 0.719792 0.734259
0 0.716667 0.730556 0.715104 0.725000 0.715104 0.718518 0.718750 0.712963 0.723437 0.710185 0.726042 0.712963 0.727604 0.719444 0.728125 0.725926 0.726562 0.731481 0.742708 0.749074 0.739583 0.749074
0 0.736458 0.746296 0.734896 0.740741 0.734896 0.734259 0.738542 0.728704 0.743229 0.725926 0.745833 0.728704 0.747396 0.734259 0.747917 0.740741 0.746354 0.746296 0.726042 0.685185 0.722917 0.685185
0 0.719792 0.682407 0.718229 0.675926 0.718229 0.670370 0.721875 0.663889 0.726562 0.662037 0.729167 0.663889 0.730729 0.670370 0.730729 0.676852 0.729167 0.682407 0.651563 0.811111 0.648438 0.811111
0 0.645312 0.808333 0.643750 0.802778 0.643750 0.796296 0.647396 0.789815 0.652083 0.787963 0.654688 0.790741 0.656250 0.796296 0.656771 0.802778 0.654688 0.808333 0.621875 0.816667 0.618229 0.816667
0 0.615104 0.812963 0.613542 0.807407 0.614062 0.800926 0.617188 0.795370 0.622396 0.792593 0.624479 0.795370 0.626562 0.801852 0.626562 0.808333 0.625000 0.813889 0.630208 0.839815 0.626562 0.839815
0 0.623438 0.837037 0.621875 0.831481 0.622396 0.825000 0.626042 0.818519 0.630729 0.816667 0.632812 0.819444 0.634896 0.825000 0.634896 0.831481 0.633333 0.837037 0.713542 0.774074 0.709896 0.774074
0 0.706771 0.770370 0.705208 0.764815 0.705729 0.758333 0.708854 0.752778 0.714063 0.750000 0.716146 0.752778 0.718229 0.759259 0.718229 0.765741 0.716667 0.771296 0.737500 0.841667 0.733854 0.841667
0 0.730729 0.838889 0.729167 0.832407 0.729688 0.826852 0.732813 0.820370 0.738021 0.818519 0.740104 0.820370 0.742188 0.826852 0.742188 0.833333 0.740625 0.838889 0.720312 0.841667 0.716667 0.841667
0 0.713542 0.837963 0.711979 0.832407 0.712500 0.825926 0.715625 0.820370 0.720833 0.817593 0.722917 0.820370 0.725000 0.826852 0.725000 0.833333 0.723437 0.838889 0.656771 0.856481 0.653125 0.856481
0 0.650000 0.853704 0.648438 0.848148 0.648958 0.841667 0.652083 0.835185 0.657292 0.833333 0.659375 0.836111 0.661458 0.842593 0.661458 0.848148 0.659896 0.853704 0.597396 0.903704 0.593750 0.903704
0 0.591146 0.900000 0.589583 0.894444 0.589583 0.888889 0.593229 0.882407 0.597917 0.879630 0.600000 0.882407 0.602083 0.888889 0.602083 0.895370 0.600521 0.900926 0.597917 0.668519 0.594271 0.668519
0 0.591667 0.665741 0.590104 0.660185 0.590104 0.653704 0.593750 0.647222 0.598437 0.645370 0.600521 0.648148 0.602604 0.653704 0.602604 0.660185 0.601042 0.665741 0.584375 0.690741 0.581250 0.691667
0 0.578125 0.687963 0.576563 0.682407 0.576563 0.675926 0.580208 0.670370 0.584896 0.667593 0.587500 0.670370 0.589063 0.676852 0.589583 0.682407 0.588021 0.688889 0.504687 0.794444 0.501042 0.795370
0 0.497917 0.791667 0.496354 0.786111 0.496875 0.779630 0.500000 0.774074 0.505208 0.771296 0.507292 0.774074 0.509375 0.780556 0.509375 0.786111 0.507812 0.792593 0.495313 0.685185 0.491667 0.685185
0 0.488542 0.681481 0.486979 0.675926 0.487500 0.669444 0.490625 0.663889 0.495833 0.661111 0.497917 0.663889 0.500000 0.670370 0.500000 0.676852 0.498437 0.682407 0.536458 0.668519 0.533333 0.669444
0 0.530208 0.665741 0.528646 0.660185 0.529167 0.653704 0.532292 0.648148 0.537500 0.645370 0.539583 0.648148 0.541146 0.654630 0.541667 0.660185 0.540104 0.666667 0.462500 0.755556 0.459375 0.755556
0 0.456250 0.752778 0.454688 0.746296 0.454688 0.740741 0.458333 0.734259 0.463021 0.732407 0.465625 0.734259 0.467187 0.740741 0.467708 0.747222 0.465625 0.752778 0.455729 0.791667 0.452604 0.792593
0 0.449479 0.788889 0.447917 0.783333 0.447917 0.776852 0.451562 0.770370 0.456771 0.768519 0.458854 0.771296 0.460417 0.777778 0.460938 0.783333 0.459375 0.788889 0.425521 0.912963 0.421875 0.912963
0 0.418750 0.910185 0.417708 0.904630 0.417708 0.898148 0.421354 0.891667 0.426042 0.889815 0.428125 0.892593 0.430208 0.898148 0.430208 0.904630 0.428646 0.910185 0.428646 0.879630 0.425000 0.879630
0 0.422396 0.876852 0.420833 0.870370 0.420833 0.864815 0.424479 0.858333 0.429167 0.856481 0.431250 0.858333 0.433333 0.864815 0.433333 0.871296 0.431771 0.876852 0.513542 0.898148 0.509896 0.898148
0 0.507292 0.894444 0.505729 0.888889 0.505729 0.882407 0.509375 0.876852 0.514063 0.874074 0.516146 0.876852 0.518229 0.883333 0.518229 0.889815 0.516667 0.895370 0.533333 0.895370 0.529688 0.895370
0 0.526563 0.892593 0.525000 0.886111 0.525521 0.880556 0.528646 0.874074 0.533854 0.872222 0.535937 0.874074 0.538021 0.880556 0.538021 0.887037 0.536458 0.892593 0.534375 0.970370 0.530729 0.970370
0 0.527604 0.966667 0.526042 0.961111 0.526563 0.954630 0.529688 0.949074 0.534896 0.946296 0.536979 0.949074 0.539062 0.955556 0.539062 0.962037 0.537500 0.967593 0.413021 0.818519 0.409375 0.818519
0 0.406250 0.815741 0.404687 0.810185 0.405208 0.803704 0.408333 0.797222 0.413542 0.795370 0.415625 0.798148 0.417708 0.803704 0.417708 0.810185 0.416146 0.815741 0.439063 0.790741 0.435937 0.790741
0 0.432813 0.787963 0.431250 0.782407 0.431250 0.775926 0.434896 0.769444 0.439583 0.767593 0.442187 0.770370 0.443750 0.775926 0.444271 0.782407 0.442187 0.787963 0.430729 0.817593 0.427083 0.817593
0 0.423958 0.814815 0.422396 0.809259 0.422917 0.802778 0.426562 0.796296 0.431250 0.794444 0.433333 0.797222 0.435417 0.803704 0.435417 0.809259 0.433854 0.814815 0.503125 0.825000 0.500000 0.825000
0 0.496875 0.822222 0.495313 0.816667 0.495313 0.810185 0.498958 0.803704 0.504167 0.801852 0.506250 0.804630 0.507812 0.811111 0.508333 0.816667 0.506771 0.822222 0.524479 0.871296 0.520833 0.871296
0 0.517708 0.867593 0.516146 0.862037 0.516667 0.856481 0.519792 0.850000 0.525000 0.847222 0.527083 0.850000 0.529167 0.856481 0.529167 0.862963 0.527604 0.868519 0.500000 0.867593 0.496354 0.867593
0 0.493229 0.863889 0.491667 0.858333 0.492188 0.852778 0.495313 0.846296 0.500521 0.843518 0.502604 0.846296 0.504687 0.852778 0.504687 0.859259 0.503125 0.864815 0.451562 0.703704 0.447917 0.704630
0 0.445312 0.700926 0.443750 0.695370 0.443750 0.688889 0.447396 0.683333 0.452083 0.680556 0.454167 0.683333 0.456250 0.689815 0.456250 0.695370 0.454688 0.700926 0.408854 0.726852 0.405208 0.726852
0 0.402083 0.723148 0.400521 0.717593 0.401042 0.712037 0.404167 0.705556 0.409375 0.702778 0.411458 0.705556 0.413542 0.712037 0.413542 0.718518 0.411979 0.724074 0.525521 0.597222 0.522396 0.598148
0 0.519271 0.594444 0.517708 0.588889 0.517708 0.582407 0.521354 0.576852 0.526042 0.574074 0.528646 0.576852 0.530208 0.583333 0.530729 0.588889 0.529167 0.595370 0.514583 0.559259 0.511458 0.560185
0 0.508333 0.556481 0.506771 0.550926 0.506771 0.544444 0.510417 0.537963 0.515104 0.536111 0.517708 0.538889 0.519271 0.545370 0.519792 0.550926 0.518229 0.556481 0.423438 0.553704 0.420312 0.553704
0 0.417188 0.550000 0.415625 0.544444 0.415625 0.538889 0.419271 0.532407 0.423958 0.529630 0.426562 0.532407 0.428125 0.538889 0.428646 0.545370 0.426562 0.550926 0.403646 0.688889 0.400000 0.688889
0 0.396875 0.686111 0.395312 0.679630 0.395833 0.674074 0.398958 0.667593 0.404167 0.665741 0.406250 0.667593 0.408333 0.674074 0.408333 0.680556 0.406771 0.686111 0.538021 0.538889 0.534896 0.538889
0 0.531771 0.535185 0.530208 0.529630 0.530208 0.523148 0.533854 0.517593 0.538542 0.514815 0.541146 0.517593 0.542708 0.524074 0.543229 0.530556 0.541146 0.536111 0.374479 0.699074 0.370833 0.700000
0 0.368229 0.696296 0.366667 0.690741 0.366667 0.684259 0.370313 0.678704 0.375000 0.675926 0.377083 0.678704 0.379167 0.685185 0.379167 0.690741 0.377604 0.696296 0.350521 0.770370 0.346875 0.770370
0 0.343750 0.766667 0.342708 0.761111 0.342708 0.754630 0.346354 0.749074 0.351042 0.746296 0.353125 0.749074 0.355208 0.755556 0.355208 0.762037 0.353646 0.767593 0.323438 0.807407 0.320312 0.807407
0 0.317187 0.804630 0.315625 0.799074 0.315625 0.792593 0.319271 0.786111 0.323958 0.784259 0.326562 0.787037 0.328125 0.793519 0.328646 0.799074 0.326562 0.804630 0.298438 0.833333 0.295312 0.834259
0 0.292188 0.830556 0.290625 0.825000 0.290625 0.818519 0.294271 0.812963 0.298958 0.810185 0.301562 0.812963 0.303125 0.819444 0.303646 0.825000 0.301562 0.831481 0.275000 0.861111 0.271354 0.861111
0 0.268229 0.857407 0.266667 0.851852 0.267188 0.845370 0.270312 0.839815 0.275521 0.837037 0.277604 0.839815 0.279687 0.846296 0.279687 0.852778 0.278125 0.858333 0.335938 0.940741 0.332292 0.940741
0 0.329167 0.937963 0.327604 0.931481 0.328125 0.925926 0.331771 0.919444 0.336458 0.917593 0.338542 0.919444 0.340625 0.925926 0.340625 0.932407 0.339063 0.937963 0.318229 0.983333 0.315104 0.984259
0 0.311979 0.980556 0.310417 0.975000 0.310417 0.968518 0.314063 0.962963 0.319271 0.960185 0.321354 0.962963 0.322917 0.969444 0.323438 0.975000 0.321875 0.980556 0.337500 0.994444 0.338021 0.988889
0 0.341146 0.982407 0.346354 0.980556 0.348437 0.982407 0.350521 0.988889 0.350521 0.995370 0.357812 0.986111 0.354688 0.986111 0.351562 0.983333 0.350000 0.976852 0.350000 0.971296 0.353646 0.964815
0 0.358333 0.962963 0.360938 0.964815 0.362500 0.971296 0.363021 0.977778 0.361458 0.983333 0.485417 0.919444 0.481771 0.919444 0.478646 0.915741 0.477083 0.910185 0.477604 0.903704 0.480729 0.898148
0 0.485938 0.895370 0.488021 0.898148 0.490104 0.904630 0.490104 0.911111 0.488542 0.916667 0.234896 0.998148 0.238021 0.992593 0.243229 0.989815 0.245312 0.992593 0.165625 0.980556 0.161979 0.980556
0 0.159375 0.976852 0.157813 0.971296 0.157813 0.964815 0.161458 0.959259 0.166146 0.956481 0.168229 0.959259 0.170312 0.965741 0.170312 0.972222 0.168750 0.977778 0.110937 0.996296 0.115625 0.994444
0 0.117708 0.997222 0.198958 0.961111 0.195833 0.961111 0.192708 0.958333 0.191146 0.951852 0.191146 0.946296 0.194792 0.939815 0.199479 0.937963 0.202083 0.939815 0.203646 0.946296 0.204167 0.952778
0 0.202083 0.958333 0.088021 0.943519 0.084375 0.943519 0.081250 0.940741 0.079687 0.934259 0.080208 0.928704 0.083333 0.922222 0.088542 0.920370 0.090625 0.922222 0.092708 0.928704 0.092708 0.935185
0 0.091146 0.940741 0.125000 0.882407 0.121354 0.882407 0.118229 0.878704 0.117188 0.873148 0.117188 0.867593 0.120833 0.861111 0.125521 0.858333 0.127604 0.861111 0.129688 0.867593 0.129688 0.874074
0 0.128125 0.879630 0.167708 0.807407 0.164583 0.807407 0.161458 0.804630 0.159896 0.799074 0.159896 0.792593 0.163542 0.786111 0.168229 0.784259 0.170833 0.787037 0.172396 0.793519 0.172917 0.799074
0 0.170833 0.804630 0.104167 0.891667 0.100521 0.891667 0.097396 0.888889 0.095833 0.882407 0.096354 0.876852 0.099479 0.870370 0.104687 0.868519 0.106771 0.870370 0.108854 0.876852 0.108854 0.883333
0 0.107292 0.888889 0.087500 0.978704 0.084375 0.979630 0.081250 0.975926 0.079687 0.970370 0.080208 0.963889 0.083333 0.958333 0.088542 0.955556 0.090625 0.958333 0.092188 0.964815 0.092708 0.970370
0 0.091146 0.976852 0.214583 0.779630 0.210938 0.779630 0.207813 0.776852 0.206250 0.771296 0.206771 0.764815 0.209896 0.758333 0.215104 0.756481 0.217187 0.759259 0.219271 0.764815 0.219271 0.771296
0 0.217708 0.776852 0.224479 0.658333 0.220833 0.658333 0.217708 0.654630 0.216146 0.649074 0.216667 0.643519 0.219792 0.637037 0.225000 0.634259 0.227083 0.637037 0.229167 0.643519 0.229167 0.650000
0 0.227604 0.655556 0.242708 0.589815 0.239063 0.589815 0.236458 0.587037 0.234896 0.580556 0.234896 0.575000 0.238542 0.568519 0.243229 0.566667 0.245312 0.568519 0.247396 0.575000 0.247396 0.581481
0 0.245833 0.587037 0.284896 0.545370 0.281250 0.545370 0.278125 0.542593 0.277083 0.536111 0.277083 0.530556 0.280729 0.524074 0.285417 0.522222 0.287500 0.524074 0.289583 0.530556 0.289583 0.537037
0 0.288021 0.542593 0.101042 0.690741 0.097396 0.690741 0.094271 0.687963 0.092708 0.681481 0.093229 0.675926 0.096354 0.669444 0.101562 0.667593 0.103646 0.669444 0.105729 0.675926 0.105729 0.682407
0 0.104167 0.687963 0.126563 0.754630 0.123438 0.755556 0.120312 0.751852 0.118750 0.746296 0.118750 0.739815 0.122396 0.733333 0.127083 0.731481 0.129688 0.734259 0.131250 0.740741 0.131771 0.746296
0 0.129688 0.751852 0.039062 0.742593 0.035417 0.743519 0.032292 0.739815 0.030729 0.734259 0.031250 0.727778 0.034896 0.722222 0.039583 0.719444 0.041667 0.722222 0.043750 0.728704 0.043750 0.734259
0 0.042188 0.740741 0.040625 0.639815 0.036979 0.639815 0.033854 0.637037 0.032292 0.631481 0.032812 0.625000 0.036458 0.618519 0.041146 0.616667 0.043229 0.619444 0.045313 0.625926 0.045313 0.631481
0 0.043750 0.637037 0.188542 0.477778 0.185417 0.477778 0.182292 0.475000 0.180729 0.469444 0.180729 0.462963 0.184375 0.456481 0.189583 0.454630 0.191667 0.457407 0.193229 0.463889 0.193750 0.469444
0 0.192188 0.475000 0.147396 0.555556 0.143750 0.555556 0.140625 0.552778 0.139062 0.546296 0.139583 0.540741 0.142708 0.534259 0.147917 0.532407 0.150000 0.534259 0.152083 0.540741 0.152083 0.547222
0 0.150521 0.552778 0.165104 0.561111 0.161458 0.561111 0.158333 0.557407 0.156771 0.551852 0.157292 0.545370 0.160417 0.539815 0.165625 0.537037 0.167708 0.539815 0.169792 0.546296 0.169792 0.552778
0 0.168229 0.558333 0.010937 0.640741 0.007812 0.640741 0.004688 0.637963 0.003125 0.632407 0.003125 0.625926 0.006771 0.619444 0.011458 0.617593 0.014062 0.620370 0.015625 0.625926 0.016146 0.632407
0 0.014062 0.637963 0.020312 0.612963 0.017188 0.612963 0.014062 0.610185 0.012500 0.603704 0.012500 0.598148 0.016146 0.591667 0.020833 0.589815 0.023438 0.591667 0.025000 0.598148 0.025521 0.604630
0 0.023438 0.610185 0.100000 0.520370 0.096354 0.520370 0.093229 0.516667 0.092188 0.511111 0.092188 0.505556 0.095833 0.499074 0.100521 0.496296 0.102604 0.499074 0.104687 0.505556 0.104687 0.512037
0 0.103125 0.517593 0.114583 0.438889 0.111458 0.438889 0.108333 0.435185 0.106771 0.429630 0.106771 0.423148 0.110417 0.417593 0.115104 0.414815 0.117708 0.417593 0.119271 0.424074 0.119792 0.429630
0 0.118229 0.436111 0.151042 0.402778 0.147917 0.402778 0.144792 0.400000 0.143229 0.393519 0.143229 0.387963 0.146875 0.381481 0.151562 0.379630 0.154167 0.381481 0.155729 0.387963 0.156250 0.394444
0 0.154167 0.400000 0.110417 0.409259 0.106771 0.409259 0.103646 0.406481 0.102083 0.400000 0.102604 0.394444 0.105729 0.387963 0.110937 0.386111 0.113021 0.387963 0.115104 0.394444 0.115104 0.400926
0 0.113542 0.406481 0.012500 0.539815 0.009375 0.539815 0.006250 0.537037 0.004688 0.531482 0.004688 0.525000 0.008333 0.519444 0.013021 0.516667 0.015625 0.519444 0.017188 0.525000 0.017708 0.531482
0 0.015625 0.537037 0.201042 0.372222 0.197396 0.372222 0.194271 0.369444 0.192708 0.363889 0.193229 0.357407 0.196875 0.351852 0.201562 0.349074 0.203646 0.351852 0.205729 0.357407 0.205729 0.363889
0 0.204167 0.369444 0.258854 0.444444 0.255208 0.445370 0.252083 0.441667 0.250521 0.436111 0.251042 0.429630 0.254687 0.424074 0.259375 0.421296 0.261458 0.424074 0.263542 0.430556 0.263542 0.436111
0 0.261979 0.442593 0.287500 0.448148 0.283854 0.448148 0.280729 0.444444 0.279167 0.438889 0.279687 0.432407 0.283333 0.427778 0.288021 0.424074 0.290104 0.426852 0.292188 0.433333 0.292188 0.439815
0 0.290625 0.445370 0.275521 0.415741 0.272396 0.416667 0.269271 0.412963 0.267708 0.407407 0.267708 0.400926 0.271354 0.395370 0.276042 0.392593 0.278646 0.395370 0.280208 0.401852 0.280729 0.407407
0 0.279167 0.413889 0.139583 0.519444 0.135937 0.519444 0.132812 0.515741 0.131250 0.510185 0.131771 0.503704 0.135417 0.499074 0.140104 0.495370 0.142188 0.498148 0.144271 0.504630 0.144271 0.511111
0 0.142708 0.516667 0.313021 0.380556 0.309896 0.380556 0.306771 0.377778 0.305208 0.372222 0.305208 0.365741 0.308854 0.360185 0.313542 0.357407 0.316146 0.360185 0.317708 0.366667 0.317708 0.372222
0 0.316146 0.377778 0.319271 0.421296 0.316146 0.421296 0.313021 0.417593 0.311458 0.412037 0.311979 0.405556 0.315625 0.400926 0.320312 0.397222 0.322396 0.400000 0.324479 0.406481 0.324479 0.412963
0 0.322917 0.418519 0.309375 0.442593 0.305729 0.443519 0.302604 0.439815 0.301042 0.434259 0.301562 0.427778 0.305208 0.422222 0.309896 0.419444 0.311979 0.422222 0.314063 0.428704 0.314063 0.434259
0 0.312500 0.440741 0.285417 0.374074 0.281771 0.374074 0.278646 0.370370 0.277083 0.364815 0.277604 0.358333 0.281250 0.353704 0.285937 0.350000 0.288021 0.352778 0.290104 0.359259 0.290104 0.365741
0 0.288542 0.371296 0.343750 0.446296 0.340625 0.446296 0.337500 0.442593 0.335938 0.437037 0.336458 0.430556 0.340104 0.425926 0.344792 0.422222 0.346875 0.425000 0.348958 0.431481 0.348958 0.437963
0 0.347396 0.443519 0.036458 0.522222 0.033333 0.522222 0.030208 0.518519 0.028646 0.512963 0.028646 0.507407 0.032292 0.501852 0.036979 0.498148 0.039583 0.500926 0.041146 0.507407 0.041667 0.513889
0 0.039583 0.519444 0.367708 0.390741 0.364583 0.390741 0.361458 0.387963 0.359896 0.381481 0.359896 0.375926 0.363542 0.370370 0.368229 0.367593 0.370833 0.369444 0.372396 0.375926 0.372917 0.382407
0 0.370833 0.387963 0.385938 0.330556 0.382812 0.330556 0.379687 0.327778 0.378125 0.322222 0.378646 0.315741 0.382292 0.310185 0.386979 0.307407 0.389062 0.310185 0.390625 0.316667 0.391146 0.322222
0 0.389583 0.327778 0.408333 0.366667 0.404687 0.366667 0.401563 0.362963 0.400000 0.357407 0.400521 0.350926 0.404167 0.346296 0.408854 0.342593 0.410937 0.345370 0.413021 0.351852 0.413021 0.358333
0 0.411458 0.363889 0.377083 0.425000 0.373437 0.425926 0.370313 0.422222 0.368750 0.416667 0.369271 0.410185 0.372917 0.404630 0.377604 0.401852 0.379687 0.404630 0.381771 0.411111 0.381771 0.416667
0 0.380208 0.423148 0.341667 0.582407 0.338021 0.582407 0.334896 0.579630 0.333333 0.574074 0.333854 0.567593 0.337500 0.562037 0.342187 0.559259 0.344271 0.562037 0.346354 0.568519 0.346354 0.574074
0 0.344792 0.579630 0.519271 0.312037 0.515625 0.312037 0.512500 0.309259 0.510938 0.303704 0.511458 0.297222 0.515104 0.291667 0.519792 0.288889 0.521875 0.291667 0.523958 0.298148 0.523958 0.303704
0 0.522396 0.309259 0.303125 0.286111 0.300000 0.286111 0.296875 0.283333 0.295312 0.277778 0.295312 0.271296 0.298958 0.265741 0.303646 0.262963 0.305729 0.265741 0.307813 0.272222 0.307813 0.277778
0 0.306250 0.283333 0.460417 0.167593 0.457292 0.167593 0.454167 0.164815 0.452604 0.159259 0.452604 0.152778 0.456250 0.147222 0.460938 0.144444 0.463542 0.147222 0.465104 0.152778 0.465625 0.159259
0 0.464063 0.164815 0.455729 0.296296 0.452083 0.296296 0.448958 0.292593 0.447917 0.287037 0.447917 0.280556 0.451562 0.275926 0.456250 0.272222 0.458333 0.275000 0.460417 0.281481 0.460417 0.287963
0 0.458854 0.293519 0.536979 0.254630 0.533854 0.254630 0.530729 0.251852 0.529167 0.245370 0.529167 0.239815 0.532812 0.234259 0.537500 0.231481 0.540104 0.233333 0.541667 0.239815 0.541667 0.246296
0 0.540104 0.251852 0.504687 0.298148 0.501042 0.298148 0.497917 0.295370 0.496354 0.288889 0.496875 0.283333 0.500521 0.277778 0.505208 0.275000 0.507292 0.276852 0.509375 0.283333 0.509375 0.289815
0 0.507812 0.295370 0.520833 0.340741 0.517187 0.341667 0.514583 0.337963 0.513021 0.332407 0.513021 0.325926 0.516667 0.320370 0.521354 0.317593 0.523438 0.320370 0.525521 0.326852 0.525521 0.332407
0 0.523958 0.337963 0.479167 0.452778 0.476042 0.452778 0.472917 0.450000 0.471354 0.444444 0.471354 0.437963 0.475000 0.432407 0.479688 0.429630 0.482292 0.432407 0.483854 0.437963 0.484375 0.444444
0 0.482812 0.450000 0.525521 0.221296 0.521875 0.221296 0.518750 0.218519 0.517187 0.212037 0.517708 0.206481 0.521354 0.200926 0.526042 0.198148 0.528125 0.200000 0.530208 0.206481 0.530208 0.212963
0 0.528646 0.218519 0.378125 0.553704 0.374479 0.553704 0.371354 0.550926 0.370313 0.545370 0.370313 0.538889 0.373958 0.533333 0.378646 0.530556 0.380729 0.533333 0.382812 0.539815 0.382812 0.545370
0 0.381250 0.550926 0.531250 0.158333 0.527604 0.158333 0.524479 0.155556 0.522917 0.149074 0.523438 0.143519 0.527083 0.137963 0.531771 0.135185 0.533854 0.137037 0.535937 0.143519 0.535937 0.150000
0 0.534375 0.155556 0.544271 0.139815 0.540625 0.139815 0.537500 0.137037 0.535937 0.131481 0.536458 0.125000 0.540104 0.119444 0.544792 0.116667 0.546875 0.119444 0.548958 0.125000 0.548958 0.131481
0 0.547396 0.137037 0.504687 0.117593 0.501562 0.118519 0.498437 0.114815 0.496875 0.109259 0.496875 0.102778 0.500521 0.097222 0.505729 0.094444 0.507812 0.097222 0.509375 0.103704 0.509896 0.109259
0 0.508333 0.114815 0.504167 0.144444 0.501042 0.144444 0.497917 0.140741 0.496354 0.135185 0.496354 0.128704 0.500000 0.124074 0.505208 0.120370 0.507292 0.123148 0.508854 0.129630 0.509375 0.136111
0 0.507812 0.141667 0.477604 0.114815 0.474479 0.115741 0.471354 0.112037 0.469792 0.106481 0.469792 0.100000 0.473437 0.094444 0.478125 0.091667 0.480729 0.094444 0.482292 0.100926 0.482812 0.106481
0 0.481250 0.112963 0.445833 0.149074 0.442708 0.149074 0.439583 0.146296 0.438021 0.140741 0.438542 0.134259 0.442187 0.129630 0.446875 0.125926 0.448958 0.128704 0.451042 0.134259 0.451042 0.140741
0 0.449479 0.146296 0.570312 0.188889 0.567187 0.188889 0.564062 0.186111 0.562500 0.180556 0.562500 0.174074 0.566667 0.169444 0.570833 0.165741 0.573438 0.168519 0.575000 0.174074 0.575521 0.180556
0 0.573958 0.186111 0.605208 0.251852 0.601562 0.251852 0.598958 0.249074 0.597396 0.243519 0.597396 0.237037 0.601042 0.232407 0.605729 0.228704 0.607813 0.231481 0.609896 0.237037 0.609896 0.243519
0 0.608333 0.249074 0.560417 0.152778 0.557292 0.152778 0.554167 0.150000 0.552604 0.144444 0.552604 0.137963 0.556250 0.131481 0.561458 0.129630 0.563542 0.132407 0.565104 0.137963 0.565625 0.144444
0 0.564062 0.150000 0.583854 0.092593 0.580208 0.092593 0.577604 0.089815 0.576042 0.083333 0.576042 0.077778 0.579687 0.071296 0.584375 0.069444 0.586458 0.071296 0.588542 0.077778 0.588542 0.084259
0 0.586979 0.089815 0.601042 0.086111 0.597917 0.086111 0.594792 0.083333 0.593229 0.077778 0.593229 0.071296 0.596875 0.064815 0.601562 0.062963 0.604167 0.065741 0.605729 0.071296 0.606250 0.077778
0 0.604167 0.083333 0.641146 0.168519 0.638021 0.168519 0.634896 0.165741 0.633333 0.159259 0.633333 0.153704 0.636979 0.147222 0.642187 0.145370 0.644271 0.147222 0.645833 0.153704 0.646354 0.160185
0 0.644792 0.165741 0.608333 0.208333 0.604688 0.208333 0.601562 0.204630 0.600000 0.199074 0.600521 0.192593 0.604167 0.187037 0.608854 0.184259 0.610937 0.187037 0.613021 0.193519 0.613021 0.200000
0 0.611458 0.205556 0.643750 0.194444 0.640625 0.194444 0.637500 0.191667 0.635938 0.186111 0.636458 0.179630 0.640104 0.173148 0.644792 0.171296 0.646875 0.174074 0.648958 0.179630 0.648958 0.186111
0 0.647396 0.191667 0.667188 0.018519 0.664062 0.018519 0.660937 0.015741 0.659375 0.010185 0.659375 0.003704 0.671875 0.004630 0.672396 0.010185 0.670313 0.015741 0.640625 0.068519 0.637500 0.068519
0 0.634375 0.065741 0.632812 0.059259 0.632812 0.053704 0.636458 0.047222 0.641146 0.045370 0.643750 0.047222 0.645312 0.053704 0.645312 0.060185 0.643750 0.065741 0.797917 0.037037 0.794271 0.037963
0 0.791146 0.034259 0.789583 0.028704 0.790104 0.022222 0.793750 0.015741 0.798437 0.013889 0.800521 0.016667 0.802604 0.023148 0.802604 0.028704 0.801042 0.034259 0.826563 0.035185 0.823438 0.035185
0 0.820312 0.032407 0.818750 0.025926 0.818750 0.020370 0.822396 0.013889 0.827083 0.012037 0.829687 0.013889 0.831250 0.020370 0.831250 0.026852 0.829687 0.032407 0.870313 0.090741 0.867188 0.090741
0 0.864062 0.087037 0.862500 0.081481 0.862500 0.075926 0.866146 0.069444 0.870833 0.067593 0.873438 0.069444 0.875000 0.075926 0.875000 0.082407 0.873438 0.087963 0.840104 0.198148 0.836458 0.198148
0 0.833333 0.194444 0.832292 0.188889 0.832292 0.182407 0.835938 0.176852 0.840625 0.174074 0.842708 0.176852 0.844792 0.183333 0.844792 0.189815 0.843229 0.195370 0.753125 0.129630 0.749479 0.130556
0 0.746354 0.126852 0.744792 0.121296 0.745313 0.114815 0.748958 0.109259 0.753646 0.106481 0.755729 0.109259 0.757812 0.115741 0.757812 0.121296 0.756250 0.127778 0.919271 0.143519 0.916146 0.143519
0 0.913021 0.140741 0.911458 0.135185 0.911979 0.128704 0.915625 0.122222 0.920313 0.120370 0.922396 0.123148 0.923958 0.128704 0.924479 0.135185 0.922917 0.140741 0.885938 0.098148 0.882812 0.098148
0 0.879687 0.094444 0.878125 0.088889 0.878646 0.083333 0.882292 0.076852 0.886979 0.075000 0.889063 0.076852 0.890625 0.084259 0.891146 0.089815 0.889583 0.095370 0.890104 0.051852 0.886979 0.051852
0 0.883854 0.049074 0.882292 0.043519 0.882812 0.037037 0.886458 0.030556 0.891146 0.028704 0.893229 0.031481 0.894792 0.037963 0.895312 0.043519 0.893750 0.049074 0.903125 0.175926 0.899479 0.175926
0 0.896354 0.173148 0.894792 0.167593 0.895312 0.161111 0.898958 0.155556 0.903646 0.152778 0.905729 0.155556 0.907292 0.162037 0.907812 0.167593 0.906250 0.173148 0.672396 0.123148 0.669271 0.123148
0 0.666146 0.119444 0.664583 0.113889 0.664583 0.108333 0.668229 0.101852 0.672917 0.100000 0.675000 0.101852 0.676562 0.109259 0.677604 0.114815 0.675521 0.120370 0.521875 0.246296 0.518750 0.247222
0 0.515625 0.243519 0.514063 0.237963 0.514063 0.231481 0.517708 0.225926 0.522396 0.223148 0.524479 0.225926 0.526042 0.232407 0.527083 0.237963 0.525000 0.244444 0.501042 0.510185 0.497396 0.510185
0 0.494271 0.507407 0.492708 0.501852 0.493229 0.495370 0.496875 0.489815 0.501562 0.487037 0.503646 0.489815 0.505208 0.496296 0.505729 0.501852 0.504167 0.507407 0.472917 0.562963 0.469792 0.562963
0 0.466667 0.559259 0.465104 0.553704 0.465104 0.549074 0.472396 0.544444 0.475521 0.544444 0.477604 0.550000 0.478125 0.554630 0.476042 0.560185 0.616667 0.431481 0.613021 0.432407 0.609896 0.428704
0 0.608333 0.423148 0.608854 0.416667 0.612500 0.411111 0.617188 0.408333 0.619271 0.411111 0.620833 0.417593 0.621354 0.423148 0.619792 0.428704 0.661979 0.452778 0.658333 0.452778 0.655208 0.450000
0 0.653646 0.444444 0.654167 0.437963 0.657812 0.431481 0.662500 0.429630 0.664583 0.432407 0.666146 0.438889 0.666667 0.444444 0.665104 0.450000 0.734896 0.492593 0.730729 0.493519 0.726562 0.489815
0 0.725000 0.483333 0.725000 0.475926 0.727604 0.470370 0.732292 0.465741 0.736979 0.466667 0.739583 0.469444 0.741667 0.476852 0.740625 0.484259 0.738542 0.489815 0.768750 0.537963 0.765104 0.538889
0 0.760938 0.535185 0.758854 0.528704 0.759375 0.521296 0.761458 0.515741 0.766146 0.511111 0.770833 0.512037 0.773958 0.514815 0.775521 0.522222 0.775000 0.529630 0.772917 0.534259 0.797917 0.569444
0 0.794271 0.570370 0.790104 0.566667 0.788021 0.560185 0.788542 0.552778 0.790625 0.547222 0.795313 0.542593 0.800000 0.543519 0.803125 0.546296 0.804688 0.553704 0.804167 0.561111 0.802083 0.566667
0 0.663542 0.534259 0.659375 0.535185 0.655208 0.531482 0.653125 0.525000 0.653646 0.517593 0.655729 0.512037 0.660417 0.507407 0.665104 0.508333 0.668229 0.511111 0.669792 0.518519 0.669271 0.525926
0 0.667188 0.530556 0.795833 0.434259 0.791667 0.435185 0.788021 0.431481 0.785937 0.425000 0.785937 0.418519 0.788542 0.412037 0.793229 0.407407 0.797917 0.408333 0.801042 0.412037 0.802604 0.418519
0 0.801562 0.425926 0.799479 0.431481 0.788542 0.382407 0.784375 0.383333 0.780208 0.379630 0.778125 0.373148 0.778646 0.365741 0.780729 0.360185 0.785417 0.355556 0.790104 0.356481 0.793229 0.359259
0 0.794792 0.366667 0.794271 0.374074 0.792188 0.378704 0.802083 0.351852 0.797917 0.352778 0.794271 0.349074 0.792188 0.342593 0.792708 0.335185 0.794792 0.329630 0.799479 0.325000 0.804167 0.325926
0 0.807292 0.328704 0.808333 0.343519 0.805729 0.348148 0.791667 0.307407 0.787500 0.308333 0.783854 0.304630 0.781771 0.298148 0.781771 0.290741 0.784375 0.285185 0.789062 0.280556 0.793750 0.281481
0 0.796875 0.284259 0.798437 0.291667 0.797396 0.299074 0.795313 0.304630 0.849479 0.356481 0.845312 0.357407 0.841667 0.353704 0.839583 0.347222 0.839583 0.340741 0.842188 0.334259 0.846875 0.330556
0 0.851562 0.330556 0.854688 0.334259 0.856250 0.340741 0.855729 0.349074 0.853125 0.353704 0.865625 0.439815 0.861458 0.440741 0.857813 0.437037 0.855729 0.430556 0.855729 0.424074 0.858333 0.418519
0 0.863021 0.413889 0.867708 0.413889 0.870313 0.417593 0.872396 0.424074 0.871354 0.432407 0.869271 0.437037 0.889583 0.383333 0.885417 0.384259 0.881250 0.380556 0.879167 0.374074 0.879687 0.367593
0 0.881771 0.361111 0.886458 0.356481 0.891146 0.357407 0.894271 0.360185 0.895833 0.367593 0.895312 0.375000 0.893229 0.380556 0.917708 0.324074 0.913542 0.325000 0.909896 0.321296 0.907812 0.314815
0 0.908333 0.307407 0.910417 0.301852 0.915104 0.297222 0.919792 0.298148 0.922917 0.300926 0.924479 0.308333 0.923958 0.315741 0.921354 0.321296 0.921354 0.292593 0.917188 0.293519 0.913542 0.288889
0 0.911458 0.283333 0.911458 0.275926 0.914062 0.270370 0.918750 0.265741 0.923437 0.265741 0.926562 0.269444 0.928125 0.276852 0.927604 0.284259 0.925000 0.288889 0.943229 0.353704 0.939062 0.354630
0 0.934896 0.350926 0.933333 0.344444 0.933333 0.337963 0.935938 0.331481 0.940625 0.326852 0.945312 0.327778 0.947917 0.330556 0.950000 0.337963 0.948958 0.345370 0.946875 0.350926 0.955208 0.322222
0 0.951042 0.323148 0.947396 0.319444 0.945312 0.312963 0.945312 0.306481 0.947917 0.300000 0.952604 0.295370 0.957292 0.296296 0.959896 0.299074 0.961979 0.306481 0.960938 0.313889 0.958854 0.319444
0 0.916146 0.237037 0.911979 0.237963 0.907812 0.234259 0.905729 0.227778 0.906250 0.220370 0.908333 0.214815 0.913021 0.210185 0.917708 0.211111 0.920833 0.213889 0.922396 0.221296 0.921875 0.228704
0 0.919792 0.234259 0.818750 0.351852 0.814583 0.353704 0.810417 0.349074 0.808854 0.343519 0.808854 0.336111 0.811458 0.330556 0.816146 0.325926 0.820833 0.325926 0.823438 0.329630 0.825000 0.336111
0 0.824479 0.344444 0.822396 0.349074 0.876042 0.242593 0.871875 0.243519 0.868229 0.239815 0.866146 0.233333 0.866667 0.225926 0.868750 0.220370 0.873438 0.215741 0.878125 0.216667 0.881250 0.219444
0 0.882812 0.226852 0.882292 0.234259 0.879687 0.238889 0.833854 0.425926 0.829687 0.426852 0.826042 0.423148 0.823958 0.416667 0.823958 0.409259 0.826563 0.403704 0.831250 0.399074 0.835938 0.400000
0 0.839063 0.402778 0.840625 0.410185 0.839583 0.417593 0.837500 0.422222 0.863021 0.534259 0.858854 0.535185 0.855208 0.531482 0.853125 0.525000 0.853125 0.517593 0.855729 0.512037 0.860417 0.507407
0 0.865104 0.508333 0.868229 0.511111 0.869792 0.518519 0.868750 0.525926 0.866667 0.530556 0.979167 0.532407 0.975000 0.533333 0.970833 0.529630 0.969271 0.523148 0.969271 0.516667
0 0.971875 0.510185 0.976562 0.506481 0.981250 0.506481 0.983854 0.510185 0.985937 0.516667 0.984896 0.525000 0.982813 0.529630 0.933854 0.677778 0.929688 0.678704 0.926042 0.675000 0.923958 0.668519
0 0.923958 0.662037 0.926562 0.655556 0.931250 0.650926 0.935938 0.651852 0.938542 0.654630 0.940625 0.662037 0.939583 0.669444 0.937500 0.675000 0.769271 0.750926 0.765104 0.752778 0.761458 0.748148
0 0.759375 0.741667 0.759375 0.735185 0.761979 0.729630 0.766667 0.725000 0.771354 0.725000 0.774479 0.728704 0.776042 0.735185 0.775000 0.743519 0.772917 0.748148 0.767187 0.812037 0.763021 0.812963 0.758854 0.809259
0 0.757292 0.802778 0.757292 0.795370 0.759375 0.789815 0.764063 0.785185 0.769271 0.786111 0.771875 0.788889 0.773438 0.796296 0.772917 0.803704 0.770833 0.809259 0.677604 0.652778 0.673437 0.653704 0.669271 0.650000
0 0.667708 0.643519 0.667708 0.636111 0.670313 0.630556 0.675000 0.625926 0.679688 0.626852 0.682292 0.629630 0.684375 0.637037 0.683333 0.644444 0.681250 0.650000 0.711979 0.813889 0.707812 0.814815 0.704167 0.811111
0 0.702083 0.804630 0.702604 0.798148 0.704687 0.791667 0.709375 0.787963 0.714063 0.787963 0.717188 0.791667 0.718750 0.798148 0.718229 0.806481 0.715625 0.811111 0.665625 0.825926 0.661458 0.826852 0.657812 0.823148
0 0.655729 0.816667 0.656250 0.810185 0.658333 0.803704 0.663021 0.799074 0.667708 0.800000 0.670833 0.802778 0.672396 0.810185 0.671875 0.817593 0.669271 0.823148 0.554688 0.673148 0.551042 0.674074 0.546875 0.670370
0 0.544792 0.663889 0.545313 0.656482 0.547396 0.650926 0.552083 0.646296 0.556771 0.647222 0.559896 0.650000 0.561458 0.657407 0.560938 0.664815 0.558333 0.669444 0.533854 0.833333 0.529688 0.834259 0.525521 0.830556
0 0.523958 0.824074 0.523958 0.816667 0.526042 0.811111 0.530729 0.806481 0.535937 0.807407 0.538542 0.810185 0.540104 0.817593 0.539583 0.825000 0.537500 0.829630 0.556250 0.801852 0.552083 0.802778 0.547917 0.799074
0 0.546354 0.792593 0.546354 0.786111 0.548958 0.779630 0.553646 0.775000 0.558333 0.775926 0.560938 0.778704 0.563021 0.786111 0.561979 0.793519 0.559896 0.799074 0.490104 0.895370 0.485938 0.896296 0.481771 0.892593
0 0.480208 0.886111 0.480208 0.879630 0.482812 0.873148 0.487500 0.868519 0.492188 0.869444 0.494792 0.873148 0.496875 0.879630 0.495833 0.887037 0.493750 0.892593 0.436458 0.982407 0.432292 0.983333 0.428125 0.979630
0 0.426562 0.973148 0.426562 0.966667 0.429167 0.960185 0.433854 0.956481 0.438542 0.956481 0.441146 0.960185 0.443229 0.966667 0.442187 0.975000 0.440104 0.979630 0.447917 0.818519 0.444271 0.819444 0.440104 0.815741
0 0.438021 0.809259 0.438542 0.801852 0.440625 0.796296 0.445312 0.791667 0.450000 0.792593 0.453125 0.795370 0.454688 0.802778 0.454167 0.810185 0.452083 0.815741 0.492188 0.731481 0.488021 0.733333 0.484375 0.728704
0 0.482292 0.722222 0.482292 0.715741 0.484896 0.710185 0.489583 0.705556 0.494271 0.705556 0.497396 0.709259 0.498958 0.715741 0.497917 0.724074 0.495833 0.728704 0.465625 0.952778 0.461458 0.953704 0.457292 0.950000
0 0.455208 0.943519 0.455729 0.937037 0.457812 0.930556 0.462500 0.925926 0.467187 0.926852 0.470313 0.929630 0.471875 0.937037 0.471354 0.944444 0.469271 0.950000 0.492188 0.646296 0.488021 0.647222 0.483854 0.643519
0 0.481771 0.637037 0.482292 0.630556 0.484375 0.624074 0.489062 0.619444 0.493750 0.620370 0.496875 0.624074 0.498437 0.630556 0.497917 0.637963 0.495833 0.643519 0.379167 0.802778 0.375000 0.803704 0.371354 0.800000
0 0.369271 0.793519 0.369792 0.787037 0.371875 0.780556 0.376563 0.776852 0.381250 0.776852 0.384375 0.780556 0.385938 0.787037 0.385417 0.795370 0.382812 0.800000 0.382292 0.761111 0.378125 0.762037 0.374479 0.758333
0 0.372396 0.751852 0.372396 0.744444 0.375000 0.738889 0.379687 0.734259 0.384375 0.735185 0.387500 0.737963 0.389062 0.745370 0.388021 0.752778 0.385938 0.758333 0.407292 0.652778 0.403125 0.653704 0.399479 0.650000
0 0.397396 0.643519 0.397396 0.636111 0.400000 0.630556 0.404687 0.625926 0.409375 0.626852 0.412500 0.629630 0.414062 0.637037 0.413542 0.644444 0.410937 0.649074 0.388542 0.606481 0.384375 0.608333 0.380208 0.603704
0 0.378646 0.597222 0.378646 0.590741 0.381250 0.585185 0.385938 0.580556 0.390625 0.580556 0.393229 0.584259 0.395312 0.590741 0.394271 0.599074 0.392188 0.603704 0.364583 0.616667 0.360417 0.617593 0.356771 0.613889
0 0.354688 0.607407 0.354688 0.600000 0.357292 0.594444 0.361979 0.589815 0.366667 0.590741 0.369792 0.593518 0.371354 0.600926 0.370313 0.608333 0.368229 0.612963 0.394271 0.562037 0.390104 0.562963 0.386458 0.559259
0 0.384375 0.552778 0.384896 0.545370 0.386979 0.539815 0.391667 0.535185 0.396354 0.536111 0.399479 0.538889 0.401042 0.546296 0.400521 0.553704 0.397917 0.558333 0.394792 0.528704 0.390625 0.529630 0.386979 0.525926
0 0.384896 0.519444 0.384896 0.512037 0.387500 0.506481 0.392188 0.501852 0.396875 0.502778 0.400000 0.505556 0.401563 0.512963 0.400521 0.520370 0.398438 0.525926 0.358854 0.583333 0.354688 0.584259 0.351042 0.580556
0 0.348958 0.574074 0.348958 0.566667 0.351562 0.561111 0.356250 0.556481 0.360938 0.557407 0.364062 0.560185 0.365625 0.567593 0.365104 0.575000 0.362500 0.580556 0.323958 0.576852 0.319792 0.577778 0.315625 0.574074
0 0.314063 0.567593 0.314063 0.560185 0.316667 0.554630 0.321354 0.550000 0.326042 0.550926 0.328646 0.553704 0.330729 0.561111 0.329688 0.568519 0.327604 0.573148 0.462500 0.421296 0.458333 0.422222 0.454167 0.417593
0 0.452083 0.412037 0.452604 0.404630 0.454688 0.399074 0.459375 0.394444 0.464063 0.394444 0.467187 0.398148 0.468750 0.404630 0.468229 0.412963 0.466146 0.417593 0.481771 0.583333 0.477604 0.584259 0.473958 0.580556
0 0.471875 0.574074 0.472396 0.566667 0.474479 0.561111 0.479167 0.556481 0.483854 0.557407 0.486979 0.560185 0.488542 0.567593 0.488021 0.575000 0.485417 0.579630 0.565104 0.541667 0.560938 0.543519 0.557292 0.538889
0 0.555208 0.532407 0.555729 0.525926 0.557813 0.520370 0.562500 0.515741 0.567187 0.515741 0.570312 0.519444 0.571875 0.525926 0.571354 0.534259 0.568750 0.538889 0.602083 0.500000 0.597917 0.500926 0.593750 0.497222
0 0.591667 0.490741 0.592188 0.484259 0.594271 0.477778 0.598958 0.474074 0.603646 0.474074 0.606771 0.477778 0.608333 0.484259 0.607813 0.492593 0.605729 0.497222 0.593750 0.575000 0.589583 0.575926 0.585417 0.572222
0 0.583333 0.565741 0.583854 0.558333 0.585938 0.552778 0.590625 0.548148 0.595312 0.549074 0.598437 0.551852 0.600000 0.559259 0.599479 0.566667 0.597396 0.571296 0.660937 0.372222 0.656771 0.374074 0.653125 0.369444
0 0.651042 0.362963 0.651042 0.356481 0.653646 0.350926 0.658333 0.346296 0.663021 0.346296 0.666146 0.350000 0.667708 0.356481 0.667188 0.364815 0.664583 0.369444 0.681771 0.282407 0.677604 0.283333 0.673958 0.279630
0 0.671875 0.273148 0.671875 0.266667 0.674479 0.260185 0.679167 0.255556 0.683854 0.256481 0.686979 0.259259 0.688542 0.266667 0.687500 0.274074 0.685417 0.279630 0.713542 0.341667 0.709896 0.342593 0.705729 0.338889
0 0.703646 0.332407 0.704167 0.325000 0.706250 0.319444 0.710938 0.314815 0.715625 0.315741 0.718750 0.318519 0.720312 0.325926 0.719792 0.333333 0.717708 0.337963 0.636458 0.616667 0.632292 0.617593 0.628125 0.613889
0 0.626562 0.607407 0.626562 0.600000 0.629167 0.594444 0.633854 0.589815 0.638542 0.590741 0.641146 0.593518 0.643229 0.600926 0.642187 0.608333 0.640104 0.612963 0.610417 0.482407 0.606250 0.483333 0.602604 0.479630
0 0.600521 0.473148 0.601042 0.465741 0.603125 0.460185 0.607813 0.455556 0.612500 0.456481 0.615625 0.459259 0.617188 0.466667 0.616667 0.474074 0.614062 0.478704 0.803646 0.206481 0.799479 0.207407 0.795833 0.203704
0 0.793750 0.197222 0.794271 0.190741 0.796354 0.185185 0.801042 0.180556 0.805729 0.180556 0.808854 0.184259 0.810417 0.190741 0.809896 0.199074 0.807292 0.203704 0.825000 0.187037 0.820833 0.187963 0.817187 0.184259
0 0.815104 0.177778 0.815625 0.170370 0.817708 0.164815 0.822396 0.160185 0.827083 0.161111 0.830208 0.163889 0.831771 0.171296 0.831250 0.178704 0.828646 0.183333 0.847396 0.138889 0.843229 0.139815 0.839583 0.136111
0 0.837500 0.129630 0.838021 0.123148 0.840104 0.116667 0.844792 0.112963 0.849479 0.112963 0.852604 0.116667 0.854167 0.123148 0.853646 0.131481 0.851042 0.136111 0.857292 0.184259 0.853646 0.185185 0.849479 0.181481
0 0.847396 0.175000 0.847917 0.167593 0.850000 0.162037 0.854688 0.157407 0.859375 0.158333 0.862500 0.161111 0.864062 0.168519 0.863542 0.175926 0.861458 0.180556 0.874479 0.151852 0.870313 0.152778 0.866667 0.149074
0 0.864583 0.142593 0.865104 0.135185 0.867188 0.129630 0.871875 0.125000 0.876562 0.125926 0.879687 0.128704 0.881250 0.136111 0.880729 0.143519 0.878125 0.149074 0.910937 0.115741 0.906771 0.116667 0.902604 0.112963
0 0.900521 0.106481 0.901042 0.099074 0.903125 0.093519 0.907812 0.088889 0.912500 0.089815 0.915625 0.092593 0.917188 0.100000 0.916667 0.107407 0.914583 0.112963 0.833854 0.083333 0.829687 0.084259 0.826042 0.080556
0 0.823958 0.074074 0.824479 0.066667 0.826563 0.061111 0.831250 0.056481 0.835938 0.057407 0.838542 0.061111 0.840104 0.067593 0.840104 0.075000 0.837500 0.080556 0.724479 0.153704 0.720312 0.155556 0.716146 0.150926
0 0.714583 0.144444 0.714583 0.137963 0.717188 0.132407 0.721875 0.127778 0.726562 0.127778 0.729167 0.131481 0.730729 0.138889 0.730208 0.146296 0.728125 0.150926 0.758854 0.159259 0.754687 0.160185 0.751042 0.156481
0 0.748958 0.150000 0.748958 0.142593 0.751562 0.137037 0.756250 0.132407 0.760938 0.133333 0.763542 0.137037 0.765104 0.143519 0.764583 0.150926 0.762500 0.155556 0.747396 0.199074 0.743229 0.200000 0.739062 0.196296
0 0.737500 0.189815 0.737500 0.183333 0.740104 0.176852 0.744792 0.172222 0.749479 0.173148 0.751562 0.176852 0.753646 0.183333 0.753125 0.190741 0.751042 0.196296 0.736979 0.426852 0.732813 0.427778 0.728646 0.424074
0 0.726562 0.417593 0.727083 0.410185 0.729167 0.404630 0.733854 0.400000 0.738542 0.400926 0.741146 0.403704 0.743229 0.411111 0.742708 0.418519 0.740625 0.423148 0.804167 0.130556 0.800000 0.131481 0.796354 0.127778
0 0.794271 0.121296 0.794271 0.114815 0.796875 0.109259 0.801562 0.104630 0.806250 0.104630 0.808854 0.108333 0.810417 0.115741 0.809896 0.123148 0.807813 0.127778 0.694792 0.008333 0.690625 0.009259 0.686979 0.005556
0 0.684375 0.000000 0.700521 0.000000 0.698438 0.004630 0.682292 0.087037 0.678125 0.087963 0.674479 0.083333 0.672396 0.077778 0.672917 0.070370 0.675000 0.064815 0.679688 0.060185 0.684375 0.060185 0.686979 0.063889
0 0.688542 0.071296 0.688542 0.078704 0.685938 0.083333 0.647917 0.020370 0.644792 0.020370 0.641667 0.016667 0.640104 0.011111 0.640104 0.005556 0.643750 0.000000 0.650521 0.000000 0.652604 0.005556 0.653125 0.012037
0 0.651563 0.017593 0.789062 0.149074 0.785937 0.149074 0.782812 0.146296 0.781250 0.139815 0.781250 0.134259 0.784896 0.127778 0.789583 0.125926 0.792188 0.127778 0.793750 0.134259 0.794271 0.140741 0.792188 0.146296
0 0.659375 0.149074 0.655208 0.150000 0.651563 0.146296 0.649479 0.139815 0.650000 0.133333 0.652083 0.126852 0.656771 0.123148 0.661458 0.123148 0.664062 0.126852 0.665625 0.134259 0.665625 0.141667 0.663021 0.146296
0 0.617188 0.102778 0.613021 0.103704 0.608854 0.099074 0.606771 0.093519 0.607292 0.086111 0.609375 0.080556 0.614062 0.075926 0.618750 0.075926 0.621354 0.079630 0.622917 0.087037 0.622917 0.094444 0.620833 0.099074
0 0.669792 0.178704 0.665625 0.179630 0.661979 0.175000 0.659896 0.169444 0.659896 0.162037 0.662500 0.156481 0.667188 0.151852 0.671875 0.151852 0.674479 0.155556 0.676042 0.162963 0.675521 0.170370 0.673437 0.175000
0 0.588542 0.195370 0.584375 0.196296 0.580729 0.192593 0.578646 0.186111 0.578646 0.178704 0.581250 0.173148 0.585938 0.168519 0.590625 0.169444 0.593229 0.173148 0.594792 0.179630 0.594271 0.187037 0.592188 0.192593
0 0.502604 0.182407 0.498437 0.183333 0.494792 0.178704 0.492708 0.173148 0.493229 0.165741 0.495313 0.160185 0.500000 0.155556 0.504687 0.155556 0.507292 0.159259 0.508854 0.166667 0.508854 0.174074 0.506250 0.178704
0 0.690104 0.225926 0.685938 0.226852 0.681771 0.223148 0.680208 0.216667 0.680208 0.209259 0.682813 0.203704 0.687500 0.199074 0.692187 0.200000 0.694271 0.203704 0.696354 0.210185 0.695833 0.217593 0.693750 0.223148
0 0.590104 0.276852 0.586458 0.277778 0.582292 0.274074 0.580208 0.267593 0.580729 0.261111 0.582812 0.254630 0.587500 0.250000 0.592188 0.250926 0.594792 0.254630 0.596354 0.261111 0.596354 0.268519 0.593750 0.274074
0 0.564583 0.100926 0.560417 0.101852 0.556771 0.097222 0.554688 0.091667 0.555208 0.084259 0.557292 0.078704 0.561979 0.074074 0.566667 0.074074 0.569271 0.077778 0.570833 0.085185 0.570833 0.092593 0.568229 0.097222
0 0.455729 0.208333 0.451562 0.210185 0.447917 0.205556 0.445833 0.199074 0.445833 0.192593 0.448438 0.187037 0.453125 0.182407 0.457812 0.182407 0.460417 0.186111 0.461979 0.193519 0.461458 0.200926 0.459375 0.205556
0 0.453125 0.344444 0.448958 0.345370 0.445312 0.341667 0.443229 0.335185 0.443750 0.328704 0.445833 0.322222 0.450521 0.317593 0.455208 0.318519 0.457812 0.322222 0.459375 0.328704 0.459375 0.336111 0.456771 0.341667
0 0.456771 0.374074 0.452604 0.375000 0.448438 0.371296 0.446354 0.364815 0.446875 0.357407 0.448958 0.351852 0.453646 0.347222 0.458333 0.348148 0.460938 0.351852 0.463021 0.358333 0.462500 0.365741 0.460417 0.371296
0 0.486458 0.337037 0.482292 0.337963 0.478646 0.334259 0.476562 0.327778 0.476562 0.321296 0.479167 0.314815 0.483854 0.311111 0.488542 0.311111 0.491146 0.314815 0.492708 0.322222 0.492708 0.329630 0.490104 0.334259
0 0.638021 0.324074 0.633854 0.310185 0.635417 0.299074 0.640104 0.291667 0.646875 0.287037 0.652604 0.287963 0.656250 0.291667 0.658854 0.301852 0.657812 0.312037 0.655729 0.319444 0.651042 0.325926 0.643750 0.327778
0 0.598437 0.310185 0.594271 0.296296 0.596354 0.285185 0.601042 0.277778 0.607813 0.273148 0.613021 0.274074 0.617188 0.277778 0.619271 0.287963 0.618229 0.298148 0.616146 0.305556 0.611458 0.312037 0.604167 0.313889
0 0.572396 0.330556 0.568229 0.316667 0.569792 0.305556 0.574479 0.298148 0.581250 0.293519 0.586458 0.294444 0.590625 0.298148 0.593229 0.308333 0.592188 0.318519 0.590104 0.325926 0.584896 0.332407 0.578125 0.334259
0 0.591146 0.403704 0.586979 0.390741 0.589063 0.378704 0.593750 0.371296 0.600521 0.366667 0.605729 0.367593 0.609896 0.372222 0.611979 0.382407 0.610937 0.392593 0.608854 0.399074 0.604167 0.406481 0.596875 0.407407
0 0.809896 0.251852 0.805729 0.237963 0.807813 0.226852 0.812500 0.218519 0.819271 0.213889 0.824479 0.214815 0.828646 0.219444 0.830729 0.229630 0.829687 0.239815 0.827604 0.247222 0.822917 0.253704 0.815625 0.255556
0 0.719792 0.000000 0.713021 0.000000 0.472396 0.301852 0.468229 0.287963 0.469792 0.276852 0.474479 0.268519 0.481771 0.263889 0.486979 0.264815 0.490625 0.269444 0.493229 0.279630 0.492188 0.289815 0.490104 0.296296
0 0.485417 0.303704 0.478125 0.304630 0.423438 0.200926 0.419271 0.187963 0.421354 0.175926 0.426042 0.168519 0.432813 0.163889 0.438021 0.164815 0.442187 0.169444 0.444271 0.179630 0.443229 0.189815 0.441146 0.196296
0 0.436458 0.203704 0.429167 0.204630 0.303646 0.545370 0.300000 0.533333 0.301042 0.524074 0.301562 0.522222 0.305729 0.516667 0.312500 0.512037 0.317708 0.512963 0.321875 0.516667 0.323958 0.526852 0.322917 0.537037
0 0.320833 0.544444 0.316667 0.549074 0.309896 0.550000 0.416146 0.392593 0.411979 0.378704 0.413542 0.367593 0.418229 0.360185 0.425000 0.354630 0.430208 0.355556 0.434375 0.360185 0.436979 0.370370 0.435937 0.380556
0 0.433854 0.387963 0.428646 0.394444 0.421875 0.396296 0.460417 0.668519 0.456250 0.655556 0.458333 0.643519 0.463021 0.636111 0.469792 0.631481 0.475000 0.632407 0.479167 0.637037 0.481250 0.647222 0.480208 0.657407
0 0.478125 0.663889 0.473437 0.671296 0.466146 0.672222 0.597396 0.633333 0.593229 0.619444 0.595312 0.608333 0.600000 0.600926 0.606771 0.596296 0.611979 0.597222 0.616146 0.600926 0.618229 0.611111
0 0.617188 0.621296 0.615104 0.628704 0.610417 0.635185 0.603125 0.637037 0.567708 0.617593 0.563542 0.603704 0.565104 0.592593 0.569792 0.584259 0.576563 0.579630 0.581771 0.580556 0.585938 0.585185
0 0.588542 0.595370 0.587500 0.605556 0.585417 0.612037 0.580729 0.619444 0.573438 0.620370 0.532812 0.513889 0.528646 0.500000 0.530729 0.488889 0.535417 0.480556 0.542188 0.475926 0.547396 0.476852
0 0.551562 0.481481 0.553646 0.491667 0.552604 0.501852 0.550521 0.509259 0.545833 0.515741 0.538542 0.517593 0.227083 0.436111 0.222917 0.422222 0.224479 0.411111 0.229167 0.402778 0.235938 0.398148
0 0.241146 0.399074 0.244792 0.404630 0.247917 0.413889 0.246875 0.424074 0.244792 0.430556 0.240104 0.437963 0.232812 0.438889 0.131250 0.463889 0.127604 0.450000 0.129167 0.437963 0.133854 0.430556
0 0.140625 0.425926 0.145833 0.426852 0.150000 0.431481 0.152083 0.441667 0.151042 0.451852 0.148958 0.458333 0.144271 0.465741 0.136979 0.466667 0.071875 0.562963 0.067708 0.549074 0.069271 0.537963
0 0.073958 0.529630 0.080729 0.525000 0.085938 0.525926 0.090104 0.530556 0.092708 0.540741 0.091667 0.550926 0.089062 0.557407 0.084375 0.564815 0.077083 0.565741 0.022396 0.704630 0.018229 0.690741 0.019792 0.679630
0 0.024479 0.672222 0.031250 0.667593 0.036458 0.668519 0.040625 0.673148 0.043229 0.683333 0.042188 0.693519 0.040104 0.700000 0.035417 0.707407 0.028125 0.708333 0.211458 0.951852 0.207813 0.937963 0.209375 0.926852
0 0.214062 0.919444 0.220833 0.914815 0.226042 0.915741 0.230208 0.920370 0.232292 0.930556 0.231250 0.940741 0.229167 0.947222 0.224479 0.954630 0.217187 0.955556 0.254687 0.921296 0.250521 0.907407 0.252604 0.896296
0 0.257292 0.888889 0.264062 0.884259 0.269271 0.885185 0.273438 0.888889 0.275521 0.899074 0.274479 0.909259 0.272396 0.916667 0.267708 0.923148 0.260417 0.925000 0.319271 0.856481 0.315104 0.842593 0.316667 0.831481
0 0.321354 0.823148 0.328125 0.818519 0.333333 0.819444 0.337500 0.824074 0.340104 0.834259 0.339063 0.844444 0.336979 0.850926 0.331771 0.858333 0.325000 0.859259 0.350521 0.842593 0.346354 0.829630 0.348437 0.817593
0 0.353125 0.810185 0.359896 0.805556 0.365104 0.806481 0.369271 0.811111 0.371354 0.821296 0.370313 0.831481 0.368229 0.837963 0.363542 0.845370 0.356250 0.846296 0.403646 0.857407 0.399479 0.843518 0.401042 0.832407
0 0.405729 0.825000 0.412500 0.820370 0.417708 0.821296 0.421875 0.825000 0.424479 0.835185 0.423438 0.845370 0.421354 0.852778 0.416667 0.859259 0.409375 0.861111 0.333333 0.887037 0.329167 0.874074 0.330729 0.862037
0 0.335417 0.854630 0.342187 0.850000 0.347917 0.850926 0.351562 0.855556 0.354167 0.865741 0.353125 0.875926 0.351042 0.882407 0.346354 0.889815 0.339063 0.890741 0.472917 0.808333 0.468750 0.794444 0.470313 0.783333
0 0.475521 0.775000 0.482292 0.770370 0.487500 0.771296 0.491667 0.775926 0.493750 0.786111 0.492708 0.796296 0.490625 0.803704 0.485938 0.810185 0.478646 0.812037 0.629167 0.700000 0.625000 0.686111 0.626562 0.675000
0 0.631250 0.667593 0.638021 0.662963 0.643750 0.663889 0.647396 0.667593 0.650000 0.678704 0.648958 0.688889 0.646875 0.695370 0.642187 0.701852 0.634896 0.703704 0.584896 0.745370 0.580729 0.731481 0.582292 0.720370
0 0.586979 0.712963 0.593750 0.708333 0.599479 0.709259 0.603125 0.712963 0.605729 0.723148 0.604688 0.733333 0.602604 0.740741 0.597917 0.747222 0.590625 0.749074 0.636458 0.907407 0.632292 0.893519 0.633854 0.882407
0 0.638542 0.874074 0.645312 0.869444 0.650521 0.870370 0.654688 0.875000 0.657292 0.885185 0.656250 0.895370 0.654167 0.902778 0.649479 0.909259 0.642187 0.911111 0.553646 0.971296 0.549479 0.957407 0.551562 0.946296
0 0.556250 0.938889 0.563021 0.934259 0.568229 0.935185 0.572396 0.938889 0.574479 0.949074 0.573438 0.959259 0.571354 0.966667 0.566667 0.973148 0.559375 0.975000 0.754167 0.650926 0.750000 0.637037 0.751562 0.625926
0 0.756250 0.617593 0.763021 0.612963 0.768229 0.613889 0.772396 0.618519 0.775000 0.628704 0.773958 0.638889 0.771875 0.646296 0.767187 0.652778 0.759896 0.654630 0.728125 0.654630 0.723958 0.640741 0.725521 0.629630
0 0.730208 0.622222 0.736979 0.617593 0.742708 0.618519 0.746354 0.622222 0.748958 0.633333 0.747917 0.643519 0.745833 0.650000 0.741146 0.656482 0.733854 0.658333 0.790625 0.729630 0.786458 0.715741 0.788021 0.704630
0 0.792708 0.696296 0.800000 0.691667 0.805208 0.692593 0.808854 0.697222 0.811458 0.707407 0.810417 0.717593 0.808333 0.724074 0.803646 0.731481 0.796354 0.732407 0.887500 0.526852 0.883333 0.512963 0.884896 0.501852
0 0.890104 0.493519 0.896875 0.488889 0.902083 0.489815 0.906250 0.494444 0.908333 0.504630 0.907292 0.514815 0.905208 0.521296 0.900521 0.528704 0.893229 0.529630 0.934896 0.614815 0.930729 0.600926 0.932292 0.589815
0 0.936979 0.581481 0.943750 0.576852 0.949479 0.577778 0.953125 0.582407 0.955729 0.592593 0.954687 0.602778 0.952604 0.609259 0.947917 0.616667 0.940625 0.617593 0.951042 0.647222 0.946875 0.633333 0.948438 0.622222
0 0.953125 0.613889 0.959896 0.609259 0.965625 0.610185 0.969271 0.614815 0.971875 0.625000 0.970833 0.635185 0.968750 0.641667 0.964063 0.649074 0.956771 0.650000 0.716146 0.305556 0.711979 0.291667 0.713542 0.280556
0 0.718750 0.273148 0.725521 0.268519 0.730729 0.269444 0.734896 0.273148 0.736979 0.283333 0.735937 0.293519 0.733854 0.300926 0.729167 0.307407 0.721875 0.309259 0.584896 0.129630 0.580729 0.115741 0.582292 0.104630
0 0.586979 0.097222 0.593750 0.092593 0.598958 0.093519 0.603125 0.097222 0.605729 0.107407 0.604688 0.117593 0.602604 0.125000 0.597917 0.131481 0.590625 0.133333 0.529688 0.408333 0.526042 0.394444 0.527604 0.383333
0 0.532292 0.375926 0.539062 0.370370 0.544271 0.371296 0.548437 0.375926 0.550521 0.386111 0.549479 0.396296 0.547396 0.403704 0.542708 0.410185 0.535417 0.412037 0.570312 0.510185 0.566146 0.496296 0.568229 0.485185 0.572917 0.477778
0 0.579687 0.473148 0.584896 0.474074 0.589063 0.477778 0.591146 0.487963 0.590104 0.498148 0.588021 0.505556 0.583333 0.512037 0.576042 0.513889 0.617188 0.509259 0.613021 0.495370 0.614583 0.484259 0.619271 0.476852
0 0.626562 0.471296 0.631771 0.472222 0.635417 0.476852 0.638021 0.487037 0.636979 0.497222 0.634896 0.504630 0.630208 0.511111 0.622917 0.512963 0.093229 0.735185 0.089062 0.721296 0.090625 0.710185 0.095312 0.702778
0 0.102083 0.698148 0.107292 0.699074 0.111458 0.702778 0.114063 0.712963 0.113021 0.723148 0.110937 0.730556 0.106250 0.737037 0.098958 0.738889 0.283333 0.588889 0.280208 0.578704 0.279167 0.566667 0.282292 0.553704
0 0.289062 0.547222 0.294271 0.543519 0.301562 0.545370 0.306250 0.551852 0.308854 0.562037 0.309375 0.571296 0.304688 0.583333 0.298958 0.589815 0.289583 0.592593 0.418750 0.637963 0.415104 0.627778 0.414062 0.614815
0 0.417708 0.602778 0.423958 0.596296 0.429688 0.592593 0.436979 0.594444 0.441667 0.600926 0.443750 0.611111 0.444271 0.620370 0.439583 0.632407 0.434375 0.638889 0.424479 0.641667 0.509375 0.924074 0.505729 0.924074
0 0.502604 0.921296 0.501042 0.914815 0.501562 0.909259 0.505208 0.902778 0.509896 0.900926 0.511979 0.902778 0.514063 0.909259 0.514063 0.915741 0.512500 0.921296 0.480208 0.984259 0.476042 0.985185 0.472396 0.981481
0 0.470313 0.975000 0.470833 0.967593 0.472917 0.962037 0.477604 0.957407 0.482292 0.958333 0.485417 0.961111 0.486979 0.968518 0.486458 0.975926 0.483854 0.980556 0.293750 0.997222 0.299479 0.993519 0.303646 0.995370
0 0.330208 0.974074 0.328125 0.966667 0.328125 0.960185 0.329167 0.954630 0.332292 0.950000 0.338542 0.946296 0.342187 0.948148 0.345313 0.953704 0.346354 0.961111 0.345833 0.967593 0.343750 0.973148 0.340104 0.976852
0 0.334375 0.977778 0.291146 0.934259 0.289583 0.926852 0.289062 0.921296 0.290104 0.915741 0.293229 0.911111 0.299479 0.907407 0.303125 0.909259 0.306250 0.914815 0.307292 0.922222 0.307292 0.928704 0.304688 0.934259
0 0.301042 0.937963 0.295312 0.938889 0.261458 0.968518 0.259375 0.961111 0.259375 0.954630 0.260417 0.949074 0.263542 0.944444 0.269271 0.940741 0.273438 0.942593 0.276042 0.948148 0.277604 0.955556 0.277083 0.962037
0 0.275000 0.967593 0.271354 0.971296 0.265625 0.972222 0.247917 0.876852 0.245833 0.869444 0.245833 0.862963 0.246875 0.857407 0.250000 0.852778 0.256250 0.849074 0.259896 0.850926 0.263021 0.856481 0.264062 0.863889
0 0.263542 0.870370 0.261458 0.876852 0.257812 0.880556 0.252083 0.880556 0.143229 0.921296 0.141667 0.913889 0.141146 0.907407 0.142188 0.902778 0.145833 0.897222 0.151562 0.893519 0.155208 0.895370 0.158333 0.900926
0 0.159375 0.908333 0.159375 0.914815 0.157292 0.921296 0.153125 0.925000 0.147396 0.925000 0.103125 0.956481 0.101042 0.949074 0.101042 0.943519 0.102083 0.937963 0.105208 0.933333 0.110937 0.929630 0.115104 0.931481
0 0.117708 0.937037 0.119271 0.943519 0.118750 0.950926 0.116667 0.956481 0.112500 0.960185 0.107292 0.961111 0.222917 0.874074 0.220833 0.866667 0.220833 0.860185 0.221875 0.855556 0.225000 0.850926 0.230729 0.847222
0 0.234896 0.849074 0.237500 0.854630 0.239063 0.861111 0.238542 0.868519 0.236458 0.874074 0.232812 0.877778 0.227083 0.877778 0.201562 0.872222 0.199479 0.864815 0.199479 0.858333 0.200000 0.852778 0.203646 0.848148
0 0.209375 0.844444 0.213542 0.846296 0.216146 0.851852 0.217187 0.859259 0.217187 0.865741 0.215104 0.871296 0.210938 0.875000 0.205729 0.875926 0.198437 0.747222 0.196875 0.739815 0.196354 0.733333 0.197396 0.728704
0 0.201042 0.724074 0.206771 0.719444 0.210417 0.721296 0.213542 0.726852 0.214583 0.734259 0.214583 0.740741 0.212500 0.747222 0.208333 0.750926 0.203125 0.750926 0.147396 0.726852 0.145313 0.719444 0.145313 0.712963
0 0.146354 0.708333 0.149479 0.703704 0.155729 0.699074 0.159375 0.700926 0.162500 0.707407 0.163542 0.713889 0.163021 0.721296 0.160938 0.726852 0.157292 0.730556 0.151562 0.730556 0.089583 0.789815 0.088021 0.782407
0 0.087500 0.775926 0.088542 0.771296 0.091667 0.766667 0.097917 0.762037 0.101562 0.763889 0.104687 0.770370 0.105729 0.776852 0.105729 0.784259 0.103125 0.789815 0.099479 0.793519 0.093750 0.793519 0.320312 0.740741
0 0.318229 0.733333 0.318229 0.726852 0.318750 0.721296 0.322396 0.716667 0.328125 0.712963 0.331771 0.714815 0.334896 0.720370 0.335938 0.727778 0.335938 0.734259 0.333854 0.739815 0.329688 0.743519 0.324479 0.744444
0 0.357292 0.741667 0.355208 0.734259 0.355208 0.727778 0.355729 0.723148 0.359375 0.718518 0.365104 0.713889 0.368750 0.715741 0.371875 0.722222 0.372917 0.728704 0.372917 0.736111 0.370833 0.741667 0.366667 0.745370
0 0.361458 0.745370 0.231771 0.677778 0.229687 0.670370 0.229687 0.663889 0.230729 0.659259 0.233854 0.654630 0.239583 0.650000 0.243750 0.651852 0.246354 0.657407 0.247917 0.664815 0.247396 0.671296 0.245312 0.677778
0 0.241667 0.681481 0.235938 0.681481 0.304688 0.611111 0.303125 0.603704 0.302604 0.598148 0.303646 0.592593 0.306771 0.587963 0.313021 0.584259 0.316667 0.586111 0.319792 0.591667 0.320833 0.599074 0.320312 0.605556
0 0.318229 0.611111 0.314583 0.614815 0.308854 0.615741 0.201042 0.580556 0.198958 0.573148 0.198958 0.567593 0.200000 0.562037 0.203125 0.557407 0.209375 0.553704 0.213021 0.555556 0.216146 0.561111 0.217187 0.568519
0 0.216667 0.575000 0.214583 0.580556 0.210938 0.584259 0.205208 0.585185 0.222917 0.517593 0.221354 0.510185 0.220833 0.503704 0.221875 0.499074 0.225000 0.494444 0.231250 0.489815 0.234896 0.491667 0.238021 0.498148
0 0.239063 0.504630 0.238542 0.512037 0.236458 0.517593 0.232812 0.521296 0.227083 0.521296 0.270312 0.495370 0.268229 0.487963 0.268229 0.481481 0.269271 0.476852 0.272396 0.472222 0.278646 0.467593 0.282292 0.469444
0 0.285417 0.475000 0.286458 0.482407 0.285937 0.488889 0.283854 0.495370 0.280208 0.499074 0.274479 0.499074 0.337500 0.371296 0.335938 0.363889 0.335417 0.357407 0.336458 0.351852 0.339583 0.347222 0.345833 0.343519
0 0.349479 0.345370 0.352604 0.350926 0.353646 0.358333 0.353646 0.364815 0.351042 0.370370 0.347396 0.374074 0.341667 0.375000 0.335938 0.404630 0.333854 0.397222 0.333854 0.390741 0.334896 0.386111 0.338021 0.381481
0 0.343750 0.376852 0.347917 0.378704 0.350521 0.385185 0.352083 0.391667 0.351562 0.399074 0.349479 0.404630 0.345833 0.408333 0.340104 0.408333 0.382292 0.264815 0.380208 0.258333 0.380208 0.251852 0.381250 0.246296
0 0.384375 0.241667 0.390625 0.237963 0.394271 0.239815 0.397396 0.245370 0.398438 0.252778 0.397917 0.259259 0.395833 0.264815 0.392188 0.268519 0.386458 0.269444 0.365104 0.301852 0.363542 0.294444 0.363021 0.287963
0 0.364062 0.283333 0.367188 0.278704 0.373437 0.274074 0.377083 0.275926 0.380208 0.282407 0.381250 0.288889 0.380729 0.296296 0.378646 0.301852 0.375000 0.305556 0.369271 0.305556 0.343750 0.297222 0.342187 0.289815
0 0.341667 0.284259 0.342708 0.278704 0.345833 0.274074 0.352083 0.270370 0.355729 0.272222 0.358854 0.277778 0.359896 0.284259 0.359375 0.291667 0.357292 0.297222 0.353646 0.300926 0.347917 0.301852 0.322917 0.300926
0 0.321354 0.293519 0.320833 0.287037 0.321875 0.281481 0.325000 0.276852 0.331250 0.273148 0.334896 0.275000 0.338021 0.280556 0.339063 0.287963 0.338542 0.294444 0.336458 0.300000 0.332812 0.303704 0.327083 0.304630
0 0.309896 0.326852 0.307813 0.319444 0.307813 0.312963 0.308854 0.308333 0.311979 0.303704 0.318229 0.300000 0.321875 0.301852 0.325000 0.307407 0.326042 0.313889 0.325521 0.321296 0.323438 0.326852 0.319792 0.330556
0 0.314063 0.330556 0.350000 0.258333 0.348437 0.250926 0.348437 0.244444 0.348958 0.239815 0.352604 0.235185 0.358333 0.230556 0.361979 0.232407 0.365104 0.238889 0.366146 0.245370 0.366146 0.252778 0.364062 0.258333
0 0.359896 0.262037 0.354688 0.262037 0.261979 0.356481 0.260417 0.349074 0.259896 0.342593 0.260938 0.337963 0.264583 0.332407 0.270312 0.328704 0.273958 0.330556 0.277083 0.336111 0.278125 0.343519 0.278125 0.350000
0 0.276042 0.356481 0.271875 0.360185 0.266667 0.360185 0.167708 0.436111 0.166146 0.428704 0.165625 0.422222 0.166667 0.417593 0.169792 0.412037 0.176042 0.408333 0.179688 0.410185 0.182812 0.415741 0.183854 0.423148
0 0.183854 0.429630 0.181250 0.436111 0.177604 0.439815 0.171875 0.439815 0.204688 0.427778 0.203125 0.420370 0.202604 0.413889 0.203646 0.409259 0.206771 0.404630 0.213021 0.400000 0.216667 0.401852 0.219792 0.408333 0.220833 0.414815
0 0.220833 0.422222 0.218229 0.427778 0.214583 0.431481 0.208854 0.431481 0.174479 0.544444 0.172396 0.537037 0.172396 0.530556 0.172917 0.525926 0.176563 0.521296 0.182292 0.516667 0.186458 0.518519 0.189063 0.524074 0.190104 0.531482
0 0.190104 0.537963 0.188021 0.544444 0.183854 0.548148 0.178646 0.548148 0.121354 0.548148 0.119792 0.540741 0.119792 0.534259 0.120312 0.529630 0.123958 0.525000 0.129688 0.520370 0.133333 0.522222
0 0.136458 0.528704 0.137500 0.535185 0.137500 0.542593 0.135417 0.548148 0.131250 0.551852 0.126042 0.551852 0.107292 0.505556 0.105729 0.498148 0.105208 0.491667 0.106250 0.486111 0.109375 0.481481 0.115625 0.477778
0 0.119271 0.479630 0.122396 0.485185 0.123438 0.492593 0.122917 0.499074 0.120833 0.504630 0.117188 0.508333 0.111458 0.509259 0.075521 0.460185 0.073958 0.452778 0.073437 0.446296 0.074479 0.441667 0.077604 0.437037 0.083854 0.432407
0 0.087500 0.434259 0.090625 0.439815 0.091667 0.447222 0.091146 0.453704 0.089062 0.460185 0.085417 0.463889 0.079687 0.463889 0.052604 0.503704 0.051042 0.496296 0.050521 0.489815 0.051562 0.484259 0.054688 0.479630 0.060938 0.475926
0 0.064583 0.477778 0.067708 0.483333 0.068750 0.490741 0.068750 0.497222 0.066146 0.502778 0.062500 0.506481 0.056771 0.507407 0.054688 0.684259 0.052604 0.676852 0.052604 0.670370 0.053646 0.665741 0.056771 0.661111 0.062500 0.656482
0 0.066667 0.658333 0.069271 0.663889 0.070833 0.671296 0.070312 0.677778 0.068229 0.684259 0.064583 0.687963 0.058854 0.687963 0.066146 0.623148 0.064062 0.615741 0.064062 0.610185 0.064583 0.604630 0.068229 0.600000 0.073958 0.596296
0 0.077604 0.598148 0.080729 0.603704 0.081771 0.610185 0.081771 0.617593 0.079687 0.623148 0.075521 0.626852 0.070312 0.627778 0.089062 0.613889 0.087500 0.606481 0.086979 0.600000 0.088021 0.594444 0.091146 0.589815 0.097396 0.586111
0 0.101042 0.587963 0.104167 0.593518 0.105208 0.600926 0.105208 0.607407 0.102604 0.612963 0.098958 0.616667 0.093229 0.617593 0.001563 0.591667 0.000521 0.573148 0.003646 0.568519 0.009896 0.563889 0.013542 0.565741 0.016667 0.572222
0 0.017708 0.578704 0.017188 0.586111 0.015104 0.591667 0.011458 0.595370 0.005729 0.595370 0.182292 0.602778 0.180208 0.595370 0.180208 0.588889 0.181250 0.584259 0.184375 0.579630 0.190625 0.575926 0.194271 0.576852 0.197396 0.583333
0 0.198437 0.589815 0.197917 0.597222 0.195833 0.602778 0.192188 0.606481 0.186458 0.606481 0.243229 0.632407 0.241667 0.625000 0.241146 0.619444 0.242188 0.613889 0.245312 0.609259 0.251563 0.605556 0.255208 0.607407 0.258333 0.612963
0 0.259375 0.620370 0.259375 0.626852 0.256771 0.632407 0.253125 0.636111 0.247396 0.637037 0.683854 0.805556 0.681771 0.798148 0.681771 0.791667 0.682813 0.787037 0.685938 0.782407 0.692187 0.777778 0.695833 0.779630 0.698438 0.785185
0 0.700000 0.792593 0.699479 0.799074 0.697396 0.805556 0.693750 0.809259 0.688021 0.809259 0.458854 0.909259 0.457292 0.901852 0.456771 0.895370 0.457812 0.889815 0.460938 0.885185 0.467187 0.881481 0.470833 0.883333 0.473958 0.888889
0 0.475000 0.896296 0.475000 0.902778 0.472396 0.909259 0.468750 0.912963 0.463021 0.912963 0.606250 0.788889 0.604167 0.781482 0.604167 0.775926 0.605208 0.770370 0.608333 0.765741 0.614583 0.762037 0.618229 0.763889 0.620833 0.769444
0 0.622396 0.776852 0.621875 0.783333 0.619792 0.788889 0.616146 0.792593 0.610417 0.793519 0.539583 0.623148 0.537500 0.615741 0.537500 0.610185 0.538542 0.604630 0.541667 0.600000 0.547396 0.596296 0.551562 0.598148 0.554167 0.603704
0 0.555208 0.610185 0.555208 0.617593 0.553125 0.623148 0.548958 0.626852 0.543750 0.627778 0.488021 0.553704 0.485938 0.546296 0.485938 0.540741 0.486979 0.535185 0.490104 0.530556 0.495833 0.526852 0.500000 0.528704 0.502604 0.534259
0 0.504167 0.540741 0.503646 0.548148 0.501562 0.553704 0.497917 0.557407 0.492188 0.558333 0.451562 0.509259 0.449479 0.501852 0.449479 0.495370 0.450000 0.489815 0.453646 0.485185 0.459375 0.481481 0.463542 0.483333 0.466146 0.488889
0 0.467187 0.496296 0.467187 0.502778 0.465104 0.509259 0.460938 0.512963 0.455729 0.512963 0.413542 0.511111 0.411458 0.503704 0.411458 0.497222 0.412500 0.492593 0.415625 0.487963 0.421875 0.483333 0.425521 0.485185 0.428125 0.490741
0 0.429688 0.498148 0.429167 0.504630 0.427083 0.511111 0.423438 0.514815 0.417708 0.514815 0.419792 0.439815 0.417708 0.433333 0.417708 0.426852 0.418750 0.421296 0.421875 0.416667 0.428125 0.412963 0.431771 0.414815 0.434896 0.420370
0 0.435937 0.427778 0.435417 0.434259 0.433333 0.439815 0.429688 0.443519 0.423958 0.444444 0.413542 0.347222 0.411458 0.339815 0.411458 0.333333 0.412500 0.328704 0.415625 0.324074 0.421875 0.319444 0.425521 0.321296 0.428125 0.327778
0 0.429688 0.334259 0.429167 0.341667 0.427083 0.347222 0.423438 0.350926 0.417708 0.350926 0.308333 0.259259 0.306250 0.251852 0.306250 0.245370 0.307292 0.240741 0.310417 0.235185 0.316667 0.231481 0.320312 0.233333 0.323438 0.238889
0 0.324479 0.246296 0.323958 0.252778 0.321875 0.259259 0.318229 0.262963 0.312500 0.262963 0.288542 0.401852 0.286458 0.394444 0.286458 0.387963 0.287500 0.383333 0.290625 0.378704 0.296354 0.374074 0.300521 0.375926 0.303125 0.382407
0 0.304688 0.388889 0.304167 0.396296 0.302083 0.401852 0.298438 0.405556 0.292708 0.405556 0.340104 0.223148 0.338542 0.215741 0.338021 0.209259 0.339063 0.203704 0.342187 0.199074 0.348437 0.195370 0.352083 0.197222 0.355208 0.202778
0 0.356250 0.210185 0.356250 0.216667 0.353646 0.223148 0.350000 0.226852 0.344271 0.226852 0.360417 0.207407 0.358333 0.200000 0.358333 0.193519 0.359375 0.187963 0.362500 0.184259 0.368750 0.179630 0.372396 0.181481 0.375000 0.187037
0 0.376563 0.194444 0.376042 0.200926 0.373958 0.206481 0.370313 0.210185 0.364583 0.211111 0.520833 0.365741 0.518750 0.358333 0.518750 0.351852 0.519792 0.347222 0.522917 0.342593 0.528646 0.337963 0.532812 0.339815 0.535417 0.346296
0 0.536979 0.352778 0.536458 0.360185 0.534375 0.365741 0.530729 0.369444 0.525000 0.369444 0.582292 0.061111 0.580729 0.053704 0.580729 0.047222 0.581250 0.041667 0.584896 0.037963 0.590625 0.033333 0.594271 0.035185 0.597396 0.040741
0 0.598437 0.048148 0.598437 0.054630 0.596354 0.061111 0.592188 0.064815 0.586979 0.064815 0.603646 0.056481 0.602083 0.049074 0.601562 0.043519 0.602604 0.037963 0.606250 0.034259 0.611979 0.029630 0.615625 0.031481 0.618750 0.037037
0 0.619792 0.044444 0.619792 0.050926 0.617708 0.056481 0.613542 0.060185 0.607813 0.061111 0.611458 0.174074 0.609375 0.166667 0.609375 0.161111 0.610417 0.155556 0.613542 0.151852 0.619792 0.147222 0.623438 0.149074 0.626042 0.154630
0 0.627604 0.161111 0.627083 0.168519 0.625000 0.174074 0.621354 0.177778 0.615625 0.178704 0.581771 0.229630 0.579687 0.222222 0.579687 0.215741 0.580729 0.211111 0.583854 0.207407 0.589583 0.202778 0.593750 0.203704 0.596354 0.210185
0 0.597917 0.216667 0.597396 0.224074 0.595312 0.229630 0.591667 0.233333 0.585938 0.233333 0.713021 0.190741 0.711458 0.183333 0.711458 0.177778 0.711979 0.172222 0.715625 0.168519 0.721354 0.163889 0.725000 0.165741 0.728125 0.171296
0 0.729167 0.177778 0.729167 0.185185 0.727083 0.190741 0.722917 0.194444 0.717708 0.195370 0.782292 0.090741 0.780729 0.087037 0.780729 0.081481 0.782812 0.076852 0.784375 0.075000 0.787500 0.073148 0.790625 0.076852 0.791667 0.081481
0 0.791146 0.086111 0.788542 0.090741 0.785417 0.091667 0.698438 0.208333 0.696875 0.203704 0.696875 0.199074 0.698958 0.194444 0.700521 0.191667 0.703646 0.190741 0.706771 0.193519 0.707812 0.199074 0.707292 0.203704 0.704687 0.208333
0 0.701563 0.209259 0.726042 0.258333 0.724479 0.254630 0.724479 0.249074 0.726042 0.244444 0.728125 0.242593 0.731250 0.240741 0.734375 0.244444 0.735417 0.249074 0.734896 0.253704 0.731771 0.258333 0.729167 0.259259 0.800000 0.153704
0 0.798437 0.150000 0.798437 0.145370 0.800000 0.140741 0.802083 0.137963 0.805208 0.137037 0.808333 0.139815 0.809375 0.145370 0.808854 0.150000 0.805729 0.154630 0.803125 0.155556 0.810938 0.162037 0.808854 0.158333 0.808854 0.152778
0 0.810938 0.149074 0.812500 0.146296 0.815625 0.144444 0.818750 0.148148 0.819792 0.153704 0.819792 0.158333 0.816667 0.162037 0.813542 0.163889 0.801042 0.175926 0.798958 0.172222 0.798958 0.166667 0.801042 0.162037 0.803125 0.159259
0 0.805729 0.158333 0.809375 0.162037 0.809896 0.166667 0.809896 0.171296 0.806771 0.175926 0.803646 0.176852 0.804688 0.002778 0.802604 0.000000 0.810417 0.002778 0.807813 0.003704 0.611458 0.017593 0.609896 0.013889 0.609896 0.008333
0 0.611979 0.004630 0.613542 0.001852 0.616667 0.000000 0.619792 0.003704 0.620833 0.009259 0.620313 0.013889 0.617708 0.017593 0.614583 0.018519 0.560417 0.062963 0.558333 0.059259 0.558333 0.053704 0.560417 0.050000 0.561979 0.047222
0 0.565104 0.046296 0.568229 0.049074 0.569271 0.054630 0.568750 0.059259 0.566146 0.063889 0.563021 0.064815 0.515625 0.118519 0.514063 0.114815 0.513542 0.109259 0.515625 0.105556 0.517708 0.102778 0.520833 0.100926 0.523958 0.104630
0 0.524479 0.110185 0.524479 0.114815 0.521354 0.118519 0.518229 0.119444 0.495313 0.229630 0.493750 0.225926 0.493750 0.220370 0.495313 0.216667 0.497396 0.213889 0.500521 0.212963 0.503646 0.215741 0.504687 0.221296 0.504167 0.225926
0 0.501042 0.230556 0.498437 0.231481 0.475521 0.227778 0.473437 0.223148 0.473437 0.218519 0.475521 0.213889 0.477083 0.211111 0.480208 0.210185 0.483333 0.212963 0.484375 0.218519 0.484375 0.223148 0.481250 0.227778 0.478125 0.228704
0 0.369271 0.236111 0.367708 0.232407 0.367188 0.226852 0.369271 0.223148 0.371354 0.220370 0.374479 0.218519 0.377604 0.222222 0.378125 0.227778 0.378125 0.232407 0.375000 0.236111 0.372396 0.237963 0.229687 0.392593 0.228125 0.388889
0 0.228125 0.383333 0.230208 0.378704 0.231771 0.376852 0.234896 0.375000 0.238021 0.378704 0.239063 0.383333 0.238542 0.387963 0.235938 0.392593 0.232812 0.393519 0.246875 0.406481 0.245312 0.401852 0.245312 0.397222 0.247396 0.392593
0 0.248958 0.389815 0.252083 0.388889 0.255208 0.391667 0.256250 0.397222 0.255729 0.401852 0.253125 0.406481 0.250000 0.407407 0.056771 0.469444 0.055208 0.464815 0.054688 0.460185 0.056771 0.455556 0.058854 0.452778 0.061979 0.451852
0 0.065104 0.454630 0.065625 0.460185 0.065625 0.464815 0.062500 0.469444 0.059375 0.470370 0.060938 0.535185 0.059375 0.531482 0.058854 0.525926 0.060938 0.521296 0.063021 0.518519 0.066146 0.517593 0.069271 0.521296 0.069792 0.525926
0 0.069792 0.530556 0.066667 0.535185 0.063542 0.536111 0.110937 0.624074 0.109375 0.620370 0.108854 0.614815 0.110937 0.611111 0.113021 0.608333 0.116146 0.606481 0.119271 0.610185 0.119792 0.615741 0.119792 0.620370 0.116667 0.624074
0 0.113542 0.625926 0.043750 0.759259 0.042188 0.755556 0.041667 0.750000 0.043750 0.745370 0.045833 0.743519 0.048958 0.741667 0.052083 0.745370 0.052604 0.750000 0.052604 0.754630 0.049479 0.759259 0.046354 0.760185 0.071354 0.775926
0 0.069792 0.772222 0.069792 0.766667 0.071354 0.762963 0.073437 0.760185 0.076563 0.759259 0.079687 0.762037 0.080729 0.767593 0.080208 0.772222 0.077604 0.776852 0.074479 0.777778 0.259375 0.599074 0.257812 0.595370 0.257292 0.589815
0 0.259375 0.585185 0.261458 0.583333 0.264583 0.581481 0.267708 0.585185 0.268229 0.589815 0.268229 0.594444 0.265104 0.599074 0.261979 0.600000 0.248958 0.695370 0.247396 0.691667 0.247396 0.686111 0.249479 0.682407 0.251042 0.679630
0 0.254167 0.677778 0.257292 0.681481 0.258333 0.687037 0.257812 0.691667 0.255208 0.695370 0.252083 0.696296 0.303646 0.744444 0.302083 0.739815 0.301562 0.735185 0.303646 0.730556 0.305729 0.727778 0.308854 0.726852 0.311979 0.729630
0 0.312500 0.735185 0.312500 0.739815 0.309375 0.744444 0.306250 0.745370 0.414583 0.712037 0.413021 0.708333 0.413021 0.702778 0.414583 0.699074 0.416667 0.696296 0.419792 0.694444 0.422917 0.698148 0.423958 0.703704 0.423438 0.708333
0 0.420833 0.712037 0.417708 0.713889 0.390625 0.810185 0.389062 0.805556 0.389062 0.800926 0.391146 0.796296 0.392708 0.793519 0.395833 0.792593 0.398958 0.795370 0.400000 0.800926 0.399479 0.805556 0.396875 0.810185 0.393750 0.811111
0 0.464583 0.773148 0.463021 0.769444 0.463021 0.763889 0.464583 0.760185 0.466667 0.757407 0.469792 0.756481 0.472917 0.759259 0.473958 0.764815 0.473437 0.769444 0.470313 0.774074 0.467708 0.775000 0.450521 0.618519 0.448438 0.614815
0 0.448438 0.609259 0.450521 0.604630 0.452604 0.602778 0.455208 0.600926 0.458854 0.604630 0.459375 0.609259 0.459375 0.613889 0.456250 0.618519 0.453125 0.619444 0.505729 0.596296 0.504167 0.591667 0.503646 0.587037 0.505729 0.582407
0 0.507812 0.579630 0.510938 0.578704 0.514063 0.581481 0.514583 0.587037 0.514583 0.591667 0.511458 0.596296 0.508333 0.597222 0.509375 0.466667 0.507292 0.462963 0.507292 0.458333 0.509375 0.453704 0.510938 0.450926 0.514063 0.450000
0 0.517187 0.452778 0.518229 0.458333 0.518229 0.462963 0.515104 0.467593 0.511979 0.468519 0.405729 0.588889 0.404167 0.581481 0.403646 0.575000 0.404687 0.569444 0.407813 0.564815 0.414062 0.561111 0.417708 0.562963 0.420833 0.568519
0 0.421875 0.575926 0.421354 0.582407 0.419271 0.587963 0.415625 0.591667 0.409896 0.592593 0.556771 0.507407 0.555208 0.503704 0.555208 0.498148 0.556771 0.493519 0.558854 0.491667 0.561979 0.489815 0.565104 0.493519 0.566146 0.498148
0 0.565625 0.502778 0.562500 0.507407 0.559896 0.508333 0.589583 0.466667 0.587500 0.462963 0.587500 0.457407 0.589583 0.452778 0.591146 0.450926 0.594271 0.449074 0.597396 0.452778 0.598437 0.457407 0.597917 0.462037 0.595312 0.466667
0 0.592188 0.467593 0.533854 0.469444 0.534896 0.464815 0.536979 0.462037 0.539583 0.461111 0.541146 0.462037 0.542188 0.465741 0.542188 0.468519 0.541146 0.471296 0.540104 0.474074 0.538021 0.475926
0 0.535417 0.475000 0.534375 0.472222 0.539062 0.304630 0.539583 0.300926 0.541667 0.298148 0.544271 0.296296 0.546354 0.298148 0.547396 0.301852 0.546875 0.304630 0.546354 0.307407 0.544792 0.310185
0 0.542708 0.312037 0.540104 0.311111 0.539062 0.308333 0.619792 0.317593 0.620313 0.313889 0.622396 0.311111 0.625521 0.309259 0.627083 0.311111 0.628125 0.314815 0.627604 0.317593 0.627083 0.320370 0.625521 0.323148 0.623438 0.324074
0 0.620833 0.324074 0.619792 0.320370 0.521875 0.126852 0.522917 0.122222 0.525000 0.120370 0.527604 0.118519 0.529167 0.119444 0.530208 0.123148 0.530208 0.126852 0.529167 0.129630 0.528125 0.131481
0 0.526042 0.133333 0.523438 0.133333 0.522396 0.129630 0.527604 0.173148 0.528125 0.168519 0.530208 0.166667 0.533333 0.164815 0.534896 0.166667 0.535937 0.169444 0.535937 0.173148 0.534896 0.175926 0.533333 0.177778 0.531250 0.179630
0 0.528646 0.179630 0.527604 0.175926 0.631250 0.022222 0.631771 0.018519 0.633854 0.015741 0.636458 0.013889 0.638542 0.015741 0.639583 0.019444 0.639063 0.022222 0.638542 0.025000 0.636979 0.027778 0.634896 0.029630 0.632292 0.028704
0 0.631250 0.025926 0.698438 0.037963 0.698958 0.033333 0.701042 0.031481 0.703646 0.029630 0.705729 0.030556 0.706771 0.034259 0.706250 0.037963 0.705729 0.040741 0.704167 0.042593 0.702083 0.044444 0.699479 0.044444 0.698438 0.040741
0 0.759896 0.394444 0.760417 0.389815 0.762500 0.387963 0.765104 0.386111 0.767187 0.387037 0.768229 0.390741 0.767708 0.394444 0.767187 0.397222 0.765625 0.399074 0.763542 0.400926 0.760938 0.400926 0.759896 0.397222 0.744271 0.557407
0 0.744792 0.553704 0.746875 0.550926 0.749479 0.549074 0.751562 0.550926 0.752604 0.554630 0.752083 0.557407 0.751562 0.560185 0.750000 0.562963 0.747917 0.564815 0.745313 0.563889 0.744271 0.561111 0.809375 0.731481 0.809896 0.726852
0 0.811979 0.724074 0.814583 0.723148 0.816667 0.724074 0.817708 0.727778 0.817187 0.730556 0.816667 0.733333 0.815104 0.736111 0.813021 0.737963 0.810417 0.737037 0.809375 0.734259 0.729688 0.726852 0.730208 0.723148 0.732292 0.720370
0 0.735417 0.718518 0.736979 0.720370 0.738021 0.723148 0.738021 0.726852 0.736979 0.729630 0.735417 0.732407 0.733333 0.733333 0.730729 0.733333 0.729688 0.729630 0.446875 0.857407 0.445312 0.853704 0.444792 0.848148 0.446875 0.843518
0 0.448958 0.841667 0.452083 0.839815 0.455208 0.843518 0.455729 0.848148 0.455729 0.852778 0.452604 0.857407 0.449479 0.858333 0.260417 0.512037 0.256771 0.512037 0.253646 0.509259 0.252083 0.503704 0.252604 0.497222 0.255729 0.490741
0 0.260938 0.488889 0.263021 0.491667 0.265104 0.498148 0.265104 0.503704 0.263542 0.509259 0.328125 0.531482 0.326562 0.527778 0.326562 0.522222 0.328125 0.518519 0.330208 0.515741 0.333333 0.513889 0.336458 0.517593 0.337500 0.523148
0 0.336979 0.527778 0.333854 0.531482 0.331250 0.532407 0.645312 0.404630 0.641146 0.405556 0.637500 0.401852 0.635417 0.395370 0.635938 0.388889 0.638021 0.382407 0.642708 0.378704 0.647396 0.378704 0.650521 0.382407 0.652083 0.388889
0 0.651563 0.397222 0.648958 0.401852 0.713542 0.372222 0.714063 0.367593 0.716146 0.364815 0.718750 0.363889 0.720833 0.364815 0.721875 0.368519 0.721354 0.371296 0.720833 0.374074 0.719271 0.376852 0.717188 0.378704 0.714583 0.377778
0 0.713542 0.375000 0.851042 0.629630 0.846875 0.630556 0.843229 0.626852 0.841146 0.620370 0.841146 0.613889 0.843750 0.607407 0.848437 0.602778 0.853125 0.603704 0.855729 0.607407 0.857813 0.613889 0.856771 0.622222 0.854688 0.626852
0 0.837500 0.721296 0.838021 0.716667 0.840104 0.714815 0.842708 0.712963 0.844792 0.713889 0.845833 0.717593 0.845312 0.721296 0.844271 0.724074 0.843229 0.725926 0.841146 0.727778 0.838542 0.726852 0.837500 0.724074 0.680729 0.556481
0 0.677604 0.556481 0.674479 0.552778 0.672917 0.547222 0.672917 0.541667 0.676562 0.535185 0.681250 0.532407 0.683854 0.535185 0.685417 0.541667 0.685417 0.548148 0.683854 0.553704 0.169271 0.366667 0.167187 0.359259 0.167187 0.353704
