0 0.403646 0.317593 0.406771 0.328704 0.413021 0.335185 0.418229 0.336111 0.423958 0.327778 0.426042 0.316667 0.425521 0.302778 0.418229 0.293519 0.410937 0.296296 0.406250 0.305556
0 0.452083 0.278704 0.454688 0.289815 0.460938 0.296296 0.467708 0.293519 0.471354 0.287037 0.473958 0.277778 0.471875 0.263889 0.466146 0.255556 0.458854 0.258333 0.454167 0.266667
0 0.429167 0.187963 0.432292 0.199074 0.438542 0.205556 0.443750 0.206481 0.449479 0.199074 0.451562 0.187037 0.451042 0.174074 0.443229 0.163889 0.436458 0.165741 0.431250 0.175926
0 0.331771 0.159259 0.334896 0.171296 0.341667 0.177778 0.346875 0.177778 0.352604 0.170370 0.354688 0.158333 0.353646 0.144444 0.345833 0.135185 0.338542 0.137963 0.333333 0.146296
0 0.272917 0.261111 0.275521 0.272222 0.282292 0.279630 0.287500 0.280556 0.293229 0.272222 0.295312 0.260185 0.294271 0.247222 0.286979 0.237963 0.279687 0.240741 0.275000 0.250000
0 0.245833 0.358333 0.248437 0.369444 0.254687 0.375926 0.260417 0.375926 0.266146 0.368519 0.268750 0.357407 0.267188 0.344444 0.259896 0.335185 0.252604 0.337963 0.247396 0.347222
0 0.458854 0.450926 0.461979 0.462037 0.468229 0.468519 0.473437 0.469444 0.479167 0.461111 0.481250 0.450000 0.480729 0.437963 0.472917 0.427778 0.466146 0.430556 0.460938 0.439815
0 0.609375 0.177778 0.612500 0.187963 0.618229 0.194444 0.623958 0.195370 0.630208 0.187963 0.632292 0.175926 0.632292 0.162963 0.624479 0.151852 0.617188 0.154630 0.611979 0.164815
0 0.653125 0.155556 0.656250 0.166667 0.662500 0.174074 0.667708 0.175000 0.673437 0.165741 0.676042 0.153704 0.675521 0.141667 0.667708 0.130556 0.660937 0.133333 0.655208 0.143519
0 0.690625 0.429630 0.693229 0.439815 0.699479 0.446296 0.705208 0.447222 0.710938 0.439815 0.713021 0.428704 0.712500 0.415741 0.705208 0.406481 0.697917 0.409259 0.692708 0.417593
0 0.722396 0.412037 0.725000 0.423148 0.731771 0.429630 0.736979 0.429630 0.742708 0.422222 0.745313 0.411111 0.744271 0.398148 0.736979 0.388889 0.729688 0.391667 0.725000 0.400926
0 0.772396 0.343519 0.775000 0.355556 0.781250 0.362037 0.786458 0.362963 0.792708 0.353704 0.794792 0.342593 0.794271 0.330556 0.786979 0.320370 0.779688 0.323148 0.774479 0.332407
0 0.707812 0.202778 0.710938 0.214815 0.716667 0.221296 0.721875 0.221296 0.728646 0.212963 0.730729 0.201852 0.730729 0.187963 0.722917 0.178704 0.715104 0.181481 0.710417 0.191667
0 0.782292 0.150000 0.784375 0.162037 0.791146 0.168519 0.796354 0.169444 0.802604 0.160185 0.805208 0.149074 0.805208 0.134259 0.797917 0.125000 0.790104 0.128704 0.784896 0.137963
0 0.831771 0.227778 0.834375 0.239815 0.841146 0.246296 0.846354 0.247222 0.853125 0.237963 0.855729 0.226852 0.855208 0.213889 0.847396 0.203704 0.840104 0.206481 0.834375 0.216667
0 0.801042 0.183333 0.803125 0.195370 0.809896 0.201852 0.815104 0.201852 0.821354 0.193519 0.823958 0.181481 0.823958 0.167593 0.816667 0.158333 0.808854 0.161111 0.803646 0.171296
0 0.895833 0.176852 0.897917 0.188889 0.904688 0.195370 0.910417 0.196296 0.917188 0.187037 0.920833 0.174074 0.920313 0.160185 0.912500 0.150926 0.904167 0.154630 0.898438 0.164815
0 0.851042 0.730556 0.854688 0.742593 0.861458 0.749074 0.867188 0.750926 0.872917 0.741667 0.875000 0.730556 0.873958 0.716667 0.865104 0.707407 0.858333 0.710185 0.853125 0.719444
0 0.689583 0.805556 0.692708 0.815741 0.698958 0.823148 0.704687 0.824074 0.710938 0.816667 0.713021 0.804630 0.711979 0.791667 0.703646 0.781482 0.696354 0.784259 0.691667 0.792593
0 0.523438 0.879630 0.526042 0.890741 0.532812 0.897222 0.538021 0.898148 0.543750 0.890741 0.546354 0.878704 0.545313 0.864815 0.538021 0.855556 0.530208 0.857407 0.525521 0.866667
0 0.659375 0.814815 0.663021 0.825926 0.668750 0.833333 0.673958 0.834259 0.680729 0.825926 0.682292 0.813889 0.681771 0.800926 0.673437 0.790741 0.666146 0.793519 0.661458 0.802778
0 0.563542 0.985185 0.567187 0.997222 0.584896 0.996296 0.586979 0.984259 0.586458 0.970370 0.578125 0.959259 0.570312 0.962037 0.565625 0.972222 0.494792 0.720370 0.497396 0.731481
0 0.504167 0.737963 0.509375 0.737963 0.515104 0.730556 0.517708 0.719444 0.516667 0.706481 0.509375 0.696296 0.502083 0.699074 0.496875 0.708333 0.531771 0.721296 0.534375 0.732407
0 0.540625 0.738889 0.545833 0.738889 0.551562 0.731481 0.554167 0.720370 0.553125 0.707407 0.545833 0.698148 0.538542 0.700926 0.533854 0.710185 0.420312 0.601852 0.423438 0.612963
0 0.429167 0.619444 0.434375 0.620370 0.440625 0.612037 0.442708 0.600926 0.442187 0.587963 0.434375 0.578704 0.427083 0.581481 0.422396 0.590741 0.309896 0.730556 0.312500 0.740741
0 0.318750 0.748148 0.323958 0.748148 0.330208 0.740741 0.332292 0.729630 0.332292 0.716667 0.324479 0.706481 0.317187 0.710185 0.311979 0.718518 0.334896 0.860185 0.338021 0.871296
0 0.343750 0.877778 0.348958 0.878704 0.355729 0.869444 0.357812 0.859259 0.357812 0.845370 0.350000 0.835185 0.342708 0.837963 0.337500 0.847222 0.380729 0.817593 0.383854 0.828704
0 0.389583 0.835185 0.394792 0.836111 0.401563 0.828704 0.403646 0.816667 0.403125 0.803704 0.395312 0.793519 0.388021 0.795370 0.383333 0.805556 0.581250 0.687963 0.584375 0.699074
0 0.590625 0.705556 0.596354 0.706481 0.602083 0.699074 0.604167 0.687963 0.603125 0.674074 0.595312 0.664815 0.588542 0.666667 0.583333 0.675926 0.403646 0.650000 0.406771 0.660185
0 0.413021 0.666667 0.418229 0.667593 0.423958 0.660185 0.426042 0.649074 0.425521 0.636111 0.417708 0.626852 0.410937 0.628704 0.405729 0.637963 0.533333 0.613889 0.536458 0.625000
0 0.542188 0.631481 0.547396 0.631481 0.553646 0.624074 0.555729 0.612963 0.555208 0.600000 0.547396 0.590741 0.540104 0.593518 0.535417 0.601852 0.372396 0.737037 0.375000 0.747222
0 0.381250 0.753704 0.386458 0.754630 0.392708 0.747222 0.395312 0.735185 0.394271 0.722222 0.386979 0.712963 0.379687 0.715741 0.375000 0.724074 0.527604 0.833333 0.530208 0.845370
0 0.536979 0.851852 0.542188 0.851852 0.548437 0.844444 0.550521 0.832407 0.550000 0.819444 0.541667 0.809259 0.534375 0.812963 0.529688 0.821296 0.630208 0.726852 0.632812 0.737963
0 0.639063 0.745370 0.644271 0.745370 0.650000 0.737963 0.652604 0.726852 0.651563 0.712963 0.644271 0.703704 0.636458 0.706481 0.631771 0.714815 0.828125 0.610185 0.831250 0.622222
0 0.838021 0.628704 0.843750 0.628704 0.849479 0.621296 0.851562 0.610185 0.851042 0.596296 0.843229 0.587037 0.835417 0.589815 0.830729 0.598148 0.240625 0.413889 0.243229 0.424074
0 0.250000 0.430556 0.255208 0.431481 0.260938 0.424074 0.263021 0.412963 0.262500 0.400000 0.255208 0.389815 0.247396 0.392593 0.242708 0.401852 0.341667 0.418519 0.344792 0.428704
0 0.351042 0.435185 0.356250 0.436111 0.361979 0.428704 0.364583 0.417593 0.363542 0.404630 0.356250 0.395370 0.348437 0.397222 0.343750 0.406481 0.358854 0.282407 0.362500 0.293519
0 0.368750 0.300000 0.373958 0.300926 0.379687 0.292593 0.381771 0.281481 0.381250 0.269444 0.372917 0.258333 0.366146 0.261111 0.360938 0.270370 0.281771 0.451852 0.284375 0.462963
0 0.290625 0.469444 0.296354 0.469444 0.302083 0.462037 0.304688 0.450926 0.303646 0.437963 0.295833 0.428704 0.288542 0.431481 0.283854 0.439815 0.261458 0.497222 0.265104 0.508333
0 0.271354 0.514815 0.276563 0.515741 0.282292 0.508333 0.284375 0.496296 0.283854 0.483333 0.276042 0.474074 0.269271 0.476852 0.264062 0.485185 0.259896 0.542593 0.263021 0.553704
0 0.269271 0.560185 0.274479 0.560185 0.280729 0.552778 0.282813 0.541667 0.282292 0.528704 0.274479 0.519444 0.267708 0.522222 0.261979 0.530556 0.151562 0.599074 0.151042 0.610185
0 0.157813 0.617593 0.163021 0.618519 0.169271 0.610185 0.171354 0.599074 0.171354 0.586111 0.166667 0.579630 0.160938 0.581481 0.154687 0.588889 0.124479 0.687963 0.125000 0.700926
0 0.130729 0.707407 0.136458 0.708333 0.143229 0.699074 0.145833 0.687963 0.145313 0.675000 0.141146 0.667593 0.134896 0.669444 0.128646 0.678704 0.120312 0.730556 0.120312 0.743519
0 0.126042 0.750000 0.131771 0.749074 0.138542 0.741667 0.141146 0.729630 0.141146 0.716667 0.136979 0.710185 0.130729 0.712037 0.124479 0.720370 0.222396 0.786111 0.221875 0.798148
0 0.228125 0.805556 0.233854 0.804630 0.240104 0.797222 0.242708 0.785185 0.242188 0.772222 0.238542 0.764815 0.231771 0.767593 0.225521 0.775926 0.164583 0.790741 0.164062 0.802778
0 0.170312 0.810185 0.176042 0.810185 0.182292 0.801852 0.184896 0.789815 0.184896 0.776852 0.180729 0.771296 0.174479 0.771296 0.168229 0.780556 0.166146 0.907407 0.165104 0.920370
0 0.171875 0.926852 0.177083 0.927778 0.183854 0.918519 0.187500 0.905556 0.186979 0.892593 0.183333 0.885185 0.176563 0.887037 0.169792 0.896296 0.000000 0.948148 0.004167 0.933333
0 0.004167 0.918519 0.000521 0.911111 0.113021 0.894444 0.112500 0.908333 0.118750 0.914815 0.124479 0.915741 0.131771 0.905556 0.134896 0.894444 0.132292 0.883333 0.129167 0.875926
0 0.121875 0.877778 0.117708 0.884259 0.004167 0.628704 0.011458 0.620370 0.014062 0.608333 0.011458 0.598148 0.007292 0.591667 0.000000 0.592593 0.015625 0.480556 0.015625 0.492593
0 0.022396 0.499074 0.028125 0.499074 0.034896 0.491667 0.036979 0.480556 0.034896 0.470370 0.030208 0.463889 0.023438 0.464815 0.019271 0.471296 0.002604 0.422222 0.009896 0.413889
0 0.011979 0.402778 0.009375 0.391667 0.004688 0.385185 0.065104 0.339815 0.065625 0.351852 0.071875 0.358333 0.077604 0.360185 0.084375 0.350926 0.086458 0.339815 0.083333 0.330556
0 0.079167 0.323148 0.072396 0.324074 0.068750 0.329630 0.001563 0.127778 0.007812 0.129630 0.014583 0.121296 0.016146 0.109259 0.011979 0.097222 0.006771 0.088889 0.000000 0.091667
0 0.109375 0.067593 0.110937 0.081481 0.117708 0.088889 0.123438 0.089815 0.130208 0.081481 0.131771 0.069444 0.128125 0.057407 0.123438 0.050926 0.116667 0.051852 0.113021 0.057407
0 0.218229 0.179630 0.218750 0.192593 0.225000 0.200000 0.230729 0.200926 0.236979 0.192593 0.239063 0.180556 0.235938 0.170370 0.231771 0.163889 0.226042 0.164815 0.221875 0.170370
0 0.279167 0.137963 0.279167 0.150926 0.285937 0.158333 0.291146 0.159259 0.296875 0.151852 0.298958 0.139815 0.296354 0.128704 0.292188 0.122222 0.285937 0.123148 0.281771 0.128704
0 0.237500 0.050926 0.238021 0.064815 0.244792 0.072222 0.250000 0.072222 0.255729 0.063889 0.257812 0.051852 0.255208 0.040741 0.250521 0.034259 0.244271 0.035185 0.240104 0.040741
0 0.333854 0.093519 0.334896 0.107407 0.341146 0.113889 0.346354 0.114815 0.352604 0.107407 0.354688 0.095370 0.351562 0.084259 0.347917 0.076852 0.341146 0.077778 0.337500 0.084259
0 0.388542 0.114815 0.389062 0.127778 0.395312 0.134259 0.400521 0.135185 0.406771 0.127778 0.408854 0.115741 0.406250 0.105556 0.402083 0.098148 0.395833 0.099074 0.392188 0.104630
0 0.419792 0.104630 0.420312 0.117593 0.426562 0.124074 0.431771 0.124074 0.437500 0.116667 0.439583 0.104630 0.437500 0.093519 0.433333 0.087037 0.427083 0.087963 0.422917 0.094444
0 0.381771 0.043519 0.381771 0.056481 0.388542 0.063889 0.393750 0.064815 0.399479 0.055556 0.401563 0.043519 0.399479 0.033333 0.394792 0.025926 0.389062 0.026852 0.384896 0.033333
0 0.333854 0.048148 0.333854 0.062037 0.340625 0.068519 0.345833 0.070370 0.351562 0.061111 0.353646 0.050000 0.351042 0.038889 0.346875 0.031481 0.340625 0.032407 0.336458 0.037963
0 0.441667 0.088889 0.442187 0.100926 0.448438 0.107407 0.453646 0.108333 0.459896 0.100926 0.461979 0.088889 0.459375 0.077778 0.455208 0.070370 0.449479 0.072222 0.445312 0.077778
0 0.478646 0.262963 0.478646 0.275000 0.484896 0.281481 0.488542 0.279630 0.493229 0.273148 0.494271 0.264815 0.493229 0.256481 0.490104 0.250926 0.484896 0.250926 0.481771 0.253704
0 0.500521 0.286111 0.501042 0.298148 0.506771 0.305556 0.512500 0.304630 0.517187 0.296296 0.518750 0.285185 0.517708 0.276852 0.514063 0.270370 0.507812 0.271296 0.504167 0.276852
0 0.540104 0.290741 0.540104 0.303704 0.546354 0.310185 0.551562 0.310185 0.556771 0.301852 0.557813 0.289815 0.557292 0.281481 0.553125 0.275000 0.547396 0.275926 0.543229 0.281481
0 0.465625 0.392593 0.465625 0.404630 0.471354 0.411111 0.477083 0.410185 0.482292 0.402778 0.483333 0.390741 0.482812 0.383333 0.478646 0.376852 0.472917 0.377778 0.468750 0.383333
0 0.482292 0.372222 0.482812 0.384259 0.488542 0.390741 0.494271 0.389815 0.498958 0.382407 0.501042 0.371296 0.499479 0.362963 0.495833 0.356481 0.489583 0.357407 0.485938 0.362963
0 0.605729 0.315741 0.605729 0.328704 0.611458 0.335185 0.617708 0.334259 0.622396 0.326852 0.623958 0.313889 0.623438 0.306481 0.619271 0.300000 0.613542 0.300926 0.609375 0.306481
0 0.591667 0.266667 0.591667 0.278704 0.597917 0.285185 0.603125 0.284259 0.608333 0.276852 0.609375 0.265741 0.608854 0.256481 0.604688 0.250000 0.598958 0.250926 0.594792 0.256481
0 0.690625 0.266667 0.690625 0.278704 0.696875 0.285185 0.702604 0.284259 0.707812 0.276852 0.708854 0.263889 0.708333 0.255556 0.704167 0.249074 0.698438 0.250926 0.694271 0.256481
0 0.602604 0.370370 0.602604 0.382407 0.608854 0.388889 0.614062 0.387963 0.619271 0.380556 0.620313 0.368519 0.619792 0.360185 0.615625 0.354630 0.609896 0.355556 0.605729 0.361111
0 0.580729 0.360185 0.580729 0.372222 0.586979 0.378704 0.592708 0.377778 0.597396 0.370370 0.598958 0.358333 0.597917 0.350926 0.594271 0.344444 0.588021 0.345370 0.584375 0.350926
0 0.641146 0.215741 0.641146 0.226852 0.647396 0.233333 0.652604 0.233333 0.657812 0.225926 0.658854 0.212963 0.658854 0.204630 0.654688 0.198148 0.648438 0.200000 0.644271 0.204630
0 0.768750 0.265741 0.768229 0.277778 0.774479 0.284259 0.780729 0.283333 0.785417 0.275926 0.787500 0.263889 0.786458 0.255556 0.782812 0.249074 0.776563 0.250000 0.772396 0.255556
0 0.741146 0.440741 0.741146 0.452778 0.747396 0.459259 0.752604 0.458333 0.758333 0.450926 0.759375 0.439815 0.758854 0.431481 0.754687 0.425000 0.748438 0.425926 0.744271 0.431481
0 0.755729 0.592593 0.756250 0.605556 0.761979 0.612037 0.768229 0.612037 0.772917 0.604630 0.774479 0.591667 0.773438 0.583333 0.769271 0.576852 0.763021 0.577778 0.759375 0.583333
0 0.844271 0.902778 0.844792 0.915741 0.852083 0.923148 0.857813 0.923148 0.863021 0.914815 0.863542 0.901852 0.862500 0.892593 0.857292 0.885185 0.851042 0.886111 0.846875 0.892593
0 0.857292 0.788889 0.857813 0.800926 0.864583 0.808333 0.870313 0.808333 0.875521 0.800926 0.876042 0.787963 0.875521 0.778704 0.870833 0.772222 0.864583 0.774074 0.860417 0.778704
0 0.840625 0.762037 0.841667 0.775000 0.847917 0.782407 0.854167 0.781482 0.858854 0.773148 0.860417 0.762037 0.858854 0.752778 0.854688 0.746296 0.847917 0.747222 0.844271 0.752778
0 0.861979 0.828704 0.863021 0.838889 0.867188 0.845370 0.872396 0.846296 0.877083 0.840741 0.878646 0.828704 0.877083 0.819444 0.871875 0.812037 0.866146 0.812963 0.863021 0.819444
0 0.767708 0.807407 0.768229 0.819444 0.774479 0.826852 0.780208 0.825926 0.785417 0.818519 0.785937 0.805556 0.785937 0.798148 0.781250 0.790741 0.775000 0.791667 0.770833 0.797222
0 0.501562 0.959259 0.502604 0.972222 0.506250 0.979630 0.511458 0.980556 0.516146 0.972222 0.517708 0.958333 0.517187 0.949074 0.513542 0.943519 0.507292 0.944444 0.503646 0.950926
0 0.441146 0.956481 0.442187 0.969444 0.445833 0.975000 0.452083 0.977778 0.456250 0.967593 0.457812 0.955556 0.457292 0.946296 0.453646 0.939815 0.447396 0.940741 0.443750 0.946296
0 0.418229 0.908333 0.419271 0.920370 0.422917 0.926852 0.428125 0.928704 0.432813 0.920370 0.434375 0.907407 0.434375 0.898148 0.430208 0.892593 0.424479 0.893519 0.419792 0.900000
0 0.473958 0.849074 0.474479 0.860185 0.478646 0.866667 0.483854 0.867593 0.488542 0.860185 0.489583 0.847222 0.489583 0.839815 0.485417 0.832407 0.479688 0.833333 0.475521 0.839815
0 0.460417 0.891667 0.460938 0.903704 0.465104 0.910185 0.470313 0.911111 0.475521 0.903704 0.476562 0.890741 0.476562 0.881481 0.472396 0.875926 0.466146 0.876852 0.461979 0.882407
0 0.392708 0.893519 0.393229 0.904630 0.396875 0.911111 0.402604 0.912963 0.407813 0.904630 0.408854 0.891667 0.408854 0.883333 0.404687 0.875926 0.398958 0.877778 0.394271 0.883333
0 0.626562 0.777778 0.627083 0.788889 0.631250 0.795370 0.636979 0.797222 0.641667 0.787963 0.642708 0.776852 0.642187 0.768519 0.638021 0.761111 0.632292 0.762037 0.628125 0.768519
0 0.597917 0.624074 0.598437 0.635185 0.602604 0.640741 0.607813 0.641667 0.612500 0.634259 0.613542 0.623148 0.613542 0.614815 0.609375 0.608333 0.603646 0.609259 0.599479 0.614815
0 0.721875 0.700000 0.721875 0.708333 0.723958 0.713889 0.730208 0.714815 0.734896 0.707407 0.734896 0.696296 0.733854 0.690741 0.730729 0.686111 0.725521 0.687037 0.722917 0.691667
0 0.703646 0.721296 0.703646 0.728704 0.706250 0.736111 0.711458 0.737037 0.716146 0.728704 0.716667 0.716667 0.715625 0.712037 0.712500 0.707407 0.707812 0.707407 0.705208 0.712963
0 0.672917 0.741667 0.672917 0.749074 0.675521 0.756481 0.681250 0.757407 0.685938 0.750000 0.685417 0.737037 0.684896 0.732407 0.681771 0.727778 0.677083 0.727778 0.673958 0.733333
0 0.627083 0.814815 0.627083 0.823148 0.629687 0.828704 0.635417 0.830556 0.640104 0.823148 0.640104 0.810185 0.639063 0.805556 0.635938 0.800926 0.631250 0.800926 0.628646 0.805556
0 0.603125 0.659259 0.603646 0.666667 0.605729 0.673148 0.611979 0.674074 0.616146 0.666667 0.616146 0.654630 0.615104 0.650000 0.611979 0.645370 0.607292 0.645370 0.604688 0.650926
0 0.566667 0.705556 0.566667 0.713889 0.568750 0.719444 0.574479 0.721296 0.579167 0.713889 0.579167 0.701852 0.578646 0.696296 0.575521 0.692593 0.570312 0.691667 0.567708 0.697222
0 0.583333 0.619444 0.583333 0.626852 0.585938 0.633333 0.591146 0.634259 0.595833 0.626852 0.596354 0.614815 0.595312 0.610185 0.592188 0.605556 0.587500 0.605556 0.584896 0.611111
0 0.594271 0.865741 0.594271 0.874074 0.596875 0.879630 0.602083 0.881481 0.606771 0.873148 0.607292 0.861111 0.606250 0.855556 0.603125 0.850926 0.598437 0.851852 0.595833 0.856481
0 0.642187 0.975000 0.642187 0.983333 0.645312 0.990741 0.650521 0.991667 0.655208 0.983333 0.655729 0.971296 0.654167 0.964815 0.651042 0.959259 0.645833 0.960185 0.643229 0.965741
0 0.706771 0.994444 0.720312 0.990741 0.718750 0.984259 0.715104 0.978704 0.710417 0.979630 0.707812 0.985185 0.763021 0.912963 0.766146 0.918519 0.768750 0.920370 0.772917 0.920370
0 0.775000 0.918519 0.777604 0.910185 0.778646 0.903704 0.778646 0.897222 0.775000 0.891667 0.769271 0.889815 0.766146 0.892593 0.763021 0.898148 0.761458 0.905556 0.751042 0.836111
0 0.754167 0.840741 0.756771 0.841667 0.761458 0.842593 0.763542 0.839815 0.766146 0.833333 0.766667 0.825926 0.766667 0.820370 0.763021 0.814815 0.757812 0.812963 0.754687 0.815741
0 0.751562 0.820370 0.750000 0.827778 0.726042 0.817593 0.728646 0.821296 0.731250 0.824074 0.735937 0.825000 0.738021 0.822222 0.740625 0.814815 0.741146 0.807407 0.741146 0.801852
0 0.738021 0.795370 0.732813 0.794444 0.729167 0.797222 0.726042 0.801852 0.724479 0.810185 0.679688 0.927778 0.682813 0.932407 0.685938 0.934259 0.690104 0.935185 0.692187 0.931481
0 0.694792 0.925000 0.695312 0.916667 0.695312 0.911111 0.692187 0.905556 0.686979 0.903704 0.683333 0.906482 0.680729 0.911111 0.678646 0.919444 0.666146 0.886111 0.668229 0.890741
0 0.671354 0.892593 0.675521 0.893519 0.677604 0.890741 0.680729 0.883333 0.680729 0.875926 0.680729 0.869444 0.678125 0.863889 0.672396 0.862963 0.669271 0.865741 0.666146 0.870370
0 0.664583 0.877778 0.658854 0.926852 0.661458 0.932407 0.664583 0.934259 0.668750 0.934259 0.670833 0.931481 0.673437 0.924074 0.674479 0.916667 0.673958 0.911111 0.670833 0.905556
0 0.665625 0.902778 0.661979 0.905556 0.658854 0.911111 0.657292 0.918519 0.624479 0.900926 0.626562 0.906482 0.629687 0.908333 0.633854 0.909259 0.635938 0.906482 0.639063 0.899074
0 0.639583 0.891667 0.639063 0.885185 0.636458 0.879630 0.631250 0.878704 0.628125 0.881481 0.625000 0.886111 0.623438 0.894444 0.546354 0.992593 0.549479 0.998148 0.557813 0.998148
0 0.560938 0.989815 0.561979 0.981481 0.561979 0.976852 0.558854 0.970370 0.553646 0.969444 0.550000 0.971296 0.546875 0.976852 0.545313 0.984259 0.486979 0.827778 0.489583 0.832407
0 0.492188 0.834259 0.496354 0.834259 0.498437 0.831481 0.502083 0.825000 0.502604 0.817593 0.502604 0.812037 0.498958 0.806481 0.494271 0.804630 0.490625 0.807407 0.487500 0.813889
0 0.485938 0.820370 0.477083 0.961111 0.479688 0.965741 0.482812 0.966667 0.486979 0.967593 0.489062 0.964815 0.492188 0.957407 0.492708 0.949074 0.492708 0.943519 0.489583 0.937963
0 0.484896 0.936111 0.481250 0.939815 0.478125 0.944444 0.476042 0.952778 0.386979 0.962037 0.389062 0.966667 0.392188 0.968518 0.395833 0.968518 0.397917 0.966667 0.401563 0.958333 0.402083 0.950000 0.402083 0.945370 0.399479 0.938889
0 0.394271 0.937963 0.391146 0.939815 0.387500 0.946296 0.385417 0.953704 0.421354 0.957407 0.423958 0.962037 0.426562 0.962963 0.430729 0.963889 0.432813 0.961111 0.435937 0.953704 0.436979 0.945370 0.436458 0.939815 0.433854 0.933333
0 0.428646 0.932407 0.425521 0.936111 0.422396 0.940741 0.420312 0.949074 0.363542 0.983333 0.366146 0.987963 0.369271 0.989815 0.373437 0.989815 0.375521 0.987963 0.379167 0.979630 0.379687 0.971296 0.379687 0.965741 0.376563 0.960185
0 0.371875 0.959259 0.368229 0.961111 0.365104 0.967593 0.363021 0.975000 0.384375 0.870370 0.386458 0.875000 0.389583 0.875926 0.393750 0.876852 0.395833 0.874074 0.398958 0.867593 0.400000 0.859259 0.399479 0.854630 0.396875 0.849074
0 0.391667 0.847222 0.388542 0.850000 0.385417 0.854630 0.383333 0.862963 0.355208 0.942593 0.357812 0.948148 0.361458 0.950000 0.365104 0.950000 0.367188 0.946296 0.370833 0.939815 0.371354 0.931481 0.371354 0.926852 0.368750 0.920370
0 0.363542 0.919444 0.359896 0.921296 0.356771 0.927778 0.354688 0.935185 0.336979 0.992593 0.339583 0.998148 0.342187 0.999074 0.348958 0.997222 0.352083 0.989815 0.353125 0.981481 0.353125 0.975926 0.350000 0.969444 0.345313 0.967593
0 0.341146 0.971296 0.338542 0.975926 0.335938 0.984259 0.317708 0.937037 0.320312 0.941667 0.322917 0.942593 0.326562 0.943519 0.329167 0.940741 0.332292 0.933333 0.333854 0.925000 0.333333 0.920370 0.330729 0.913889 0.325521 0.912037
0 0.321875 0.915741 0.318750 0.920370 0.316667 0.928704 0.340104 0.912963 0.342708 0.917593 0.345313 0.919444 0.349479 0.919444 0.351562 0.917593 0.355208 0.909259 0.355729 0.901852 0.355729 0.896296 0.352604 0.890741 0.347917 0.889815
0 0.344271 0.891667 0.340625 0.898148 0.339063 0.904630 0.359896 0.887963 0.362500 0.892593 0.365625 0.894444 0.369271 0.894444 0.371354 0.892593 0.374479 0.884259 0.375521 0.876852 0.375521 0.871296 0.372917 0.865741 0.367708 0.864815
0 0.364062 0.867593 0.360938 0.873148 0.358854 0.880556 0.255208 0.927778 0.257812 0.931481 0.260417 0.933333 0.264062 0.934259 0.266667 0.931481 0.270312 0.924074 0.271354 0.915741 0.271875 0.910185 0.268750 0.903704 0.263021 0.902778
0 0.259896 0.906482 0.256250 0.911111 0.254167 0.919444 0.245833 0.951852 0.246875 0.955556 0.249479 0.958333 0.252083 0.959259 0.255208 0.958333 0.259375 0.951852 0.259896 0.943519 0.260417 0.938889 0.257292 0.932407 0.252083 0.931481
0 0.248437 0.934259 0.245833 0.939815 0.245312 0.946296 0.271354 0.937963 0.272396 0.941667 0.275000 0.944444 0.278125 0.945370 0.280729 0.944444 0.284375 0.937963 0.285937 0.929630 0.285417 0.924074 0.282813 0.918519 0.277604 0.917593
0 0.273958 0.920370 0.271875 0.925926 0.270312 0.932407 0.212500 0.951852 0.215104 0.957407 0.217708 0.959259 0.222396 0.959259 0.224479 0.956481 0.227604 0.948148 0.229167 0.939815 0.229687 0.935185 0.226562 0.928704 0.221354 0.927778
0 0.217187 0.931481 0.214062 0.936111 0.211979 0.944444 0.210417 0.826852 0.213021 0.832407 0.215625 0.834259 0.219792 0.833333 0.222396 0.830556 0.225521 0.824074 0.226562 0.815741 0.226562 0.811111 0.223438 0.805556 0.218750 0.803704
0 0.214583 0.806481 0.211458 0.811111 0.209375 0.819444 0.242188 0.837037 0.243229 0.840741 0.245833 0.843518 0.248958 0.844444 0.251563 0.843518 0.255208 0.837963 0.256250 0.829630 0.256250 0.825000 0.253646 0.819444 0.247917 0.817593
0 0.244792 0.820370 0.242708 0.825000 0.241146 0.832407 0.180729 0.853704 0.183333 0.858333 0.185937 0.860185 0.190104 0.860185 0.192708 0.857407 0.196354 0.850000 0.196875 0.842593 0.197396 0.837037 0.194271 0.831481 0.189063 0.829630
0 0.185417 0.832407 0.181771 0.837963 0.179688 0.846296 0.145833 0.922222 0.147917 0.927778 0.151042 0.928704 0.155208 0.929630 0.157292 0.925926 0.161458 0.918519 0.162500 0.910185 0.162500 0.903704 0.159896 0.899074 0.154687 0.897222
0 0.151042 0.900926 0.147396 0.905556 0.144792 0.913889 0.079167 0.947222 0.081250 0.952778 0.084896 0.952778 0.089062 0.953704 0.091667 0.950000 0.095833 0.942593 0.096875 0.934259 0.097396 0.927778 0.094792 0.923148 0.089062 0.921296
0 0.085417 0.924074 0.081250 0.929630 0.079167 0.938889 0.125521 0.846296 0.125000 0.859259 0.131250 0.865741 0.136979 0.866667 0.144271 0.857407 0.146875 0.846296 0.146875 0.832407 0.142708 0.825926 0.136458 0.826852 0.129688 0.836111
0 0.081250 0.891667 0.080208 0.904630 0.086979 0.912037 0.092708 0.912037 0.099479 0.903704 0.102604 0.890741 0.103125 0.876852 0.097396 0.871296 0.091667 0.871296 0.084896 0.878704 0.017708 0.877778 0.016667 0.890741 0.023438 0.898148
0 0.029167 0.898148 0.036979 0.889815 0.040104 0.876852 0.040625 0.862037 0.034896 0.856481 0.029167 0.856481 0.021875 0.864815 0.068750 0.829630 0.067708 0.843518 0.074479 0.850000 0.080208 0.850926 0.086979 0.840741 0.090104 0.828704
0 0.090104 0.815741 0.084896 0.809259 0.079167 0.810185 0.072396 0.817593 0.054688 0.900926 0.053646 0.913889 0.059896 0.921296 0.066146 0.921296 0.073437 0.912963 0.076563 0.900000 0.077083 0.885185 0.071354 0.879630 0.065625 0.879630
0 0.058333 0.887963 0.015625 0.946296 0.014583 0.961111 0.020833 0.968518 0.027083 0.968518 0.035417 0.959259 0.039062 0.945370 0.040104 0.930556 0.034375 0.924074 0.027604 0.925000 0.020833 0.933333 0.039062 0.680556 0.039062 0.693519
0 0.045313 0.700000 0.051042 0.700926 0.058333 0.692593 0.060938 0.680556 0.060938 0.667593 0.055208 0.662037 0.048958 0.662037 0.042708 0.668519 0.073437 0.713889 0.073437 0.725926 0.079167 0.732407 0.084896 0.733333 0.092188 0.725000
0 0.094792 0.712963 0.094792 0.699074 0.089062 0.693519 0.082813 0.694444 0.077083 0.700926 0.000000 0.511111 0.001563 0.498148 0.000000 0.488889 0.090104 0.533333 0.090104 0.546296 0.096875 0.552778 0.102604 0.553704 0.108854 0.544444
0 0.110937 0.533333 0.108854 0.524074 0.104167 0.517593 0.098438 0.518519 0.093750 0.524074 0.130208 0.597222 0.130208 0.610185 0.136979 0.616667 0.142188 0.616667 0.148438 0.608333 0.151042 0.597222 0.148958 0.587037 0.144271 0.581481
0 0.138542 0.582407 0.133854 0.587963 0.189063 0.440741 0.192188 0.451852 0.198437 0.458333 0.203646 0.458333 0.210417 0.450926 0.212500 0.439815 0.211979 0.426852 0.203646 0.416667 0.196354 0.419444 0.191146 0.428704 0.098438 0.305556
0 0.101562 0.316667 0.108854 0.323148 0.114063 0.324074 0.120312 0.316667 0.122917 0.305556 0.121354 0.291667 0.113021 0.281481 0.105208 0.283333 0.100521 0.293519 0.132292 0.417593 0.135417 0.428704 0.141667 0.435185 0.147396 0.435185
0 0.153646 0.427778 0.155729 0.416667 0.155208 0.403704 0.146875 0.394444 0.139062 0.397222 0.134375 0.405556 0.027604 0.323148 0.030729 0.333333 0.038021 0.340741 0.043750 0.341667 0.050000 0.334259 0.051562 0.322222 0.051042 0.309259
0 0.042188 0.299074 0.034375 0.300926 0.029167 0.310185 0.180729 0.989815 0.172396 0.979630 0.165104 0.983333 0.158333 0.993519 0.863542 0.182407 0.866667 0.192593 0.872917 0.199074 0.878125 0.200000 0.885417 0.191667 0.888021 0.179630
0 0.888542 0.165741 0.880208 0.155556 0.872917 0.159259 0.866667 0.169444 0.391146 0.190741 0.386458 0.204630 0.384896 0.218519 0.387500 0.230556 0.394271 0.235185 0.400000 0.237037
0 0.406250 0.232407 0.410937 0.224074 0.412500 0.212963 0.413021 0.200926 0.410417 0.191667 0.404687 0.186111 0.398438 0.185185 0.440104 0.401852 0.434375 0.415741 0.433333 0.428704
0 0.435937 0.439815 0.442187 0.444444 0.447917 0.446296 0.454167 0.441667 0.458854 0.433333 0.460938 0.424074 0.460938 0.411111 0.458854 0.402778 0.453125 0.397222 0.446875 0.397222
0 0.218229 0.331481 0.213021 0.345370 0.211979 0.360185 0.214583 0.371296 0.221354 0.375926 0.227083 0.377778 0.233333 0.373148 0.238021 0.363889 0.240104 0.354630 0.240104 0.342593
0 0.238021 0.332407 0.231771 0.327778 0.225521 0.326852 0.223958 0.605556 0.218229 0.619444 0.219271 0.635185 0.228646 0.645370 0.235938 0.646296 0.241667 0.637037 0.244792 0.627778
0 0.245833 0.615741 0.243229 0.606481 0.237500 0.601852 0.230729 0.600926 0.728125 0.963889 0.722917 0.979630 0.721875 0.995370 0.751042 0.989815 0.750521 0.976852 0.747917 0.965741
0 0.741667 0.960185 0.734896 0.959259 0.592188 0.923148 0.587500 0.936111 0.586979 0.949074 0.589583 0.961111 0.594271 0.967593 0.600000 0.968518 0.606250 0.964815 0.609896 0.955556
0 0.612500 0.944444 0.612500 0.932407 0.610417 0.925000 0.604688 0.918519 0.597917 0.917593 0.223958 0.447222 0.218750 0.460185 0.217187 0.474074 0.220313 0.485185 0.226562 0.489815
0 0.232292 0.491667 0.238542 0.487037 0.243750 0.477778 0.245833 0.468519 0.245833 0.456481 0.243750 0.447222 0.237500 0.442593 0.231250 0.441667 0.236979 0.560185 0.232812 0.572222
0 0.232812 0.586111 0.238021 0.598148 0.244271 0.600926 0.250521 0.598148 0.255729 0.588889 0.257812 0.579630 0.257812 0.567593 0.255729 0.558333 0.250000 0.553704 0.243750 0.552778
0 0.117188 0.782407 0.113021 0.795370 0.111458 0.810185 0.116667 0.822222 0.123438 0.825000 0.130208 0.822222 0.135937 0.812037 0.138542 0.801852 0.139062 0.788889 0.136979 0.779630
0 0.131250 0.775000 0.124479 0.774074 0.117188 0.252778 0.117188 0.262963 0.119271 0.270370 0.122396 0.273148 0.127083 0.274074 0.130729 0.272222 0.133854 0.267593 0.135417 0.258333
0 0.133854 0.248148 0.131250 0.243519 0.124479 0.241667 0.120312 0.244444 0.077083 0.299074 0.076563 0.309259 0.078646 0.317593 0.081771 0.319444 0.086458 0.320370 0.090625 0.318519
0 0.093750 0.313889 0.095312 0.304630 0.093750 0.295370 0.090625 0.289815 0.083854 0.287963 0.080208 0.291667 0.089583 0.391667 0.089583 0.400000 0.091667 0.408333 0.094792 0.410185
0 0.098958 0.411111 0.103125 0.409259 0.106771 0.404630 0.108333 0.396296 0.106771 0.387037 0.104167 0.381481 0.097396 0.379630 0.093229 0.383333 0.178646 0.311111 0.178125 0.320370
0 0.180729 0.329630 0.183854 0.331481 0.187500 0.332407 0.192188 0.330556 0.195312 0.325926 0.196354 0.315741 0.195312 0.307407 0.192708 0.301852 0.185937 0.300000 0.182292 0.303704
0 0.191667 0.345370 0.191146 0.354630 0.192708 0.362037 0.196875 0.365741 0.200521 0.366667 0.204688 0.364815 0.207813 0.360185 0.209375 0.350000 0.208333 0.340741 0.205729 0.336111
0 0.198958 0.334259 0.195312 0.337037 0.172396 0.466667 0.171875 0.475926 0.173438 0.483333 0.177083 0.486111 0.180729 0.487037 0.184896 0.485185 0.188021 0.480556 0.190104 0.471296
0 0.188542 0.462037 0.185937 0.457407 0.179688 0.455556 0.175521 0.458333 0.157292 0.076852 0.157292 0.086111 0.159896 0.095370 0.163542 0.099074 0.167187 0.099074 0.171875 0.097222
0 0.175000 0.092593 0.176042 0.083333 0.174479 0.073148 0.171354 0.066667 0.164583 0.063889 0.160417 0.067593 0.277604 0.092593 0.278125 0.102778 0.279687 0.110185 0.283333 0.113889
0 0.286979 0.114815 0.291146 0.112963 0.294271 0.108333 0.295833 0.098148 0.294271 0.087963 0.291667 0.082407 0.284896 0.080556 0.281250 0.083333 0.311458 0.045370 0.310937 0.055556 0.313542 0.063889 0.316667 0.067593 0.320312 0.068519
0 0.325000 0.066667 0.328125 0.061111 0.329167 0.050926 0.328125 0.040741 0.325000 0.036111 0.318229 0.032407 0.314583 0.036111 0.255729 0.090741 0.255729 0.100926 0.257292 0.109259 0.260938 0.112037 0.264583 0.112963 0.269271 0.111111
0 0.272396 0.106481 0.273438 0.096296 0.271875 0.086111 0.269271 0.081481 0.262500 0.078704 0.258854 0.081481 0.129167 0.354630 0.128646 0.364815 0.130729 0.372222 0.133854 0.375000 0.138021 0.375000 0.142188 0.373148 0.145313 0.368519
0 0.146875 0.360185 0.145833 0.350000 0.142708 0.344444 0.136458 0.342593 0.132292 0.346296 0.154167 0.373148 0.153646 0.382407 0.155729 0.391667 0.159375 0.393519 0.163542 0.394444 0.167187 0.392593
0 0.170312 0.387963 0.171875 0.378704 0.171354 0.369444 0.167708 0.363889 0.161979 0.362037 0.157292 0.365741 0.172396 0.381481 0.171875 0.390741 0.174479 0.398148 0.177604 0.400926 0.181250 0.401852 0.185937 0.400000 0.189063 0.395370
0 0.190625 0.386111 0.189063 0.376852 0.186458 0.372222 0.179688 0.369444 0.176042 0.372222 0.268229 0.305556 0.267708 0.314815 0.269792 0.323148 0.272917 0.325926 0.276563 0.326852 0.281250 0.325000 0.284375 0.320370 0.285937 0.311111
0 0.284375 0.300926 0.281771 0.296296 0.275521 0.294444 0.271875 0.297222 0.024479 0.545370 0.023958 0.554630 0.025521 0.563889 0.029167 0.565741 0.033333 0.566667 0.038021 0.564815 0.041146 0.559259 0.043229 0.550000 0.042188 0.541667
0 0.039062 0.536111 0.032292 0.534259 0.028125 0.537963 0.138542 0.546296 0.138021 0.554630 0.139583 0.563889 0.142708 0.566667 0.147396 0.566667 0.151042 0.564815 0.154167 0.559259 0.156250 0.550926 0.155208 0.541667
0 0.152083 0.536111 0.145833 0.534259 0.141667 0.537963 0.189583 0.601852 0.189063 0.611111 0.190625 0.618519 0.194271 0.621296 0.197917 0.622222 0.202083 0.620370 0.205729 0.615741 0.207292 0.606481 0.206250 0.597222
0 0.203646 0.592593 0.196875 0.589815 0.193229 0.593518 0.283854 0.611111 0.283333 0.620370 0.284375 0.629630 0.288542 0.631481 0.292188 0.632407 0.296354 0.629630 0.299479 0.625000 0.301042 0.615741 0.300000 0.607407
0 0.297396 0.601852 0.291146 0.600000 0.287500 0.603704 0.060938 0.796296 0.060417 0.806481 0.061979 0.813889 0.065104 0.817593 0.069271 0.817593 0.073958 0.815741 0.077604 0.810185 0.080208 0.800926 0.079167 0.790741
0 0.076563 0.786111 0.069792 0.784259 0.065625 0.787037 0.196875 0.538889 0.196354 0.547222 0.197917 0.555556 0.201042 0.558333 0.205208 0.558333 0.209375 0.556481 0.212500 0.551852 0.214062 0.543519 0.213021 0.534259
0 0.210417 0.528704 0.203646 0.526852 0.200000 0.530556 0.381250 0.676852 0.380729 0.687037 0.382292 0.694444 0.385938 0.697222 0.389583 0.698148 0.393750 0.696296 0.396875 0.691667 0.398958 0.681481 0.397917 0.672222
0 0.395312 0.667593 0.389062 0.664815 0.384896 0.668519 0.343229 0.735185 0.342187 0.744444 0.343750 0.751852 0.346875 0.754630 0.351562 0.755556 0.355208 0.753704 0.358333 0.749074 0.359896 0.739815 0.358854 0.730556
0 0.356250 0.725926 0.350000 0.724074 0.346354 0.726852 0.313542 0.672222 0.313021 0.681481 0.314583 0.688889 0.318229 0.691667 0.321875 0.692593 0.326042 0.690741 0.329167 0.686111 0.330729 0.676852 0.329688 0.667593
0 0.327083 0.662963 0.320833 0.660185 0.317187 0.663889 0.365625 0.587037 0.365104 0.596296 0.366667 0.604630 0.370313 0.606481 0.373958 0.607407 0.378125 0.605556 0.381250 0.600926 0.382812 0.591667 0.381771 0.583333
0 0.379167 0.577778 0.372917 0.575926 0.369271 0.579630 0.425000 0.499074 0.424479 0.509259 0.426042 0.516667 0.429688 0.519444 0.433333 0.520370 0.437500 0.518519 0.440625 0.513889 0.442187 0.504630 0.441146 0.494444
0 0.438542 0.489815 0.432292 0.487963 0.428646 0.490741 0.459896 0.538889 0.459375 0.548148 0.460938 0.556481 0.464063 0.558333 0.467708 0.559259 0.471875 0.557407 0.475000 0.552778 0.476562 0.543519 0.475521 0.535185
0 0.472917 0.529630 0.466667 0.527778 0.463021 0.531482 0.439583 0.547222 0.439063 0.556481 0.440625 0.563889 0.443750 0.566667 0.447396 0.566667 0.451562 0.564815 0.454688 0.561111 0.456250 0.551852 0.455208 0.542593
0 0.452604 0.537037 0.446354 0.535185 0.442708 0.538889 0.448438 0.483333 0.447917 0.492593 0.449479 0.500926 0.453125 0.503704 0.456771 0.504630 0.460938 0.502778 0.464063 0.497222 0.465625 0.487963 0.464583 0.478704
0 0.461979 0.474074 0.455729 0.471296 0.452083 0.475000 0.318229 0.407407 0.317708 0.416667 0.319271 0.424074 0.322917 0.426852 0.326562 0.427778 0.330208 0.425926 0.333333 0.421296 0.334896 0.412037 0.334375 0.402778
0 0.331250 0.398148 0.325000 0.395370 0.321354 0.399074 0.328646 0.487963 0.328125 0.497222 0.329688 0.505556 0.332812 0.508333 0.337500 0.509259 0.341146 0.507407 0.344271 0.502778 0.345833 0.492593 0.344792 0.483333
0 0.342187 0.478704 0.335938 0.476852 0.331771 0.479630 0.319271 0.462037 0.318750 0.471296 0.320312 0.479630 0.323958 0.481481 0.327604 0.482407 0.331250 0.480556 0.334896 0.475926 0.336458 0.466667 0.335417 0.458333
0 0.332292 0.452778 0.326562 0.450926 0.322396 0.454630 0.355729 0.322222 0.355208 0.331481 0.356771 0.339815 0.359896 0.342593 0.364062 0.343519 0.367708 0.341667 0.370833 0.337037 0.372396 0.327778 0.371354 0.317593
0 0.368750 0.312963 0.362500 0.311111 0.358854 0.313889 0.436458 0.350926 0.435937 0.360185 0.437500 0.368519 0.441146 0.370370 0.444792 0.371296 0.448438 0.369444 0.452083 0.364815 0.453125 0.355556 0.452604 0.347222
0 0.450000 0.341667 0.443750 0.339815 0.439583 0.343519 0.397917 0.429630 0.397396 0.438889 0.398958 0.446296 0.402604 0.449074 0.406250 0.449074 0.409896 0.447222 0.413021 0.443519 0.414583 0.434259 0.414062 0.425000
0 0.410937 0.419444 0.405208 0.417593 0.401042 0.421296 0.418229 0.409259 0.417708 0.417593 0.419792 0.425926 0.422917 0.428704 0.426562 0.428704 0.430729 0.426852 0.433854 0.422222 0.435417 0.413889 0.434375 0.404630
0 0.431771 0.399074 0.425521 0.397222 0.421875 0.400926 0.357292 0.200926 0.356771 0.211111 0.358333 0.219444 0.361979 0.221296 0.366146 0.222222 0.370313 0.220370 0.373437 0.215741 0.375000 0.206481 0.373437 0.197222
0 0.370833 0.191667 0.364583 0.189815 0.360938 0.193519 0.422396 0.039815 0.421875 0.050000 0.423958 0.058333 0.427604 0.061111 0.431250 0.062037 0.434896 0.060185 0.438021 0.055556 0.439583 0.045370 0.439063 0.035185
0 0.436458 0.029630 0.429688 0.027778 0.425521 0.030556 0.440625 0.038889 0.440104 0.049074 0.442187 0.058333 0.445833 0.060185 0.449479 0.061111 0.453125 0.057407 0.454688 0.052778 0.456250 0.043519 0.455208 0.034259
0 0.452083 0.027778 0.447917 0.026852 0.444271 0.030556 0.355729 0.049074 0.355729 0.059259 0.357292 0.068519 0.360938 0.070370 0.365104 0.071296 0.368750 0.069444 0.371875 0.064815 0.373437 0.054630 0.372396 0.045370
0 0.369271 0.038889 0.363021 0.037037 0.358854 0.040741 0.543229 0.138889 0.542708 0.148148 0.544271 0.156481 0.547917 0.159259 0.551562 0.159259 0.554688 0.156481 0.556771 0.150926 0.558333 0.141667 0.556771 0.133333
0 0.553646 0.127778 0.550521 0.125926 0.546354 0.130556 0.523958 0.137037 0.523958 0.147222 0.525521 0.154630 0.528646 0.157407 0.532292 0.157407 0.536458 0.154630 0.538021 0.149074 0.539583 0.139815 0.538542 0.131481
0 0.535417 0.125926 0.531771 0.124074 0.527604 0.128704 0.517708 0.091667 0.517708 0.101852 0.519271 0.110185 0.522396 0.112963 0.526042 0.113889 0.530208 0.109259 0.531771 0.104630 0.533333 0.095370 0.532292 0.087037
0 0.529167 0.081481 0.525521 0.079630 0.521354 0.083333 0.578646 0.135185 0.578125 0.143519 0.579687 0.152778 0.582812 0.155556 0.586979 0.155556 0.590104 0.151852 0.592188 0.146296 0.594271 0.137963 0.592708 0.128704
0 0.589583 0.124074 0.585938 0.122222 0.581771 0.125926 0.599479 0.097222 0.598437 0.107407 0.600000 0.114815 0.603646 0.117593 0.607813 0.117593 0.610937 0.114815 0.613021 0.109259 0.614583 0.100000 0.613542 0.090741
0 0.610417 0.086111 0.606771 0.084259 0.602604 0.087963 0.602604 0.450926 0.602604 0.460185 0.604167 0.467593 0.607292 0.470370 0.610937 0.471296 0.614583 0.467593 0.616146 0.462963 0.617708 0.453704 0.616667 0.446296
0 0.613542 0.440741 0.609896 0.439815 0.606250 0.442593 0.648438 0.478704 0.647917 0.487963 0.649479 0.496296 0.652604 0.498148 0.656250 0.499074 0.659896 0.495370 0.661979 0.490741 0.663021 0.482407 0.661979 0.474074
0 0.658854 0.469444 0.655208 0.467593 0.651563 0.471296 0.622396 0.479630 0.621875 0.488889 0.623438 0.496296 0.627083 0.499074 0.630729 0.500926 0.633854 0.496296 0.635938 0.490741 0.637500 0.482407 0.635938 0.474074
0 0.633333 0.469444 0.629687 0.467593 0.625521 0.471296 0.578646 0.525000 0.578125 0.534259 0.579687 0.541667 0.583333 0.544444 0.586979 0.544444 0.590104 0.541667 0.592188 0.536111 0.593750 0.527778 0.592188 0.519444
0 0.589063 0.514815 0.585938 0.512963 0.581771 0.516667 0.650521 0.381481 0.650000 0.390741 0.651563 0.398148 0.654688 0.400926 0.658854 0.400926 0.661979 0.398148 0.664062 0.392593 0.665625 0.384259 0.664062 0.375926
0 0.660937 0.371296 0.657292 0.369444 0.653646 0.373148 0.625521 0.349074 0.624479 0.358333 0.626042 0.365741 0.629167 0.368519 0.633854 0.368519 0.636979 0.365741 0.639063 0.360185 0.640625 0.351852 0.639063 0.343519
0 0.635938 0.338889 0.632292 0.337037 0.628646 0.340741 0.642708 0.417593 0.642187 0.426852 0.643750 0.435185 0.646875 0.437037 0.650521 0.437963 0.654167 0.434259 0.656250 0.429630 0.657812 0.421296 0.656771 0.412963
0 0.653646 0.407407 0.650000 0.406481 0.645833 0.410185 0.563021 0.378704 0.562500 0.387037 0.564062 0.395370 0.567708 0.398148 0.571354 0.398148 0.574479 0.395370 0.576563 0.389815 0.578125 0.381481 0.576563 0.373148
0 0.573438 0.368519 0.570312 0.366667 0.566146 0.370370 0.740625 0.525000 0.740104 0.533333 0.741667 0.541667 0.745313 0.544444 0.748958 0.544444 0.752083 0.541667 0.754167 0.536111 0.755729 0.527778 0.754167 0.519444
0 0.751042 0.514815 0.747917 0.512963 0.743750 0.516667 0.550521 0.638889 0.550000 0.648148 0.551562 0.656482 0.555208 0.658333 0.558854 0.659259 0.561979 0.655556 0.564062 0.650926 0.565625 0.641667 0.564062 0.634259
0 0.560938 0.628704 0.557813 0.627778 0.553646 0.631481 0.504167 0.658333 0.504167 0.667593 0.505729 0.675000 0.508854 0.677778 0.512500 0.678704 0.516146 0.675000 0.517708 0.669444 0.519271 0.661111 0.518229 0.652778
0 0.515104 0.648148 0.511458 0.646296 0.507812 0.650000 0.512500 0.613889 0.511979 0.623148 0.514063 0.630556 0.517187 0.633333 0.520833 0.634259 0.524479 0.630556 0.526042 0.625000 0.527604 0.616667 0.526563 0.608333
0 0.523438 0.603704 0.519792 0.601852 0.516146 0.605556 0.476042 0.645370 0.475521 0.653704 0.477604 0.662037 0.480729 0.663889 0.484375 0.664815 0.488021 0.662037 0.489583 0.656482 0.491146 0.648148 0.490104 0.639815
0 0.486979 0.635185 0.483333 0.633333 0.479688 0.637037 0.511979 0.564815 0.511458 0.573148 0.513542 0.581481 0.516667 0.584259 0.520312 0.584259 0.523958 0.581481 0.525521 0.575926 0.527083 0.567593 0.526042 0.559259
0 0.522917 0.554630 0.519271 0.552778 0.515625 0.556481 0.514063 0.507407 0.513542 0.516667 0.515104 0.525000 0.518750 0.526852 0.522396 0.527778 0.525521 0.524074 0.527604 0.519444 0.529167 0.510185 0.527604 0.502778
0 0.524479 0.496296 0.521354 0.495370 0.517187 0.499074 0.488021 0.526852 0.487500 0.535185 0.489062 0.543519 0.492188 0.545370 0.495833 0.546296 0.499479 0.543519 0.502083 0.537963 0.503125 0.529630 0.502083 0.521296
0 0.498437 0.516667 0.494792 0.514815 0.491146 0.518519 0.501562 0.447222 0.501562 0.456481 0.503125 0.464815 0.506250 0.466667 0.509896 0.467593 0.513542 0.463889 0.515104 0.459259 0.516667 0.450000 0.515625 0.442593
0 0.512500 0.437037 0.508854 0.436111 0.505208 0.439815 0.538542 0.439815 0.538021 0.449074 0.539583 0.456481 0.542708 0.459259 0.546875 0.459259 0.550000 0.456481 0.552083 0.450926 0.553646 0.442593 0.552083 0.434259
0 0.548958 0.429630 0.545313 0.427778 0.541667 0.431481 0.599479 0.525000 0.598437 0.532407 0.600521 0.539815 0.603646 0.542593 0.607292 0.540741 0.609375 0.535185 0.610417 0.528704 0.608854 0.522222 0.606250 0.518519
0 0.602604 0.519444 0.669271 0.503704 0.668229 0.511111 0.669792 0.518519 0.672917 0.521296 0.677083 0.519444 0.679167 0.512963 0.679688 0.507407 0.678646 0.500926 0.676042 0.496296 0.671875 0.497222 0.554167 0.555556
0 0.553646 0.562963 0.555208 0.570370 0.558333 0.573148 0.562500 0.571296 0.564583 0.564815 0.565104 0.559259 0.564062 0.552778 0.561458 0.549074 0.557292 0.550000 0.535417 0.549074 0.534375 0.556481 0.535937 0.564815
0 0.539583 0.566667 0.543229 0.564815 0.545313 0.559259 0.545833 0.552778 0.544792 0.546296 0.542188 0.543519 0.538021 0.543519 0.471875 0.479630 0.470833 0.487037 0.472396 0.494444 0.475521 0.497222 0.479688 0.495370
0 0.481771 0.488889 0.482292 0.483333 0.481250 0.476852 0.478646 0.473148 0.474479 0.474074 0.497917 0.591667 0.497396 0.597222 0.498958 0.601852 0.503646 0.602778 0.505729 0.598148 0.506250 0.593518 0.505729 0.589815
0 0.503646 0.587037 0.501042 0.587037 0.639583 0.557407 0.638542 0.564815 0.640104 0.573148 0.643750 0.575000 0.647396 0.573148 0.649479 0.567593 0.650000 0.562037 0.648958 0.554630 0.646354 0.551852 0.642187 0.552778
0 0.702083 0.490741 0.701563 0.500926 0.703125 0.508333 0.706771 0.511111 0.710938 0.511111 0.714063 0.508333 0.716146 0.502778 0.717708 0.493519 0.716146 0.485185 0.713542 0.480556 0.709896 0.478704 0.705729 0.482407
0 0.687500 0.591667 0.686979 0.600926 0.688542 0.609259 0.692187 0.611111 0.695833 0.612037 0.699479 0.608333 0.701563 0.603704 0.702604 0.594444 0.701563 0.587037 0.698438 0.581481 0.694271 0.580556 0.690625 0.584259
0 0.778646 0.564815 0.778125 0.574074 0.779688 0.582407 0.783333 0.584259 0.786979 0.585185 0.790625 0.581481 0.792708 0.576852 0.794271 0.568519 0.792188 0.560185 0.789062 0.555556 0.785937 0.553704 0.781771 0.557407
0 0.736458 0.665741 0.735937 0.674074 0.737500 0.683333 0.741667 0.686111 0.745313 0.686111 0.748438 0.683333 0.750521 0.677778 0.752083 0.669444 0.750521 0.660185 0.746875 0.655556 0.743229 0.653704 0.739583 0.657407
0 0.744792 0.368519 0.744271 0.377778 0.745833 0.385185 0.748958 0.387963 0.753125 0.388889 0.756250 0.385185 0.758333 0.380556 0.759896 0.371296 0.758854 0.362963 0.755208 0.358333 0.751562 0.357407 0.747917 0.360185
0 0.778125 0.388889 0.777604 0.398148 0.779167 0.405556 0.782812 0.408333 0.786458 0.408333 0.790625 0.405556 0.792188 0.400000 0.793750 0.391667 0.792708 0.383333 0.789583 0.378704 0.785937 0.376852 0.782292 0.380556
0 0.794792 0.409259 0.794271 0.418519 0.796354 0.426852 0.799479 0.429630 0.803125 0.429630 0.807292 0.426852 0.808854 0.420370 0.810417 0.412037 0.809375 0.403704 0.806250 0.399074 0.802604 0.397222 0.798437 0.400926
0 0.828125 0.421296 0.827604 0.430556 0.829167 0.439815 0.832812 0.441667 0.836979 0.442593 0.840104 0.438889 0.842188 0.433333 0.844271 0.425000 0.843229 0.416667 0.839583 0.411111 0.835938 0.410185 0.832292 0.413889
0 0.839583 0.457407 0.839583 0.466667 0.841146 0.474074 0.844271 0.476852 0.848437 0.477778 0.852083 0.474074 0.853646 0.469444 0.855208 0.460185 0.854167 0.452778 0.851042 0.447222 0.847396 0.446296 0.843229 0.449074
0 0.820312 0.375000 0.819792 0.384259 0.821354 0.391667 0.825000 0.394444 0.829167 0.394444 0.832812 0.391667 0.834375 0.386111 0.836458 0.376852 0.835417 0.368519 0.832292 0.363889 0.828125 0.362037 0.824479 0.365741
0 0.840104 0.362037 0.839583 0.371296 0.841146 0.378704 0.844792 0.381481 0.848958 0.381481 0.852083 0.378704 0.854688 0.373148 0.856250 0.364815 0.855208 0.356481 0.852083 0.351852 0.848437 0.350000 0.844271 0.353704
0 0.844792 0.324074 0.844271 0.333333 0.845833 0.340741 0.849479 0.343519 0.853125 0.344444 0.856771 0.340741 0.858854 0.335185 0.860937 0.326852 0.859375 0.317593 0.856250 0.312963 0.852083 0.311111 0.848437 0.315741
0 0.803646 0.362037 0.803125 0.372222 0.804688 0.380556 0.808333 0.382407 0.812500 0.383333 0.815625 0.379630 0.817708 0.375000 0.819792 0.365741 0.818229 0.357407 0.814583 0.352778
0 0.811458 0.350926 0.807292 0.354630 0.798437 0.326852 0.797917 0.336111 0.798958 0.344444 0.803125 0.346296 0.806771 0.347222 0.809896 0.343519 0.812500 0.338889 0.814062 0.330556
0 0.812500 0.321296 0.809375 0.316667 0.806250 0.314815 0.801562 0.319444 0.809896 0.239815 0.808854 0.248148 0.810417 0.256481 0.813542 0.258333 0.817708 0.259259 0.821354 0.256481
0 0.823958 0.250926 0.825000 0.241667 0.824479 0.233333 0.821354 0.228704 0.817187 0.226852 0.813542 0.230556 0.736979 0.320370 0.736458 0.330556 0.738021 0.337963 0.741667 0.340741
0 0.745313 0.341667 0.748958 0.337963 0.751042 0.332407 0.752604 0.323148 0.751042 0.314815 0.748438 0.310185 0.744792 0.309259 0.740625 0.312037 0.867188 0.682407 0.866667 0.691667
0 0.868750 0.699074 0.872396 0.702778 0.876562 0.703704 0.879687 0.700000 0.881771 0.693519 0.883333 0.685185 0.881250 0.676852 0.878646 0.672222 0.874479 0.671296
0 0.870833 0.674074 0.822396 0.742593 0.822396 0.750926 0.824479 0.760185 0.828125 0.762963 0.831771 0.762963 0.835938 0.760185 0.836979 0.754630 0.838542 0.745370 0.837500 0.737037
0 0.833854 0.732407 0.830208 0.730556 0.826042 0.734259 0.810417 0.721296 0.810417 0.730556 0.811979 0.738889 0.816146 0.741667 0.819792 0.742593 0.822917 0.738889 0.825000 0.734259 0.826563 0.724074 0.824479 0.715741
0 0.821875 0.711111 0.818229 0.710185 0.813542 0.712963 0.747396 0.744444 0.746875 0.754630 0.748438 0.762037 0.752083 0.764815 0.756250 0.765741 0.759375 0.762037 0.761458 0.756481 0.763021 0.748148 0.760938 0.739815
0 0.757812 0.734259 0.754167 0.733333 0.750000 0.736111 0.820833 0.801852 0.820833 0.811111 0.822396 0.820370 0.826563 0.822222 0.830729 0.823148 0.833854 0.819444 0.835938 0.814815 0.836979 0.806481 0.835417 0.797222
0 0.831771 0.791667 0.828125 0.789815 0.823958 0.793519 0.555208 0.726852 0.554688 0.736111 0.556250 0.743519 0.559896 0.747222 0.563542 0.747222 0.566667 0.743519 0.568750 0.737963 0.570312 0.729630 0.568750 0.721296
0 0.565625 0.716667 0.562500 0.714815 0.558333 0.718518 0.496875 0.756481 0.496354 0.764815 0.497917 0.773148 0.502083 0.775926 0.505729 0.775926 0.508854 0.773148 0.510938 0.767593 0.512500 0.759259 0.510938 0.750000
0 0.508333 0.745370 0.504687 0.743519 0.501042 0.747222 0.386979 0.638889 0.386458 0.648148 0.388021 0.655556 0.391667 0.658333 0.395312 0.659259 0.398438 0.655556 0.400521 0.650000 0.402083 0.641667 0.400521 0.633333
0 0.397396 0.628704 0.394271 0.627778 0.390104 0.630556 0.401042 0.605556 0.400521 0.614815 0.402083 0.622222 0.405729 0.625000 0.409375 0.625926 0.412500 0.622222 0.414583 0.616667 0.416146 0.608333 0.414583 0.600000
0 0.411458 0.595370 0.408333 0.594444 0.404167 0.597222 0.610417 0.731481 0.611458 0.743519 0.615104 0.749074 0.620833 0.750000 0.625521 0.742593 0.626042 0.731481 0.626042 0.722222 0.621875 0.715741 0.616146 0.716667
0 0.611979 0.722222 0.572917 0.743519 0.572396 0.753704 0.573958 0.761111 0.577604 0.763889 0.581250 0.764815 0.584896 0.761111 0.586458 0.755556 0.588021 0.747222 0.586979 0.737963 0.583854 0.733333 0.580208 0.731481
0 0.576563 0.735185 0.905729 0.367593 0.904688 0.376852 0.906250 0.386111 0.909896 0.387963 0.914062 0.388889 0.917708 0.384259 0.920313 0.379630 0.921875 0.371296 0.920313 0.362963 0.917188 0.358333 0.913021 0.356481
0 0.909375 0.360185 0.866146 0.405556 0.866146 0.414815 0.867708 0.422222 0.870833 0.425000 0.875000 0.425926 0.878646 0.422222 0.880208 0.416667 0.882292 0.408333 0.881250 0.399074 0.878125 0.394444 0.873958 0.393519
0 0.870313 0.396296 0.865104 0.493519 0.864583 0.503704 0.866146 0.511111 0.870313 0.513889 0.873958 0.513889 0.877083 0.511111 0.879687 0.505556 0.881250 0.496296 0.879687 0.487963 0.876042 0.483333 0.872917 0.481481
0 0.868229 0.485185 0.828646 0.527778 0.828125 0.537037 0.829687 0.544444 0.833333 0.547222 0.837500 0.548148 0.840625 0.544444 0.842708 0.538889 0.844271 0.530556 0.842708 0.522222 0.839583 0.517593 0.835938 0.516667
0 0.831771 0.519444 0.800521 0.497222 0.800000 0.507407 0.801562 0.514815 0.805208 0.517593 0.808854 0.518519 0.812500 0.514815 0.814583 0.509259 0.816146 0.500926 0.815104 0.491667 0.811979 0.487037 0.807813 0.485185
0 0.804167 0.488889 0.915625 0.293519 0.915104 0.303704 0.916667 0.311111 0.919792 0.313889 0.924479 0.314815 0.927604 0.311111 0.930208 0.304630 0.932292 0.296296 0.930729 0.287037 0.927604 0.282407 0.923437 0.281481
0 0.919271 0.285185 0.857813 0.217593 0.857292 0.227778 0.858333 0.236111 0.862500 0.237963 0.866146 0.238889 0.870313 0.235185 0.872396 0.229630 0.873958 0.221296 0.873438 0.212037 0.870313 0.207407 0.866146 0.205556
0 0.861979 0.209259 0.883854 0.400000 0.883854 0.410185 0.885417 0.417593 0.888542 0.420370 0.892708 0.421296 0.896354 0.417593 0.898438 0.411111 0.900000 0.402778 0.898958 0.394444 0.895833 0.389815 0.891667 0.388889
0 0.888021 0.391667 0.892187 0.462963 0.891667 0.472222 0.893229 0.480556 0.896875 0.482407 0.901042 0.483333 0.904688 0.479630 0.906771 0.475000 0.908333 0.466667 0.906771 0.458333 0.903646 0.452778 0.899479 0.450926
0 0.895833 0.455556 0.876562 0.525926 0.876042 0.535185 0.878125 0.543519 0.881771 0.545370 0.885938 0.546296 0.889063 0.542593 0.891146 0.537963 0.892708 0.529630 0.891146 0.521296 0.888021 0.516667 0.884375 0.514815
0 0.880208 0.518519 0.838542 0.640741 0.838542 0.650000 0.840104 0.658333 0.843750 0.661111 0.847917 0.661111 0.851562 0.658333 0.853125 0.652778 0.854688 0.643519 0.853646 0.635185 0.850000 0.630556 0.846354 0.628704
0 0.842708 0.632407 0.718229 0.836111 0.718229 0.842593 0.719792 0.849074 0.721875 0.851852 0.726042 0.852778 0.728646 0.849074 0.730729 0.845370 0.731771 0.837963 0.731250 0.830556 0.727604 0.824074 0.724479 0.824074
0 0.720312 0.829630 0.788021 0.800926 0.788021 0.807407 0.789583 0.812963 0.792188 0.816667 0.795833 0.817593 0.798958 0.813889 0.801562 0.809259 0.802083 0.802778 0.801042 0.795370 0.797917 0.788889 0.794792 0.788889
0 0.790625 0.793519 0.841667 0.863889 0.842188 0.871296 0.843229 0.876852 0.846354 0.880556 0.850521 0.880556 0.853125 0.877778 0.855729 0.872222 0.856250 0.865741 0.854688 0.857407 0.851562 0.851852 0.847917 0.850926
0 0.844271 0.855556 0.736979 0.624074 0.736979 0.630556 0.738542 0.636111 0.741146 0.638889 0.744792 0.638889 0.747917 0.636111 0.750000 0.631481 0.751042 0.625926 0.750521 0.618519 0.747396 0.612963 0.743750 0.612037
0 0.739583 0.616667 0.791146 0.621296 0.791146 0.627778 0.792708 0.633333 0.795313 0.636111 0.798958 0.636111 0.801562 0.633333 0.804167 0.628704 0.805208 0.623148 0.804167 0.615741 0.801562 0.610185 0.797917 0.609259
0 0.793750 0.613889 0.782812 0.861111 0.783333 0.868519 0.784896 0.875000 0.786979 0.877778 0.791667 0.877778 0.794271 0.875000 0.796354 0.870370 0.796875 0.863889 0.796354 0.855556
0 0.792708 0.850000 0.789583 0.849074 0.784896 0.853704 0.692187 0.760185 0.692187 0.766667 0.693750 0.774074 0.696354 0.775000 0.700000 0.775926 0.702604 0.774074 0.705208 0.769444 0.706250 0.762037 0.705208 0.754630
0 0.702083 0.750000 0.698438 0.749074 0.694271 0.753704 0.531771 0.936111 0.532292 0.943519 0.535937 0.947222 0.540625 0.947222 0.542708 0.944444 0.545313 0.937037 0.544792 0.929630 0.542188 0.924074 0.537500 0.924074
0 0.533854 0.928704 0.614583 0.993519 0.609896 0.993519 0.605729 0.999074 0.609375 0.963889 0.609896 0.971296 0.613542 0.971296 0.616667 0.970370 0.618750 0.964815 0.618229 0.956481 0.616667 0.953704 0.613542 0.951852
0 0.610937 0.956481 0.478125 0.883333 0.478646 0.891667 0.482292 0.894444 0.485938 0.895370 0.488542 0.892593 0.490625 0.884259 0.490625 0.877778 0.488542 0.872222 0.483854 0.871296 0.479688 0.876852 0.539062 0.759259
0 0.539583 0.765741 0.542708 0.769444 0.546875 0.769444 0.548958 0.766667 0.551562 0.760185 0.551042 0.753704 0.549479 0.747222 0.544792 0.747222 0.540625 0.752778 0.503646 0.999074 0.516146 0.991667 0.514063 0.986111
0 0.509375 0.986111 0.505208 0.990741 0.353125 0.818519 0.353646 0.825000 0.356771 0.828704 0.360938 0.828704 0.363021 0.825926 0.366146 0.819444 0.365625 0.812037 0.364062 0.806481 0.359375 0.806481 0.354688 0.811111
0 0.365625 0.799074 0.366146 0.805556 0.369271 0.809259 0.373437 0.809259 0.375521 0.806481 0.378646 0.800000 0.378125 0.791667 0.376563 0.787037 0.371875 0.787037 0.367188 0.790741 0.410937 0.849074 0.411458 0.855556
0 0.415104 0.859259 0.418750 0.859259 0.421354 0.856481 0.423438 0.849074 0.422917 0.841667 0.421354 0.837037 0.416667 0.837037 0.412500 0.840741 0.475521 0.788889 0.476042 0.795370 0.479167 0.799074 0.483333 0.799074
0 0.485417 0.796296 0.488021 0.789815 0.487500 0.782407 0.485938 0.776852 0.481250 0.776852 0.477083 0.781482 0.464063 0.807407 0.464583 0.814815 0.467708 0.818519 0.471875 0.818519 0.474479 0.815741 0.476562 0.808333
0 0.476042 0.800926 0.474479 0.796296 0.469792 0.796296 0.465625 0.800000 0.410417 0.798148 0.410937 0.805556 0.414062 0.809259 0.418750 0.810185 0.421354 0.805556 0.423438 0.799074 0.422917 0.792593 0.421354 0.787963
0 0.416667 0.787037 0.412500 0.791667 0.405729 0.771296 0.406250 0.779630 0.410937 0.781482 0.413542 0.778704 0.415625 0.772222 0.415625 0.765741 0.414062 0.761111 0.410417 0.760185 0.407813 0.764815 0.396875 0.765741
0 0.396875 0.774074 0.401563 0.775926 0.404167 0.772222 0.406250 0.766667 0.406250 0.760185 0.404687 0.755556 0.401563 0.754630 0.398438 0.759259 0.489583 0.982407 0.490104 0.989815 0.494792 0.991667 0.497396 0.989815
0 0.498958 0.983333 0.498958 0.975926 0.497396 0.970370 0.494271 0.970370 0.491146 0.974074 0.477604 0.998148 0.474479 0.998148 0.493229 0.932407 0.493750 0.938889 0.498437 0.941667 0.501562 0.938889 0.503125 0.933333
0 0.503125 0.925926 0.501562 0.921296 0.497917 0.920370 0.494792 0.924074 0.504687 0.929630 0.505208 0.936111 0.509375 0.938889 0.512500 0.936111 0.514063 0.930556 0.514063 0.923148 0.512500 0.918519 0.509375 0.917593
0 0.506250 0.922222 0.476562 0.984259 0.477083 0.991667 0.481250 0.994444 0.484896 0.991667 0.486458 0.985185 0.486458 0.977778 0.484896 0.973148 0.481250 0.972222 0.478125 0.976852 0.405208 0.995370 0.403646 0.988889
0 0.400521 0.989815 0.397396 0.993519 0.309896 0.864815 0.309896 0.872222 0.315104 0.874074 0.317708 0.871296 0.319792 0.865741 0.319792 0.858333 0.318229 0.853704 0.314583 0.852778 0.311979 0.856481 0.285937 0.775000
0 0.286458 0.781482 0.291146 0.784259 0.294271 0.781482 0.295833 0.775926 0.295833 0.769444 0.294271 0.763889 0.291146 0.762963 0.288021 0.768519 0.251042 0.875000 0.251042 0.882407 0.255729 0.884259 0.258854 0.882407
0 0.260417 0.875926 0.260938 0.869444 0.259375 0.862963 0.256250 0.862963 0.252604 0.867593 0.231771 0.946296 0.231771 0.954630 0.236979 0.956481 0.239583 0.952778 0.242188 0.946296 0.242708 0.940741 0.241146 0.934259
0 0.237500 0.933333 0.234375 0.938889 0.223958 0.967593 0.224479 0.975000 0.229167 0.977778 0.232292 0.974074 0.234375 0.967593 0.234375 0.960185 0.232812 0.955556 0.229687 0.954630 0.226042 0.960185 0.264062 0.885185
0 0.264583 0.891667 0.269271 0.893519 0.272396 0.891667 0.273958 0.885185 0.273958 0.878704 0.272917 0.873148 0.269271 0.873148 0.266146 0.876852 0.244792 0.772222 0.245312 0.778704 0.250000 0.780556 0.252604 0.778704
0 0.254687 0.772222 0.254687 0.765741 0.253125 0.760185 0.250000 0.760185 0.246354 0.763889 0.401563 0.836111 0.402083 0.843518 0.406250 0.845370 0.408854 0.842593 0.410937 0.837037 0.410937 0.830556 0.409375 0.825000
0 0.406250 0.824074 0.403125 0.829630 0.105729 0.974074 0.105729 0.982407 0.110937 0.984259 0.114063 0.980556 0.116667 0.974074 0.117188 0.966667 0.116146 0.961111 0.111979 0.960185
0 0.108854 0.966667 0.044271 0.955556 0.044271 0.962963 0.049479 0.965741 0.052604 0.962963 0.055208 0.955556 0.055729 0.948148 0.054688 0.942593 0.051042 0.942593 0.046875 0.948148
0 0.092708 0.973148 0.092708 0.980556 0.097917 0.982407 0.101042 0.979630 0.103125 0.973148 0.104167 0.965741 0.102604 0.959259 0.098958 0.959259 0.095312 0.963889 0.181250 0.722222
0 0.181771 0.729630 0.186458 0.731481 0.189063 0.728704 0.191146 0.723148 0.191146 0.716667 0.189583 0.712037 0.186458 0.711111 0.182812 0.715741 0.226562 0.678704
0 0.227083 0.685185 0.231771 0.687963 0.234375 0.685185 0.235938 0.679630 0.235938 0.673148 0.234375 0.668519 0.231250 0.667593 0.228125 0.672222 0.065625 0.765741 0.068229 0.770370 0.070833 0.772222 0.075521 0.772222
0 0.078125 0.768519 0.081250 0.762037 0.082292 0.753704 0.082813 0.749074 0.079687 0.743519 0.073958 0.741667 0.070312 0.744444 0.066667 0.750000 0.064583 0.757407 0.003125 0.685185
0 0.005729 0.682407 0.009375 0.675926 0.010937 0.667593 0.010937 0.662037 0.007292 0.656482 0.001563 0.655556 0.013021 0.745370 0.015625 0.750000 0.018750 0.750926 0.022917 0.751852
0 0.025521 0.748148 0.029167 0.741667 0.030729 0.733333 0.030208 0.727778 0.027604 0.723148 0.021875 0.721296 0.018229 0.724074 0.014062 0.729630 0.011979 0.737037 0.046875 0.838889
0 0.049479 0.843518 0.052604 0.845370 0.056771 0.846296 0.059896 0.842593 0.063021 0.835185 0.064583 0.826852 0.065104 0.821296 0.061979 0.815741 0.056250 0.814815 0.052604 0.817593
0 0.048437 0.823148 0.046354 0.831481 0.106250 0.769444 0.108854 0.775000 0.112500 0.776852 0.116146 0.775926 0.118750 0.774074 0.122396 0.766667 0.122917 0.759259 0.123438 0.753704
0 0.120833 0.748148 0.115104 0.747222 0.111458 0.750000 0.107813 0.755556 0.105729 0.762963 0.147396 0.815741 0.149479 0.820370 0.152604 0.822222 0.156771 0.822222 0.158854 0.820370
0 0.162500 0.812037 0.163542 0.804630 0.163542 0.799074 0.160938 0.793519 0.155729 0.792593 0.152083 0.795370 0.148438 0.800926 0.145833 0.808333 0.096354 0.740741 0.098958 0.745370
0 0.101562 0.747222 0.105729 0.747222 0.108333 0.745370 0.111458 0.737963 0.113021 0.729630 0.113021 0.725000 0.109896 0.719444 0.104167 0.718518 0.100521 0.721296 0.097396 0.725926
0 0.095312 0.734259 0.055208 0.718518 0.057813 0.723148 0.060417 0.725000 0.064583 0.725000 0.067708 0.722222 0.070833 0.715741 0.072396 0.707407 0.072396 0.701852 0.069271 0.696296
0 0.063542 0.695370 0.059896 0.698148 0.056250 0.703704 0.054167 0.711111 0.014062 0.659259 0.016667 0.663889 0.019792 0.665741 0.023438 0.665741 0.026042 0.663889 0.029687 0.655556
0 0.031250 0.649074 0.031250 0.643519 0.028125 0.637037 0.022396 0.636111 0.018750 0.639815 0.015104 0.644444 0.013021 0.651852 0.043229 0.568519 0.045833 0.573148
0 0.048437 0.574074 0.053125 0.575000 0.055729 0.572222 0.058854 0.564815 0.059896 0.557407 0.059896 0.551852 0.056250 0.547222 0.051042 0.545370 0.047396 0.548148
0 0.044271 0.552778 0.042188 0.560185 0.201042 0.712963 0.203646 0.717593 0.206250 0.719444 0.210417 0.719444 0.213021 0.717593 0.216146 0.710185 0.216667 0.702778
0 0.217187 0.698148 0.213542 0.692593 0.208854 0.691667 0.205208 0.694444 0.201562 0.699074 0.200000 0.705556 0.195312 0.807407 0.197917 0.812037 0.200521 0.813889
0 0.205208 0.813889 0.207292 0.810185 0.210938 0.803704 0.211458 0.795370 0.211979 0.790741 0.208854 0.785185 0.203646 0.783333 0.200000 0.786111 0.196875 0.791667
0 0.194792 0.799074 0.260938 0.663889 0.263542 0.668519 0.266146 0.670370 0.269792 0.671296 0.272396 0.668519 0.275521 0.662037 0.276563 0.654630 0.276563 0.649074
0 0.273438 0.643519 0.268229 0.642593 0.264583 0.645370 0.261458 0.650000 0.259896 0.657407 0.274479 0.708333 0.276042 0.710185 0.277604 0.712963 0.280208 0.713889
0 0.282813 0.712963 0.284896 0.708333 0.285417 0.702778 0.285417 0.697222 0.282813 0.693519 0.278125 0.692593 0.275521 0.696296 0.273958 0.701852 0.258854 0.580556
0 0.261458 0.585185 0.264062 0.587037 0.267708 0.587037 0.269792 0.584259 0.273438 0.577778 0.274479 0.570370 0.273958 0.565741 0.271354 0.560185 0.265625 0.559259
0 0.262500 0.561111 0.259375 0.566667 0.257812 0.573148 0.331250 0.563889 0.333333 0.568519 0.336458 0.570370 0.340104 0.570370 0.342187 0.568519 0.345833 0.561111
0 0.346354 0.554630 0.346354 0.549074 0.343750 0.543519 0.338542 0.542593 0.334896 0.545370 0.331771 0.550000 0.330208 0.557407 0.352604 0.680556 0.355208 0.685185
0 0.357812 0.687037 0.361979 0.687037 0.364062 0.684259 0.367188 0.677778 0.367708 0.669444 0.367708 0.664815 0.364583 0.659259 0.359896 0.657407 0.356250 0.660185
0 0.353646 0.664815 0.351562 0.673148 0.257292 0.691667 0.258854 0.694444 0.260417 0.696296 0.263021 0.697222 0.265625 0.696296 0.268229 0.691667 0.268750 0.686111
0 0.268750 0.679630 0.266667 0.675926 0.261979 0.675000 0.258333 0.679630 0.256771 0.685185 0.298438 0.681481 0.300000 0.684259 0.301562 0.686111 0.304167 0.687037
0 0.306771 0.686111 0.309375 0.681481 0.310417 0.675926 0.310417 0.670370 0.307813 0.666667 0.303125 0.665741 0.299479 0.669444 0.298438 0.675000 0.294792 0.766667
0 0.296354 0.770370 0.297917 0.773148 0.300521 0.774074 0.303125 0.772222 0.305729 0.767593 0.306771 0.761111 0.306250 0.756481 0.304167 0.751852 0.299479 0.750926
0 0.295833 0.755556 0.294792 0.761111 0.308333 0.637037 0.309896 0.639815 0.311458 0.643519 0.314063 0.643519 0.316667 0.642593 0.318750 0.637963 0.320312 0.631481
0 0.320312 0.626852 0.317708 0.623148 0.312500 0.622222 0.309375 0.625926 0.308333 0.631481 0.206250 0.637963 0.207813 0.640741 0.209375 0.643519 0.212500 0.644444
0 0.215104 0.642593 0.217187 0.638889 0.217708 0.632407 0.217708 0.627778 0.215104 0.623148 0.210938 0.622222 0.207813 0.626852 0.205729 0.632407 0.427083 0.641667
0 0.428646 0.644444 0.430208 0.647222 0.432813 0.648148 0.435417 0.646296 0.437500 0.642593 0.438542 0.636111 0.438021 0.631481 0.435937 0.626852 0.431250 0.625926
0 0.428125 0.629630 0.426562 0.635185 0.443750 0.625926 0.444792 0.628704 0.446875 0.630556 0.448958 0.631481 0.452083 0.630556 0.453646 0.625926 0.454688 0.620370
0 0.454688 0.614815 0.452083 0.611111 0.447396 0.610185 0.444792 0.613889 0.443229 0.619444 0.377604 0.929630 0.379167 0.932407 0.380729 0.935185 0.383333 0.936111
0 0.386458 0.934259 0.388542 0.930556 0.389062 0.923148 0.389062 0.917593 0.386979 0.912963 0.382292 0.912037 0.379167 0.915741 0.377604 0.922222 0.379167 0.995370
0 0.380729 0.998148 0.390104 0.996296 0.390625 0.988889 0.390625 0.983333 0.388542 0.979630 0.383854 0.978704 0.380729 0.982407 0.378646 0.988889 0.385417 0.491667 0.386458 0.494444 0.388542 0.497222 0.391146 0.498148 0.393750 0.497222
0 0.395833 0.492593 0.396354 0.487037 0.396354 0.481481 0.393750 0.477778 0.389062 0.476852 0.386458 0.480556 0.384896 0.486111 0.660937 0.424074 0.662500 0.426852 0.664062 0.429630 0.666667 0.430556 0.669271 0.429630 0.671354 0.425000
0 0.672396 0.418519 0.672396 0.413889 0.669792 0.410185 0.665104 0.409259 0.662500 0.412963 0.660937 0.418519 0.645833 0.350926 0.647396 0.353704 0.648958 0.355556 0.651563 0.356481 0.654167 0.355556 0.656250 0.350926 0.656771 0.345370
0 0.657292 0.339815 0.654688 0.335185 0.650000 0.334259 0.646875 0.338889 0.645312 0.344444 0.650521 0.331481 0.652083 0.334259 0.653646 0.337037 0.656250 0.337963 0.658854 0.337037 0.660937 0.332407 0.662500 0.325926 0.662500 0.321296
0 0.659896 0.317593 0.654688 0.315741 0.651563 0.320370 0.650521 0.325926 0.669792 0.329630 0.671354 0.332407 0.672917 0.335185 0.675521 0.335185 0.678125 0.334259 0.680208 0.330556 0.681250 0.324074 0.680729 0.319444 0.678646 0.314815
0 0.673958 0.313889 0.670833 0.317593 0.669271 0.323148 0.750521 0.472222 0.752083 0.475000 0.753646 0.476852 0.756250 0.477778 0.758854 0.476852 0.761458 0.473148 0.761979 0.466667 0.761979 0.461111 0.759375 0.457407 0.754167 0.456481
0 0.751562 0.460185 0.750000 0.465741 0.761458 0.383333 0.762500 0.386111 0.764583 0.388889 0.767708 0.389815 0.770312 0.387963 0.772396 0.384259 0.772917 0.377778 0.772917 0.373148 0.770312 0.368519 0.765625 0.367593 0.763021 0.371296
0 0.760938 0.376852 0.674479 0.285185 0.676042 0.287963 0.679688 0.288889 0.682813 0.287037 0.684896 0.283333 0.684375 0.275926 0.682813 0.272222 0.679167 0.271296 0.675521 0.275000 0.673958 0.279630 0.682292 0.203704 0.683854 0.206481
0 0.687500 0.207407 0.690625 0.205556 0.692708 0.200926 0.692187 0.193519 0.691146 0.189815 0.686979 0.188889 0.683333 0.192593 0.681771 0.197222 0.593750 0.167593 0.595312 0.170370 0.598958 0.171296 0.602083 0.170370 0.604688 0.165741
0 0.604167 0.159259 0.602604 0.155556 0.598958 0.152778 0.594792 0.157407 0.593229 0.162963 0.745833 0.235185 0.747396 0.237963 0.751042 0.239815 0.754687 0.237963 0.756250 0.234259 0.756250 0.225926 0.754687 0.222222 0.750521 0.220370
0 0.746875 0.224074 0.745313 0.230556 0.790104 0.224074 0.791667 0.227778 0.795313 0.227778 0.798958 0.225926 0.800521 0.222222 0.800521 0.214815 0.798958 0.211111 0.794792 0.210185 0.790625 0.213889 0.789583 0.218519 0.804688 0.221296
0 0.806250 0.224074 0.809896 0.225000 0.813021 0.223148 0.815625 0.218519 0.815625 0.211111 0.813542 0.207407 0.809896 0.206481 0.805729 0.210185 0.803646 0.215741 0.748438 0.212037 0.750000 0.214815 0.753646 0.215741 0.757292 0.214815
0 0.759375 0.209259 0.758854 0.201852 0.757292 0.198148 0.753646 0.197222 0.750000 0.200926 0.747917 0.206481 0.744792 0.123148 0.746354 0.125926 0.749479 0.126852 0.753125 0.125000 0.755208 0.120370 0.755729 0.112037 0.753646 0.108333
0 0.749479 0.107407 0.745833 0.112037 0.743750 0.116667 0.739062 0.092593 0.740625 0.096296 0.744792 0.096296 0.747917 0.095370 0.749479 0.090741 0.750000 0.082407 0.748438 0.079630 0.744271 0.077778 0.740104 0.081481 0.739062 0.087037
0 0.727604 0.115741 0.729167 0.118519 0.732292 0.119444 0.735937 0.116667 0.738021 0.112963 0.738021 0.104630 0.735937 0.100926 0.732292 0.100000 0.728646 0.104630 0.726562 0.109259 0.706771 0.087963 0.708333 0.090741 0.711458 0.091667
0 0.714583 0.090741 0.717188 0.085185 0.717188 0.077778 0.715104 0.073148 0.711458 0.072222 0.707292 0.076852 0.705729 0.081481 0.671354 0.121296 0.672917 0.125000 0.676042 0.125926 0.679167 0.123148 0.681250 0.119444 0.681250 0.111111
0 0.679688 0.107407 0.676042 0.106481 0.671875 0.111111 0.670313 0.115741 0.811458 0.106481 0.813021 0.109259 0.817187 0.110185 0.820312 0.109259 0.822917 0.103704 0.822396 0.096296 0.821354 0.092593 0.817187 0.090741 0.813021 0.095370
0 0.811458 0.100926 0.680208 0.087963 0.681771 0.090741 0.685417 0.091667 0.688542 0.090741 0.691146 0.085185 0.690625 0.077778 0.689062 0.074074 0.685417 0.072222 0.681250 0.076852 0.679688 0.082407 0.899479 0.096296 0.901042 0.099074
0 0.904688 0.100000 0.908333 0.099074 0.910937 0.093519 0.910937 0.085185 0.909375 0.081481 0.905208 0.080556 0.901042 0.085185 0.898958 0.089815 0.919271 0.100000 0.920833 0.103704 0.925000 0.103704 0.928646 0.102778 0.930729 0.097222
0 0.931250 0.089815 0.929688 0.086111 0.925000 0.084259 0.920833 0.088889 0.919271 0.095370 0.838021 0.401852 0.840104 0.404630 0.843750 0.405556 0.846875 0.403704 0.848958 0.400000 0.848958 0.392593 0.846875 0.388889 0.843229 0.387963
0 0.839583 0.390741 0.837500 0.396296 0.784896 0.307407 0.786458 0.311111 0.790625 0.311111 0.793229 0.309259 0.795313 0.305556 0.795313 0.298148 0.793229 0.294444 0.789583 0.293519 0.785937 0.297222 0.784896 0.301852 0.800521 0.298148
0 0.802083 0.300926 0.805729 0.301852 0.808854 0.300926 0.811458 0.296296 0.810938 0.287963 0.809375 0.285185 0.805729 0.283333 0.801562 0.287963 0.800000 0.292593 0.829167 0.128704 0.830729 0.131481 0.834375 0.132407
0 0.838021 0.131481 0.839583 0.125926 0.840104 0.119444 0.838542 0.114815 0.834375 0.112963 0.830208 0.117593 0.828646 0.124074 0.812500 0.560185 0.807292 0.573148 0.806250 0.588889 0.808854 0.600000 0.815625 0.604630 0.821354 0.605556
0 0.828125 0.601852 0.832812 0.592593 0.834375 0.583333 0.834896 0.571296 0.832292 0.561111 0.826042 0.556481 0.819271 0.555556 0.774479 0.651852 0.769271 0.665741 0.768229 0.680556 0.770833 0.691667 0.777604 0.697222 0.783854 0.698148
0 0.790104 0.694444 0.794792 0.684259 0.796354 0.675000 0.796354 0.662963 0.794271 0.653704 0.788021 0.649074 0.781250 0.647222 0.740104 0.725926 0.738542 0.733333 0.740104 0.738889 0.741146 0.740741 0.743750 0.740741 0.745833 0.739815
0 0.747917 0.735185 0.748438 0.729630 0.747396 0.725926 0.745833 0.724074 0.743229 0.723148 0.753125 0.621296 0.751562 0.628704 0.752604 0.632407 0.755729 0.633333 0.757812 0.631481 0.758854 0.625926 0.758333 0.621296
0 0.755729 0.619444 0.729167 0.633333 0.727604 0.640741 0.729167 0.645370 0.731771 0.646296 0.734375 0.644444 0.734896 0.637963 0.734375 0.633333 0.732292 0.631481 0.718750 0.618519 0.717188 0.626852 0.718750 0.630556
0 0.721354 0.631481 0.723437 0.629630 0.724479 0.624074 0.723958 0.618519 0.721875 0.616667 0.718750 0.590741 0.717188 0.598148 0.718229 0.602778 0.721354 0.603704 0.723958 0.601852 0.724479 0.595370 0.723437 0.591667
0 0.721354 0.589815 0.667708 0.594444 0.666146 0.601852 0.667708 0.605556 0.670313 0.606481 0.672396 0.604630 0.673437 0.599074 0.672917 0.594444 0.670833 0.592593 0.657812 0.587963 0.656250 0.594444 0.657812 0.599074
0 0.660417 0.600000 0.663021 0.598148 0.663542 0.592593 0.663021 0.587963 0.660937 0.586111 0.620313 0.440741 0.620833 0.452778 0.626562 0.459259 0.632292 0.458333 0.636979 0.450926 0.638542 0.438889 0.637500 0.431481
0 0.633854 0.425000 0.627604 0.425926 0.623958 0.431481 0.574479 0.426852 0.575000 0.438889 0.580729 0.445370 0.586458 0.444444 0.591667 0.437037 0.592708 0.425000 0.592188 0.416667 0.588021 0.411111 0.582292 0.412037
0 0.578125 0.417593 0.301562 0.800926 0.302083 0.807407 0.306771 0.809259 0.309896 0.807407 0.311458 0.801852 0.311458 0.794444 0.309896 0.789815 0.306771 0.788889 0.303646 0.792593 0.214062 0.875926 0.214583 0.887963
0 0.219792 0.894444 0.225521 0.895370 0.231771 0.886111 0.234375 0.874074 0.234375 0.862037 0.228125 0.857407 0.222396 0.858333 0.217708 0.864815 0.126563 0.940741 0.127083 0.949074 0.131771 0.950926 0.134896 0.947222
0 0.136979 0.940741 0.137500 0.933333 0.136458 0.928704 0.132812 0.927778 0.129167 0.933333 0.145313 0.875926 0.145833 0.882407 0.150521 0.884259 0.153646 0.882407 0.156250 0.875926 0.156250 0.868519 0.155208 0.863889
0 0.151042 0.862963 0.147917 0.867593 0.025000 0.788889 0.025000 0.796296 0.030208 0.798148 0.033333 0.795370 0.035417 0.789815 0.035937 0.782407 0.034375 0.777778 0.030729 0.776852 0.027083 0.781482 0.038542 0.750000
0 0.040625 0.754630 0.044271 0.755556 0.048437 0.756481 0.051042 0.753704 0.054688 0.746296 0.055729 0.737963 0.055729 0.733333 0.053125 0.727778 0.047396 0.725926 0.043750 0.728704 0.040104 0.734259 0.037500 0.741667
0 0.072396 0.582407 0.073437 0.587963 0.077083 0.589815 0.080208 0.588889 0.082813 0.584259 0.082813 0.576852 0.081250 0.572222 0.077083 0.571296 0.074479 0.576852 0.061458 0.591667 0.062500 0.597222 0.066146 0.599074
0 0.068750 0.598148 0.071354 0.593518 0.071354 0.587037 0.069792 0.585185 0.066146 0.584259 0.063021 0.587037 0.060417 0.575926 0.061979 0.581481 0.065104 0.583333 0.068750 0.582407 0.070833 0.578704 0.070833 0.571296
0 0.069271 0.565741 0.065104 0.565741 0.062500 0.569444 0.004688 0.542593 0.006250 0.548148 0.009375 0.550000 0.012500 0.549074 0.014583 0.544444 0.015104 0.537963 0.013021 0.533333 0.009896 0.532407 0.006250 0.537037
0 0.114063 0.563889 0.115104 0.569444 0.118750 0.571296 0.121354 0.570370 0.123438 0.565741 0.123438 0.559259 0.121875 0.554630 0.118750 0.553704 0.115104 0.558333 0.043750 0.650926 0.046875 0.655556 0.049479 0.656482
0 0.053646 0.657407 0.055729 0.653704 0.059375 0.647222 0.060938 0.639815 0.060417 0.634259 0.057813 0.628704 0.052083 0.626852 0.048437 0.630556 0.044792 0.635185 0.042708 0.642593 0.073958 0.676852 0.076042 0.681481
0 0.079687 0.682407 0.083854 0.683333 0.085938 0.680556 0.089583 0.673148 0.090104 0.665741 0.090625 0.660185 0.087500 0.654630 0.082292 0.653704 0.078646 0.656482 0.075000 0.661111
0 0.072396 0.669444 0.061979 0.475000 0.065104 0.479630 0.068229 0.481481 0.072396 0.481481 0.074479 0.479630 0.078125 0.472222 0.078646 0.464815 0.078646 0.459259 0.075521 0.453704
0 0.069792 0.452778 0.066667 0.454630 0.063021 0.460185 0.060938 0.467593 0.101562 0.453704 0.104167 0.459259 0.107292 0.461111 0.111458 0.461111 0.113542 0.458333 0.117188 0.451852
0 0.117708 0.443519 0.117708 0.438889 0.114063 0.433333 0.109375 0.431481 0.105208 0.434259 0.102604 0.438889 0.100521 0.446296 0.027083 0.382407 0.030208 0.387963 0.033854 0.389815
0 0.038021 0.389815 0.040104 0.387037 0.043229 0.380556 0.043750 0.372222 0.043750 0.367593 0.040625 0.362037 0.034896 0.360185 0.031250 0.362963 0.028125 0.367593 0.026042 0.375000
0 0.020312 0.269444 0.023438 0.274074 0.027083 0.275926 0.031250 0.275926 0.033333 0.273148 0.036458 0.266667 0.036979 0.259259 0.036458 0.253704 0.033333 0.248148 0.027604 0.245370
0 0.023438 0.248148 0.020833 0.253704 0.018750 0.261111 0.053125 0.199074 0.056250 0.204630 0.059896 0.205556 0.064062 0.206481 0.066146 0.203704 0.069271 0.197222 0.069792 0.188889
0 0.069271 0.184259 0.066146 0.177778 0.060417 0.175926 0.056250 0.178704 0.053646 0.183333 0.051562 0.190741 0.008854 0.048148 0.012500 0.053704 0.016667 0.056481 0.020833 0.057407
0 0.023438 0.055556 0.026042 0.047222 0.026042 0.037963 0.025000 0.032407 0.021354 0.025000 0.014583 0.023148 0.010417 0.025000 0.008333 0.031481 0.006771 0.038889 0.001563 0.000000
0 0.004167 0.000000 0.008854 0.200000 0.011979 0.204630 0.015104 0.207407 0.020312 0.207407 0.022396 0.205556 0.025521 0.198148 0.025521 0.189815 0.025000 0.184259 0.021354 0.178704
0 0.015625 0.176852 0.011979 0.179630 0.008854 0.184259 0.007292 0.192593 0.089062 0.181481 0.091667 0.186111 0.094792 0.187963 0.098958 0.189815 0.101042 0.186111 0.104167 0.179630
0 0.104687 0.172222 0.104167 0.165741 0.101042 0.159259 0.095312 0.158333 0.092188 0.161111 0.088542 0.165741 0.086979 0.174074 0.036979 0.162963 0.040104 0.168519 0.043229 0.170370
0 0.047396 0.170370 0.050000 0.168519 0.053125 0.161111 0.053646 0.152778 0.052604 0.148148 0.049479 0.141667 0.043229 0.139815 0.039583 0.142593 0.036458 0.148148 0.035417 0.155556
0 0.077083 0.101852 0.080729 0.107407 0.084375 0.110185 0.088542 0.110185 0.090625 0.108333 0.093750 0.100000 0.093750 0.091667 0.093229 0.087037 0.089583 0.079630 0.083854 0.078704
0 0.079687 0.080556 0.077604 0.086111 0.075521 0.093519 0.060417 0.165741 0.063021 0.170370 0.066667 0.173148 0.070833 0.174074 0.072917 0.171296 0.076042 0.163889 0.076042 0.156481
0 0.075521 0.150000 0.072396 0.143519 0.066667 0.142593 0.063021 0.145370 0.059896 0.150000 0.058854 0.158333 0.007292 0.337037 0.010417 0.341667 0.014062 0.343519 0.018229 0.344444
0 0.020312 0.342593 0.023958 0.335185 0.023958 0.327778 0.023958 0.322222 0.020833 0.315741 0.015104 0.314815 0.010937 0.317593 0.007812 0.322222 0.005729 0.330556 0.063542 0.441667
0 0.065104 0.447222 0.068229 0.449074 0.071354 0.448148 0.073437 0.443519 0.073958 0.437037 0.071354 0.432407 0.068229 0.431481 0.064583 0.436111 0.090104 0.468519 0.091667 0.473148
0 0.094792 0.475000 0.097396 0.474074 0.100000 0.470370 0.100521 0.463889 0.097917 0.459259 0.094792 0.458333 0.091667 0.462037 0.116667 0.425000 0.118750 0.430556 0.121354 0.432407
0 0.124479 0.431481 0.127083 0.427778 0.126563 0.421296 0.125000 0.415741 0.121875 0.415741 0.118229 0.419444 0.094271 0.334259 0.095312 0.339815 0.098958 0.341667 0.101562 0.340741
0 0.103646 0.337037 0.103646 0.330556 0.102083 0.325000 0.098438 0.324074 0.095312 0.328704 0.103646 0.149074 0.105729 0.153704 0.109375 0.154630 0.113542 0.156481 0.115625 0.153704 0.118750 0.146296 0.118750 0.137963 0.118750 0.132407
0 0.115625 0.126852 0.109375 0.125000 0.106250 0.127778 0.103125 0.132407 0.101042 0.140741 0.219792 0.121296 0.222396 0.126852 0.225000 0.127778 0.229167 0.128704 0.231250 0.125926 0.234375 0.119444 0.234896 0.111111 0.234896 0.105556
0 0.231250 0.100000 0.226042 0.098148 0.222396 0.100926 0.219271 0.105556 0.218229 0.113889 0.246875 0.179630 0.249479 0.184259 0.252604 0.187037 0.256250 0.187037 0.258333 0.184259 0.261458 0.176852
0 0.262500 0.169444 0.261979 0.164815 0.258854 0.158333 0.253646 0.156481 0.250000 0.159259 0.246875 0.164815 0.245833 0.172222 0.242188 0.274074
0 0.244271 0.277778 0.246875 0.279630 0.250521 0.279630 0.252604 0.277778 0.255729 0.270370 0.256771 0.262963 0.256771 0.258333 0.253125 0.251852
0 0.247917 0.250926 0.244792 0.252778 0.242708 0.259259 0.241667 0.265741 0.155208 0.325926 0.157292 0.330556 0.160938 0.332407 0.164583 0.333333
0 0.166667 0.330556 0.169792 0.324074 0.170833 0.316667 0.170312 0.311111 0.167708 0.305556 0.161979 0.303704 0.158854 0.306481 0.155729 0.312037
0 0.154167 0.319444 0.135417 0.319444 0.137500 0.325000 0.141146 0.326852 0.144792 0.326852 0.146875 0.325000 0.150000 0.318519 0.150521 0.310185
0 0.150521 0.304630 0.147396 0.299074 0.142188 0.298148 0.138542 0.300926 0.135417 0.305556 0.133333 0.312963 0.134375 0.246296 0.137500 0.250926
0 0.140625 0.252778 0.144792 0.253704 0.146875 0.250926 0.150000 0.244444 0.150521 0.236111 0.150000 0.230556 0.147396 0.225000 0.141667 0.223148 0.138542 0.225926 0.135417 0.231481
0 0.133333 0.238889 0.268750 0.412037 0.271354 0.416667 0.275000 0.418519 0.278646 0.418519 0.280729 0.416667 0.283854 0.409259 0.284375 0.402778 0.284375 0.397222 0.281771 0.391667
0 0.276042 0.390741 0.272917 0.393519 0.269792 0.398148 0.267708 0.405556 0.224479 0.400926 0.226042 0.403704 0.227604 0.407407 0.230729 0.408333 0.233333 0.407407
0 0.235417 0.402778 0.235938 0.395370 0.235938 0.390741 0.232812 0.387037 0.228125 0.386111 0.225521 0.389815 0.223958 0.395370 0.183333 0.540741 0.184375 0.543519
0 0.186458 0.545370 0.189063 0.546296 0.192188 0.545370 0.194271 0.541667 0.194792 0.535185 0.194792 0.529630 0.192188 0.525926 0.186979 0.525000 0.184375 0.528704
0 0.182812 0.534259 0.178125 0.567593 0.179688 0.570370 0.181771 0.574074 0.184375 0.575000 0.186979 0.573148 0.189063 0.568519 0.189583 0.562037 0.189583 0.557407
0 0.186979 0.553704 0.182292 0.551852 0.179688 0.556481 0.177604 0.562037 0.170833 0.348148 0.171875 0.350926 0.174479 0.353704 0.176563 0.354630 0.179167 0.352778 0.181250 0.349074 0.182292 0.342593 0.182292 0.337963 0.179688 0.333333
0 0.174479 0.331481 0.171875 0.336111 0.170312 0.341667 0.195312 0.273148 0.196875 0.275926 0.198437 0.278704 0.201562 0.279630 0.204167 0.278704 0.206250 0.274074 0.207292 0.267593
0 0.207292 0.262963 0.204167 0.259259 0.199479 0.258333 0.196354 0.262037 0.195312 0.267593 0.184375 0.250926 0.185937 0.252778 0.188021 0.255556 0.190625 0.256481
0 0.193229 0.255556 0.195312 0.250926 0.196354 0.245370 0.196354 0.239815 0.193229 0.236111 0.188542 0.234259 0.185417 0.237963 0.184375 0.244444 0.266146 0.169444
0 0.267708 0.172222 0.269792 0.175000 0.272396 0.176852 0.275000 0.175926 0.277083 0.170370 0.278125 0.164815 0.277083 0.159259 0.275000 0.154630 0.270312 0.153704
0 0.267188 0.157407 0.265625 0.163889 0.237500 0.104630 0.239583 0.107407 0.241667 0.110185 0.243750 0.110185 0.246354 0.109259 0.248437 0.105556 0.249479 0.098148 0.249479 0.093519 0.246354 0.087963 0.241667 0.087037 0.239063 0.090741
0 0.237500 0.097222 0.176563 0.115741 0.177604 0.118519 0.180208 0.122222 0.182812 0.123148 0.185937 0.122222 0.188021 0.117593 0.188021 0.110185 0.188021 0.105556
0 0.184896 0.100926 0.179688 0.100000 0.177083 0.103704 0.175521 0.110185 0.147396 0.120370 0.149479 0.124074 0.151042 0.126852 0.154167 0.127778 0.156771 0.126852
0 0.158854 0.122222 0.159896 0.114815 0.159375 0.110185 0.156250 0.105556 0.151042 0.104630 0.147917 0.108333 0.147396 0.114815 0.308854 0.225926 0.309896 0.229630
0 0.311979 0.232407 0.314583 0.233333 0.317187 0.232407 0.319271 0.227778 0.319792 0.220370 0.319792 0.215741 0.317187 0.212037 0.311979 0.211111 0.309375 0.214815
0 0.307813 0.220370 0.569271 0.661111 0.570833 0.663889 0.572396 0.666667 0.575000 0.667593 0.577604 0.666667 0.579687 0.662037 0.580729 0.655556 0.580729 0.650926
0 0.578125 0.647222 0.573438 0.646296 0.570312 0.650000 0.569271 0.655556 0.344792 0.301852 0.345833 0.304630 0.347917 0.306481 0.351042 0.307407 0.353646 0.306481
0 0.355729 0.301852 0.356250 0.296296 0.355729 0.290741 0.353125 0.287037 0.348437 0.286111 0.345833 0.289815 0.344271 0.295370 0.307813 0.355556 0.308854 0.359259
0 0.310937 0.361111 0.313542 0.362037 0.316146 0.361111 0.318229 0.356481 0.318750 0.350000 0.318750 0.344444 0.316146 0.340741 0.311458 0.339815 0.308854 0.343519 0.307292 0.349074 0.301042 0.101852 0.302083 0.105556 0.304167 0.108333
0 0.306771 0.109259 0.309375 0.108333 0.311458 0.103704 0.311979 0.096296 0.311979 0.091667 0.308854 0.087037 0.304167 0.085185 0.301562 0.089815 0.300000 0.096296 0.069271 0.031481 0.071354 0.033333 0.073437 0.037037 0.076563 0.038889
0 0.079687 0.037963 0.081250 0.032407 0.081250 0.025926 0.080729 0.019444 0.077083 0.014815 0.072396 0.012963 0.069271 0.017593 0.067708 0.024074 0.048958 0.106481 0.051042 0.108333 0.053125 0.112037 0.056250 0.112963 0.058854 0.112037
0 0.060938 0.107407 0.061979 0.100926 0.060938 0.094444 0.057813 0.089815 0.052604 0.088889 0.049479 0.092593 0.048437 0.099074 0.020312 0.000926 0.021875 0.003704 0.025000 0.008333 0.028125 0.009259 0.031250 0.008333 0.033333 0.002778
0 0.130208 0.003704 0.132292 0.007407 0.134375 0.011111 0.137500 0.011111 0.140104 0.010185 0.142188 0.006481 0.142188 0.000000 0.131771 0.054630 0.133854 0.058333 0.135417 0.061111 0.138542 0.062037 0.141667 0.062037 0.143229 0.056481
0 0.143750 0.050000 0.143229 0.043519 0.140104 0.039815 0.135417 0.037963 0.132292 0.041667 0.130729 0.048148 0.007292 0.079630 0.009375 0.083333 0.011458 0.086111 0.014583 0.087963 0.017708 0.087037 0.019792 0.081481 0.020312 0.075000
0 0.019792 0.068519 0.016146 0.063889 0.010417 0.062963 0.007812 0.066667 0.006771 0.073148 0.228125 0.000926 0.229687 0.003704 0.231771 0.006481 0.234375 0.008333 0.236979 0.007407 0.239063 0.001852 0.199479 0.000000 0.203125 0.000926
0 0.207292 0.001852 0.211979 0.000000 0.279167 0.000926 0.282813 0.003704 0.286979 0.005556 0.291146 0.002778 0.294271 0.000000 0.309375 0.000000 0.310937 0.009259 0.314583 0.012963 0.318750 0.012963 0.322917 0.011111 0.326042 0.005556
0 0.201562 0.074074 0.203125 0.077778 0.205208 0.080556 0.207813 0.081481 0.210938 0.080556 0.213021 0.075926 0.213021 0.068519 0.213021 0.063889 0.209896 0.059259 0.204688 0.058333 0.202083 0.062037 0.200521 0.067593 0.210938 0.097222
0 0.211979 0.100000 0.214583 0.103704 0.217187 0.104630 0.219792 0.103704 0.221875 0.098148 0.222396 0.091667 0.221875 0.086111 0.219271 0.082407 0.214062 0.080556 0.211458 0.085185 0.209896 0.090741 0.408854 0.031481 0.410417 0.034259
0 0.412500 0.037963 0.415104 0.038889 0.417708 0.037963 0.419792 0.032407 0.420312 0.025000 0.420312 0.020370 0.417188 0.015741 0.413021 0.014815 0.409896 0.019444 0.408333 0.025000
0 0.395312 0.010185 0.396875 0.013889 0.398438 0.016667 0.401042 0.017593 0.403646 0.015741 0.405729 0.012037 0.406250 0.004630 0.405729 0.000000 0.394271 0.002778 0.436458 0.133333 0.438021 0.136111 0.440104 0.138889 0.442708 0.139815
0 0.445312 0.138889 0.447396 0.134259 0.448438 0.126852 0.448438 0.122222 0.445833 0.118519 0.440625 0.117593 0.437500 0.121296 0.436458 0.126852 0.510938 0.205556 0.512500 0.208333 0.514063 0.211111 0.516667 0.211111 0.519271 0.210185
0 0.521354 0.206481 0.522396 0.200000 0.521875 0.194444 0.519792 0.190741 0.515104 0.189815 0.511979 0.193519 0.510938 0.199074 0.522396 0.180556 0.523958 0.183333 0.525521 0.186111
0 0.528125 0.186111 0.530729 0.185185 0.532812 0.181481 0.533854 0.175000 0.533333 0.170370 0.531250 0.165741 0.526563 0.163889 0.523438 0.168519 0.521875 0.174074 0.503646 0.258333 0.505208 0.260185 0.506771 0.262963 0.509375 0.263889
0 0.511979 0.262963 0.514063 0.258333 0.515104 0.252778 0.515104 0.246296 0.512500 0.242593 0.507812 0.241667 0.504687 0.245370 0.503646 0.251852 0.453125 0.241667 0.454167 0.244444 0.456250 0.247222 0.458854 0.248148 0.461458 0.247222
0 0.463542 0.242593 0.464063 0.237037 0.464063 0.231481 0.461458 0.227778 0.456771 0.226852 0.454167 0.230556 0.452604 0.236111 0.475521 0.293519 0.478646 0.295370 0.481771 0.293519 0.483333 0.288889 0.483333 0.284259 0.481250 0.280556
0 0.478125 0.279630 0.475000 0.284259 0.474479 0.288889 0.432292 0.235185 0.433854 0.237963 0.435417 0.240741 0.438542 0.241667 0.441146 0.240741 0.443229 0.236111 0.443750 0.229630 0.443229 0.225000 0.440625 0.221296 0.436458 0.220370
0 0.433333 0.224074 0.431771 0.229630 0.426042 0.279630 0.427604 0.281481 0.429167 0.284259 0.431771 0.285185 0.434375 0.284259 0.436458 0.279630 0.437500 0.274074 0.436979 0.268519 0.434896 0.264815 0.430208 0.263889 0.427083 0.267593
0 0.426042 0.273148 0.584896 0.228704 0.586458 0.231481 0.588542 0.234259 0.590625 0.235185 0.593229 0.234259 0.595312 0.229630 0.596354 0.222222 0.596354 0.217593 0.593750 0.213889 0.589063 0.212037 0.586458 0.216667 0.584896 0.223148
0 0.485938 0.466667 0.487500 0.469444 0.489062 0.472222 0.491667 0.473148 0.494271 0.472222 0.496354 0.467593 0.496875 0.461111 0.496875 0.456481 0.494792 0.452778 0.490104 0.451852 0.486979 0.455556 0.485417 0.461111 0.509896 0.546296
0 0.512500 0.548148 0.515625 0.546296 0.517187 0.541667 0.517187 0.537037 0.515625 0.533333 0.511979 0.533333 0.509375 0.537037 0.508854 0.541667 0.453125 0.632407 0.452604 0.638889 0.454167 0.643519 0.458333 0.644444 0.460417 0.639815
0 0.460938 0.635185 0.460417 0.631481 0.458333 0.628704 0.455729 0.628704 0.447917 0.661111 0.446875 0.667593 0.448958 0.672222 0.452604 0.672222 0.455208 0.668519
0 0.455729 0.662963 0.454688 0.660185 0.453125 0.656482 0.450000 0.657407 0.155208 0.772222 0.157292 0.776852 0.160417 0.778704 0.164062 0.778704 0.166667 0.775926
0 0.170312 0.768519 0.170833 0.761111 0.170833 0.756481 0.168229 0.750926 0.163021 0.749074 0.159375 0.751852 0.156250 0.756481 0.153646 0.764815 0.271354 0.997222
0 0.026042 0.985185 0.029687 0.991667 0.034896 0.991667 0.038542 0.987037 0.041146 0.980556 0.042188 0.972222 0.042188 0.965741 0.038021 0.962963 0.031250 0.967593
0 0.027083 0.975926 0.161458 0.474074 0.162500 0.479630 0.166146 0.480556 0.168750 0.480556 0.170833 0.475926 0.170833 0.469444 0.169271 0.464815 0.166146 0.463889 0.162500 0.468519 0.031771 0.166667 0.029687 0.169444 0.028646 0.175000
0 0.029687 0.180556 0.033854 0.184259 0.036979 0.184259 0.039062 0.179630 0.038021 0.173148 0.035417 0.168519 0.305729 0.391667 0.306771 0.394444 0.309375 0.397222 0.311979 0.398148 0.314583 0.397222 0.316667 0.392593 0.317187 0.386111
0 0.317187 0.381481 0.314063 0.377778 0.309375 0.376852 0.306771 0.380556 0.305208 0.386111 0.657812 0.684259 0.656250 0.691667 0.657292 0.695370 0.660417 0.696296 0.662500 0.694444 0.663542 0.688889 0.663021 0.684259 0.660417 0.682407
