0 0.434896 0.369444 0.432292 0.381481 0.426562 0.388889 0.421875 0.389815 0.416146 0.382407 0.414583 0.370370 0.415104 0.357407 0.422396 0.346296 0.428646 0.348148 0.433333 0.357407
0 0.391667 0.334259 0.388542 0.345370 0.383333 0.352778 0.377083 0.350926 0.373958 0.344444 0.371354 0.334259 0.373437 0.319444 0.379167 0.310185 0.385417 0.312963 0.390104 0.321296
0 0.413021 0.237963 0.410417 0.249074 0.404687 0.256481 0.400000 0.258333 0.394792 0.250000 0.392708 0.238889 0.393750 0.225000 0.400521 0.213889 0.407292 0.216667 0.411458 0.225000
0 0.501042 0.200000 0.497917 0.211111 0.492188 0.218519 0.487500 0.220370 0.482292 0.212963 0.480208 0.200926 0.481250 0.187037 0.488542 0.176852 0.494792 0.178704 0.498958 0.187037
0 0.553646 0.299074 0.550521 0.311111 0.544792 0.318519 0.540104 0.319444 0.534896 0.312037 0.533333 0.300926 0.533854 0.287037 0.541146 0.275926 0.547396 0.277778 0.552083 0.287037
0 0.577083 0.398148 0.574479 0.409259 0.568750 0.416667 0.564062 0.418519 0.558854 0.410185 0.556771 0.399074 0.557813 0.385185 0.564583 0.374074 0.571354 0.376852 0.575521 0.385185
0 0.382292 0.516667 0.379687 0.528704 0.373958 0.536111 0.369271 0.537037 0.363542 0.529630 0.361979 0.518519 0.362500 0.504630 0.369792 0.493519 0.376042 0.495370 0.380729 0.504630
0 0.250521 0.244444 0.247396 0.256481 0.241667 0.263889 0.236979 0.264815 0.231771 0.257407 0.230208 0.246296 0.230729 0.232407 0.238021 0.221296 0.244271 0.224074 0.248437 0.232407
0 0.211979 0.228704 0.208854 0.239815 0.203646 0.247222 0.198437 0.249074 0.193229 0.240741 0.191667 0.229630 0.192188 0.215741 0.199479 0.204630 0.205729 0.207407 0.210417 0.215741
0 0.171875 0.517593 0.168750 0.528704 0.163021 0.536111 0.158333 0.537963 0.153125 0.530556 0.151562 0.518519 0.152083 0.504630 0.159375 0.494444 0.165625 0.496296 0.169792 0.504630
0 0.143229 0.501852 0.140625 0.513889 0.134896 0.521296 0.130208 0.522222 0.124479 0.514815 0.122917 0.503704 0.123438 0.489815 0.130729 0.478704 0.137500 0.480556 0.141667 0.489815
0 0.100521 0.436111 0.097917 0.448148 0.092188 0.455556 0.087500 0.456481 0.081771 0.449074 0.080208 0.437963 0.080729 0.424074 0.088021 0.412963 0.094271 0.414815 0.098958 0.424074
0 0.161979 0.282407 0.158854 0.294444 0.153125 0.301852 0.148438 0.302778 0.143229 0.295370 0.141146 0.284259 0.142188 0.270370 0.149479 0.259259 0.155729 0.262037 0.159896 0.270370
0 0.098438 0.238889 0.095312 0.250926 0.089583 0.258333 0.084896 0.259259 0.079687 0.251852 0.078125 0.239815 0.078646 0.226852 0.085938 0.215741 0.092188 0.217593 0.096354 0.226852
0 0.052083 0.324074 0.048958 0.335185 0.043229 0.342593 0.038542 0.344444 0.033333 0.337037 0.031250 0.325000 0.032292 0.311111 0.039583 0.300926 0.045833 0.302778 0.050000 0.311111
0 0.080729 0.274074 0.077604 0.286111 0.072396 0.293519 0.067188 0.294444 0.061979 0.287037 0.060417 0.275926 0.060938 0.262037 0.068229 0.250926 0.074479 0.252778 0.079167 0.262037
0 0.000000 0.280556 0.026563 0.847222 0.023438 0.859259 0.017708 0.866667 0.013021 0.867593 0.007812 0.860185 0.005729 0.849074 0.006771 0.835185 0.014062 0.824074 0.020312 0.825926
0 0.024479 0.835185 0.168750 0.911111 0.165625 0.922222 0.159896 0.929630 0.155208 0.931481 0.150000 0.923148 0.147917 0.912037 0.148958 0.898148 0.156250 0.887037 0.162500 0.889815
0 0.166667 0.898148 0.317187 0.970370 0.314063 0.982407 0.308854 0.989815 0.303646 0.990741 0.298438 0.983333 0.296875 0.972222 0.297396 0.958333 0.304688 0.947222 0.310937 0.950000
0 0.315625 0.958333 0.195312 0.918519 0.192708 0.929630 0.186979 0.937037 0.182292 0.938889 0.177083 0.930556 0.175000 0.919444 0.176042 0.905556 0.182812 0.894444 0.189583 0.897222
0 0.193750 0.905556 0.345313 0.804630 0.342708 0.816667 0.336979 0.824074 0.332292 0.825000 0.326562 0.817593 0.325000 0.806481 0.325521 0.792593 0.332812 0.781482 0.339583 0.783333
0 0.343750 0.792593 0.311979 0.809259 0.309375 0.821296 0.303646 0.828704 0.298958 0.829630 0.293229 0.822222 0.291667 0.811111 0.292188 0.797222 0.299479 0.786111 0.305729 0.787963
0 0.310417 0.797222 0.415104 0.672222 0.412500 0.684259 0.406771 0.691667 0.402083 0.692593 0.396875 0.685185 0.394792 0.674074 0.395833 0.660185 0.402604 0.649074 0.409375 0.650926
0 0.413542 0.660185 0.513021 0.796296 0.509896 0.807407 0.504687 0.814815 0.499479 0.816667 0.494271 0.808333 0.492708 0.797222 0.493229 0.783333 0.500521 0.772222 0.506771 0.775000
0 0.511458 0.783333 0.486458 0.931481 0.483854 0.942593 0.478125 0.950000 0.473437 0.951852 0.467708 0.943519 0.466146 0.932407 0.466667 0.918519 0.473958 0.907407 0.480729 0.910185
0 0.484896 0.918519 0.446875 0.893519 0.443750 0.904630 0.438021 0.912963 0.433333 0.913889 0.428125 0.906482 0.426562 0.894444 0.427083 0.880556 0.434375 0.870370 0.440625 0.872222
0 0.444792 0.881481 0.267188 0.779630 0.264062 0.791667 0.258333 0.799074 0.253646 0.800000 0.248437 0.792593 0.246354 0.781482 0.247396 0.767593 0.254687 0.756481 0.260938 0.758333
0 0.265104 0.767593 0.429688 0.721296 0.427083 0.732407 0.421354 0.740741 0.416667 0.741667 0.410937 0.734259 0.409375 0.722222 0.409896 0.709259 0.417188 0.698148 0.423438 0.700000
0 0.428125 0.709259 0.311979 0.696296 0.309375 0.708333 0.303646 0.715741 0.298958 0.716667 0.293750 0.709259 0.291667 0.698148 0.292708 0.684259 0.299479 0.673148 0.306250 0.675000
0 0.310417 0.684259 0.456250 0.809259 0.453646 0.820370 0.447917 0.827778 0.443229 0.829630 0.437500 0.822222 0.435937 0.810185 0.436458 0.796296 0.443750 0.786111 0.450000 0.787963
0 0.454688 0.796296 0.314063 0.925000 0.310937 0.937037 0.305729 0.944444 0.300521 0.945370 0.295312 0.937963 0.293750 0.926852 0.294271 0.912963 0.301562 0.901852 0.307813 0.903704
0 0.312500 0.912963 0.222917 0.825000 0.219792 0.837037 0.214062 0.844444 0.209375 0.845370 0.204167 0.837963 0.202083 0.826852 0.203125 0.812963 0.210417 0.801852 0.216667 0.803704
0 0.220833 0.812963 0.046354 0.721296 0.043229 0.732407 0.038021 0.740741 0.032812 0.741667 0.027604 0.734259 0.026042 0.722222 0.026563 0.708333 0.033854 0.698148 0.040104 0.700000
0 0.044792 0.709259 0.581250 0.454630 0.578125 0.466667 0.572917 0.474074 0.567708 0.475000 0.562500 0.467593 0.560938 0.456481 0.561458 0.442593 0.568750 0.431481 0.575000 0.433333
0 0.579687 0.442593 0.490104 0.469444 0.486979 0.481481 0.481250 0.488889 0.476562 0.489815 0.471354 0.482407 0.469792 0.471296 0.470313 0.457407 0.477604 0.446296 0.483854 0.449074
0 0.488021 0.457407 0.475521 0.328704 0.472917 0.340741 0.467187 0.348148 0.462500 0.349074 0.456771 0.341667 0.455208 0.329630 0.455729 0.316667 0.463021 0.305556 0.469271 0.307407
0 0.473958 0.316667 0.543750 0.500000 0.541146 0.511111 0.535417 0.518519 0.530729 0.520370 0.525000 0.512037 0.523438 0.500926 0.523958 0.487037 0.531250 0.475926 0.537500 0.478704
0 0.542188 0.487037 0.560938 0.545370 0.557813 0.557407 0.552604 0.564815 0.547396 0.565741 0.542188 0.558333 0.540625 0.547222 0.541146 0.533333 0.548437 0.522222 0.554688 0.524074
0 0.559375 0.533333 0.561458 0.592593 0.558854 0.604630 0.553125 0.612037 0.548437 0.612963 0.543229 0.605556 0.541146 0.594444 0.542188 0.580556 0.548958 0.569444 0.555729 0.571296
0 0.559896 0.580556 0.656771 0.640741 0.656771 0.653704 0.651042 0.661111 0.646354 0.662037 0.640625 0.654630 0.639063 0.643519 0.639583 0.629630 0.643750 0.622222 0.648958 0.623148
0 0.654167 0.631481 0.677083 0.730556 0.677083 0.743519 0.671354 0.750926 0.666667 0.751852 0.660937 0.744444 0.659375 0.732407 0.659896 0.719444 0.664062 0.712037 0.669271 0.712963
0 0.674479 0.720370 0.679167 0.773148 0.679167 0.786111 0.673437 0.793519 0.668750 0.794444 0.663021 0.787037 0.661458 0.775926 0.661979 0.762037 0.666146 0.754630 0.671354 0.755556
0 0.676562 0.763889 0.589063 0.842593 0.588542 0.854630 0.582812 0.862963 0.578125 0.863889 0.572917 0.856481 0.570833 0.844444 0.571875 0.830556 0.575521 0.823148 0.580729 0.825000
0 0.585938 0.832407 0.639063 0.839815 0.639063 0.852778 0.633333 0.860185 0.628646 0.861111 0.622917 0.853704 0.621354 0.842593 0.621875 0.828704 0.626042 0.822222 0.631250 0.822222
0 0.636458 0.830556 0.631771 0.955556 0.631771 0.968518 0.626042 0.975926 0.621354 0.976852 0.615625 0.969444 0.614062 0.958333 0.614583 0.944444 0.618750 0.937037 0.623958 0.937963
0 0.629167 0.946296 0.779167 0.952778 0.778646 0.964815 0.773438 0.972222 0.768229 0.974074 0.763021 0.966667 0.761458 0.954630 0.761979 0.940741 0.765625 0.933333 0.771354 0.934259
0 0.776042 0.942593 0.827083 0.738889 0.826563 0.750926 0.820833 0.758333 0.816146 0.760185 0.810938 0.752778 0.808854 0.740741 0.811458 0.729630 0.815104 0.723148 0.820312 0.723148
0 0.823958 0.728704 0.677083 0.936111 0.676562 0.949074 0.670833 0.956481 0.666146 0.957407 0.660937 0.950000 0.658854 0.937963 0.661458 0.927778 0.665104 0.920370 0.670313 0.921296
0 0.673958 0.925926 0.790625 0.633333 0.790104 0.646296 0.784375 0.653704 0.779688 0.654630 0.774479 0.647222 0.772917 0.636111 0.775000 0.625000 0.778646 0.617593 0.783854 0.618519
0 0.787500 0.624074 0.773958 0.503704 0.773958 0.516667 0.768229 0.524074 0.763542 0.525926 0.757812 0.518519 0.756250 0.506481 0.758333 0.495370 0.762500 0.488889 0.767708 0.488889
0 0.771354 0.494444 0.835938 0.483333 0.835417 0.495370 0.829687 0.502778 0.825000 0.504630 0.819792 0.497222 0.817708 0.485185 0.820312 0.474074 0.823958 0.467593 0.829167 0.467593
0 0.832812 0.473148 0.795313 0.421296 0.795313 0.434259 0.789583 0.441667 0.784896 0.443519 0.779688 0.435185 0.777604 0.424074 0.780208 0.412963 0.783854 0.406481 0.789062 0.406481
0 0.792708 0.412037 0.831771 0.398148 0.831250 0.411111 0.826042 0.418519 0.820833 0.420370 0.815625 0.412037 0.814062 0.400926 0.816146 0.389815 0.819792 0.383333 0.825521 0.383333
0 0.829167 0.388889 0.733854 0.362963 0.733333 0.375926 0.727604 0.383333 0.722917 0.385185 0.717708 0.377778 0.715625 0.365741 0.718229 0.354630 0.721875 0.348148 0.727083 0.348148
0 0.730729 0.353704 0.785417 0.132407 0.784896 0.144444 0.779167 0.152778 0.774479 0.153704 0.769271 0.146296 0.767187 0.134259 0.769792 0.124074 0.773438 0.116667 0.778646 0.117593
0 0.782292 0.122222 0.690625 0.097222 0.690104 0.110185 0.684375 0.117593 0.679688 0.119444 0.674479 0.111111 0.672917 0.100000 0.675000 0.088889 0.678646 0.082407 0.683854 0.082407
0 0.687500 0.087963 0.601042 0.212037 0.601042 0.225000 0.595312 0.232407 0.590625 0.233333 0.584896 0.225926 0.583333 0.214815 0.585417 0.203704 0.589063 0.196296 0.594792 0.197222
0 0.598437 0.202778 0.547917 0.175000 0.547396 0.187963 0.541667 0.195370 0.536979 0.196296 0.531771 0.188889 0.529688 0.177778 0.532292 0.166667 0.535937 0.159259 0.541146 0.160185
0 0.544792 0.165741 0.582812 0.087037 0.582292 0.100000 0.577083 0.107407 0.571875 0.108333 0.566667 0.100926 0.565104 0.089815 0.567187 0.078704 0.570833 0.071296 0.576563 0.072222
0 0.579687 0.077778 0.498437 0.135185 0.498437 0.148148 0.492708 0.155556 0.488021 0.156481 0.482292 0.149074 0.480729 0.137963 0.482812 0.126852 0.486979 0.119444 0.492188 0.120370
0 0.495833 0.125926 0.450000 0.160185 0.449479 0.173148 0.444271 0.180556 0.439063 0.181481 0.433854 0.174074 0.432292 0.162963 0.434375 0.151852 0.438021 0.144444 0.443750 0.145370
0 0.447396 0.150926 0.422396 0.151852 0.421875 0.164815 0.416667 0.172222 0.411458 0.173148 0.406250 0.165741 0.404687 0.154630 0.406771 0.143519 0.410417 0.136111 0.416146 0.137037
0 0.419271 0.142593 0.456771 0.089815 0.456250 0.101852 0.450521 0.110185 0.445833 0.111111 0.440625 0.103704 0.438542 0.091667 0.441146 0.081481 0.444792 0.074074 0.450000 0.075000
0 0.453646 0.079630 0.498958 0.090741 0.498437 0.103704 0.492708 0.111111 0.488021 0.112037 0.482812 0.104630 0.481250 0.093519 0.483333 0.082407 0.486979 0.075000 0.492708 0.075926
0 0.495833 0.081481 0.402604 0.137963 0.402604 0.150926 0.396875 0.158333 0.392188 0.160185 0.386458 0.152778 0.384896 0.140741 0.386979 0.129630 0.391146 0.123148 0.396354 0.123148
0 0.400000 0.128704 0.367188 0.320370 0.367188 0.332407 0.361458 0.339815 0.357812 0.338889 0.353646 0.331481 0.353125 0.323148 0.354167 0.314815 0.357292 0.308333 0.361979 0.307407
0 0.364583 0.310185 0.347396 0.346296 0.346875 0.359259 0.341146 0.366667 0.336458 0.366667 0.331771 0.359259 0.330729 0.347222 0.331771 0.337963 0.335417 0.331481 0.340625 0.331481
0 0.344271 0.337037 0.311458 0.355556 0.310937 0.368519 0.305208 0.375926 0.300521 0.375926 0.295833 0.368519 0.294792 0.356481 0.295833 0.347222 0.299479 0.340741 0.304688 0.340741
0 0.308333 0.346296 0.377604 0.455556 0.377083 0.467593 0.371354 0.475926 0.366667 0.475000 0.361979 0.467593 0.360938 0.455556 0.361979 0.447222 0.365625 0.439815 0.370833 0.440741
0 0.374479 0.445370 0.361979 0.435185 0.361979 0.448148 0.356250 0.455556 0.351042 0.455556 0.346875 0.448148 0.345833 0.436111 0.346354 0.426852 0.350000 0.420370 0.355729 0.420370
0 0.359375 0.425926 0.251042 0.388889 0.250521 0.401852 0.244792 0.409259 0.240104 0.408333 0.235417 0.400926 0.234375 0.388889 0.235417 0.380556 0.239063 0.373148 0.244271 0.374074
0 0.247917 0.378704 0.265104 0.335185 0.264583 0.348148 0.258854 0.355556 0.254167 0.355556 0.249479 0.348148 0.248437 0.335185 0.249479 0.326852 0.253125 0.319444 0.258333 0.320370
0 0.261979 0.325926 0.175000 0.345370 0.175000 0.358333 0.169271 0.365741 0.164062 0.365741 0.159896 0.358333 0.158854 0.346296 0.159375 0.337037 0.163021 0.330556 0.168750 0.330556
0 0.172396 0.336111 0.252604 0.445370 0.252604 0.458333 0.246875 0.465741 0.241667 0.465741 0.237500 0.458333 0.236458 0.445370 0.236979 0.437037 0.240625 0.429630 0.246354 0.430556
0 0.250000 0.436111 0.272917 0.432407 0.272396 0.445370 0.266667 0.452778 0.261979 0.452778 0.257292 0.445370 0.256250 0.432407 0.257292 0.424074 0.260938 0.416667 0.266146 0.417593
0 0.269792 0.423148 0.221354 0.287037 0.220833 0.300000 0.215104 0.307407 0.210417 0.307407 0.205729 0.300000 0.204688 0.287963 0.205729 0.278704 0.209375 0.272222 0.214583 0.272222
0 0.218229 0.277778 0.105729 0.353704 0.105729 0.366667 0.100000 0.374074 0.094792 0.374074 0.090625 0.366667 0.089583 0.354630 0.090104 0.345370 0.093750 0.338889 0.099479 0.338889
0 0.103125 0.344444 0.126042 0.534259 0.126042 0.547222 0.120312 0.554630 0.115104 0.554630 0.110937 0.547222 0.109896 0.534259 0.110417 0.525926 0.114063 0.518519 0.119792 0.519444
0 0.123438 0.525000 0.110417 0.696296 0.110417 0.709259 0.104687 0.716667 0.099479 0.716667 0.095312 0.709259 0.094271 0.697222 0.095312 0.687963 0.098958 0.681481 0.104167 0.681481
0 0.107813 0.687037 0.021875 0.906482 0.021875 0.918519 0.016146 0.926852 0.010937 0.925926 0.006771 0.918519 0.005729 0.906482 0.006250 0.898148 0.009896 0.890741 0.015625 0.890741
0 0.019271 0.896296 0.035417 0.878704 0.035417 0.891667 0.029687 0.899074 0.024479 0.899074 0.020312 0.891667 0.019271 0.878704 0.019792 0.870370 0.023438 0.862963 0.029167 0.863889
0 0.032812 0.869444 0.018229 0.946296 0.017708 0.955556 0.014062 0.962963 0.010417 0.963889 0.005729 0.959259 0.004688 0.946296 0.005729 0.937963 0.009375 0.930556 0.014583 0.931481
0 0.017188 0.937037 0.099479 0.918519 0.098958 0.931481 0.093750 0.938889 0.088542 0.938889 0.084375 0.931481 0.083333 0.918519 0.083854 0.910185 0.087500 0.903704 0.093229 0.903704
0 0.096354 0.909259 0.410937 0.989815 0.396875 0.989815 0.396875 0.981481 0.400521 0.974074 0.406250 0.975000 0.409896 0.979630 0.362500 0.935185 0.361458 0.947222 0.357812 0.953704
0 0.353125 0.955556 0.348958 0.948148 0.347917 0.935185 0.348437 0.926852 0.352083 0.920370 0.357292 0.920370 0.360938 0.925926 0.373958 0.976852 0.372917 0.988889 0.369271 0.995370
0 0.364062 0.997222 0.360417 0.989815 0.359375 0.976852 0.359896 0.968518 0.363542 0.962037 0.368750 0.962037 0.372396 0.967593 0.434375 0.971296 0.433333 0.982407 0.429688 0.988889
0 0.425000 0.990741 0.420833 0.983333 0.419792 0.971296 0.420312 0.962963 0.423958 0.955556 0.429167 0.956481 0.432813 0.961111 0.225521 0.876852 0.224479 0.888889 0.220833 0.895370
0 0.215625 0.897222 0.211979 0.889815 0.210938 0.877778 0.211458 0.868519 0.215104 0.862037 0.220313 0.862037 0.223958 0.867593 0.253125 0.713889 0.252083 0.725000 0.248437 0.732407
0 0.243750 0.734259 0.239583 0.726852 0.238542 0.713889 0.239063 0.705556 0.242708 0.698148 0.247917 0.699074 0.251563 0.704630 0.140104 0.805556 0.140104 0.812963 0.137500 0.820370
0 0.132812 0.822222 0.128646 0.814815 0.128646 0.801852 0.129688 0.796296 0.132292 0.791667 0.136458 0.790741 0.139062 0.796296 0.156250 0.825926 0.156250 0.834259 0.153646 0.840741
0 0.148958 0.842593 0.144792 0.835185 0.144792 0.822222 0.145313 0.817593 0.148438 0.812037 0.152604 0.812037 0.155208 0.816667 0.183854 0.844444 0.183854 0.852778 0.181250 0.859259
0 0.176563 0.861111 0.172396 0.853704 0.172396 0.841667 0.172917 0.836111 0.176042 0.830556 0.180208 0.830556 0.182812 0.835185 0.224479 0.914815 0.224479 0.923148 0.221875 0.929630
0 0.217187 0.931481 0.213021 0.924074 0.212500 0.912037 0.213542 0.906482 0.216667 0.901852 0.220833 0.900926 0.223438 0.906482 0.247396 0.751852 0.246875 0.760185 0.244792 0.766667
0 0.239583 0.768519 0.235938 0.761111 0.235417 0.748148 0.236458 0.742593 0.239583 0.737963 0.243750 0.737963 0.246354 0.742593 0.280208 0.796296 0.280208 0.804630 0.277604 0.811111
0 0.272917 0.813889 0.268750 0.805556 0.268750 0.793519 0.269792 0.787963 0.272396 0.783333 0.277083 0.782407 0.279167 0.787963 0.266146 0.707407 0.266146 0.714815 0.264062 0.722222
0 0.258854 0.724074 0.254687 0.716667 0.254687 0.703704 0.255729 0.698148 0.258333 0.693519 0.263021 0.692593 0.265104 0.698148 0.253646 0.963889 0.253646 0.972222 0.251042 0.978704
0 0.246354 0.980556 0.242188 0.973148 0.242188 0.960185 0.243229 0.954630 0.245833 0.950000 0.250521 0.950000 0.252604 0.954630 0.114063 0.946296 0.111458 0.950926 0.108854 0.953704
0 0.105729 0.953704 0.103646 0.951852 0.101042 0.944444 0.100521 0.937037 0.100521 0.931481 0.103125 0.925926 0.107813 0.924074 0.110937 0.925926 0.113542 0.931481 0.115104 0.938889
0 0.136458 0.925926 0.133854 0.930556 0.131250 0.933333 0.127604 0.933333 0.126042 0.931481 0.123438 0.924074 0.122917 0.916667 0.122917 0.911111 0.125521 0.905556 0.130208 0.903704
0 0.133333 0.905556 0.135937 0.911111 0.137500 0.918519 0.189583 0.989815 0.187500 0.994444 0.184896 0.997222 0.181250 0.997222 0.179688 0.995370 0.176563 0.987963 0.176042 0.980556
0 0.176563 0.975000 0.179167 0.969444 0.183854 0.967593 0.186979 0.969444 0.189583 0.975000 0.191146 0.982407 0.213021 0.993519 0.213542 0.987963 0.216146 0.981481 0.220833 0.979630
0 0.223438 0.982407 0.226562 0.987037 0.227604 0.994444 0.350521 0.914815 0.348437 0.920370 0.345833 0.922222 0.342187 0.923148 0.340104 0.920370 0.337500 0.913889 0.336979 0.906482
0 0.337500 0.900926 0.340104 0.894444 0.344792 0.892593 0.347396 0.895370 0.350521 0.900000 0.351562 0.907407 0.442187 0.947222 0.440104 0.951852 0.437500 0.953704 0.433854 0.954630
0 0.431771 0.952778 0.429167 0.945370 0.428646 0.937963 0.428646 0.932407 0.431771 0.926852 0.436458 0.925000 0.439063 0.926852 0.441667 0.932407 0.443229 0.939815 0.455208 0.994444
0 0.459896 0.992593 0.462500 0.995370 0.485938 0.995370 0.485938 0.989815 0.488542 0.984259 0.493229 0.982407 0.496354 0.984259 0.498958 0.989815 0.500521 0.997222 0.480729 0.984259
0 0.478125 0.989815 0.475521 0.991667 0.472396 0.992593 0.470313 0.989815 0.467708 0.983333 0.467187 0.975000 0.467187 0.970370 0.469792 0.963889 0.474479 0.962037 0.477604 0.964815
0 0.480208 0.969444 0.481771 0.976852 0.463542 0.962037 0.461458 0.966667 0.458854 0.969444 0.455208 0.969444 0.453125 0.967593 0.450521 0.960185 0.450000 0.952778 0.450000 0.947222
0 0.453125 0.941667 0.457812 0.939815 0.460417 0.941667 0.463021 0.947222 0.464583 0.954630 0.554688 0.987037 0.549479 0.994444 0.545833 0.995370 0.544271 0.992593 0.541667 0.986111
0 0.540625 0.978704 0.541146 0.973148 0.543750 0.966667 0.548437 0.964815 0.551562 0.967593 0.554167 0.972222 0.555729 0.979630 0.552083 0.992593 0.556771 0.990741 0.559896 0.993519
0 0.561979 0.998148 0.527604 0.994444 0.528125 0.988889 0.530729 0.982407 0.535417 0.980556 0.538542 0.983333 0.540104 0.987963 0.541146 0.994444 0.576042 0.996296 0.576563 0.991667
0 0.579167 0.985185 0.583854 0.983333 0.586458 0.986111 0.589583 0.990741 0.591146 0.998148 0.597917 0.882407 0.595312 0.887963 0.592708 0.889815 0.589583 0.890741 0.587500 0.887963
0 0.584896 0.881481 0.584375 0.873148 0.584375 0.868519 0.586979 0.862037 0.591667 0.860185 0.594792 0.862963 0.597396 0.867593 0.598958 0.875000 0.569792 0.897222 0.568229 0.900926 0.566146 0.903704 0.563542 0.904630 0.560938 0.904630
0 0.557813 0.899074 0.557292 0.891667 0.557813 0.886111 0.560417 0.879630 0.565104 0.877778 0.568229 0.880556 0.569792 0.885185 0.570833 0.891667 0.622396 0.905556 0.619792 0.910185 0.617188 0.912963 0.614062 0.912963 0.611979 0.911111
0 0.609375 0.903704 0.608854 0.896296 0.608854 0.890741 0.611458 0.885185 0.616146 0.883333 0.619271 0.885185 0.621875 0.890741 0.623438 0.898148 0.648438 0.967593 0.645833 0.972222 0.643229 0.974074 0.639583 0.975000 0.638021 0.973148
0 0.635417 0.965741 0.634896 0.958333 0.634896 0.952778 0.637500 0.946296 0.642187 0.944444 0.645312 0.947222 0.647917 0.951852 0.649479 0.959259 0.701042 0.979630 0.698438 0.985185 0.695833 0.987037 0.692708 0.987963 0.690625 0.986111
0 0.688021 0.978704 0.687500 0.971296 0.687500 0.965741 0.690104 0.959259 0.694792 0.957407 0.697917 0.960185 0.700521 0.964815 0.702083 0.972222 0.669792 0.890741 0.669271 0.903704 0.663542 0.911111 0.658854 0.912037 0.653646 0.904630
0 0.651563 0.892593 0.652604 0.879630 0.656250 0.872222 0.661458 0.873148 0.666667 0.881481 0.703646 0.927778 0.703125 0.940741 0.697396 0.948148 0.692708 0.950000 0.687500 0.942593 0.685417 0.930556 0.686458 0.916667 0.691146 0.910185
0 0.696354 0.910185 0.701042 0.916667 0.755208 0.904630 0.754687 0.917593 0.749479 0.925000 0.744271 0.925926 0.739062 0.918519 0.737500 0.907407 0.738021 0.893519 0.742708 0.887037 0.747917 0.887037 0.752604 0.892593 0.717708 0.866667
0 0.717188 0.878704 0.711458 0.887037 0.706771 0.887963 0.701563 0.880556 0.700000 0.868519 0.700521 0.855556 0.705208 0.848148 0.710417 0.848148 0.715104 0.854630 0.724479 0.933333 0.723958 0.945370 0.718229 0.952778 0.713542 0.954630
0 0.708333 0.947222 0.706771 0.935185 0.707292 0.921296 0.711979 0.914815 0.717188 0.914815 0.721875 0.921296 0.750521 0.969444 0.750521 0.981481 0.744792 0.989815 0.740104 0.990741 0.734375 0.983333 0.732813 0.971296 0.733333 0.957407
0 0.738542 0.950926 0.743229 0.950926 0.748438 0.957407 0.854167 0.809259 0.853646 0.821296 0.847917 0.828704 0.843229 0.830556 0.838021 0.823148 0.836458 0.811111 0.836979 0.797222 0.841667 0.790741 0.846875 0.790741 0.851562 0.797222
0 0.749479 0.712963 0.748958 0.725000 0.743229 0.733333 0.738542 0.734259 0.733333 0.726852 0.731250 0.714815 0.732292 0.701852 0.736979 0.694444 0.742188 0.694444 0.746875 0.700926 0.719792 0.750000 0.719271 0.762963 0.713542 0.770370
0 0.708854 0.771296 0.703646 0.763889 0.701563 0.752778 0.702604 0.738889 0.707292 0.732407 0.712500 0.732407 0.717188 0.737963 0.853646 0.592593 0.853125 0.605556 0.847396 0.612963 0.842708 0.613889 0.837500 0.606481 0.835417 0.595370
0 0.838021 0.584259 0.841667 0.576852 0.846875 0.577778 0.850521 0.583333 0.803125 0.519444 0.802604 0.531482 0.796875 0.538889 0.792188 0.540741 0.786979 0.533333 0.784896 0.521296 0.787500 0.510185 0.791146 0.503704 0.796354 0.503704
0 0.800000 0.509259 0.829167 0.530556 0.829167 0.543519 0.823438 0.550926 0.818750 0.551852 0.813021 0.544444 0.811458 0.533333 0.813542 0.522222 0.817187 0.514815 0.822917 0.515741 0.826563 0.521296 0.710938 0.566667 0.710417 0.578704
0 0.704687 0.587037 0.700000 0.587963 0.694792 0.580556 0.692708 0.568519 0.695312 0.558333 0.698958 0.550926 0.704167 0.551852 0.707812 0.556481 0.675000 0.637037 0.674479 0.650000 0.669271 0.657407 0.664062 0.658333 0.658854 0.650926
0 0.657292 0.638889 0.659375 0.628704 0.663021 0.621296 0.668750 0.622222 0.672396 0.627778 0.626562 0.478704 0.623438 0.489815 0.617708 0.498148 0.613021 0.499074 0.607813 0.491667 0.606250 0.479630 0.606771 0.466667 0.614062 0.455556
0 0.620313 0.457407 0.625000 0.466667 0.705208 0.330556 0.702604 0.342593 0.696875 0.350000 0.692187 0.350926 0.686979 0.343519 0.684896 0.332407 0.685938 0.318519 0.692708 0.307407 0.699479 0.309259 0.703646 0.318519 0.676562 0.449074
0 0.673437 0.461111 0.667708 0.468519 0.663021 0.469444 0.657812 0.462037 0.655729 0.450926 0.656771 0.437037 0.664062 0.425926 0.670313 0.428704 0.674479 0.437037 0.764583 0.343519 0.761979 0.355556 0.756250 0.362963 0.751562 0.363889
0 0.746354 0.356481 0.744271 0.345370 0.745313 0.331481 0.752083 0.320370 0.758854 0.322222 0.763021 0.331481 0.026563 0.280556 0.023438 0.292593 0.018229 0.300000 0.013021 0.300926 0.007812 0.293519 0.006250 0.281481 0.006771 0.268519
0 0.014062 0.257407 0.020312 0.259259 0.025000 0.268519 0.447396 0.237037 0.452083 0.250000 0.453125 0.264815 0.450521 0.276852 0.444271 0.282407 0.439063 0.285185 0.433854 0.280556 0.429688 0.272222 0.428125 0.262037 0.428125 0.249074
0 0.430208 0.239815 0.435417 0.233333 0.441146 0.232407 0.400521 0.462037 0.405208 0.475926 0.406250 0.490741 0.403646 0.502778 0.397917 0.508333 0.392708 0.510185 0.386979 0.506481 0.382812 0.498148 0.381250 0.487963 0.381250 0.475000
0 0.383333 0.465741 0.388542 0.459259 0.394271 0.458333 0.601562 0.367593 0.606250 0.381481 0.607292 0.396296 0.604688 0.408333 0.598437 0.413889 0.593229 0.415741 0.588021 0.412037 0.583854 0.402778 0.582292 0.393519 0.582292 0.380556
0 0.584375 0.370370 0.589583 0.364815 0.595312 0.362963 0.592708 0.655556 0.597396 0.669444 0.596354 0.686111 0.587500 0.698148 0.581250 0.700000 0.576042 0.690741 0.573958 0.681481 0.573438 0.667593 0.575521 0.658333 0.580729 0.652778
0 0.586458 0.650926 0.595312 0.487963 0.600000 0.501852 0.601042 0.516667 0.598437 0.528704 0.592708 0.534259 0.587500 0.537037 0.581771 0.532407 0.577604 0.524074 0.576042 0.513889 0.576042 0.500926 0.578125 0.491667 0.583854 0.485185
0 0.589583 0.484259 0.582292 0.609259 0.585417 0.621296 0.585417 0.637037 0.580208 0.649074 0.575000 0.653704 0.569271 0.650926 0.564583 0.641667 0.563542 0.631481 0.563021 0.618519 0.565625 0.609259 0.570833 0.602778 0.576563 0.601852
0 0.679688 0.825926 0.683333 0.837963 0.683333 0.852778 0.678125 0.865741 0.672396 0.869444 0.666667 0.866667 0.662500 0.858333 0.660937 0.848148 0.660937 0.835185 0.663021 0.825926 0.668229 0.819444 0.673958 0.818519 0.689062 0.278704
0 0.689583 0.288889 0.687500 0.297222 0.684375 0.300000 0.681250 0.300926 0.677604 0.299074 0.674479 0.295370 0.673437 0.285185 0.674479 0.275926 0.677083 0.270370 0.682813 0.267593 0.685938 0.270370 0.723437 0.324074 0.723958 0.333333
0 0.722396 0.341667 0.719271 0.344444 0.715625 0.345370 0.711979 0.344444 0.709375 0.339815 0.708333 0.330556 0.708854 0.320370 0.711458 0.314815 0.717188 0.312037 0.720833 0.315741 0.803646 0.300000 0.803646 0.309259 0.802083 0.317593
0 0.798958 0.321296 0.795833 0.322222 0.792188 0.320370 0.789062 0.315741 0.788021 0.306481 0.789062 0.297222 0.791667 0.290741 0.797396 0.287963 0.800521 0.291667 0.713021 0.418519 0.713021 0.427778 0.711458 0.436111 0.708333 0.439815
0 0.704687 0.440741 0.701042 0.438889 0.698438 0.434259 0.697396 0.425000 0.698438 0.415741 0.700521 0.409259 0.706250 0.406481 0.709896 0.410185 0.636458 0.343519 0.636458 0.352778 0.634896 0.361111 0.631771 0.363889 0.628646 0.364815
0 0.625000 0.363889 0.621875 0.359259 0.620833 0.350000 0.621875 0.339815 0.624479 0.334259 0.630208 0.331481 0.633333 0.335185 0.625000 0.379630 0.625000 0.388889 0.623438 0.398148
0 0.620313 0.400926 0.617188 0.401852 0.613542 0.400000 0.610417 0.395370 0.609375 0.386111 0.610417 0.376852 0.613021 0.370370 0.618750 0.368519 0.621875 0.371296 0.641146 0.504630
0 0.641146 0.513889 0.639583 0.523148 0.636458 0.525926 0.632812 0.526852 0.629687 0.525000 0.626562 0.520370 0.625521 0.511111 0.626562 0.501852 0.628646 0.495370 0.634375 0.492593
0 0.638021 0.496296 0.651042 0.107407 0.651563 0.117593 0.650000 0.125926 0.646875 0.128704 0.643229 0.129630 0.639583 0.128704 0.636979 0.124074 0.635938 0.114815 0.636979 0.104630
0 0.639063 0.099074 0.644792 0.096296 0.648438 0.100000 0.547917 0.129630 0.548437 0.138889 0.546875 0.148148 0.543750 0.150926 0.540104 0.151852 0.536458 0.150000 0.533854 0.145370
0 0.532812 0.136111 0.533333 0.126852 0.535937 0.120370 0.541667 0.117593 0.545313 0.121296 0.518229 0.086111 0.518750 0.096296 0.517187 0.104630 0.514063 0.107407 0.510417 0.108333
0 0.506771 0.107407 0.504167 0.102778 0.502604 0.093519 0.503646 0.083333 0.506250 0.077778 0.511979 0.075000 0.515104 0.078704 0.567708 0.125926 0.567708 0.136111 0.566146 0.144444
0 0.563021 0.147222 0.559896 0.148148 0.556250 0.147222 0.553125 0.142593 0.552083 0.133333 0.553125 0.123148 0.555729 0.117593 0.561458 0.114815 0.564583 0.118519 0.679688 0.384259
0 0.679688 0.393519 0.678125 0.401852 0.675000 0.404630 0.671354 0.406481 0.667708 0.404630 0.665104 0.400000 0.664062 0.390741 0.665104 0.380556 0.667188 0.375000 0.672917 0.372222
0 0.676562 0.375926 0.657292 0.405556 0.657812 0.415741 0.656250 0.424074 0.653125 0.426852 0.649479 0.427778 0.645833 0.425926 0.643229 0.422222 0.642187 0.412037 0.643229 0.402778
0 0.645312 0.397222 0.651042 0.394444 0.654688 0.397222 0.641667 0.414815 0.641667 0.425000 0.640104 0.433333 0.636979 0.436111 0.633333 0.437037 0.630208 0.436111 0.627083 0.431481
0 0.626042 0.421296 0.627083 0.412037 0.629167 0.406481 0.634896 0.403704 0.638542 0.406481 0.557292 0.344444 0.557813 0.354630 0.555729 0.362963 0.553125 0.365741 0.549479 0.366667
0 0.545833 0.365741 0.543229 0.361111 0.541667 0.351852 0.542708 0.341667 0.545313 0.336111 0.551042 0.333333 0.554167 0.337037 0.765625 0.572222 0.766146 0.582407 0.764063 0.590741
0 0.761458 0.593518 0.757812 0.594444 0.754167 0.593518 0.751562 0.588889 0.750000 0.578704 0.751042 0.569444 0.753646 0.563889 0.759375 0.561111 0.762500 0.563889 0.669271 0.584259
0 0.669271 0.594444 0.667708 0.602778 0.664583 0.605556 0.661458 0.606481 0.657812 0.604630 0.654688 0.600926 0.653646 0.590741 0.654688 0.581481 0.657292 0.575926 0.663021 0.573148
0 0.666146 0.575926 0.623438 0.648148 0.623438 0.657407 0.621875 0.665741 0.618750 0.668519 0.615625 0.670370 0.611979 0.668519 0.608854 0.663889 0.607813 0.654630 0.608854 0.644444
0 0.611458 0.638889 0.617188 0.636111 0.620313 0.639815 0.539062 0.668519 0.539583 0.677778 0.538021 0.686111 0.534896 0.689815 0.531250 0.690741 0.527604 0.688889 0.525000 0.684259
0 0.523438 0.675000 0.524479 0.665741 0.527083 0.659259 0.532812 0.656482 0.535937 0.660185 0.725521 0.832407 0.726042 0.841667 0.724479 0.850000 0.721354 0.852778 0.717708 0.854630
0 0.714063 0.852778 0.711458 0.848148 0.709896 0.838889 0.710938 0.828704 0.713542 0.823148 0.719271 0.820370 0.722396 0.824074 0.618229 0.582407 0.618750 0.591667 0.617188 0.600000
0 0.614062 0.603704 0.610417 0.604630 0.606771 0.602778 0.604167 0.598148 0.602604 0.588889 0.603646 0.579630 0.606250 0.573148 0.611979 0.570370 0.615104 0.574074 0.449479 0.748148
0 0.449479 0.757407 0.447917 0.765741 0.444792 0.768519 0.441667 0.770370 0.438021 0.768519 0.434896 0.763889 0.433854 0.754630 0.434896 0.744444 0.437500 0.738889 0.443229 0.736111 0.446354 0.739815 0.482812 0.804630 0.483333 0.813889
0 0.481771 0.822222 0.478646 0.825000 0.475000 0.826852 0.471354 0.825000 0.468750 0.820370 0.467708 0.811111 0.468750 0.800926 0.470833 0.795370 0.476562 0.792593 0.480208 0.796296 0.510938 0.735185 0.511458 0.744444 0.509896 0.752778
0 0.506771 0.756481 0.503125 0.757407 0.499479 0.755556 0.496875 0.750926 0.495313 0.741667 0.496354 0.732407 0.498958 0.725926 0.504687 0.723148 0.507812 0.726852 0.465625 0.650926 0.465625 0.660185 0.464063 0.669444 0.460938 0.672222
0 0.457812 0.673148 0.454167 0.671296 0.451042 0.667593 0.450000 0.657407 0.451042 0.648148 0.453646 0.642593 0.459375 0.639815 0.462500 0.642593 0.412500 0.563889 0.413021 0.574074 0.411458 0.582407
0 0.408333 0.585185 0.404687 0.586111 0.401042 0.585185 0.398438 0.580556 0.396875 0.571296 0.397917 0.561111 0.400521 0.555556 0.406250 0.552778 0.409896 0.556481 0.380208 0.609259 0.380729 0.619444 0.379167 0.627778 0.376042 0.630556
0 0.372396 0.631481 0.368750 0.630556 0.366146 0.625926 0.364583 0.615741 0.365625 0.606481 0.368229 0.600926 0.373958 0.598148 0.377604 0.600926 0.398958 0.615741 0.398958 0.625000 0.397396 0.634259 0.394271 0.637037 0.391146 0.637963
0 0.387500 0.636111 0.384375 0.631481 0.383333 0.622222 0.384375 0.612963 0.386979 0.607407 0.392708 0.604630 0.395833 0.607407 0.391667 0.550000 0.391667 0.559259 0.390104 0.567593 0.386979 0.571296 0.383333 0.572222 0.380208 0.570370
0 0.377083 0.565741 0.376042 0.556481 0.377083 0.547222 0.379167 0.540741 0.384896 0.537963 0.388542 0.541667 0.511458 0.455556 0.511979 0.465741 0.510417 0.474074 0.507292 0.476852 0.503646 0.477778 0.500000 0.476852
0 0.497396 0.472222 0.495833 0.462037 0.496875 0.452778 0.499479 0.447222 0.505208 0.444444 0.508854 0.447222 0.500521 0.542593 0.501042 0.552778 0.499479 0.561111 0.496354 0.563889 0.492708 0.564815 0.489062 0.562963
0 0.486458 0.559259 0.485417 0.549074 0.486458 0.539815 0.488542 0.534259 0.494271 0.531482 0.497917 0.534259 0.509896 0.514815 0.509896 0.524074 0.508333 0.532407 0.505208 0.535185 0.501562 0.536111 0.498437 0.535185
0 0.495313 0.530556 0.494271 0.521296 0.495313 0.511111 0.497396 0.505556 0.503125 0.502778 0.506771 0.506481 0.478646 0.370370 0.479167 0.379630 0.477083 0.388889 0.473958 0.391667 0.470833 0.392593 0.467187 0.390741
0 0.464583 0.386111 0.463021 0.376852 0.464063 0.367593 0.466667 0.361111 0.472396 0.358333 0.475521 0.362037 0.404687 0.408333 0.404687 0.417593 0.403125 0.426852 0.400000 0.429630 0.396875 0.430556 0.393229 0.428704
0 0.390104 0.424074 0.389062 0.414815 0.390104 0.405556 0.392708 0.400000 0.398438 0.397222 0.401563 0.400000 0.438542 0.487037 0.439063 0.497222 0.437500 0.505556 0.434375 0.508333 0.430729 0.509259 0.427083 0.508333
0 0.424479 0.503704 0.422917 0.494444 0.423958 0.484259 0.426562 0.478704 0.432292 0.475926 0.435937 0.479630 0.420312 0.467593 0.420312 0.477778 0.418750 0.486111 0.415625 0.488889 0.412500 0.489815 0.408854 0.487963
0 0.405729 0.484259 0.404687 0.474074 0.405729 0.464815 0.408333 0.459259 0.414062 0.456481 0.417188 0.459259 0.478125 0.244444 0.478125 0.254630 0.476562 0.262963 0.473437 0.265741 0.470313 0.266667 0.466667 0.265741
0 0.463542 0.261111 0.462500 0.250926 0.463542 0.241667 0.466146 0.236111 0.471875 0.233333 0.475000 0.236111 0.420312 0.089815 0.420833 0.099074 0.419271 0.107407 0.416146 0.111111 0.412500 0.112037 0.408854 0.110185
0 0.406250 0.105556 0.404687 0.096296 0.405729 0.087037 0.408333 0.080556 0.414062 0.077778 0.417708 0.081481 0.404167 0.090741 0.404167 0.100000 0.402604 0.109259 0.399479 0.112037 0.396354 0.112963 0.393229 0.110185
0 0.391667 0.104630 0.390104 0.095370 0.391667 0.087037 0.394271 0.081481 0.397917 0.079630 0.401042 0.082407 0.479167 0.093519 0.479688 0.102778 0.478125 0.111111 0.475000 0.114815 0.471354 0.115741 0.467708 0.113889
0 0.465104 0.109259 0.464063 0.100000 0.465104 0.090741 0.467187 0.084259 0.472917 0.081481 0.476562 0.085185 0.310937 0.199074 0.311458 0.208333 0.309896 0.216667 0.306771 0.220370 0.303125 0.221296 0.300000 0.217593
0 0.298438 0.212037 0.297396 0.203704 0.298438 0.194444 0.301562 0.188889 0.304688 0.187037 0.308333 0.190741 0.328125 0.195370 0.328125 0.204630 0.326562 0.212963 0.323438 0.216667 0.320312 0.217593 0.317187 0.213889
0 0.315625 0.208333 0.314063 0.200000 0.315625 0.190741 0.318229 0.185185 0.321875 0.183333 0.325000 0.187037 0.334375 0.150000 0.334896 0.159259 0.333333 0.167593 0.330208 0.171296 0.326562 0.172222 0.323438 0.168519
0 0.321875 0.162963 0.320833 0.154630 0.321875 0.145370 0.325000 0.139815 0.328125 0.137963 0.331771 0.141667 0.279167 0.198148 0.279687 0.208333 0.278125 0.216667 0.275000 0.219444 0.271354 0.220370 0.268229 0.217593
0 0.266667 0.212037 0.265625 0.202778 0.266667 0.194444 0.269792 0.188889 0.272917 0.187037 0.276563 0.189815 0.261458 0.162963 0.261979 0.173148 0.260417 0.181481 0.257292 0.184259 0.253646 0.185185 0.250521 0.182407
0 0.248958 0.176852 0.247917 0.167593 0.248958 0.159259 0.252083 0.153704 0.255208 0.151852 0.258854 0.154630 0.251042 0.531482 0.251563 0.540741 0.250000 0.549074 0.246875 0.552778 0.243229 0.553704 0.240104 0.550000
0 0.238542 0.545370 0.237500 0.536111 0.238542 0.526852 0.241667 0.521296 0.244792 0.519444 0.247917 0.523148 0.208854 0.565741 0.209375 0.575000 0.207813 0.584259 0.204688 0.587037 0.201042 0.587963 0.198437 0.584259
0 0.196354 0.579630 0.195312 0.570370 0.196354 0.562037 0.199479 0.556481 0.202604 0.554630 0.206250 0.557407 0.232812 0.563889 0.232812 0.573148 0.231250 0.581481 0.228125 0.584259 0.225000 0.586111 0.221875 0.582407
0 0.220313 0.576852 0.218750 0.568519 0.220313 0.559259 0.222917 0.553704 0.226562 0.551852 0.229687 0.555556 0.271875 0.606481 0.272396 0.615741 0.270833 0.624074 0.267708 0.627778 0.264062 0.628704 0.261458 0.625000
0 0.259375 0.620370 0.258333 0.611111 0.259375 0.601852 0.262500 0.596296 0.265625 0.594444 0.269271 0.598148 0.209375 0.462037 0.209375 0.471296 0.207813 0.480556 0.204688 0.483333 0.201562 0.484259 0.198437 0.480556
0 0.196875 0.475926 0.195312 0.466667 0.196875 0.458333 0.199479 0.452778 0.203125 0.450926 0.206250 0.453704 0.232292 0.425000 0.232812 0.434259 0.231250 0.443519 0.228125 0.446296 0.224479 0.447222 0.221875 0.443519
0 0.219792 0.438889 0.218750 0.429630 0.219792 0.421296 0.222917 0.415741 0.226042 0.413889 0.229687 0.416667 0.215104 0.500000 0.215625 0.509259 0.214062 0.518519 0.210938 0.521296 0.207292 0.522222 0.204167 0.519444
0 0.202604 0.513889 0.201562 0.504630 0.202604 0.496296 0.205729 0.490741 0.208854 0.488889 0.212500 0.491667 0.288542 0.450000 0.289062 0.459259 0.287500 0.468519 0.284375 0.471296 0.280729 0.472222 0.277604 0.468519
0 0.276042 0.463889 0.275000 0.454630 0.276042 0.446296 0.279167 0.440741 0.282292 0.438889 0.285937 0.441667 0.125000 0.622222 0.125521 0.632407 0.123958 0.640741 0.120833 0.643519 0.117188 0.644444 0.114583 0.641667
0 0.112500 0.636111 0.111458 0.626852 0.112500 0.618519 0.115625 0.612963 0.118750 0.611111 0.122396 0.613889 0.295833 0.725000 0.296354 0.734259 0.294792 0.743519 0.291667 0.746296 0.288021 0.747222 0.284896 0.743519
0 0.283333 0.738889 0.282292 0.729630 0.283333 0.721296 0.286458 0.715741 0.289583 0.713889 0.293229 0.716667 0.338021 0.740741 0.338021 0.750000 0.336458 0.758333 0.333333 0.762037 0.330208 0.762963 0.327083 0.759259
0 0.325521 0.754630 0.323958 0.745370 0.325521 0.736111 0.328125 0.731481 0.331771 0.728704 0.334896 0.732407 0.331250 0.694444 0.331250 0.703704 0.329688 0.712037 0.326562 0.715741 0.323438 0.716667 0.320312 0.712963
0 0.318750 0.707407 0.317187 0.699074 0.318750 0.689815 0.321354 0.684259 0.325000 0.682407 0.328125 0.686111 0.363542 0.724074 0.363542 0.733333 0.361979 0.741667 0.358854 0.744444 0.355729 0.745370 0.352604 0.742593
0 0.351042 0.737037 0.349479 0.728704 0.351042 0.719444 0.353646 0.713889 0.357292 0.712037 0.360417 0.715741 0.332292 0.641667 0.332812 0.650926 0.330729 0.660185 0.327604 0.662963 0.324479 0.663889 0.321354 0.660185
0 0.319792 0.655556 0.318750 0.646296 0.319792 0.637963 0.322917 0.632407 0.326042 0.630556 0.329167 0.633333 0.331771 0.581481 0.331771 0.590741 0.330208 0.600000 0.327083 0.602778 0.323438 0.603704 0.320833 0.600000
0 0.318750 0.595370 0.317708 0.586111 0.319271 0.577778 0.321875 0.572222 0.325000 0.570370 0.328646 0.573148 0.354688 0.599074 0.355208 0.608333 0.353646 0.616667 0.350521 0.619444 0.346875 0.621296 0.343750 0.617593
0 0.342187 0.612037 0.341146 0.603704 0.342187 0.594444 0.345313 0.588889 0.348437 0.587037 0.351562 0.590741 0.343750 0.517593 0.343750 0.526852 0.342187 0.535185 0.339063 0.537963 0.335938 0.538889 0.332812 0.536111
0 0.331250 0.530556 0.329688 0.522222 0.331250 0.512963 0.333854 0.507407 0.337500 0.505556 0.340625 0.509259 0.310417 0.512963 0.310417 0.522222 0.308854 0.530556 0.305729 0.533333 0.302604 0.535185 0.299479 0.531482
0 0.297917 0.525926 0.296354 0.517593 0.297917 0.508333 0.300521 0.502778 0.304167 0.500926 0.307292 0.504630 0.253125 0.608333 0.253646 0.616667 0.252083 0.625000 0.248958 0.627778 0.245312 0.625926 0.243750 0.620370
0 0.243229 0.613889 0.244271 0.606481 0.246875 0.602778 0.250521 0.603704 0.190104 0.592593 0.190625 0.600926 0.189063 0.609259 0.185937 0.612037 0.182812 0.610185 0.180729 0.604630 0.180208 0.598148 0.181250 0.591667
0 0.183854 0.587037 0.187500 0.587963 0.293750 0.636111 0.294271 0.644444 0.292708 0.652778 0.289583 0.655556 0.286458 0.653704 0.284375 0.648148 0.283854 0.641667 0.285417 0.634259 0.287500 0.630556 0.291146 0.631481
0 0.311458 0.627778 0.311979 0.635185 0.310417 0.644444 0.307292 0.647222 0.303646 0.645370 0.302083 0.638889 0.301562 0.633333 0.302604 0.625926 0.305208 0.622222 0.308854 0.622222 0.370313 0.548148 0.370833 0.555556
0 0.369271 0.564815 0.366146 0.567593 0.363021 0.565741 0.360938 0.559259 0.360417 0.553704 0.361458 0.546296 0.364062 0.542593 0.367708 0.542593 0.344271 0.668519 0.345313 0.675000 0.343229 0.680556 0.339583 0.681481
0 0.337500 0.676852 0.336979 0.671296 0.338021 0.667593 0.339583 0.664815 0.342187 0.664815 0.216146 0.647222 0.216667 0.655556 0.215104 0.663889 0.211979 0.666667 0.208333 0.664815 0.206771 0.659259 0.206250 0.652778
0 0.207292 0.645370 0.209896 0.641667 0.213542 0.641667 0.159896 0.583333 0.160417 0.593518 0.158854 0.601852 0.155729 0.604630 0.152083 0.605556 0.148958 0.602778 0.147396 0.597222 0.146354 0.587963 0.147396 0.579630
0 0.150521 0.574074 0.153646 0.572222 0.157292 0.575000 0.171875 0.688889 0.172396 0.698148 0.170833 0.706481 0.167708 0.710185 0.164062 0.711111 0.160938 0.707407 0.159375 0.701852 0.158333 0.693519 0.159375 0.684259
0 0.162500 0.678704 0.165625 0.676852 0.169271 0.680556 0.090625 0.669444 0.091146 0.678704 0.089583 0.687963 0.086458 0.690741 0.082813 0.691667 0.079687 0.687963 0.078125 0.683333 0.077083 0.674074 0.078125 0.664815
0 0.081250 0.660185 0.084375 0.657407 0.087500 0.661111 0.127083 0.770370 0.127604 0.780556 0.126042 0.788889 0.122917 0.791667 0.119271 0.792593 0.116146 0.789815 0.114583 0.784259 0.113542 0.775000 0.114583 0.766667
0 0.117708 0.761111 0.120833 0.759259 0.124479 0.762037 0.124479 0.459259 0.124479 0.468519 0.122917 0.476852 0.119792 0.479630 0.116667 0.481481 0.113542 0.477778 0.111979 0.472222 0.110417 0.463889 0.111979 0.454630
0 0.114583 0.449074 0.118229 0.447222 0.121354 0.450926 0.093750 0.483333 0.094271 0.493519 0.092708 0.501852 0.089583 0.504630 0.085938 0.505556 0.082813 0.502778 0.081250 0.497222 0.080208 0.487963 0.081250 0.479630
0 0.084375 0.474074 0.087500 0.472222 0.091146 0.475000 0.078646 0.506481 0.079167 0.516667 0.077083 0.525000 0.074479 0.527778 0.070833 0.528704 0.067708 0.525926 0.066146 0.520370 0.065104 0.512037 0.066146 0.502778
0 0.069271 0.497222 0.072396 0.495370 0.075521 0.499074 0.048958 0.523148 0.049479 0.533333 0.047917 0.541667 0.044792 0.544444 0.041146 0.545370 0.038021 0.542593 0.036458 0.537037 0.035417 0.528704 0.036458 0.519444
0 0.039583 0.513889 0.042708 0.512037 0.045833 0.515741 0.038021 0.562037 0.038542 0.571296 0.036979 0.580556 0.033854 0.583333 0.030208 0.584259 0.027604 0.580556 0.025521 0.575926 0.024479 0.566667 0.025521 0.557407
0 0.028646 0.552778 0.031771 0.550000 0.035417 0.553704 0.056771 0.473148 0.057292 0.482407 0.055729 0.491667 0.052604 0.494444 0.048958 0.495370 0.045833 0.491667 0.044271 0.487037 0.043229 0.477778 0.044271 0.468519
0 0.047396 0.463889 0.050521 0.461111 0.054167 0.464815 0.040104 0.462037 0.040104 0.471296 0.038542 0.480556 0.035417 0.483333 0.032292 0.484259 0.029167 0.480556 0.027604 0.475926 0.026042 0.466667 0.027604 0.458333
0 0.030208 0.452778 0.033854 0.450926 0.036979 0.453704 0.037500 0.423148 0.037500 0.432407 0.035937 0.441667 0.032812 0.444444 0.029687 0.445370 0.026563 0.442593 0.025000 0.437037 0.023438 0.427778 0.025000 0.419444
0 0.027604 0.413889 0.031250 0.412037 0.034375 0.414815 0.071875 0.459259 0.072396 0.468519 0.070833 0.477778 0.067708 0.480556 0.064062 0.481481 0.060938 0.477778 0.059375 0.473148 0.058333 0.463889 0.059375 0.454630
0 0.062500 0.450000 0.065625 0.448148 0.069271 0.450926 0.077604 0.421296 0.078125 0.430556 0.076563 0.438889 0.073437 0.442593 0.069792 0.443519 0.066667 0.439815 0.065104 0.435185 0.064062 0.425926 0.065104 0.416667
0 0.068229 0.411111 0.071354 0.409259 0.075000 0.412963 0.070833 0.331481 0.070833 0.341667 0.069271 0.350000 0.066146 0.352778 0.063021 0.353704 0.059896 0.350926 0.058333 0.345370 0.056771 0.336111 0.058333 0.327778
0 0.060938 0.322222 0.064583 0.320370 0.067708 0.323148 0.132292 0.407407 0.132292 0.417593 0.130729 0.425926 0.127604 0.428704 0.124479 0.429630 0.121354 0.426852 0.119792 0.421296 0.118229 0.412963 0.119792 0.403704
0 0.122396 0.398148 0.126042 0.396296 0.129167 0.400000 0.012500 0.798148 0.013021 0.808333 0.010937 0.816667 0.007812 0.819444 0.004688 0.820370 0.001563 0.817593 0.000000 0.812037 0.000000 0.794444 0.003125 0.788889
0 0.006250 0.787037 0.009375 0.790741 0.051042 0.856481 0.051562 0.866667 0.049479 0.875000 0.046354 0.877778 0.043229 0.878704 0.040104 0.875926 0.038542 0.870370 0.036979 0.861111 0.038542 0.852778 0.041667 0.847222
0 0.044792 0.845370 0.047917 0.848148 0.061458 0.834259 0.061979 0.844444 0.060417 0.852778 0.057292 0.855556 0.053646 0.856481 0.050521 0.853704 0.048958 0.848148 0.047917 0.838889 0.048958 0.830556 0.052083 0.825000
0 0.055208 0.823148 0.058333 0.825926 0.117708 0.853704 0.117708 0.862963 0.116146 0.872222 0.113021 0.875000 0.109896 0.875926 0.106771 0.872222 0.105208 0.867593 0.103646 0.858333 0.105208 0.850000 0.107813 0.844444
0 0.111458 0.842593 0.114583 0.845370 0.053125 0.917593 0.053646 0.926852 0.051562 0.935185 0.048437 0.937963 0.045313 0.939815 0.042188 0.936111 0.040625 0.930556 0.039583 0.922222 0.040625 0.912963 0.043750 0.907407
0 0.046875 0.905556 0.050000 0.909259 0.290104 0.817593 0.290625 0.826852 0.289062 0.836111 0.285937 0.838889 0.282292 0.839815 0.279687 0.836111 0.277604 0.831481 0.276563 0.822222 0.277604 0.813889 0.280729 0.808333
0 0.283854 0.806481 0.287500 0.809259 0.342708 0.841667 0.343229 0.851852 0.341667 0.860185 0.338542 0.862963 0.334896 0.863889 0.331771 0.861111 0.330208 0.855556 0.329167 0.846296 0.330208 0.837963 0.333333 0.832407
0 0.336458 0.830556 0.339583 0.833333 0.445312 0.708333 0.445833 0.717593 0.443750 0.725926 0.440625 0.729630 0.437500 0.730556 0.434375 0.726852 0.432813 0.721296 0.431771 0.712963 0.432813 0.703704 0.435937 0.698148
0 0.439063 0.696296 0.442187 0.700000 0.432813 0.674074 0.433333 0.683333 0.431771 0.692593 0.428646 0.695370 0.425000 0.696296 0.421875 0.692593 0.420312 0.687963 0.419271 0.678704 0.420312 0.670370 0.423438 0.664815
0 0.426562 0.662963 0.430208 0.665741 0.240104 0.828704 0.239063 0.839815 0.235417 0.846296 0.230729 0.848148 0.226562 0.840741 0.225521 0.828704 0.226042 0.820370 0.229687 0.812963
0 0.235417 0.813889 0.238542 0.818519 0.273958 0.837037 0.274479 0.846296 0.272917 0.855556 0.269792 0.858333 0.266146 0.859259 0.263542 0.856481 0.261458 0.850926 0.260417 0.841667
0 0.261458 0.833333 0.264583 0.827778 0.267708 0.825926 0.271354 0.828704 0.016146 0.510185 0.016667 0.519444 0.015104 0.528704 0.011979 0.531482 0.008333 0.532407 0.005208 0.529630
0 0.003646 0.524074 0.002604 0.514815 0.003646 0.506481 0.006771 0.500926 0.009896 0.499074 0.013021 0.501852 0.015625 0.602778 0.015625 0.612037 0.014062 0.620370 0.010937 0.623148
0 0.007812 0.625000 0.004688 0.621296 0.003125 0.615741 0.001563 0.607407 0.003125 0.598148 0.005729 0.592593 0.009375 0.590741 0.012500 0.594444 0.046875 0.634259 0.047396 0.644444
0 0.045833 0.652778 0.042708 0.655556 0.039062 0.656482 0.035937 0.653704 0.034375 0.648148 0.033333 0.638889 0.034375 0.630556 0.037500 0.625000 0.040625 0.623148
0 0.043750 0.626852 0.071875 0.600000 0.072396 0.610185 0.070833 0.618519 0.067708 0.621296 0.064062 0.622222 0.061458 0.619444 0.059375 0.613889 0.058333 0.604630 0.059375 0.596296
0 0.062500 0.590741 0.065625 0.588889 0.069271 0.591667 0.029687 0.316667 0.030208 0.325926 0.028125 0.334259 0.025000 0.337963 0.021875 0.338889 0.018750 0.335185 0.017188 0.330556 0.016146 0.321296 0.017188 0.312037
0 0.020312 0.306481 0.023438 0.304630 0.026563 0.308333 0.001042 0.507407 0.001563 0.516667 0.005208 0.637963 0.005208 0.647222 0.003646 0.655556 0.000521 0.658333 0.002083 0.629630 0.036979 0.753704 0.036979 0.762963
0 0.035417 0.771296 0.032292 0.775000 0.029167 0.775926 0.026042 0.772222 0.024479 0.766667 0.022917 0.758333 0.024479 0.749074 0.027083 0.743519 0.030729 0.741667 0.033854 0.745370 0.143229 0.944444 0.143229 0.950926
0 0.142188 0.957407 0.140104 0.960185 0.136458 0.961111 0.133854 0.958333 0.131771 0.953704 0.131250 0.947222 0.131771 0.939815 0.134375 0.934259 0.137500 0.932407 0.141146 0.937037 0.081771 0.913889 0.081771 0.920370
0 0.080208 0.926852 0.078125 0.929630 0.075000 0.930556 0.072396 0.927778 0.070312 0.923148 0.069271 0.916667 0.070312 0.909259 0.072917 0.902778 0.076042 0.901852 0.079687 0.906482 0.036458 0.979630 0.036458 0.986111
0 0.035417 0.992593 0.032812 0.995370 0.029687 0.996296 0.027083 0.993519 0.025000 0.988889 0.024479 0.982407 0.025000 0.975000 0.027604 0.968518 0.030729 0.967593 0.034375 0.972222 0.127083 0.726852 0.126563 0.733333
0 0.125521 0.739815 0.123438 0.742593 0.119792 0.743519 0.117188 0.740741 0.115625 0.736111 0.114583 0.729630 0.115104 0.722222 0.118229 0.715741 0.120833 0.714815 0.125000 0.719444 0.078646 0.728704 0.078646 0.736111
0 0.077604 0.742593 0.075521 0.745370 0.071875 0.746296 0.069271 0.742593 0.067188 0.738889 0.066667 0.732407 0.067188 0.724074 0.069792 0.718518 0.072917 0.717593 0.076563 0.722222 0.086979 0.974074 0.086458 0.980556
0 0.085417 0.987037 0.083333 0.989815 0.079687 0.990741 0.077604 0.987963 0.075521 0.983333 0.074479 0.976852 0.075000 0.969444 0.078125 0.963889 0.080729 0.962037 0.084896 0.966667 0.166146 0.864815 0.166146 0.872222
0 0.165104 0.878704 0.163021 0.880556 0.159375 0.881481 0.156771 0.879630 0.154687 0.875000 0.154167 0.868519 0.154687 0.860185 0.157813 0.854630 0.160417 0.853704 0.164062 0.858333 0.357812 0.970370 0.357292 0.977778
0 0.354167 0.981481 0.350521 0.982407 0.348437 0.979630 0.346354 0.973148 0.346875 0.965741 0.348437 0.960185 0.352604 0.959259 0.356250 0.963889 0.304688 0.850000 0.304167 0.856481 0.301042 0.861111 0.297396 0.862037
0 0.295312 0.859259 0.293229 0.851852 0.293750 0.844444 0.295312 0.838889 0.299479 0.837963 0.303646 0.842593 0.471875 0.890741 0.471354 0.898148 0.467708 0.901852 0.464063 0.902778 0.461979 0.900000 0.459896 0.893519
0 0.460417 0.886111 0.462500 0.880556 0.466667 0.879630 0.470313 0.884259 0.460938 0.872222 0.460417 0.879630 0.457292 0.883333 0.453646 0.884259 0.451562 0.881481 0.449479 0.874074 0.450000 0.866667 0.451562 0.862037
0 0.456250 0.861111 0.459896 0.864815 0.419271 0.927778 0.418750 0.935185 0.415625 0.938889 0.411979 0.939815 0.409375 0.937037 0.407813 0.930556 0.407813 0.923148 0.409896 0.917593 0.414062 0.916667 0.417708 0.920370
0 0.361979 0.874074 0.361458 0.880556 0.358333 0.885185 0.354688 0.886111 0.352604 0.883333 0.350521 0.875926 0.351042 0.868519 0.352604 0.862963 0.356771 0.862037 0.360417 0.866667 0.371875 0.891667 0.371354 0.899074
0 0.368229 0.902778 0.364583 0.903704 0.362500 0.900926 0.360417 0.894444 0.360938 0.887037 0.362500 0.881481 0.367188 0.880556 0.370833 0.884259 0.420312 0.876852 0.419792 0.884259 0.416667 0.887963 0.413021 0.888889
0 0.410937 0.886111 0.408854 0.879630 0.409375 0.872222 0.410937 0.866667 0.415104 0.865741 0.419271 0.870370 0.425521 0.849074 0.425000 0.856481 0.420833 0.859259 0.418229 0.856481 0.416667 0.850926 0.416667 0.844444
0 0.418229 0.838889 0.421354 0.837963 0.423958 0.841667 0.433854 0.842593 0.433333 0.849074 0.429167 0.851852 0.426562 0.850000 0.425521 0.844444 0.425521 0.837037 0.427083 0.832407 0.429688 0.830556 0.432292 0.835185
0 0.508854 0.933333 0.508333 0.939815 0.504167 0.942593 0.501562 0.940741 0.500000 0.935185 0.500000 0.927778 0.501562 0.922222 0.504687 0.921296 0.507292 0.925926 0.532812 0.838889 0.532292 0.846296 0.528125 0.849074
0 0.525521 0.846296 0.523958 0.840741 0.523958 0.834259 0.525521 0.828704 0.528646 0.827778 0.531250 0.831481 0.560417 0.936111 0.559896 0.942593 0.555729 0.945370 0.553125 0.943519 0.552083 0.937963 0.552083 0.930556
0 0.553646 0.925000 0.556250 0.924074 0.558854 0.928704 0.565104 0.998148 0.566667 0.992593 0.569271 0.991667 0.571875 0.995370 0.548437 0.947222 0.547917 0.953704 0.543750 0.956481 0.541146 0.954630 0.539583 0.949074
0 0.539583 0.941667 0.541146 0.937037 0.544271 0.935185 0.546875 0.939815 0.569792 0.830556 0.568750 0.837963 0.564583 0.840741 0.562500 0.837963 0.560938 0.832407 0.560938 0.825926 0.562500 0.820370 0.565625 0.819444
0 0.568229 0.823148 0.428125 0.914815 0.427604 0.922222 0.423438 0.925000 0.420833 0.922222 0.419271 0.916667 0.419271 0.910185 0.420833 0.904630 0.423958 0.903704 0.426562 0.907407 0.672917 0.998148 0.727604 0.982407
0 0.727083 0.989815 0.722917 0.992593 0.720312 0.989815 0.719271 0.984259 0.719271 0.977778 0.720833 0.972222 0.723437 0.971296 0.726562 0.975000 0.680729 0.995370 0.683854 0.994444 0.627083 0.772222 0.626562 0.779630
0 0.622396 0.782407 0.620313 0.780556 0.618750 0.775000 0.618750 0.767593 0.620313 0.762037 0.622917 0.761111 0.626042 0.765741 0.588542 0.732407 0.588021 0.739815 0.583854 0.742593 0.581771 0.739815 0.580208 0.734259
0 0.580208 0.727778 0.581771 0.722222 0.584896 0.721296 0.587500 0.725000 0.723958 0.801852 0.721354 0.806481 0.718750 0.809259 0.715625 0.809259 0.713542 0.807407 0.710938 0.800000
0 0.710417 0.792593 0.710417 0.787037 0.713021 0.781482 0.717708 0.779630 0.720833 0.781482 0.723437 0.787037 0.725000 0.794444 0.786979 0.704630 0.784375 0.710185 0.781771 0.712037 0.778125 0.712963 0.776563 0.710185
0 0.773958 0.703704 0.773438 0.695370 0.773438 0.690741 0.776042 0.684259 0.780729 0.682407 0.783854 0.685185 0.786458 0.689815 0.788021 0.697222 0.814062 0.944444 0.811979 0.949074 0.809375 0.950926 0.805729 0.951852
0 0.803646 0.950000 0.801042 0.942593 0.800521 0.935185 0.801042 0.929630 0.803646 0.924074 0.808333 0.922222 0.810938 0.924074 0.814062 0.928704 0.815104 0.936111 0.836979 0.935185 0.834375 0.939815 0.831771 0.942593
0 0.828646 0.942593 0.826563 0.940741 0.823958 0.933333 0.823438 0.925926 0.823438 0.920370 0.826042 0.914815 0.830729 0.912963 0.833854 0.914815 0.836458 0.920370 0.838021 0.927778 0.851562 0.891667 0.848958 0.897222
0 0.846354 0.899074 0.843229 0.900000 0.841146 0.897222 0.838542 0.890741 0.838021 0.882407 0.838021 0.877778 0.840625 0.871296 0.845312 0.869444 0.848437 0.872222 0.851042 0.876852 0.852604 0.884259 0.873438 0.912037
0 0.871354 0.916667 0.868750 0.919444 0.865104 0.919444 0.863021 0.917593 0.860417 0.910185 0.859896 0.902778 0.859896 0.897222 0.863021 0.891667 0.867188 0.889815 0.870313 0.891667 0.872917 0.897222 0.874479 0.904630
0 0.861979 0.861111 0.859896 0.866667 0.857292 0.868519 0.853646 0.869444 0.851562 0.866667 0.848958 0.860185 0.848437 0.851852 0.848437 0.847222 0.851562 0.840741 0.856250 0.838889 0.858854 0.841667 0.861979 0.846296
0 0.863021 0.853704 0.767708 0.774074 0.765625 0.779630 0.763021 0.781482 0.759375 0.782407 0.757292 0.779630 0.754687 0.773148 0.754167 0.764815 0.754167 0.759259 0.756771 0.753704 0.761458 0.751852 0.764583 0.753704
0 0.767187 0.759259 0.768750 0.766667 0.807292 0.644444 0.804688 0.650000 0.802083 0.651852 0.798958 0.652778 0.796875 0.650000 0.794271 0.643519 0.793750 0.636111 0.793750 0.630556 0.796354 0.624074 0.801042 0.622222
0 0.804167 0.625000 0.806771 0.629630 0.808333 0.637037 0.858854 0.693519 0.856771 0.698148 0.854167 0.700000 0.850521 0.700926 0.848958 0.699074 0.845833 0.691667 0.845312 0.684259 0.845833 0.678704 0.848437 0.672222
0 0.853125 0.670370 0.855729 0.673148 0.858854 0.677778 0.860417 0.685185 0.803125 0.701852 0.801042 0.707407 0.798437 0.709259 0.794792 0.710185 0.792708 0.707407 0.790104 0.700926 0.789583 0.692593 0.789583 0.687963
0 0.792188 0.681481 0.796875 0.679630 0.800000 0.682407 0.802604 0.687037 0.804167 0.694444 0.734896 0.872222 0.732292 0.876852 0.729688 0.878704 0.726042 0.879630 0.724479 0.877778 0.721875 0.870370 0.720833 0.862963
0 0.721354 0.857407 0.723958 0.851852 0.728646 0.850000 0.731771 0.851852 0.734375 0.856481 0.735937 0.863889 0.689062 0.812037 0.686979 0.816667 0.684375 0.819444 0.680729 0.819444 0.678646 0.817593 0.676042 0.810185
0 0.675521 0.802778 0.675521 0.797222 0.678646 0.791667 0.683333 0.789815 0.685938 0.791667 0.688542 0.797222 0.690104 0.804630 0.652604 0.862963 0.650521 0.868519 0.647917 0.870370 0.644271 0.871296 0.642187 0.868519
0 0.639583 0.862037 0.639063 0.853704 0.639063 0.849074 0.642187 0.842593 0.646875 0.840741 0.649479 0.843518 0.652083 0.848148 0.653646 0.855556 0.699479 0.781482 0.696875 0.786111 0.694271 0.787963 0.691146 0.788889
0 0.689062 0.787037 0.686458 0.779630 0.685938 0.772222 0.685938 0.766667 0.688542 0.761111 0.693229 0.759259 0.696354 0.761111 0.698958 0.765741 0.700521 0.773148 0.734375 0.752778 0.732292 0.758333 0.729688 0.760185
0 0.726042 0.761111 0.724479 0.758333 0.721354 0.751852 0.720833 0.743519 0.721354 0.738889 0.723958 0.732407 0.728646 0.730556 0.731250 0.733333 0.734375 0.737963 0.735937 0.745370 0.770833 0.687963 0.768750 0.692593
0 0.766146 0.695370 0.762500 0.695370 0.760417 0.693519 0.757812 0.686111 0.757292 0.678704 0.757292 0.673148 0.759896 0.667593 0.764583 0.665741 0.767708 0.667593 0.770312 0.673148 0.771875 0.680556 0.749479 0.597222
0 0.747396 0.602778 0.744792 0.604630 0.741146 0.605556 0.739583 0.602778 0.736458 0.595370 0.735937 0.587963 0.736458 0.582407 0.739062 0.576852 0.743750 0.575000 0.746354 0.576852 0.749479 0.582407 0.751042 0.589815
0 0.609896 0.765741 0.607813 0.770370 0.605208 0.772222 0.601562 0.773148 0.600000 0.771296 0.596875 0.763889 0.596354 0.756481 0.596875 0.750926 0.599479 0.745370 0.604167 0.743519 0.606771 0.745370 0.609896 0.750926
0 0.610937 0.758333 0.611458 0.860185 0.608854 0.865741 0.606250 0.867593 0.603125 0.868519 0.601042 0.865741 0.598437 0.859259 0.597917 0.850926 0.597917 0.846296 0.600521 0.839815 0.605208 0.837963 0.608333 0.840741
0 0.610937 0.845370 0.612500 0.852778 0.558333 0.721296 0.556250 0.726852 0.553646 0.728704 0.550000 0.729630 0.547917 0.726852 0.545313 0.720370 0.544792 0.712037 0.544792 0.707407
0 0.547917 0.700926 0.552604 0.699074 0.555208 0.701852 0.557813 0.706481 0.559375 0.713889 0.545313 0.768519 0.544271 0.771296 0.542708 0.774074 0.540104 0.775000 0.538021 0.774074
0 0.535937 0.770370 0.535417 0.763889 0.535417 0.758333 0.538021 0.753704 0.542188 0.752778 0.544792 0.756481 0.545833 0.762037 0.562500 0.633333 0.559896 0.637963 0.557292 0.639815
0 0.553646 0.640741 0.552083 0.638889 0.549479 0.631481 0.548437 0.624074 0.548958 0.618519 0.551562 0.612963 0.556250 0.611111 0.559375 0.612963 0.561979 0.617593
0 0.563542 0.625926 0.497396 0.623148 0.494792 0.627778 0.492188 0.630556 0.489062 0.630556 0.486979 0.628704 0.484375 0.621296 0.483854 0.613889 0.483854 0.608333 0.486458 0.602778 0.491146 0.600926 0.494271 0.602778
0 0.496875 0.608333 0.498437 0.615741 0.475521 0.748148 0.473437 0.752778 0.470833 0.754630 0.467187 0.755556 0.465104 0.753704 0.462500 0.746296 0.461979 0.738889 0.461979 0.733333
0 0.464583 0.726852 0.469271 0.725926 0.472396 0.727778 0.475000 0.732407 0.476562 0.739815 0.560938 0.749074 0.559375 0.751852 0.557813 0.754630 0.555729 0.755556 0.553125 0.755556
0 0.551562 0.750926 0.550521 0.744444 0.551042 0.738889 0.553125 0.734259 0.557292 0.733333 0.559896 0.737037 0.561458 0.742593 0.523958 0.743519 0.522917 0.746296 0.521354 0.749074
0 0.518750 0.750000 0.516667 0.749074 0.514583 0.745370 0.514063 0.738889 0.514063 0.733333 0.516667 0.728704 0.520833 0.727778 0.523438 0.731481 0.524479 0.737037 0.525000 0.831481
0 0.523958 0.835185 0.522396 0.837963 0.519792 0.838889 0.517708 0.837963 0.515625 0.833333 0.515104 0.826852 0.515104 0.822222 0.517708 0.817593 0.521875 0.815741 0.524479 0.819444
0 0.525521 0.825000 0.516146 0.698148 0.515104 0.701852 0.513542 0.704630 0.510938 0.705556 0.508854 0.704630 0.506771 0.700000 0.506250 0.693519 0.506250 0.688889 0.508854 0.684259
0 0.513021 0.682407 0.515625 0.686111 0.516667 0.691667 0.607813 0.687963 0.606250 0.690741 0.604688 0.694444 0.602083 0.695370 0.600000 0.694444 0.597917 0.689815 0.597396 0.683333
0 0.597396 0.677778 0.600000 0.674074 0.604167 0.672222 0.606771 0.675926 0.607813 0.681481 0.408333 0.714815 0.407292 0.718518 0.405729 0.721296 0.403125 0.722222 0.401042 0.721296
0 0.398958 0.716667 0.398438 0.710185 0.398438 0.705556 0.401042 0.700926 0.405208 0.699074 0.407813 0.702778 0.408854 0.708333 0.393750 0.700000 0.392188 0.702778 0.390625 0.705556
0 0.388542 0.706481 0.385938 0.705556 0.384375 0.701852 0.383333 0.695370 0.383854 0.689815 0.385938 0.685185 0.390104 0.684259 0.392708 0.687963 0.394271 0.693519 0.436458 0.994444
0 0.439063 0.990741 0.443229 0.988889 0.445833 0.992593 0.446875 0.998148 0.449479 0.552778 0.447917 0.555556 0.446354 0.558333 0.443750 0.560185 0.441667 0.559259
0 0.439583 0.554630 0.439063 0.548148 0.439063 0.542593 0.441667 0.537963 0.445833 0.537037 0.448438 0.540741 0.449479 0.546296 0.198437 0.508333 0.197396 0.512037
0 0.195833 0.514815 0.193229 0.515741 0.191146 0.514815 0.189063 0.510185 0.188542 0.503704 0.188542 0.499074 0.191146 0.494444 0.195312 0.492593 0.197917 0.496296
0 0.198958 0.501852 0.214062 0.428704 0.212500 0.431481 0.210938 0.435185 0.208333 0.436111 0.206250 0.435185 0.204167 0.430556 0.203646 0.424074 0.203646 0.418519
0 0.206250 0.414815 0.210417 0.412963 0.213021 0.416667 0.214062 0.422222 0.209896 0.410185 0.208333 0.412963 0.206771 0.415741 0.204167 0.416667 0.202083 0.416667
0 0.200000 0.412037 0.199479 0.405556 0.199479 0.400000 0.202083 0.395370 0.206250 0.394444 0.208854 0.398148 0.209896 0.403704 0.192708 0.410185 0.191146 0.412963
0 0.189583 0.415741 0.187500 0.416667 0.184896 0.415741 0.183333 0.411111 0.182292 0.405556 0.182812 0.400000 0.184896 0.395370 0.189063 0.393519 0.191667 0.397222
0 0.193229 0.403704 0.117188 0.568519 0.115625 0.571296 0.114063 0.574074 0.111979 0.575926 0.109375 0.575000 0.107813 0.570370 0.106771 0.563889 0.107292 0.558333
0 0.109375 0.553704 0.113542 0.552778 0.116146 0.556481 0.117708 0.562037 0.108854 0.475926 0.107813 0.479630 0.106250 0.482407 0.103646 0.483333 0.101562 0.482407
0 0.099479 0.477778 0.098958 0.471296 0.098958 0.466667 0.101562 0.462037 0.105729 0.460185 0.108333 0.463889 0.109375 0.469444 0.189583 0.363889 0.188021 0.366667
0 0.184896 0.368519 0.181771 0.367593 0.180208 0.362963 0.180729 0.355556 0.182292 0.351852 0.185937 0.350000 0.189063 0.352778 0.190104 0.358333 0.184375 0.279630
0 0.182812 0.283333 0.179688 0.284259 0.177083 0.283333 0.175521 0.279630 0.175521 0.271296 0.177083 0.267593 0.180729 0.265741 0.183854 0.269444 0.185417 0.274074
0 0.264583 0.234259 0.263021 0.237037 0.259896 0.238889 0.257292 0.237037 0.255208 0.233333 0.255729 0.225926 0.257292 0.221296 0.260938 0.219444 0.264062 0.223148
0 0.265625 0.228704 0.127083 0.320370 0.125521 0.323148 0.122396 0.325000 0.119271 0.324074 0.117708 0.319444 0.118229 0.312037 0.119792 0.308333 0.122917 0.306481
0 0.126563 0.309259 0.127604 0.314815 0.088542 0.314815 0.086979 0.317593 0.083854 0.318519 0.080729 0.317593 0.079167 0.313889 0.079687 0.305556 0.081250 0.301852
0 0.084896 0.300000 0.088021 0.303704 0.089062 0.308333 0.075521 0.312963 0.074479 0.315741 0.070833 0.317593 0.068229 0.315741 0.066667 0.312037 0.066667 0.304630
0 0.068750 0.300000 0.071875 0.298148 0.075521 0.301852 0.076563 0.307407 0.125000 0.296296 0.123438 0.300000 0.120312 0.300926 0.117708 0.300000 0.116146 0.295370
0 0.116146 0.287963 0.117708 0.284259 0.121354 0.282407 0.124479 0.285185 0.126042 0.290741 0.132292 0.206481 0.130729 0.209259 0.127604 0.211111 0.124479 0.209259
0 0.122917 0.205556 0.123438 0.198148 0.125000 0.193519 0.128125 0.191667 0.131771 0.195370 0.132812 0.200926 0.138021 0.175926 0.136458 0.179630 0.133333 0.180556
0 0.130729 0.179630 0.129167 0.175000 0.129167 0.167593 0.130729 0.163889 0.134375 0.162037 0.137500 0.164815 0.139062 0.170370 0.147396 0.196296 0.145833 0.200000
0 0.142708 0.200926 0.140104 0.200000 0.138021 0.195370 0.138542 0.187963 0.140104 0.184259 0.143750 0.182407 0.146875 0.186111 0.147917 0.190741 0.167187 0.166667
0 0.165625 0.170370 0.162500 0.171296 0.159375 0.170370 0.157813 0.166667 0.158333 0.158333 0.159896 0.154630 0.163021 0.152778 0.166667 0.156481 0.167708 0.161111
0 0.196875 0.196296 0.195833 0.199074 0.192188 0.200926 0.189583 0.199074 0.188021 0.195370 0.188021 0.187963 0.190104 0.183333 0.193229 0.181481 0.196875 0.185185
0 0.197917 0.190741 0.075000 0.199074 0.073437 0.201852 0.070312 0.203704 0.067188 0.202778 0.065625 0.198148 0.066146 0.190741 0.067708 0.187037 0.070833 0.185185 0.074479 0.187963 0.075521 0.193519 0.190104 0.163889 0.188542 0.166667
0 0.185417 0.168519 0.182812 0.166667 0.180729 0.162963 0.181250 0.155556 0.182812 0.150926 0.186458 0.149074 0.189583 0.152778 0.190625 0.158333 0.001563 0.201852 0.000521 0.205556 0.001563 0.191667 0.002604 0.196296 0.040625 0.503704
0 0.039062 0.506481 0.035937 0.507407 0.033333 0.506481 0.031250 0.502778 0.031771 0.494444 0.033333 0.490741 0.036979 0.488889 0.040104 0.492593 0.041146 0.497222 0.090104 0.400000 0.088542 0.402778 0.085417 0.404630 0.082813 0.402778
0 0.080729 0.399074 0.081250 0.390741 0.082813 0.387037 0.086458 0.385185 0.089583 0.388889 0.090625 0.394444 0.076563 0.391667 0.075000 0.394444 0.071875 0.396296 0.069271 0.394444 0.067188 0.390741 0.067708 0.383333 0.069271 0.378704
0 0.072917 0.376852 0.076042 0.380556 0.077604 0.386111 0.058854 0.223148 0.057292 0.226852 0.054167 0.227778 0.051562 0.226852 0.049479 0.223148 0.050000 0.214815 0.051562 0.211111 0.055208 0.209259 0.058333 0.212963 0.059375 0.217593
0 0.060417 0.667593 0.065104 0.681481 0.066146 0.696296 0.063542 0.708333 0.057813 0.713889 0.052604 0.715741 0.046875 0.712037 0.042708 0.702778 0.041146 0.693519 0.041146 0.679630 0.043229 0.670370 0.048437 0.664815 0.054167 0.662963
0 0.093750 0.760185 0.097917 0.774074 0.098958 0.788889 0.096354 0.800926 0.090625 0.806481 0.085417 0.808333 0.079687 0.804630 0.075521 0.795370 0.073958 0.786111 0.073958 0.773148 0.076042 0.762963 0.081771 0.757407 0.087500 0.755556
0 0.123958 0.834259 0.125000 0.841667 0.123958 0.847222 0.122396 0.849074 0.120312 0.850000 0.118229 0.848148 0.116667 0.844444 0.116146 0.838889 0.117188 0.834259 0.118750 0.832407 0.121354 0.831481 0.113021 0.725000 0.114063 0.732407
0 0.113021 0.737037 0.110417 0.738889 0.108333 0.737037 0.107292 0.730556 0.108333 0.725926 0.110417 0.724074 0.133854 0.736111 0.135417 0.743519 0.133854 0.748148 0.131250 0.750000 0.129167 0.748148 0.128646 0.741667 0.129167 0.737037
0 0.131250 0.734259 0.143750 0.720370 0.144792 0.727778 0.143750 0.732407 0.141146 0.733333 0.139062 0.731481 0.138542 0.725000 0.139062 0.720370 0.141146 0.718518 0.143750 0.690741 0.145313 0.698148 0.143750 0.702778 0.141146 0.704630
0 0.139583 0.702778 0.138542 0.696296 0.139062 0.691667 0.141146 0.689815 0.189583 0.688889 0.191146 0.697222 0.189583 0.701852 0.187500 0.702778 0.185417 0.700926 0.184375 0.694444 0.184896 0.689815 0.186979 0.687963 0.198958 0.681481
0 0.200000 0.688889 0.198958 0.693519 0.196354 0.694444 0.194271 0.692593 0.193750 0.686111 0.194271 0.681481 0.196354 0.679630 0.234896 0.522222 0.234896 0.535185 0.229167 0.542593 0.223958 0.541667 0.219792 0.534259 0.218750 0.522222
0 0.219271 0.513889 0.223438 0.506481 0.228646 0.507407 0.232292 0.512037 0.277083 0.502778 0.277083 0.514815 0.271354 0.522222 0.266146 0.522222 0.261979 0.514815 0.260938 0.502778 0.261458 0.493519 0.265104 0.487037 0.270833 0.487037
0 0.274479 0.492593 0.518229 0.866667 0.517708 0.874074 0.513542 0.876852 0.510938 0.874074 0.509375 0.868519 0.509375 0.862037 0.510938 0.856481 0.514063 0.855556 0.516667 0.859259 0.592708 0.931481 0.591146 0.942593 0.586458 0.950926
0 0.581771 0.951852 0.576563 0.944444 0.574479 0.932407 0.575521 0.920370 0.581250 0.914815 0.585938 0.915741 0.589583 0.921296 0.662500 0.982407 0.661979 0.988889 0.657812 0.991667 0.655208 0.989815 0.654167 0.984259 0.654167 0.976852
0 0.655729 0.971296 0.658333 0.970370 0.660937 0.975000 0.651042 0.922222 0.650521 0.928704 0.646354 0.931481 0.643750 0.929630 0.642187 0.924074 0.642187 0.916667 0.643750 0.912037 0.646875 0.910185 0.649479 0.914815 0.755729 0.819444
0 0.754687 0.826852 0.750521 0.829630 0.748438 0.827778 0.746875 0.822222 0.746875 0.814815 0.748438 0.809259 0.751562 0.808333 0.754167 0.812963 0.746875 0.782407 0.744271 0.787963 0.741667 0.789815 0.738542 0.790741 0.736458 0.787963
0 0.733854 0.781482 0.733333 0.773148 0.733333 0.767593 0.735937 0.762037 0.740625 0.760185 0.743750 0.762037 0.746354 0.767593 0.747917 0.775000 0.819792 0.780556 0.818750 0.786111 0.816146 0.788889 0.813542 0.787963 0.811458 0.783333
0 0.811458 0.776852 0.813021 0.771296 0.816146 0.770370 0.818750 0.775000 0.724479 0.614815 0.723437 0.620370 0.720833 0.623148 0.718229 0.622222 0.716146 0.617593 0.716146 0.611111 0.718229 0.605556 0.720833 0.604630 0.723437 0.609259
0 0.733854 0.624074 0.732813 0.629630 0.729688 0.632407 0.727604 0.631481 0.725521 0.626852 0.725521 0.620370 0.727083 0.617593 0.729688 0.617593 0.732813 0.619444 0.734896 0.607407 0.733854 0.612963 0.730729 0.615741 0.728125 0.614815
0 0.726562 0.610185 0.726562 0.603704 0.728125 0.598148 0.731250 0.597222 0.733854 0.600926 0.781771 0.567593 0.780729 0.573148 0.778125 0.575000 0.775521 0.575000 0.773438 0.570370 0.773438 0.563889 0.775000 0.558333 0.778125 0.557407
0 0.780729 0.561111 0.797396 0.574074 0.796354 0.579630 0.793229 0.581481 0.790625 0.581481 0.789062 0.576852 0.789062 0.570370 0.790625 0.564815 0.793229 0.563889 0.796354 0.567593 0.689583 0.600000 0.688542 0.606481
0 0.685938 0.608333 0.683333 0.607407 0.681771 0.603704 0.681771 0.596296 0.683333 0.590741 0.685938 0.589815 0.688542 0.594444 0.746875 0.682407 0.744271 0.687037 0.741667 0.688889 0.738542 0.689815 0.736458 0.687963 0.733854 0.680556
0 0.733333 0.673148 0.733333 0.667593 0.735937 0.661111 0.740625 0.659259 0.743750 0.662037 0.746354 0.666667 0.747917 0.674074 0.720833 0.712037 0.718229 0.717593 0.715625 0.719444 0.712500 0.720370 0.710417 0.717593 0.707812 0.711111
0 0.707292 0.703704 0.707292 0.698148 0.709896 0.691667 0.714583 0.689815 0.717708 0.692593 0.720312 0.697222 0.721875 0.704630 0.735417 0.502778 0.732813 0.508333 0.730208 0.510185 0.727083 0.511111 0.725000 0.508333 0.722396 0.501852
0 0.721875 0.493519 0.721875 0.487963 0.724479 0.482407 0.729167 0.480556 0.732292 0.482407 0.734896 0.487963 0.736458 0.495370 0.702604 0.484259 0.700000 0.489815 0.697396 0.491667 0.693750 0.492593 0.692187 0.490741
0 0.689583 0.483333 0.688542 0.475926 0.689062 0.470370 0.691667 0.463889 0.696354 0.462037 0.699479 0.464815 0.702083 0.469444 0.703646 0.476852 0.765104 0.404630 0.762500 0.410185 0.759896 0.412037 0.756250 0.412963
0 0.754687 0.410185 0.752083 0.403704 0.751042 0.396296 0.751562 0.390741 0.754167 0.384259 0.758854 0.382407 0.761979 0.385185 0.764583 0.389815 0.766146 0.397222 0.803125 0.204630 0.801042 0.210185 0.798437 0.212037
0 0.794792 0.212963 0.792708 0.210185 0.790104 0.203704 0.789583 0.196296 0.789583 0.190741 0.792708 0.184259 0.797396 0.182407 0.800000 0.185185 0.802604 0.189815 0.804167 0.197222 0.769271 0.289815 0.767187 0.294444
0 0.764583 0.296296 0.760938 0.297222 0.759375 0.295370 0.756250 0.287963 0.755729 0.280556 0.756250 0.275000 0.758854 0.268519 0.763542 0.267593 0.766667 0.269444 0.769271 0.274074 0.770833 0.281481 0.804688 0.272222
0 0.802083 0.277778 0.799479 0.279630 0.796354 0.280556 0.794271 0.277778 0.791667 0.271296 0.791146 0.262963 0.791146 0.258333 0.793750 0.251852 0.798437 0.250000 0.801562 0.252778 0.804167 0.257407 0.805729 0.264815
0 0.741146 0.222222 0.738542 0.226852 0.735937 0.228704 0.732813 0.229630 0.730729 0.227778 0.728125 0.220370 0.727604 0.212963 0.727604 0.207407 0.730208 0.200926 0.734896 0.199074 0.738021 0.201852 0.740625 0.206481
0 0.742188 0.213889 0.816667 0.131481 0.814583 0.137037 0.811979 0.138889 0.808333 0.139815 0.806771 0.137037 0.804167 0.130556 0.803125 0.122222 0.803646 0.116667 0.806250 0.111111 0.810938 0.109259 0.814062 0.111111
0 0.816667 0.116667 0.818229 0.124074 0.809375 0.027778 0.808854 0.040741 0.803125 0.048148 0.798437 0.049074 0.793229 0.041667 0.791146 0.030556 0.793750 0.019444 0.797396 0.012037 0.802604 0.012963 0.806250 0.018519
0 0.768750 0.079630 0.766667 0.084259 0.764063 0.087037 0.760417 0.087037 0.758333 0.085185 0.755729 0.077778 0.755208 0.070370 0.755729 0.064815 0.758333 0.059259 0.763021 0.057407 0.765625 0.059259 0.768750 0.064815
0 0.769792 0.072222 0.779167 0.029630 0.776563 0.034259 0.773958 0.037037 0.770833 0.037037 0.768750 0.035185 0.766146 0.027778 0.765625 0.020370 0.765625 0.014815 0.768229 0.009259 0.772917 0.007407 0.776042 0.009259
0 0.778646 0.014815 0.780208 0.022222 0.776563 0.221296 0.774479 0.225926 0.771875 0.228704 0.768229 0.228704 0.766667 0.226852 0.763542 0.219444 0.763021 0.212037 0.763542 0.206481 0.766146 0.200926 0.770833 0.199074
0 0.773958 0.200926 0.776563 0.206481 0.778125 0.213889 0.711458 0.206481 0.709375 0.211111 0.706771 0.212963 0.703125 0.213889 0.701563 0.212037 0.698438 0.204630 0.697917 0.197222 0.698438 0.191667 0.701042 0.185185
0 0.705729 0.183333 0.708333 0.186111 0.711458 0.190741 0.713021 0.198148 0.753125 0.186111 0.751042 0.191667 0.748438 0.193519 0.744792 0.194444 0.742708 0.191667 0.740104 0.185185 0.739583 0.177778 0.740104 0.172222
0 0.742708 0.165741 0.747396 0.163889 0.750000 0.166667 0.753125 0.171296 0.754167 0.178704 0.718229 0.129630 0.715625 0.134259 0.713021 0.136111 0.709896 0.137037 0.707812 0.135185 0.705208 0.127778 0.704687 0.120370
0 0.704687 0.114815 0.707292 0.108333 0.711979 0.106481 0.715104 0.109259 0.717708 0.113889 0.719271 0.121296 0.734896 0.189815 0.732292 0.194444 0.729688 0.197222 0.726562 0.197222 0.724479 0.195370 0.721875 0.187963
0 0.721354 0.180556 0.721354 0.175000 0.723958 0.169444 0.728646 0.167593 0.731771 0.169444 0.734375 0.175000 0.735937 0.182407 0.780729 0.357407 0.778646 0.362963 0.776042 0.364815
0 0.772396 0.365741 0.770312 0.362963 0.767708 0.356481 0.767187 0.348148 0.767708 0.343519 0.770312 0.337037 0.775000 0.335185 0.777604 0.337963 0.780729 0.342593 0.781771 0.350000
0 0.807292 0.375000 0.804688 0.380556 0.802083 0.382407 0.798958 0.383333 0.796875 0.380556 0.794271 0.374074 0.793750 0.366667 0.793750 0.361111 0.796354 0.354630 0.801042 0.352778
0 0.804167 0.355556 0.806771 0.360185 0.808333 0.367593 0.818750 0.316667 0.816667 0.322222 0.814062 0.324074 0.810417 0.325000 0.808854 0.322222 0.805729 0.315741 0.805208 0.307407
0 0.805729 0.302778 0.808333 0.296296 0.813021 0.294444 0.815625 0.297222 0.818750 0.301852 0.820312 0.309259 0.734375 0.468519 0.733333 0.474074 0.730729 0.476852 0.728125 0.475926
0 0.726042 0.471296 0.726042 0.464815 0.728125 0.459259 0.730729 0.458333 0.733333 0.462963 0.711979 0.498148 0.710417 0.503704 0.707812 0.506481 0.705208 0.505556 0.703646 0.500926
0 0.703646 0.494444 0.705208 0.488889 0.707812 0.487963 0.710938 0.491667 0.689583 0.456481 0.688021 0.462037 0.685417 0.463889 0.682813 0.463889 0.681250 0.459259 0.681250 0.452778
0 0.682813 0.447222 0.685417 0.446296 0.688542 0.450000 0.709375 0.360185 0.708333 0.366667 0.705208 0.368519 0.702604 0.367593 0.701042 0.363889 0.701042 0.356481 0.702604 0.350926
0 0.705208 0.350000 0.708333 0.354630 0.698958 0.174074 0.696354 0.179630 0.693750 0.181481 0.690625 0.182407 0.688542 0.179630 0.685938 0.173148 0.685417 0.164815 0.685417 0.160185
0 0.688021 0.153704 0.692708 0.151852 0.695833 0.154630 0.698438 0.159259 0.700000 0.166667 0.599479 0.153704 0.596875 0.159259 0.594271 0.161111 0.591146 0.162037 0.589063 0.159259
0 0.586458 0.152778 0.585938 0.144444 0.585938 0.139815 0.588542 0.133333 0.593229 0.131481 0.596354 0.134259 0.598958 0.138889 0.600521 0.146296 0.576042 0.213889 0.573958 0.218519
0 0.571354 0.221296 0.567708 0.221296 0.566146 0.219444 0.563021 0.212037 0.562500 0.204630 0.563021 0.199074 0.565625 0.193519 0.570312 0.191667 0.572917 0.193519 0.576042 0.199074
0 0.577604 0.206481 0.580729 0.309259 0.579167 0.313889 0.576563 0.315741 0.572917 0.316667 0.570833 0.313889 0.568229 0.307407 0.567708 0.300000 0.567708 0.294444 0.570833 0.287963
0 0.575521 0.286111 0.578125 0.288889 0.580208 0.294444 0.581250 0.300926 0.656771 0.356481 0.654688 0.362037 0.652083 0.363889 0.648438 0.364815 0.646875 0.362037 0.643750 0.355556
0 0.643229 0.347222 0.643750 0.342593 0.646354 0.336111 0.651042 0.334259 0.653646 0.337037 0.656771 0.341667 0.657812 0.349074 0.674479 0.349074 0.671875 0.353704 0.669271 0.355556
0 0.665625 0.356481 0.664062 0.354630 0.661458 0.347222 0.660417 0.339815 0.660937 0.334259 0.663542 0.328704 0.668229 0.326852 0.671354 0.328704 0.673958 0.333333 0.675521 0.340741
0 0.673958 0.273148 0.671875 0.278704 0.669271 0.280556 0.665625 0.281481 0.663542 0.278704 0.660937 0.272222 0.660417 0.263889 0.660417 0.259259 0.663542 0.252778 0.667708 0.250926
0 0.670833 0.253704 0.673437 0.258333 0.675000 0.265741 0.555729 0.456481 0.553125 0.461111 0.550521 0.463889 0.547396 0.463889 0.545313 0.462037 0.542708 0.454630 0.542188 0.447222
0 0.542188 0.441667 0.544792 0.436111 0.549479 0.434259 0.552604 0.436111 0.555208 0.441667 0.556771 0.449074 0.595833 0.440741 0.594271 0.443519 0.592708 0.446296 0.590104 0.448148
0 0.588021 0.447222 0.585938 0.442593 0.585417 0.436111 0.585417 0.430556 0.588021 0.426852 0.592188 0.425000 0.594792 0.428704 0.595833 0.434259 0.630208 0.583333 0.628646 0.586111
0 0.627083 0.588889 0.625000 0.589815 0.622396 0.588889 0.620833 0.585185 0.620313 0.578704 0.620313 0.573148 0.622396 0.568519 0.626562 0.567593 0.629167 0.571296 0.630729 0.576852 0.633854 0.611111 0.632812 0.614815 0.631250 0.617593
0 0.628646 0.618519 0.626562 0.617593 0.624479 0.612963 0.623958 0.606481 0.623958 0.601852 0.626562 0.597222 0.630729 0.595370 0.633333 0.599074 0.634375 0.604630 0.643229 0.380556 0.642187 0.383333 0.640104 0.386111 0.638021 0.387037
0 0.635417 0.387037 0.633854 0.382407 0.633333 0.375926 0.633333 0.370370 0.635417 0.365741 0.640104 0.364815 0.642708 0.368519 0.643750 0.374074 0.621875 0.305556 0.620313 0.308333 0.618750 0.311111
0 0.616667 0.312037 0.614062 0.312037 0.612500 0.307407 0.611458 0.300926 0.611979 0.295370 0.614062 0.290741 0.618229 0.289815 0.620833 0.293519
0 0.622396 0.299074 0.631250 0.281481 0.629687 0.284259 0.628125 0.287037 0.626042 0.287963 0.623438 0.287037 0.621875 0.282407 0.620833 0.276852
0 0.621354 0.271296 0.623438 0.266667 0.627604 0.264815 0.630208 0.268519 0.631771 0.275000 0.558854 0.205556 0.557813 0.208333 0.556250 0.211111
0 0.553646 0.212037 0.551562 0.211111 0.549479 0.207407 0.548958 0.200926 0.548958 0.195370 0.551562 0.190741 0.555729 0.189815 0.558333 0.193519
0 0.559375 0.199074 0.583333 0.137963 0.581771 0.141667 0.580208 0.144444 0.578125 0.145370 0.575521 0.144444 0.573958 0.139815 0.572917 0.133333
0 0.573438 0.128704 0.575521 0.124074 0.579687 0.122222 0.582292 0.125926 0.583854 0.131481 0.636458 0.146296 0.634896 0.149074 0.633333 0.152778
0 0.630729 0.153704 0.628646 0.152778 0.626562 0.148148 0.626042 0.141667 0.626042 0.136111 0.628646 0.132407 0.632812 0.130556 0.635417 0.134259 0.636458 0.139815 0.660937 0.150000
0 0.659375 0.152778 0.657812 0.155556 0.655208 0.156481 0.653125 0.155556 0.651042 0.151852 0.650521 0.145370 0.650521 0.139815 0.653125 0.135185 0.657292 0.134259 0.659896 0.137963
0 0.660937 0.143519 0.521875 0.266667 0.520312 0.269444 0.518750 0.272222 0.516146 0.273148 0.514063 0.272222 0.511979 0.268519 0.511458 0.262037 0.511458 0.256481
0 0.514063 0.251852 0.518229 0.250926 0.520833 0.254630 0.521875 0.260185 0.278125 0.750000 0.277083 0.753704 0.275521 0.756481 0.272917 0.757407 0.270833 0.756481
0 0.268750 0.751852 0.268229 0.745370 0.268229 0.740741 0.270833 0.736111 0.275000 0.734259 0.277604 0.737963 0.278646 0.744444 0.488542 0.347222 0.486979 0.350000
0 0.485417 0.352778 0.483333 0.354630 0.480729 0.353704 0.479167 0.349074 0.478125 0.342593 0.478646 0.337037 0.480729 0.332407 0.484896 0.331481 0.487500 0.335185
0 0.489062 0.340741 0.521354 0.400926 0.520312 0.403704 0.518750 0.406481 0.516146 0.407407 0.514063 0.406481 0.511979 0.401852 0.511458 0.396296 0.511458 0.390741 0.514063 0.386111 0.518229 0.384259 0.520833 0.387963 0.521875 0.394444
0 0.528125 0.140741 0.527083 0.143519 0.525521 0.146296 0.522917 0.147222 0.520833 0.147222 0.518750 0.142593 0.518229 0.136111 0.518229 0.130556 0.520833 0.125926 0.525000 0.125000
0 0.527604 0.128704 0.528646 0.134259 0.721354 0.063889 0.719792 0.066667 0.718229 0.069444 0.716146 0.070370 0.713542 0.069444 0.711979 0.065741 0.710938 0.059259
0 0.711458 0.053704 0.713542 0.049074 0.717708 0.047222 0.720312 0.050926 0.721875 0.057407 0.741146 0.132407 0.739583 0.135185 0.738021 0.137963 0.735937 0.138889
0 0.733333 0.137963 0.731771 0.134259 0.730729 0.127778 0.731250 0.122222 0.733333 0.117593 0.737500 0.116667 0.740104 0.120370 0.741667 0.125926 0.757292 0.037963
0 0.755729 0.040741 0.754167 0.043519 0.751562 0.044444 0.749479 0.044444 0.747396 0.039815 0.746875 0.033333 0.746875 0.027778 0.749479 0.023148 0.753646 0.022222 0.756250 0.025926 0.757292 0.031481 0.736979 0.001852 0.735417 0.004630
0 0.733854 0.007407 0.731250 0.009259 0.729167 0.008333 0.727083 0.003704 0.670313 0.039815 0.669271 0.042593 0.667708 0.046296 0.665104 0.047222 0.663021 0.046296
0 0.660937 0.041667 0.660417 0.035185 0.660417 0.029630 0.663021 0.025926 0.667188 0.024074 0.669792 0.027778 0.670833 0.033333 0.671875 0.087037 0.670313 0.089815
0 0.668750 0.092593 0.666667 0.093519 0.664062 0.092593 0.662500 0.088889 0.661458 0.082407 0.661979 0.076852 0.664062 0.072222 0.668229 0.070370 0.670833 0.074074
0 0.672396 0.080556 0.772396 0.108333 0.770833 0.111111 0.769271 0.113889 0.767187 0.114815 0.764583 0.113889 0.762500 0.109259 0.761979 0.103704 0.762500 0.098148
0 0.764583 0.093519 0.768750 0.091667 0.771354 0.095370 0.772396 0.101852 0.596354 0.012963 0.595312 0.015741 0.593750 0.019444 0.591146 0.020370 0.589063 0.019444
0 0.586979 0.014815 0.586458 0.008333 0.586458 0.002778 0.588542 0.000000 0.595833 0.000926 0.596875 0.006481 0.589583 0.039815 0.588021 0.042593 0.586458 0.046296
0 0.584375 0.047222 0.581771 0.046296 0.579687 0.041667 0.579167 0.035185 0.579687 0.029630 0.581771 0.025926 0.585938 0.024074 0.588542 0.027778 0.589583 0.033333
0 0.614583 0.018519 0.615104 0.027778 0.613021 0.036111 0.609896 0.039815 0.606771 0.040741 0.603125 0.038889 0.600000 0.034259 0.598958 0.025000 0.600000 0.015741 0.602604 0.009259 0.608333 0.006481 0.611458 0.010185 0.546875 0.025000
0 0.547396 0.034259 0.545833 0.042593 0.542708 0.045370 0.539062 0.047222 0.535417 0.045370 0.532812 0.040741 0.531250 0.031481 0.532292 0.021296 0.534896 0.015741 0.540625 0.012963 0.543750 0.016667 0.519271 0.034259 0.519792 0.043519
0 0.518229 0.051852 0.515104 0.055556 0.511458 0.056481 0.507812 0.054630 0.505208 0.050000 0.503646 0.040741 0.504687 0.031481 0.507292 0.025000 0.513021 0.022222 0.516667 0.025926 0.614062 0.107407 0.612500 0.110185 0.610937 0.113889
0 0.608854 0.114815 0.606250 0.113889 0.604688 0.109259 0.603646 0.102778 0.604167 0.097222 0.606250 0.093519 0.610417 0.091667 0.613021 0.095370 0.614583 0.100926 0.606771 0.129630 0.605208 0.133333 0.603646 0.136111 0.601042 0.137037
0 0.598958 0.136111 0.596875 0.131481 0.596354 0.125000 0.596354 0.120370 0.598958 0.115741 0.603125 0.113889 0.605729 0.117593 0.606771 0.123148 0.432292 0.080556 0.431250 0.083333 0.429688 0.087037 0.427083 0.087963 0.425000 0.087037
0 0.422917 0.082407 0.422396 0.075926 0.422396 0.070370 0.425000 0.066667 0.429167 0.064815 0.431771 0.068519 0.432813 0.074074 0.444792 0.059259 0.443229 0.062037 0.441667 0.065741 0.439583 0.066667 0.436979 0.065741 0.435417 0.061111
0 0.434375 0.054630 0.434896 0.049074 0.436979 0.045370 0.441146 0.043519 0.443750 0.047222 0.445312 0.052778 0.406771 0.182407 0.405729 0.186111 0.404167 0.188889 0.401563 0.189815 0.398958 0.188889 0.397396 0.184259 0.396875 0.177778
0 0.396875 0.172222 0.399479 0.168519 0.403646 0.166667 0.406250 0.170370 0.407292 0.175926 0.339063 0.263889 0.337500 0.266667 0.335938 0.269444 0.333854 0.270370 0.331250 0.270370 0.329688 0.265741 0.329167 0.259259 0.329167 0.253704
0 0.331250 0.249074 0.335417 0.248148 0.338021 0.251852 0.339583 0.257407 0.329167 0.239815 0.327604 0.242593 0.326042 0.245370 0.323958 0.246296 0.321354 0.245370 0.319792 0.240741 0.318750 0.235185 0.319271 0.229630 0.321354 0.225000
0 0.325521 0.223148 0.328125 0.226852 0.329688 0.233333 0.344792 0.316667 0.343750 0.319444 0.341667 0.323148 0.339583 0.324074 0.336979 0.323148 0.335417 0.318519 0.334896 0.312037 0.334896 0.306481 0.336979 0.302778 0.341667 0.300926
0 0.344271 0.304630 0.345313 0.310185 0.391146 0.296296 0.390104 0.299074 0.388021 0.301852 0.385938 0.302778 0.383333 0.301852 0.381771 0.297222 0.381250 0.290741 0.381250 0.286111
0 0.383333 0.281481 0.388021 0.279630 0.390625 0.283333 0.391667 0.289815 0.369792 0.351852 0.367188 0.353704 0.364062 0.352778 0.363021 0.347222 0.363021 0.342593 0.364583 0.338889 0.367708 0.337963 0.370313 0.341667 0.370833 0.347222
0 0.409896 0.287037 0.408333 0.289815 0.406771 0.292593 0.404687 0.293519 0.402083 0.292593 0.400521 0.288889 0.399479 0.282407 0.400000 0.276852 0.402083 0.272222 0.406250 0.270370 0.408854 0.274074 0.410417 0.280556 0.415104 0.331481
0 0.414062 0.334259 0.411979 0.337037 0.409896 0.338889 0.407292 0.337963 0.405729 0.333333 0.405208 0.326852 0.405208 0.321296 0.407292 0.317593 0.411979 0.315741 0.414583 0.319444
0 0.415625 0.325000 0.271354 0.295370 0.269792 0.298148 0.268229 0.300926 0.266146 0.301852 0.263542 0.300926 0.261979 0.297222 0.260938 0.290741 0.261458 0.285185 0.263542 0.280556 0.267708 0.279630 0.270312 0.283333 0.271875 0.288889
0 0.357292 0.536111 0.356250 0.538889 0.354688 0.542593 0.352083 0.543519 0.350000 0.542593 0.347917 0.537963 0.347396 0.531482 0.347396 0.525926 0.350000 0.522222 0.354167 0.520370 0.356771 0.524074 0.357812 0.529630 0.334896 0.622222
0 0.332292 0.624074 0.329167 0.622222 0.328125 0.617593 0.328125 0.612963 0.329688 0.609259 0.332812 0.608333 0.335417 0.612037 0.335938 0.617593 0.384896 0.708333 0.385417 0.714815 0.383333 0.720370 0.380208 0.721296 0.378125 0.716667
0 0.377604 0.711111 0.378125 0.707407 0.379687 0.704630 0.382812 0.704630 0.389583 0.737963 0.390104 0.744444 0.388021 0.750000 0.384375 0.750926 0.382292 0.746296 0.381771 0.740741 0.382812 0.737037 0.384375 0.734259 0.386979 0.734259
0 0.647917 0.820370 0.645833 0.825000 0.643229 0.826852 0.639583 0.827778 0.637500 0.825926 0.634896 0.818519 0.634375 0.811111 0.634896 0.805556 0.637500 0.799074 0.642187 0.797222 0.644792 0.800000 0.647917 0.804630 0.648958 0.812037
0 0.727604 0.997222 0.728646 0.991667 0.731771 0.987963 0.736458 0.990741 0.739062 0.998148 0.650000 0.511111 0.648958 0.516667 0.646354 0.519444 0.643750 0.518519 0.641667 0.513889 0.641667 0.507407 0.643229 0.501852 0.646354 0.500926
0 0.648958 0.504630 0.757292 0.189815 0.759375 0.192593 0.760417 0.197222 0.759896 0.203704 0.756771 0.206481 0.754167 0.206481 0.752083 0.201852 0.752083 0.196296 0.754167 0.190741 0.522917 0.437963 0.521354 0.440741 0.519792 0.444444
0 0.517708 0.445370 0.515104 0.444444 0.513542 0.439815 0.512500 0.433333 0.513021 0.427778 0.515104 0.424074 0.519271 0.422222 0.521875 0.425926 0.523438 0.431481 0.197917 0.782407 0.199479 0.789815 0.197917 0.794444 0.195312 0.796296
