0 0.516146 0.657407 0.513021 0.648148 0.506771 0.642593 0.501042 0.641667 0.495833 0.647222 0.493750 0.656482 0.494792 0.667593 0.502083 0.676852 0.509375 0.675000 0.514583 0.667593
0 0.467708 0.687037 0.464583 0.677778 0.457812 0.671296 0.451042 0.673148 0.447396 0.678704 0.444271 0.687037 0.446875 0.697222 0.453646 0.704630 0.460938 0.703704 0.465625 0.696296
0 0.492708 0.762963 0.489583 0.753704 0.483333 0.747222 0.477604 0.746296 0.471354 0.752778 0.469792 0.762037 0.470313 0.772222 0.478646 0.780556 0.485938 0.778704 0.491146 0.772222
0 0.591146 0.790741 0.588021 0.782407 0.581771 0.775926 0.576563 0.775000 0.570312 0.781482 0.568750 0.790741 0.569271 0.800926 0.577083 0.809259 0.584375 0.807407 0.589063 0.800000
0 0.650521 0.711111 0.647396 0.702778 0.640625 0.697222 0.635938 0.695370 0.629687 0.701852 0.627604 0.711111 0.628125 0.721296 0.636458 0.730556 0.643750 0.728704 0.648958 0.721296
0 0.677083 0.633333 0.673958 0.624074 0.667708 0.617593 0.662500 0.616667 0.656250 0.623148 0.654167 0.632407 0.655208 0.643519 0.663021 0.650926 0.670313 0.649074 0.675000 0.642593
0 0.456250 0.538889 0.453125 0.529630 0.446354 0.524074 0.441146 0.523148 0.434896 0.528704 0.432813 0.537963 0.433854 0.549074 0.442187 0.558333 0.449479 0.556481 0.454167 0.549074
0 0.310417 0.757407 0.306771 0.748148 0.300521 0.742593 0.294792 0.741667 0.289062 0.747222 0.287500 0.756481 0.288542 0.767593 0.296354 0.775926 0.303646 0.774074 0.308333 0.766667
0 0.268229 0.769444 0.264062 0.761111 0.258333 0.755556 0.252604 0.754630 0.247396 0.759259 0.245312 0.768519 0.246354 0.778704 0.254687 0.787963 0.261979 0.786111 0.266146 0.779630
0 0.219271 0.541667 0.216667 0.531482 0.209896 0.525926 0.204688 0.525000 0.198958 0.531482 0.196875 0.540741 0.197917 0.551852 0.205729 0.561111 0.213021 0.558333 0.217708 0.550926
0 0.188542 0.553704 0.185417 0.544444 0.179167 0.537963 0.173958 0.537037 0.168229 0.543519 0.166667 0.552778 0.167187 0.562963 0.175000 0.572222 0.182292 0.570370 0.186979 0.563889
0 0.142708 0.605556 0.139583 0.596296 0.133854 0.590741 0.128646 0.589815 0.122917 0.595370 0.121354 0.604630 0.122396 0.615741 0.129167 0.625000 0.136458 0.623148 0.141667 0.615741
0 0.211979 0.726852 0.208333 0.717593 0.202083 0.712037 0.196875 0.711111 0.191667 0.716667 0.189583 0.725926 0.191146 0.736111 0.198958 0.745370 0.205729 0.743519 0.210417 0.736111
0 0.144271 0.761111 0.141146 0.750926 0.135417 0.745370 0.130208 0.744444 0.125000 0.750000 0.123438 0.759259 0.124479 0.769444 0.131771 0.778704 0.138542 0.775926 0.143229 0.769444
0 0.093229 0.694444 0.090625 0.684259 0.083854 0.678704 0.079167 0.676852 0.073437 0.684259 0.072396 0.691667 0.073437 0.702778 0.081250 0.711111 0.087500 0.711111 0.091667 0.703704
0 0.125521 0.732407 0.121875 0.723148 0.115625 0.717593 0.110417 0.715741 0.105208 0.722222 0.103646 0.730556 0.104687 0.741667 0.112500 0.750000 0.119271 0.750000 0.123438 0.742593
0 0.041146 0.725926 0.038021 0.716667 0.032292 0.711111 0.027083 0.710185 0.022396 0.715741 0.022396 0.735185 0.029687 0.744444 0.035937 0.741667 0.040104 0.735185 0.065104 0.284259
0 0.062500 0.275926 0.057292 0.269444 0.051562 0.269444 0.046875 0.275000 0.044792 0.284259 0.045313 0.294444 0.052083 0.302778 0.058333 0.300926 0.063542 0.294444 0.217187 0.229630
0 0.214062 0.221296 0.208333 0.214815 0.203125 0.213889 0.196875 0.220370 0.195312 0.229630 0.195312 0.239815 0.203125 0.248148 0.209896 0.246296 0.215104 0.239815 0.134896 0.050926
0 0.132812 0.042593 0.127083 0.037963 0.122396 0.037037 0.115625 0.043519 0.114063 0.050926 0.114063 0.061111 0.121354 0.067593 0.127604 0.067593 0.132292 0.060185 0.381250 0.178704
0 0.378646 0.170370 0.372396 0.163889 0.366667 0.162963 0.360938 0.169444 0.358854 0.178704 0.359896 0.188889 0.366667 0.197222 0.373958 0.195370 0.379687 0.187963 0.246354 0.223148
0 0.243750 0.213889 0.237500 0.209259 0.232292 0.208333 0.226042 0.214815 0.224479 0.222222 0.225000 0.233333 0.232812 0.241667 0.239583 0.239815 0.244271 0.232407 0.341667 0.099074
0 0.338542 0.089815 0.332292 0.084259 0.327083 0.083333 0.321354 0.089815 0.319271 0.098148 0.319792 0.108333 0.327083 0.115741 0.334375 0.113889 0.339583 0.107407 0.413021 0.308333
0 0.409896 0.299074 0.403646 0.293519 0.397917 0.292593 0.392188 0.298148 0.390104 0.307407 0.391146 0.318519 0.399479 0.326852 0.406250 0.325000 0.410937 0.318519 0.375521 0.305556
0 0.371875 0.295370 0.366146 0.289815 0.360417 0.288889 0.354688 0.295370 0.352604 0.304630 0.353646 0.315741 0.361458 0.324074 0.368750 0.322222 0.373437 0.314815 0.493229 0.413889
0 0.489583 0.404630 0.483333 0.398148 0.477604 0.397222 0.471875 0.403704 0.469792 0.412963 0.470833 0.424074 0.479167 0.432407 0.486458 0.431481 0.491146 0.424074 0.480208 0.072222
0 0.477083 0.063889 0.469792 0.059259 0.465104 0.058333 0.459375 0.062963 0.457812 0.071296 0.458333 0.081481 0.465625 0.090741 0.473437 0.088889 0.478125 0.081481 0.602604 0.313889
0 0.598958 0.304630 0.592708 0.298148 0.586979 0.297222 0.581771 0.303704 0.579687 0.312963 0.580729 0.323148 0.589063 0.331481 0.596354 0.330556 0.600521 0.324074 0.571875 0.206481
0 0.568229 0.198148 0.561979 0.192593 0.556771 0.191667 0.550521 0.197222 0.548437 0.205556 0.549479 0.216667 0.557813 0.225926 0.565104 0.224074 0.569792 0.216667 0.527083 0.237037
0 0.523958 0.227778 0.517187 0.222222 0.511979 0.221296 0.505729 0.226852 0.504167 0.236111 0.504687 0.247222 0.513021 0.255556 0.520312 0.253704 0.525000 0.246296 0.555208 0.081481
0 0.552083 0.072222 0.545313 0.067593 0.540104 0.066667 0.534375 0.072222 0.532292 0.080556 0.533333 0.090741 0.541667 0.099074 0.548437 0.097222 0.553125 0.090741 0.325000 0.329630
0 0.321354 0.320370 0.315625 0.314815 0.309896 0.313889 0.304167 0.319444 0.302083 0.328704 0.303125 0.339815 0.310417 0.349074 0.318229 0.347222 0.322917 0.339815 0.508854 0.374074
0 0.505208 0.364815 0.499479 0.359259 0.493750 0.358333 0.488021 0.363889 0.485938 0.373148 0.486979 0.384259 0.495313 0.393519 0.502083 0.391667 0.506771 0.384259 0.375521 0.395370
0 0.372396 0.386111 0.366146 0.380556 0.360938 0.379630 0.354688 0.385185 0.353125 0.394444 0.353646 0.405556 0.361458 0.414815 0.368750 0.412963 0.373437 0.405556 0.538542 0.303704
0 0.534896 0.294444 0.528646 0.288889 0.523438 0.287963 0.517187 0.293519 0.515104 0.302778 0.516146 0.312963 0.524479 0.322222 0.531771 0.320370 0.536458 0.312963 0.378125 0.214815
0 0.375000 0.204630 0.368229 0.199074 0.363542 0.198148 0.357292 0.204630 0.354688 0.213889 0.355729 0.224074 0.364062 0.232407 0.371354 0.230556 0.376042 0.223148 0.275521 0.294444
0 0.272396 0.286111 0.266667 0.279630 0.260938 0.278704 0.255208 0.285185 0.253125 0.294444 0.254167 0.304630 0.261458 0.312963 0.268750 0.312037 0.273958 0.304630 0.089062 0.072222
0 0.086979 0.064815 0.081771 0.059259 0.076563 0.058333 0.070833 0.064815 0.068750 0.073148 0.068750 0.082407 0.075521 0.089815 0.081771 0.087963 0.086979 0.081481 0.084375 0.381481
0 0.081771 0.372222 0.075521 0.367593 0.070833 0.366667 0.065104 0.372222 0.063542 0.380556 0.063542 0.391667 0.070833 0.401852 0.077604 0.399074 0.082813 0.391667 0.681771 0.587037
0 0.678646 0.577778 0.671875 0.571296 0.666667 0.570370 0.660417 0.576852 0.658854 0.586111 0.659375 0.597222 0.667708 0.605556 0.675000 0.603704 0.679688 0.596296 0.578646 0.575926
0 0.575000 0.566667 0.568750 0.560185 0.563542 0.559259 0.557292 0.565741 0.555208 0.575000 0.556250 0.586111 0.564583 0.594444 0.571875 0.593518 0.576563 0.586111 0.563021 0.688889
0 0.559375 0.680556 0.553125 0.675000 0.547396 0.674074 0.541667 0.679630 0.539062 0.688889 0.540625 0.699074 0.548437 0.708333 0.556250 0.706481 0.560938 0.699074 0.639583 0.550926
0 0.636458 0.541667 0.629687 0.536111 0.624479 0.535185 0.618229 0.540741 0.616146 0.550000 0.617188 0.561111 0.625521 0.570370 0.632812 0.568519 0.637500 0.561111 0.658333 0.513889
0 0.655729 0.504630 0.648958 0.499074 0.643750 0.498148 0.637500 0.503704 0.635417 0.512963 0.636458 0.524074 0.644792 0.532407 0.652083 0.530556 0.656771 0.524074 0.658854 0.476852
0 0.656250 0.466667 0.649479 0.461111 0.644271 0.460185 0.638021 0.466667 0.636458 0.475926 0.636979 0.487037 0.645312 0.495370 0.652604 0.493519 0.657292 0.486111 0.765104 0.437037
0 0.764583 0.426852 0.758333 0.420370 0.753125 0.419444 0.746875 0.425926 0.745313 0.435185 0.745833 0.446296 0.750521 0.451852 0.756250 0.450926 0.761979 0.444444 0.786458 0.365741
0 0.785937 0.355556 0.779688 0.350000 0.773958 0.348148 0.768750 0.354630 0.766667 0.362963 0.767708 0.374074 0.771875 0.380556 0.778125 0.379630 0.783333 0.373148 0.788021 0.331481
0 0.787500 0.322222 0.781250 0.315741 0.776042 0.314815 0.770312 0.320370 0.768229 0.329630 0.769271 0.340741 0.773438 0.346296 0.779688 0.345370 0.784896 0.338889 0.686979 0.276852
0 0.686458 0.266667 0.680208 0.261111 0.675000 0.260185 0.669271 0.265741 0.667188 0.275000 0.668229 0.286111 0.672396 0.291667 0.678646 0.290741 0.684375 0.284259 0.742708 0.278704
0 0.741667 0.269444 0.735937 0.262963 0.730729 0.261111 0.725000 0.267593 0.723437 0.276852 0.724479 0.287963 0.729167 0.291667 0.734375 0.293519 0.740104 0.286111 0.732813 0.188889
0 0.731771 0.178704 0.725521 0.174074 0.720312 0.172222 0.714583 0.178704 0.712500 0.187037 0.714063 0.197222 0.718229 0.203704 0.724479 0.202778 0.729688 0.195370 0.890104 0.195370
0 0.889583 0.185185 0.882812 0.179630 0.878125 0.177778 0.872917 0.183333 0.871354 0.192593 0.872396 0.202778 0.876562 0.209259 0.882292 0.208333 0.887500 0.201852 0.945833 0.360185
0 0.944792 0.350000 0.939062 0.344444 0.933854 0.343519 0.928646 0.350000 0.927083 0.357407 0.929688 0.366667 0.933854 0.372222 0.939062 0.371296 0.943229 0.367593 0.782292 0.204630
0 0.781771 0.194444 0.775000 0.188889 0.769792 0.187963 0.764063 0.193519 0.762500 0.202778 0.765104 0.211111 0.769792 0.215741 0.775000 0.216667 0.779167 0.212037 0.909375 0.442593
0 0.908854 0.431481 0.902604 0.425926 0.897917 0.425000 0.892187 0.430556 0.890625 0.439815 0.893229 0.449074 0.897396 0.454630 0.903125 0.453704 0.906250 0.450000 0.892708 0.543519
0 0.892187 0.534259 0.886458 0.528704 0.881250 0.527778 0.876042 0.533333 0.873958 0.543519 0.876042 0.550926 0.880208 0.556481 0.885938 0.556481 0.890104 0.551852 0.957292 0.559259
0 0.956771 0.550000 0.951042 0.544444 0.945833 0.543519 0.940104 0.549074 0.938542 0.559259 0.941146 0.566667 0.944792 0.572222 0.950521 0.571296 0.954167 0.567593 0.915104 0.608333
0 0.915104 0.599074 0.908854 0.593518 0.904167 0.592593 0.897917 0.599074 0.895833 0.608333 0.898958 0.615741 0.902604 0.621296 0.908333 0.620370 0.911979 0.616667 0.952604 0.625926
0 0.952083 0.615741 0.946875 0.610185 0.941667 0.609259 0.935938 0.616667 0.934375 0.624074 0.936458 0.633333 0.940104 0.638889 0.945312 0.637963 0.949479 0.633333 0.848958 0.656482
0 0.848958 0.646296 0.842708 0.640741 0.837500 0.639815 0.831771 0.646296 0.829687 0.654630 0.832292 0.662963 0.835938 0.669444 0.842188 0.668519 0.845833 0.663889 0.898958 0.831481
0 0.898958 0.822222 0.893750 0.816667 0.888542 0.815741 0.882812 0.822222 0.880729 0.830556 0.882812 0.838889 0.885938 0.844444 0.892187 0.842593 0.895833 0.838889 0.798437 0.862037
0 0.798958 0.852778 0.792708 0.848148 0.787500 0.847222 0.781771 0.852778 0.779167 0.862037 0.781250 0.870370 0.785937 0.875000 0.791146 0.874074 0.795313 0.870370 0.703125 0.778704
0 0.702604 0.769444 0.696875 0.762963 0.691146 0.762037 0.685417 0.768519 0.683333 0.777778 0.685938 0.785185 0.689583 0.790741 0.695833 0.790741 0.700000 0.786111 0.643750 0.809259
0 0.643229 0.799074 0.637500 0.793519 0.631771 0.792593 0.626042 0.799074 0.623958 0.807407 0.626562 0.815741 0.630208 0.821296 0.635938 0.821296 0.640625 0.816667 0.681250 0.875926
0 0.681250 0.865741 0.675521 0.859259 0.669792 0.859259 0.664062 0.864815 0.661979 0.874074 0.664062 0.882407 0.668229 0.887037 0.673958 0.887037 0.678125 0.882407 0.588542 0.840741
0 0.588542 0.831481 0.582292 0.825000 0.576563 0.824074 0.570312 0.830556 0.568750 0.838889 0.571354 0.848148 0.575521 0.852778 0.581771 0.851852 0.585417 0.848148 0.534896 0.822222
0 0.534375 0.812963 0.527604 0.806481 0.522396 0.805556 0.516146 0.812037 0.513542 0.821296 0.517187 0.828704 0.521354 0.834259 0.527604 0.834259 0.531250 0.829630 0.503125 0.828704
0 0.502604 0.819444 0.496875 0.813889 0.491146 0.812963 0.485417 0.818519 0.483333 0.826852 0.485938 0.836111 0.490104 0.840741 0.496354 0.839815 0.500000 0.837037 0.542188 0.875926
0 0.541667 0.866667 0.534896 0.861111 0.529688 0.860185 0.523958 0.865741 0.522396 0.875000 0.524479 0.883333 0.528646 0.887963 0.534896 0.887963 0.538021 0.884259 0.589063 0.875000
0 0.588542 0.864815 0.582292 0.859259 0.577083 0.858333 0.571354 0.864815 0.569271 0.873148 0.571354 0.881481 0.575521 0.886111 0.581771 0.886111 0.585938 0.881481 0.480729 0.839815
0 0.480729 0.829630 0.474479 0.824074 0.469271 0.823148 0.463542 0.828704 0.460938 0.838889 0.464063 0.846296 0.468750 0.851852 0.473958 0.851852 0.478125 0.847222 0.440104 0.697222
0 0.439583 0.687037 0.433333 0.682407 0.428646 0.683333 0.425000 0.687963 0.423958 0.695370 0.425000 0.701852 0.428646 0.707407 0.434375 0.707407 0.436979 0.705556 0.417188 0.676852
0 0.416667 0.666667 0.410417 0.661111 0.404687 0.661111 0.399479 0.666667 0.398958 0.675926 0.400000 0.683333 0.404167 0.688889 0.409896 0.687963 0.414062 0.684259 0.377083 0.669444
0 0.376563 0.660185 0.369792 0.653704 0.364062 0.653704 0.359375 0.659259 0.358333 0.669444 0.359375 0.675926 0.363542 0.681481 0.369792 0.681481 0.373437 0.676852 0.451042 0.588889
0 0.450521 0.578704 0.444271 0.572222 0.438542 0.573148 0.433333 0.578704 0.432292 0.588889 0.432813 0.597222 0.437500 0.601852 0.443750 0.600926 0.447917 0.596296 0.433854 0.605556
0 0.433333 0.594444 0.426562 0.588889 0.421354 0.588889 0.416146 0.595370 0.415104 0.605556 0.416146 0.612037 0.420312 0.617593 0.426562 0.617593 0.430208 0.612963 0.308333 0.643519
0 0.307813 0.633333 0.301562 0.626852 0.296354 0.626852 0.291146 0.633333 0.290104 0.643519 0.291146 0.650000 0.295312 0.655556 0.301562 0.655556 0.305729 0.650926 0.324479 0.686111
0 0.324479 0.675926 0.317708 0.670370 0.312500 0.670370 0.307813 0.676852 0.306771 0.686111 0.307292 0.692593 0.311979 0.698148 0.317708 0.697222 0.321875 0.694444 0.225000 0.677778
0 0.224479 0.667593 0.218229 0.662037 0.213021 0.662037 0.207813 0.668519 0.207292 0.676852 0.208333 0.684259 0.212500 0.689815 0.218229 0.689815 0.222396 0.685185 0.310417 0.598148
0 0.309896 0.587963 0.303125 0.582407 0.297917 0.582407 0.292708 0.588889 0.291667 0.598148 0.292708 0.605556 0.296875 0.611111 0.303125 0.611111 0.306771 0.606481 0.332812 0.608333
0 0.332292 0.598148 0.325521 0.592593 0.319792 0.592593 0.315625 0.599074 0.314583 0.608333 0.315625 0.615741 0.319792 0.621296 0.325521 0.621296 0.329167 0.616667 0.276563 0.724074
0 0.276042 0.713889 0.269271 0.708333 0.264583 0.707407 0.259896 0.713889 0.258854 0.725000 0.259896 0.730556 0.264062 0.736111 0.269792 0.736111 0.273958 0.731481 0.150000 0.670370
0 0.149479 0.661111 0.143229 0.655556 0.138021 0.655556 0.133333 0.660185 0.132292 0.671296 0.133854 0.677778 0.137500 0.683333 0.143750 0.682407 0.147396 0.677778 0.169271 0.527778
0 0.168750 0.517593 0.163021 0.512037 0.157292 0.512037 0.153125 0.517593 0.152083 0.527778 0.152604 0.535185 0.157292 0.540741 0.162500 0.539815 0.166667 0.536111 0.152604 0.400000
0 0.152083 0.389815 0.146354 0.383333 0.141146 0.383333 0.135937 0.389815 0.134896 0.400000 0.135937 0.406481 0.139583 0.411111 0.145313 0.412037 0.149479 0.406481 0.079167 0.156481
0 0.079167 0.147222 0.073958 0.141667 0.069271 0.142593 0.064062 0.147222 0.062500 0.156481 0.063021 0.163889 0.066667 0.168519 0.072396 0.167593 0.076042 0.163889 0.061979 0.239815
0 0.061979 0.230556 0.056250 0.225000 0.051562 0.225926 0.046354 0.231481 0.045313 0.240741 0.045833 0.246296 0.049479 0.252778 0.055208 0.251852 0.058854 0.247222 0.075521 0.260185
0 0.075000 0.250926 0.069792 0.244444 0.064583 0.245370 0.059896 0.250926 0.058333 0.261111 0.059375 0.266667 0.062500 0.273148 0.068229 0.272222 0.072396 0.267593 0.059375 0.210185
0 0.059375 0.202778 0.055729 0.198148 0.051562 0.198148 0.046875 0.200926 0.045833 0.210185 0.046354 0.216667 0.049479 0.223148 0.055208 0.221296 0.058333 0.216667 0.142708 0.227778
0 0.143229 0.216667 0.136979 0.211111 0.131771 0.212037 0.127083 0.218519 0.126563 0.226852 0.126563 0.233333 0.130729 0.238889 0.135937 0.237963 0.139583 0.234259 0.373437 0.074074
0 0.372396 0.064815 0.368750 0.061111 0.363021 0.059259 0.358333 0.064815 0.356771 0.075000 0.357812 0.080556 0.361458 0.085185 0.367708 0.085185 0.371354 0.081481 0.402604 0.119444
0 0.401563 0.110185 0.397396 0.105556 0.392188 0.104630 0.388021 0.110185 0.386458 0.120370 0.385938 0.125926 0.391146 0.131481 0.397396 0.130556 0.401042 0.125926 0.461979 0.125000
0 0.460938 0.115741 0.456771 0.112037 0.451562 0.110185 0.446354 0.116667 0.445833 0.125000 0.446354 0.131481 0.450521 0.137037 0.456250 0.136111 0.460417 0.132407 0.486458 0.162037
0 0.485417 0.153704 0.481250 0.148148 0.475521 0.147222 0.471354 0.152778 0.470313 0.162037 0.470833 0.169444 0.475000 0.175000 0.481250 0.174074 0.484896 0.170370 0.431771 0.205556
0 0.430729 0.196296 0.427083 0.190741 0.421875 0.189815 0.417188 0.195370 0.416146 0.205556 0.416146 0.212037 0.420312 0.217593 0.426562 0.216667 0.430729 0.212037 0.444792 0.173148
0 0.443750 0.163889 0.439583 0.159259 0.434375 0.157407 0.429688 0.163889 0.428646 0.173148 0.429167 0.179630 0.432813 0.184259 0.439063 0.184259 0.443229 0.180556 0.512500 0.176852
0 0.511458 0.167593 0.507292 0.162037 0.501562 0.161111 0.497917 0.166667 0.496875 0.176852 0.497396 0.183333 0.501042 0.188889 0.507292 0.187963 0.510938 0.183333 0.279167 0.254630
0 0.278125 0.245370 0.274479 0.239815 0.268750 0.237963 0.264062 0.244444 0.263021 0.254630 0.263542 0.261111 0.267188 0.265741 0.273438 0.265741 0.277604 0.261111 0.308854 0.382407
0 0.307813 0.373148 0.304167 0.368519 0.298438 0.367593 0.294271 0.373148 0.292708 0.383333 0.293229 0.388889 0.297396 0.394444 0.303646 0.394444 0.307813 0.389815 0.184896 0.312037
0 0.184896 0.306481 0.182812 0.301852 0.177083 0.300000 0.172917 0.306481 0.172396 0.315741 0.173438 0.319444 0.176563 0.324074 0.181250 0.324074 0.183854 0.319444 0.202604 0.296296
0 0.202604 0.289815 0.200521 0.284259 0.194792 0.283333 0.190104 0.289815 0.190104 0.299074 0.191146 0.303704 0.193750 0.306481 0.198958 0.307407 0.201562 0.302778 0.232812 0.280556
0 0.232812 0.275000 0.230729 0.269444 0.225000 0.267593 0.220313 0.274074 0.220313 0.284259 0.221354 0.287037 0.223958 0.291667 0.229167 0.291667 0.231771 0.287037 0.278125 0.225000
0 0.278125 0.217593 0.276042 0.212963 0.270312 0.212037 0.265625 0.217593 0.265625 0.227778 0.266667 0.231481 0.269271 0.235185 0.274479 0.235185 0.276563 0.231481 0.303125 0.352778
0 0.302604 0.346296 0.300000 0.340741 0.294271 0.338889 0.290104 0.345370 0.289583 0.355556 0.291146 0.360185 0.294271 0.363889 0.298958 0.363889 0.301562 0.360185 0.340104 0.315741
0 0.339583 0.309259 0.336458 0.304630 0.331250 0.302778 0.326562 0.308333 0.326562 0.318519 0.327604 0.323148 0.330729 0.326852 0.335938 0.327778 0.338542 0.323148 0.323958 0.387963
0 0.323438 0.382407 0.321354 0.375926 0.315625 0.374074 0.311458 0.380556 0.310937 0.390741 0.311979 0.394444 0.315625 0.399074 0.319792 0.399074 0.322396 0.394444 0.310937 0.186111
0 0.311458 0.179630 0.308333 0.175000 0.302604 0.173148 0.298438 0.179630 0.297917 0.188889 0.299479 0.192593 0.302604 0.197222 0.306771 0.197222 0.309896 0.192593 0.266146 0.103704
0 0.266146 0.097222 0.263021 0.093519 0.258854 0.091667 0.254167 0.097222 0.253646 0.106481 0.254687 0.110185 0.257292 0.114815 0.261979 0.114815 0.265104 0.110185 0.206250 0.088889
0 0.206771 0.083333 0.204167 0.078704 0.198958 0.077778 0.194271 0.084259 0.194271 0.092593 0.194792 0.096296 0.197396 0.100926 0.202604 0.099074 0.205208 0.096296 0.244792 0.047222
0 0.244271 0.041667 0.242708 0.036111 0.237500 0.036111 0.232812 0.040741 0.232292 0.050000 0.233333 0.053704 0.235938 0.057407 0.240104 0.058333 0.243229 0.053704 0.151042 0.146296
0 0.148958 0.143519 0.146354 0.141667 0.142708 0.141667 0.140625 0.143519 0.137500 0.149074 0.136979 0.153704 0.136979 0.158333 0.139583 0.162037 0.144271 0.163889 0.147917 0.162037
0 0.150521 0.158333 0.152604 0.152778 0.159375 0.204630 0.156771 0.200926 0.154167 0.200000 0.150521 0.199074 0.147917 0.201852 0.145313 0.207407 0.144271 0.212037 0.144792 0.216667 0.147396 0.221296 0.152083 0.222222 0.154687 0.220370
0 0.158333 0.216667 0.159896 0.210185 0.182812 0.219444 0.180208 0.215741 0.177604 0.213889 0.173438 0.212963 0.171354 0.214815 0.168229 0.221296 0.167708 0.226852 0.167708 0.230556 0.170312 0.235185 0.176042 0.237037 0.178646 0.235185
0 0.181771 0.230556 0.183333 0.225000 0.228646 0.137037 0.226042 0.133333 0.223958 0.131481 0.219271 0.132407 0.217708 0.133333 0.214583 0.138889 0.214062 0.145370 0.214062 0.148148 0.216667 0.153704 0.221354 0.154630 0.225000 0.152778
0 0.228125 0.149074 0.229687 0.142593 0.241146 0.169444 0.239063 0.163889 0.235938 0.162963 0.232812 0.162963 0.230208 0.164815 0.227604 0.169444 0.226562 0.175926 0.226562 0.180556 0.229687 0.184259 0.234375 0.185185 0.237500 0.183333
0 0.240625 0.179630 0.242188 0.174074 0.248958 0.137963 0.246354 0.133333 0.243229 0.133333 0.240104 0.132407 0.238021 0.134259 0.234896 0.138889 0.234375 0.145370 0.233333 0.150000 0.236979 0.153704 0.241667 0.155556 0.245312 0.152778
0 0.248437 0.149074 0.250000 0.143519 0.151042 0.059259 0.148958 0.055556 0.145833 0.054630 0.143229 0.053704 0.141146 0.055556 0.138021 0.060185 0.137500 0.065741 0.136979 0.070370 0.139583 0.074074 0.144271 0.075926 0.147396 0.075000
0 0.150521 0.069444 0.152604 0.064815 0.282292 0.156481 0.279167 0.153704 0.276563 0.151852 0.272917 0.151852 0.270833 0.153704 0.267708 0.159259 0.266667 0.164815 0.266667 0.168519 0.269792 0.174074 0.274479 0.175000 0.278125 0.173148
0 0.281250 0.169444 0.282813 0.162963 0.332812 0.063889 0.330729 0.061111 0.327604 0.059259 0.323958 0.058333 0.321875 0.060185 0.318750 0.065741 0.318229 0.071296 0.318229 0.075000 0.320833 0.079630 0.326042 0.081481 0.329688 0.079630
0 0.332812 0.075000 0.333333 0.071296 0.358333 0.093519 0.355208 0.089815 0.353125 0.087963 0.348958 0.087963 0.346875 0.089815 0.343750 0.095370 0.343229 0.100926 0.343229 0.104630 0.345313 0.110185 0.351562 0.110185 0.354688 0.108333
0 0.357812 0.105556 0.359375 0.099074 0.418750 0.221296 0.416146 0.216667 0.413542 0.215741 0.409896 0.214815 0.407813 0.216667 0.404687 0.222222 0.404167 0.228704 0.404167 0.233333 0.406771 0.237037 0.411979 0.238889 0.415625 0.236111
0 0.418229 0.233333 0.420312 0.227778 0.426562 0.120370 0.423958 0.116667 0.420833 0.115741 0.417188 0.114815 0.414583 0.116667 0.411979 0.121296 0.410937 0.127778 0.411458 0.132407 0.414583 0.136111 0.419792 0.137037 0.422917 0.135185
0 0.425521 0.132407 0.427604 0.125926 0.516146 0.125926 0.513542 0.122222 0.510417 0.120370 0.506771 0.119444 0.504167 0.121296 0.501042 0.127778 0.500521 0.132407 0.501042 0.137037 0.504167 0.141667 0.508854 0.143519 0.512500 0.141667
0 0.515625 0.137037 0.517187 0.131481 0.481771 0.126852 0.479167 0.123148 0.476042 0.121296 0.472917 0.121296 0.470833 0.123148 0.467187 0.128704 0.467187 0.134259 0.467187 0.137963 0.470313 0.142593 0.475000 0.143519 0.478646 0.142593
0 0.481771 0.138889 0.483333 0.132407 0.537500 0.112963 0.534896 0.108333 0.531771 0.107407 0.528125 0.106481 0.526042 0.108333 0.523438 0.113889 0.522917 0.119444 0.522917 0.123148 0.525521 0.128704 0.530729 0.128704 0.534375 0.127778
0 0.536979 0.124074 0.539062 0.117593 0.521875 0.195370 0.519271 0.190741 0.516146 0.189815 0.511979 0.188889 0.509896 0.190741 0.507292 0.196296 0.506250 0.201852 0.506771 0.206481 0.509896 0.211111 0.515104 0.212037 0.518229 0.210185
0 0.521354 0.206481 0.522917 0.200926 0.547396 0.142593 0.544792 0.137963 0.541667 0.137037 0.538021 0.136111 0.535937 0.137963 0.532812 0.143519 0.532292 0.149074 0.532292 0.153704 0.535417 0.158333 0.540625 0.160185 0.544271 0.157407
0 0.547396 0.153704 0.548958 0.148148 0.563542 0.107407 0.560417 0.104630 0.557813 0.102778 0.553646 0.101852 0.551042 0.103704 0.548437 0.109259 0.547917 0.114815 0.548437 0.118519 0.551562 0.123148 0.556771 0.125000 0.559896 0.123148
0 0.563021 0.118519 0.564583 0.113889 0.584896 0.150000 0.582292 0.147222 0.579687 0.145370 0.576042 0.144444 0.573958 0.146296 0.570833 0.150926 0.570312 0.157407 0.570312 0.162037 0.573438 0.165741 0.578646 0.167593 0.582292 0.165741
0 0.585417 0.162037 0.586979 0.156481 0.564062 0.165741 0.561979 0.162037 0.558854 0.161111 0.555208 0.160185 0.553125 0.162037 0.550000 0.166667 0.549479 0.173148 0.549479 0.177778 0.552604 0.181481 0.557813 0.182407 0.561458 0.181481
0 0.564062 0.177778 0.565625 0.172222 0.545313 0.183333 0.542708 0.179630 0.539583 0.178704 0.535937 0.177778 0.533854 0.179630 0.531250 0.184259 0.530729 0.190741 0.530729 0.194444 0.533854 0.200000 0.539062 0.200926 0.542188 0.199074
0 0.545313 0.195370 0.546875 0.188889 0.646354 0.163889 0.643229 0.161111 0.641146 0.158333 0.636979 0.157407 0.635417 0.160185 0.632292 0.164815 0.631771 0.170370 0.631771 0.175000 0.634896 0.178704 0.640625 0.180556 0.643750 0.179630
0 0.646354 0.175000 0.647917 0.169444 0.653646 0.146296 0.652604 0.143519 0.650000 0.140741 0.646875 0.139815 0.644271 0.140741 0.641146 0.145370 0.640625 0.150000 0.641146 0.154630 0.644271 0.159259 0.649479 0.161111 0.652604 0.159259
0 0.654167 0.154630 0.654688 0.150926 0.630729 0.154630 0.629167 0.150926 0.626562 0.149074 0.623438 0.148148 0.620833 0.148148 0.617188 0.152778 0.616667 0.158333 0.617188 0.162037 0.620313 0.167593 0.625521 0.168519 0.628646 0.166667
0 0.630729 0.162963 0.631771 0.158333 0.684896 0.150000 0.682292 0.145370 0.679688 0.144444 0.676042 0.143519 0.673958 0.145370 0.670833 0.150926 0.670833 0.156481 0.670833 0.161111 0.673958 0.165741 0.678646 0.166667 0.682292 0.164815
0 0.685417 0.161111 0.686458 0.155556 0.696354 0.244444 0.693750 0.241667 0.690625 0.239815 0.686979 0.238889 0.684896 0.239815 0.682292 0.246296 0.681771 0.251852 0.681771 0.256481 0.684896 0.261111 0.690104 0.262963 0.693750 0.261111
0 0.695833 0.256481 0.697917 0.250926 0.664583 0.233333 0.663021 0.231481 0.660937 0.228704 0.657812 0.227778 0.655208 0.227778 0.652083 0.231481 0.651563 0.237963 0.651563 0.242593 0.654688 0.247222 0.660417 0.249074 0.663542 0.246296
0 0.665104 0.242593 0.666146 0.237963 0.722917 0.227778 0.720312 0.223148 0.717188 0.222222 0.713542 0.221296 0.711458 0.224074 0.708854 0.227778 0.708333 0.234259 0.708333 0.238889 0.711458 0.243519 0.716667 0.245370 0.720312 0.242593
0 0.722917 0.238889 0.724479 0.233333 0.750521 0.180556 0.747396 0.175926 0.744792 0.175000 0.740625 0.174074 0.739062 0.175926 0.735937 0.180556 0.735417 0.187037 0.735937 0.191667 0.739062 0.196296 0.744271 0.197222 0.747396 0.195370
0 0.750000 0.191667 0.751562 0.186111 0.806250 0.171296 0.804167 0.168519 0.800521 0.166667 0.796875 0.165741 0.795313 0.166667 0.792708 0.172222 0.792188 0.178704 0.792708 0.182407 0.795833 0.187037 0.800521 0.187963 0.804167 0.186111
0 0.806250 0.183333 0.808333 0.176852 0.775000 0.239815 0.774479 0.229630 0.767708 0.224074 0.763021 0.223148 0.757292 0.227778 0.755729 0.237037 0.755729 0.248148 0.760938 0.253704 0.766146 0.253704 0.772396 0.247222 0.810938 0.211111
0 0.810417 0.200926 0.803646 0.195370 0.798437 0.194444 0.793229 0.200000 0.791667 0.208333 0.792708 0.219444 0.798437 0.225000 0.803646 0.225000 0.808333 0.219444 0.866667 0.230556
0 0.866146 0.220370 0.859896 0.213889 0.854688 0.212963 0.848958 0.219444 0.847917 0.227778 0.848437 0.238889 0.854167 0.243519 0.859375 0.244444 0.864583 0.238889 0.827604 0.259259
0 0.827083 0.249074 0.820833 0.242593 0.815625 0.241667 0.810417 0.248148 0.808333 0.256481 0.809896 0.267593 0.814583 0.273148 0.820312 0.273148 0.825521 0.267593 0.833333 0.208333
0 0.832292 0.198148 0.826042 0.192593 0.820833 0.191667 0.815625 0.197222 0.814062 0.205556 0.815104 0.216667 0.820312 0.221296 0.825521 0.222222 0.830729 0.216667 0.859896 0.181481
0 0.858854 0.172222 0.852604 0.166667 0.847396 0.164815 0.842188 0.171296 0.840625 0.178704 0.841667 0.189815 0.847396 0.193519 0.852083 0.195370 0.857813 0.189815 0.971875 0.305556
0 0.970833 0.296296 0.965104 0.290741 0.960417 0.289815 0.954687 0.294444 0.953646 0.303704 0.954167 0.314815 0.959896 0.319444 0.964583 0.320370 0.969271 0.315741 0.864583 0.380556
0 0.864062 0.369444 0.858333 0.363889 0.852604 0.362963 0.847396 0.368519 0.845833 0.377778 0.846875 0.388889 0.851562 0.393519 0.857292 0.394444 0.862500 0.388889 0.832292 0.350000
0 0.831771 0.339815 0.825521 0.334259 0.820312 0.333333 0.814583 0.338889 0.812500 0.347222 0.813542 0.358333 0.819271 0.363889 0.824479 0.364815 0.829687 0.359259 0.974479 0.474074
0 0.973958 0.464815 0.968750 0.457407 0.964063 0.456481 0.958333 0.462963 0.956250 0.471296 0.958854 0.480556 0.963021 0.486111 0.968229 0.485185 0.971875 0.481481 0.923437 0.532407
0 0.922917 0.522222 0.917188 0.515741 0.911979 0.514815 0.906250 0.521296 0.904688 0.530556 0.906771 0.538889 0.910937 0.544444 0.916667 0.543519 0.920313 0.538889 0.950521 0.523148
0 0.950000 0.512037 0.944271 0.506481 0.939062 0.505556 0.933854 0.512037 0.931771 0.521296 0.934375 0.529630 0.938021 0.534259 0.943750 0.534259 0.946875 0.530556 0.824479 0.496296
0 0.823958 0.486111 0.818229 0.479630 0.812500 0.478704 0.807292 0.485185 0.805208 0.494444 0.807813 0.501852 0.811458 0.508333 0.817708 0.507407 0.821875 0.502778 0.784896 0.439815
0 0.784375 0.429630 0.778125 0.423148 0.773438 0.422222 0.767187 0.428704 0.765104 0.437963 0.767708 0.446296 0.772396 0.451852 0.778125 0.451852 0.781771 0.447222 0.732292 0.567593
0 0.728646 0.557407 0.722917 0.551852 0.717708 0.550926 0.711458 0.557407 0.709375 0.566667 0.710417 0.577778 0.718229 0.586111 0.725521 0.584259 0.730208 0.576852 0.818750 0.683333
0 0.815104 0.674074 0.809375 0.667593 0.804167 0.666667 0.798437 0.673148 0.796354 0.682407 0.796875 0.693519 0.804167 0.700926 0.811458 0.699074 0.816146 0.692593 0.787500 0.588889
0 0.784375 0.579630 0.777604 0.575000 0.772917 0.574074 0.766667 0.579630 0.764583 0.587963 0.765625 0.599074 0.773438 0.608333 0.780729 0.606481 0.785417 0.599074 0.881771 0.671296
0 0.879167 0.661111 0.872917 0.655556 0.868229 0.655556 0.861979 0.661111 0.860417 0.670370 0.860937 0.681481 0.868229 0.689815 0.875521 0.687037 0.879687 0.679630 0.732813 0.118519
0 0.729688 0.110185 0.722917 0.103704 0.717708 0.102778 0.711979 0.108333 0.710417 0.116667 0.710938 0.127778 0.719792 0.135185 0.726562 0.133333 0.731250 0.127778 0.068229 0.725926
0 0.065104 0.717593 0.058854 0.711111 0.054167 0.710185 0.048958 0.715741 0.047917 0.725000 0.048437 0.735185 0.056250 0.744444 0.063021 0.742593 0.066667 0.736111 0.531250 0.762963
0 0.536458 0.751852 0.537500 0.739815 0.534375 0.731481 0.527604 0.726852 0.521875 0.725000 0.515625 0.728704 0.510417 0.735185 0.508854 0.742593 0.508854 0.752778 0.511458 0.761111
0 0.517708 0.765741 0.524479 0.766667 0.477604 0.583333 0.482292 0.572222 0.483333 0.560185 0.480729 0.550000 0.473958 0.545370 0.467708 0.544444 0.461458 0.547222 0.456771 0.554630 0.455208 0.562963 0.455208 0.573148 0.457812 0.580556
0 0.464063 0.586111 0.470313 0.587037 0.704167 0.656482 0.709375 0.645370 0.710417 0.633333 0.707292 0.623148 0.701563 0.620370 0.695312 0.618519 0.689062 0.621296 0.684375 0.628704 0.682813 0.636111 0.682813 0.646296 0.684896 0.653704
0 0.690625 0.659259 0.697396 0.660185 0.693229 0.425000 0.698438 0.414815 0.697396 0.400926 0.687500 0.390741 0.680208 0.389815 0.674479 0.397222 0.672396 0.404630 0.671875 0.415741 0.673958 0.423148 0.680208 0.427778 0.686979 0.428704
0 0.185417 0.110185 0.190625 0.100926 0.192188 0.088889 0.189063 0.081481 0.183854 0.076852 0.178125 0.075926 0.172396 0.078704 0.167708 0.086111 0.165625 0.092593 0.165104 0.102778 0.167187 0.109259
0 0.172917 0.112963 0.179167 0.113889 0.313542 0.142593 0.317708 0.132407 0.318229 0.124074 0.316667 0.114815 0.311979 0.110185 0.306250 0.109259 0.300000 0.112037 0.296354 0.118519 0.293750 0.125926 0.293750 0.135185 0.295312 0.139815
0 0.301042 0.145370 0.307813 0.146296 0.697396 0.559259 0.702604 0.549074 0.703646 0.537037 0.700521 0.526852 0.694271 0.522222 0.688542 0.520370 0.682292 0.524074 0.677083 0.531482 0.675521 0.538889 0.675521 0.550000 0.678125 0.557407
0 0.684375 0.562037 0.691146 0.562963 0.681771 0.462963 0.685938 0.452778 0.685938 0.440741 0.680208 0.430556 0.673437 0.427778 0.667188 0.429630 0.661979 0.437037 0.660417 0.445370 0.660417 0.455556 0.663021 0.462963 0.669271 0.467593
0 0.676042 0.469444 0.788021 0.290741 0.791146 0.280556 0.790625 0.268519 0.784896 0.260185 0.778646 0.256481 0.772396 0.258333 0.768229 0.264815 0.766667 0.272222 0.766667 0.282407 0.769271 0.289815 0.775521 0.294444
0 0.781771 0.295370 0.800000 0.724074 0.800521 0.716667 0.798958 0.709259 0.795313 0.707407 0.791667 0.706481 0.788021 0.707407 0.784896 0.711111 0.782812 0.720370 0.784375 0.726852 0.786979 0.731481 0.793229 0.732407
0 0.796875 0.729630 0.837500 0.687963 0.838542 0.679630 0.836458 0.674074 0.833333 0.672222 0.829687 0.670370 0.825521 0.672222 0.822396 0.675926 0.820833 0.683333 0.822396 0.689815 0.825000 0.694444 0.831250 0.697222
0 0.834375 0.694444 0.921875 0.702778 0.922396 0.695370 0.920833 0.689815 0.917708 0.687037 0.914062 0.686111 0.910417 0.687963 0.907292 0.691667 0.905729 0.699074 0.906771 0.705556 0.909375 0.710185 0.915104 0.712963
0 0.918750 0.710185 0.827083 0.612963 0.827083 0.606481 0.825521 0.599074 0.822396 0.597222 0.818229 0.596296 0.814583 0.597222 0.811458 0.600926 0.809896 0.609259 0.810938 0.616667 0.814062 0.620370 0.819792 0.622222
0 0.823438 0.619444 0.743229 0.675000 0.743229 0.666667 0.740625 0.661111 0.738021 0.658333 0.734375 0.658333 0.730208 0.659259 0.727083 0.662963 0.726042 0.669444 0.727083 0.677778 0.729167 0.682407 0.735937 0.684259
0 0.739583 0.681481 0.730208 0.646296 0.730729 0.638889 0.728646 0.631481 0.725521 0.629630 0.721875 0.628704 0.717708 0.629630 0.714583 0.633333 0.713021 0.640741 0.714583 0.649074 0.716667 0.654630 0.723437 0.655556
0 0.727083 0.652778 0.747917 0.546296 0.748438 0.537963 0.746875 0.531482 0.743229 0.528704 0.739583 0.527778 0.735417 0.529630 0.732292 0.533333 0.730729 0.540741 0.731771 0.549074 0.734896 0.553704 0.741146 0.555556
0 0.745313 0.552778 0.756771 0.856481 0.756771 0.850000 0.755208 0.842593 0.752083 0.841667 0.748438 0.840741 0.744271 0.841667 0.741146 0.845370 0.740104 0.851852 0.740625 0.860185 0.743229 0.863889 0.749479 0.865741
0 0.753125 0.862963 0.643750 0.843518 0.643750 0.837037 0.642187 0.829630 0.639063 0.827778 0.635417 0.826852 0.631250 0.827778 0.628125 0.831481 0.626562 0.839815 0.627604 0.846296 0.630208 0.850926 0.636458 0.852778
0 0.640625 0.850926 0.610417 0.876852 0.610937 0.870370 0.608854 0.862963 0.604688 0.862037 0.597917 0.862037 0.594792 0.864815 0.593229 0.873148 0.594271 0.879630 0.596875 0.884259 0.603646 0.886111 0.607292 0.883333
0 0.665104 0.846296 0.665625 0.838889 0.664062 0.831481 0.660417 0.831481 0.656771 0.829630 0.652604 0.830556 0.649479 0.834259 0.648438 0.840741 0.648958 0.850000 0.651563 0.852778 0.658333 0.854630 0.661979 0.851852
0 0.790104 0.641667 0.790625 0.634259 0.789062 0.627778 0.785417 0.625000 0.781771 0.624074 0.778125 0.625926 0.775000 0.629630 0.773438 0.637037 0.774479 0.643519 0.777083 0.648148 0.783854 0.650926 0.786979 0.648148
0 0.766146 0.625000 0.766667 0.617593 0.765104 0.610185 0.761458 0.607407 0.757812 0.607407 0.753646 0.608333 0.751042 0.612037 0.748958 0.620370 0.750521 0.627778 0.753125 0.632407 0.759896 0.634259 0.763021 0.631481
0 0.748958 0.617593 0.749479 0.609259 0.747396 0.602778 0.743750 0.600000 0.739583 0.600926 0.735937 0.601852 0.733333 0.604630 0.731771 0.612037 0.732292 0.620370 0.735417 0.625000 0.741667 0.626852 0.745833 0.624074
0 0.654688 0.675000 0.655208 0.667593 0.653646 0.660185 0.650000 0.658333 0.646354 0.657407 0.642187 0.658333 0.639063 0.662037 0.637500 0.670370 0.638542 0.677778 0.641667 0.682407 0.647396 0.684259 0.651563 0.681481
0 0.883854 0.490741 0.883854 0.482407 0.882292 0.475926 0.878646 0.473148 0.875000 0.473148 0.871354 0.474074 0.868229 0.478704 0.867188 0.485185 0.868229 0.493519 0.870833 0.498148 0.876562 0.500000 0.880208 0.497222
0 0.779167 0.482407 0.779688 0.474074 0.777604 0.467593 0.773958 0.464815 0.770312 0.463889 0.766146 0.466667 0.763542 0.469444 0.761979 0.476852 0.763021 0.484259 0.766146 0.488889 0.771875 0.491667 0.776042 0.488889
0 0.727604 0.431481 0.728125 0.423148 0.726042 0.416667 0.722396 0.413889 0.718750 0.413889 0.715104 0.414815 0.711979 0.418519 0.710417 0.425926 0.711458 0.434259 0.714583 0.438889 0.720833 0.440741 0.724479 0.437963
0 0.633333 0.415741 0.633854 0.408333 0.631771 0.400926 0.628125 0.399074 0.624479 0.398148 0.620313 0.399074 0.617188 0.402778 0.615625 0.410185 0.616667 0.418519 0.619792 0.423148 0.626042 0.425000 0.630208 0.422222
0 0.836979 0.286111 0.836979 0.277778 0.835417 0.272222 0.831250 0.269444 0.828125 0.267593 0.823958 0.269444 0.821354 0.273148 0.820312 0.280556 0.821354 0.287037 0.823958 0.291667 0.830208 0.295370 0.833854 0.292593
0 0.722917 0.484259 0.722917 0.476852 0.721354 0.469444 0.717708 0.467593 0.713542 0.466667 0.709896 0.467593 0.706250 0.471296 0.705208 0.479630 0.706250 0.487037 0.709375 0.491667 0.715625 0.493519 0.719271 0.490741
0 0.530729 0.352778 0.531250 0.344444 0.529167 0.337963 0.525521 0.335185 0.521875 0.335185 0.517708 0.336111 0.514583 0.339815 0.513021 0.347222 0.514063 0.355556 0.517187 0.360185 0.523958 0.362037 0.527604 0.359259
0 0.568750 0.307407 0.569271 0.300000 0.567187 0.292593 0.563542 0.290741 0.559896 0.289815 0.555729 0.290741 0.552604 0.294444 0.551042 0.301852 0.552604 0.310185 0.555208 0.313889 0.561979 0.315741 0.565625 0.313889
0 0.601042 0.362037 0.601562 0.354630 0.599479 0.347222 0.595833 0.345370 0.592188 0.344444 0.588021 0.345370 0.584896 0.349074 0.583333 0.357407 0.584375 0.364815 0.587500 0.369444 0.593750 0.371296 0.597917 0.368519
0 0.550000 0.430556 0.550000 0.423148 0.548437 0.415741 0.544792 0.413889 0.540625 0.412963 0.536458 0.413889 0.533333 0.417593 0.532292 0.425000 0.533333 0.433333 0.535937 0.437963 0.542708 0.439815 0.546354 0.437037
0 0.490104 0.500926 0.490625 0.493519 0.489062 0.487037 0.485417 0.484259 0.481250 0.483333 0.477604 0.485185 0.473958 0.488889 0.472917 0.496296 0.473958 0.502778 0.477083 0.507407 0.483333 0.510185 0.486979 0.507407
0 0.453646 0.464815 0.453646 0.457407 0.452083 0.450926 0.448438 0.448148 0.444271 0.447222 0.440625 0.449074 0.436979 0.451852 0.435937 0.460185 0.436979 0.467593 0.440104 0.472222 0.446354 0.475000 0.450000 0.472222
0 0.474479 0.460185 0.475000 0.451852 0.472917 0.445370 0.469271 0.442593 0.465625 0.441667 0.461458 0.443519 0.458333 0.447222 0.456771 0.454630 0.457812 0.462037 0.460938 0.467593 0.467187 0.469444 0.471354 0.466667
0 0.466667 0.512037 0.466667 0.504630 0.465104 0.499074 0.461458 0.496296 0.457292 0.495370 0.453125 0.497222 0.449479 0.500000 0.448958 0.507407 0.450000 0.514815 0.452604 0.519444 0.459375 0.521296 0.463021 0.519444
0 0.603125 0.587037 0.603646 0.579630 0.601562 0.572222 0.597917 0.570370 0.594271 0.569444 0.590104 0.570370 0.586979 0.574074 0.585417 0.581481 0.586458 0.589815 0.589583 0.594444 0.595833 0.596296 0.600000 0.593518
0 0.590104 0.516667 0.590625 0.509259 0.588542 0.501852 0.585417 0.500000 0.580729 0.500000 0.577083 0.500000 0.573958 0.503704 0.572396 0.512037 0.573958 0.519444 0.576563 0.524074 0.583333 0.525926 0.586979 0.523148
0 0.600521 0.539815 0.601042 0.531482 0.598958 0.525000 0.595312 0.522222 0.591667 0.522222 0.587500 0.523148 0.584375 0.526852 0.582812 0.534259 0.584375 0.542593 0.586979 0.547222 0.593750 0.549074 0.597396 0.546296
0 0.566146 0.656482 0.566146 0.649074 0.564583 0.641667 0.560938 0.639815 0.556771 0.638889 0.553125 0.639815 0.549479 0.643519 0.548437 0.650926 0.549479 0.659259 0.552604 0.663889 0.558854 0.665741 0.562500 0.662963
0 0.482292 0.626852 0.482292 0.618519 0.480729 0.612037 0.477083 0.609259 0.472917 0.608333 0.468750 0.610185 0.465625 0.613889 0.464583 0.621296 0.465625 0.628704 0.468750 0.633333 0.475000 0.636111 0.478646 0.633333
0 0.519792 0.562037 0.520312 0.554630 0.518229 0.547222 0.515104 0.545370 0.510938 0.544444 0.506771 0.545370 0.503646 0.549074 0.502083 0.557407 0.503646 0.564815 0.506250 0.569444 0.513021 0.571296 0.516667 0.568519
0 0.499479 0.578704 0.499479 0.571296 0.497917 0.563889 0.494271 0.561111 0.490625 0.560185 0.486458 0.562037 0.483333 0.565741 0.481771 0.573148 0.483333 0.580556 0.485938 0.585185 0.492708 0.587963 0.496354 0.585185
0 0.565625 0.756481 0.565625 0.748148 0.563542 0.741667 0.560938 0.738889 0.556771 0.737963 0.552604 0.739815 0.549479 0.743519 0.548437 0.750926 0.549479 0.758333 0.552083 0.762963 0.558333 0.765741 0.561979 0.762963
0 0.501042 0.876852 0.501562 0.869444 0.499479 0.863889 0.496354 0.860185 0.492708 0.860185 0.488542 0.861111 0.485417 0.864815 0.483333 0.872222 0.485417 0.879630 0.488021 0.884259 0.494271 0.886111 0.498437 0.883333
0 0.483333 0.875926 0.483333 0.869444 0.481771 0.862037 0.478125 0.860185 0.473958 0.859259 0.471354 0.862037 0.469271 0.865741 0.467708 0.872222 0.469271 0.879630 0.472917 0.883333 0.476042 0.885185 0.479688 0.882407
0 0.567187 0.873148 0.567708 0.865741 0.565625 0.859259 0.561979 0.856481 0.558333 0.856481 0.554688 0.857407 0.551562 0.861111 0.550000 0.868519 0.550521 0.875926 0.553646 0.880556 0.559896 0.882407 0.564062 0.879630
0 0.378646 0.793519 0.378646 0.785185 0.377083 0.779630 0.373437 0.776852 0.369271 0.776852 0.365625 0.778704 0.364062 0.782407 0.363021 0.789815 0.364062 0.797222 0.367708 0.800926 0.371354 0.802778 0.375000 0.800000
0 0.397396 0.796296 0.397396 0.787963 0.395833 0.782407 0.392188 0.779630 0.388021 0.779630 0.384896 0.781482 0.382812 0.785185 0.382292 0.792593 0.383333 0.800000 0.386979 0.803704 0.390625 0.805556 0.393750 0.802778
0 0.404687 0.831481 0.405208 0.824074 0.403125 0.817593 0.399479 0.814815 0.396354 0.813889 0.392708 0.816667 0.391146 0.821296 0.389062 0.827778 0.391146 0.834259 0.394271 0.838889 0.397917 0.840741 0.402083 0.837963
0 0.342187 0.794444 0.343229 0.786111 0.341146 0.779630 0.337500 0.776852 0.333854 0.775926 0.330208 0.778704 0.329167 0.783333 0.327604 0.789815 0.329167 0.796296 0.332292 0.800926 0.336458 0.802778 0.340104 0.800000
0 0.323958 0.821296 0.324479 0.812963 0.322396 0.807407 0.318750 0.804630 0.315104 0.803704 0.311458 0.805556 0.309375 0.810185 0.308854 0.817593 0.310417 0.823148 0.313542 0.827778 0.317187 0.829630 0.320833 0.826852
0 0.307292 0.528704 0.307813 0.521296 0.305729 0.513889 0.302083 0.512037 0.298958 0.511111 0.295312 0.513889 0.293750 0.518519 0.292188 0.525000 0.293750 0.532407 0.296875 0.537037 0.301042 0.537963 0.304167 0.535185
0 0.260417 0.501852 0.260938 0.494444 0.258854 0.487963 0.255208 0.485185 0.251563 0.485185 0.248437 0.487037 0.246875 0.491667 0.245312 0.499074 0.246875 0.505556 0.250000 0.509259 0.253646 0.511111 0.257292 0.508333
0 0.286979 0.502778 0.286979 0.496296 0.285417 0.489815 0.281771 0.487037 0.277604 0.486111 0.274479 0.488889 0.272396 0.494444 0.271354 0.500000 0.272917 0.506481 0.276042 0.511111 0.279687 0.512037 0.283854 0.510185
0 0.330729 0.469444 0.331250 0.461111 0.329167 0.454630 0.326042 0.451852 0.321875 0.450926 0.318229 0.453704 0.316667 0.458333 0.315104 0.465741 0.316667 0.472222 0.320312 0.476852 0.323958 0.478704 0.327604 0.475926
0 0.260938 0.585185 0.261458 0.577778 0.259375 0.571296 0.256771 0.568519 0.252604 0.567593 0.248958 0.570370 0.247396 0.575000 0.245833 0.581481 0.247396 0.588889 0.251042 0.593518 0.254687 0.594444 0.258333 0.592593
0 0.288021 0.614815 0.288021 0.607407 0.286458 0.600926 0.282813 0.598148 0.278646 0.597222 0.275521 0.600000 0.273438 0.604630 0.272396 0.610185 0.273958 0.617593 0.277083 0.622222 0.280729 0.623148 0.284375 0.621296
0 0.267708 0.554630 0.268229 0.547222 0.266146 0.539815 0.263021 0.537963 0.258854 0.537037 0.255208 0.539815 0.253646 0.543519 0.252604 0.550926 0.254167 0.558333 0.257292 0.562037 0.260938 0.563889 0.264583 0.561111
0 0.350521 0.594444 0.351042 0.586111 0.348958 0.579630 0.345313 0.576852 0.341667 0.576852 0.338021 0.578704 0.336458 0.583333 0.334896 0.590741 0.336458 0.598148 0.339583 0.601852 0.343750 0.603704 0.347396 0.600926
0 0.168229 0.457407 0.168750 0.450000 0.166667 0.442593 0.163542 0.441667 0.159375 0.441667 0.156771 0.443519 0.154687 0.446296 0.153125 0.453704 0.154687 0.461111 0.157813 0.465741 0.161458 0.466667 0.165104 0.463889
0 0.357812 0.373148 0.357812 0.364815 0.355729 0.358333 0.352604 0.355556 0.348437 0.354630 0.345313 0.357407 0.343229 0.362037 0.341667 0.369444 0.343229 0.375926 0.346875 0.380556 0.350521 0.382407 0.354167 0.379630
0 0.404687 0.359259 0.405208 0.351852 0.403125 0.345370 0.399479 0.342593 0.395833 0.341667 0.392188 0.344444 0.390104 0.349074 0.389062 0.356481 0.390625 0.362963 0.393750 0.367593 0.397396 0.369444 0.401563 0.366667
0 0.396875 0.397222 0.397396 0.389815 0.395312 0.382407 0.392188 0.380556 0.388021 0.379630 0.384375 0.382407 0.382812 0.386111 0.381250 0.393519 0.382812 0.400926 0.386458 0.405556 0.390104 0.406481 0.393750 0.403704
0 0.433854 0.373148 0.433854 0.365741 0.432292 0.358333 0.428646 0.356481 0.424479 0.355556 0.421354 0.358333 0.419271 0.362037 0.418229 0.369444 0.419792 0.376852 0.422917 0.380556 0.426562 0.382407 0.430208 0.379630
0 0.398958 0.439815 0.398958 0.431481 0.397396 0.425000 0.393750 0.422222 0.389583 0.422222 0.386458 0.424074 0.384375 0.428704 0.382812 0.436111 0.384375 0.443519 0.388021 0.447222 0.391667 0.449074 0.395312 0.446296
0 0.398438 0.487963 0.398438 0.480556 0.396354 0.474074 0.393229 0.471296 0.389062 0.470370 0.385938 0.473148 0.383854 0.477778 0.382292 0.485185 0.383854 0.491667 0.387500 0.496296 0.391146 0.498148 0.394792 0.495370
0 0.424479 0.474074 0.425000 0.466667 0.422917 0.459259 0.419271 0.457407 0.415625 0.456481 0.411979 0.459259 0.410417 0.462963 0.408854 0.470370 0.410417 0.477778 0.413542 0.482407 0.417188 0.483333 0.421354 0.480556
0 0.412500 0.538889 0.412500 0.531482 0.410937 0.525000 0.407292 0.522222 0.403125 0.521296 0.400000 0.524074 0.397917 0.528704 0.396875 0.536111 0.397917 0.542593 0.401563 0.547222 0.405208 0.549074 0.408854 0.546296
0 0.374479 0.543519 0.374479 0.536111 0.372917 0.528704 0.369271 0.526852 0.365104 0.525926 0.361979 0.528704 0.359896 0.532407 0.358854 0.539815 0.360417 0.547222 0.363542 0.550926 0.367188 0.552778 0.370833 0.550000
0 0.309375 0.467593 0.309896 0.461111 0.307813 0.454630 0.304688 0.451852 0.301042 0.453704 0.298958 0.458333 0.298438 0.462963 0.300000 0.468519 0.302083 0.472222 0.306250 0.471296 0.239583 0.480556 0.240104 0.474074
0 0.238021 0.467593 0.234896 0.464815 0.231250 0.466667 0.229167 0.471296 0.228646 0.476852 0.230208 0.482407 0.232292 0.485185 0.236458 0.485185 0.355208 0.444444 0.355729 0.437963
0 0.353646 0.431481 0.351042 0.428704 0.346875 0.430556 0.344792 0.435185 0.344271 0.439815 0.345833 0.446296 0.347917 0.449074 0.352083 0.449074 0.375000 0.450926 0.375521 0.445370
0 0.373958 0.437963 0.370313 0.436111 0.366146 0.437037 0.364062 0.441667 0.364062 0.447222 0.365104 0.452778 0.367708 0.455556 0.372396 0.455556 0.442187 0.513889 0.443229 0.507407
0 0.441146 0.500926 0.438021 0.499074 0.433854 0.500000 0.431771 0.504630 0.431250 0.509259 0.432813 0.515741 0.435417 0.518519 0.439583 0.518519 0.412500 0.417593 0.413021 0.412037
0 0.410937 0.408333 0.406771 0.407407 0.404687 0.411111 0.404167 0.415741 0.405208 0.418519 0.406771 0.421296 0.409896 0.421296 0.267708 0.437037 0.268750 0.430556 0.266667 0.423148
0 0.263021 0.421296 0.259375 0.422222 0.257292 0.428704 0.256771 0.432407 0.258333 0.437963 0.260938 0.440741 0.265104 0.440741 0.206250 0.488889 0.206250 0.481481
0 0.204688 0.474074 0.201562 0.472222 0.197396 0.471296 0.194271 0.474074 0.192188 0.477778 0.191146 0.485185 0.192708 0.492593 0.195833 0.496296 0.199479 0.498148 0.203125 0.495370
0 0.219271 0.404630 0.219792 0.397222 0.217708 0.389815 0.214583 0.387963 0.210938 0.387037 0.207292 0.389815 0.205208 0.393519 0.204167 0.400926 0.205729 0.408333 0.208854 0.412037 0.211979 0.413889 0.216146 0.411111
0 0.131250 0.421296 0.131250 0.412963 0.129688 0.407407 0.126563 0.404630 0.122396 0.404630 0.119792 0.406481 0.117708 0.411111 0.116146 0.417593 0.117708 0.425000 0.120833 0.428704 0.124479 0.430556 0.127604 0.427778
0 0.171354 0.340741 0.171354 0.332407 0.169792 0.325926 0.166667 0.323148 0.162500 0.323148 0.159375 0.325000 0.157292 0.329630 0.155729 0.337037 0.157292 0.344444 0.160417 0.348148 0.164062 0.350000 0.167708 0.347222
0 0.168229 0.587963 0.168750 0.580556 0.166667 0.573148 0.163021 0.571296 0.159896 0.570370 0.156250 0.573148 0.154687 0.576852 0.153646 0.584259 0.154687 0.592593 0.157813 0.596296 0.161979 0.597222 0.165104 0.595370
0 0.134896 0.568519 0.135417 0.561111 0.133333 0.553704 0.130208 0.551852 0.126563 0.550926 0.123438 0.553704 0.121875 0.557407 0.120312 0.564815 0.121875 0.572222 0.125000 0.575926 0.128646 0.577778 0.132292 0.575000
0 0.118750 0.550000 0.119271 0.542593 0.117188 0.536111 0.114063 0.533333 0.110417 0.533333 0.107292 0.535185 0.104687 0.539815 0.104167 0.546296 0.105729 0.553704 0.108854 0.557407 0.111979 0.559259 0.116146 0.556481
0 0.087500 0.537037 0.087500 0.530556 0.085938 0.523148 0.082292 0.520370 0.079167 0.519444 0.075521 0.522222 0.073958 0.526852 0.072917 0.533333 0.074479 0.539815 0.077083 0.544444 0.080729 0.546296 0.084375 0.543519
0 0.075521 0.506481 0.075521 0.500000 0.074479 0.492593 0.070833 0.490741 0.067708 0.489815 0.064062 0.492593 0.063021 0.496296 0.061458 0.502778 0.063021 0.510185 0.065625 0.514815 0.068750 0.516667 0.072917 0.512963
0 0.096354 0.576852 0.096354 0.569444 0.094792 0.562963 0.091146 0.560185 0.087500 0.559259 0.084375 0.562037 0.082813 0.566667 0.081250 0.573148 0.082813 0.579630 0.086458 0.584259 0.089583 0.586111 0.092708 0.583333
0 0.078646 0.585185 0.078646 0.577778 0.077083 0.571296 0.073437 0.568519 0.069792 0.567593 0.067188 0.570370 0.065104 0.575000 0.064062 0.581481 0.065104 0.588889 0.068750 0.593518 0.071354 0.595370 0.075521 0.592593
0 0.076042 0.615741 0.076563 0.608333 0.074479 0.601852 0.071354 0.599074 0.067708 0.598148 0.064583 0.600926 0.063021 0.605556 0.061979 0.612037 0.063021 0.619444 0.066667 0.623148 0.069792 0.625000 0.073437 0.623148
0 0.112500 0.587963 0.111979 0.580556 0.110937 0.574074 0.107292 0.571296 0.103646 0.570370 0.100521 0.573148 0.098438 0.576852 0.097917 0.584259 0.099479 0.590741 0.102083 0.595370 0.105729 0.597222 0.108854 0.594444
0 0.119271 0.618519 0.118750 0.610185 0.117188 0.603704 0.114063 0.600926 0.109896 0.600000 0.107292 0.602778 0.105208 0.607407 0.104167 0.614815 0.105729 0.620370 0.108854 0.625000 0.112500 0.626852 0.116146 0.624074
0 0.113021 0.687963 0.113542 0.680556 0.111458 0.673148 0.107813 0.671296 0.104687 0.670370 0.101042 0.673148 0.100000 0.676852 0.098438 0.684259 0.100000 0.690741 0.103125 0.694444 0.106771 0.696296 0.109896 0.694444
0 0.177604 0.628704 0.177604 0.620370 0.176042 0.613889 0.172396 0.611111 0.168229 0.611111 0.165625 0.612963 0.163542 0.617593 0.162500 0.625000 0.164062 0.631481 0.167187 0.636111 0.170833 0.637963 0.174479 0.636111
0 0.050521 0.322222 0.050521 0.315741 0.049479 0.308333 0.046354 0.306481 0.042708 0.306481 0.039583 0.309259 0.037500 0.312037 0.035937 0.319444 0.036979 0.327778 0.040625 0.329630 0.043750 0.331481 0.046875 0.328704
0 0.091146 0.276852 0.091667 0.268519 0.090104 0.262037 0.086458 0.261111 0.083333 0.259259 0.080208 0.262037 0.078646 0.266667 0.076563 0.274074 0.078125 0.279630 0.080208 0.284259 0.083854 0.285185 0.088021 0.282407
0 0.101562 0.292593 0.102083 0.286111 0.100521 0.278704 0.097396 0.276852 0.093750 0.275926 0.090625 0.278704 0.089062 0.282407 0.086979 0.290741 0.088542 0.297222 0.091146 0.300000 0.094792 0.302778 0.098438 0.299074
0 0.160938 0.275000 0.161979 0.268519 0.159896 0.262037 0.157292 0.259259 0.153125 0.258333 0.149479 0.261111 0.147917 0.265741 0.146354 0.273148 0.147917 0.279630 0.151042 0.283333 0.154687 0.285185 0.157813 0.282407
0 0.094271 0.229630 0.095312 0.222222 0.093750 0.215741 0.090104 0.213889 0.086979 0.213889 0.083854 0.215741 0.080208 0.226852 0.081250 0.235185 0.084375 0.237037 0.088021 0.238889 0.091146 0.236111 0.351042 0.299074
0 0.351562 0.290741 0.349479 0.285185 0.345833 0.282407 0.342187 0.282407 0.339063 0.284259 0.336979 0.288889 0.335417 0.296296 0.336979 0.302778 0.340104 0.306481 0.344271 0.308333 0.347917 0.305556 0.410417 0.278704
0 0.410417 0.271296 0.408333 0.264815 0.405208 0.262963 0.401042 0.262037 0.397917 0.264815 0.395833 0.268519 0.393750 0.275926 0.395833 0.282407 0.399479 0.286111 0.403125 0.287963 0.406771 0.285185 0.526563 0.384259
0 0.526563 0.376852 0.525000 0.370370 0.521354 0.367593 0.517187 0.366667 0.514063 0.369444 0.511979 0.374074 0.510938 0.381481 0.512500 0.387963 0.515625 0.392593 0.519271 0.394444 0.522917 0.391667 0.512500 0.412037
0 0.513021 0.404630 0.510938 0.398148 0.507292 0.395370 0.503646 0.394444 0.500000 0.397222 0.498958 0.401852 0.497396 0.408333 0.498958 0.415741 0.501562 0.420370 0.505208 0.422222 0.509375 0.419444 0.294792 0.291667
0 0.293750 0.282407 0.290625 0.277778 0.284896 0.276852 0.280208 0.282407 0.279167 0.291667 0.279687 0.299074 0.283333 0.304630 0.289583 0.303704 0.293750 0.299074 0.333333 0.284259 0.333333 0.276852 0.331771 0.269444
0 0.328125 0.267593 0.323958 0.266667 0.320833 0.270370 0.318750 0.273148 0.317708 0.280556 0.319271 0.287963 0.322396 0.291667 0.326042 0.293519 0.329688 0.290741 0.019792 0.575000
0 0.020312 0.567593 0.018750 0.560185 0.017708 0.580556 0.053125 0.548148 0.053646 0.539815 0.051562 0.533333 0.048437 0.530556 0.044792 0.529630 0.041667 0.532407 0.040104 0.537037 0.039062 0.544444 0.040104 0.550926
0 0.043750 0.555556 0.046875 0.557407 0.050000 0.555556 0.052083 0.475000 0.052604 0.468519 0.050521 0.461111 0.047396 0.459259 0.043750 0.459259 0.040625 0.461111 0.039062 0.464815 0.037500 0.472222 0.039062 0.478704
0 0.042188 0.483333 0.045313 0.484259 0.048958 0.481481 0.084375 0.450000 0.084896 0.441667 0.083333 0.435185 0.079687 0.432407 0.076042 0.432407 0.072917 0.434259 0.071875 0.438889 0.070312 0.446296 0.071354 0.452778
0 0.074479 0.457407 0.078125 0.459259 0.081771 0.456481 0.111458 0.475926 0.111458 0.468519 0.109896 0.462037 0.106771 0.459259 0.102604 0.459259 0.100000 0.461111 0.097917 0.465741 0.096875 0.472222 0.097917 0.479630
0 0.101042 0.484259 0.104687 0.486111 0.107813 0.483333 0.070833 0.699074 0.070833 0.690741 0.068750 0.686111 0.065625 0.682407 0.061979 0.681481 0.058854 0.683333 0.057292 0.687963 0.056771 0.695370 0.057813 0.701852
0 0.060938 0.705556 0.064583 0.707407 0.067708 0.705556 0.037500 0.550926 0.038021 0.542593 0.035937 0.536111 0.032812 0.533333 0.029167 0.533333 0.026042 0.535185 0.025000 0.539815 0.023438 0.547222 0.025000 0.552778
0 0.027604 0.557407 0.031250 0.560185 0.034896 0.556481 0.028646 0.499074 0.028646 0.492593 0.027083 0.484259 0.023958 0.483333 0.020312 0.481481 0.017708 0.484259 0.019271 0.505556 0.022396 0.507407 0.025521 0.504630
0 0.041146 0.448148 0.041146 0.440741 0.040104 0.434259 0.036458 0.432407 0.032812 0.430556 0.030208 0.433333 0.028125 0.437963 0.027083 0.445370 0.028125 0.450926 0.031250 0.455556 0.034375 0.458333 0.038021 0.454630
0 0.074479 0.356481 0.075000 0.350000 0.073437 0.342593 0.070312 0.340741 0.067188 0.339815 0.063542 0.342593 0.061979 0.346296 0.060417 0.353704 0.061979 0.360185 0.064583 0.364815 0.068229 0.365741 0.071875 0.362963
0 0.190625 0.204630 0.190104 0.200000 0.189063 0.195370 0.186979 0.192593 0.183333 0.191667 0.180729 0.194444 0.178646 0.198148 0.177083 0.202778 0.178125 0.208333 0.180729 0.212963 0.183854 0.213889 0.188021 0.210185
0 0.124479 0.231481 0.123958 0.225926 0.123438 0.221296 0.120833 0.219444 0.117188 0.218519 0.114583 0.220370 0.112500 0.225000 0.111458 0.229630 0.111979 0.235185 0.115104 0.239815 0.117708 0.240741 0.121875 0.237037
0 0.078646 0.185185 0.079167 0.178704 0.078125 0.174074 0.075521 0.173148 0.072396 0.171296 0.070312 0.174074 0.067708 0.177778 0.066146 0.183333 0.067188 0.187963 0.069271 0.192593 0.072917 0.192593 0.076563 0.189815
0 0.170312 0.375000 0.170312 0.369444 0.168750 0.364815 0.166146 0.362037 0.163021 0.361111 0.159896 0.363889 0.157813 0.367593 0.156771 0.373148 0.157813 0.379630 0.160417 0.384259 0.163542 0.384259 0.168229 0.380556
0 0.118750 0.375000 0.118750 0.369444 0.117188 0.363889 0.115104 0.362037 0.111458 0.361111 0.108854 0.363889 0.106771 0.367593 0.105729 0.372222 0.106250 0.378704 0.109375 0.383333 0.111979 0.384259 0.116667 0.380556
0 0.130729 0.185185 0.131250 0.179630 0.129688 0.175926 0.127604 0.173148 0.124479 0.172222 0.121354 0.175000 0.119271 0.178704 0.118229 0.183333 0.118750 0.188889 0.121354 0.193519 0.125000 0.194444 0.128646 0.190741
0 0.117188 0.077778 0.117188 0.073148 0.116146 0.069444 0.114063 0.067593 0.110417 0.066667 0.108333 0.068519 0.106250 0.072222 0.104687 0.075926 0.105208 0.082407 0.107813 0.086111 0.110417 0.087037 0.114583 0.083333
0 0.214062 0.264815 0.214062 0.260185 0.213021 0.254630 0.210417 0.253704 0.206771 0.252778 0.204167 0.254630 0.202083 0.258333 0.201042 0.262963 0.201562 0.269444 0.204688 0.273148 0.207292 0.274074 0.211458 0.270370
0 0.309896 0.063889 0.309896 0.059259 0.306250 0.055556 0.301562 0.056481 0.300000 0.057407 0.297396 0.062963 0.297917 0.068519 0.300000 0.071296 0.304167 0.072222 0.308333 0.068519 0.372917 0.135185 0.371875 0.129630
0 0.368229 0.126852 0.364062 0.126852 0.362500 0.128704 0.359896 0.133333 0.359896 0.139815 0.361979 0.143519 0.366667 0.144444 0.371354 0.140741 0.303125 0.082407 0.302604 0.077778 0.299479 0.074074 0.295312 0.074074
0 0.292708 0.075926 0.290625 0.081481 0.291146 0.087037 0.292708 0.090741 0.296875 0.091667 0.301562 0.087963 0.296875 0.112963 0.296354 0.107407 0.293229 0.106481 0.290625 0.107407 0.288542 0.112037 0.288021 0.116667
0 0.290104 0.119444 0.293229 0.120370 0.295833 0.117593 0.119792 0.029630 0.108333 0.033333 0.110937 0.037037 0.113542 0.037963 0.117188 0.034259 0.347917 0.070370 0.346875 0.065741 0.343229 0.062037 0.339583 0.062037
0 0.337500 0.063889 0.334896 0.069444 0.334896 0.075926 0.336979 0.078704 0.341667 0.078704 0.345833 0.075926 0.427083 0.177778 0.426562 0.172222 0.422917 0.169444 0.418750 0.168519
0 0.416146 0.170370 0.414062 0.176852 0.414583 0.182407 0.416667 0.186111 0.421354 0.186111 0.425000 0.184259 0.367708 0.274074 0.366667 0.267593 0.363021 0.264815 0.358854 0.263889
0 0.356771 0.266667 0.354167 0.272222 0.354688 0.277778 0.356771 0.282407 0.361979 0.283333 0.366146 0.279630 0.400000 0.092593 0.399479 0.087037 0.396354 0.083333 0.392188 0.082407
0 0.389583 0.085185 0.387500 0.089815 0.388021 0.095370 0.389583 0.100000 0.394792 0.100000 0.398438 0.097222 0.555208 0.237963 0.554167 0.232407 0.550521 0.230556
0 0.546354 0.229630 0.544792 0.230556 0.542188 0.237037 0.542708 0.242593 0.544792 0.247222 0.550000 0.247222 0.554167 0.244444 0.543750 0.253704 0.542708 0.248148 0.539062 0.244444 0.534896 0.244444 0.532812 0.246296
0 0.530729 0.251852 0.531250 0.258333 0.532812 0.261111 0.538021 0.262037 0.542188 0.259259 0.496354 0.210185 0.495313 0.204630 0.491667 0.200926 0.487500 0.200926 0.485417 0.202778
0 0.482812 0.208333 0.483333 0.213889 0.485417 0.218519 0.490104 0.219444 0.494271 0.215741 0.431771 0.253704 0.431250 0.248148 0.427604 0.244444 0.423438 0.244444 0.420833 0.246296
0 0.418750 0.251852 0.419271 0.258333 0.421354 0.262037 0.426042 0.262963 0.430208 0.259259 0.443229 0.238889 0.442708 0.233333 0.439063 0.230556 0.434896 0.230556 0.431771 0.232407
0 0.430208 0.237037 0.430729 0.243519 0.432813 0.247222 0.437500 0.248148 0.441667 0.244444 0.497917 0.250000 0.496875 0.244444 0.493229 0.240741 0.489583 0.240741 0.486979 0.242593
0 0.484896 0.248148 0.485417 0.254630 0.486979 0.258333 0.492188 0.259259 0.496354 0.255556 0.503125 0.272222 0.502083 0.265741 0.497917 0.263889 0.495313 0.265741 0.493750 0.270370
0 0.493750 0.275926 0.495313 0.280556 0.498958 0.280556 0.501562 0.277778 0.513021 0.276852 0.511979 0.271296 0.507292 0.269444 0.504687 0.271296 0.503125 0.275926 0.503125 0.281481
0 0.504687 0.286111 0.508333 0.286111 0.511458 0.283333 0.414062 0.104630 0.413542 0.098148 0.408333 0.097222 0.406250 0.098148 0.404687 0.102778 0.404687 0.108333 0.406250 0.112037
0 0.409375 0.113889 0.412500 0.109259 0.433333 0.085185 0.432292 0.080556 0.427604 0.077778 0.425000 0.079630 0.423438 0.083333 0.423438 0.088889 0.425000 0.093519 0.428125 0.094444
0 0.431771 0.090741 0.410937 0.139815 0.409896 0.135185 0.405729 0.133333 0.402604 0.135185 0.401042 0.138889 0.401042 0.144444 0.403125 0.148148 0.406250 0.149074 0.409375 0.146296
0 0.400000 0.141667 0.398958 0.137037 0.394792 0.134259 0.392188 0.136111 0.390625 0.139815 0.390625 0.145370 0.391667 0.150000 0.395312 0.150926 0.398438 0.147222 0.427083 0.103704
0 0.426042 0.097222 0.421354 0.095370 0.418750 0.097222 0.417188 0.101852 0.416667 0.107407 0.418750 0.111111 0.422396 0.112037 0.425521 0.108333 0.497917 0.059259
0 0.497396 0.053704 0.492708 0.050926 0.490104 0.052778 0.488542 0.057407 0.488542 0.062037 0.490104 0.066667 0.493750 0.067593 0.496875 0.063889 0.506250 0.096296
0 0.505208 0.090741 0.500000 0.089815 0.498437 0.090741 0.496875 0.095370 0.496875 0.100926 0.498437 0.103704 0.501562 0.104630 0.504687 0.101852 0.596354 0.205556
0 0.595833 0.200000 0.591146 0.198148 0.588542 0.200000 0.586458 0.204630 0.586979 0.209259 0.588542 0.212963 0.592188 0.213889 0.594792 0.211111 0.624479 0.279630
0 0.623438 0.274074 0.618750 0.271296 0.616667 0.274074 0.615104 0.277778 0.615104 0.282407 0.616667 0.287037 0.620313 0.287963 0.623438 0.284259 0.653646 0.203704
0 0.653646 0.198148 0.648958 0.196296 0.645833 0.198148 0.644271 0.201852 0.644271 0.207407 0.646354 0.211111 0.649479 0.212037 0.652604 0.209259 0.667708 0.151852
0 0.666667 0.146296 0.661979 0.144444 0.659375 0.146296 0.657292 0.150926 0.657812 0.155556 0.659896 0.160185 0.663021 0.160185 0.666146 0.157407 0.673437 0.137963
0 0.672396 0.132407 0.667708 0.129630 0.665104 0.131481 0.663542 0.136111 0.663542 0.140741 0.665625 0.145370 0.668750 0.146296 0.671875 0.142593 0.640625 0.195370
0 0.639583 0.188889 0.634896 0.187037 0.632292 0.188889 0.631250 0.193519 0.631250 0.198148 0.632812 0.202778 0.636458 0.203704 0.639063 0.200000 0.665625 0.286111
0 0.665104 0.280556 0.659896 0.277778 0.657292 0.279630 0.656250 0.284259 0.656250 0.289815 0.658333 0.294444 0.661458 0.295370 0.664062 0.292593 0.505729 0.220370
0 0.505208 0.214815 0.500521 0.212963 0.497917 0.214815 0.496354 0.219444 0.496354 0.225000 0.498437 0.227778 0.501042 0.228704 0.503646 0.226852 0.780208 0.148148
0 0.779167 0.143519 0.775000 0.140741 0.772396 0.142593 0.770833 0.146296 0.771354 0.151852 0.772917 0.155556 0.776042 0.156481 0.778646 0.154630 0.835417 0.170370
0 0.834375 0.164815 0.830208 0.162963 0.827083 0.164815 0.826042 0.168519 0.826042 0.174074 0.828125 0.177778 0.831250 0.178704 0.833854 0.175926 0.792188 0.150926
0 0.791667 0.146296 0.786979 0.144444 0.783333 0.146296 0.782812 0.150000 0.782812 0.155556 0.784375 0.159259 0.787500 0.160185 0.790625 0.157407 0.818229 0.129630
0 0.817187 0.123148 0.813021 0.121296 0.810417 0.123148 0.809375 0.126852 0.809375 0.132407 0.810938 0.136111 0.814583 0.137037 0.817187 0.134259 0.731250 0.332407
0 0.729688 0.327778 0.725521 0.324074 0.722917 0.325926 0.721354 0.329630 0.721354 0.335185 0.722917 0.339815 0.726562 0.340741 0.729688 0.337037 0.688542 0.363889
0 0.687500 0.358333 0.682813 0.356481 0.680208 0.358333 0.678125 0.362963 0.678646 0.367593 0.680729 0.371296 0.683854 0.372222 0.686979 0.369444 0.835938 0.309259
0 0.833333 0.305556 0.830208 0.303704 0.826563 0.302778 0.825000 0.304630 0.821875 0.311111 0.821354 0.315741 0.821354 0.320370 0.824479 0.325000 0.829687 0.326852
0 0.832812 0.325000 0.835938 0.321296 0.837500 0.315741 0.904688 0.386111 0.901563 0.382407 0.899479 0.380556 0.895312 0.379630 0.893750 0.381481 0.890625 0.386111
0 0.890104 0.392593 0.890104 0.398148 0.893229 0.401852 0.898438 0.404630 0.901563 0.400926 0.904167 0.397222 0.905729 0.392593 0.926562 0.201852 0.923958 0.198148
0 0.921354 0.197222 0.917188 0.196296 0.916146 0.197222 0.913542 0.202778 0.913021 0.208333 0.913542 0.212963 0.916146 0.217593 0.920833 0.219444 0.924479 0.216667
0 0.926562 0.213889 0.928125 0.207407 0.950000 0.209259 0.947396 0.205556 0.944792 0.203704 0.941146 0.203704 0.939062 0.205556 0.936458 0.210185 0.936458 0.215741
0 0.936458 0.220370 0.939583 0.224074 0.944792 0.225926 0.947396 0.225000 0.950000 0.220370 0.951042 0.216667 0.966146 0.242593 0.963542 0.238889 0.960938 0.237037
0 0.957812 0.236111 0.955208 0.238889 0.953646 0.244444 0.952604 0.249074 0.953125 0.253704 0.956250 0.258333 0.960938 0.260185 0.964063 0.257407 0.966146 0.253704 0.967708 0.250000 0.975000 0.228704 0.973958 0.234259 0.975000 0.238889
0 0.975521 0.262963 0.972917 0.260185 0.969271 0.260185 0.967708 0.262037 0.965104 0.266667 0.964583 0.273148 0.965104 0.276852 0.967188 0.282407 0.972917 0.283333 0.975521 0.281481 0.882812 0.331481 0.880208 0.327778 0.877604 0.325926
0 0.873958 0.325000 0.872396 0.326852 0.869271 0.332407 0.869271 0.338889 0.868750 0.343519 0.871875 0.348148 0.877083 0.348148 0.880208 0.347222 0.883333 0.343519 0.884375 0.337037 0.927083 0.434259 0.924479 0.429630 0.921354 0.427778
0 0.918229 0.426852 0.915625 0.428704 0.913542 0.433333 0.912500 0.439815 0.913021 0.444444 0.916146 0.449074 0.920833 0.450926 0.923437 0.449074 0.926562 0.444444 0.928125 0.438889 0.979688 0.395370 0.976562 0.391667 0.974479 0.389815
0 0.970312 0.389815 0.968750 0.391667 0.966146 0.396296 0.965625 0.401852 0.965625 0.406481 0.968750 0.411111 0.973958 0.412963 0.976562 0.411111 0.979167 0.406481 0.980208 0.401852 0.921354 0.387963 0.919271 0.384259 0.916667 0.382407
0 0.913021 0.382407 0.910937 0.384259 0.908333 0.389815 0.907812 0.394444 0.907812 0.399074 0.910937 0.403704 0.915625 0.405556 0.918750 0.403704 0.921875 0.400000 0.922917 0.394444 0.845833 0.255556 0.843229 0.250926 0.840104 0.250000
0 0.836979 0.249074 0.834896 0.250000 0.831771 0.256481 0.831771 0.262037 0.831771 0.266667 0.834375 0.271296 0.839583 0.272222 0.843229 0.270370 0.845833 0.266667 0.847396 0.260185 0.797917 0.300926 0.794792 0.297222 0.792188 0.296296
0 0.789062 0.294444 0.786979 0.296296 0.783854 0.301852 0.783333 0.309259 0.783854 0.312963 0.786979 0.317593 0.791667 0.318519 0.795313 0.316667 0.797917 0.312963 0.799479 0.306481 0.757292 0.260185 0.754687 0.256481 0.751562 0.254630
0 0.747917 0.254630 0.745833 0.257407 0.743229 0.262037 0.742708 0.267593 0.742708 0.271296 0.745833 0.275926 0.751042 0.277778 0.754687 0.275926 0.757292 0.273148 0.758854 0.266667 0.809896 0.325000 0.807292 0.321296 0.804167 0.319444
0 0.800521 0.319444 0.798437 0.321296 0.795833 0.326852 0.794792 0.332407 0.795313 0.336111 0.798437 0.341667 0.803646 0.342593 0.806771 0.341667 0.809375 0.337963 0.811458 0.331481 0.848437 0.348148 0.845833 0.343519 0.842708 0.341667
0 0.839063 0.341667 0.837500 0.343519 0.834375 0.349074 0.833854 0.354630 0.833854 0.358333 0.836979 0.363889 0.842188 0.364815 0.845312 0.362963 0.847917 0.360185 0.850000 0.353704 0.888021 0.399074 0.885417 0.395370 0.882292 0.394444
0 0.879167 0.392593 0.876562 0.394444 0.874479 0.400000 0.873438 0.406481 0.873958 0.411111 0.877083 0.414815 0.881771 0.416667 0.885417 0.414815 0.887500 0.411111 0.889583 0.405556 0.866667 0.470370 0.863542 0.466667 0.860937 0.464815
0 0.857292 0.464815 0.855208 0.466667 0.852083 0.472222 0.852083 0.478704 0.852083 0.482407 0.854688 0.487963 0.860417 0.488889 0.863021 0.487037 0.866146 0.483333 0.867708 0.476852 0.711979 0.337037 0.709375 0.333333 0.706250 0.331481
0 0.702604 0.330556 0.700000 0.332407 0.697396 0.338889 0.696875 0.344444 0.696875 0.349074 0.700000 0.353704 0.705208 0.355556 0.708854 0.353704 0.711458 0.349074 0.713542 0.343519 0.711979 0.262037 0.709375 0.258333 0.706250 0.256481
0 0.702604 0.256481 0.700521 0.258333 0.697917 0.263889 0.697396 0.269444 0.697396 0.274074 0.700521 0.277778 0.705729 0.279630 0.708854 0.278704 0.711458 0.275000 0.713542 0.268519 0.654688 0.372222 0.651563 0.368519 0.648958 0.366667
0 0.644792 0.366667 0.642708 0.368519 0.639583 0.374074 0.639063 0.379630 0.639063 0.384259 0.642187 0.388889 0.647917 0.390741 0.651042 0.388889 0.654167 0.385185 0.655729 0.378704 0.639583 0.336111 0.638021 0.333333 0.635938 0.331481
0 0.633333 0.330556 0.630729 0.330556 0.628646 0.334259 0.628125 0.338889 0.628125 0.343519 0.630729 0.346296 0.635938 0.348148 0.638542 0.344444 0.640104 0.340741 0.659375 0.443519 0.656771 0.439815 0.653646 0.437963 0.650000 0.437963
0 0.647917 0.439815 0.645312 0.445370 0.644271 0.451852 0.644792 0.455556 0.647917 0.461111 0.653125 0.462037 0.655729 0.460185 0.658854 0.456481 0.660417 0.450000 0.585938 0.452778 0.583333 0.449074 0.580208 0.447222 0.576563 0.446296
0 0.573958 0.448148 0.571354 0.453704 0.570312 0.460185 0.570833 0.464815 0.573958 0.469444 0.579167 0.471296 0.582812 0.469444 0.585417 0.464815 0.587500 0.459259 0.560417 0.351852 0.557813 0.348148 0.555208 0.346296 0.551042 0.346296
0 0.548958 0.348148 0.545833 0.353704 0.545313 0.360185 0.545313 0.363889 0.548437 0.368519 0.553646 0.370370 0.557292 0.368519 0.560417 0.364815 0.561979 0.358333 0.656771 0.350926 0.655729 0.349074 0.653646 0.346296 0.651042 0.345370
0 0.647917 0.346296 0.646354 0.349074 0.645833 0.354630 0.645833 0.358333 0.648438 0.362037 0.653125 0.362963 0.656250 0.360185 0.657812 0.355556 0.615625 0.356481 0.614062 0.353704 0.612500 0.350926 0.609896 0.350000 0.607292 0.350000
0 0.605208 0.353704 0.604167 0.359259 0.604688 0.363889 0.607292 0.366667 0.611979 0.368519 0.615104 0.364815 0.616667 0.360185 0.616146 0.284259 0.614583 0.282407 0.613021 0.279630 0.610417 0.278704 0.607292 0.279630
0 0.605208 0.283333 0.604688 0.288889 0.604688 0.292593 0.607813 0.296296 0.612500 0.297222 0.615625 0.294444 0.616667 0.289815 0.607292 0.391667 0.605729 0.388889 0.603646 0.387037 0.601042 0.386111 0.598437 0.387037 0.596354 0.390741
0 0.595833 0.395370 0.595833 0.400000 0.598437 0.403704 0.603646 0.404630 0.606250 0.401852 0.607813 0.397222 0.709896 0.399074 0.708333 0.396296 0.706771 0.394444 0.704167 0.393519 0.701563 0.394444 0.699479 0.397222 0.698438 0.402778
0 0.698958 0.407407 0.701563 0.411111 0.706250 0.412037 0.709375 0.409259 0.710417 0.404630 0.484896 0.379630 0.483333 0.376852 0.481771 0.375000 0.479167 0.374074 0.476042 0.374074 0.473958 0.377778 0.473437 0.383333 0.473958 0.387963
0 0.476562 0.390741 0.481250 0.392593 0.484375 0.388889 0.485417 0.384259 0.468229 0.391667 0.466667 0.389815 0.465104 0.387037 0.462500 0.386111 0.459375 0.387037 0.457292 0.390741 0.456771 0.396296 0.457292 0.400000
0 0.459896 0.403704 0.464583 0.404630 0.467708 0.401852 0.468750 0.397222 0.526563 0.150000 0.525000 0.148148 0.522917 0.145370 0.520312 0.144444 0.517708 0.145370 0.515625 0.149074 0.514583 0.154630 0.515104 0.158333
0 0.517708 0.161111 0.522396 0.162037 0.525000 0.160185 0.527083 0.155556 0.521875 0.102778 0.520833 0.100000 0.518750 0.098148 0.516146 0.097222 0.513542 0.098148 0.510938 0.101852 0.510938 0.105556 0.510938 0.110185
0 0.513542 0.113889 0.517708 0.114815 0.521354 0.112037 0.522396 0.108333 0.531771 0.509259 0.530208 0.506481 0.528125 0.504630 0.525521 0.503704 0.522917 0.504630 0.520833 0.508333 0.520312 0.512963 0.520312 0.517593
0 0.522917 0.521296 0.528125 0.522222 0.530729 0.519444 0.532292 0.514815 0.249479 0.548148 0.247917 0.545370 0.245833 0.543519 0.243229 0.542593 0.240625 0.542593 0.238542 0.546296 0.238021 0.551852 0.238021 0.556481
0 0.240625 0.559259 0.245833 0.561111 0.248437 0.557407 0.250000 0.552778 0.267188 0.611111 0.265625 0.609259 0.263542 0.606481 0.260938 0.605556 0.258333 0.606481 0.256250 0.610185 0.255729 0.614815 0.255729 0.619444
0 0.258333 0.623148 0.263542 0.624074 0.266146 0.621296 0.267708 0.616667 0.262500 0.626852 0.260938 0.624074 0.259375 0.622222 0.256250 0.621296 0.253646 0.621296 0.251563 0.625926 0.251563 0.630556 0.251563 0.635185
0 0.254687 0.637963 0.258854 0.639815 0.261458 0.636111 0.263021 0.631481 0.243750 0.626852 0.242188 0.625000 0.240104 0.622222 0.237500 0.621296 0.234896 0.622222 0.233333 0.625926 0.232812 0.630556 0.232812 0.635185
0 0.235417 0.638889 0.240104 0.639815 0.242708 0.637037 0.244271 0.632407 0.159375 0.500000 0.157813 0.499074 0.156250 0.496296 0.154167 0.495370 0.151042 0.496296 0.148438 0.500000 0.148438 0.504630 0.148438 0.508333
0 0.151562 0.512037 0.156250 0.512963 0.158854 0.510185 0.159896 0.505556 0.151562 0.574074 0.150521 0.572222 0.148438 0.569444 0.145833 0.568519 0.143229 0.569444 0.141667 0.573148 0.140625 0.577778 0.141146 0.582407
0 0.143750 0.586111 0.147917 0.587037 0.151042 0.584259 0.152083 0.579630 0.240625 0.662963 0.239063 0.661111 0.235417 0.659259 0.232292 0.660185 0.230729 0.663889 0.231250 0.670370 0.233333 0.673148 0.236458 0.675926
0 0.240104 0.672222 0.241667 0.667593 0.236458 0.729630 0.234896 0.726852 0.231250 0.726852 0.228646 0.726852 0.226562 0.729630 0.227083 0.736111 0.229167 0.739815 0.232812 0.740741 0.236979 0.737963 0.237500 0.733333
0 0.326042 0.765741 0.323958 0.763889 0.320312 0.762963 0.317187 0.763889 0.316146 0.766667 0.316667 0.772222 0.318229 0.775926 0.322396 0.776852 0.325521 0.774074 0.327083 0.770370 0.173438 0.697222 0.171875 0.694444
0 0.168229 0.693519 0.165104 0.695370 0.163542 0.698148 0.163542 0.704630 0.165625 0.706481 0.169792 0.708333 0.172917 0.706481 0.174479 0.701852 0.132292 0.701852 0.130729 0.699074 0.127083 0.698148 0.124479 0.699074
0 0.121875 0.702778 0.122917 0.708333 0.125000 0.711111 0.128646 0.712037 0.131771 0.709259 0.133333 0.706481 0.118750 0.701852 0.117188 0.700000 0.113542 0.699074 0.110937 0.700000 0.108854 0.702778 0.109896 0.709259
0 0.111458 0.712963 0.115104 0.713889 0.118750 0.711111 0.119792 0.706481 0.172396 0.715741 0.170312 0.712963 0.166667 0.712037 0.163542 0.712963 0.161979 0.716667 0.162500 0.722222 0.164583 0.725926 0.168229 0.726852
0 0.171875 0.724074 0.172917 0.720370 0.181250 0.786111 0.179688 0.783333 0.176563 0.782407 0.173438 0.783333 0.171354 0.787037 0.172396 0.791667 0.174479 0.795370 0.177604 0.796296
0 0.181250 0.794444 0.182292 0.790741 0.189063 0.809259 0.187500 0.806481 0.183854 0.805556 0.181250 0.806481 0.179167 0.809259 0.179688 0.814815 0.181250 0.818519 0.185417 0.819444
0 0.188542 0.816667 0.190104 0.813889 0.198437 0.793519 0.196875 0.790741 0.193229 0.789815 0.190104 0.791667 0.188542 0.794444 0.189063 0.799074 0.190625 0.802778 0.194792 0.803704
0 0.197917 0.801852 0.199479 0.798148 0.220313 0.815741 0.218229 0.814815 0.214583 0.812963 0.211979 0.813889 0.210417 0.816667 0.210938 0.823148 0.211979 0.825926 0.216146 0.827778
0 0.219792 0.825000 0.221354 0.820370 0.252604 0.795370 0.250521 0.792593 0.246875 0.791667 0.243750 0.792593 0.242188 0.795370 0.242708 0.800926 0.244792 0.804630 0.248958 0.805556
0 0.252083 0.802778 0.253125 0.799074 0.120833 0.789815 0.118750 0.787963 0.116146 0.786111 0.113021 0.787037 0.111458 0.789815 0.111979 0.796296 0.114063 0.798148 0.117188 0.800926
0 0.121354 0.798148 0.121875 0.793519 0.245312 0.820370 0.243750 0.816667 0.240104 0.815741 0.236979 0.816667 0.235417 0.820370 0.235938 0.825926 0.238021 0.828704 0.241667 0.830556
0 0.245312 0.827778 0.246354 0.824074 0.045833 0.785185 0.044271 0.782407 0.041146 0.781482 0.038542 0.782407 0.036458 0.786111 0.037500 0.790741 0.039062 0.794444 0.042708 0.795370
0 0.045833 0.792593 0.046875 0.789815 0.029167 0.779630 0.027604 0.776852 0.024479 0.775926 0.025521 0.789815 0.029167 0.787037 0.030208 0.783333 0.078646 0.552778 0.077083 0.550926
0 0.073958 0.550000 0.070833 0.550926 0.069271 0.553704 0.069792 0.560185 0.071354 0.562963 0.075000 0.564815 0.078125 0.562037 0.079687 0.557407 0.132292 0.634259 0.130729 0.632407
0 0.127604 0.630556 0.123958 0.632407 0.122917 0.635185 0.123438 0.641667 0.125000 0.644444 0.128646 0.646296 0.132292 0.643519 0.133333 0.638889 0.118229 0.641667 0.116667 0.638889
0 0.113542 0.637963 0.109896 0.638889 0.108854 0.641667 0.108854 0.647222 0.110937 0.650926 0.114583 0.651852 0.118229 0.649074 0.118750 0.645370 0.103646 0.770370 0.102083 0.768519
0 0.098438 0.766667 0.095833 0.768519 0.094271 0.771296 0.094792 0.776852 0.096875 0.779630 0.100000 0.781482 0.103125 0.778704 0.104687 0.775000 0.098958 0.424074 0.103646 0.412963
0 0.105208 0.400926 0.102604 0.390741 0.096354 0.387963 0.091146 0.386111 0.084375 0.389815 0.080208 0.396296 0.078646 0.403704 0.078646 0.413889 0.080729 0.421296 0.086458 0.426852
0 0.092188 0.426852 0.134375 0.350000 0.139583 0.338889 0.140625 0.327778 0.138021 0.317593 0.131771 0.313889 0.126563 0.312037 0.120312 0.315741 0.115625 0.323148 0.114063 0.329630
0 0.114063 0.340741 0.116146 0.348148 0.121875 0.351852 0.127604 0.352778 0.167708 0.291667 0.169271 0.285185 0.167708 0.280556 0.166667 0.279630 0.164583 0.278704 0.161979 0.279630
0 0.160417 0.283333 0.159896 0.287963 0.160938 0.290741 0.161979 0.292593 0.165104 0.293519 0.154687 0.376852 0.156250 0.370370 0.154687 0.367593 0.152604 0.365741 0.150000 0.367593
0 0.149479 0.372222 0.150000 0.375926 0.152083 0.377778 0.177604 0.367593 0.179167 0.361111 0.177604 0.357407 0.175521 0.356481 0.172917 0.358333 0.172396 0.362963 0.172917 0.366667
0 0.175000 0.368519 0.188542 0.380556 0.189583 0.374074 0.188542 0.370370 0.185417 0.369444 0.183333 0.371296 0.182292 0.375926 0.182812 0.379630 0.185417 0.381481 0.188542 0.402778
0 0.189583 0.397222 0.188542 0.393519 0.185937 0.392593 0.183854 0.393519 0.182812 0.399074 0.183333 0.402778 0.185937 0.404630 0.239063 0.403704 0.240625 0.398148 0.239063 0.394444
0 0.235938 0.392593 0.233854 0.394444 0.232812 0.399074 0.233854 0.403704 0.235938 0.404630 0.248958 0.409259 0.250521 0.403704 0.248958 0.400926 0.245833 0.399074 0.243750 0.401852 0.242708 0.406481 0.243229 0.409259 0.245833 0.410185
0 0.290104 0.537037 0.289583 0.525926 0.282813 0.520370 0.277083 0.520370 0.272917 0.526852 0.271875 0.537037 0.272917 0.543519 0.276563 0.549074 0.282813 0.549074 0.286458 0.544444 0.337500 0.551852 0.336979 0.541667 0.330208 0.536111
0 0.325000 0.536111 0.319792 0.541667 0.318750 0.551852 0.319792 0.559259 0.323958 0.564815 0.330208 0.563889 0.333854 0.560185 0.441146 0.071296 0.440625 0.066667 0.435417 0.064815 0.432813 0.066667
0 0.431250 0.071296 0.431250 0.075926 0.433333 0.080556 0.436458 0.080556 0.439583 0.077778 0.440625 0.048148 0.439583 0.042593 0.435417 0.040741
0 0.432813 0.042593 0.431250 0.046296 0.431250 0.051852 0.432292 0.055556 0.435937 0.056481 0.439063 0.052778 0.311979 0.046296 0.310417 0.042593
0 0.308333 0.041667 0.305729 0.041667 0.303646 0.044444 0.303646 0.050926 0.304688 0.052778 0.307813 0.053704 0.310937 0.050926 0.607813 0.257407
0 0.606771 0.251852 0.602604 0.249074 0.600000 0.250926 0.597917 0.255556 0.597917 0.261111 0.600000 0.265741 0.603125 0.266667 0.606250 0.262963
0 0.577604 0.089815 0.576563 0.086111 0.573958 0.084259 0.570312 0.083333 0.567708 0.084259 0.564583 0.087963 0.564062 0.093519 0.564062 0.098148
0 0.567187 0.102778 0.572396 0.104630 0.576042 0.101852 0.578125 0.098148 0.578646 0.093519 0.689583 0.207407 0.688542 0.197222 0.682813 0.192593
0 0.677083 0.191667 0.671875 0.196296 0.669792 0.206481 0.670833 0.214815 0.677083 0.219444 0.682813 0.218519 0.686458 0.215741 0.765625 0.169444 0.764583 0.162963 0.759896 0.161111
0 0.757292 0.162963 0.756250 0.167593 0.755729 0.173148 0.757812 0.176852 0.761458 0.176852 0.764063 0.175000 0.754167 0.214815 0.753125 0.209259 0.748438 0.207407 0.746354 0.209259
0 0.744792 0.213889 0.744792 0.219444 0.746354 0.222222 0.750000 0.223148 0.753125 0.220370 0.869271 0.295370 0.868750 0.290741 0.864062 0.287963 0.860937 0.288889
0 0.859896 0.293519 0.859896 0.299074 0.861979 0.303704 0.865104 0.304630 0.867708 0.300926 0.860417 0.325000 0.857813 0.320370 0.855729 0.319444 0.851562 0.318519
0 0.849479 0.320370 0.846875 0.325926 0.846354 0.331481 0.846354 0.336111 0.849479 0.340741 0.854688 0.341667 0.857813 0.339815 0.860937 0.337037 0.861979 0.330556
0 0.937500 0.327778 0.936458 0.322222 0.933333 0.321296 0.930729 0.321296 0.928646 0.325000 0.928646 0.330556 0.930729 0.334259 0.933854 0.334259 0.936458 0.332407
0 0.839583 0.456481 0.838021 0.451852 0.834896 0.450000 0.832292 0.450926 0.830729 0.454630 0.830729 0.460185 0.831771 0.464815 0.835417 0.464815 0.838542 0.462037 0.849479 0.449074 0.847917 0.445370 0.844792 0.443519 0.842188 0.444444
0 0.840104 0.448148 0.840625 0.452778 0.841667 0.454630 0.845312 0.455556 0.848437 0.453704 0.850521 0.462963 0.849479 0.458333 0.845833 0.456481 0.843229 0.456481 0.841667 0.460185
0 0.841667 0.465741 0.843229 0.470370 0.846354 0.471296 0.849479 0.467593 0.900521 0.494444 0.899479 0.490741 0.896875 0.487963 0.893750 0.488889 0.892187 0.491667
0 0.892187 0.497222 0.893750 0.500926 0.896875 0.501852 0.917188 0.488889 0.915625 0.484259 0.912500 0.482407 0.910417 0.483333 0.908333 0.487037 0.908333 0.492593
0 0.909896 0.496296 0.913021 0.497222 0.916146 0.494444 0.801562 0.469444 0.800000 0.463889 0.796875 0.462963 0.794792 0.462963 0.792708 0.466667 0.792708 0.472222
0 0.794271 0.476852 0.797396 0.476852 0.800521 0.474074 0.861979 0.403704 0.859896 0.400000 0.857292 0.398148 0.853125 0.398148 0.851562 0.400000 0.848437 0.404630 0.847917 0.411111 0.847917 0.414815 0.851042 0.419444 0.855729 0.422222
0 0.859375 0.419444 0.862500 0.415741 0.863542 0.409259 0.833854 0.379630 0.831250 0.375926 0.828125 0.374074 0.825000 0.373148 0.822917 0.375926 0.819792 0.381481
0 0.819792 0.386111 0.819792 0.390741 0.822396 0.395370 0.827604 0.397222 0.831250 0.395370 0.833854 0.391667 0.835417 0.386111 0.851042 0.546296 0.848958 0.542593
0 0.845833 0.540741 0.842188 0.539815 0.840625 0.541667 0.837500 0.547222 0.836979 0.553704 0.836979 0.557407 0.839583 0.562037 0.844792 0.563889 0.848437 0.562037
0 0.850521 0.557407 0.852604 0.551852 0.815625 0.561111 0.813021 0.557407 0.810417 0.555556 0.806771 0.554630 0.804688 0.557407 0.801562 0.562963 0.801042 0.568519
0 0.801042 0.572222 0.803646 0.577778 0.808854 0.578704 0.812500 0.576852 0.815625 0.572222 0.817187 0.566667 0.882812 0.622222 0.880208 0.619444 0.877604 0.617593
0 0.873438 0.616667 0.871875 0.618519 0.868750 0.624074 0.868229 0.629630 0.868750 0.634259 0.870833 0.638889 0.876042 0.640741 0.879167 0.638889 0.882292 0.634259
0 0.883854 0.628704 0.919271 0.775926 0.917188 0.772222 0.915104 0.770370 0.910937 0.770370 0.909375 0.772222 0.906250 0.777778 0.905208 0.784259 0.905208 0.787037
0 0.907812 0.791667 0.912500 0.793519 0.916146 0.791667 0.918750 0.787037 0.920833 0.781482 0.886458 0.712963 0.883854 0.708333 0.881250 0.707407 0.877604 0.706481 0.875521 0.708333 0.872917 0.713889 0.871354 0.721296 0.871875 0.725000
0 0.874479 0.729630 0.879687 0.729630 0.882292 0.727778 0.885417 0.724074 0.887500 0.718518 0.922917 0.724074 0.920313 0.720370 0.917708 0.718518 0.914062 0.718518 0.911979 0.720370 0.908854 0.725926 0.908333 0.731481 0.908333 0.736111
0 0.911458 0.739815 0.916146 0.741667 0.918750 0.739815 0.921875 0.735185 0.922917 0.730556 0.854688 0.765741 0.852604 0.762037 0.850000 0.760185 0.846354 0.761111 0.843750 0.762963 0.841146 0.767593 0.840625 0.773148 0.840104 0.777778
0 0.843229 0.781482 0.847917 0.783333 0.851562 0.781482 0.854167 0.777778 0.856250 0.772222 0.931250 0.829630 0.929167 0.826852 0.926562 0.825000 0.923437 0.824074 0.920833 0.825926 0.918229 0.832407 0.917188 0.837037 0.917188 0.841667
0 0.919792 0.845370 0.924479 0.847222 0.927604 0.846296 0.930208 0.840741 0.932292 0.837037 0.919792 0.906482 0.920313 0.897222 0.914583 0.891667 0.909896 0.891667 0.904167 0.897222 0.901042 0.906482 0.903646 0.913889 0.907292 0.918519
0 0.912500 0.917593 0.916667 0.912963 0.880729 0.871296 0.878646 0.868519 0.875521 0.866667 0.871875 0.865741 0.869792 0.868519 0.866667 0.874074 0.866146 0.878704 0.865625 0.884259 0.868750 0.887037 0.873438 0.888889 0.876562 0.887037
0 0.879687 0.882407 0.881250 0.876852 0.889063 0.907407 0.886979 0.903704 0.884375 0.903704 0.880729 0.901852 0.879167 0.903704 0.876042 0.909259 0.875000 0.914815 0.874479 0.920370 0.877083 0.924074 0.881771 0.924074 0.884896 0.922222
0 0.888542 0.918519 0.890104 0.912037 0.907812 0.956481 0.908333 0.948148 0.902604 0.943519 0.897917 0.942593 0.892187 0.948148 0.890104 0.957407 0.891667 0.963889 0.904167 0.963889 0.892708 0.764815 0.890104 0.761111 0.887500 0.760185
0 0.883854 0.759259 0.881771 0.761111 0.878646 0.766667 0.878125 0.773148 0.878125 0.775926 0.880729 0.780556 0.885938 0.782407 0.889063 0.780556 0.891667 0.777778 0.893750 0.770370 0.823438 0.778704 0.820833 0.775926 0.818229 0.774074
0 0.814583 0.774074 0.812500 0.775926 0.809375 0.781482 0.808854 0.787037 0.808854 0.790741 0.811458 0.796296 0.816146 0.796296 0.819792 0.794444 0.822917 0.791667 0.824479 0.785185 0.867188 0.792593 0.864583 0.788889 0.862500 0.787037
0 0.857813 0.787037 0.856250 0.787963 0.853125 0.794444 0.852604 0.800000 0.852083 0.804630 0.855208 0.808333 0.860417 0.810185 0.863542 0.808333 0.866667 0.803704 0.868229 0.798148
0 0.828646 0.837037 0.826042 0.833333 0.823438 0.832407 0.819792 0.832407 0.817708 0.835185 0.815104 0.838889 0.814062 0.845370 0.814062 0.849074 0.816667 0.852778 0.821354 0.854630 0.825000 0.852778 0.828125 0.849074 0.829687 0.842593
0 0.847917 0.790741 0.845312 0.787037 0.842708 0.785185 0.839063 0.785185 0.836458 0.787037 0.833854 0.792593 0.832812 0.799074 0.833333 0.801852 0.835938 0.807407 0.840625 0.808333 0.843750 0.806481 0.846875 0.802778 0.848437 0.796296
0 0.898958 0.659259 0.896875 0.655556 0.893750 0.653704 0.890625 0.653704 0.888542 0.655556 0.885417 0.661111 0.884896 0.666667 0.884896 0.671296 0.887500 0.675000 0.892187 0.677778
0 0.895833 0.675000 0.898438 0.671296 0.900521 0.664815 0.927083 0.644444 0.924479 0.640741 0.921875 0.638889 0.918229 0.638889 0.916146 0.640741 0.913021 0.647222 0.912500 0.651852 0.912500 0.656482 0.915104 0.661111 0.920313 0.662963
0 0.923437 0.660185 0.926562 0.656482 0.928125 0.650000 0.938542 0.688889 0.935417 0.686111 0.933333 0.684259 0.929688 0.684259 0.927604 0.686111 0.924479 0.691667 0.923958 0.697222 0.924479 0.700926 0.927083 0.705556 0.931250 0.707407
0 0.934375 0.705556 0.937500 0.701852 0.939062 0.695370 0.850521 0.573148 0.848958 0.568519 0.846354 0.566667 0.843750 0.567593 0.841667 0.570370 0.841667 0.575926 0.843229 0.580556 0.846354 0.581481 0.849479 0.577778 0.826042 0.550926
0 0.824479 0.545370 0.821354 0.544444 0.819271 0.544444 0.817187 0.548148 0.817187 0.553704 0.818229 0.559259 0.821875 0.558333 0.825000 0.555556 0.801562 0.583333 0.800521 0.578704 0.797396 0.576852 0.794271 0.577778 0.792188 0.581481
0 0.792188 0.587037 0.794271 0.590741 0.797396 0.591667 0.800521 0.588889 0.822917 0.659259 0.821354 0.654630 0.818750 0.653704 0.815625 0.653704 0.813542 0.657407 0.814062 0.662037 0.815104 0.667593 0.818750 0.667593 0.821354 0.663889
0 0.809375 0.803704 0.806250 0.800926 0.804167 0.799074 0.800000 0.799074 0.797917 0.800926 0.794792 0.806481 0.794271 0.811111 0.794792 0.815741 0.797396 0.820370 0.802083 0.821296 0.805208 0.819444 0.808333 0.815741 0.809896 0.810185
0 0.700521 0.823148 0.698438 0.819444 0.695312 0.818519 0.691146 0.818519 0.689062 0.820370 0.685938 0.825000 0.685417 0.831481 0.685938 0.835185 0.689062 0.838889 0.693750 0.840741 0.696875 0.838889 0.700000 0.835185 0.701563 0.829630
0 0.675521 0.777778 0.672917 0.774074 0.670313 0.772222 0.666146 0.772222 0.664062 0.774074 0.660937 0.779630 0.660417 0.786111 0.660417 0.789815 0.663021 0.794444 0.668750 0.795370 0.671875 0.793519 0.675000 0.789815 0.676562 0.784259
0 0.680729 0.702778 0.679167 0.699074 0.676042 0.697222 0.671875 0.698148 0.669792 0.699074 0.666667 0.704630 0.666146 0.711111 0.666667 0.714815 0.669792 0.720370
0 0.675000 0.721296 0.678125 0.719444 0.680729 0.714815 0.681250 0.709259 0.765625 0.663889 0.763021 0.659259 0.760417 0.657407 0.756250 0.657407 0.754167 0.659259
0 0.751042 0.664815 0.750521 0.671296 0.750521 0.675000 0.753646 0.680556 0.758854 0.681481 0.761979 0.679630 0.765104 0.675926 0.766667 0.669444 0.784375 0.669444
0 0.781771 0.665741 0.779167 0.663889 0.775521 0.663889 0.773438 0.665741 0.770312 0.671296 0.769792 0.676852 0.769792 0.681481 0.772396 0.686111 0.777604 0.687037
0 0.781250 0.685185 0.784375 0.680556 0.785937 0.675000 0.783854 0.728704 0.780729 0.725926 0.778646 0.723148 0.774479 0.722222 0.772396 0.725000 0.769271 0.730556 0.768750 0.736111 0.768750 0.740741 0.771354 0.745370 0.777083 0.746296
0 0.780208 0.744444 0.783333 0.739815 0.784896 0.735185 0.652604 0.586111 0.650000 0.581481 0.646875 0.580556 0.643750 0.579630 0.641146 0.581481 0.638542 0.587037 0.637500 0.593518 0.638021 0.598148 0.640625 0.602778 0.645833 0.604630
0 0.648958 0.601852 0.652083 0.598148 0.654167 0.592593 0.697917 0.598148 0.696354 0.595370 0.694271 0.593518 0.691667 0.592593 0.689062 0.593518 0.686979 0.597222 0.686458 0.601852 0.686458 0.606481 0.689062 0.610185 0.693750 0.611111
0 0.696875 0.608333 0.698438 0.603704 0.735937 0.483333 0.734375 0.481481 0.732292 0.478704 0.729688 0.477778 0.727083 0.478704 0.725521 0.482407 0.725000 0.487037 0.725000 0.491667 0.727083 0.496296 0.732292 0.496296 0.734896 0.493519
0 0.736458 0.488889 0.740104 0.460185 0.738542 0.458333 0.736458 0.455556 0.733854 0.454630 0.731250 0.455556 0.729167 0.459259 0.728646 0.464815 0.728646 0.468519 0.731250 0.472222 0.736458 0.473148 0.739062 0.470370 0.740625 0.465741
0 0.750521 0.645370 0.749479 0.643519 0.747396 0.640741 0.744792 0.639815 0.742188 0.641667 0.740625 0.644444 0.739062 0.650000 0.739583 0.653704 0.742188 0.657407 0.746875 0.657407 0.749479 0.655556 0.751042 0.650926 0.726562 0.705556
0 0.725000 0.702778 0.723437 0.700926 0.720312 0.700000 0.717708 0.700926 0.715625 0.703704 0.715104 0.709259 0.715104 0.713889 0.717708 0.716667 0.722917 0.717593 0.725521 0.714815 0.727083 0.709259 0.736979 0.724074 0.735417 0.721296
0 0.733333 0.719444 0.730729 0.718518 0.728125 0.719444 0.726042 0.723148 0.725521 0.727778 0.725521 0.732407 0.728125 0.736111 0.732813 0.737037 0.735417 0.734259 0.736979 0.730556 0.656250 0.785185 0.654688 0.782407 0.653125 0.780556
0 0.650000 0.779630 0.647917 0.780556 0.645312 0.785185 0.644792 0.788889 0.644792 0.793519 0.647917 0.797222 0.652604 0.797222 0.654688 0.795370 0.656771 0.790741 0.682813 0.836111 0.681250 0.834259 0.679167 0.831481
0 0.677083 0.830556 0.674479 0.831481 0.672396 0.835185 0.671354 0.839815 0.670833 0.844444 0.673958 0.847222 0.678646 0.848148 0.681771 0.845370 0.682813 0.840741 0.740625 0.827778 0.739062 0.825926 0.738021 0.823148
0 0.735417 0.822222 0.732813 0.823148 0.730729 0.826852 0.729688 0.832407 0.730208 0.836111 0.732292 0.838889 0.736979 0.839815 0.740104 0.837037 0.740625 0.833333 0.767708 0.824074 0.766146 0.822222 0.764063 0.821296
0 0.761979 0.819444 0.759375 0.820370 0.757292 0.824074 0.756771 0.827778 0.756771 0.832407 0.758854 0.836111 0.763542 0.837037 0.766146 0.835185 0.768229 0.829630 0.614583 0.737963 0.613021 0.736111 0.611458 0.733333
0 0.608854 0.732407 0.606250 0.733333 0.604167 0.737037 0.603646 0.741667 0.603646 0.746296 0.605729 0.750000 0.610417 0.750926 0.613542 0.748148 0.615104 0.743519 0.336979 0.353704 0.336458 0.350926 0.334375 0.348148
0 0.331771 0.348148 0.329167 0.348148 0.327083 0.351852 0.326562 0.357407 0.326562 0.360185 0.329167 0.363889 0.333333 0.365741 0.336458 0.362037 0.338021 0.357407 0.577604 0.675000 0.576042 0.672222 0.573958 0.670370
0 0.571354 0.669444 0.568750 0.670370 0.566667 0.674074 0.566146 0.678704 0.566146 0.683333 0.568750 0.686111 0.573438 0.687037 0.576563 0.684259 0.578125 0.680556 0.614583 0.631481 0.613021 0.629630 0.611458 0.626852
0 0.608854 0.625926 0.605729 0.626852 0.603646 0.630556 0.603125 0.635185 0.603125 0.639815 0.606250 0.643519 0.610937 0.644444 0.614062 0.641667 0.615104 0.637037 0.621875 0.836111 0.620313 0.833333 0.618229 0.831481
0 0.616146 0.830556 0.613542 0.831481 0.611458 0.834259 0.610937 0.839815 0.610417 0.845370 0.613021 0.847222 0.617708 0.848148 0.620833 0.845370 0.622396 0.841667 0.830208 0.886111 0.829167 0.884259 0.827083 0.882407
0 0.825000 0.881481 0.822396 0.881481 0.820312 0.885185 0.819792 0.889815 0.819271 0.894444 0.821875 0.897222 0.826042 0.898148 0.829167 0.894444 0.830729 0.890741 0.852604 0.834259 0.851562 0.831481 0.850000 0.830556
0 0.847917 0.829630 0.844792 0.829630 0.843229 0.833333 0.842188 0.837963 0.842188 0.842593 0.844792 0.845370 0.848958 0.846296 0.852083 0.842593 0.853125 0.838889 0.866667 0.902778 0.865625 0.900926 0.864062 0.899074
0 0.861979 0.898148 0.858854 0.898148 0.856771 0.901852 0.856250 0.906482 0.855729 0.911111 0.858333 0.913889 0.862500 0.915741 0.865104 0.912037 0.867188 0.907407 0.844271 0.929630 0.842708 0.928704 0.841667 0.925926
0 0.839583 0.925000 0.836979 0.925926 0.834896 0.929630 0.833854 0.934259 0.833854 0.937963 0.836458 0.940741 0.840625 0.941667 0.843229 0.939815 0.844792 0.935185 0.775521 0.906482 0.774479 0.903704 0.772917 0.901852
0 0.769271 0.902778 0.767708 0.902778 0.765625 0.905556 0.764583 0.910185 0.764063 0.914815 0.767187 0.917593 0.771875 0.918519 0.774479 0.915741 0.776042 0.911111 0.778646 0.871296 0.777083 0.869444 0.775000 0.867593
0 0.772917 0.866667 0.770312 0.867593 0.768229 0.871296 0.767708 0.875000 0.767187 0.879630 0.769271 0.883333 0.773958 0.883333 0.777083 0.880556 0.778646 0.876852 0.884896 0.850000 0.883854 0.848148 0.881771 0.846296
0 0.879687 0.845370 0.877083 0.846296 0.875000 0.850000 0.874479 0.854630 0.873958 0.859259 0.876562 0.861111 0.880729 0.862037 0.883854 0.859259 0.884896 0.855556 0.695312 0.929630 0.694271 0.927778 0.692187 0.925000
0 0.689583 0.924074 0.687500 0.925000 0.684896 0.929630 0.684375 0.933333 0.684375 0.937037 0.686979 0.940741 0.691667 0.940741 0.693750 0.938889 0.695833 0.934259 0.688021 0.910185 0.686979 0.907407 0.685417 0.905556
0 0.682292 0.904630 0.679688 0.905556 0.677604 0.909259 0.677083 0.913889 0.677083 0.917593 0.679167 0.921296 0.684375 0.922222 0.686979 0.919444 0.688542 0.914815 0.715104 0.925000 0.715625 0.917593 0.714063 0.912037
0 0.710417 0.909259 0.707292 0.908333 0.703125 0.910185 0.700000 0.913889 0.698438 0.920370 0.698958 0.927778 0.702083 0.931481 0.707812 0.934259 0.711979 0.931481 0.641146 0.923148 0.642187 0.915741 0.640104 0.909259
0 0.636979 0.907407 0.632812 0.906482 0.629167 0.907407 0.626042 0.911111 0.623958 0.918519 0.625521 0.925926 0.628125 0.929630 0.634375 0.931481 0.638021 0.928704 0.611458 0.916667 0.611979 0.910185 0.609896 0.902778
0 0.606250 0.900926 0.602604 0.900926 0.598437 0.901852 0.595833 0.904630 0.594271 0.912037 0.595312 0.919444 0.597396 0.924074 0.604688 0.925000 0.608333 0.922222 0.716146 0.858333 0.714583 0.856481 0.712500 0.854630
0 0.709896 0.853704 0.707812 0.853704 0.705729 0.857407 0.704687 0.862037 0.704687 0.866667 0.707292 0.869444 0.711979 0.871296 0.714583 0.867593 0.716146 0.862963 0.708333 0.841667 0.706771 0.839815 0.705208 0.837037
0 0.702604 0.836111 0.700000 0.837037 0.697917 0.840741 0.696875 0.845370 0.696875 0.850926 0.699479 0.852778 0.704167 0.853704 0.707292 0.850926 0.708854 0.846296 0.515104 0.883333 0.513542 0.881481 0.511458 0.878704
0 0.508854 0.877778 0.506250 0.878704 0.504167 0.882407 0.503646 0.887037 0.503646 0.890741 0.506250 0.894444 0.511458 0.895370 0.514063 0.892593 0.515625 0.887963 0.528646 0.899074 0.527083 0.897222 0.525000 0.895370
0 0.522396 0.895370 0.520312 0.895370 0.517708 0.898148 0.517708 0.902778 0.517708 0.907407 0.520312 0.910185 0.524479 0.911111 0.527083 0.909259 0.529167 0.903704 0.485938 0.805556 0.484375 0.802778 0.482292 0.800926
0 0.479688 0.800000 0.477083 0.800000 0.475000 0.803704 0.474479 0.809259 0.474479 0.813889 0.477083 0.816667 0.482292 0.818519 0.484896 0.814815 0.486458 0.810185 0.408854 0.742593 0.407292 0.739815 0.405729 0.737963
0 0.402604 0.737037 0.400000 0.737963 0.397917 0.740741 0.397396 0.746296 0.397396 0.750926 0.400000 0.754630 0.405208 0.755556 0.407813 0.752778 0.409375 0.747222 0.397917 0.761111 0.395833 0.760185 0.394792 0.757407
0 0.392188 0.756481 0.389583 0.757407 0.387500 0.760185 0.386458 0.764815 0.386979 0.769444 0.389583 0.773148 0.394271 0.774074 0.397396 0.771296 0.398438 0.766667 0.415104 0.700000 0.413542 0.698148 0.411979 0.695370
0 0.409375 0.694444 0.406250 0.695370 0.404167 0.699074 0.403646 0.704630 0.403646 0.708333 0.406771 0.712037 0.411458 0.712963 0.414583 0.710185 0.415625 0.705556 0.467708 0.716667 0.466146 0.714815 0.464063 0.712037
0 0.461458 0.711111 0.458854 0.712037 0.456771 0.715741 0.455729 0.720370 0.456250 0.725000 0.458854 0.728704 0.463542 0.729630 0.466667 0.726852 0.468229 0.722222 0.442708 0.672222 0.439583 0.671296 0.436458 0.672222
0 0.434896 0.675926 0.434896 0.679630 0.436979 0.683333 0.440625 0.684259 0.443229 0.680556 0.443750 0.676852 0.488542 0.724074 0.486979 0.721296 0.485417 0.719444 0.482812 0.718518 0.480208 0.719444 0.478125 0.722222
0 0.477083 0.727778 0.477604 0.732407 0.480208 0.736111 0.484896 0.737037 0.488021 0.734259 0.489062 0.729630 0.494792 0.688889 0.493229 0.686111 0.491146 0.683333 0.488542 0.683333 0.485938 0.683333 0.483854 0.687037
0 0.483333 0.691667 0.483333 0.695370 0.485938 0.699074 0.490625 0.700926 0.493750 0.697222 0.495313 0.692593 0.332812 0.717593 0.331250 0.715741 0.329167 0.712963 0.326562 0.712037 0.323958 0.712963 0.321875 0.716667
0 0.321354 0.721296 0.321354 0.725926 0.323958 0.729630 0.328646 0.730556 0.331771 0.727778 0.333333 0.723148 0.428125 0.524074 0.426562 0.521296 0.424479 0.518519 0.421875 0.518519 0.419271 0.518519 0.417188 0.522222
0 0.416146 0.527778 0.416667 0.531482 0.419271 0.535185 0.423958 0.537037 0.427083 0.533333 0.428125 0.528704 0.401563 0.455556 0.398438 0.453704 0.395312 0.455556 0.393750 0.459259 0.394271 0.462963 0.395833 0.465741
0 0.399479 0.466667 0.402604 0.463889 0.403125 0.459259 0.458333 0.385185 0.458854 0.379630 0.456771 0.375926 0.452604 0.375000 0.450521 0.378704 0.450000 0.383333 0.450521 0.386111 0.452604 0.388889 0.455729 0.388889
0 0.463021 0.361111 0.463542 0.355556 0.461458 0.351852 0.457812 0.350926 0.455208 0.354630 0.454688 0.359259 0.455729 0.362037 0.457812 0.364815 0.460938 0.364815
0 0.753125 0.294444 0.750000 0.290741 0.747396 0.288889 0.743750 0.287963 0.741667 0.289815 0.738021 0.296296 0.738021 0.300926 0.738021 0.306481 0.741146 0.310185 0.746875 0.312037 0.750000 0.310185 0.753125 0.305556
0 0.754167 0.300926 0.640104 0.093519 0.636458 0.084259 0.630208 0.079630 0.625000 0.078704 0.619271 0.083333 0.617188 0.091667 0.618750 0.101852 0.626562 0.111111 0.633854 0.109259 0.638021 0.103704 0.846354 0.153704
0 0.842708 0.149074 0.838021 0.148148 0.835938 0.150000 0.834375 0.154630 0.834375 0.160185 0.835938 0.163889 0.839583 0.165741 0.843750 0.164815 0.846354 0.159259 0.758333 0.540741 0.757292 0.536111 0.754167 0.534259
0 0.751042 0.535185 0.748958 0.537963 0.748958 0.543519 0.751042 0.548148 0.754167 0.549074 0.757292 0.545370 0.871354 0.789815 0.873438 0.787963 0.875000 0.783333 0.873958 0.778704 0.871354 0.777778 0.868229 0.776852
0 0.866146 0.781482 0.866146 0.785185 0.868229 0.789815 0.616146 0.600926 0.614583 0.599074 0.612500 0.596296 0.609896 0.595370 0.607292 0.596296 0.605208 0.600000
0 0.604688 0.604630 0.604688 0.609259 0.607292 0.612963 0.612500 0.613889 0.615104 0.611111 0.616667 0.606481 0.248437 0.329630 0.250000 0.323148 0.248437 0.319444
