0 0.621739 0.349410 0.618910 0.351636 0.617595 0.355416 0.618413 0.359379 0.620874 0.362374 0.625923 0.363138 0.630720 0.360935 0.631611 0.358047 0.630801 0.353548 0.628755 0.350286 0.625349 0.348536
0 0.608295 0.371834 0.605467 0.374060 0.604151 0.377840 0.604969 0.381804 0.607431 0.384798 0.612480 0.385562 0.617277 0.383359 0.618167 0.380471 0.617358 0.375972 0.615311 0.372710 0.611905 0.370961
0 0.666471 0.361101 0.663644 0.363327 0.662328 0.367108 0.663146 0.371071 0.665608 0.374065 0.670656 0.374830 0.675454 0.372626 0.676344 0.369739 0.675534 0.365240 0.673488 0.361978 0.670081 0.360228
0 0.659817 0.343456 0.656989 0.345682 0.655673 0.349463 0.656491 0.353426 0.658953 0.356420 0.664002 0.357185 0.668799 0.354981 0.669689 0.352094 0.668879 0.347594 0.666833 0.344333 0.663427 0.342583
0 0.546507 0.349463 0.543679 0.351690 0.542363 0.355469 0.543181 0.359433 0.545643 0.362427 0.550691 0.363191 0.555489 0.360988 0.556379 0.358100 0.555569 0.353601 0.553523 0.350340 0.550117 0.348590
0 0.646793 0.415934 0.643965 0.418161 0.642650 0.421941 0.643468 0.425904 0.645929 0.428898 0.650978 0.429662 0.655775 0.427459 0.656665 0.424572 0.655856 0.420072 0.653810 0.416811 0.650403 0.415061
0 0.699999 0.438357 0.697170 0.440584 0.695856 0.444364 0.696673 0.448327 0.699135 0.451322 0.704184 0.452086 0.708981 0.449883 0.709871 0.446995 0.709061 0.442496 0.707016 0.439234 0.703609 0.437484
0 0.637234 0.457074 0.634406 0.459301 0.633091 0.463081 0.633909 0.467044 0.636370 0.470039 0.641418 0.470802 0.646216 0.468600 0.647106 0.465712 0.646296 0.461212 0.644251 0.457951 0.640844 0.456201
0 0.580249 0.402302 0.577421 0.404528 0.576106 0.408308 0.576924 0.412272 0.579385 0.415266 0.584434 0.416030 0.589231 0.413827 0.590121 0.410939 0.589311 0.406440 0.587266 0.403178 0.583859 0.401429
0 0.500145 0.363644 0.497317 0.365870 0.496002 0.369650 0.496820 0.373614 0.499281 0.376608 0.504330 0.377372 0.509127 0.375168 0.510018 0.372281 0.509208 0.367782 0.507162 0.364520 0.503756 0.362770
0 0.692633 0.420723 0.689805 0.422949 0.688489 0.426729 0.689308 0.430693 0.691769 0.433687 0.696818 0.434451 0.701615 0.432248 0.702505 0.429360 0.701696 0.424861 0.699650 0.421599 0.696243 0.419850
0 0.452420 0.384429 0.449592 0.386655 0.448277 0.390435 0.449095 0.394399 0.451556 0.397393 0.456605 0.398157 0.461402 0.395954 0.462292 0.393066 0.461483 0.388567 0.459437 0.385306 0.456030 0.383556
0 0.474384 0.381331 0.471556 0.383557 0.470241 0.387338 0.471059 0.391301 0.473520 0.394295 0.478569 0.395059 0.483366 0.392856 0.484256 0.389969 0.483447 0.385470 0.481401 0.382208 0.477994 0.380457
0 0.467923 0.402330 0.465094 0.404557 0.463779 0.408337 0.464597 0.412300 0.467058 0.415295 0.472107 0.416059 0.476904 0.413856 0.477794 0.410968 0.476985 0.406469 0.474939 0.403207 0.471532 0.401457
0 0.482518 0.432822 0.479689 0.435048 0.478374 0.438828 0.479192 0.442791 0.481654 0.445786 0.486703 0.446550 0.491499 0.444347 0.492390 0.441459 0.491581 0.436960 0.489534 0.433698 0.486128 0.431948
0 0.615375 0.301985 0.612547 0.304212 0.611232 0.307992 0.612050 0.311955 0.614511 0.314950 0.619560 0.315714 0.624357 0.313511 0.625247 0.310623 0.624437 0.306123 0.622392 0.302862 0.618985 0.301112
0 0.595153 0.299270 0.592325 0.301496 0.591010 0.305276 0.591828 0.309239 0.594289 0.312234 0.599338 0.312998 0.604135 0.310795 0.605025 0.307907 0.604216 0.303408 0.602170 0.300146 0.598763 0.298396
0 0.690501 0.346401 0.687673 0.348627 0.686358 0.352408 0.687176 0.356371 0.689637 0.359365 0.694686 0.360129 0.699483 0.357926 0.700373 0.355038 0.699564 0.350539 0.697518 0.347278 0.694111 0.345527
0 0.711363 0.350213 0.708535 0.352439 0.707220 0.356219 0.708037 0.360182 0.710499 0.363176 0.715548 0.363941 0.720345 0.361737 0.721235 0.358850 0.720425 0.354351 0.718380 0.351089 0.714973 0.349339
0 0.743673 0.378509 0.740844 0.380735 0.739530 0.384516 0.740347 0.388479 0.742809 0.391473 0.747857 0.392237 0.752654 0.390034 0.753545 0.387146 0.752735 0.382647 0.750690 0.379386 0.747283 0.377635
0 0.767507 0.446588 0.764680 0.448815 0.763364 0.452595 0.764182 0.456558 0.766644 0.459552 0.771692 0.460317 0.776490 0.458113 0.777380 0.455226 0.776570 0.450726 0.774525 0.447465 0.771118 0.445715
0 0.717236 0.454591 0.714408 0.456817 0.713093 0.460598 0.713911 0.464561 0.716372 0.467555 0.721421 0.468319 0.726218 0.466116 0.727108 0.463229 0.726299 0.458730 0.724253 0.455468 0.720846 0.453718
0 0.741090 0.425215 0.738261 0.427441 0.736946 0.431221 0.737765 0.435185 0.740225 0.438179 0.745274 0.438943 0.750071 0.436740 0.750962 0.433852 0.750152 0.429353 0.748106 0.426091 0.744700 0.424342
0 0.764385 0.410491 0.761557 0.412717 0.760242 0.416498 0.761059 0.420461 0.763521 0.423455 0.768570 0.424220 0.773367 0.422016 0.774257 0.419129 0.773448 0.414629 0.771401 0.411368 0.767995 0.409618
0 0.792307 0.411783 0.789479 0.414010 0.788164 0.417790 0.788982 0.421753 0.791443 0.424747 0.796492 0.425511 0.801289 0.423308 0.802180 0.420421 0.801370 0.415922 0.799324 0.412660 0.795918 0.410910
0 0.872346 0.369493 0.869518 0.371719 0.868203 0.375500 0.869021 0.379463 0.871482 0.382457 0.876531 0.383222 0.881328 0.381018 0.882218 0.378131 0.881409 0.373632 0.879363 0.370370 0.875956 0.368620
0 0.838679 0.406038 0.835852 0.408264 0.834536 0.412045 0.835354 0.416008 0.837816 0.419002 0.842864 0.419766 0.847662 0.417563 0.848551 0.414676 0.847742 0.410177 0.845696 0.406915 0.842290 0.405165
0 0.886782 0.418300 0.883954 0.420526 0.882639 0.424306 0.883457 0.428270 0.885918 0.431264 0.890967 0.432028 0.895764 0.429825 0.896654 0.426937 0.895845 0.422438 0.893799 0.419176 0.890392 0.417426
0 0.905106 0.377795 0.902278 0.380022 0.900963 0.383802 0.901781 0.387765 0.904243 0.390760 0.909291 0.391524 0.914089 0.389321 0.914978 0.386433 0.914169 0.381934 0.912123 0.378672 0.908717 0.376923
0 0.922744 0.368279 0.919916 0.370505 0.918601 0.374285 0.919419 0.378248 0.921880 0.381243 0.926929 0.382007 0.931726 0.379804 0.932616 0.376916 0.931807 0.372417 0.929761 0.369155 0.926354 0.367405
0 0.790306 0.304290 0.787478 0.306517 0.786163 0.310297 0.786981 0.314260 0.789442 0.317254 0.794491 0.318018 0.799288 0.315815 0.800178 0.312928 0.799369 0.308428 0.797323 0.305167 0.793916 0.303417
0 0.816865 0.285509 0.814037 0.287735 0.812722 0.291515 0.813540 0.295478 0.816001 0.298473 0.821050 0.299237 0.825847 0.297034 0.826737 0.294146 0.825928 0.289647 0.823882 0.286385 0.820476 0.284635
0 0.868271 0.267907 0.865443 0.270132 0.864128 0.273913 0.864946 0.277876 0.867407 0.280870 0.872456 0.281634 0.877253 0.279431 0.878143 0.276544 0.877334 0.272045 0.875288 0.268783 0.871881 0.267033
0 0.898799 0.268175 0.895971 0.270401 0.894655 0.274181 0.895473 0.278145 0.897935 0.281139 0.902984 0.281903 0.907781 0.279700 0.908671 0.276813 0.907862 0.272313 0.905815 0.269052 0.902409 0.267302
0 0.885480 0.298808 0.882652 0.301034 0.881337 0.304814 0.882155 0.308777 0.884616 0.311772 0.889665 0.312535 0.894462 0.310333 0.895352 0.307445 0.894543 0.302945 0.892497 0.299684 0.889090 0.297934
0 0.851051 0.283956 0.848223 0.286182 0.846908 0.289962 0.847726 0.293925 0.850188 0.296919 0.855236 0.297683 0.860033 0.295480 0.860923 0.292593 0.860114 0.288094 0.858068 0.284832 0.854662 0.283082
0 0.955300 0.334367 0.952471 0.336593 0.951156 0.340374 0.951974 0.344337 0.954436 0.347331 0.959484 0.348095 0.964281 0.345892 0.965171 0.343005 0.964362 0.338506 0.962317 0.335244 0.958910 0.333494
0 0.834098 0.216456 0.831271 0.218682 0.829955 0.222462 0.830773 0.226425 0.833235 0.229419 0.838283 0.230183 0.843080 0.227980 0.843970 0.225093 0.843161 0.220594 0.841115 0.217332 0.837708 0.215582
0 0.895757 0.203221 0.892929 0.205447 0.891614 0.209228 0.892432 0.213191 0.894893 0.216185 0.899942 0.216950 0.904739 0.214746 0.905629 0.211859 0.904820 0.207360 0.902774 0.204098 0.899368 0.202348
0 0.901878 0.222978 0.899050 0.225205 0.897735 0.228985 0.898553 0.232948 0.901014 0.235943 0.906063 0.236707 0.910860 0.234504 0.911750 0.231616 0.910941 0.227116 0.908895 0.223855 0.905488 0.222105
0 0.882573 0.218237 0.879744 0.220463 0.878430 0.224244 0.879248 0.228207 0.881709 0.231201 0.886758 0.231965 0.891555 0.229762 0.892445 0.226875 0.891636 0.222375 0.889590 0.219114 0.886183 0.217364
0 0.814168 0.178383 0.811340 0.180609 0.810025 0.184390 0.810843 0.188353 0.813304 0.191347 0.818353 0.192111 0.823150 0.189908 0.824040 0.187021 0.823231 0.182521 0.821185 0.179260 0.817778 0.177510
0 0.813801 0.163611 0.810973 0.165837 0.809658 0.169618 0.810476 0.173581 0.812937 0.176575 0.817986 0.177339 0.822783 0.175136 0.823673 0.172248 0.822864 0.167749 0.820818 0.164488 0.817411 0.162737
0 0.782017 0.172446 0.779189 0.174673 0.777873 0.178453 0.778691 0.182416 0.781153 0.185411 0.786202 0.186175 0.790999 0.183971 0.791889 0.181084 0.791080 0.176584 0.789033 0.173323 0.785627 0.171573
0 0.898759 0.153208 0.895931 0.155434 0.894616 0.159214 0.895434 0.163178 0.897895 0.166172 0.902943 0.166936 0.907741 0.164733 0.908631 0.161845 0.907821 0.157346 0.905776 0.154085 0.902369 0.152335
0 0.914442 0.157088 0.911614 0.159314 0.910298 0.163094 0.911116 0.167058 0.913578 0.170052 0.918627 0.170816 0.923424 0.168613 0.924314 0.165725 0.923505 0.161226 0.921459 0.157965 0.918052 0.156215
0 0.880957 0.147369 0.878129 0.149595 0.876813 0.153376 0.877631 0.157339 0.880093 0.160333 0.885141 0.161097 0.889939 0.158894 0.890829 0.156007 0.890019 0.151507 0.887973 0.148246 0.884567 0.146496
0 0.890181 0.114025 0.887353 0.116251 0.886037 0.120032 0.886855 0.123995 0.889317 0.126989 0.894366 0.127754 0.899163 0.125550 0.900053 0.122663 0.899244 0.118164 0.897197 0.114902 0.893791 0.113152
0 0.763879 0.165984 0.761052 0.168211 0.759736 0.171991 0.760554 0.175954 0.763016 0.178949 0.768065 0.179713 0.772862 0.177509 0.773752 0.174622 0.772942 0.170122 0.770896 0.166861 0.767490 0.165111
0 0.777559 0.198501 0.774731 0.200727 0.773415 0.204507 0.774233 0.208471 0.776695 0.211465 0.781744 0.212229 0.786541 0.210026 0.787431 0.207138 0.786622 0.202639 0.784575 0.199377 0.781169 0.197628
0 0.688504 0.308402 0.685676 0.310628 0.684361 0.314408 0.685179 0.318371 0.687640 0.321366 0.692689 0.322130 0.697486 0.319927 0.698376 0.317039 0.697567 0.312540 0.695521 0.309278 0.692115 0.307528
0 0.614477 0.255652 0.611650 0.257878 0.610334 0.261658 0.611152 0.265622 0.613614 0.268616 0.618662 0.269380 0.623460 0.267177 0.624349 0.264289 0.623540 0.259790 0.621494 0.256528 0.618088 0.254779
0 0.625077 0.234342 0.622249 0.236567 0.620934 0.240348 0.621752 0.244311 0.624213 0.247305 0.629262 0.248070 0.634059 0.245866 0.634949 0.242979 0.634140 0.238480 0.632094 0.235218 0.628688 0.233468
0 0.634636 0.278456 0.631808 0.280681 0.630492 0.284462 0.631310 0.288425 0.633772 0.291419 0.638821 0.292184 0.643618 0.289980 0.644508 0.287093 0.643698 0.282594 0.641652 0.279332 0.638246 0.277582
0 0.528472 0.265440 0.525644 0.267666 0.524329 0.271447 0.525147 0.275410 0.527608 0.278404 0.532657 0.279169 0.537454 0.276965 0.538344 0.274078 0.537535 0.269579 0.535489 0.266317 0.532082 0.264567
0 0.502249 0.283425 0.499421 0.285651 0.498106 0.289431 0.498924 0.293394 0.501385 0.296388 0.506434 0.297153 0.511231 0.294949 0.512121 0.292062 0.511312 0.287563 0.509266 0.284301 0.505859 0.282551
0 0.500562 0.265586 0.497734 0.267812 0.496419 0.271593 0.497236 0.275556 0.499698 0.278550 0.504747 0.279314 0.509544 0.277111 0.510434 0.274224 0.509625 0.269724 0.507579 0.266463 0.504172 0.264713
0 0.592189 0.242013 0.589360 0.244239 0.588045 0.248019 0.588863 0.251982 0.591324 0.254976 0.596373 0.255741 0.601170 0.253537 0.602060 0.250650 0.601251 0.246151 0.599205 0.242889 0.595799 0.241139
0 0.587051 0.191019 0.584223 0.193245 0.582908 0.197025 0.583726 0.200989 0.586187 0.203983 0.591236 0.204747 0.596033 0.202544 0.596923 0.199656 0.596114 0.195157 0.594068 0.191895 0.590662 0.190146
0 0.573092 0.203005 0.570264 0.205232 0.568949 0.209012 0.569767 0.212975 0.572228 0.215970 0.577277 0.216734 0.582074 0.214530 0.582964 0.211643 0.582155 0.207144 0.580109 0.203882 0.576703 0.202132
0 0.515971 0.238911 0.513143 0.241138 0.511828 0.244918 0.512646 0.248881 0.515107 0.251876 0.520156 0.252639 0.524953 0.250437 0.525843 0.247549 0.525033 0.243050 0.522988 0.239788 0.519581 0.238038
0 0.450923 0.255703 0.448095 0.257929 0.446780 0.261710 0.447598 0.265673 0.450059 0.268668 0.455107 0.269432 0.459905 0.267228 0.460795 0.264341 0.459985 0.259842 0.457940 0.256580 0.454533 0.254830
0 0.536531 0.374943 0.533703 0.377169 0.532387 0.380949 0.533205 0.384913 0.535667 0.387907 0.540716 0.388671 0.545513 0.386468 0.546403 0.383581 0.545593 0.379081 0.543548 0.375820 0.540141 0.374069
0 0.517490 0.372642 0.514662 0.374868 0.513347 0.378648 0.514165 0.382612 0.516626 0.385606 0.521675 0.386370 0.526472 0.384167 0.527362 0.381279 0.526553 0.376780 0.524507 0.373519 0.521101 0.371769
0 0.414855 0.374848 0.412027 0.377074 0.410712 0.380855 0.411530 0.384818 0.413991 0.387812 0.419040 0.388576 0.423837 0.386373 0.424727 0.383486 0.423918 0.378986 0.421872 0.375725 0.418465 0.373975
0 0.447125 0.437370 0.444297 0.439596 0.442982 0.443377 0.443800 0.447340 0.446261 0.450334 0.451311 0.451098 0.456107 0.448895 0.456998 0.446007 0.456188 0.441508 0.454142 0.438247 0.450736 0.436496
0 0.486686 0.416881 0.483858 0.419107 0.482542 0.422887 0.483360 0.426851 0.485822 0.429845 0.490871 0.430609 0.495668 0.428406 0.496558 0.425518 0.495749 0.421019 0.493702 0.417757 0.490296 0.416008
0 0.395106 0.423788 0.392277 0.426014 0.390962 0.429795 0.391780 0.433758 0.394241 0.436752 0.399290 0.437516 0.404087 0.435313 0.404977 0.432426 0.404168 0.427926 0.402122 0.424665 0.398715 0.422915
0 0.376469 0.409740 0.373641 0.411966 0.372326 0.415746 0.373144 0.419710 0.375605 0.422704 0.380654 0.423468 0.385451 0.421265 0.386341 0.418378 0.385532 0.413878 0.383486 0.410617 0.380080 0.408867
0 0.307850 0.369045 0.305022 0.371271 0.303707 0.375052 0.304524 0.379015 0.306986 0.382009 0.312035 0.382773 0.316832 0.380570 0.317722 0.377682 0.316913 0.373183 0.314867 0.369922 0.311460 0.368171
0 0.322578 0.383917 0.319750 0.386143 0.318435 0.389924 0.319253 0.393887 0.321714 0.396881 0.326762 0.397646 0.331560 0.395442 0.332450 0.392555 0.331640 0.388056 0.329595 0.384794 0.326188 0.383044
0 0.384849 0.316248 0.382020 0.318474 0.380705 0.322254 0.381524 0.326218 0.383985 0.329212 0.389034 0.329976 0.393830 0.327773 0.394721 0.324885 0.393912 0.320386 0.391866 0.317124 0.388459 0.315375
0 0.401799 0.304040 0.398971 0.306266 0.397656 0.310047 0.398474 0.314010 0.400935 0.317004 0.405984 0.317769 0.410781 0.315565 0.411671 0.312678 0.410862 0.308179 0.408816 0.304917 0.405409 0.303167
0 0.375419 0.265278 0.372591 0.267504 0.371276 0.271285 0.372094 0.275248 0.374555 0.278242 0.379603 0.279006 0.384401 0.276803 0.385290 0.273916 0.384481 0.269417 0.382436 0.266155 0.379029 0.264405
0 0.331845 0.425808 0.329017 0.428035 0.327702 0.431815 0.328520 0.435778 0.330981 0.438772 0.336030 0.439536 0.340827 0.437333 0.341717 0.434446 0.340908 0.429946 0.338862 0.426685 0.335456 0.424935
0 0.363278 0.421905 0.360450 0.424130 0.359135 0.427911 0.359953 0.431874 0.362415 0.434868 0.367463 0.435633 0.372260 0.433429 0.373150 0.430542 0.372341 0.426043 0.370295 0.422781 0.366889 0.421031
0 0.346568 0.413993 0.343740 0.416219 0.342424 0.419999 0.343242 0.423963 0.345704 0.426957 0.350752 0.427721 0.355550 0.425518 0.356440 0.422630 0.355630 0.418131 0.353584 0.414869 0.350178 0.413120
0 0.402887 0.360204 0.400059 0.362430 0.398744 0.366211 0.399562 0.370174 0.402023 0.373168 0.407072 0.373932 0.411869 0.371729 0.412759 0.368842 0.411950 0.364343 0.409904 0.361081 0.406497 0.359331
0 0.403280 0.322472 0.400453 0.324698 0.399137 0.328478 0.399955 0.332441 0.402417 0.335435 0.407465 0.336200 0.412262 0.333996 0.413152 0.331109 0.412343 0.326610 0.410297 0.323348 0.406891 0.321598
0 0.384766 0.341174 0.381938 0.343401 0.380623 0.347181 0.381441 0.351144 0.383902 0.354139 0.388950 0.354903 0.393748 0.352700 0.394638 0.349812 0.393828 0.345313 0.391783 0.342051 0.388376 0.340301
0 0.404800 0.457517 0.401972 0.459743 0.400657 0.463523 0.401475 0.467487 0.403936 0.470481 0.408985 0.471245 0.413782 0.469042 0.414672 0.466154 0.413863 0.461655 0.411817 0.458393 0.408410 0.456644
0 0.361736 0.475502 0.358908 0.477729 0.357593 0.481509 0.358411 0.485472 0.360872 0.488467 0.365920 0.489231 0.370718 0.487027 0.371607 0.484140 0.370798 0.479641 0.368753 0.476379 0.365346 0.474629
0 0.503635 0.460767 0.500807 0.462993 0.499492 0.466774 0.500310 0.470737 0.502772 0.473731 0.507820 0.474496 0.512617 0.472292 0.513507 0.469405 0.512698 0.464906 0.510652 0.461644 0.507246 0.459894
0 0.508529 0.487645 0.505701 0.489871 0.504386 0.493651 0.505204 0.497615 0.507665 0.500609 0.512714 0.501373 0.517511 0.499170 0.518401 0.496282 0.517592 0.491783 0.515546 0.488522 0.512139 0.486772
0 0.436652 0.553473 0.433824 0.555699 0.432509 0.559479 0.433327 0.563443 0.435788 0.566437 0.440837 0.567201 0.445634 0.564998 0.446524 0.562110 0.445715 0.557611 0.443669 0.554349 0.440263 0.552599
0 0.371329 0.498322 0.368501 0.500548 0.367186 0.504328 0.368004 0.508292 0.370465 0.511286 0.375514 0.512050 0.380311 0.509847 0.381201 0.506959 0.380392 0.502460 0.378346 0.499198 0.374939 0.497449
0 0.535116 0.482297 0.532288 0.484523 0.530973 0.488303 0.531791 0.492267 0.534252 0.495261 0.539301 0.496025 0.544098 0.493822 0.544988 0.490934 0.544179 0.486435 0.542133 0.483173 0.538726 0.481424
0 0.343869 0.512863 0.341041 0.515089 0.339726 0.518869 0.340544 0.522833 0.343005 0.525826 0.348054 0.526591 0.352851 0.524387 0.353741 0.521500 0.352932 0.517001 0.350886 0.513739 0.347479 0.511989
0 0.298765 0.493392 0.295937 0.495618 0.294622 0.499398 0.295440 0.503361 0.297902 0.506356 0.302950 0.507120 0.307747 0.504917 0.308637 0.502029 0.307828 0.497530 0.305782 0.494268 0.302375 0.492519
0 0.263313 0.492774 0.260485 0.495000 0.259170 0.498780 0.259988 0.502744 0.262449 0.505738 0.267498 0.506502 0.272295 0.504299 0.273185 0.501411 0.272376 0.496912 0.270330 0.493650 0.266923 0.491901
0 0.233483 0.496632 0.230655 0.498858 0.229339 0.502639 0.230157 0.506602 0.232619 0.509596 0.237668 0.510360 0.242465 0.508157 0.243355 0.505269 0.242545 0.500770 0.240499 0.497509 0.237093 0.495759
0 0.204404 0.499223 0.201576 0.501449 0.200261 0.505230 0.201079 0.509193 0.203540 0.512187 0.208589 0.512951 0.213386 0.510748 0.214276 0.507860 0.213467 0.503361 0.211421 0.500100 0.208014 0.498350
0 0.225044 0.416568 0.222216 0.418794 0.220901 0.422574 0.221719 0.426538 0.224180 0.429532 0.229229 0.430296 0.234026 0.428092 0.234916 0.425205 0.234107 0.420706 0.232061 0.417445 0.228654 0.415694
0 0.195271 0.406617 0.192443 0.408844 0.191128 0.412624 0.191946 0.416587 0.194408 0.419582 0.199456 0.420346 0.204253 0.418143 0.205143 0.415255 0.204334 0.410756 0.202288 0.407494 0.198881 0.405744
0 0.210118 0.377750 0.207289 0.379976 0.205974 0.383756 0.206792 0.387720 0.209253 0.390714 0.214302 0.391478 0.219099 0.389275 0.219989 0.386388 0.219180 0.381888 0.217134 0.378627 0.213727 0.376877
0 0.226542 0.378216 0.223713 0.380442 0.222398 0.384223 0.223216 0.388186 0.225677 0.391180 0.230727 0.391944 0.235523 0.389741 0.236414 0.386854 0.235604 0.382355 0.233558 0.379093 0.230152 0.377343
0 0.254271 0.307186 0.251443 0.309412 0.250128 0.313192 0.250946 0.317156 0.253407 0.320150 0.258456 0.320914 0.263253 0.318711 0.264143 0.315823 0.263334 0.311324 0.261288 0.308062 0.257881 0.306313
0 0.284566 0.277777 0.281738 0.280003 0.280423 0.283783 0.281241 0.287747 0.283702 0.290741 0.288751 0.291505 0.293548 0.289302 0.294438 0.286414 0.293629 0.281915 0.291583 0.278654 0.288177 0.276903
0 0.354105 0.324871 0.351277 0.327097 0.349962 0.330877 0.350780 0.334840 0.353241 0.337835 0.358290 0.338599 0.363087 0.336396 0.363977 0.333508 0.363168 0.329009 0.361122 0.325747 0.357715 0.323997
0 0.206719 0.294257 0.203891 0.296483 0.202576 0.300264 0.203394 0.304227 0.205855 0.307221 0.210904 0.307985 0.215701 0.305782 0.216591 0.302895 0.215782 0.298395 0.213736 0.295134 0.210329 0.293384
0 0.122839 0.443583 0.120011 0.445809 0.118696 0.449589 0.119514 0.453553 0.121975 0.456547 0.127023 0.457311 0.131821 0.455108 0.132711 0.452220 0.131901 0.447721 0.129856 0.444459 0.126449 0.442710
0 0.071093 0.426166 0.068265 0.428392 0.066950 0.432173 0.067768 0.436136 0.070229 0.439130 0.075277 0.439895 0.080075 0.437691 0.080965 0.434804 0.080155 0.430305 0.078110 0.427043 0.074703 0.425293
0 0.051476 0.477038 0.048648 0.479264 0.047333 0.483044 0.048150 0.487008 0.050612 0.490001 0.055661 0.490766 0.060458 0.488562 0.061348 0.485675 0.060538 0.481176 0.058493 0.477914 0.055086 0.476164
0 0.028509 0.506372 0.025681 0.508598 0.024366 0.512378 0.025184 0.516342 0.027645 0.519336 0.032694 0.520100 0.037491 0.517897 0.038381 0.515009 0.037572 0.510510 0.035526 0.507248 0.032120 0.505499
0 0.017743 0.491568 0.014914 0.493795 0.013599 0.497575 0.014417 0.501538 0.016878 0.504532 0.021928 0.505296 0.026724 0.503093 0.027615 0.500206 0.026806 0.495706 0.024760 0.492445 0.021353 0.490695
0 0.046435 0.495172 0.043606 0.497398 0.042291 0.501178 0.043109 0.505141 0.045570 0.508136 0.050619 0.508900 0.055416 0.506697 0.056307 0.503809 0.055497 0.499310 0.053451 0.496048 0.050045 0.494298
0 0.072418 0.513434 0.069589 0.515661 0.068274 0.519441 0.069092 0.523404 0.071553 0.526399 0.076603 0.527163 0.081399 0.524960 0.082290 0.522072 0.081480 0.517572 0.079434 0.514311 0.076028 0.512561
0 0.017636 0.529038 0.014809 0.531264 0.013493 0.535044 0.014311 0.539007 0.016773 0.542002 0.021821 0.542766 0.026619 0.540563 0.027508 0.537675 0.026699 0.533176 0.024654 0.529914 0.021247 0.528165
0 0.082558 0.461938 0.079730 0.464164 0.078415 0.467944 0.079233 0.471908 0.081694 0.474902 0.086743 0.475666 0.091540 0.473463 0.092430 0.470575 0.091621 0.466076 0.089575 0.462814 0.086168 0.461065
0 0.007837 0.396647 0.005010 0.398873 0.003694 0.402653 0.004512 0.406616 0.006974 0.409611 0.012022 0.410375 0.016820 0.408172 0.017709 0.405284 0.016900 0.400785 0.014854 0.397523 0.011448 0.395773
0 0.000000 0.398836 0.000000 0.401062 0.000000 0.404843 0.000000 0.408806 0.000000 0.411800 0.000000 0.412565 0.000538 0.410361 0.001428 0.407474 0.000619 0.402975 0.000000 0.399713 0.000000 0.397963
0 0.000000 0.392400 0.000000 0.394626 0.000000 0.398406 0.000000 0.402369 0.000000 0.405364 0.000000 0.406128 0.000000 0.403925 0.000000 0.401037 0.000000 0.396538 0.000000 0.393276 0.000000 0.391526
0 0.102856 0.394779 0.100029 0.397004 0.098713 0.400785 0.099531 0.404748 0.101993 0.407742 0.107041 0.408506 0.111839 0.406303 0.112728 0.403416 0.111919 0.398917 0.109873 0.395655 0.106467 0.393905
0 0.066266 0.343397 0.063438 0.345623 0.062123 0.349403 0.062941 0.353366 0.065403 0.356361 0.070451 0.357125 0.075248 0.354922 0.076138 0.352034 0.075329 0.347535 0.073284 0.344273 0.069877 0.342524
0 0.080987 0.331579 0.078159 0.333805 0.076844 0.337585 0.077662 0.341549 0.080123 0.344543 0.085172 0.345307 0.089969 0.343104 0.090859 0.340217 0.090050 0.335717 0.088004 0.332456 0.084597 0.330706
0 0.106503 0.500263 0.103676 0.502489 0.102360 0.506269 0.103178 0.510233 0.105640 0.513227 0.110688 0.513991 0.115486 0.511788 0.116375 0.508900 0.115566 0.504401 0.113521 0.501139 0.110114 0.499390
0 0.022599 0.585643 0.019771 0.587869 0.018456 0.591649 0.019274 0.595612 0.021735 0.598607 0.026784 0.599371 0.031581 0.597168 0.032471 0.594280 0.031661 0.589781 0.029616 0.586519 0.026209 0.584769
0 0.074921 0.591274 0.072093 0.593499 0.070778 0.597280 0.071596 0.601243 0.074057 0.604237 0.079105 0.605002 0.083903 0.602798 0.084792 0.599911 0.083983 0.595412 0.081938 0.592150 0.078531 0.590400
0 0.136772 0.599845 0.133945 0.602071 0.132629 0.605851 0.133447 0.609815 0.135909 0.612809 0.140957 0.613573 0.145755 0.611370 0.146644 0.608482 0.145835 0.603983 0.143789 0.600722 0.140383 0.598972
0 0.054468 0.600980 0.051640 0.603206 0.050325 0.606986 0.051143 0.610950 0.053604 0.613944 0.058653 0.614708 0.063450 0.612505 0.064340 0.609618 0.063531 0.605118 0.061485 0.601857 0.058078 0.600107
0 0.009547 0.567490 0.006718 0.569716 0.005404 0.573496 0.006222 0.577460 0.008683 0.580454 0.013732 0.581218 0.018528 0.579015 0.019419 0.576127 0.018610 0.571628 0.016564 0.568366 0.013157 0.566616
0 0.184728 0.582054 0.181900 0.584280 0.180585 0.588060 0.181403 0.592024 0.183864 0.595018 0.188913 0.595782 0.193710 0.593579 0.194600 0.590691 0.193791 0.586192 0.191745 0.582931 0.188338 0.581181
0 0.236856 0.637105 0.234028 0.639331 0.232713 0.643112 0.233531 0.647075 0.235992 0.650069 0.241041 0.650833 0.245838 0.648630 0.246728 0.645743 0.245919 0.641243 0.243873 0.637982 0.240466 0.636232
0 0.276622 0.659306 0.273794 0.661532 0.272479 0.665312 0.273297 0.669275 0.275758 0.672270 0.280807 0.673034 0.285604 0.670831 0.286494 0.667943 0.285685 0.663444 0.283639 0.660182 0.280232 0.658432
0 0.326976 0.652943 0.324148 0.655169 0.322833 0.658949 0.323651 0.662913 0.326112 0.665907 0.331161 0.666671 0.335958 0.664468 0.336848 0.661580 0.336039 0.657081 0.333993 0.653820 0.330586 0.652070
0 0.124866 0.705405 0.122038 0.707630 0.120723 0.711411 0.121541 0.715374 0.124002 0.718368 0.129051 0.719132 0.133848 0.716929 0.134738 0.714042 0.133929 0.709543 0.131883 0.706281 0.128476 0.704531
0 0.122480 0.654932 0.119652 0.657158 0.118337 0.660938 0.119155 0.664902 0.121616 0.667896 0.126665 0.668660 0.131462 0.666457 0.132352 0.663569 0.131543 0.659070 0.129497 0.655808 0.126090 0.654058
0 0.055544 0.721265 0.052715 0.723491 0.051400 0.727272 0.052218 0.731235 0.054680 0.734229 0.059729 0.734993 0.064525 0.732790 0.065416 0.729903 0.064607 0.725403 0.062560 0.722142 0.059154 0.720392
0 0.094178 0.772663 0.091350 0.774889 0.090035 0.778669 0.090853 0.782632 0.093314 0.785627 0.098363 0.786391 0.103160 0.784188 0.104050 0.781300 0.103241 0.776801 0.101195 0.773539 0.097788 0.771790
0 0.273343 0.753308 0.270515 0.755534 0.269200 0.759314 0.270018 0.763278 0.272479 0.766272 0.277528 0.767036 0.282325 0.764833 0.283215 0.761945 0.282406 0.757446 0.280360 0.754184 0.276953 0.752435
0 0.211507 0.742352 0.208679 0.744578 0.207363 0.748359 0.208181 0.752322 0.210643 0.755316 0.215692 0.756081 0.220489 0.753877 0.221379 0.750990 0.220569 0.746490 0.218523 0.743229 0.215117 0.741479
0 0.223949 0.727577 0.221120 0.729803 0.219805 0.733583 0.220624 0.737547 0.223085 0.740541 0.228133 0.741305 0.232930 0.739102 0.233821 0.736214 0.233011 0.731715 0.230966 0.728454 0.227559 0.726703
0 0.069985 0.792542 0.067156 0.794768 0.065842 0.798549 0.066659 0.802512 0.069121 0.805506 0.074170 0.806270 0.078967 0.804067 0.079857 0.801179 0.079048 0.796680 0.077002 0.793419 0.073595 0.791669
0 0.087675 0.800266 0.084847 0.802492 0.083532 0.806272 0.084350 0.810235 0.086811 0.813230 0.091860 0.813994 0.096657 0.811791 0.097547 0.808903 0.096738 0.804404 0.094692 0.801142 0.091285 0.799392
0 0.185949 0.792875 0.183121 0.795102 0.181806 0.798881 0.182624 0.802845 0.185085 0.805839 0.190133 0.806603 0.194931 0.804400 0.195821 0.801513 0.195011 0.797013 0.192966 0.793752 0.189559 0.792002
0 0.227570 0.824287 0.224742 0.826513 0.223427 0.830293 0.224245 0.834257 0.226706 0.837251 0.231755 0.838015 0.236552 0.835812 0.237442 0.832924 0.236633 0.828425 0.234587 0.825163 0.231180 0.823414
0 0.270109 0.817471 0.267281 0.819696 0.265966 0.823477 0.266784 0.827441 0.269245 0.830434 0.274294 0.831199 0.279091 0.828995 0.279981 0.826108 0.279172 0.821609 0.277126 0.818347 0.273719 0.816597
0 0.234537 0.842258 0.231709 0.844484 0.230394 0.848265 0.231212 0.852228 0.233673 0.855222 0.238722 0.855986 0.243519 0.853783 0.244409 0.850896 0.243600 0.846397 0.241554 0.843135 0.238147 0.841385
0 0.107850 0.842864 0.105022 0.845090 0.103707 0.848870 0.104525 0.852833 0.106987 0.855828 0.111906 0.856087 0.116832 0.854389 0.117722 0.851501 0.116913 0.847001 0.114867 0.843740 0.111460 0.841990
0 0.321443 0.798825 0.318615 0.801051 0.317300 0.804831 0.318118 0.808794 0.320579 0.811789 0.325500 0.812048 0.330425 0.810350 0.331316 0.807462 0.330506 0.802963 0.328460 0.799701 0.325054 0.797951
0 0.342155 0.722092 0.339327 0.724318 0.338012 0.728098 0.338830 0.732062 0.341292 0.735056 0.346211 0.735316 0.351138 0.733617 0.352027 0.730729 0.351218 0.726230 0.349172 0.722968 0.345765 0.721218
0 0.364370 0.700848 0.361542 0.703074 0.360227 0.706854 0.361045 0.710818 0.363506 0.713812 0.368426 0.714071 0.373352 0.712373 0.374242 0.709485 0.373433 0.704986 0.371387 0.701725 0.367980 0.699975
0 0.366385 0.724990 0.363556 0.727217 0.362241 0.730997 0.363059 0.734961 0.365520 0.737955 0.370440 0.738214 0.375366 0.736516 0.376256 0.733628 0.375447 0.729129 0.373401 0.725867 0.369995 0.724117
0 0.218314 0.766350 0.215486 0.768576 0.214171 0.772357 0.214989 0.776320 0.217450 0.779314 0.222370 0.779574 0.227296 0.777875 0.228186 0.774987 0.227377 0.770488 0.225331 0.767227 0.221924 0.765477
0 0.409529 0.717348 0.406701 0.719574 0.405385 0.723354 0.406204 0.727318 0.408665 0.730312 0.413585 0.730571 0.418511 0.728873 0.419401 0.725985 0.418592 0.721486 0.416546 0.718224 0.413139 0.716475
0 0.400268 0.692470 0.397439 0.694696 0.396124 0.698477 0.396942 0.702440 0.399403 0.705435 0.404324 0.705694 0.409249 0.703995 0.410140 0.701108 0.409330 0.696608 0.407284 0.693347 0.403878 0.691597
0 0.383872 0.688287 0.381044 0.690513 0.379729 0.694293 0.380547 0.698256 0.383008 0.701251 0.387928 0.701510 0.392854 0.699812 0.393744 0.696924 0.392935 0.692425 0.390889 0.689163 0.387483 0.687414
0 0.389468 0.740072 0.386640 0.742298 0.385325 0.746079 0.386143 0.750042 0.388604 0.753036 0.393524 0.753296 0.398450 0.751597 0.399340 0.748710 0.398530 0.744210 0.396485 0.740949 0.393078 0.739199
0 0.411053 0.662868 0.408225 0.665094 0.406910 0.668875 0.407728 0.672838 0.410189 0.675832 0.415109 0.676092 0.420035 0.674393 0.420925 0.671506 0.420116 0.667006 0.418070 0.663745 0.414663 0.661995
0 0.133753 0.835490 0.130925 0.837715 0.129609 0.841496 0.130427 0.845459 0.132889 0.848453 0.137809 0.848713 0.142735 0.847014 0.143624 0.844127 0.142815 0.839628 0.140769 0.836366 0.137363 0.834616
0 0.450417 0.674742 0.447589 0.676968 0.446274 0.680748 0.447092 0.684711 0.449553 0.687706 0.454473 0.687965 0.459399 0.686267 0.460289 0.683379 0.459480 0.678880 0.457434 0.675618 0.454027 0.673868
0 0.487068 0.692523 0.484240 0.694749 0.482925 0.698530 0.483743 0.702493 0.486204 0.705487 0.491123 0.705747 0.496050 0.704048 0.496939 0.701161 0.496130 0.696662 0.494085 0.693400 0.490678 0.691650
0 0.492064 0.659287 0.489235 0.661513 0.487920 0.665293 0.488738 0.669257 0.491199 0.672251 0.496120 0.672510 0.501045 0.670812 0.501936 0.667924 0.501126 0.663425 0.499080 0.660164 0.495674 0.658413
0 0.445239 0.650706 0.442411 0.652932 0.441096 0.656712 0.441914 0.660675 0.444375 0.663670 0.449295 0.663930 0.454221 0.662231 0.455110 0.659343 0.454301 0.654844 0.452256 0.651582 0.448849 0.649832
0 0.359541 0.594937 0.356713 0.597163 0.355398 0.600943 0.356216 0.604906 0.358678 0.607901 0.363597 0.608160 0.368523 0.606462 0.369413 0.603574 0.368604 0.599075 0.366558 0.595813 0.363151 0.594064
0 0.601797 0.610626 0.598970 0.612852 0.597654 0.616632 0.598472 0.620596 0.600934 0.623590 0.605853 0.623849 0.610779 0.622151 0.611669 0.619263 0.610860 0.614764 0.608814 0.611503 0.605408 0.609753
0 0.435768 0.772290 0.432940 0.774516 0.431625 0.778297 0.432443 0.782260 0.434904 0.785254 0.439824 0.785514 0.444750 0.783815 0.445640 0.780927 0.444831 0.776428 0.442785 0.773167 0.439378 0.771416
0 0.606679 0.724499 0.603851 0.726726 0.602535 0.730505 0.603353 0.734469 0.605815 0.737463 0.610735 0.737723 0.615661 0.736024 0.616551 0.733136 0.615741 0.728637 0.613695 0.725376 0.610289 0.723626
0 0.556143 0.662483 0.553315 0.664709 0.552000 0.668489 0.552818 0.672453 0.555279 0.675447 0.560199 0.675706 0.565125 0.674008 0.566015 0.671120 0.565206 0.666621 0.563160 0.663359 0.559754 0.661610
0 0.637238 0.627694 0.634410 0.629920 0.633095 0.633700 0.633913 0.637664 0.636374 0.640658 0.641294 0.640917 0.646220 0.639219 0.647110 0.636331 0.646301 0.631832 0.644255 0.628570 0.640848 0.626821
0 0.595126 0.627842 0.592298 0.630068 0.590983 0.633849 0.591801 0.637812 0.594262 0.640806 0.599182 0.641066 0.604108 0.639367 0.604998 0.636480 0.604189 0.631981 0.602143 0.628719 0.598736 0.626969
0 0.592710 0.594760 0.589882 0.596986 0.588567 0.600767 0.589385 0.604730 0.591847 0.607724 0.596766 0.607984 0.601692 0.606285 0.602582 0.603398 0.601773 0.598898 0.599727 0.595637 0.596320 0.593887
0 0.518472 0.566360 0.515644 0.568587 0.514329 0.572367 0.515147 0.576330 0.517608 0.579324 0.522528 0.579584 0.527454 0.577885 0.528344 0.574998 0.527535 0.570498 0.525489 0.567237 0.522082 0.565487
0 0.639917 0.652631 0.637089 0.654857 0.635774 0.658637 0.636592 0.662601 0.639053 0.665595 0.643973 0.665854 0.648899 0.664155 0.649789 0.661268 0.648980 0.656769 0.646934 0.653507 0.643527 0.651757
0 0.399552 0.584457 0.396724 0.586683 0.395409 0.590463 0.396227 0.594426 0.398688 0.597421 0.403608 0.597680 0.408534 0.595981 0.409424 0.593094 0.408615 0.588595 0.406569 0.585333 0.403162 0.583583
0 0.667366 0.680781 0.664538 0.683007 0.663222 0.686788 0.664040 0.690751 0.666502 0.693745 0.671422 0.694005 0.676348 0.692306 0.677238 0.689419 0.676428 0.684920 0.674382 0.681658 0.670976 0.679908
0 0.684669 0.681154 0.681841 0.683380 0.680526 0.687160 0.681344 0.691124 0.683805 0.694118 0.688725 0.694378 0.693651 0.692679 0.694541 0.689791 0.693732 0.685292 0.691686 0.682030 0.688279 0.680281
0 0.660723 0.719375 0.657895 0.721601 0.656580 0.725382 0.657398 0.729345 0.659859 0.732339 0.664779 0.732599 0.669705 0.730900 0.670595 0.728013 0.669786 0.723513 0.667740 0.720252 0.664334 0.718502
0 0.650762 0.706347 0.647934 0.708574 0.646619 0.712354 0.647437 0.716317 0.649898 0.719312 0.654818 0.719571 0.659744 0.717873 0.660634 0.714985 0.659825 0.710486 0.657779 0.707224 0.654373 0.705474
0 0.639641 0.739352 0.636813 0.741578 0.635498 0.745358 0.636315 0.749322 0.638777 0.752316 0.643697 0.752576 0.648623 0.750877 0.649513 0.747989 0.648704 0.743490 0.646658 0.740228 0.643251 0.738479
0 0.601629 0.743884 0.598800 0.746111 0.597485 0.749891 0.598303 0.753855 0.600764 0.756849 0.605555 0.756604 0.610587 0.755319 0.611501 0.752522 0.610691 0.748023 0.608645 0.744761 0.605239 0.743011
0 0.688188 0.638097 0.685360 0.640323 0.684045 0.644103 0.684863 0.648066 0.687324 0.651060 0.692115 0.650815 0.697147 0.649530 0.698060 0.646734 0.697250 0.642235 0.695205 0.638973 0.691798 0.637223
0 0.693596 0.582158 0.690768 0.584384 0.689453 0.588164 0.690271 0.592127 0.692732 0.595122 0.697523 0.594877 0.702555 0.593592 0.703467 0.590795 0.702658 0.586296 0.700613 0.583034 0.697206 0.581284
0 0.693268 0.663268 0.690440 0.665494 0.689125 0.669274 0.689943 0.673237 0.692404 0.676231 0.697644 0.676890 0.702226 0.674702 0.703140 0.671905 0.702331 0.667406 0.700285 0.664144 0.696878 0.662394
0 0.734028 0.678024 0.731200 0.680251 0.729885 0.684031 0.730703 0.687994 0.733164 0.690988 0.738404 0.691647 0.742986 0.689459 0.743900 0.686662 0.743090 0.682163 0.741045 0.678901 0.737638 0.677151
0 0.750348 0.669385 0.747519 0.671610 0.746204 0.675391 0.747022 0.679354 0.749483 0.682348 0.754724 0.683007 0.759306 0.680818 0.760219 0.678022 0.759410 0.673523 0.757364 0.670261 0.753958 0.668511
0 0.753231 0.599879 0.750403 0.602105 0.749088 0.605886 0.749906 0.609849 0.752367 0.612843 0.757607 0.613502 0.762189 0.611313 0.763103 0.608517 0.762294 0.604017 0.760248 0.600756 0.756841 0.599006
0 0.711863 0.602568 0.709035 0.604795 0.707720 0.608575 0.708538 0.612539 0.710999 0.615533 0.716240 0.616191 0.720822 0.614003 0.721735 0.611206 0.720926 0.606707 0.718880 0.603445 0.715474 0.601695
0 0.745913 0.584704 0.743085 0.586931 0.741770 0.590711 0.742588 0.594674 0.745049 0.597669 0.750289 0.598327 0.754871 0.596139 0.755785 0.593342 0.754975 0.588843 0.752930 0.585581 0.749523 0.583831
0 0.828571 0.658241 0.825743 0.660467 0.824428 0.664248 0.825246 0.668211 0.827707 0.671205 0.832947 0.671863 0.837530 0.669675 0.838443 0.666878 0.837633 0.662380 0.835588 0.659118 0.832181 0.657368
0 0.788944 0.651255 0.786116 0.653481 0.784801 0.657261 0.785618 0.661224 0.788080 0.664219 0.793320 0.664877 0.797902 0.662689 0.798816 0.659892 0.798007 0.655393 0.795961 0.652131 0.792554 0.650381
0 0.935399 0.595294 0.932570 0.597520 0.931255 0.601301 0.932074 0.605264 0.934534 0.608258 0.939775 0.608917 0.944357 0.606728 0.945270 0.603932 0.944461 0.599433 0.942415 0.596171 0.939008 0.594421
0 0.927828 0.559068 0.925000 0.561294 0.923685 0.565075 0.924503 0.569038 0.926964 0.572032 0.932204 0.572690 0.936786 0.570502 0.937700 0.567705 0.936891 0.563206 0.934845 0.559945 0.931438 0.558194
0 0.972677 0.584765 0.969849 0.586991 0.968534 0.590771 0.969352 0.594735 0.971813 0.597729 0.977053 0.598387 0.981636 0.596199 0.982549 0.593402 0.981740 0.588903 0.979694 0.585642 0.976287 0.583892
0 0.980776 0.629564 0.977947 0.631790 0.976632 0.635570 0.977450 0.639534 0.979912 0.642528 0.985151 0.643186 0.989734 0.640998 0.990647 0.638201 0.989838 0.633702 0.987792 0.630440 0.984385 0.628691
0 0.998397 0.529332 0.998397 0.531558 0.997100 0.535338 0.997918 0.539302 0.998397 0.542296 0.998397 0.542955 0.998397 0.540766 0.998397 0.537970 0.998397 0.533470 0.998397 0.530209 0.998397 0.528459
0 0.998397 0.637592 0.998397 0.639819 0.998397 0.643599 0.998397 0.647562 0.998397 0.650556 0.998397 0.651215 0.998397 0.649026 0.998397 0.646230 0.998397 0.641731 0.998397 0.638469 0.998397 0.636719
0 0.952010 0.540398 0.949182 0.542624 0.947867 0.546404 0.948685 0.550367 0.951146 0.553362 0.956347 0.553865 0.960969 0.551832 0.961882 0.549035 0.961073 0.544536 0.959027 0.541274 0.955620 0.539525
0 0.967473 0.482094 0.964644 0.484321 0.963329 0.488101 0.964147 0.492065 0.966608 0.495059 0.971809 0.495562 0.976431 0.493529 0.977345 0.490732 0.976535 0.486233 0.974489 0.482971 0.971083 0.481221
0 0.903998 0.448321 0.901170 0.450547 0.899855 0.454327 0.900672 0.458291 0.903134 0.461285 0.908334 0.461788 0.912956 0.459755 0.913869 0.456958 0.913060 0.452459 0.911015 0.449197 0.907608 0.447448
0 0.857834 0.542606 0.855007 0.544832 0.853691 0.548612 0.854509 0.552575 0.856970 0.555569 0.862171 0.556073 0.866793 0.554040 0.867706 0.551243 0.866897 0.546744 0.864852 0.543482 0.861444 0.541732
0 0.988167 0.421284 0.985340 0.423509 0.984024 0.427290 0.984842 0.431253 0.987304 0.434247 0.992504 0.434751 0.997126 0.432717 0.998039 0.429921 0.997230 0.425422 0.995184 0.422160 0.991778 0.420410
0 0.977650 0.467435 0.974823 0.469661 0.973508 0.473441 0.974325 0.477405 0.976787 0.480399 0.981987 0.480902 0.986610 0.478869 0.987337 0.476119 0.986209 0.471702 0.984668 0.468311 0.981261 0.466562
0 0.997694 0.487967 0.994866 0.490193 0.993551 0.493973 0.994369 0.497937 0.996830 0.500931 0.998397 0.501435 0.998397 0.499401 0.998397 0.496652 0.998397 0.492234 0.998397 0.488844 0.998397 0.487094
0 0.962882 0.416103 0.960054 0.418329 0.958739 0.422110 0.959557 0.426073 0.962018 0.429067 0.967218 0.429570 0.971840 0.427537 0.972568 0.424788 0.971440 0.420370 0.969899 0.416980 0.966492 0.415230
0 0.795025 0.601548 0.792197 0.603774 0.790882 0.607554 0.791700 0.611518 0.794161 0.614512 0.799361 0.615015 0.803983 0.612982 0.804711 0.610232 0.803583 0.605815 0.802042 0.602425 0.798635 0.600674
0 0.627890 0.642021 0.625062 0.644247 0.623747 0.648027 0.624565 0.651990 0.627026 0.654984 0.632227 0.655488 0.636849 0.653454 0.637576 0.650705 0.636448 0.646287 0.634907 0.642897 0.631500 0.641147
0 0.515072 0.522216 0.512244 0.524442 0.510929 0.528223 0.511747 0.532186 0.514208 0.535180 0.519409 0.535683 0.524031 0.533650 0.524759 0.530901 0.523630 0.526483 0.522089 0.523093 0.518682 0.521343
0 0.473541 0.514748 0.470713 0.516974 0.469398 0.520754 0.470215 0.524718 0.472038 0.526962 0.479485 0.524610 0.481932 0.522297 0.481792 0.518112 0.480363 0.515383 0.477151 0.513875
0 0.637472 0.482825 0.634643 0.485051 0.633329 0.488832 0.634147 0.492795 0.636608 0.495789 0.641808 0.496293 0.646430 0.494259 0.647158 0.491510 0.646030 0.487092 0.644489 0.483702 0.641082 0.481952
0 0.666682 0.440932 0.663853 0.443158 0.662538 0.446939 0.663356 0.450902 0.665817 0.453896 0.671018 0.454399 0.675640 0.452366 0.676368 0.449617 0.675239 0.445199 0.673699 0.441809 0.670292 0.440059
0 0.711562 0.370514 0.707852 0.372823 0.706107 0.377496 0.706779 0.382088 0.709574 0.385458 0.713545 0.386876 0.718989 0.385936 0.722617 0.382409 0.723877 0.378701 0.722688 0.374016 0.719320 0.370506 0.715691 0.369567
0 0.722933 0.324016 0.719222 0.326325 0.717478 0.330998 0.718149 0.335590 0.720944 0.338960 0.724916 0.340378 0.730359 0.339438 0.733989 0.335911 0.735247 0.332204 0.734060 0.327518 0.730691 0.324008 0.727062 0.323070
0 0.735156 0.287846 0.731446 0.290154 0.729701 0.294827 0.730372 0.299420 0.733167 0.302790 0.737139 0.304208 0.742582 0.303267 0.746212 0.299741 0.747470 0.296033 0.746283 0.291347 0.742914 0.287836 0.739285 0.286899
0 0.638533 0.398542 0.634823 0.400850 0.633078 0.405523 0.633749 0.410116 0.636544 0.413486 0.640516 0.414903 0.645959 0.413963 0.649589 0.410436 0.650847 0.406729 0.649659 0.402043 0.646291 0.398533 0.642662 0.397595
0 0.782238 0.358159 0.778528 0.360468 0.776783 0.365140 0.777454 0.369733 0.780250 0.373103 0.784221 0.374521 0.789665 0.373581 0.793294 0.370054 0.794553 0.366346 0.793365 0.361660 0.789996 0.358150 0.786367 0.357212
0 0.795105 0.389958 0.791396 0.392266 0.789651 0.396939 0.790322 0.401532 0.793117 0.404902 0.797089 0.406320 0.802532 0.405380 0.806161 0.401853 0.807421 0.398145 0.806232 0.393459 0.802864 0.389949 0.799235 0.389011
0 0.817452 0.395976 0.813742 0.398285 0.811998 0.402957 0.812669 0.407550 0.815464 0.410920 0.819436 0.412337 0.824879 0.411397 0.828508 0.407870 0.829767 0.404163 0.828579 0.399477 0.825211 0.395967 0.821582 0.395029
0 0.824934 0.425743 0.821224 0.428052 0.819479 0.432724 0.820150 0.437317 0.822946 0.440687 0.826917 0.442105 0.832361 0.441165 0.835990 0.437638 0.837249 0.433931 0.836061 0.429244 0.832692 0.425734 0.829063 0.424796
0 0.853980 0.360781 0.850270 0.363089 0.848525 0.367762 0.849196 0.372355 0.851992 0.375725 0.855963 0.377143 0.861407 0.376203 0.865036 0.372676 0.866295 0.368968 0.865107 0.364282 0.861738 0.360772 0.858109 0.359834
0 0.836797 0.307299 0.833086 0.309607 0.831342 0.314280 0.832013 0.318873 0.834808 0.322243 0.838780 0.323661 0.844223 0.322720 0.847852 0.319194 0.849111 0.315486 0.847923 0.310800 0.844555 0.307290 0.840926 0.306352
0 0.876715 0.319861 0.873005 0.322169 0.871261 0.326842 0.871931 0.331435 0.874727 0.334805 0.878698 0.336223 0.884142 0.335283 0.887771 0.331756 0.889030 0.328048 0.887842 0.323362 0.884473 0.319852 0.880844 0.318914
0 0.921352 0.330569 0.917642 0.332878 0.915898 0.337550 0.916569 0.342143 0.919364 0.345513 0.923335 0.346931 0.928779 0.345991 0.932408 0.342464 0.933667 0.338757 0.932479 0.334071 0.929110 0.330560 0.925481 0.329622
0 0.935769 0.344290 0.932059 0.346599 0.930314 0.351271 0.930985 0.355864 0.933780 0.359234 0.937752 0.360652 0.943196 0.359712 0.946825 0.356185 0.948084 0.352477 0.946896 0.347791 0.943527 0.344281 0.939898 0.343343
0 0.931127 0.297988 0.927417 0.300296 0.925672 0.304969 0.926344 0.309562 0.929139 0.312932 0.933110 0.314350 0.938554 0.313410 0.942183 0.309883 0.943442 0.306175 0.942253 0.301489 0.938886 0.297979 0.935256 0.297041
0 0.952301 0.305765 0.948591 0.308074 0.946846 0.312747 0.947517 0.317340 0.950312 0.320710 0.954284 0.322127 0.959728 0.321187 0.963357 0.317660 0.964616 0.313952 0.963428 0.309267 0.960059 0.305757 0.956430 0.304819
0 0.951371 0.376128 0.947661 0.378436 0.945916 0.383109 0.946588 0.387702 0.949383 0.391072 0.953354 0.392490 0.958798 0.391550 0.962427 0.388023 0.963686 0.384315 0.962498 0.379629 0.959129 0.376119 0.955500 0.375181
0 0.830521 0.384320 0.826811 0.386628 0.825065 0.391301 0.825737 0.395894 0.828532 0.399264 0.832504 0.400682 0.837947 0.399741 0.841576 0.396215 0.842836 0.392507 0.841647 0.387821 0.838279 0.384311 0.834650 0.383373
0 0.917164 0.400686 0.913455 0.402995 0.911710 0.407667 0.912381 0.412260 0.915177 0.415630 0.919148 0.417048 0.924592 0.416108 0.928220 0.412581 0.929480 0.408874 0.928291 0.404188 0.924923 0.400677 0.921294 0.399739
0 0.816274 0.336458 0.812565 0.338767 0.810820 0.343439 0.811491 0.348032 0.814287 0.351402 0.818258 0.352820 0.823701 0.351880 0.827330 0.348353 0.828590 0.344646 0.827401 0.339960 0.824033 0.336449 0.820404 0.335511
0 0.800698 0.261314 0.796988 0.263623 0.795244 0.268295 0.795915 0.272888 0.798710 0.276258 0.802681 0.277676 0.808125 0.276736 0.811754 0.273209 0.813013 0.269502 0.811825 0.264816 0.808456 0.261306 0.804828 0.260367
0 0.895406 0.182181 0.891696 0.184489 0.889952 0.189162 0.890623 0.193755 0.893418 0.197125 0.897389 0.198543 0.902833 0.197603 0.906462 0.194076 0.907721 0.190368 0.906533 0.185682 0.903165 0.182172 0.899536 0.181234
0 0.805985 0.139358 0.802275 0.141666 0.800530 0.146339 0.801202 0.150932 0.803997 0.154302 0.807968 0.155720 0.813412 0.154780 0.817041 0.151253 0.818300 0.147545 0.817112 0.142859 0.813744 0.139349 0.810114 0.138411
0 0.645742 0.215036 0.642033 0.217345 0.640288 0.222017 0.640959 0.226610 0.643754 0.229980 0.647725 0.231398 0.653169 0.230458 0.656798 0.226931 0.658057 0.223223 0.656869 0.218537 0.653500 0.215027 0.649871 0.214089
0 0.621892 0.185643 0.618182 0.187952 0.616438 0.192624 0.617109 0.197217 0.619904 0.200587 0.623875 0.202005 0.629319 0.201065 0.632948 0.197538 0.634207 0.193831 0.633019 0.189145 0.629650 0.185635 0.626021 0.184697
0 0.606947 0.328368 0.603237 0.330676 0.601492 0.335349 0.602163 0.339942 0.604958 0.343312 0.608930 0.344730 0.614373 0.343790 0.618003 0.340263 0.619261 0.336555 0.618073 0.331869 0.614705 0.328359 0.611076 0.327421
0 0.576498 0.222305 0.572789 0.224614 0.571044 0.229286 0.571715 0.233879 0.574510 0.237249 0.578482 0.238667 0.583925 0.237727 0.587554 0.234200 0.588814 0.230493 0.587625 0.225807 0.584257 0.222296 0.580627 0.221358
0 0.534623 0.248130 0.530913 0.250438 0.529168 0.255111 0.529839 0.259704 0.532635 0.263074 0.536606 0.264491 0.542049 0.263551 0.545679 0.260025 0.546938 0.256316 0.545749 0.251631 0.542381 0.248121 0.538752 0.247183
0 0.500060 0.402352 0.496351 0.404661 0.494606 0.409333 0.495277 0.413926 0.498072 0.417296 0.502044 0.418714 0.507487 0.417774 0.511116 0.414247 0.512376 0.410539 0.511187 0.405853 0.507819 0.402343 0.504189 0.401405
0 0.424740 0.335326 0.421030 0.337635 0.419285 0.342307 0.419957 0.346900 0.422752 0.350270 0.426724 0.351688 0.432167 0.350748 0.435796 0.347221 0.437055 0.343513 0.435867 0.338827 0.432499 0.335317 0.428869 0.334379
0 0.454265 0.335780 0.450556 0.338088 0.448811 0.342761 0.449482 0.347354 0.452277 0.350724 0.456249 0.352142 0.461693 0.351202 0.465321 0.347675 0.466581 0.343967 0.465392 0.339281 0.462024 0.335771 0.458395 0.334833
0 0.366610 0.333549 0.362901 0.335857 0.361156 0.340530 0.361827 0.345123 0.364622 0.348493 0.368594 0.349910 0.374037 0.348970 0.377667 0.345443 0.378925 0.341736 0.377737 0.337050 0.374369 0.333540 0.370740 0.332602
0 0.291397 0.326032 0.287687 0.328340 0.285942 0.333013 0.286613 0.337606 0.289409 0.340976 0.293380 0.342393 0.298823 0.341453 0.302453 0.337926 0.303712 0.334219 0.302523 0.329533 0.299155 0.326023 0.295526 0.325085
0 0.360531 0.401539 0.356821 0.403848 0.355076 0.408520 0.355747 0.413113 0.358542 0.416483 0.362514 0.417901 0.367957 0.416961 0.371587 0.413434 0.372846 0.409726 0.371657 0.405040 0.368289 0.401530 0.364660 0.400592
0 0.427718 0.415412 0.424007 0.417720 0.422263 0.422393 0.422934 0.426986 0.425729 0.430356 0.429701 0.431774 0.435144 0.430834 0.438773 0.427307 0.440032 0.423599 0.438844 0.418913 0.435476 0.415403 0.431847 0.414465
0 0.325839 0.321263 0.322129 0.323571 0.320384 0.328243 0.321056 0.332837 0.323851 0.336207 0.327822 0.337625 0.333266 0.336684 0.336895 0.333158 0.338154 0.329450 0.336966 0.324764 0.333597 0.321253 0.329968 0.320315
0 0.458576 0.459045 0.454866 0.461354 0.453122 0.466026 0.453793 0.470619 0.456588 0.473989 0.460559 0.475407 0.466003 0.474467 0.469632 0.470940 0.470891 0.467232 0.469703 0.462546 0.466334 0.459036 0.462706 0.458098
0 0.310221 0.456740 0.306511 0.459049 0.304767 0.463722 0.305437 0.468315 0.308233 0.471684 0.312204 0.473102 0.317648 0.472162 0.321277 0.468635 0.322536 0.464928 0.321348 0.460242 0.317979 0.456732 0.314350 0.455794
0 0.327869 0.476125 0.324159 0.478434 0.322414 0.483106 0.323085 0.487699 0.325881 0.491069 0.329852 0.492487 0.335295 0.491547 0.338925 0.488020 0.340184 0.484312 0.338996 0.479626 0.335627 0.476116 0.331998 0.475178
0 0.387589 0.514129 0.383879 0.516438 0.382134 0.521111 0.382805 0.525703 0.385600 0.529073 0.389572 0.530491 0.395015 0.529551 0.398645 0.526024 0.399903 0.522317 0.398715 0.517631 0.395347 0.514120 0.391718 0.513182
0 0.388773 0.550371 0.385063 0.552680 0.383319 0.557352 0.383989 0.561945 0.386785 0.565315 0.390756 0.566733 0.396200 0.565793 0.399829 0.562266 0.401088 0.558559 0.399900 0.553873 0.396531 0.550363 0.392902 0.549424
0 0.365966 0.561917 0.362256 0.564226 0.360511 0.568898 0.361183 0.573491 0.363978 0.576861 0.367949 0.578279 0.373393 0.577339 0.377022 0.573812 0.378281 0.570104 0.377093 0.565419 0.373725 0.561908 0.370095 0.560970
0 0.409900 0.569237 0.406190 0.571545 0.404445 0.576218 0.405117 0.580810 0.407912 0.584180 0.411883 0.585598 0.417327 0.584658 0.420956 0.581131 0.422215 0.577423 0.421027 0.572738 0.417658 0.569228 0.414029 0.568290
0 0.422311 0.585903 0.418601 0.588211 0.416856 0.592884 0.417527 0.597477 0.420323 0.600847 0.424294 0.602265 0.429737 0.601324 0.433367 0.597798 0.434626 0.594090 0.433437 0.589404 0.430069 0.585894 0.426440 0.584956
0 0.373350 0.582713 0.369641 0.585022 0.367896 0.589694 0.368567 0.594287 0.371362 0.597657 0.375334 0.599075 0.380778 0.598134 0.384406 0.594608 0.385666 0.590900 0.384477 0.586214 0.381109 0.582704 0.377480 0.581766
0 0.347306 0.610172 0.343596 0.612481 0.341852 0.617153 0.342523 0.621746 0.345318 0.625116 0.349289 0.626534 0.354733 0.625594 0.358362 0.622067 0.359621 0.618360 0.358433 0.613674 0.355064 0.610164 0.351435 0.609225
0 0.516260 0.594328 0.512550 0.596636 0.510805 0.601308 0.511477 0.605902 0.514272 0.609272 0.518243 0.610689 0.523687 0.609749 0.527316 0.606222 0.528575 0.602514 0.527387 0.597829 0.524018 0.594318 0.520389 0.593380
0 0.473345 0.498220 0.469635 0.500528 0.467891 0.505201 0.468562 0.509794 0.471357 0.513164 0.475328 0.514582 0.480772 0.513642 0.484401 0.510115 0.485660 0.506407 0.484472 0.501721 0.481104 0.498211 0.477475 0.497273
0 0.555883 0.461852 0.552173 0.464160 0.550428 0.468833 0.551099 0.473426 0.553895 0.476796 0.557866 0.478213 0.563310 0.477273 0.566939 0.473747 0.568198 0.470039 0.567010 0.465353 0.563641 0.461843 0.560012 0.460905
0 0.600837 0.457956 0.597127 0.460265 0.595383 0.464937 0.596054 0.469530 0.598849 0.472900 0.602820 0.474318 0.608264 0.473378 0.611893 0.469851 0.613152 0.466143 0.611964 0.461458 0.608596 0.457947 0.604967 0.457009
0 0.566989 0.425734 0.563279 0.428043 0.561534 0.432715 0.562205 0.437308 0.565001 0.440678 0.568972 0.442096 0.574415 0.441156 0.578045 0.437629 0.579304 0.433921 0.578116 0.429236 0.574747 0.425725 0.571118 0.424787
0 0.695121 0.482345 0.691411 0.484653 0.689666 0.489326 0.690338 0.493919 0.693133 0.497289 0.697104 0.498706 0.702548 0.497766 0.706177 0.494240 0.707436 0.490532 0.706248 0.485846 0.702880 0.482336 0.699250 0.481398
0 0.744661 0.513951 0.740951 0.516260 0.739206 0.520933 0.739877 0.525525 0.742673 0.528895 0.746644 0.530313 0.752088 0.529373 0.755717 0.525846 0.756976 0.522138 0.755788 0.517453 0.752419 0.513942 0.748790 0.513004
0 0.749299 0.461892 0.745589 0.464200 0.743845 0.468873 0.744516 0.473466 0.747311 0.476836 0.751282 0.478253 0.756726 0.477313 0.760355 0.473786 0.761614 0.470078 0.760426 0.465393 0.757058 0.461883 0.753428 0.460945
0 0.586704 0.375153 0.582994 0.377462 0.581250 0.382134 0.581921 0.386727 0.584716 0.390097 0.588687 0.391515 0.594131 0.390575 0.597760 0.387048 0.599019 0.383340 0.597831 0.378654 0.594462 0.375144 0.590834 0.374206
0 0.614438 0.461190 0.610728 0.463499 0.608983 0.468171 0.609655 0.472764 0.612450 0.476134 0.616421 0.477552 0.621865 0.476611 0.625494 0.473085 0.626753 0.469377 0.625564 0.464691 0.622196 0.461181 0.618567 0.460243
0 0.871229 0.468593 0.867519 0.470902 0.865774 0.475575 0.866445 0.480167 0.869241 0.483537 0.873212 0.484955 0.878656 0.484015 0.882285 0.480488 0.883544 0.476781 0.882356 0.472095 0.878987 0.468585 0.875358 0.467646
0 0.895792 0.464098 0.892082 0.466406 0.890337 0.471078 0.891008 0.475672 0.893804 0.479042 0.897775 0.480459 0.903219 0.479519 0.906848 0.475992 0.908107 0.472284 0.906919 0.467599 0.903550 0.464088 0.899921 0.463150
0 0.931343 0.472950 0.927633 0.475258 0.925889 0.479931 0.926560 0.484524 0.929355 0.487894 0.933326 0.489312 0.938770 0.488372 0.942399 0.484845 0.943658 0.481137 0.942470 0.476451 0.939101 0.472941 0.935473 0.472003
0 0.923156 0.443311 0.919446 0.445620 0.917702 0.450292 0.918373 0.454885 0.921168 0.458255 0.925139 0.459673 0.930583 0.458733 0.934212 0.455206 0.935471 0.451498 0.934283 0.446813 0.930914 0.443303 0.927285 0.442365
0 0.948655 0.447950 0.944946 0.450258 0.943201 0.454931 0.943872 0.459524 0.946667 0.462894 0.950639 0.464312 0.956082 0.463372 0.959711 0.459845 0.960971 0.456137 0.959782 0.451451 0.956414 0.447941 0.952784 0.447003
0 0.991098 0.441481 0.987389 0.443790 0.985644 0.448462 0.986315 0.453055 0.989110 0.456425 0.993082 0.457842 0.998397 0.456902 0.998397 0.453375 0.998397 0.449668 0.998397 0.444982 0.998397 0.441472 0.995227 0.440534
0 0.940525 0.510817 0.936815 0.513125 0.935070 0.517798 0.935741 0.522391 0.938536 0.525761 0.942508 0.527179 0.947951 0.526239 0.951580 0.522712 0.952343 0.519131 0.951147 0.514447 0.948283 0.510808 0.944653 0.509870
0 0.825854 0.550052 0.822145 0.552360 0.820400 0.557033 0.821071 0.561625 0.823867 0.564995 0.827838 0.566413 0.833282 0.565473 0.836910 0.561946 0.837673 0.558365 0.836477 0.553682 0.833613 0.550043 0.829984 0.549105
0 0.852043 0.523800 0.848333 0.526109 0.846589 0.530781 0.847260 0.535374 0.850055 0.538744 0.854026 0.540162 0.859470 0.539222 0.863099 0.535695 0.863861 0.532114 0.862665 0.527430 0.859802 0.523791 0.856173 0.522853
0 0.828099 0.511348 0.824389 0.513657 0.822644 0.518329 0.823315 0.522922 0.826111 0.526292 0.830082 0.527710 0.835525 0.526770 0.839154 0.523243 0.839917 0.519662 0.838721 0.514978 0.835857 0.511339 0.832228 0.510401
0 0.737112 0.402735 0.733402 0.405043 0.731658 0.409716 0.732328 0.414309 0.735124 0.417679 0.739095 0.419097 0.744539 0.418156 0.748168 0.414630 0.748930 0.411049 0.747734 0.406365 0.744870 0.402726 0.741241 0.401788
0 0.899045 0.507031 0.895335 0.509339 0.893591 0.514012 0.894262 0.518605 0.897057 0.521975 0.901028 0.523392 0.906472 0.522452 0.910101 0.518926 0.910863 0.515345 0.909667 0.510661 0.906803 0.507022 0.903174 0.506084
0 0.854804 0.644753 0.851094 0.647061 0.849349 0.651734 0.850020 0.656327 0.852816 0.659697 0.856787 0.661114 0.862231 0.660174 0.865860 0.656648 0.866622 0.653066 0.865426 0.648383 0.862562 0.644744 0.858933 0.643806
0 0.933381 0.643217 0.929671 0.645525 0.927926 0.650198 0.928598 0.654791 0.931393 0.658161 0.935364 0.659579 0.940808 0.658638 0.944436 0.655112 0.945199 0.651531 0.944003 0.646847 0.941139 0.643208 0.937510 0.642270
0 0.816209 0.613287 0.812499 0.615595 0.810755 0.620268 0.811426 0.624861 0.814221 0.628231 0.818192 0.629648 0.823636 0.628708 0.827265 0.625182 0.828027 0.621601 0.826831 0.616917 0.823967 0.613278 0.820339 0.612340
0 0.998397 0.624494 0.998397 0.626721 0.998397 0.630501 0.998397 0.634465 0.998397 0.637459 0.998397 0.637774 0.998397 0.635929 0.998397 0.633132 0.998397 0.628633 0.998397 0.625371 0.998397 0.623621
0 0.998397 0.588701 0.998397 0.590927 0.998397 0.594707 0.998397 0.598671 0.998397 0.601665 0.998397 0.601981 0.998397 0.600135 0.998397 0.597338 0.998397 0.592839 0.998397 0.589577 0.998397 0.587828
0 0.812463 0.670737 0.809635 0.672963 0.808320 0.676743 0.809138 0.680707 0.811599 0.683701 0.816752 0.684017 0.821421 0.682171 0.822335 0.679374 0.821526 0.674875 0.819480 0.671613 0.816073 0.669864
0 0.998397 0.577079 0.998397 0.579305 0.998397 0.583086 0.998397 0.587049 0.998397 0.590043 0.998397 0.590702 0.998397 0.588514 0.998397 0.585717 0.998397 0.581218 0.998397 0.577956 0.998397 0.576206
0 0.998397 0.609246 0.998397 0.611472 0.998397 0.615252 0.998397 0.619216 0.998397 0.622210 0.998397 0.622869 0.998397 0.620680 0.998397 0.617884 0.998397 0.613384 0.998397 0.610123 0.998397 0.608373
0 0.880278 0.508151 0.877449 0.510376 0.876134 0.514157 0.876952 0.518120 0.879413 0.521114 0.884653 0.521773 0.889236 0.519584 0.890149 0.516788 0.889340 0.512289 0.887294 0.509027 0.883887 0.507277
0 0.969574 0.607013 0.965864 0.609322 0.964120 0.613994 0.964791 0.618587 0.967586 0.621957 0.971557 0.623375 0.977001 0.622435 0.980630 0.618908 0.981392 0.615327 0.980196 0.610644 0.977332 0.607005 0.973703 0.606067
0 0.774926 0.597066 0.771216 0.599375 0.769471 0.604047 0.770142 0.608640 0.772937 0.612010 0.776909 0.613428 0.782352 0.612488 0.785981 0.608961 0.786744 0.605380 0.785548 0.600696 0.782684 0.597057 0.779055 0.596119
0 0.757355 0.650197 0.753646 0.652506 0.751900 0.657178 0.752572 0.661771 0.755367 0.665141 0.759338 0.666559 0.764782 0.665619 0.768411 0.662092 0.769174 0.658511 0.767977 0.653827 0.765114 0.650188 0.761484 0.649250
0 0.772707 0.575259 0.768997 0.577567 0.767253 0.582240 0.767924 0.586833 0.770719 0.590202 0.774690 0.591620 0.780134 0.590680 0.783763 0.587153 0.784525 0.583572 0.783329 0.578889 0.780465 0.575250 0.776836 0.574312
0 0.700545 0.622385 0.696835 0.624694 0.695090 0.629367 0.695762 0.633959 0.698557 0.637329 0.702528 0.638747 0.707972 0.637807 0.711601 0.634280 0.712363 0.630700 0.711167 0.626015 0.708303 0.622376 0.704674 0.621438
0 0.635741 0.688175 0.632032 0.690484 0.630287 0.695157 0.630958 0.699749 0.633753 0.703119 0.637725 0.704537 0.643168 0.703597 0.646797 0.700070 0.647560 0.696490 0.646364 0.691806 0.643500 0.688167 0.639870 0.687229
0 0.771883 0.537120 0.768174 0.539429 0.766429 0.544102 0.767100 0.548694 0.769895 0.552064 0.773867 0.553482 0.779310 0.552542 0.782939 0.549015 0.783702 0.545435 0.782506 0.540750 0.779642 0.537112 0.776012 0.536174
0 0.672418 0.579652 0.668707 0.581961 0.666963 0.586634 0.667634 0.591226 0.670429 0.594596 0.674401 0.596014 0.679844 0.595074 0.683474 0.591547 0.684236 0.587966 0.683040 0.583282 0.680176 0.579643 0.676547 0.578705
0 0.715586 0.687076 0.711876 0.689385 0.710131 0.694057 0.710803 0.698650 0.713598 0.702020 0.717569 0.703438 0.723013 0.702498 0.726642 0.698971 0.727404 0.695391 0.726208 0.690706 0.723345 0.687067 0.719715 0.686129
0 0.587788 0.706927 0.584079 0.709236 0.582334 0.713908 0.583005 0.718501 0.585800 0.721871 0.589772 0.723289 0.595215 0.722348 0.598844 0.718822 0.599607 0.715241 0.598411 0.710557 0.595547 0.706918 0.591917 0.705980
0 0.536616 0.639402 0.532906 0.641711 0.531161 0.646383 0.531832 0.650976 0.534628 0.654346 0.538599 0.655764 0.544043 0.654824 0.547672 0.651297 0.548434 0.647716 0.547238 0.643032 0.544374 0.639393 0.540745 0.638455
0 0.528584 0.622089 0.524874 0.624398 0.523130 0.629070 0.523801 0.633663 0.526596 0.637033 0.530567 0.638451 0.536011 0.637511 0.539640 0.633984 0.540402 0.630403 0.539206 0.625719 0.536343 0.622080 0.532713 0.621142
0 0.566191 0.620246 0.562481 0.622554 0.560737 0.627227 0.561408 0.631819 0.564203 0.635189 0.568174 0.636607 0.573618 0.635667 0.577247 0.632140 0.578009 0.628559 0.576813 0.623876 0.573950 0.620237 0.570321 0.619299
0 0.693965 0.522855 0.695640 0.532622 0.701097 0.537236 0.707732 0.537908 0.714972 0.535604 0.718931 0.531498 0.720660 0.526506 0.718829 0.519692 0.714314 0.515201 0.710068 0.513191 0.703713 0.512902 0.697338 0.517170
0 0.667020 0.557052 0.668695 0.566819 0.674152 0.571433 0.680787 0.572105 0.688028 0.569801 0.691987 0.565695 0.693715 0.560703 0.691885 0.553889 0.687370 0.549398 0.683124 0.547388 0.676769 0.547099 0.670394 0.551367
0 0.638233 0.564778 0.639907 0.574544 0.645364 0.579159 0.651999 0.579831 0.659239 0.577527 0.663198 0.573421 0.664927 0.568428 0.663096 0.561614 0.658581 0.557124 0.654335 0.555114 0.647980 0.554825 0.641605 0.559092
0 0.627059 0.514212 0.628733 0.523979 0.634190 0.528593 0.640825 0.529265 0.648066 0.526961 0.652025 0.522855 0.653754 0.517863 0.651923 0.511049 0.647408 0.506559 0.643162 0.504548 0.636807 0.504260 0.630432 0.508527
0 0.860030 0.441470 0.861704 0.451237 0.867161 0.455851 0.873797 0.456523 0.881037 0.454219 0.884995 0.450114 0.886725 0.445121 0.884894 0.438307 0.880379 0.433817 0.876133 0.431806 0.869778 0.431518 0.863403 0.435785
0 0.868877 0.641987 0.870552 0.651753 0.876008 0.656367 0.882643 0.657039 0.889884 0.654736 0.893843 0.650630 0.895572 0.645637 0.893741 0.638823 0.889226 0.634333 0.884980 0.632322 0.878626 0.632034 0.872250 0.636301
0 0.567668 0.648187 0.569343 0.657954 0.574800 0.662567 0.581435 0.663240 0.588676 0.660936 0.592635 0.656830 0.594364 0.651838 0.592533 0.645023 0.588018 0.640533 0.583772 0.638522 0.577417 0.638234 0.571042 0.642502
0 0.564369 0.732759 0.566043 0.742526 0.571500 0.747140 0.578136 0.747812 0.585376 0.745508 0.589334 0.741403 0.591064 0.736410 0.589233 0.729596 0.584718 0.725105 0.580472 0.723095 0.574117 0.722806 0.567742 0.727074
0 0.342215 0.640128 0.343390 0.648650 0.347780 0.652725 0.349121 0.653280 0.354415 0.653397 0.361655 0.651093 0.365614 0.646988 0.367344 0.641995 0.365512 0.635181 0.360998 0.630690 0.356752 0.628680 0.351245 0.629182 0.345578 0.632994
0 0.488881 0.640672 0.490556 0.650438 0.496012 0.655052 0.502647 0.655725 0.509888 0.653421 0.513847 0.649315 0.515576 0.644322 0.513745 0.637508 0.509230 0.633018 0.504984 0.631007 0.498629 0.630719 0.492254 0.634986
0 0.424810 0.469212 0.426485 0.478979 0.431942 0.483593 0.438577 0.484265 0.445817 0.481961 0.449776 0.477856 0.451505 0.472863 0.449674 0.466049 0.445159 0.461559 0.440914 0.459548 0.434558 0.459260 0.428183 0.463527
0 0.549038 0.393204 0.550713 0.402971 0.556169 0.407585 0.562805 0.408257 0.570045 0.405953 0.574004 0.401848 0.575733 0.396855 0.573903 0.390041 0.569387 0.385550 0.565141 0.383540 0.558787 0.383251 0.552411 0.387519
0 0.530530 0.422016 0.532204 0.431783 0.537662 0.436397 0.544297 0.437069 0.551537 0.434765 0.555496 0.430660 0.557225 0.425667 0.555394 0.418853 0.550879 0.414363 0.546633 0.412352 0.540278 0.412064 0.533903 0.416331
0 0.539954 0.498491 0.541629 0.508258 0.547086 0.512871 0.553721 0.513544 0.560962 0.511239 0.564920 0.507134 0.566650 0.502142 0.564818 0.495327 0.560303 0.490837 0.556058 0.488826 0.549703 0.488538 0.543328 0.492805
0 0.319686 0.748541 0.321360 0.758308 0.326817 0.762922 0.333452 0.763594 0.340693 0.761290 0.344651 0.757185 0.346381 0.752192 0.344549 0.745378 0.340034 0.740887 0.335789 0.738877 0.329433 0.738588 0.323058 0.742855
0 0.232054 0.800095 0.233729 0.809862 0.239185 0.814476 0.245821 0.815148 0.253062 0.812844 0.257020 0.808739 0.258749 0.803746 0.256918 0.796932 0.252403 0.792442 0.248158 0.790431 0.241803 0.790142 0.235428 0.794410
0 0.147538 0.790725 0.149213 0.800492 0.154669 0.805106 0.161304 0.805778 0.168545 0.803474 0.172504 0.799369 0.174233 0.794376 0.172402 0.787562 0.167887 0.783072 0.163641 0.781061 0.157286 0.780772 0.150911 0.785040
0 0.055810 0.752163 0.057484 0.761929 0.062941 0.766543 0.069576 0.767215 0.076817 0.764912 0.080776 0.760806 0.082505 0.755813 0.080674 0.748999 0.076159 0.744509 0.071913 0.742499 0.065558 0.742210 0.059183 0.746477
0 0.119988 0.496069 0.121662 0.505836 0.127120 0.510450 0.133755 0.511122 0.140995 0.508818 0.144954 0.504713 0.146683 0.499720 0.144852 0.492906 0.140337 0.488416 0.136092 0.486405 0.129736 0.486117 0.123361 0.490384
0 0.166229 0.482163 0.167904 0.491929 0.173361 0.496543 0.179996 0.497216 0.187236 0.494911 0.191195 0.490806 0.192924 0.485814 0.191093 0.478999 0.186578 0.474509 0.182332 0.472498 0.175977 0.472209 0.169602 0.476477
0 0.242059 0.471126 0.243734 0.480892 0.249191 0.485506 0.255826 0.486179 0.263067 0.483874 0.267025 0.479769 0.268755 0.474776 0.266924 0.467962 0.262409 0.463472 0.258163 0.461461 0.251808 0.461173 0.245433 0.465440
0 0.272511 0.456159 0.274185 0.465926 0.279642 0.470540 0.286277 0.471212 0.293518 0.468908 0.297476 0.464803 0.299206 0.459810 0.297375 0.452996 0.292859 0.448505 0.288614 0.446495 0.282259 0.446206 0.275884 0.450474
0 0.310169 0.412440 0.311843 0.422206 0.317300 0.426820 0.323936 0.427493 0.331176 0.425189 0.335135 0.421083 0.336864 0.416091 0.335033 0.409276 0.330518 0.404786 0.326272 0.402775 0.319917 0.402487 0.313542 0.406754
0 0.242215 0.445392 0.243890 0.455159 0.249346 0.459772 0.255982 0.460445 0.263222 0.458141 0.267181 0.454035 0.268910 0.449043 0.267079 0.442229 0.262564 0.437738 0.258318 0.435727 0.251963 0.435439 0.245588 0.439706
0 0.120343 0.326515 0.122018 0.336282 0.127475 0.340896 0.134110 0.341568 0.141351 0.339264 0.145309 0.335159 0.147038 0.330166 0.145207 0.323352 0.140693 0.318861 0.136447 0.316851 0.130092 0.316562 0.123716 0.320830
0 0.179875 0.326671 0.181549 0.336438 0.187007 0.341052 0.193642 0.341724 0.200882 0.339420 0.204841 0.335315 0.206570 0.330322 0.204739 0.323508 0.200224 0.319018 0.195978 0.317007 0.189623 0.316718 0.183248 0.320986
0 0.384438 0.389784 0.386112 0.399551 0.391569 0.404164 0.398204 0.404837 0.405445 0.402533 0.409404 0.398427 0.411133 0.393435 0.409302 0.386620 0.404787 0.382130 0.400541 0.380119 0.394186 0.379831 0.387811 0.384098
0 0.006085 0.427949 0.007760 0.437716 0.013217 0.442330 0.019852 0.443002 0.027092 0.440698 0.031051 0.436593 0.032780 0.431600 0.030949 0.424786 0.026434 0.420295 0.022189 0.418285 0.015833 0.417996 0.009458 0.422264
0 0.000000 0.355661 0.000000 0.365428 0.000000 0.370042 0.000000 0.370714 0.000000 0.368410 0.000000 0.364305 0.000000 0.359312 0.000000 0.352498 0.000000 0.348007 0.000000 0.345997 0.000000 0.345708 0.000000 0.349976
0 0.249358 0.287924 0.251033 0.297691 0.256490 0.302305 0.263125 0.302977 0.270366 0.300673 0.274324 0.296568 0.276054 0.291575 0.274222 0.284761 0.269707 0.280270 0.265462 0.278260 0.259106 0.277971 0.252732 0.282239
0 0.550410 0.337452 0.552085 0.347219 0.557542 0.351833 0.564177 0.352505 0.571417 0.350201 0.575375 0.346095 0.577105 0.341103 0.575274 0.334289 0.570759 0.329798 0.566513 0.327788 0.560158 0.327499 0.553783 0.331767
0 0.498060 0.344841 0.499734 0.354608 0.505191 0.359222 0.511826 0.359894 0.519067 0.357590 0.523026 0.353485 0.524755 0.348492 0.522924 0.341678 0.518409 0.337188 0.514163 0.335177 0.507808 0.334888 0.501433 0.339156
0 0.481156 0.227043 0.482831 0.236810 0.488287 0.241424 0.494922 0.242096 0.502163 0.239792 0.506122 0.235687 0.507851 0.230694 0.506020 0.223880 0.501505 0.219390 0.497259 0.217379 0.490904 0.217091 0.484529 0.221358
0 0.390880 0.251148 0.392555 0.260915 0.398012 0.265529 0.404647 0.266201 0.411888 0.263897 0.415846 0.259792 0.417575 0.254799 0.415744 0.247985 0.411229 0.243494 0.406984 0.241484 0.400628 0.241195 0.394253 0.245462
0 0.669816 0.276744 0.671491 0.286511 0.676947 0.291124 0.683583 0.291797 0.690824 0.289492 0.694782 0.285387 0.696511 0.280395 0.694680 0.273581 0.690165 0.269090 0.685920 0.267079 0.679565 0.266791 0.673189 0.271058
0 0.647254 0.292529 0.648929 0.302295 0.654385 0.306909 0.661020 0.307582 0.668261 0.305277 0.672220 0.301172 0.673949 0.296180 0.672118 0.289366 0.667603 0.284875 0.663357 0.282864 0.657002 0.282575 0.650627 0.286843
0 0.671050 0.211617 0.672725 0.221383 0.678182 0.225997 0.684817 0.226669 0.692058 0.224366 0.696016 0.220260 0.697745 0.215267 0.695914 0.208453 0.691400 0.203963 0.687154 0.201952 0.680799 0.201664 0.674423 0.205931
0 0.823308 0.248224 0.824982 0.257990 0.830439 0.262605 0.837074 0.263277 0.844314 0.260973 0.848273 0.256867 0.850002 0.251875 0.848171 0.245060 0.843657 0.240570 0.839411 0.238560 0.833056 0.238271 0.826680 0.242538
0 0.829856 0.170989 0.831530 0.180756 0.836987 0.185369 0.843622 0.186042 0.850863 0.183738 0.854822 0.179632 0.856551 0.174640 0.854720 0.167826 0.850205 0.163335 0.845959 0.161324 0.839604 0.161036 0.833229 0.165303
0 0.831124 0.143350 0.832799 0.153117 0.838256 0.157731 0.844891 0.158403 0.852131 0.156099 0.856090 0.151994 0.857819 0.147001 0.855988 0.140187 0.851473 0.135697 0.847227 0.133686 0.840872 0.133397 0.834497 0.137665
0 0.764284 0.478601 0.765959 0.488368 0.771416 0.492982 0.778051 0.493654 0.785292 0.491350 0.789250 0.487245 0.790980 0.482252 0.789149 0.475438 0.784634 0.470948 0.780388 0.468937 0.774033 0.468649 0.767658 0.472916
0 0.721286 0.658413 0.722961 0.668180 0.728418 0.672793 0.735053 0.673466 0.742294 0.671162 0.746252 0.667056 0.747982 0.662064 0.746150 0.655249 0.741635 0.650759 0.737390 0.648748 0.731034 0.648460 0.724660 0.652727
0 0.575722 0.554314 0.577397 0.564081 0.582853 0.568695 0.589489 0.569367 0.596730 0.567063 0.600688 0.562958 0.602417 0.557965 0.600586 0.551151 0.596071 0.546661 0.591825 0.544650 0.585470 0.544362 0.579095 0.548629
0 0.571658 0.474455 0.573333 0.484222 0.578790 0.488836 0.585425 0.489508 0.592665 0.487204 0.596624 0.483099 0.598353 0.478106 0.596522 0.471292 0.592007 0.466801 0.587761 0.464791 0.581406 0.464502 0.575031 0.468770
0 0.610005 0.442926 0.611679 0.452692 0.617136 0.457306 0.623771 0.457978 0.631011 0.455675 0.634970 0.451569 0.636699 0.446576 0.634868 0.439762 0.630353 0.435272 0.626107 0.433261 0.619752 0.432973 0.613377 0.437240
0 0.102337 0.688051 0.104011 0.697817 0.109468 0.702431 0.116103 0.703104 0.123344 0.700799 0.127302 0.696694 0.129032 0.691701 0.127201 0.684887 0.122686 0.680397 0.118440 0.678386 0.112085 0.678097 0.105710 0.682365
0 0.309937 0.631442 0.310907 0.639201 0.314598 0.646344 0.321925 0.650071 0.329650 0.649216 0.335451 0.647316 0.340555 0.641116 0.342112 0.634732 0.340325 0.628036 0.337449 0.622861 0.329231 0.620217 0.322306 0.620198 0.313524 0.625394
0 0.401909 0.513680 0.402880 0.521440 0.406570 0.528583 0.413897 0.532309 0.421622 0.531454 0.427423 0.529555 0.432527 0.523354 0.434084 0.516970 0.432297 0.510274 0.429421 0.505100 0.421203 0.502456 0.414278 0.502436 0.405497 0.507633
0 0.371913 0.305788 0.369086 0.308014 0.367770 0.311795 0.368588 0.315758 0.371050 0.318752 0.376098 0.319516 0.380896 0.317313 0.381785 0.314426 0.380976 0.309926 0.378930 0.306665 0.375524 0.304915
0 0.326636 0.295234 0.322926 0.297542 0.321181 0.302215 0.321852 0.306808 0.324647 0.310178 0.328619 0.311595 0.334062 0.310655 0.337691 0.307128 0.338950 0.303421 0.337762 0.298735 0.334394 0.295225 0.330764 0.294287
0 0.199049 0.364192 0.200186 0.369235 0.202303 0.372524 0.204939 0.374510 0.209305 0.374643 0.215615 0.372581 0.218049 0.369012 0.218327 0.364077 0.216739 0.359671 0.214033 0.356384 0.210146 0.354904 0.205732 0.355649 0.201019 0.359257
0 0.159937 0.406298 0.161074 0.411341 0.163191 0.414631 0.165827 0.416616 0.170193 0.416748 0.176503 0.414687 0.178937 0.411118 0.179215 0.406182 0.177627 0.401777 0.174921 0.398490 0.171034 0.397010 0.166620 0.397756 0.161907 0.401363
0 0.208494 0.403597 0.209632 0.408640 0.211749 0.411930 0.214385 0.413915 0.218751 0.414048 0.225061 0.411986 0.227495 0.408417 0.227772 0.403481 0.226185 0.399076 0.223480 0.395789 0.219592 0.394309 0.215178 0.395055 0.210465 0.398662
0 0.191005 0.450238 0.192142 0.455281 0.194259 0.458571 0.196895 0.460556 0.201261 0.460689 0.207571 0.458627 0.210005 0.455058 0.210283 0.450123 0.208695 0.445717 0.205990 0.442431 0.202102 0.440950 0.197688 0.441696 0.192975 0.445303
0 0.154535 0.453763 0.155672 0.458805 0.157790 0.462095 0.160425 0.464081 0.164791 0.464213 0.171101 0.462152 0.173535 0.458583 0.173813 0.453647 0.172225 0.449241 0.169520 0.445955 0.165632 0.444474 0.161219 0.445220 0.156505 0.448828
0 0.164319 0.350452 0.165456 0.355495 0.167574 0.358785 0.170209 0.360770 0.174575 0.360903 0.180885 0.358841 0.183319 0.355273 0.183597 0.350337 0.182009 0.345931 0.179304 0.342645 0.175416 0.341164 0.171003 0.341910 0.166289 0.345517
0 0.111683 0.350737 0.112821 0.355780 0.114938 0.359070 0.117574 0.361055 0.121940 0.361188 0.128250 0.359127 0.130684 0.355558 0.130962 0.350622 0.129374 0.346216 0.126668 0.342930 0.122781 0.341449 0.118367 0.342195 0.113654 0.345802
0 0.104060 0.420119 0.105198 0.425161 0.107315 0.428452 0.109951 0.430437 0.114317 0.430569 0.120627 0.428507 0.123061 0.424939 0.123338 0.420003 0.121750 0.415598 0.119045 0.412311 0.115158 0.410830 0.110744 0.411576 0.106031 0.415183
0 0.033425 0.381887 0.034562 0.386930 0.036679 0.390220 0.039315 0.392206 0.043681 0.392339 0.049991 0.390277 0.052425 0.386708 0.052703 0.381773 0.051115 0.377367 0.048410 0.374080 0.044522 0.372600 0.040108 0.373345 0.035395 0.376953
0 0.075534 0.380085 0.076671 0.385128 0.078789 0.388418 0.081424 0.390404 0.085790 0.390536 0.092100 0.388474 0.094534 0.384906 0.094812 0.379970 0.093224 0.375564 0.090519 0.372277 0.086631 0.370797 0.082217 0.371543 0.077504 0.375150
0 0.044547 0.440767 0.045684 0.445809 0.047801 0.449100 0.050437 0.451085 0.054803 0.451218 0.061113 0.449156 0.063547 0.445587 0.063825 0.440651 0.062236 0.436246 0.059531 0.432959 0.055644 0.431479 0.051230 0.432225 0.046517 0.435832
0 0.019152 0.397176 0.020289 0.402219 0.022407 0.405509 0.025042 0.407494 0.029408 0.407627 0.035718 0.405565 0.038152 0.401997 0.038430 0.397061 0.036842 0.392655 0.034137 0.389369 0.030249 0.387888 0.025835 0.388634 0.021122 0.392241
0 0.182743 0.379706 0.183881 0.384750 0.185998 0.388039 0.188633 0.390025 0.192999 0.390157 0.199310 0.388096 0.201743 0.384527 0.202021 0.379591 0.200433 0.375186 0.197728 0.371899 0.193840 0.370418 0.189427 0.371164 0.184713 0.374772
0 0.176838 0.509616 0.177975 0.514659 0.180093 0.517949 0.182728 0.519934 0.187094 0.520067 0.193404 0.518005 0.195838 0.514437 0.196116 0.509501 0.194528 0.505095 0.191823 0.501808 0.187935 0.500328 0.183521 0.501074 0.178808 0.504681
0 0.000000 0.381186 0.000000 0.386228 0.000824 0.389519 0.003460 0.391504 0.007826 0.391637 0.014136 0.389574 0.016569 0.386006 0.016847 0.381070 0.015259 0.376665 0.012554 0.373378 0.008667 0.371898 0.004253 0.372643 0.000000 0.376250
0 0.058989 0.328832 0.060126 0.333875 0.062244 0.337165 0.064879 0.339150 0.069245 0.339283 0.075555 0.337221 0.077989 0.333653 0.078267 0.328717 0.076679 0.324311 0.073974 0.321025 0.070086 0.319544 0.065673 0.320290 0.060959 0.323898
0 0.075827 0.558780 0.076964 0.563823 0.079082 0.567113 0.081717 0.569098 0.086083 0.569231 0.092393 0.567169 0.094827 0.563600 0.095105 0.558665 0.093517 0.554259 0.090812 0.550972 0.086924 0.549492 0.082510 0.550238 0.077797 0.553845
0 0.030006 0.568426 0.031143 0.573469 0.033261 0.576758 0.035897 0.578744 0.040262 0.578877 0.046572 0.576815 0.049007 0.573246 0.049284 0.568310 0.047696 0.563905 0.044991 0.560618 0.041104 0.559138 0.036689 0.559883 0.031976 0.563491
0 0.157323 0.528058 0.158460 0.533101 0.160578 0.536391 0.163213 0.538376 0.167579 0.538509 0.173889 0.536447 0.176323 0.532878 0.176601 0.527942 0.175013 0.523537 0.172308 0.520250 0.168420 0.518770 0.164007 0.519516 0.159293 0.523123
0 0.140738 0.544044 0.141875 0.549087 0.143992 0.552377 0.146629 0.554362 0.150994 0.554495 0.157305 0.552433 0.159738 0.548864 0.160016 0.543929 0.158428 0.539523 0.155723 0.536237 0.151835 0.534756 0.147422 0.535502 0.142708 0.539110
0 0.183794 0.609429 0.184931 0.614472 0.187049 0.617762 0.189684 0.619747 0.194050 0.619880 0.200360 0.617818 0.202794 0.614250 0.203072 0.609314 0.201484 0.604908 0.198779 0.601622 0.194891 0.600141 0.190478 0.600887 0.185764 0.604494
0 0.149533 0.654940 0.150670 0.659983 0.152788 0.663272 0.155424 0.665258 0.159789 0.665391 0.166099 0.663329 0.168534 0.659760 0.168811 0.654825 0.167223 0.650419 0.164518 0.647132 0.160631 0.645652 0.156216 0.646397 0.151503 0.650005
0 0.079766 0.662497 0.080903 0.667540 0.083020 0.670830 0.085656 0.672815 0.090022 0.672948 0.096332 0.670886 0.098766 0.667317 0.099044 0.662381 0.097456 0.657976 0.094750 0.654689 0.090863 0.653209 0.086449 0.653955 0.081736 0.657562
0 0.284872 0.529434 0.286010 0.534477 0.288127 0.537767 0.290763 0.539752 0.295129 0.539885 0.301439 0.537823 0.303872 0.534254 0.304150 0.529319 0.302562 0.524913 0.299857 0.521627 0.295969 0.520146 0.291556 0.520892 0.286842 0.524499
0 0.314350 0.503245 0.315488 0.508288 0.317605 0.511578 0.320241 0.513564 0.324607 0.513696 0.330917 0.511634 0.333351 0.508066 0.333629 0.503130 0.332040 0.498724 0.329335 0.495437 0.325448 0.493957 0.321034 0.494703 0.316321 0.498310
0 0.235780 0.622097 0.236918 0.627139 0.239035 0.630430 0.241671 0.632415 0.246037 0.632548 0.252347 0.630486 0.254781 0.626917 0.255059 0.621981 0.253471 0.617576 0.250765 0.614289 0.246878 0.612809 0.242464 0.613555 0.237750 0.617162
0 0.319152 0.605556 0.320290 0.610599 0.322407 0.613889 0.325043 0.615874 0.329409 0.616007 0.335719 0.613945 0.338153 0.610376 0.338430 0.605440 0.336843 0.601035 0.334137 0.597748 0.330250 0.596268 0.325836 0.597014 0.321123 0.600621
0 0.246019 0.692406 0.247156 0.697449 0.249273 0.700739 0.251909 0.702724 0.256275 0.702857 0.262585 0.700795 0.265019 0.697227 0.265297 0.692291 0.263709 0.687885 0.261004 0.684599 0.257116 0.683118 0.252703 0.683864 0.247989 0.687471
0 0.286765 0.709560 0.287902 0.714603 0.290019 0.717893 0.292656 0.719878 0.297021 0.720011 0.303331 0.717949 0.305765 0.714380 0.306043 0.709445 0.304455 0.705039 0.301750 0.701752 0.297863 0.700272 0.293448 0.701018 0.288735 0.704625
0 0.333339 0.688409 0.334477 0.693452 0.336594 0.696742 0.339230 0.698728 0.343596 0.698861 0.349905 0.696798 0.352339 0.693230 0.352617 0.688294 0.351029 0.683889 0.348324 0.680602 0.344436 0.679122 0.340023 0.679867 0.335309 0.683475
0 0.433103 0.705499 0.434241 0.710542 0.436358 0.713832 0.438994 0.715817 0.443360 0.715950 0.449670 0.713888 0.452104 0.710320 0.452381 0.705384 0.450793 0.700978 0.448088 0.697692 0.444201 0.696211 0.439787 0.696957 0.435074 0.700564
0 0.419368 0.689544 0.420505 0.694587 0.422623 0.697877 0.425259 0.699862 0.429625 0.699995 0.435935 0.697933 0.438369 0.694364 0.438646 0.689429 0.437059 0.685023 0.434353 0.681737 0.430466 0.680256 0.426052 0.681002 0.421339 0.684609
0 0.507720 0.728556 0.508858 0.733599 0.510975 0.736889 0.513611 0.738875 0.517977 0.739007 0.524287 0.736945 0.526721 0.733377 0.526998 0.728441 0.525411 0.724035 0.522705 0.720748 0.518818 0.719268 0.514404 0.720014 0.509691 0.723621
0 0.480487 0.721650 0.481624 0.726694 0.483741 0.729984 0.486377 0.731969 0.490743 0.732102 0.497053 0.730040 0.499487 0.726471 0.499765 0.721535 0.498177 0.717130 0.495472 0.713843 0.491584 0.712363 0.487170 0.713108 0.482457 0.716716
0 0.464753 0.738620 0.465890 0.743663 0.468008 0.746953 0.470643 0.748939 0.475009 0.749071 0.481319 0.747009 0.483753 0.743441 0.484031 0.738505 0.482443 0.734099 0.479738 0.730813 0.475850 0.729332 0.471436 0.730078 0.466723 0.733685
0 0.446741 0.751370 0.447878 0.756412 0.449995 0.759703 0.452631 0.761688 0.456997 0.761820 0.463307 0.759759 0.465741 0.756190 0.466019 0.751254 0.464431 0.746849 0.461725 0.743562 0.457838 0.742081 0.453425 0.742827 0.448711 0.746434
0 0.426526 0.746873 0.427664 0.751916 0.429781 0.755206 0.432416 0.757191 0.436782 0.757324 0.443092 0.755262 0.445526 0.751694 0.445804 0.746758 0.444216 0.742352 0.441511 0.739066 0.437623 0.737585 0.433210 0.738331 0.428496 0.741939
0 0.484152 0.754114 0.485290 0.759157 0.487407 0.762447 0.490043 0.764432 0.494409 0.764565 0.500719 0.762503 0.503153 0.758935 0.503430 0.753999 0.501842 0.749593 0.499137 0.746307 0.495250 0.744826 0.490836 0.745572 0.486123 0.749179
0 0.377155 0.764775 0.378293 0.769818 0.380410 0.773108 0.383045 0.775093 0.387411 0.775226 0.393722 0.773164 0.396155 0.769595 0.396433 0.764660 0.394845 0.760254 0.392140 0.756968 0.388252 0.755487 0.383839 0.756233 0.379125 0.759840
0 0.271637 0.789064 0.272774 0.794108 0.274891 0.797397 0.277527 0.799383 0.281893 0.799516 0.288203 0.797454 0.290637 0.793885 0.290915 0.788950 0.289327 0.784544 0.286622 0.781257 0.282734 0.779776 0.278320 0.780522 0.273607 0.784130
0 0.304573 0.767795 0.305710 0.772838 0.307827 0.776128 0.310463 0.778113 0.314829 0.778246 0.321139 0.776184 0.323573 0.772615 0.323851 0.767680 0.322263 0.763274 0.319557 0.759988 0.315670 0.758507 0.311256 0.759253 0.306543 0.762860
0 0.237491 0.729447 0.238629 0.734489 0.240746 0.737780 0.243382 0.739765 0.247748 0.739898 0.254058 0.737836 0.256492 0.734267 0.256769 0.729332 0.255182 0.724926 0.252477 0.721639 0.248589 0.720159 0.244175 0.720905 0.239462 0.724512
0 0.193345 0.763676 0.194483 0.768719 0.196600 0.772008 0.199236 0.773994 0.203602 0.774127 0.209912 0.772065 0.212346 0.768496 0.212623 0.763561 0.211036 0.759155 0.208331 0.755868 0.204443 0.754387 0.200029 0.755133 0.195316 0.758741
0 0.197390 0.795404 0.198527 0.800446 0.200644 0.803737 0.203280 0.805722 0.207646 0.805855 0.213956 0.803793 0.216390 0.800224 0.216668 0.795288 0.215080 0.790883 0.212374 0.787596 0.208487 0.786115 0.204073 0.786862 0.199360 0.790469
0 0.187955 0.840177 0.189092 0.845220 0.191210 0.848510 0.193845 0.850495 0.198211 0.850628 0.204521 0.848566 0.206955 0.844998 0.207233 0.840062 0.205645 0.835656 0.202940 0.832370 0.199052 0.830889 0.194639 0.831635 0.189925 0.835242
0 0.153670 0.833871 0.154808 0.838914 0.156925 0.842204 0.159561 0.844189 0.163927 0.844322 0.170237 0.842260 0.172671 0.838692 0.172948 0.833756 0.171361 0.829350 0.168656 0.826064 0.164768 0.824583 0.160354 0.825329 0.155641 0.828937
0 0.089560 0.740542 0.090697 0.745584 0.092814 0.748875 0.095450 0.750860 0.099816 0.750992 0.106126 0.748931 0.108560 0.745362 0.108838 0.740426 0.107250 0.736021 0.104544 0.732734 0.100657 0.731253 0.096244 0.731999 0.091530 0.735606
0 0.120836 0.763714 0.121974 0.768757 0.124091 0.772047 0.126727 0.774032 0.131093 0.774166 0.137403 0.772104 0.139837 0.768535 0.140114 0.763600 0.138526 0.759193 0.135821 0.755907 0.131934 0.754426 0.127520 0.755172 0.122807 0.758780
0 0.143384 0.752701 0.144521 0.757744 0.146638 0.761034 0.149274 0.763020 0.153640 0.763152 0.159950 0.761090 0.162384 0.757522 0.162662 0.752586 0.161073 0.748180 0.158368 0.744894 0.154481 0.743413 0.150067 0.744159 0.145354 0.747766
0 0.080095 0.824032 0.081232 0.829075 0.083350 0.832365 0.085985 0.834350 0.090351 0.834483 0.096662 0.832421 0.099095 0.828852 0.099373 0.823917 0.097785 0.819511 0.095080 0.816225 0.091192 0.814744 0.086779 0.815490 0.082065 0.819097
0 0.222765 0.694107 0.223903 0.699150 0.226020 0.702440 0.228656 0.704425 0.233022 0.704558 0.239332 0.702496 0.241766 0.698927 0.242044 0.693992 0.240456 0.689586 0.237751 0.686299 0.233863 0.684819 0.229449 0.685564 0.224736 0.689172
0 0.261542 0.636931 0.262679 0.641974 0.264796 0.645264 0.267432 0.647249 0.271798 0.647382 0.278108 0.645320 0.280542 0.641752 0.280820 0.636816 0.279231 0.632410 0.276526 0.629124 0.272639 0.627643 0.268225 0.628389 0.263512 0.631997
0 0.000169 0.343188 0.001307 0.348230 0.003424 0.351521 0.006060 0.353506 0.010426 0.353638 0.016736 0.351577 0.019170 0.348008 0.019448 0.343072 0.017860 0.338667 0.015154 0.335380 0.011267 0.333899 0.006853 0.334645 0.002140 0.338253
0 0.556698 0.246243 0.557836 0.251285 0.559953 0.254575 0.562589 0.256561 0.566955 0.256693 0.573265 0.254632 0.575699 0.251063 0.575976 0.246127 0.574389 0.241722 0.571684 0.238435 0.567796 0.236955 0.563382 0.237700 0.558669 0.241308
0 0.120204 0.369908 0.117376 0.372134 0.116061 0.375915 0.116879 0.379878 0.119340 0.382872 0.124388 0.383637 0.129186 0.381433 0.130076 0.378546 0.129266 0.374047 0.127221 0.370785 0.123814 0.369035
0 0.095956 0.348835 0.093128 0.351061 0.091813 0.354841 0.092631 0.358804 0.095092 0.361799 0.100141 0.362563 0.104938 0.360360 0.105828 0.357472 0.105019 0.352973 0.102973 0.349711 0.099566 0.347961
0 0.336493 0.348038 0.337631 0.353081 0.339748 0.356371 0.342384 0.358357 0.346750 0.358489 0.353060 0.356428 0.355494 0.352859 0.355771 0.347923 0.354183 0.343517 0.351478 0.340231 0.347591 0.338750 0.343177 0.339496 0.338463 0.343103
0 0.276167 0.297539 0.273339 0.299765 0.272023 0.303546 0.272841 0.307509 0.275303 0.310503 0.280352 0.311268 0.285149 0.309064 0.286039 0.306177 0.285230 0.301678 0.283183 0.298416 0.279777 0.296666
0 0.499522 0.307809 0.500659 0.312852 0.502776 0.316142 0.505412 0.318127 0.509778 0.318261 0.516088 0.316198 0.518522 0.312629 0.518800 0.307694 0.517212 0.303288 0.514507 0.300002 0.510619 0.298521 0.506205 0.299267 0.501492 0.302875
0 0.505393 0.438167 0.506530 0.443210 0.508648 0.446500 0.511283 0.448485 0.515649 0.448618 0.521959 0.446556 0.524393 0.442987 0.524671 0.438052 0.523083 0.433646 0.520378 0.430359 0.516490 0.428879 0.512076 0.429625 0.507363 0.433232
0 0.488799 0.508979 0.489937 0.514022 0.492054 0.517312 0.494690 0.519297 0.499056 0.519430 0.505366 0.517368 0.507800 0.513799 0.508077 0.508863 0.506489 0.504458 0.503784 0.501171 0.499897 0.499691 0.495483 0.500437 0.490770 0.504044
0 0.475383 0.556970 0.476521 0.562013 0.478638 0.565303 0.481274 0.567288 0.485640 0.567421 0.491950 0.565359 0.494384 0.561791 0.494661 0.556855 0.493073 0.552449 0.490368 0.549163 0.486481 0.547682 0.482067 0.548428 0.477354 0.552035
0 0.443889 0.581966 0.445026 0.587009 0.447143 0.590299 0.449779 0.592284 0.454145 0.592417 0.460455 0.590355 0.462889 0.586787 0.463167 0.581851 0.461579 0.577445 0.458873 0.574158 0.454986 0.572678 0.450572 0.573424 0.445859 0.577031
0 0.474737 0.613652 0.475875 0.618695 0.477992 0.621985 0.480628 0.623970 0.484994 0.624103 0.491304 0.622041 0.493738 0.618473 0.494016 0.613537 0.492428 0.609131 0.489723 0.605844 0.485835 0.604364 0.481421 0.605110 0.476708 0.608717
0 0.503288 0.665333 0.504425 0.670376 0.506543 0.673666 0.509179 0.675651 0.513544 0.675784 0.519854 0.673722 0.522289 0.670154 0.522566 0.665218 0.520978 0.660812 0.518273 0.657526 0.514386 0.656045 0.509972 0.656791 0.505258 0.660398
0 0.449916 0.782553 0.451054 0.787595 0.453171 0.790886 0.455807 0.792871 0.460173 0.793004 0.466482 0.790941 0.468916 0.787373 0.469195 0.782437 0.467606 0.778032 0.464901 0.774745 0.461013 0.773265 0.456600 0.774011 0.451886 0.777618
0 0.381953 0.723507 0.383090 0.728549 0.385207 0.731840 0.387843 0.733825 0.392209 0.733957 0.398519 0.731896 0.400953 0.728327 0.401231 0.723391 0.399643 0.718986 0.396937 0.715699 0.393050 0.714219 0.388636 0.714965 0.383923 0.718572
0 0.488928 0.779026 0.490066 0.784069 0.492183 0.787359 0.494819 0.789344 0.499185 0.789477 0.505495 0.787415 0.507929 0.783846 0.508206 0.778911 0.506618 0.774505 0.503913 0.771218 0.500026 0.769738 0.495612 0.770484 0.490899 0.774091
0 0.511029 0.773319 0.512167 0.778362 0.514284 0.781652 0.516920 0.783638 0.521157 0.783266 0.527575 0.781627 0.530030 0.778140 0.530307 0.773204 0.528720 0.768799 0.526015 0.765512 0.522127 0.764031 0.517713 0.764777 0.513000 0.768385
0 0.583667 0.582297 0.584805 0.587340 0.586922 0.590630 0.589558 0.592615 0.593795 0.592243 0.600213 0.590605 0.602667 0.587117 0.602945 0.582182 0.601357 0.577776 0.598652 0.574490 0.594765 0.573009 0.590351 0.573755 0.585638 0.577363
0 0.744480 0.695046 0.745617 0.700089 0.747734 0.703379 0.750370 0.705364 0.754607 0.704992 0.761025 0.703354 0.763480 0.699867 0.763757 0.694931 0.762170 0.690525 0.759464 0.687238 0.755577 0.685758 0.751163 0.686504 0.746450 0.690111
0 0.763209 0.682406 0.764347 0.687449 0.766464 0.690739 0.769100 0.692724 0.773337 0.692352 0.779755 0.690714 0.782210 0.687226 0.782487 0.682291 0.780900 0.677885 0.778195 0.674599 0.774307 0.673118 0.769893 0.673864 0.765180 0.677471
0 0.726751 0.617431 0.727888 0.622473 0.730006 0.625763 0.732641 0.627748 0.736878 0.627377 0.743296 0.625738 0.745751 0.622251 0.746029 0.617315 0.744441 0.612909 0.741736 0.609623 0.737848 0.608142 0.733434 0.608888 0.728721 0.612495
0 0.682490 0.609671 0.683627 0.614713 0.685744 0.618004 0.688380 0.619989 0.692617 0.619617 0.699035 0.617978 0.701490 0.614491 0.701767 0.609555 0.700179 0.605150 0.697474 0.601863 0.693587 0.600383 0.689173 0.601129 0.684459 0.604736
0 0.803447 0.538913 0.804585 0.543956 0.806702 0.547246 0.809337 0.549231 0.813575 0.548859 0.819993 0.547221 0.822447 0.543733 0.822725 0.538798 0.821137 0.534392 0.818432 0.531106 0.814544 0.529625 0.810131 0.530371 0.805417 0.533978
0 0.896029 0.542351 0.896083 0.545449 0.897906 0.548253 0.901008 0.549148 0.903475 0.549098 0.906492 0.547695 0.907824 0.543821 0.906655 0.540587 0.904735 0.538441 0.900731 0.538250 0.897938 0.539702
0 0.785443 0.540324 0.785495 0.543422 0.787319 0.546226 0.790422 0.547121 0.792888 0.547071 0.795905 0.545668 0.797236 0.541795 0.796068 0.538560 0.794149 0.536414 0.790144 0.536223 0.787350 0.537675
0 0.789467 0.495827 0.789520 0.498925 0.791344 0.501729 0.794446 0.502624 0.796913 0.502574 0.799930 0.501171 0.801261 0.497298 0.800093 0.494063 0.798173 0.491917 0.794169 0.491726 0.791375 0.493178
0 0.887321 0.498026 0.887373 0.501124 0.889197 0.503928 0.892300 0.504822 0.894766 0.504772 0.897783 0.503369 0.899115 0.499496 0.897946 0.496262 0.896026 0.494115 0.892023 0.493925 0.889229 0.495377
0 0.893029 0.486530 0.893081 0.489628 0.894905 0.492432 0.898008 0.493326 0.900474 0.493277 0.903491 0.491874 0.904822 0.488000 0.903654 0.484766 0.901735 0.482619 0.897730 0.482429 0.894937 0.483881
0 0.880174 0.486516 0.880227 0.489614 0.882050 0.492419 0.885154 0.493313 0.887619 0.493263 0.890636 0.491860 0.891968 0.487987 0.890800 0.484753 0.888880 0.482606 0.884876 0.482416 0.882082 0.483867
0 0.955914 0.582575 0.955967 0.585673 0.957791 0.588477 0.960894 0.589371 0.963360 0.589322 0.966377 0.587919 0.967708 0.584045 0.966540 0.580811 0.964620 0.578664 0.960616 0.578474 0.957823 0.579926
0 0.945979 0.571984 0.946031 0.575081 0.947855 0.577886 0.950957 0.578780 0.953423 0.578730 0.956441 0.577327 0.957772 0.573454 0.956604 0.570220 0.954684 0.568073 0.950680 0.567883 0.947886 0.569334
0 0.955095 0.641510 0.955148 0.644607 0.956972 0.647411 0.960074 0.648306 0.962541 0.648256 0.965558 0.646853 0.966889 0.642980 0.965721 0.639746 0.963802 0.637599 0.959797 0.637409 0.957003 0.638861
0 0.783753 0.696996 0.783805 0.700094 0.785629 0.702898 0.788732 0.703793 0.791198 0.703743 0.794215 0.702340 0.795547 0.698467 0.794378 0.695233 0.792458 0.693086 0.788455 0.692896 0.785661 0.694347
0 0.725399 0.709163 0.725452 0.712261 0.727275 0.715065 0.730378 0.715960 0.732845 0.715910 0.735862 0.714507 0.737193 0.710634 0.736024 0.707399 0.734105 0.705253 0.730101 0.705062 0.727307 0.706514
0 0.669078 0.711681 0.669130 0.714779 0.670954 0.717582 0.674057 0.718477 0.676523 0.718428 0.679540 0.717025 0.680871 0.713151 0.679703 0.709917 0.677784 0.707770 0.673779 0.707580 0.670985 0.709032
0 0.612397 0.668779 0.612450 0.671877 0.614273 0.674680 0.617376 0.675575 0.619842 0.675526 0.622859 0.674123 0.624191 0.670249 0.623022 0.667015 0.621103 0.664868 0.617099 0.664678 0.614305 0.666130
0 0.596944 0.683897 0.596996 0.686995 0.598820 0.689799 0.601923 0.690694 0.604389 0.690644 0.607406 0.689241 0.608738 0.685368 0.607569 0.682133 0.605650 0.679987 0.601645 0.679797 0.598852 0.681248
0 0.507574 0.752304 0.507627 0.755402 0.509450 0.758206 0.512553 0.759101 0.515019 0.759051 0.518036 0.757648 0.519368 0.753775 0.518199 0.750541 0.516280 0.748394 0.512276 0.748204 0.509482 0.749655
0 0.337719 0.768502 0.337771 0.771600 0.339595 0.774404 0.342698 0.775299 0.345164 0.775249 0.348181 0.773846 0.349513 0.769973 0.348344 0.766738 0.346424 0.764592 0.342421 0.764401 0.339627 0.765853
0 0.346791 0.749826 0.346844 0.752924 0.348668 0.755728 0.351771 0.756623 0.354237 0.756573 0.357253 0.755170 0.358586 0.751297 0.357417 0.748062 0.355497 0.745916 0.351493 0.745726 0.348699 0.747177
0 0.169227 0.848621 0.169280 0.851719 0.171103 0.854522 0.174206 0.855417 0.176672 0.855368 0.179689 0.853964 0.181021 0.850091 0.179852 0.846857 0.177933 0.844710 0.173929 0.844519 0.171135 0.845971
0 0.148762 0.812203 0.148815 0.815301 0.150639 0.818105 0.153741 0.818999 0.156208 0.818950 0.159225 0.817546 0.160556 0.813674 0.159388 0.810439 0.157468 0.808292 0.153464 0.808102 0.150670 0.809554
0 0.156969 0.732364 0.157021 0.735462 0.158845 0.738266 0.161948 0.739161 0.164414 0.739111 0.167431 0.737708 0.168763 0.733835 0.167594 0.730600 0.165674 0.728454 0.161670 0.728264 0.158876 0.729715
0 0.053509 0.709835 0.053562 0.712933 0.055386 0.715737 0.058488 0.716632 0.060955 0.716582 0.063972 0.715179 0.065303 0.711306 0.064135 0.708071 0.062215 0.705925 0.058211 0.705735 0.055417 0.707186
0 0.069931 0.681979 0.069984 0.685076 0.071808 0.687880 0.074910 0.688775 0.077377 0.688725 0.080394 0.687322 0.081725 0.683449 0.080557 0.680214 0.078637 0.678068 0.074633 0.677878 0.071839 0.679329
0 0.286686 0.643129 0.286739 0.646227 0.288562 0.649031 0.291665 0.649926 0.294131 0.649876 0.297148 0.648473 0.298480 0.644600 0.297311 0.641366 0.295392 0.639219 0.291388 0.639029 0.288594 0.640480
0 0.243545 0.600984 0.243598 0.604082 0.245421 0.606885 0.248524 0.607781 0.250990 0.607731 0.254007 0.606328 0.255339 0.602454 0.254170 0.599220 0.252251 0.597074 0.248247 0.596883 0.245453 0.598335
0 0.270064 0.538944 0.270116 0.542042 0.271940 0.544846 0.275043 0.545741 0.277509 0.545691 0.280526 0.544288 0.281858 0.540414 0.280689 0.537180 0.278770 0.535034 0.274765 0.534843 0.271972 0.536295
0 0.371923 0.478657 0.371975 0.481755 0.373799 0.484559 0.376902 0.485453 0.379368 0.485404 0.382385 0.484000 0.383717 0.480127 0.382548 0.476893 0.380628 0.474746 0.376624 0.474556 0.373831 0.476007
0 0.317172 0.445378 0.317225 0.448476 0.319049 0.451280 0.322151 0.452174 0.324618 0.452125 0.327635 0.450722 0.328966 0.446848 0.327797 0.443614 0.325878 0.441467 0.321874 0.441277 0.319080 0.442729
0 0.390282 0.413120 0.390334 0.416218 0.392158 0.419022 0.395261 0.419917 0.397727 0.419867 0.400744 0.418464 0.402076 0.414591 0.400907 0.411357 0.398988 0.409210 0.394984 0.409020 0.392190 0.410471
0 0.434869 0.501934 0.434922 0.505032 0.436745 0.507836 0.439848 0.508731 0.442314 0.508681 0.445331 0.507278 0.446663 0.503405 0.445494 0.500170 0.443575 0.498024 0.439571 0.497833 0.436777 0.499285
0 0.487937 0.475403 0.487990 0.478501 0.489814 0.481304 0.492917 0.482199 0.495383 0.482150 0.498400 0.480747 0.499732 0.476873 0.498563 0.473639 0.496643 0.471493 0.492639 0.471302 0.489845 0.472754
0 0.537545 0.538595 0.537598 0.541693 0.539421 0.544497 0.542524 0.545392 0.544991 0.545342 0.548007 0.543938 0.549339 0.540065 0.548171 0.536831 0.546251 0.534684 0.542247 0.534494 0.539453 0.535946
0 0.409551 0.547820 0.410688 0.552862 0.412805 0.556152 0.415441 0.558138 0.419807 0.558271 0.426117 0.556208 0.428551 0.552640 0.428829 0.547704 0.427240 0.543299 0.424535 0.540012 0.420648 0.538532 0.416234 0.539277 0.411521 0.542885
0 0.561687 0.485374 0.561740 0.488471 0.563564 0.491275 0.566666 0.492170 0.569132 0.492120 0.572150 0.490717 0.573481 0.486844 0.572312 0.483610 0.570393 0.481463 0.566389 0.481273 0.563595 0.482724
0 0.602867 0.483783 0.602920 0.486881 0.604743 0.489685 0.607846 0.490580 0.610312 0.490530 0.613329 0.489127 0.614661 0.485254 0.613493 0.482020 0.611573 0.479873 0.607569 0.479683 0.604775 0.481134
0 0.557009 0.520427 0.559155 0.522099 0.561736 0.521933 0.564504 0.520877 0.565421 0.518995 0.565071 0.516505 0.563683 0.514997 0.561962 0.514147 0.560040 0.513778 0.557703 0.514446 0.555810 0.516434 0.556158 0.518781
0 0.620523 0.600613 0.622670 0.602286 0.625250 0.602120 0.628019 0.601063 0.628935 0.599182 0.628586 0.596692 0.627198 0.595183 0.625476 0.594333 0.623555 0.593964 0.621217 0.594633 0.619324 0.596620 0.619673 0.598968
0 0.681459 0.538539 0.683605 0.540212 0.686186 0.540046 0.688954 0.538989 0.689871 0.537107 0.689522 0.534617 0.688133 0.533109 0.686411 0.532259 0.684490 0.531890 0.682153 0.532559 0.680260 0.534546 0.680608 0.536893
0 0.671426 0.703045 0.673573 0.704717 0.676153 0.704551 0.678921 0.703495 0.679838 0.701613 0.679489 0.699123 0.678101 0.697615 0.676378 0.696765 0.674457 0.696396 0.672120 0.697064 0.670227 0.699052 0.670576 0.701399
0 0.659100 0.675576 0.661247 0.677249 0.663827 0.677083 0.666595 0.676026 0.667512 0.674144 0.667163 0.671654 0.665774 0.670146 0.664053 0.669296 0.662131 0.668927 0.659794 0.669595 0.657901 0.671583 0.658250 0.673930
0 0.797811 0.681080 0.799958 0.682753 0.802538 0.682587 0.805306 0.681531 0.806223 0.679649 0.805874 0.677159 0.804485 0.675651 0.802764 0.674801 0.800842 0.674431 0.798505 0.675100 0.796612 0.677088 0.796960 0.679435
0 0.846853 0.627072 0.849000 0.628745 0.851580 0.628579 0.854348 0.627522 0.855265 0.625641 0.854916 0.623151 0.853527 0.621642 0.851806 0.620792 0.849884 0.620423 0.847547 0.621092 0.845654 0.623080 0.846003 0.625427
0 0.945459 0.641357 0.947606 0.643030 0.950186 0.642864 0.952954 0.641808 0.953871 0.639926 0.953522 0.637436 0.952134 0.635928 0.950412 0.635078 0.948490 0.634709 0.946153 0.635377 0.944260 0.637365 0.944608 0.639712
0 0.969952 0.565553 0.972099 0.567226 0.974679 0.567060 0.977447 0.566004 0.978364 0.564122 0.978015 0.561631 0.976627 0.560123 0.974904 0.559273 0.972983 0.558904 0.970646 0.559573 0.968753 0.561561 0.969102 0.563907
0 0.767457 0.403331 0.769604 0.405003 0.772184 0.404837 0.774953 0.403781 0.775869 0.401899 0.775520 0.399409 0.774132 0.397901 0.772410 0.397051 0.770488 0.396682 0.768151 0.397350 0.766258 0.399338 0.766607 0.401685
0 0.695465 0.330913 0.697612 0.332586 0.700192 0.332420 0.702960 0.331363 0.703877 0.329481 0.703528 0.326991 0.702140 0.325482 0.700418 0.324633 0.698496 0.324264 0.696159 0.324932 0.694266 0.326920 0.694615 0.329267
0 0.685548 0.197870 0.687694 0.199543 0.690275 0.199377 0.693043 0.198320 0.693960 0.196438 0.693610 0.193948 0.692222 0.192440 0.690500 0.191590 0.688579 0.191221 0.686242 0.191889 0.684349 0.193877 0.684697 0.196224
0 0.622360 0.254605 0.624507 0.256278 0.627087 0.256111 0.629856 0.255055 0.630772 0.253173 0.630423 0.250683 0.629035 0.249175 0.627313 0.248325 0.625391 0.247956 0.623054 0.248624 0.621161 0.250612 0.621510 0.252959
0 0.345418 0.382767 0.345471 0.385864 0.347295 0.388668 0.350398 0.389563 0.352864 0.389513 0.355881 0.388110 0.357213 0.384237 0.356044 0.381003 0.354124 0.378856 0.350120 0.378666 0.347326 0.380117
0 0.318922 0.686755 0.316094 0.688982 0.314779 0.692762 0.315597 0.696725 0.318058 0.699720 0.323107 0.700484 0.327904 0.698281 0.328794 0.695393 0.327985 0.690893 0.325939 0.687632 0.322532 0.685882
0 0.367210 0.630103 0.367263 0.633201 0.369086 0.636005 0.372189 0.636900 0.374655 0.636850 0.377672 0.635447 0.379004 0.631574 0.377835 0.628340 0.375916 0.626193 0.371912 0.626003 0.369118 0.627454
0 0.670833 0.476586 0.667124 0.478895 0.665379 0.483567 0.666050 0.488160 0.668845 0.491530 0.672817 0.492947 0.678260 0.492007 0.681889 0.488481 0.683148 0.484773 0.681960 0.480087 0.678592 0.476577 0.674963 0.475639
0 0.737964 0.446693 0.740111 0.448366 0.742691 0.448200 0.745460 0.447143 0.746377 0.445262 0.746027 0.442771 0.744639 0.441263 0.742917 0.440413 0.740996 0.440044 0.738659 0.440712 0.736766 0.442700 0.737114 0.445047
0 0.756145 0.220747 0.752436 0.223056 0.750691 0.227728 0.751362 0.232321 0.754157 0.235691 0.758129 0.237109 0.763573 0.236169 0.767201 0.232642 0.768461 0.228934 0.767272 0.224249 0.763904 0.220739 0.760275 0.219800
0 0.711901 0.183646 0.714048 0.185318 0.716628 0.185152 0.719397 0.184096 0.720313 0.182214 0.719964 0.179724 0.718576 0.178216 0.716854 0.177366 0.714933 0.176997 0.712595 0.177665 0.710702 0.179653 0.711051 0.182000
0 0.644578 0.375224 0.641750 0.377450 0.640435 0.381230 0.641253 0.385193 0.643714 0.388188 0.648763 0.388952 0.653560 0.386749 0.654450 0.383861 0.653641 0.379361 0.651595 0.376100 0.648188 0.374350
0 0.297776 0.823279 0.298913 0.828322 0.301031 0.831612 0.303666 0.833597 0.308032 0.833730 0.314342 0.831668 0.316776 0.828099 0.317054 0.823164 0.315466 0.818758 0.312761 0.815472 0.308873 0.813991 0.304460 0.814737 0.299746 0.818344
