0 0.636287 0.362598 0.633247 0.364527 0.631556 0.368154 0.631968 0.372180 0.634113 0.375408 0.639059 0.376680 0.644054 0.374974 0.645233 0.372192 0.644883 0.367633 0.643178 0.364182 0.639967 0.362095
0 0.620640 0.383545 0.617601 0.385473 0.615909 0.389100 0.616321 0.393126 0.618467 0.396354 0.623412 0.397626 0.628408 0.395920 0.629585 0.393138 0.629236 0.388580 0.627531 0.385128 0.624320 0.383042
0 0.679604 0.378763 0.676566 0.380691 0.674874 0.384318 0.675286 0.388344 0.677431 0.391572 0.682377 0.392844 0.687373 0.391138 0.688550 0.388356 0.688201 0.383798 0.686496 0.380346 0.683284 0.378259
0 0.674772 0.360534 0.671733 0.362462 0.670041 0.366090 0.670454 0.370116 0.672599 0.373344 0.677544 0.374616 0.682540 0.372910 0.683718 0.370128 0.683369 0.365569 0.681664 0.362117 0.678452 0.360031
0 0.561437 0.355028 0.558398 0.356956 0.556706 0.360583 0.557118 0.364609 0.559264 0.367837 0.564209 0.369109 0.569205 0.367404 0.570382 0.364621 0.570033 0.360063 0.568328 0.356611 0.565117 0.354525
0 0.654471 0.431319 0.651432 0.433248 0.649740 0.436875 0.650153 0.440901 0.652297 0.444129 0.657243 0.445401 0.662239 0.443695 0.663417 0.440913 0.663067 0.436355 0.661363 0.432903 0.658151 0.430816
0 0.705130 0.459019 0.702091 0.460947 0.700400 0.464574 0.700812 0.468600 0.702957 0.471829 0.707903 0.473100 0.712898 0.471395 0.714076 0.468612 0.713727 0.464054 0.712022 0.460602 0.708811 0.458516
0 0.640792 0.471279 0.637753 0.473207 0.636061 0.476835 0.636474 0.480860 0.638619 0.484089 0.643564 0.485360 0.648560 0.483655 0.649738 0.480872 0.649388 0.476314 0.647684 0.472862 0.644472 0.470776
0 0.589651 0.411014 0.586611 0.412942 0.584920 0.416569 0.585332 0.420595 0.587477 0.423824 0.592423 0.425095 0.597418 0.423390 0.598597 0.420607 0.598247 0.416049 0.596542 0.412597 0.593331 0.410511
0 0.513877 0.364438 0.510838 0.366365 0.509146 0.369993 0.509559 0.374019 0.511704 0.377247 0.516649 0.378519 0.521645 0.376813 0.522823 0.374030 0.522474 0.369473 0.520769 0.366020 0.517557 0.363934
0 0.699589 0.440729 0.696551 0.442656 0.694859 0.446284 0.695271 0.450310 0.697416 0.453538 0.702362 0.454810 0.707358 0.453104 0.708535 0.450322 0.708186 0.445764 0.706481 0.442311 0.703270 0.440226
0 0.464291 0.380280 0.461252 0.382207 0.459560 0.385835 0.459972 0.389861 0.462118 0.393089 0.467063 0.394361 0.472059 0.392655 0.473237 0.389873 0.472888 0.385315 0.471183 0.381863 0.467971 0.379777
0 0.486456 0.379423 0.483417 0.381351 0.481725 0.384979 0.482138 0.389004 0.484283 0.392233 0.489228 0.393505 0.494224 0.391799 0.495401 0.389017 0.495052 0.384459 0.493348 0.381006 0.490136 0.378920
0 0.477900 0.399660 0.474860 0.401588 0.473169 0.405216 0.473581 0.409241 0.475726 0.412470 0.480672 0.413742 0.485667 0.412036 0.486845 0.409253 0.486496 0.404695 0.484792 0.401243 0.481579 0.399157
0 0.489330 0.431473 0.486291 0.433401 0.484599 0.437029 0.485011 0.441054 0.487156 0.444283 0.492102 0.445555 0.497097 0.443849 0.498276 0.441066 0.497927 0.436508 0.496222 0.433056 0.493010 0.430970
0 0.634762 0.314773 0.631722 0.316701 0.630031 0.320329 0.630443 0.324355 0.632588 0.327583 0.637533 0.328855 0.642529 0.327149 0.643707 0.324367 0.643358 0.319808 0.641653 0.316356 0.638442 0.314270
0 0.614919 0.310022 0.611880 0.311950 0.610189 0.315578 0.610600 0.319604 0.612746 0.322832 0.617691 0.324104 0.622687 0.322398 0.623865 0.319616 0.623516 0.315057 0.621811 0.311605 0.618599 0.309519
0 0.705000 0.366573 0.701961 0.368501 0.700270 0.372129 0.700682 0.376154 0.702827 0.379383 0.707773 0.380655 0.712768 0.378949 0.713946 0.376166 0.713597 0.371609 0.711892 0.368156 0.708680 0.366070
0 0.725368 0.372479 0.722329 0.374407 0.720638 0.378035 0.721050 0.382061 0.723195 0.385289 0.728140 0.386560 0.733136 0.384855 0.734314 0.382073 0.733965 0.377514 0.732260 0.374062 0.729048 0.371976
0 0.754644 0.403904 0.751605 0.405832 0.749914 0.409460 0.750326 0.413485 0.752471 0.416714 0.757416 0.417986 0.762412 0.416280 0.763590 0.413497 0.763241 0.408939 0.761536 0.405487 0.758324 0.403401
0 0.771458 0.474048 0.768419 0.475976 0.766727 0.479604 0.767139 0.483630 0.769285 0.486858 0.774230 0.488130 0.779226 0.486424 0.780404 0.483642 0.780055 0.479083 0.778350 0.475631 0.775138 0.473545
0 0.720634 0.476915 0.717595 0.478844 0.715903 0.482471 0.716316 0.486497 0.718461 0.489725 0.723406 0.490997 0.728402 0.489291 0.729580 0.486509 0.729231 0.481951 0.727526 0.478499 0.724314 0.476412
0 0.747342 0.450107 0.744302 0.452036 0.742611 0.455663 0.743023 0.459689 0.745168 0.462917 0.750113 0.464189 0.755109 0.462483 0.756288 0.459701 0.755938 0.455143 0.754234 0.451691 0.751022 0.449605
0 0.772009 0.437821 0.768970 0.439749 0.767278 0.443376 0.767690 0.447402 0.769836 0.450630 0.774781 0.451902 0.779777 0.450196 0.780955 0.447414 0.780606 0.442856 0.778901 0.439404 0.775689 0.437317
0 0.799657 0.441936 0.796618 0.443864 0.794926 0.447491 0.795338 0.451517 0.797483 0.454745 0.802429 0.456017 0.807424 0.454311 0.808603 0.451529 0.808253 0.446971 0.806549 0.443519 0.803337 0.441432
0 0.883569 0.407974 0.880530 0.409902 0.878838 0.413529 0.879251 0.417555 0.881396 0.420784 0.886341 0.422055 0.891337 0.420350 0.892515 0.417567 0.892166 0.413009 0.890461 0.409557 0.887249 0.407470
0 0.846372 0.440919 0.843333 0.442847 0.841641 0.446475 0.842054 0.450500 0.844199 0.453729 0.849144 0.455001 0.854140 0.453295 0.855318 0.450512 0.854969 0.445954 0.853264 0.442502 0.850052 0.440416
0 0.892985 0.457992 0.889946 0.459920 0.888254 0.463547 0.888666 0.467573 0.890811 0.470801 0.895757 0.472073 0.900752 0.470367 0.901931 0.467585 0.901581 0.463027 0.899876 0.459575 0.896665 0.457489
0 0.915319 0.419553 0.912280 0.421481 0.910589 0.425109 0.911001 0.429134 0.913146 0.432363 0.918091 0.433635 0.923087 0.431929 0.924265 0.429146 0.923916 0.424588 0.922211 0.421136 0.918999 0.419050
0 0.933830 0.411872 0.930792 0.413800 0.929100 0.417428 0.929512 0.421454 0.931657 0.424682 0.936603 0.425954 0.941598 0.424248 0.942776 0.421466 0.942427 0.416908 0.940722 0.413455 0.937510 0.411369
0 0.808559 0.334793 0.805520 0.336721 0.803828 0.340349 0.804240 0.344374 0.806385 0.347602 0.811331 0.348874 0.816326 0.347168 0.817505 0.344386 0.817155 0.339828 0.815451 0.336376 0.812239 0.334290
0 0.836884 0.318799 0.833845 0.320728 0.832154 0.324355 0.832566 0.328381 0.834711 0.331609 0.839656 0.332881 0.844652 0.331175 0.845830 0.328393 0.845481 0.323834 0.843776 0.320383 0.840564 0.318296
0 0.889809 0.306497 0.886770 0.308425 0.885079 0.312052 0.885491 0.316078 0.887636 0.319306 0.892581 0.320578 0.897577 0.318873 0.898755 0.316090 0.898406 0.311532 0.896701 0.308080 0.893489 0.305994
0 0.920152 0.309858 0.917113 0.311786 0.915422 0.315413 0.915834 0.319439 0.917979 0.322667 0.922925 0.323939 0.927920 0.322233 0.929098 0.319451 0.928749 0.314893 0.927044 0.311441 0.923832 0.309354
0 0.903798 0.338983 0.900759 0.340911 0.899068 0.344539 0.899480 0.348564 0.901625 0.351793 0.906570 0.353064 0.911566 0.351359 0.912744 0.348576 0.912395 0.344018 0.910690 0.340566 0.907478 0.338480
0 0.871052 0.320718 0.868013 0.322646 0.866321 0.326274 0.866733 0.330300 0.868879 0.333528 0.873824 0.334800 0.878820 0.333094 0.879998 0.330311 0.879648 0.325753 0.877943 0.322302 0.874732 0.320215
0 0.969655 0.381435 0.966616 0.383362 0.964924 0.386990 0.965336 0.391016 0.967482 0.394244 0.972427 0.395516 0.977423 0.393810 0.978600 0.391028 0.978251 0.386470 0.976547 0.383018 0.973335 0.380932
0 0.861026 0.251848 0.857987 0.253776 0.856295 0.257403 0.856708 0.261429 0.858853 0.264657 0.863798 0.265929 0.868794 0.264223 0.869972 0.261441 0.869623 0.256883 0.867918 0.253431 0.864706 0.251345
0 0.923709 0.244930 0.920670 0.246858 0.918978 0.250486 0.919390 0.254511 0.921536 0.257740 0.926481 0.259012 0.931477 0.257306 0.932655 0.254523 0.932305 0.249965 0.930600 0.246513 0.927389 0.244427
0 0.927796 0.265206 0.924757 0.267134 0.923066 0.270761 0.923478 0.274787 0.925623 0.278015 0.930568 0.279287 0.935564 0.277582 0.936742 0.274799 0.936392 0.270241 0.934688 0.266789 0.931476 0.264702
0 0.909070 0.258532 0.906031 0.260461 0.904340 0.264088 0.904752 0.268114 0.906897 0.271342 0.911843 0.272614 0.916838 0.270908 0.918016 0.268126 0.917667 0.263568 0.915962 0.260116 0.912751 0.258030
0 0.845056 0.211952 0.842017 0.213880 0.840326 0.217508 0.840738 0.221533 0.842883 0.224762 0.847829 0.226034 0.852825 0.224328 0.854002 0.221545 0.853653 0.216987 0.851949 0.213535 0.848736 0.211449
0 0.846188 0.197219 0.843150 0.199147 0.841458 0.202774 0.841870 0.206800 0.844015 0.210028 0.848961 0.211300 0.853956 0.209595 0.855134 0.206812 0.854785 0.202254 0.853080 0.198802 0.849868 0.196715
0 0.813672 0.202788 0.810633 0.204716 0.808942 0.208344 0.809354 0.212369 0.811499 0.215598 0.816445 0.216869 0.821440 0.215164 0.822618 0.212381 0.822269 0.207823 0.820564 0.204371 0.817352 0.202284
0 0.931763 0.195478 0.928723 0.197407 0.927032 0.201034 0.927444 0.205060 0.929589 0.208288 0.934535 0.209560 0.939530 0.207854 0.940709 0.205071 0.940359 0.200513 0.938655 0.197061 0.935443 0.194975
0 0.946972 0.200928 0.943933 0.202856 0.942241 0.206483 0.942653 0.210509 0.944799 0.213737 0.949744 0.215009 0.954740 0.213303 0.955918 0.210521 0.955569 0.205963 0.953864 0.202511 0.950652 0.200424
0 0.914644 0.187865 0.911605 0.189794 0.909913 0.193421 0.910325 0.197447 0.912471 0.200675 0.917416 0.201947 0.922412 0.200241 0.923590 0.197459 0.923241 0.192900 0.921536 0.189449 0.918324 0.187362
0 0.927199 0.155628 0.924161 0.157556 0.922469 0.161184 0.922881 0.165210 0.925026 0.168438 0.929972 0.169710 0.934967 0.168004 0.936145 0.165221 0.935796 0.160663 0.934091 0.157211 0.930880 0.155125
0 0.796283 0.194521 0.793244 0.196449 0.791553 0.200077 0.791965 0.204102 0.794110 0.207331 0.799056 0.208603 0.804051 0.206897 0.805229 0.204114 0.804880 0.199556 0.803175 0.196104 0.799963 0.194018
0 0.806597 0.228256 0.803558 0.230184 0.801866 0.233812 0.802278 0.237838 0.804424 0.241066 0.809369 0.242338 0.814365 0.240632 0.815543 0.237849 0.815194 0.233291 0.813489 0.229839 0.810277 0.227753
0 0.706864 0.328567 0.703825 0.330495 0.702134 0.334123 0.702546 0.338148 0.704691 0.341377 0.709636 0.342649 0.714632 0.340943 0.715810 0.338160 0.715461 0.333602 0.713756 0.330150 0.710544 0.328064
0 0.638564 0.268587 0.635525 0.270515 0.633833 0.274143 0.634245 0.278169 0.636391 0.281397 0.641336 0.282669 0.646332 0.280963 0.647510 0.278181 0.647161 0.273623 0.645456 0.270170 0.642244 0.268085
0 0.651268 0.248461 0.648230 0.250389 0.646538 0.254016 0.646950 0.258042 0.649095 0.261270 0.654041 0.262542 0.659036 0.260836 0.660214 0.258054 0.659865 0.253496 0.658160 0.250044 0.654949 0.247958
0 0.656307 0.293316 0.653269 0.295244 0.651577 0.298872 0.651989 0.302898 0.654134 0.306126 0.659080 0.307398 0.664075 0.305692 0.665253 0.302909 0.664904 0.298351 0.663199 0.294899 0.659987 0.292813
0 0.552009 0.269610 0.548971 0.271538 0.547279 0.275166 0.547691 0.279191 0.549836 0.282420 0.554782 0.283692 0.559777 0.281986 0.560955 0.279203 0.560606 0.274645 0.558901 0.271193 0.555689 0.269107
0 0.524099 0.284845 0.521060 0.286773 0.519368 0.290400 0.519780 0.294426 0.521926 0.297654 0.526871 0.298926 0.531867 0.297220 0.533045 0.294438 0.532696 0.289880 0.530991 0.286428 0.527779 0.284341
0 0.524228 0.266927 0.521188 0.268855 0.519497 0.272483 0.519909 0.276508 0.522054 0.279737 0.527000 0.281008 0.531995 0.279303 0.533174 0.276520 0.532825 0.271962 0.531120 0.268510 0.527908 0.266424
0 0.617772 0.252760 0.614732 0.254688 0.613041 0.258315 0.613453 0.262341 0.615598 0.265569 0.620543 0.266841 0.625539 0.265135 0.626717 0.262353 0.626368 0.257795 0.624664 0.254343 0.621452 0.252256
0 0.617828 0.201507 0.614789 0.203436 0.613098 0.207063 0.613510 0.211089 0.615655 0.214317 0.620601 0.215589 0.625596 0.213884 0.626774 0.211101 0.626425 0.206543 0.624720 0.203091 0.621509 0.201005
0 0.602727 0.212018 0.599687 0.213946 0.597996 0.217574 0.598408 0.221599 0.600553 0.224828 0.605499 0.226100 0.610494 0.224394 0.611673 0.221611 0.611324 0.217053 0.609618 0.213601 0.606407 0.211515
0 0.542261 0.241951 0.539221 0.243879 0.537530 0.247507 0.537942 0.251532 0.540087 0.254761 0.545033 0.256032 0.550028 0.254327 0.551207 0.251544 0.550857 0.246986 0.549152 0.243534 0.545941 0.241448
0 0.475846 0.252065 0.472807 0.253993 0.471115 0.257620 0.471527 0.261646 0.473673 0.264875 0.478618 0.266147 0.483614 0.264441 0.484791 0.261658 0.484442 0.257100 0.482738 0.253648 0.479526 0.251562
0 0.548930 0.379366 0.545891 0.381294 0.544199 0.384921 0.544611 0.388947 0.546757 0.392175 0.551702 0.393447 0.556698 0.391741 0.557876 0.388959 0.557527 0.384401 0.555822 0.380949 0.552610 0.378862
0 0.530221 0.375147 0.527181 0.377075 0.525490 0.380703 0.525902 0.384729 0.528047 0.387957 0.532993 0.389228 0.537988 0.387523 0.539167 0.384740 0.538818 0.380182 0.537113 0.376730 0.533901 0.374644
0 0.427890 0.366941 0.424851 0.368870 0.423160 0.372497 0.423572 0.376523 0.425717 0.379751 0.430662 0.381023 0.435658 0.379317 0.436836 0.376535 0.436487 0.371976 0.434782 0.368525 0.431570 0.366438
0 0.453659 0.432411 0.450620 0.434340 0.448928 0.437967 0.449341 0.441993 0.451485 0.445221 0.456431 0.446493 0.461427 0.444787 0.462605 0.442005 0.462256 0.437446 0.460551 0.433995 0.457339 0.431908
0 0.495092 0.416036 0.492053 0.417965 0.490361 0.421592 0.490773 0.425618 0.492919 0.428846 0.497864 0.430118 0.502860 0.428412 0.504038 0.425630 0.503689 0.421072 0.501984 0.417620 0.498772 0.415534
0 0.403283 0.413628 0.400244 0.415556 0.398553 0.419184 0.398964 0.423209 0.401110 0.426438 0.406055 0.427710 0.411051 0.426004 0.412229 0.423221 0.411880 0.418663 0.410175 0.415211 0.406963 0.413125
0 0.386166 0.397764 0.383127 0.399692 0.381436 0.403319 0.381848 0.407345 0.383993 0.410573 0.388939 0.411845 0.393934 0.410139 0.395112 0.407357 0.394763 0.402799 0.393058 0.399347 0.389847 0.397261
0 0.322024 0.350325 0.318985 0.352253 0.317293 0.355880 0.317705 0.359906 0.319851 0.363135 0.324796 0.364406 0.329792 0.362701 0.330970 0.359918 0.330621 0.355360 0.328916 0.351908 0.325704 0.349821
0 0.335169 0.366613 0.332130 0.368541 0.330438 0.372169 0.330851 0.376194 0.332996 0.379423 0.337941 0.380695 0.342937 0.378989 0.344115 0.376206 0.343765 0.371648 0.342061 0.368196 0.338849 0.366110
0 0.403977 0.305602 0.400937 0.307530 0.399246 0.311158 0.399658 0.315184 0.401803 0.318412 0.406749 0.319684 0.411744 0.317978 0.412923 0.315195 0.412573 0.310637 0.410868 0.307185 0.407657 0.305099
0 0.422077 0.295175 0.419037 0.297103 0.417346 0.300731 0.417758 0.304757 0.419903 0.307985 0.424849 0.309257 0.429844 0.307551 0.431023 0.304768 0.430673 0.300210 0.428969 0.296758 0.425757 0.294672
0 0.399760 0.253939 0.396721 0.255867 0.395030 0.259495 0.395442 0.263521 0.397587 0.266749 0.402532 0.268021 0.407528 0.266315 0.408706 0.263532 0.408357 0.258975 0.406652 0.255522 0.403441 0.253436
0 0.340144 0.409227 0.337105 0.411156 0.335413 0.414783 0.335826 0.418809 0.337970 0.422037 0.342916 0.423309 0.347912 0.421603 0.349090 0.418821 0.348740 0.414263 0.347036 0.410811 0.343824 0.408724
0 0.371811 0.408529 0.368772 0.410457 0.367080 0.414085 0.367492 0.418111 0.369638 0.421339 0.374583 0.422611 0.379579 0.420905 0.380756 0.418122 0.380407 0.413564 0.378702 0.410112 0.375491 0.408026
0 0.355987 0.398965 0.352949 0.400893 0.351257 0.404520 0.351669 0.408547 0.353815 0.411774 0.358760 0.413046 0.363756 0.411341 0.364933 0.408558 0.364584 0.404000 0.362879 0.400548 0.359668 0.398462
0 0.417468 0.351160 0.414429 0.353088 0.412737 0.356716 0.413149 0.360741 0.415295 0.363970 0.420240 0.365242 0.425236 0.363536 0.426414 0.360753 0.426065 0.356195 0.424360 0.352743 0.421148 0.350657
0 0.421683 0.313662 0.418644 0.315590 0.416952 0.319217 0.417364 0.323243 0.419510 0.326471 0.424455 0.327743 0.429451 0.326037 0.430629 0.323254 0.430280 0.318697 0.428575 0.315245 0.425363 0.313158
0 0.401368 0.330392 0.398329 0.332320 0.396638 0.335948 0.397050 0.339973 0.399195 0.343202 0.404140 0.344474 0.409136 0.342768 0.410314 0.339985 0.409965 0.335427 0.408260 0.331975 0.405048 0.329889
0 0.409510 0.448166 0.406471 0.450093 0.404779 0.453721 0.405191 0.457747 0.407337 0.460975 0.412282 0.462247 0.417278 0.460541 0.418456 0.457759 0.418107 0.453201 0.416402 0.449748 0.413190 0.447663
0 0.364845 0.461695 0.361805 0.463623 0.360114 0.467250 0.360526 0.471276 0.362671 0.474504 0.367617 0.475776 0.372612 0.474071 0.373790 0.471288 0.373441 0.466730 0.371737 0.463278 0.368525 0.461192
0 0.507507 0.461415 0.504468 0.463343 0.502776 0.466970 0.503188 0.470996 0.505334 0.474224 0.510279 0.475496 0.515275 0.473791 0.516453 0.471008 0.516104 0.466450 0.514399 0.462998 0.511187 0.460912
0 0.509652 0.488650 0.506612 0.490578 0.504921 0.494205 0.505333 0.498232 0.507478 0.501460 0.512424 0.502731 0.517419 0.501026 0.518598 0.498243 0.518249 0.493685 0.516544 0.490233 0.513332 0.488147
0 0.431474 0.546855 0.428435 0.548784 0.426744 0.552411 0.427156 0.556437 0.429301 0.559665 0.434247 0.560937 0.439242 0.559231 0.440420 0.556449 0.440071 0.551891 0.438366 0.548438 0.435155 0.546352
0 0.372076 0.485369 0.369037 0.487297 0.367345 0.490924 0.367758 0.494950 0.369903 0.498178 0.374848 0.499450 0.379844 0.497744 0.381022 0.494962 0.380673 0.490404 0.378968 0.486952 0.375756 0.484866
0 0.536644 0.486024 0.533605 0.487952 0.531913 0.491579 0.532326 0.495605 0.534471 0.498833 0.539416 0.500105 0.544412 0.498399 0.545590 0.495617 0.545241 0.491059 0.543536 0.487607 0.540324 0.485521
0 0.343284 0.497052 0.340245 0.498980 0.338553 0.502608 0.338966 0.506634 0.341111 0.509862 0.346056 0.511134 0.351052 0.509428 0.352230 0.506646 0.351881 0.502087 0.350176 0.498635 0.346964 0.496549
0 0.300385 0.473111 0.297347 0.475039 0.295655 0.478667 0.296067 0.482692 0.298212 0.485921 0.303158 0.487193 0.308153 0.485487 0.309331 0.482704 0.308982 0.478146 0.307277 0.474694 0.304066 0.472608
0 0.265179 0.468904 0.262139 0.470831 0.260448 0.474459 0.260860 0.478485 0.263005 0.481713 0.267950 0.482985 0.272946 0.481279 0.274124 0.478497 0.273775 0.473939 0.272070 0.470486 0.268859 0.468401
0 0.235110 0.469719 0.232072 0.471647 0.230380 0.475275 0.230792 0.479300 0.232937 0.482529 0.237883 0.483801 0.242879 0.482095 0.244056 0.479312 0.243707 0.474754 0.242002 0.471302 0.238791 0.469216
0 0.205919 0.469350 0.202880 0.471278 0.201188 0.474906 0.201601 0.478932 0.203746 0.482160 0.208691 0.483432 0.213687 0.481726 0.214865 0.478943 0.214516 0.474385 0.212811 0.470933 0.209599 0.468847
0 0.234829 0.389212 0.231790 0.391140 0.230098 0.394767 0.230510 0.398793 0.232656 0.402021 0.237601 0.403293 0.242597 0.401587 0.243775 0.398805 0.243426 0.394247 0.241721 0.390795 0.238509 0.388709
0 0.206217 0.376296 0.203179 0.378224 0.201487 0.381852 0.201899 0.385877 0.204044 0.389106 0.208990 0.390377 0.213986 0.388672 0.215163 0.385889 0.214814 0.381331 0.213109 0.377879 0.209898 0.375793
0 0.223913 0.349081 0.220873 0.351009 0.219182 0.354637 0.219594 0.358663 0.221739 0.361891 0.226684 0.363163 0.231680 0.361457 0.232858 0.358675 0.232509 0.354116 0.230805 0.350664 0.227592 0.348578
0 0.240205 0.351209 0.237165 0.353137 0.235474 0.356765 0.235886 0.360791 0.238031 0.364019 0.242977 0.365291 0.247972 0.363585 0.249151 0.360803 0.248802 0.356245 0.247097 0.352792 0.243885 0.350707
0 0.274989 0.283355 0.271951 0.285283 0.270259 0.288910 0.270671 0.292936 0.272816 0.296164 0.277762 0.297436 0.282757 0.295730 0.283935 0.292948 0.283586 0.288390 0.281881 0.284938 0.278670 0.282852
0 0.308109 0.257167 0.305070 0.259095 0.303378 0.262723 0.303790 0.266748 0.305936 0.269977 0.310881 0.271249 0.315877 0.269543 0.317055 0.266760 0.316706 0.262202 0.315001 0.258750 0.311789 0.256664
0 0.372517 0.311065 0.369478 0.312993 0.367787 0.316621 0.368199 0.320646 0.370344 0.323875 0.375290 0.325147 0.380285 0.323441 0.381463 0.320658 0.381114 0.316100 0.379409 0.312648 0.376197 0.310562
0 0.228992 0.265674 0.225953 0.267602 0.224262 0.271230 0.224674 0.275255 0.226819 0.278484 0.231764 0.279755 0.236760 0.278050 0.237938 0.275267 0.237589 0.270709 0.235884 0.267257 0.232672 0.265171
0 0.130412 0.405731 0.127373 0.407659 0.125682 0.411287 0.126094 0.415313 0.128239 0.418541 0.133184 0.419813 0.138180 0.418107 0.139358 0.415324 0.139009 0.410766 0.137304 0.407314 0.134092 0.405228
0 0.080697 0.383160 0.077658 0.385088 0.075967 0.388716 0.076379 0.392742 0.078524 0.395970 0.083469 0.397242 0.088465 0.395536 0.089643 0.392754 0.089294 0.388196 0.087589 0.384743 0.084378 0.382658
0 0.056026 0.431782 0.052987 0.433710 0.051296 0.437337 0.051708 0.441364 0.053853 0.444591 0.058798 0.445863 0.063794 0.444158 0.064972 0.441375 0.064623 0.436817 0.062918 0.433365 0.059706 0.431279
0 0.030205 0.458638 0.027166 0.460566 0.025475 0.464193 0.025887 0.468219 0.028032 0.471448 0.032978 0.472719 0.037973 0.471014 0.039151 0.468231 0.038802 0.463673 0.037097 0.460221 0.033885 0.458135
0 0.020994 0.442820 0.017955 0.444748 0.016264 0.448375 0.016676 0.452401 0.018821 0.455629 0.023767 0.456901 0.028762 0.455195 0.029940 0.452413 0.029591 0.447855 0.027886 0.444403 0.024674 0.442316
0 0.049173 0.449312 0.046134 0.451240 0.044443 0.454868 0.044855 0.458893 0.047000 0.462122 0.051945 0.463394 0.056941 0.461688 0.058119 0.458905 0.057770 0.454347 0.056065 0.450895 0.052853 0.448809
0 0.073172 0.470114 0.070133 0.472042 0.068441 0.475669 0.068853 0.479695 0.070999 0.482923 0.075944 0.484195 0.080940 0.482490 0.082118 0.479707 0.081769 0.475149 0.080064 0.471697 0.076852 0.469610
0 0.017092 0.480085 0.014053 0.482013 0.012361 0.485641 0.012773 0.489667 0.014919 0.492895 0.019864 0.494167 0.024860 0.492461 0.026038 0.489679 0.025688 0.485121 0.023984 0.481668 0.020772 0.479583
0 0.088479 0.419910 0.085440 0.421837 0.083748 0.425465 0.084160 0.429491 0.086306 0.432719 0.091251 0.433991 0.096247 0.432285 0.097425 0.429503 0.097076 0.424945 0.095370 0.421493 0.092159 0.419407
0 0.020759 0.347383 0.017720 0.349311 0.016028 0.352938 0.016440 0.356964 0.018586 0.360193 0.023531 0.361464 0.028527 0.359759 0.029705 0.356976 0.029356 0.352418 0.027651 0.348966 0.024439 0.346879
0 0.004340 0.347911 0.001300 0.349839 0.000000 0.353467 0.000021 0.357493 0.002166 0.360721 0.007111 0.361993 0.012107 0.360287 0.013285 0.357505 0.012936 0.352947 0.011231 0.349494 0.008019 0.347408
0 0.000000 0.338944 0.000000 0.340873 0.000000 0.344500 0.000000 0.348526 0.000000 0.351754 0.000000 0.353026 0.000000 0.351320 0.000000 0.348538 0.000000 0.343980 0.000000 0.340528 0.000000 0.338441
0 0.115478 0.355153 0.112439 0.357081 0.110747 0.360708 0.111160 0.364734 0.113305 0.367962 0.118250 0.369234 0.123246 0.367528 0.124424 0.364746 0.124075 0.360188 0.122370 0.356736 0.119158 0.354650
0 0.084283 0.300328 0.081244 0.302256 0.079552 0.305883 0.079964 0.309909 0.082110 0.313137 0.087055 0.314409 0.092051 0.312703 0.093229 0.309921 0.092880 0.305363 0.091175 0.301911 0.087963 0.299825
0 0.100126 0.290063 0.097087 0.291991 0.095395 0.295618 0.095807 0.299644 0.097953 0.302872 0.102898 0.304144 0.107894 0.302438 0.109071 0.299656 0.108722 0.295098 0.107017 0.291646 0.103806 0.289560
0 0.108417 0.460464 0.105378 0.462392 0.103686 0.466019 0.104099 0.470045 0.106244 0.473273 0.111189 0.474545 0.116185 0.472839 0.117363 0.470057 0.117014 0.465499 0.115309 0.462047 0.112097 0.459961
0 0.016293 0.536902 0.013253 0.538830 0.011562 0.542457 0.011974 0.546483 0.014119 0.549712 0.019064 0.550984 0.024060 0.549278 0.025239 0.546495 0.024889 0.541937 0.023185 0.538485 0.019973 0.536399
0 0.067775 0.547806 0.064735 0.549733 0.063044 0.553361 0.063456 0.557387 0.065601 0.560615 0.070546 0.561887 0.075542 0.560181 0.076720 0.557399 0.076371 0.552841 0.074667 0.549389 0.071455 0.547303
0 0.128439 0.562601 0.125400 0.564529 0.123709 0.568156 0.124121 0.572182 0.126266 0.575410 0.131211 0.576682 0.136207 0.574976 0.137385 0.572194 0.137036 0.567636 0.135331 0.564184 0.132119 0.562098
0 0.046444 0.555389 0.043404 0.557318 0.041713 0.560945 0.042125 0.564971 0.044270 0.568199 0.049215 0.569471 0.054211 0.567765 0.055389 0.564983 0.055040 0.560425 0.053336 0.556973 0.050123 0.554886
0 0.005147 0.517520 0.002108 0.519447 0.000416 0.523075 0.000829 0.527101 0.002974 0.530329 0.007919 0.531601 0.012915 0.529895 0.014093 0.527113 0.013744 0.522555 0.012039 0.519102 0.008827 0.517017
0 0.177951 0.549761 0.174912 0.551689 0.173220 0.555316 0.173632 0.559342 0.175778 0.562570 0.180723 0.563842 0.185719 0.562136 0.186896 0.559354 0.186547 0.554796 0.184842 0.551344 0.181631 0.549258
0 0.224232 0.609811 0.221193 0.611739 0.219501 0.615367 0.219914 0.619392 0.222059 0.622620 0.227004 0.623892 0.232000 0.622186 0.233178 0.619404 0.232828 0.614846 0.231124 0.611394 0.227912 0.609308
0 0.261543 0.635927 0.258504 0.637855 0.256813 0.641483 0.257225 0.645508 0.259370 0.648737 0.264316 0.650009 0.269311 0.648303 0.270489 0.645520 0.270140 0.640962 0.268435 0.637510 0.265223 0.635424
0 0.312283 0.634700 0.309244 0.636628 0.307552 0.640255 0.307965 0.644281 0.310110 0.647509 0.315055 0.648781 0.320051 0.647075 0.321229 0.644293 0.320880 0.639735 0.319175 0.636282 0.315963 0.634197
0 0.105897 0.666410 0.102858 0.668338 0.101166 0.671966 0.101579 0.675992 0.103724 0.679220 0.108669 0.680492 0.113665 0.678786 0.114843 0.676003 0.114494 0.671445 0.112789 0.667993 0.109577 0.665907
0 0.108638 0.615956 0.105599 0.617884 0.103908 0.621511 0.104320 0.625537 0.106465 0.628766 0.111411 0.630037 0.116406 0.628332 0.117584 0.625549 0.117235 0.620991 0.115530 0.617539 0.112318 0.615452
0 0.035325 0.675165 0.032285 0.677092 0.030594 0.680720 0.031006 0.684746 0.033151 0.687974 0.038097 0.689246 0.043092 0.687540 0.044270 0.684758 0.043921 0.680200 0.042216 0.676747 0.039005 0.674662
0 0.068551 0.730212 0.065513 0.732140 0.063821 0.735768 0.064233 0.739794 0.066379 0.743022 0.071324 0.744294 0.076320 0.742588 0.077497 0.739806 0.077148 0.735248 0.075443 0.731796 0.072232 0.729710
0 0.248755 0.729113 0.245717 0.731041 0.244025 0.734669 0.244437 0.738694 0.246582 0.741922 0.251528 0.743194 0.256524 0.741489 0.257701 0.738706 0.257352 0.734148 0.255647 0.730696 0.252436 0.728610
0 0.188348 0.711947 0.185309 0.713875 0.183617 0.717503 0.184029 0.721529 0.186175 0.724757 0.191120 0.726029 0.196116 0.724323 0.197294 0.721541 0.196945 0.716982 0.195240 0.713530 0.192028 0.711444
0 0.202223 0.698509 0.199184 0.700437 0.197492 0.704064 0.197905 0.708090 0.200050 0.711318 0.204995 0.712590 0.209991 0.710885 0.211169 0.708102 0.210819 0.703544 0.209115 0.700092 0.205903 0.698006
0 0.042468 0.747538 0.039429 0.749466 0.037738 0.753094 0.038150 0.757119 0.040295 0.760348 0.045241 0.761619 0.050236 0.759914 0.051414 0.757131 0.051065 0.752573 0.049360 0.749121 0.046149 0.747035
0 0.059285 0.757014 0.056246 0.758942 0.054554 0.762570 0.054966 0.766596 0.057112 0.769824 0.062057 0.771096 0.067053 0.769390 0.068231 0.766608 0.067882 0.762049 0.066177 0.758597 0.062965 0.756511
0 0.157802 0.759621 0.154763 0.761549 0.153071 0.765176 0.153484 0.769202 0.155629 0.772430 0.160574 0.773702 0.165570 0.771996 0.166748 0.769214 0.166398 0.764656 0.164694 0.761204 0.161482 0.759117
0 0.196025 0.795088 0.192987 0.797016 0.191295 0.800644 0.191707 0.804670 0.193853 0.807898 0.198798 0.809170 0.203794 0.807464 0.204971 0.804681 0.204622 0.800123 0.202917 0.796671 0.199706 0.794585
0 0.239037 0.792618 0.235998 0.794545 0.234306 0.798173 0.234718 0.802199 0.236864 0.805427 0.241809 0.806699 0.246805 0.804993 0.247982 0.802211 0.247633 0.797653 0.245928 0.794200 0.242717 0.792115
0 0.201136 0.813673 0.198097 0.815601 0.196405 0.819229 0.196817 0.823255 0.198963 0.826483 0.203908 0.827755 0.208904 0.826049 0.210082 0.823266 0.209733 0.818708 0.208027 0.815256 0.204816 0.813170
0 0.075040 0.801437 0.072001 0.803365 0.070309 0.806993 0.070721 0.811019 0.072867 0.814247 0.077735 0.815004 0.082808 0.813813 0.083986 0.811031 0.083636 0.806472 0.081931 0.803021 0.078720 0.800934
0 0.291996 0.779270 0.288957 0.781198 0.287265 0.784825 0.287678 0.788851 0.289823 0.792080 0.294691 0.792836 0.299764 0.791646 0.300942 0.788863 0.300593 0.784305 0.298888 0.780853 0.295676 0.778766
0 0.320377 0.705031 0.317338 0.706959 0.315646 0.710586 0.316058 0.714612 0.318204 0.717840 0.323072 0.718597 0.328145 0.717406 0.329323 0.714624 0.328974 0.710066 0.327269 0.706614 0.324057 0.704527
0 0.344630 0.686147 0.341591 0.688075 0.339900 0.691703 0.340312 0.695729 0.342457 0.698957 0.347325 0.699713 0.352398 0.698523 0.353576 0.695740 0.353227 0.691182 0.351522 0.687730 0.348310 0.685644
0 0.344188 0.710369 0.341148 0.712298 0.339457 0.715925 0.339869 0.719951 0.342014 0.723179 0.346882 0.723936 0.351955 0.722745 0.353133 0.719963 0.352784 0.715405 0.351080 0.711953 0.347868 0.709867
0 0.192688 0.736512 0.189649 0.738439 0.187958 0.742067 0.188370 0.746093 0.190515 0.749321 0.195383 0.750078 0.200456 0.748887 0.201634 0.746105 0.201285 0.741547 0.199580 0.738095 0.196368 0.736009
0 0.387884 0.707139 0.384846 0.709066 0.383154 0.712694 0.383566 0.716720 0.385711 0.719948 0.390580 0.720705 0.395652 0.719514 0.396830 0.716732 0.396481 0.712174 0.394776 0.708721 0.391564 0.706635
0 0.381192 0.681450 0.378153 0.683378 0.376461 0.687006 0.376873 0.691032 0.379018 0.694260 0.383887 0.695017 0.388959 0.693826 0.390138 0.691044 0.389788 0.686485 0.388084 0.683033 0.384872 0.680947
0 0.365305 0.675627 0.362265 0.677555 0.360574 0.681183 0.360986 0.685208 0.363131 0.688437 0.368000 0.689193 0.373072 0.688003 0.374251 0.685220 0.373901 0.680662 0.372197 0.677210 0.368985 0.675124
0 0.365624 0.727713 0.362585 0.729641 0.360893 0.733269 0.361306 0.737294 0.363451 0.740523 0.368319 0.741279 0.373392 0.740089 0.374570 0.737306 0.374220 0.732748 0.372516 0.729296 0.369304 0.727210
0 0.394921 0.653093 0.391882 0.655021 0.390191 0.658649 0.390603 0.662675 0.392748 0.665903 0.397617 0.666660 0.402689 0.665469 0.403867 0.662687 0.403518 0.658129 0.401813 0.654676 0.398601 0.652590
0 0.101556 0.796726 0.098517 0.798654 0.096825 0.802282 0.097237 0.806308 0.099383 0.809536 0.104251 0.810293 0.109324 0.809102 0.110502 0.806319 0.110153 0.801761 0.108448 0.798309 0.105236 0.796223
0 0.432880 0.668895 0.429841 0.670823 0.428149 0.674451 0.428561 0.678476 0.430707 0.681705 0.435575 0.682461 0.440648 0.681271 0.441826 0.678488 0.441477 0.673930 0.439771 0.670478 0.436560 0.668392
0 0.467540 0.690298 0.464500 0.692227 0.462809 0.695854 0.463221 0.699880 0.465366 0.703108 0.470235 0.703865 0.475307 0.702675 0.476485 0.699892 0.476136 0.695334 0.474432 0.691882 0.471220 0.689796
0 0.475878 0.657740 0.472839 0.659668 0.471147 0.663295 0.471559 0.667321 0.473704 0.670549 0.478573 0.671306 0.483645 0.670115 0.484824 0.667333 0.484475 0.662775 0.482770 0.659323 0.479558 0.657237
0 0.430164 0.644458 0.427124 0.646386 0.425433 0.650014 0.425845 0.654039 0.427990 0.657268 0.432859 0.658025 0.437931 0.656834 0.439109 0.654051 0.438760 0.649493 0.437056 0.646041 0.433843 0.643955
0 0.350559 0.580292 0.347520 0.582220 0.345828 0.585847 0.346240 0.589873 0.348386 0.593101 0.353254 0.593858 0.358327 0.592668 0.359504 0.589885 0.359155 0.585327 0.357450 0.581875 0.354239 0.579789
0 0.589978 0.620449 0.586939 0.622377 0.585247 0.626005 0.585659 0.630031 0.587805 0.633259 0.592673 0.634016 0.597746 0.632825 0.598924 0.630042 0.598575 0.625484 0.596870 0.622033 0.593658 0.619946
0 0.408421 0.764456 0.405382 0.766385 0.403691 0.770012 0.404103 0.774038 0.406248 0.777266 0.411116 0.778023 0.416189 0.776832 0.417367 0.774050 0.417018 0.769492 0.415313 0.766040 0.412101 0.763953
0 0.583295 0.734231 0.580256 0.736159 0.578564 0.739786 0.578976 0.743812 0.581122 0.747040 0.585990 0.747797 0.591063 0.746606 0.592241 0.743824 0.591891 0.739266 0.590186 0.735814 0.586975 0.733728
0 0.539304 0.667413 0.536265 0.669341 0.534573 0.672969 0.534986 0.676995 0.537131 0.680223 0.541999 0.680979 0.547072 0.679789 0.548250 0.677006 0.547901 0.672448 0.546196 0.668996 0.542984 0.666910
0 0.623507 0.641021 0.620467 0.642948 0.618776 0.646576 0.619188 0.650602 0.621333 0.653830 0.626202 0.654587 0.631274 0.653396 0.632452 0.650614 0.632104 0.646056 0.630398 0.642603 0.627187 0.640518
0 0.581596 0.636901 0.578557 0.638829 0.576866 0.642457 0.577278 0.646482 0.579423 0.649711 0.584291 0.650467 0.589364 0.649277 0.590542 0.646494 0.590193 0.641936 0.588488 0.638484 0.585276 0.636398
0 0.582545 0.603744 0.579506 0.605672 0.577815 0.609300 0.578227 0.613326 0.580372 0.616554 0.585240 0.617311 0.590313 0.616120 0.591491 0.613338 0.591142 0.608779 0.589437 0.605327 0.586225 0.603241
0 0.511567 0.567968 0.508528 0.569896 0.506837 0.573524 0.507249 0.577549 0.509394 0.580777 0.514262 0.581534 0.519335 0.580343 0.520513 0.577561 0.520164 0.573003 0.518459 0.569551 0.515247 0.567465
0 0.623645 0.666101 0.620606 0.668028 0.618915 0.671656 0.619326 0.675682 0.621472 0.678910 0.626340 0.679667 0.631413 0.678476 0.632591 0.675694 0.632242 0.671136 0.630537 0.667683 0.627325 0.665598
0 0.391426 0.573920 0.388386 0.575849 0.386695 0.579476 0.387107 0.583502 0.389252 0.586730 0.394120 0.587487 0.399193 0.586296 0.400371 0.583513 0.400022 0.578955 0.398317 0.575503 0.395106 0.573417
0 0.648099 0.696888 0.645061 0.698816 0.643369 0.702443 0.643781 0.706469 0.645926 0.709697 0.650795 0.710454 0.655867 0.709264 0.657045 0.706481 0.656696 0.701923 0.654991 0.698471 0.651779 0.696385
0 0.665276 0.699012 0.662237 0.700940 0.660546 0.704568 0.660958 0.708594 0.663103 0.711822 0.667971 0.712578 0.673044 0.711388 0.674222 0.708605 0.673873 0.704047 0.672168 0.700595 0.668956 0.698509
0 0.637580 0.734610 0.634541 0.736538 0.632850 0.740165 0.633262 0.744191 0.635407 0.747420 0.640276 0.748176 0.645348 0.746986 0.646526 0.744203 0.646177 0.739645 0.644472 0.736193 0.641261 0.734107
0 0.628991 0.720640 0.625951 0.722568 0.624260 0.726196 0.624672 0.730221 0.626817 0.733450 0.631686 0.734206 0.636758 0.733016 0.637937 0.730233 0.637588 0.725675 0.635883 0.722223 0.632671 0.720137
0 0.614582 0.752347 0.611543 0.754275 0.609852 0.757903 0.610263 0.761929 0.612409 0.765157 0.617277 0.765914 0.622350 0.764723 0.623528 0.761941 0.623179 0.757383 0.621474 0.753930 0.618262 0.751845
0 0.576306 0.753004 0.573267 0.754933 0.571576 0.758560 0.571988 0.762586 0.574133 0.765814 0.578924 0.766056 0.584060 0.765288 0.585252 0.762598 0.584903 0.758040 0.583198 0.754588 0.579986 0.752502
0 0.673140 0.656533 0.670101 0.658461 0.668410 0.662088 0.668822 0.666114 0.670967 0.669342 0.675758 0.669584 0.680894 0.668816 0.682086 0.666126 0.681737 0.661568 0.680032 0.658116 0.676820 0.656030
0 0.684189 0.601430 0.681149 0.603358 0.679458 0.606986 0.679870 0.611011 0.682015 0.614240 0.686806 0.614481 0.691942 0.613713 0.693134 0.611023 0.692785 0.606465 0.691081 0.603013 0.687869 0.600927
0 0.675643 0.682089 0.672604 0.684017 0.670913 0.687645 0.671325 0.691670 0.673470 0.694898 0.678616 0.696085 0.683397 0.694372 0.684589 0.691683 0.684240 0.687124 0.682535 0.683672 0.679323 0.681586
0 0.714698 0.700900 0.711659 0.702828 0.709967 0.706456 0.710379 0.710482 0.712525 0.713710 0.717671 0.714896 0.722452 0.713183 0.723644 0.710494 0.723294 0.705936 0.721590 0.702483 0.718378 0.700397
0 0.731809 0.693959 0.728770 0.695886 0.727078 0.699514 0.727491 0.703540 0.729636 0.706768 0.734782 0.707954 0.739563 0.706241 0.740755 0.703552 0.740405 0.698994 0.738701 0.695541 0.735489 0.693455
0 0.741721 0.625103 0.738682 0.627031 0.736990 0.630659 0.737402 0.634684 0.739547 0.637913 0.744694 0.639099 0.749475 0.637386 0.750667 0.634697 0.750318 0.630139 0.748613 0.626686 0.745401 0.624600
0 0.700294 0.623587 0.697254 0.625515 0.695563 0.629142 0.695975 0.633168 0.698120 0.636397 0.703267 0.637582 0.708047 0.635870 0.709240 0.633180 0.708890 0.628622 0.707185 0.625170 0.703974 0.623084
0 0.735978 0.609265 0.732939 0.611193 0.731248 0.614821 0.731660 0.618846 0.733805 0.622075 0.738952 0.623261 0.743732 0.621548 0.744924 0.618858 0.744575 0.614300 0.742870 0.610848 0.739658 0.608762
0 0.810759 0.690799 0.807720 0.692727 0.806028 0.696355 0.806440 0.700380 0.808586 0.703609 0.813732 0.704795 0.818513 0.703082 0.819705 0.700392 0.819355 0.695835 0.817651 0.692382 0.814439 0.690296
0 0.772044 0.679833 0.769005 0.681761 0.767313 0.685389 0.767725 0.689414 0.769870 0.692643 0.775017 0.693829 0.779798 0.692116 0.780990 0.689426 0.780641 0.684869 0.778936 0.681416 0.775724 0.679330
0 0.923415 0.639001 0.920376 0.640930 0.918685 0.644557 0.919097 0.648583 0.921242 0.651811 0.926389 0.652997 0.931169 0.651285 0.932361 0.648595 0.932012 0.644037 0.930307 0.640585 0.927095 0.638499
0 0.919555 0.602195 0.916515 0.604123 0.914824 0.607751 0.915236 0.611776 0.917381 0.615005 0.922528 0.616191 0.927308 0.614478 0.928501 0.611788 0.928152 0.607230 0.926447 0.603778 0.923235 0.601692
0 0.961569 0.632305 0.958530 0.634232 0.956838 0.637860 0.957251 0.641886 0.959396 0.645114 0.964542 0.646300 0.969323 0.644587 0.970515 0.641898 0.970166 0.637340 0.968461 0.633888 0.965249 0.631801
0 0.965086 0.677693 0.962047 0.679621 0.960356 0.683249 0.960767 0.687275 0.962913 0.690503 0.968059 0.691689 0.972840 0.689977 0.974032 0.687287 0.973683 0.682729 0.971978 0.679276 0.968766 0.677191
0 0.995606 0.580051 0.992566 0.581980 0.990875 0.585607 0.991287 0.589633 0.993432 0.592861 0.998397 0.594047 0.998397 0.592334 0.998397 0.589645 0.998397 0.585086 0.998397 0.581635 0.998397 0.579548
0 0.998397 0.691235 0.998397 0.693163 0.998397 0.696791 0.998397 0.700816 0.998397 0.704044 0.998397 0.705231 0.998397 0.703518 0.998397 0.700828 0.998397 0.696270 0.998397 0.692818 0.998397 0.690732
0 0.945504 0.586071 0.942465 0.587999 0.940774 0.591627 0.941186 0.595652 0.943331 0.598881 0.948454 0.599908 0.953258 0.598354 0.954450 0.595665 0.954101 0.591107 0.952396 0.587654 0.949184 0.585568
0 0.966795 0.529635 0.963756 0.531563 0.962065 0.535191 0.962477 0.539217 0.964622 0.542445 0.969745 0.543473 0.974549 0.541918 0.975741 0.539228 0.975392 0.534670 0.973687 0.531218 0.970475 0.529132
0 0.907070 0.489603 0.904030 0.491531 0.902339 0.495159 0.902751 0.499185 0.904896 0.502413 0.910019 0.503440 0.914823 0.501886 0.916015 0.499196 0.915666 0.494638 0.913962 0.491186 0.910749 0.489100
0 0.851590 0.578725 0.848551 0.580653 0.846859 0.584280 0.847271 0.588306 0.849416 0.591534 0.854539 0.592562 0.859344 0.591007 0.860535 0.588318 0.860186 0.583759 0.858482 0.580308 0.855269 0.578221
0 0.993546 0.471234 0.990507 0.473162 0.988815 0.476789 0.989227 0.480815 0.991373 0.484043 0.996495 0.485071 0.998397 0.483517 0.998397 0.480827 0.998397 0.476269 0.998397 0.472817 0.997226 0.470731
0 0.978406 0.516082 0.975368 0.518010 0.973676 0.521638 0.974088 0.525664 0.976234 0.528892 0.981356 0.529919 0.986161 0.528365 0.987163 0.525704 0.986488 0.521194 0.985299 0.517665 0.982087 0.515579
0 0.996266 0.538540 0.993227 0.540468 0.991536 0.544095 0.991948 0.548121 0.994093 0.551350 0.998397 0.552377 0.998397 0.550823 0.998397 0.548161 0.998397 0.543652 0.998397 0.540123 0.998397 0.538037
0 0.968916 0.463518 0.965876 0.465446 0.964185 0.469074 0.964597 0.473099 0.966742 0.476328 0.971865 0.477355 0.976669 0.475801 0.977672 0.473140 0.976997 0.468630 0.975807 0.465101 0.972596 0.463015
0 0.783131 0.630998 0.780091 0.632927 0.778400 0.636554 0.778812 0.640580 0.780957 0.643808 0.786080 0.644836 0.790884 0.643281 0.791886 0.640620 0.791212 0.636111 0.790022 0.632582 0.786811 0.630495
0 0.612755 0.654326 0.609716 0.656254 0.608024 0.659882 0.608436 0.663908 0.610581 0.667136 0.615704 0.668163 0.620508 0.666609 0.621511 0.663948 0.620837 0.659438 0.619647 0.655909 0.616435 0.653823
0 0.512658 0.523706 0.509619 0.525634 0.507927 0.529262 0.508340 0.533288 0.510485 0.536516 0.515608 0.537543 0.520412 0.535989 0.521414 0.533328 0.520740 0.528818 0.519550 0.525289 0.516338 0.523203
0 0.472097 0.512068 0.469058 0.513995 0.467367 0.517623 0.467778 0.521649 0.469364 0.524066 0.477011 0.522482 0.479680 0.520428 0.479965 0.516251 0.478820 0.513391 0.475777 0.511565
0 0.638419 0.496922 0.635380 0.498849 0.633689 0.502477 0.634101 0.506503 0.636246 0.509731 0.641369 0.510759 0.646173 0.509204 0.647175 0.506543 0.646501 0.502034 0.645311 0.498504 0.642099 0.496418
0 0.671724 0.458204 0.668685 0.460132 0.666993 0.463760 0.667406 0.467785 0.669550 0.471013 0.674673 0.472041 0.679478 0.470487 0.680480 0.467826 0.679805 0.463316 0.678616 0.459787 0.675404 0.457701
0 0.723509 0.392697 0.719584 0.394617 0.717375 0.399089 0.717577 0.403726 0.720017 0.407362 0.723824 0.409175 0.729335 0.408791 0.733302 0.405651 0.734931 0.402089 0.734223 0.397307 0.731228 0.393474 0.727713 0.392173
0 0.739533 0.347590 0.735608 0.349511 0.733399 0.353983 0.733601 0.358620 0.736041 0.362256 0.739848 0.364069 0.745359 0.363685 0.749327 0.360544 0.750955 0.356983 0.750248 0.352201 0.747252 0.348368 0.743737 0.347067
0 0.755359 0.312844 0.751433 0.314765 0.749224 0.319236 0.749427 0.323874 0.751866 0.327510 0.755674 0.329323 0.761184 0.328939 0.765152 0.325798 0.766780 0.322237 0.766073 0.317455 0.763078 0.313621 0.759562 0.312321
0 0.648015 0.413179 0.644091 0.415100 0.641881 0.419572 0.642084 0.424209 0.644523 0.427845 0.648331 0.429658 0.653841 0.429274 0.657809 0.426133 0.659437 0.422572 0.658730 0.417790 0.655735 0.413957 0.652219 0.412656
0 0.795073 0.387567 0.791148 0.389487 0.788939 0.393959 0.789141 0.398597 0.791581 0.402232 0.795388 0.404045 0.800899 0.403662 0.804867 0.400521 0.806495 0.396960 0.805788 0.392178 0.802792 0.388344 0.799277 0.387043
0 0.804652 0.420506 0.800727 0.422427 0.798518 0.426898 0.798720 0.431536 0.801160 0.435172 0.804967 0.436984 0.810478 0.436601 0.814446 0.433460 0.816074 0.429898 0.815367 0.425117 0.812371 0.421283 0.808856 0.419982
0 0.826274 0.428758 0.822349 0.430678 0.820140 0.435150 0.820343 0.439787 0.822782 0.443423 0.826589 0.445235 0.832100 0.444852 0.836068 0.441711 0.837696 0.438150 0.836989 0.433368 0.833994 0.429534 0.830478 0.428233
0 0.830701 0.459130 0.826776 0.461050 0.824567 0.465522 0.824769 0.470159 0.827208 0.473795 0.831016 0.475608 0.836526 0.475224 0.840494 0.472084 0.842122 0.468523 0.841416 0.463740 0.838420 0.459907 0.834904 0.458606
0 0.866180 0.397445 0.862256 0.399366 0.860046 0.403838 0.860248 0.408475 0.862688 0.412111 0.866495 0.413924 0.872006 0.413540 0.875974 0.410399 0.877603 0.406838 0.876895 0.402056 0.873900 0.398222 0.870384 0.396921
0 0.854505 0.342497 0.850580 0.344418 0.848371 0.348889 0.848573 0.353527 0.851012 0.357163 0.854820 0.358975 0.860331 0.358592 0.864299 0.355451 0.865926 0.351890 0.865220 0.347108 0.862224 0.343274 0.858709 0.341973
0 0.892945 0.359040 0.889020 0.360960 0.886811 0.365432 0.887013 0.370069 0.889453 0.373705 0.893260 0.375518 0.898770 0.375134 0.902738 0.371993 0.904367 0.368433 0.903659 0.363650 0.900664 0.359817 0.897148 0.358516
0 0.936267 0.374216 0.932342 0.376137 0.930133 0.380608 0.930335 0.385246 0.932775 0.388882 0.936582 0.390695 0.942093 0.390311 0.946061 0.387170 0.947689 0.383609 0.946982 0.378827 0.943986 0.374993 0.940471 0.373692
0 0.949219 0.389327 0.945294 0.391248 0.943085 0.395719 0.943287 0.400357 0.945727 0.403993 0.949534 0.405805 0.955045 0.405422 0.959013 0.402281 0.960641 0.398720 0.959934 0.393938 0.956938 0.390104 0.953423 0.388803
0 0.949293 0.342793 0.945368 0.344714 0.943159 0.349185 0.943362 0.353823 0.945801 0.357459 0.949608 0.359271 0.955119 0.358888 0.959086 0.355747 0.960715 0.352186 0.960008 0.347404 0.957013 0.343570 0.953497 0.342269
0 0.969570 0.352676 0.965645 0.354597 0.963436 0.359069 0.963638 0.363706 0.966077 0.367342 0.969885 0.369155 0.975396 0.368771 0.979364 0.365630 0.980992 0.362069 0.980285 0.357287 0.977289 0.353454 0.973774 0.352153
0 0.961515 0.422582 0.957590 0.424503 0.955381 0.428975 0.955583 0.433612 0.958022 0.437248 0.961830 0.439061 0.967341 0.438677 0.971309 0.435536 0.972937 0.431975 0.972230 0.427193 0.969234 0.423360 0.965719 0.422058
0 0.840456 0.418486 0.836531 0.420406 0.834322 0.424878 0.834524 0.429516 0.836964 0.433151 0.840771 0.434964 0.846282 0.434580 0.850250 0.431440 0.851878 0.427878 0.851171 0.423096 0.848175 0.419263 0.844660 0.417962
0 0.924996 0.443548 0.921071 0.445468 0.918862 0.449940 0.919064 0.454577 0.921504 0.458213 0.925311 0.460026 0.930822 0.459643 0.934789 0.456502 0.936418 0.452941 0.935710 0.448159 0.932715 0.444325 0.929200 0.443024
0 0.831133 0.369427 0.827209 0.371348 0.825000 0.375819 0.825202 0.380456 0.827641 0.384092 0.831448 0.385905 0.836959 0.385522 0.840927 0.382381 0.842556 0.378820 0.841848 0.374037 0.838853 0.370204 0.835337 0.368903
0 0.823252 0.293091 0.819327 0.295012 0.817118 0.299484 0.817321 0.304121 0.819760 0.307757 0.823567 0.309570 0.829078 0.309186 0.833046 0.306045 0.834674 0.302484 0.833967 0.297702 0.830971 0.293869 0.827456 0.292568
0 0.925492 0.223962 0.921567 0.225883 0.919358 0.230355 0.919560 0.234992 0.922000 0.238628 0.925806 0.240441 0.931318 0.240057 0.935285 0.236916 0.936914 0.233355 0.936206 0.228573 0.933211 0.224740 0.929696 0.223439
0 0.840870 0.172298 0.836946 0.174219 0.834736 0.178691 0.834939 0.183328 0.837378 0.186964 0.841185 0.188777 0.846696 0.188393 0.850664 0.185252 0.852292 0.181691 0.851585 0.176909 0.848590 0.173076 0.845074 0.171775
0 0.673783 0.231349 0.669859 0.233270 0.667650 0.237741 0.667852 0.242378 0.670291 0.246014 0.674098 0.247827 0.679609 0.247444 0.683577 0.244303 0.685206 0.240742 0.684498 0.235959 0.681503 0.232126 0.677987 0.230825
0 0.653035 0.199691 0.649110 0.201611 0.646901 0.206083 0.647103 0.210720 0.649543 0.214356 0.653350 0.216169 0.658860 0.215785 0.662828 0.212644 0.664457 0.209084 0.663749 0.204301 0.660754 0.200468 0.657238 0.199167
0 0.623703 0.340166 0.619778 0.342086 0.617569 0.346558 0.617771 0.351196 0.620211 0.354832 0.624018 0.356644 0.629529 0.356261 0.633497 0.353120 0.635125 0.349559 0.634418 0.344777 0.631422 0.340943 0.627907 0.339642
0 0.604159 0.231564 0.600235 0.233485 0.598026 0.237956 0.598228 0.242593 0.600667 0.246229 0.604474 0.248042 0.609985 0.247659 0.613953 0.244518 0.615582 0.240957 0.614874 0.236175 0.611879 0.232341 0.608363 0.231040
0 0.559882 0.253012 0.555958 0.254932 0.553748 0.259404 0.553951 0.264042 0.556390 0.267677 0.560197 0.269490 0.565708 0.269107 0.569676 0.265966 0.571304 0.262404 0.570597 0.257623 0.567602 0.253789 0.564086 0.252488
0 0.509870 0.402938 0.505945 0.404859 0.503736 0.409331 0.503938 0.413968 0.506377 0.417604 0.510185 0.419417 0.515696 0.419033 0.519664 0.415892 0.521292 0.412331 0.520585 0.407549 0.517589 0.403715 0.514074 0.402414
0 0.441729 0.328624 0.437805 0.330545 0.435595 0.335017 0.435798 0.339654 0.438237 0.343290 0.442045 0.345103 0.447555 0.344719 0.451523 0.341578 0.453151 0.338017 0.452444 0.333235 0.449449 0.329402 0.445933 0.328101
0 0.471057 0.332068 0.467132 0.333988 0.464923 0.338460 0.465125 0.343098 0.467565 0.346733 0.471372 0.348546 0.476883 0.348163 0.480850 0.345022 0.482479 0.341460 0.481771 0.336679 0.478776 0.332845 0.475261 0.331544
0 0.384079 0.320965 0.380155 0.322887 0.377945 0.327358 0.378147 0.331995 0.380587 0.335631 0.384394 0.337444 0.389905 0.337060 0.393873 0.333919 0.395501 0.330359 0.394794 0.325576 0.391798 0.321743 0.388283 0.320442
0 0.310014 0.305866 0.306090 0.307786 0.303880 0.312258 0.304083 0.316896 0.306522 0.320531 0.310329 0.322344 0.315840 0.321960 0.319808 0.318819 0.321436 0.315258 0.320729 0.310476 0.317733 0.306643 0.314218 0.305342
0 0.371141 0.387990 0.367216 0.389911 0.365007 0.394382 0.365209 0.399020 0.367648 0.402655 0.371456 0.404468 0.376966 0.404085 0.380935 0.400944 0.382563 0.397383 0.381856 0.392601 0.378860 0.388767 0.375344 0.387466
0 0.436576 0.408600 0.432651 0.410520 0.430442 0.414992 0.430644 0.419630 0.433083 0.423265 0.436891 0.425078 0.442402 0.424695 0.446370 0.421554 0.447998 0.417992 0.447291 0.413211 0.444295 0.409377 0.440780 0.408076
0 0.344762 0.304611 0.340838 0.306532 0.338628 0.311003 0.338831 0.315641 0.341270 0.319277 0.345077 0.321090 0.350588 0.320706 0.354556 0.317565 0.356184 0.314004 0.355477 0.309222 0.352482 0.305388 0.348966 0.304087
0 0.462854 0.455135 0.458929 0.457056 0.456720 0.461528 0.456923 0.466165 0.459362 0.469801 0.463169 0.471614 0.468680 0.471230 0.472648 0.468089 0.474276 0.464529 0.473569 0.459746 0.470573 0.455913 0.467058 0.454612
0 0.315496 0.437809 0.311572 0.439730 0.309363 0.444201 0.309565 0.448839 0.312004 0.452475 0.315811 0.454288 0.321322 0.453904 0.325290 0.450763 0.326919 0.447202 0.326211 0.442420 0.323216 0.438586 0.319700 0.437285
0 0.331089 0.458882 0.327164 0.460803 0.324955 0.465275 0.325157 0.469912 0.327597 0.473548 0.331404 0.475361 0.336915 0.474977 0.340883 0.471836 0.342511 0.468275 0.341804 0.463493 0.338808 0.459660 0.335293 0.458359
0 0.386650 0.502742 0.382726 0.504663 0.380516 0.509135 0.380718 0.513772 0.383158 0.517408 0.386965 0.519221 0.392476 0.518837 0.396444 0.515696 0.398072 0.512136 0.397365 0.507353 0.394369 0.503520 0.390854 0.502219
0 0.384156 0.538918 0.380231 0.540839 0.378022 0.545310 0.378224 0.549948 0.380664 0.553584 0.384471 0.555396 0.389981 0.555013 0.393949 0.551872 0.395578 0.548311 0.394871 0.543529 0.391875 0.539695 0.388359 0.538394
0 0.360296 0.548093 0.356371 0.550014 0.354162 0.554486 0.354365 0.559123 0.356804 0.562759 0.360611 0.564572 0.366122 0.564188 0.370090 0.561047 0.371718 0.557486 0.371011 0.552704 0.368016 0.548871 0.364500 0.547570
0 0.403262 0.559827 0.399338 0.561747 0.397129 0.566219 0.397331 0.570857 0.399770 0.574493 0.403577 0.576305 0.409088 0.575922 0.413056 0.572781 0.414684 0.569220 0.413977 0.564438 0.410982 0.560604 0.407467 0.559303
0 0.413920 0.577665 0.409996 0.579586 0.407787 0.584058 0.407989 0.588695 0.410428 0.592331 0.414235 0.594144 0.419746 0.593760 0.423714 0.590619 0.425343 0.587058 0.424635 0.582276 0.421640 0.578442 0.418124 0.577142
0 0.365535 0.569530 0.361611 0.571451 0.359402 0.575923 0.359604 0.580560 0.362043 0.584196 0.365850 0.586009 0.371361 0.585625 0.375329 0.582484 0.376958 0.578923 0.376250 0.574141 0.373255 0.570308 0.369740 0.569007
0 0.336842 0.594209 0.332918 0.596130 0.330709 0.600602 0.330911 0.605239 0.333350 0.608875 0.337157 0.610688 0.342668 0.610304 0.346636 0.607163 0.348264 0.603602 0.347557 0.598820 0.344562 0.594986 0.341046 0.593685
0 0.506533 0.595567 0.502608 0.597488 0.500398 0.601959 0.500601 0.606597 0.503040 0.610233 0.506848 0.612045 0.512358 0.611661 0.516326 0.608520 0.517955 0.604960 0.517247 0.600177 0.514252 0.596344 0.510736 0.595043
0 0.473577 0.495605 0.469653 0.497526 0.467444 0.501998 0.467646 0.506635 0.470085 0.510271 0.473892 0.512084 0.479404 0.511700 0.483371 0.508559 0.485000 0.504998 0.484292 0.500216 0.481297 0.496383 0.477782 0.495082
0 0.559376 0.467788 0.555451 0.469709 0.553242 0.474181 0.553444 0.478818 0.555883 0.482454 0.559691 0.484267 0.565201 0.483883 0.569169 0.480742 0.570798 0.477181 0.570091 0.472399 0.567095 0.468565 0.563580 0.467264
0 0.604493 0.468468 0.600569 0.470389 0.598360 0.474861 0.598562 0.479498 0.601001 0.483134 0.604808 0.484947 0.610320 0.484563 0.614287 0.481422 0.615915 0.477861 0.615208 0.473079 0.612213 0.469245 0.608698 0.467944
0 0.574084 0.432982 0.570160 0.434902 0.567951 0.439374 0.568153 0.444012 0.570592 0.447647 0.574399 0.449460 0.579910 0.449077 0.583878 0.445936 0.585506 0.442374 0.584799 0.437593 0.581804 0.433759 0.578288 0.432458
0 0.695821 0.502285 0.691895 0.504206 0.689686 0.508678 0.689889 0.513315 0.692328 0.516951 0.696136 0.518764 0.701646 0.518380 0.705614 0.515239 0.707242 0.511678 0.706535 0.506896 0.703540 0.503063 0.700024 0.501762
0 0.741903 0.538749 0.737978 0.540670 0.735768 0.545142 0.735971 0.549779 0.738410 0.553415 0.742218 0.555228 0.747728 0.554844 0.751696 0.551703 0.753325 0.548142 0.752617 0.543360 0.749622 0.539527 0.746106 0.538226
0 0.751792 0.487427 0.747867 0.489348 0.745658 0.493820 0.745861 0.498457 0.748300 0.502093 0.752107 0.503906 0.757618 0.503522 0.761586 0.500381 0.763214 0.496820 0.762507 0.492038 0.759512 0.488205 0.755996 0.486904
0 0.598824 0.384659 0.594899 0.386580 0.592690 0.391051 0.592892 0.395689 0.595332 0.399325 0.599139 0.401138 0.604650 0.400754 0.608617 0.397613 0.610246 0.394052 0.609538 0.389270 0.606543 0.385436 0.603028 0.384135
0 0.617696 0.473063 0.613772 0.474984 0.611562 0.479456 0.611765 0.484093 0.614204 0.487729 0.618011 0.489542 0.623522 0.489158 0.627490 0.486017 0.629118 0.482456 0.628411 0.477674 0.625415 0.473841 0.621900 0.472540
0 0.872415 0.506450 0.868490 0.508371 0.866281 0.512843 0.866484 0.517480 0.868923 0.521116 0.872730 0.522929 0.878241 0.522545 0.882209 0.519404 0.883837 0.515844 0.883130 0.511061 0.880135 0.507228 0.876619 0.505927
0 0.897307 0.504467 0.893383 0.506388 0.891174 0.510859 0.891376 0.515497 0.893815 0.519133 0.897622 0.520945 0.903133 0.520561 0.907101 0.517420 0.908730 0.513860 0.908022 0.509078 0.905027 0.505244 0.901511 0.503943
0 0.931779 0.516876 0.927854 0.518797 0.925645 0.523269 0.925847 0.527906 0.928287 0.531542 0.932094 0.533355 0.937605 0.532971 0.941572 0.529830 0.943201 0.526269 0.942493 0.521487 0.939498 0.517654 0.935983 0.516353
0 0.926637 0.486561 0.922712 0.488481 0.920503 0.492953 0.920706 0.497590 0.923145 0.501226 0.926952 0.503039 0.932463 0.502656 0.936431 0.499515 0.938059 0.495953 0.937352 0.491171 0.934356 0.487338 0.930841 0.486037
0 0.951535 0.493759 0.947610 0.495680 0.945401 0.500152 0.945603 0.504789 0.948043 0.508425 0.951850 0.510238 0.957361 0.509854 0.961329 0.506713 0.962957 0.503152 0.962250 0.498370 0.959254 0.494537 0.955739 0.493236
0 0.994415 0.491624 0.990490 0.493545 0.988281 0.498017 0.988483 0.502654 0.990923 0.506290 0.994730 0.508103 0.998397 0.507719 0.998397 0.504578 0.998397 0.501017 0.998397 0.496235 0.998397 0.492402 0.998397 0.491101
0 0.937075 0.555479 0.933151 0.557399 0.930941 0.561871 0.931144 0.566509 0.933583 0.570145 0.937390 0.571957 0.942901 0.571574 0.946869 0.568433 0.947990 0.564947 0.947275 0.560167 0.944795 0.556256 0.941279 0.554955
0 0.819020 0.582891 0.815095 0.584812 0.812886 0.589284 0.813089 0.593921 0.815528 0.597557 0.819335 0.599370 0.824846 0.598986 0.828813 0.595845 0.829935 0.592360 0.829219 0.587579 0.826740 0.583669 0.823224 0.582368
0 0.847734 0.559429 0.843809 0.561350 0.841600 0.565821 0.841802 0.570459 0.844242 0.574094 0.848049 0.575907 0.853560 0.575524 0.857527 0.572383 0.858649 0.568898 0.857933 0.564117 0.855454 0.560206 0.851938 0.558905
0 0.825174 0.544615 0.821250 0.546536 0.819041 0.551007 0.819243 0.555644 0.821682 0.559280 0.825489 0.561093 0.831000 0.560710 0.834968 0.557569 0.836089 0.554084 0.835374 0.549302 0.832894 0.545392 0.829378 0.544091
0 0.745662 0.427340 0.741738 0.429261 0.739529 0.433733 0.739731 0.438370 0.742170 0.442006 0.745977 0.443819 0.751488 0.443435 0.755456 0.440294 0.756577 0.436809 0.755862 0.432028 0.753382 0.428118 0.749866 0.426817
0 0.896193 0.547509 0.892268 0.549429 0.890059 0.553901 0.890262 0.558538 0.892701 0.562174 0.896508 0.563987 0.902019 0.563604 0.905987 0.560463 0.907108 0.556977 0.906393 0.552197 0.903912 0.548286 0.900397 0.546985
0 0.838223 0.680038 0.834299 0.681959 0.832090 0.686431 0.832292 0.691068 0.834731 0.694704 0.838538 0.696517 0.844050 0.696133 0.848017 0.692992 0.849138 0.689507 0.848423 0.684726 0.845943 0.680816 0.842428 0.679515
0 0.916552 0.686473 0.912627 0.688394 0.910418 0.692865 0.910620 0.697503 0.913060 0.701139 0.916866 0.702952 0.922378 0.702568 0.926345 0.699427 0.927466 0.695942 0.926751 0.691161 0.924271 0.687250 0.920755 0.685950
0 0.803016 0.644823 0.799092 0.646744 0.796883 0.651216 0.797085 0.655853 0.799524 0.659489 0.803331 0.661302 0.808842 0.660918 0.812810 0.657777 0.813931 0.654293 0.813216 0.649511 0.810736 0.645601 0.807221 0.644300
0 0.993223 0.675463 0.990184 0.677392 0.988493 0.681019 0.988905 0.685045 0.991050 0.688273 0.996144 0.689110 0.998397 0.687747 0.998397 0.685057 0.998397 0.680499 0.998397 0.677047 0.996903 0.674961
0 0.991706 0.639330 0.988667 0.641258 0.986975 0.644886 0.987387 0.648912 0.989533 0.652140 0.994627 0.652977 0.998397 0.651613 0.998397 0.648923 0.998397 0.644365 0.998397 0.640913 0.995386 0.638827
0 0.793468 0.701598 0.790428 0.703526 0.788737 0.707154 0.789149 0.711180 0.791294 0.714408 0.796389 0.715244 0.801221 0.713881 0.802414 0.711192 0.802064 0.706634 0.800359 0.703181 0.797148 0.701095
0 0.998397 0.628946 0.998397 0.630874 0.998397 0.634501 0.998397 0.638528 0.998397 0.641756 0.998397 0.642941 0.998397 0.641229 0.998397 0.638539 0.998397 0.633981 0.998397 0.630529 0.998397 0.628443
0 0.998397 0.662262 0.998397 0.664190 0.998397 0.667818 0.998397 0.671844 0.998397 0.675072 0.998397 0.676258 0.998397 0.674545 0.998397 0.671855 0.998397 0.667298 0.998397 0.663845 0.998397 0.661759
0 0.877409 0.546721 0.874369 0.548649 0.872678 0.552276 0.873090 0.556302 0.875235 0.559530 0.880381 0.560716 0.885162 0.559004 0.886354 0.556314 0.886005 0.551756 0.884301 0.548304 0.881088 0.546218
0 0.956227 0.654124 0.952303 0.656044 0.950094 0.660516 0.950296 0.665153 0.952735 0.668789 0.956542 0.670602 0.962053 0.670219 0.966021 0.667078 0.967142 0.663592 0.966427 0.658811 0.963947 0.654901 0.960431 0.653600
0 0.763589 0.624503 0.759664 0.626424 0.757455 0.630896 0.757657 0.635533 0.760096 0.639169 0.763904 0.640982 0.769415 0.640598 0.773383 0.637457 0.774504 0.633972 0.773788 0.629191 0.771308 0.625280 0.767793 0.623980
0 0.740725 0.675580 0.736800 0.677501 0.734591 0.681972 0.734793 0.686610 0.737233 0.690246 0.741040 0.692058 0.746551 0.691675 0.750519 0.688534 0.751640 0.685049 0.750925 0.680268 0.748444 0.676357 0.744929 0.675056
0 0.763592 0.602583 0.759667 0.604503 0.757458 0.608975 0.757660 0.613613 0.760099 0.617248 0.763906 0.619061 0.769418 0.618678 0.773385 0.615537 0.774506 0.612051 0.773791 0.607271 0.771311 0.603360 0.767796 0.602059
0 0.687026 0.642155 0.683101 0.644076 0.680891 0.648547 0.681094 0.653184 0.683533 0.656820 0.687340 0.658633 0.692851 0.658249 0.696819 0.655108 0.697940 0.651624 0.697225 0.646842 0.694745 0.642932 0.691229 0.641631
0 0.615889 0.701039 0.611964 0.702960 0.609755 0.707432 0.609957 0.712069 0.612397 0.715705 0.616204 0.717518 0.621714 0.717134 0.625682 0.713993 0.626804 0.710508 0.626088 0.705727 0.623608 0.701816 0.620092 0.700516
0 0.766637 0.564558 0.762712 0.566479 0.760503 0.570950 0.760705 0.575587 0.763144 0.579223 0.766952 0.581036 0.772463 0.580652 0.776431 0.577511 0.777552 0.574027 0.776837 0.569245 0.774356 0.565335 0.770841 0.564034
0 0.663373 0.596791 0.659448 0.598712 0.657239 0.603184 0.657441 0.607821 0.659881 0.611457 0.663688 0.613270 0.669199 0.612886 0.673167 0.609745 0.674288 0.606260 0.673573 0.601479 0.671093 0.597569 0.667577 0.596268
0 0.695433 0.708037 0.691509 0.709958 0.689300 0.714429 0.689502 0.719066 0.691941 0.722702 0.695748 0.724515 0.701260 0.724131 0.705227 0.720991 0.706348 0.717506 0.705633 0.712724 0.703153 0.708814 0.699638 0.707513
0 0.566282 0.714835 0.562358 0.716756 0.560149 0.721227 0.560351 0.725864 0.562790 0.729500 0.566597 0.731313 0.572108 0.730929 0.576076 0.727789 0.577197 0.724304 0.576482 0.719522 0.574002 0.715612 0.570486 0.714311
0 0.522216 0.642472 0.518291 0.644393 0.516082 0.648865 0.516284 0.653502 0.518723 0.657138 0.522531 0.658951 0.528042 0.658567 0.532010 0.655426 0.533131 0.651941 0.532416 0.647160 0.529935 0.643250 0.526420 0.641949
0 0.515980 0.624434 0.512055 0.626355 0.509846 0.630827 0.510048 0.635464 0.512488 0.639100 0.516295 0.640913 0.521806 0.640529 0.525773 0.637388 0.526894 0.633903 0.526179 0.629122 0.523699 0.625212 0.520184 0.623911
0 0.553580 0.626411 0.549655 0.628332 0.547446 0.632804 0.547649 0.637441 0.550088 0.641077 0.553895 0.642890 0.559406 0.642506 0.563374 0.639365 0.564495 0.635880 0.563780 0.631099 0.561299 0.627189 0.557784 0.625887
0 0.690565 0.542470 0.691242 0.552356 0.696203 0.557499 0.702736 0.558840 0.710172 0.557282 0.714527 0.553598 0.716753 0.548807 0.715622 0.541842 0.711585 0.536918 0.707565 0.534487 0.701272 0.533556 0.694497 0.537155
0 0.660294 0.573761 0.660970 0.583647 0.665932 0.588790 0.672464 0.590131 0.679901 0.588573 0.684256 0.584889 0.686482 0.580098 0.685351 0.573133 0.681314 0.568208 0.677294 0.565778 0.671001 0.564847 0.664226 0.568446
0 0.630871 0.578529 0.631547 0.588415 0.636509 0.593558 0.643041 0.594899 0.650478 0.593341 0.654833 0.589658 0.657059 0.584866 0.655928 0.577902 0.651891 0.572977 0.647871 0.570547 0.641578 0.569615 0.634803 0.573215
0 0.624879 0.527091 0.625555 0.536978 0.630517 0.542121 0.637049 0.543462 0.644486 0.541903 0.648841 0.538220 0.651067 0.533429 0.649936 0.526464 0.645899 0.521540 0.641879 0.519109 0.635586 0.518178 0.628811 0.521777
0 0.864022 0.478332 0.864699 0.488219 0.869660 0.493361 0.876193 0.494703 0.883630 0.493144 0.887983 0.489461 0.890210 0.484669 0.889079 0.477705 0.885043 0.472780 0.881022 0.470349 0.874729 0.469419 0.867954 0.473018
0 0.852505 0.678713 0.853181 0.688599 0.858142 0.693742 0.864675 0.695083 0.872112 0.693525 0.876466 0.689842 0.878693 0.685050 0.877561 0.678085 0.873524 0.673161 0.869505 0.670730 0.863212 0.669799 0.856437 0.673398
0 0.552218 0.654358 0.552895 0.664245 0.557856 0.669387 0.564389 0.670729 0.571826 0.669170 0.576180 0.665487 0.578406 0.660696 0.577275 0.653730 0.573239 0.648806 0.569218 0.646375 0.562925 0.645444 0.556150 0.649044
0 0.540366 0.738161 0.541042 0.748047 0.546003 0.753190 0.552536 0.754531 0.559973 0.752973 0.564327 0.749290 0.566553 0.744498 0.565422 0.737534 0.561386 0.732608 0.557365 0.730178 0.551072 0.729247 0.544298 0.732847
0 0.328742 0.623494 0.329048 0.632092 0.333002 0.636591 0.334280 0.637279 0.339535 0.637932 0.346971 0.636373 0.351326 0.632690 0.353552 0.627898 0.352421 0.620934 0.348384 0.616009 0.344364 0.613579 0.338835 0.613520 0.332811 0.616738
0 0.474598 0.638898 0.475274 0.648784 0.480235 0.653927 0.486768 0.655269 0.494205 0.653710 0.498559 0.650027 0.500786 0.645235 0.499654 0.638270 0.495618 0.633346 0.491598 0.630915 0.485304 0.629984 0.478529 0.633584
0 0.428232 0.461828 0.428908 0.471715 0.433869 0.476858 0.440402 0.478199 0.447839 0.476641 0.452193 0.472957 0.454419 0.468166 0.453288 0.461201 0.449252 0.456277 0.445232 0.453846 0.438938 0.452915 0.432163 0.456514
0 0.559523 0.398800 0.560199 0.408687 0.565160 0.413830 0.571693 0.415171 0.579130 0.413612 0.583484 0.409929 0.585710 0.405138 0.584579 0.398173 0.580542 0.393248 0.576522 0.390818 0.570229 0.389886 0.563455 0.393486
0 0.538190 0.425588 0.538866 0.435475 0.543828 0.440618 0.550360 0.441959 0.557797 0.440400 0.562151 0.436717 0.564377 0.431926 0.563247 0.424961 0.559210 0.420037 0.555190 0.417606 0.548897 0.416675 0.542122 0.420274
0 0.539816 0.502624 0.540493 0.512510 0.545454 0.517653 0.551986 0.518995 0.559424 0.517436 0.563778 0.513753 0.566004 0.508961 0.564873 0.501997 0.560836 0.497072 0.556816 0.494641 0.550523 0.493710 0.543748 0.497310
0 0.295343 0.729067 0.296019 0.738953 0.300980 0.744096 0.307513 0.745437 0.314950 0.743879 0.319304 0.740196 0.321530 0.735404 0.320399 0.728439 0.316362 0.723514 0.312342 0.721084 0.306049 0.720153 0.299274 0.723752
0 0.202938 0.771475 0.203615 0.781361 0.208575 0.786505 0.215108 0.787846 0.222546 0.786288 0.226900 0.782604 0.229126 0.777812 0.227995 0.770848 0.223958 0.765923 0.219938 0.763493 0.213645 0.762561 0.206870 0.766161
0 0.119807 0.753589 0.120483 0.763475 0.125444 0.768619 0.131977 0.769959 0.139414 0.768401 0.143768 0.764718 0.145994 0.759926 0.144863 0.752962 0.140826 0.748037 0.136806 0.745607 0.130513 0.744675 0.123738 0.748275
0 0.032458 0.705930 0.033134 0.715816 0.038096 0.720959 0.044628 0.722300 0.052065 0.720742 0.056420 0.717058 0.058646 0.712267 0.057515 0.705302 0.053478 0.700378 0.049458 0.697947 0.043165 0.697016 0.036390 0.700615
0 0.122257 0.457658 0.122933 0.467545 0.127895 0.472688 0.134428 0.474029 0.141864 0.472470 0.146219 0.468787 0.148445 0.463996 0.147314 0.457031 0.143277 0.452106 0.139257 0.449676 0.132964 0.448745 0.126189 0.452344
0 0.169669 0.448509 0.170346 0.458395 0.175307 0.463538 0.181840 0.464880 0.189277 0.463321 0.193631 0.459638 0.195857 0.454846 0.194726 0.447882 0.190689 0.442956 0.186669 0.440526 0.180376 0.439595 0.173601 0.443195
0 0.246228 0.445213 0.246904 0.455099 0.251866 0.460242 0.258399 0.461584 0.265835 0.460025 0.270189 0.456342 0.272416 0.451550 0.271285 0.444585 0.267248 0.439661 0.263228 0.437230 0.256935 0.436299 0.250160 0.439899
0 0.278039 0.433409 0.278715 0.443295 0.283676 0.448439 0.290209 0.449780 0.297646 0.448221 0.302000 0.444538 0.304227 0.439746 0.303096 0.432782 0.299059 0.427857 0.295039 0.425427 0.288746 0.424495 0.281971 0.428095
0 0.319933 0.393731 0.320610 0.403617 0.325571 0.408760 0.332104 0.410102 0.339541 0.408543 0.343895 0.404860 0.346121 0.400068 0.344990 0.393104 0.340954 0.388179 0.336933 0.385748 0.330640 0.384817 0.323865 0.388417
0 0.248990 0.419627 0.249667 0.429514 0.254628 0.434657 0.261161 0.435998 0.268598 0.434439 0.272952 0.430756 0.275178 0.425965 0.274047 0.419000 0.270010 0.414075 0.265990 0.411645 0.259697 0.410714 0.252922 0.414313
0 0.139792 0.289013 0.140469 0.298899 0.145430 0.304042 0.151963 0.305384 0.159399 0.303825 0.163754 0.300142 0.165980 0.295350 0.164849 0.288385 0.160812 0.283461 0.156792 0.281030 0.150499 0.280099 0.143724 0.283699
0 0.199002 0.295201 0.199678 0.305087 0.204639 0.310230 0.211172 0.311571 0.218609 0.310013 0.222963 0.306330 0.225189 0.301538 0.224058 0.294573 0.220022 0.289649 0.216001 0.287218 0.209708 0.286287 0.202934 0.289887
0 0.396116 0.378718 0.396792 0.388604 0.401754 0.393747 0.408286 0.395088 0.415723 0.393530 0.420078 0.389846 0.422304 0.385055 0.421173 0.378090 0.417136 0.373165 0.413116 0.370735 0.406823 0.369804 0.400048 0.373403
0 0.015844 0.378346 0.016520 0.388232 0.021481 0.393376 0.028014 0.394717 0.035451 0.393159 0.039805 0.389475 0.042031 0.384683 0.040900 0.377719 0.036864 0.372794 0.032844 0.370364 0.026550 0.369433 0.019775 0.373032
0 0.000000 0.302726 0.000000 0.312612 0.000000 0.317755 0.000000 0.319096 0.006400 0.317538 0.010754 0.313854 0.012980 0.309063 0.011849 0.302098 0.007813 0.297173 0.003792 0.294743 0.000000 0.293812 0.000000 0.297411
0 0.272054 0.263694 0.272730 0.273581 0.277691 0.278724 0.284224 0.280065 0.291661 0.278506 0.296015 0.274823 0.298242 0.270032 0.297110 0.263067 0.293074 0.258142 0.289054 0.255711 0.282760 0.254780 0.275986 0.258380
0 0.566537 0.343474 0.567213 0.353360 0.572175 0.358504 0.578707 0.359845 0.586144 0.358286 0.590498 0.354603 0.592725 0.349811 0.591594 0.342847 0.587557 0.337922 0.583537 0.335492 0.577244 0.334560 0.570469 0.338160
0 0.513708 0.345521 0.514383 0.355406 0.519345 0.360550 0.525878 0.361891 0.533314 0.360333 0.537669 0.356649 0.539895 0.351857 0.538764 0.344893 0.534727 0.339968 0.530707 0.337538 0.524414 0.336607 0.517639 0.340206
0 0.508827 0.226616 0.509504 0.236502 0.514465 0.241645 0.520998 0.242986 0.528434 0.241428 0.532789 0.237745 0.535015 0.232953 0.533884 0.225989 0.529847 0.221064 0.525827 0.218633 0.519534 0.217702 0.512759 0.221302
0 0.416574 0.241449 0.417250 0.251334 0.422211 0.256478 0.428744 0.257819 0.436181 0.256261 0.440535 0.252578 0.442762 0.247785 0.441630 0.240821 0.437594 0.235896 0.433574 0.233466 0.427280 0.232535 0.420506 0.236134
0 0.691480 0.295178 0.692157 0.305065 0.697118 0.310207 0.703650 0.311549 0.711088 0.309990 0.715442 0.306307 0.717668 0.301516 0.716537 0.294551 0.712500 0.289626 0.708480 0.287195 0.702187 0.286264 0.695412 0.289864
0 0.667435 0.308595 0.668111 0.318482 0.673072 0.323625 0.679605 0.324966 0.687042 0.323408 0.691396 0.319724 0.693623 0.314933 0.692491 0.307968 0.688454 0.303043 0.684434 0.300613 0.678141 0.299681 0.671367 0.303281
0 0.699308 0.230512 0.699984 0.240397 0.704945 0.245541 0.711478 0.246882 0.718915 0.245324 0.723269 0.241640 0.725495 0.236848 0.724364 0.229884 0.720328 0.224959 0.716307 0.222529 0.710014 0.221598 0.703240 0.225197
0 0.847072 0.282359 0.847748 0.292245 0.852709 0.297389 0.859242 0.298729 0.866678 0.297171 0.871033 0.293488 0.873259 0.288696 0.872128 0.281732 0.868091 0.276807 0.864071 0.274377 0.857778 0.273445 0.851003 0.277045
0 0.861413 0.206185 0.862089 0.216071 0.867050 0.221214 0.873583 0.222556 0.881020 0.220997 0.885374 0.217314 0.887600 0.212522 0.886469 0.205558 0.882433 0.200633 0.878412 0.198202 0.872119 0.197271 0.865344 0.200871
0 0.865475 0.178818 0.866151 0.188703 0.871113 0.193847 0.877646 0.195188 0.885082 0.193630 0.889437 0.189946 0.891663 0.185154 0.890532 0.178190 0.886495 0.173265 0.882475 0.170835 0.876182 0.169904 0.869407 0.173503
0 0.765007 0.505570 0.765684 0.515456 0.770645 0.520599 0.777178 0.521940 0.784614 0.520382 0.788969 0.516699 0.791195 0.511907 0.790064 0.504943 0.786027 0.500018 0.782007 0.497587 0.775714 0.496656 0.768939 0.500256
0 0.704009 0.680098 0.704686 0.689985 0.709647 0.695128 0.716179 0.696469 0.723617 0.694910 0.727971 0.691227 0.730197 0.686436 0.729066 0.679471 0.725029 0.674546 0.721009 0.672116 0.714716 0.671184 0.707941 0.674784
0 0.569743 0.561785 0.570420 0.571671 0.575381 0.576815 0.581913 0.578156 0.589350 0.576597 0.593704 0.572914 0.595931 0.568122 0.594800 0.561158 0.590763 0.556233 0.586743 0.553802 0.580449 0.552872 0.573675 0.556471
0 0.573792 0.481925 0.574469 0.491812 0.579430 0.496954 0.585963 0.498296 0.593400 0.496737 0.597754 0.493054 0.599980 0.488263 0.598849 0.481297 0.594813 0.476373 0.590792 0.473942 0.584499 0.473011 0.577724 0.476611
0 0.615137 0.454444 0.615812 0.464330 0.620774 0.469473 0.627307 0.470814 0.634743 0.469256 0.639098 0.465572 0.641324 0.460781 0.640193 0.453816 0.636156 0.448891 0.632136 0.446461 0.625843 0.445530 0.619068 0.449129
0 0.085242 0.646863 0.085919 0.656749 0.090880 0.661892 0.097413 0.663233 0.104849 0.661675 0.109203 0.657991 0.111430 0.653200 0.110299 0.646235 0.106262 0.641310 0.102242 0.638880 0.095949 0.637949 0.089174 0.641548
0 0.297511 0.611582 0.297690 0.619400 0.300637 0.626881 0.307549 0.631330 0.315321 0.631263 0.321285 0.629961 0.326990 0.624309 0.329187 0.618116 0.328087 0.611273 0.325750 0.605834 0.317843 0.602371 0.310955 0.601650 0.301692 0.605929
0 0.400943 0.503747 0.401122 0.511565 0.404069 0.519045 0.410981 0.523495 0.418753 0.523427 0.424717 0.522126 0.430422 0.516473 0.432619 0.510280 0.431519 0.503438 0.429182 0.497999 0.421275 0.494535 0.414387 0.493814 0.405124 0.498094
0 0.392168 0.293885 0.389129 0.295813 0.387437 0.299441 0.387849 0.303467 0.389995 0.306695 0.394940 0.307967 0.399936 0.306261 0.401114 0.303479 0.400765 0.298920 0.399060 0.295468 0.395848 0.293382
0 0.348193 0.278797 0.344268 0.280718 0.342058 0.285189 0.342261 0.289827 0.344700 0.293463 0.348508 0.295275 0.354018 0.294892 0.357986 0.291751 0.359614 0.288190 0.358907 0.283408 0.355912 0.279574 0.352396 0.278273
0 0.214275 0.334471 0.214895 0.339603 0.216668 0.343091 0.219089 0.345333 0.223419 0.345908 0.229905 0.344496 0.232689 0.341192 0.233465 0.336310 0.232332 0.331766 0.229973 0.328222 0.226256 0.326356 0.221789 0.326650 0.216735 0.329761
0 0.171097 0.372397 0.171718 0.377529 0.173491 0.381017 0.175912 0.383259 0.180242 0.383833 0.186729 0.382422 0.189511 0.379118 0.190288 0.374236 0.189155 0.369692 0.186796 0.366148 0.183079 0.364281 0.178612 0.364576 0.173558 0.367687
0 0.219679 0.374631 0.220299 0.379763 0.222072 0.383250 0.224493 0.385492 0.228823 0.386067 0.235310 0.384655 0.238093 0.381351 0.238869 0.376469 0.237736 0.371925 0.235378 0.368382 0.231660 0.366515 0.227194 0.366810 0.222139 0.369921
0 0.197553 0.419259 0.198173 0.424391 0.199946 0.427879 0.202367 0.430121 0.206697 0.430696 0.213183 0.429284 0.215966 0.425980 0.216743 0.421098 0.215610 0.416554 0.213251 0.413011 0.209534 0.411144 0.205067 0.411439 0.200013 0.414549
0 0.160913 0.419070 0.161534 0.424202 0.163307 0.427690 0.165728 0.429932 0.170058 0.430506 0.176544 0.429095 0.179327 0.425791 0.180104 0.420909 0.178970 0.416365 0.176612 0.412821 0.172895 0.410954 0.168428 0.411249 0.163374 0.414360
0 0.181116 0.317283 0.181736 0.322415 0.183510 0.325903 0.185930 0.328145 0.190260 0.328719 0.196747 0.327308 0.199530 0.324004 0.200307 0.319122 0.199173 0.314578 0.196815 0.311034 0.193097 0.309167 0.188631 0.309462 0.183576 0.312573
0 0.128723 0.312233 0.129343 0.317365 0.131116 0.320853 0.133537 0.323095 0.137867 0.323669 0.144354 0.322258 0.147137 0.318954 0.147913 0.314072 0.146780 0.309528 0.144421 0.305984 0.140704 0.304117 0.136238 0.304412 0.131183 0.307523
0 0.114108 0.380484 0.114729 0.385616 0.116502 0.389104 0.118923 0.391346 0.123253 0.391921 0.129739 0.390509 0.132522 0.387205 0.133298 0.382323 0.132165 0.377779 0.129807 0.374236 0.126089 0.372369 0.121623 0.372664 0.116568 0.375774
0 0.047710 0.335292 0.048331 0.340425 0.050103 0.343912 0.052525 0.346155 0.056855 0.346729 0.063341 0.345317 0.066124 0.342014 0.066900 0.337131 0.065767 0.332588 0.063409 0.329043 0.059692 0.327177 0.055225 0.327471 0.050170 0.330583
0 0.089785 0.337766 0.090406 0.342898 0.092179 0.346386 0.094600 0.348629 0.098930 0.349203 0.105416 0.347791 0.108199 0.344487 0.108975 0.339605 0.107842 0.335062 0.105484 0.331517 0.101766 0.329651 0.097300 0.329945 0.092245 0.333057
0 0.052808 0.394996 0.053428 0.400127 0.055202 0.403615 0.057622 0.405857 0.061952 0.406432 0.068439 0.405020 0.071222 0.401716 0.071999 0.396834 0.070865 0.392291 0.068507 0.388747 0.064789 0.386880 0.060323 0.387175 0.055268 0.390286
0 0.031961 0.349056 0.032582 0.354188 0.034355 0.357676 0.036776 0.359918 0.041106 0.360493 0.047592 0.359080 0.050375 0.355777 0.051152 0.350895 0.050018 0.346351 0.047660 0.342807 0.043943 0.340940 0.039476 0.341235 0.034421 0.344346
0 0.196481 0.348254 0.197101 0.353386 0.198874 0.356874 0.201295 0.359116 0.205625 0.359690 0.212112 0.358278 0.214895 0.354975 0.215672 0.350092 0.214538 0.345549 0.212180 0.342005 0.208462 0.340138 0.203996 0.340433 0.198941 0.343544
0 0.177441 0.476896 0.178062 0.482028 0.179835 0.485516 0.182256 0.487758 0.186586 0.488333 0.193073 0.486921 0.195856 0.483617 0.196632 0.478735 0.195499 0.474191 0.193141 0.470647 0.189423 0.468781 0.184956 0.469075 0.179902 0.472186
0 0.012110 0.330961 0.012731 0.336093 0.014504 0.339581 0.016925 0.341823 0.021255 0.342397 0.027741 0.340985 0.030524 0.337682 0.031301 0.332799 0.030167 0.328256 0.027809 0.324712 0.024092 0.322845 0.019625 0.323140 0.014570 0.326251
0 0.078519 0.285101 0.079139 0.290233 0.080913 0.293721 0.083333 0.295963 0.087663 0.296537 0.094150 0.295125 0.096933 0.291822 0.097710 0.286939 0.096576 0.282396 0.094218 0.278852 0.090500 0.276985 0.086034 0.277280 0.080979 0.280391
0 0.071968 0.515571 0.072589 0.520703 0.074362 0.524191 0.076783 0.526433 0.081113 0.527007 0.087600 0.525596 0.090382 0.522292 0.091159 0.517410 0.090026 0.512866 0.087668 0.509322 0.083950 0.507455 0.079483 0.507750 0.074429 0.510861
0 0.025406 0.520524 0.026027 0.525656 0.027800 0.529143 0.030221 0.531386 0.034551 0.531960 0.041037 0.530548 0.043821 0.527245 0.044597 0.522363 0.043464 0.517819 0.041105 0.514275 0.037388 0.512408 0.032921 0.512703 0.027866 0.515814
0 0.156159 0.493266 0.156779 0.498397 0.158552 0.501885 0.160973 0.504128 0.165303 0.504702 0.171789 0.503290 0.174572 0.499986 0.175349 0.495104 0.174216 0.490560 0.171857 0.487017 0.168140 0.485150 0.163673 0.485445 0.158619 0.488556
0 0.138039 0.507489 0.138659 0.512621 0.140432 0.516109 0.142853 0.518351 0.147183 0.518925 0.153670 0.517514 0.156453 0.514210 0.157229 0.509328 0.156096 0.504784 0.153737 0.501240 0.150020 0.499373 0.145554 0.499668 0.140499 0.502779
0 0.174248 0.576900 0.174868 0.582032 0.176641 0.585520 0.179062 0.587762 0.183392 0.588337 0.189878 0.586925 0.192661 0.583621 0.193438 0.578739 0.192304 0.574195 0.189946 0.570652 0.186229 0.568785 0.181762 0.569079 0.176707 0.572190
0 0.135551 0.618705 0.136171 0.623837 0.137944 0.627324 0.140366 0.629567 0.144695 0.630141 0.151182 0.628729 0.153965 0.625426 0.154742 0.620544 0.153609 0.616000 0.151250 0.612456 0.147533 0.610589 0.143066 0.610884 0.138011 0.613995
0 0.065377 0.619153 0.065997 0.624285 0.067770 0.627773 0.070192 0.630015 0.074521 0.630590 0.081008 0.629178 0.083791 0.625874 0.084567 0.620992 0.083434 0.616448 0.081076 0.612904 0.077359 0.611037 0.072892 0.611332 0.067837 0.614443
0 0.282911 0.507560 0.283532 0.512692 0.285305 0.516180 0.287726 0.518422 0.292056 0.518996 0.298543 0.517585 0.301326 0.514281 0.302102 0.509398 0.300969 0.504855 0.298611 0.501311 0.294893 0.499444 0.290426 0.499739 0.285372 0.502850
0 0.314892 0.484492 0.315512 0.489625 0.317285 0.493112 0.319706 0.495355 0.324036 0.495929 0.330523 0.494517 0.333306 0.491214 0.334083 0.486332 0.332949 0.481788 0.330591 0.478244 0.326873 0.476377 0.322407 0.476672 0.317352 0.479783
0 0.224683 0.594771 0.225303 0.599903 0.227076 0.603391 0.229497 0.605633 0.233827 0.606207 0.240313 0.604796 0.243097 0.601492 0.243873 0.596610 0.242740 0.592066 0.240381 0.588522 0.236664 0.586655 0.232197 0.586950 0.227142 0.590061
0 0.309302 0.586763 0.309922 0.591896 0.311695 0.595383 0.314116 0.597625 0.318446 0.598200 0.324933 0.596788 0.327716 0.593484 0.328492 0.588602 0.327359 0.584058 0.325000 0.580515 0.321283 0.578648 0.316816 0.578943 0.311762 0.582054
0 0.227743 0.665756 0.228364 0.670888 0.230137 0.674376 0.232558 0.676618 0.236888 0.677192 0.243375 0.675781 0.246158 0.672477 0.246934 0.667595 0.245801 0.663051 0.243443 0.659507 0.239725 0.657640 0.235259 0.657935 0.230204 0.661046
0 0.266542 0.686950 0.267162 0.692082 0.268935 0.695570 0.271356 0.697812 0.275686 0.698387 0.282172 0.696975 0.284956 0.693671 0.285732 0.688789 0.284599 0.684245 0.282240 0.680701 0.278523 0.678835 0.274056 0.679129 0.269002 0.682240
0 0.315019 0.670628 0.315640 0.675760 0.317413 0.679248 0.319834 0.681490 0.324164 0.682065 0.330650 0.680653 0.333433 0.677349 0.334210 0.672467 0.333076 0.667923 0.330718 0.664379 0.327001 0.662513 0.322534 0.662807 0.317480 0.665918
0 0.412538 0.697740 0.413159 0.702871 0.414932 0.706359 0.417353 0.708601 0.421683 0.709176 0.428169 0.707764 0.430952 0.704460 0.431729 0.699578 0.430595 0.695035 0.428237 0.691491 0.424520 0.689624 0.420053 0.689919 0.414998 0.693030
0 0.400491 0.680475 0.401111 0.685607 0.402884 0.689095 0.405305 0.691337 0.409635 0.691911 0.416122 0.690499 0.418905 0.687196 0.419681 0.682314 0.418548 0.677770 0.416189 0.674226 0.412472 0.672359 0.408005 0.672654 0.402951 0.675765
0 0.484435 0.728239 0.485055 0.733371 0.486828 0.736859 0.489249 0.739101 0.493579 0.739676 0.500066 0.738263 0.502849 0.734960 0.503625 0.730078 0.502492 0.725534 0.500134 0.721990 0.496416 0.720124 0.491950 0.720418 0.486895 0.723529
0 0.458041 0.718609 0.458661 0.723742 0.460435 0.727229 0.462855 0.729471 0.467185 0.730046 0.473672 0.728634 0.476455 0.725330 0.477232 0.720448 0.476098 0.715904 0.473740 0.712360 0.470022 0.710494 0.465556 0.710788 0.460501 0.713900
0 0.440669 0.733897 0.441289 0.739029 0.443062 0.742517 0.445483 0.744759 0.449813 0.745334 0.456299 0.743922 0.459082 0.740618 0.459859 0.735736 0.458726 0.731192 0.456367 0.727648 0.452650 0.725782 0.448183 0.726076 0.443129 0.729187
0 0.421457 0.744756 0.422078 0.749887 0.423850 0.753376 0.426272 0.755618 0.430602 0.756192 0.437088 0.754780 0.439871 0.751476 0.440648 0.746594 0.439514 0.742051 0.437156 0.738507 0.433439 0.736640 0.428972 0.736935 0.423917 0.740046
0 0.401802 0.738234 0.402423 0.743366 0.404196 0.746854 0.406617 0.749096 0.410947 0.749671 0.417433 0.748259 0.420216 0.744955 0.420992 0.740073 0.419859 0.735529 0.417501 0.731985 0.413783 0.730118 0.409317 0.730413 0.404262 0.733525
0 0.458398 0.751278 0.459019 0.756409 0.460792 0.759897 0.463213 0.762139 0.467543 0.762714 0.474029 0.761302 0.476812 0.757998 0.477588 0.753116 0.476455 0.748572 0.474097 0.745029 0.470379 0.743162 0.465913 0.743457 0.460858 0.746567
0 0.350871 0.751041 0.351492 0.756173 0.353265 0.759661 0.355686 0.761903 0.360016 0.762477 0.366502 0.761065 0.369285 0.757762 0.370062 0.752879 0.368928 0.748336 0.366570 0.744792 0.362853 0.742925 0.358386 0.743220 0.353332 0.746331
0 0.243435 0.764512 0.244055 0.769645 0.245828 0.773132 0.248249 0.775374 0.252579 0.775949 0.259066 0.774537 0.261849 0.771233 0.262625 0.766352 0.261492 0.761807 0.259134 0.758264 0.255416 0.756397 0.250950 0.756692 0.245895 0.759803
0 0.278356 0.746690 0.278977 0.751822 0.280750 0.755310 0.283171 0.757552 0.287501 0.758126 0.293988 0.756715 0.296771 0.753411 0.297547 0.748529 0.296414 0.743985 0.294055 0.740441 0.290338 0.738574 0.285871 0.738869 0.280817 0.741980
0 0.215506 0.701742 0.216127 0.706874 0.217900 0.710362 0.220321 0.712604 0.224651 0.713178 0.231138 0.711766 0.233921 0.708463 0.234697 0.703580 0.233564 0.699037 0.231206 0.695493 0.227488 0.693626 0.223022 0.693921 0.217967 0.697032
0 0.168119 0.731321 0.168740 0.736453 0.170513 0.739940 0.172934 0.742182 0.177264 0.742757 0.183750 0.741345 0.186533 0.738041 0.187310 0.733160 0.186176 0.728615 0.183818 0.725072 0.180101 0.723205 0.175634 0.723500 0.170580 0.726611
0 0.168928 0.763295 0.169548 0.768427 0.171321 0.771915 0.173742 0.774157 0.178072 0.774732 0.184558 0.773320 0.187342 0.770016 0.188118 0.765134 0.186985 0.760590 0.184626 0.757046 0.180909 0.755179 0.176442 0.755474 0.171387 0.758585
0 0.155004 0.806882 0.155625 0.812014 0.157398 0.815502 0.159819 0.817744 0.164149 0.818319 0.170635 0.816907 0.173418 0.813603 0.174195 0.808721 0.173061 0.804177 0.170703 0.800633 0.166986 0.798767 0.162519 0.799061 0.157464 0.802172
0 0.121535 0.797135 0.122156 0.802267 0.123929 0.805755 0.126350 0.807997 0.130680 0.808571 0.137166 0.807159 0.139949 0.803856 0.140726 0.798973 0.139592 0.794430 0.137234 0.790886 0.133517 0.789019 0.129050 0.789314 0.123995 0.792425
0 0.067212 0.697789 0.067833 0.702920 0.069605 0.706409 0.072027 0.708650 0.076357 0.709225 0.082843 0.707813 0.085626 0.704509 0.086402 0.699627 0.085269 0.695083 0.082911 0.691540 0.079193 0.689673 0.074727 0.689968 0.069672 0.693078
0 0.095979 0.724012 0.096600 0.729144 0.098373 0.732631 0.100794 0.734873 0.105124 0.735448 0.111610 0.734036 0.114393 0.730732 0.115170 0.725851 0.114036 0.721307 0.111678 0.717763 0.107961 0.715896 0.103494 0.716191 0.098440 0.719302
0 0.119527 0.715340 0.120147 0.720472 0.121920 0.723960 0.124341 0.726202 0.128671 0.726776 0.135157 0.725364 0.137940 0.722061 0.138717 0.717179 0.137583 0.712635 0.135225 0.709091 0.131508 0.707224 0.127041 0.707519 0.121986 0.710630
0 0.049335 0.779890 0.049956 0.785022 0.051729 0.788510 0.054150 0.790752 0.058480 0.791327 0.064967 0.789915 0.067750 0.786611 0.068526 0.781729 0.067393 0.777185 0.065035 0.773641 0.061317 0.771775 0.056851 0.772069 0.051796 0.775180
0 0.204437 0.665091 0.205058 0.670223 0.206831 0.673711 0.209252 0.675953 0.213582 0.676528 0.220069 0.675116 0.222852 0.671812 0.223628 0.666930 0.222495 0.662386 0.220137 0.658842 0.216419 0.656975 0.211953 0.657270 0.206898 0.660382
0 0.248808 0.612139 0.249428 0.617271 0.251201 0.620759 0.253622 0.623001 0.257952 0.623576 0.264439 0.622164 0.267222 0.618860 0.267999 0.613978 0.266865 0.609434 0.264507 0.605891 0.260789 0.604024 0.256323 0.604319 0.251268 0.607430
0 0.018548 0.293422 0.019168 0.298554 0.020941 0.302042 0.023362 0.304284 0.027692 0.304858 0.034179 0.303446 0.036962 0.300142 0.037738 0.295260 0.036605 0.290717 0.034246 0.287173 0.030529 0.285306 0.026062 0.285601 0.021008 0.288712
0 0.582036 0.253371 0.582656 0.258503 0.584429 0.261991 0.586850 0.264233 0.591180 0.264808 0.597667 0.263396 0.600450 0.260092 0.601226 0.255210 0.600093 0.250666 0.597735 0.247123 0.594017 0.245256 0.589551 0.245550 0.584496 0.248662
0 0.135256 0.332168 0.132217 0.334097 0.130526 0.337724 0.130938 0.341750 0.133083 0.344978 0.138028 0.346250 0.143024 0.344544 0.144202 0.341762 0.143853 0.337204 0.142148 0.333752 0.138937 0.331666
0 0.113269 0.308746 0.110230 0.310674 0.108538 0.314302 0.108950 0.318327 0.111096 0.321556 0.116041 0.322828 0.121037 0.321122 0.122215 0.318340 0.121866 0.313782 0.120161 0.310329 0.116949 0.308243
0 0.352648 0.332329 0.353269 0.337461 0.355042 0.340949 0.357463 0.343191 0.361793 0.343765 0.368280 0.342354 0.371063 0.339050 0.371839 0.334168 0.370706 0.329624 0.368348 0.326080 0.364630 0.324213 0.360164 0.324508 0.355109 0.327619
0 0.297750 0.275977 0.294711 0.277905 0.293019 0.281532 0.293431 0.285558 0.295577 0.288786 0.300522 0.290058 0.305518 0.288352 0.306696 0.285570 0.306347 0.281012 0.304642 0.277560 0.301430 0.275473
0 0.518915 0.308827 0.519535 0.313959 0.521308 0.317447 0.523729 0.319689 0.528059 0.320264 0.534545 0.318852 0.537329 0.315548 0.538105 0.310666 0.536972 0.306122 0.534613 0.302578 0.530896 0.300711 0.526429 0.301006 0.521375 0.304118
0 0.511546 0.439108 0.512166 0.444241 0.513939 0.447728 0.516360 0.449970 0.520690 0.450545 0.527177 0.449133 0.529959 0.445829 0.530736 0.440948 0.529603 0.436403 0.527245 0.432860 0.523527 0.430993 0.519060 0.431288 0.514006 0.434399
0 0.487861 0.507875 0.488482 0.513007 0.490255 0.516495 0.492676 0.518737 0.497006 0.519311 0.503493 0.517899 0.506276 0.514596 0.507052 0.509713 0.505919 0.505170 0.503561 0.501626 0.499843 0.499759 0.495377 0.500054 0.490322 0.503165
0 0.469652 0.554260 0.470272 0.559391 0.472045 0.562880 0.474466 0.565122 0.478796 0.565696 0.485283 0.564284 0.488066 0.560980 0.488842 0.556098 0.487709 0.551555 0.485351 0.548011 0.481633 0.546144 0.477167 0.546439 0.472112 0.549550
0 0.435786 0.575935 0.436407 0.581067 0.438180 0.584555 0.440601 0.586797 0.444931 0.587372 0.451417 0.585960 0.454200 0.582656 0.454977 0.577774 0.453843 0.573230 0.451485 0.569686 0.447767 0.567820 0.443301 0.568114 0.438246 0.571225
0 0.463265 0.610584 0.463886 0.615716 0.465659 0.619204 0.468080 0.621446 0.472410 0.622021 0.478897 0.620609 0.481680 0.617305 0.482456 0.612423 0.481323 0.607879 0.478965 0.604335 0.475247 0.602469 0.470780 0.602763 0.465726 0.605874
0 0.486432 0.664892 0.487052 0.670024 0.488825 0.673512 0.491247 0.675754 0.495576 0.676329 0.502063 0.674917 0.504846 0.671613 0.505623 0.666731 0.504489 0.662187 0.502131 0.658644 0.498414 0.656777 0.493947 0.657072 0.488892 0.660182
0 0.421457 0.776100 0.422077 0.781232 0.423850 0.784720 0.426271 0.786962 0.430601 0.787537 0.437087 0.786124 0.439870 0.782821 0.440647 0.777939 0.439513 0.773395 0.437155 0.769851 0.433438 0.767985 0.428971 0.768279 0.423916 0.771390
0 0.359826 0.710471 0.360446 0.715603 0.362219 0.719091 0.364641 0.721333 0.368971 0.721907 0.375457 0.720496 0.378240 0.717192 0.379016 0.712310 0.377883 0.707766 0.375525 0.704222 0.371808 0.702355 0.367341 0.702650 0.362286 0.705761
0 0.460625 0.776545 0.461246 0.781677 0.463019 0.785165 0.465440 0.787407 0.469770 0.787981 0.476256 0.786569 0.479039 0.783266 0.479815 0.778384 0.478682 0.773840 0.476324 0.770296 0.472606 0.768429 0.468140 0.768724 0.463085 0.771835
0 0.483191 0.773107 0.483811 0.778239 0.485584 0.781727 0.488005 0.783969 0.492258 0.784029 0.498809 0.783049 0.501605 0.779828 0.502381 0.774946 0.501248 0.770402 0.498890 0.766858 0.495172 0.764992 0.490706 0.765286 0.485651 0.768398
0 0.574811 0.590429 0.575432 0.595561 0.577205 0.599049 0.579626 0.601291 0.583879 0.601350 0.590430 0.600370 0.593226 0.597150 0.594002 0.592268 0.592869 0.587724 0.590511 0.584180 0.586793 0.582313 0.582327 0.582608 0.577272 0.585719
0 0.723371 0.718893 0.723992 0.724025 0.725764 0.727513 0.728185 0.729755 0.732438 0.729815 0.738989 0.728835 0.741785 0.725614 0.742561 0.720732 0.741428 0.716188 0.739070 0.712644 0.735352 0.710778 0.730886 0.711072 0.725831 0.714183
0 0.743285 0.708217 0.743906 0.713348 0.745678 0.716837 0.748100 0.719078 0.752353 0.719138 0.758904 0.718158 0.761699 0.714937 0.762476 0.710055 0.761342 0.705512 0.758984 0.701968 0.755267 0.700101 0.750800 0.700396 0.745746 0.703506
0 0.713598 0.639881 0.714219 0.645013 0.715992 0.648501 0.718413 0.650743 0.722666 0.650802 0.729217 0.649822 0.732013 0.646602 0.732789 0.641719 0.731656 0.637176 0.729298 0.633632 0.725580 0.631765 0.721113 0.632060 0.716059 0.635171
0 0.670351 0.627676 0.670972 0.632808 0.672745 0.636296 0.675166 0.638538 0.679419 0.638597 0.685970 0.637617 0.688765 0.634397 0.689541 0.629515 0.688408 0.624971 0.686050 0.621427 0.682332 0.619560 0.677866 0.619855 0.672811 0.622966
0 0.797856 0.569540 0.798477 0.574671 0.800250 0.578159 0.802671 0.580402 0.806924 0.580461 0.813475 0.579481 0.816270 0.576260 0.817047 0.571378 0.815914 0.566835 0.813555 0.563291 0.809838 0.561424 0.805371 0.561719 0.800317 0.564830
0 0.889614 0.582341 0.889353 0.585429 0.890883 0.588403 0.893879 0.589608 0.896337 0.589808 0.899481 0.588718 0.901198 0.585000 0.900363 0.581663 0.898671 0.579333 0.894707 0.578738 0.891781 0.579899
0 0.779802 0.569119 0.779540 0.572206 0.781070 0.575181 0.784067 0.576385 0.786525 0.576585 0.789669 0.575495 0.791386 0.571777 0.790551 0.568441 0.788859 0.566111 0.784895 0.565516 0.781968 0.566677
0 0.788315 0.525259 0.788054 0.528346 0.789583 0.531320 0.792579 0.532525 0.795038 0.532725 0.798182 0.531635 0.799899 0.527917 0.799064 0.524581 0.797372 0.522251 0.793408 0.521656 0.790481 0.522817
0 0.885442 0.537362 0.885180 0.540450 0.886710 0.543423 0.889706 0.544628 0.892165 0.544828 0.895309 0.543738 0.897026 0.540020 0.896191 0.536684 0.894499 0.534354 0.890535 0.533759 0.887608 0.534920
0 0.892285 0.526504 0.892024 0.529591 0.893554 0.532565 0.896550 0.533770 0.899008 0.533970 0.902152 0.532880 0.903869 0.529162 0.903035 0.525826 0.901343 0.523495 0.897378 0.522901 0.894452 0.524061
0 0.879498 0.525188 0.879237 0.528275 0.880767 0.531250 0.883763 0.532454 0.886221 0.532654 0.889365 0.531564 0.891082 0.527846 0.890248 0.524510 0.888556 0.522180 0.884591 0.521585 0.881665 0.522746
0 0.945115 0.628427 0.944853 0.631514 0.946383 0.634489 0.949379 0.635693 0.951838 0.635893 0.954982 0.634803 0.956699 0.631085 0.955864 0.627749 0.954172 0.625419 0.950207 0.624824 0.947281 0.625984
0 0.936303 0.616884 0.936041 0.619970 0.937572 0.622945 0.940568 0.624149 0.943026 0.624350 0.946170 0.623260 0.947887 0.619541 0.947052 0.616205 0.945360 0.613875 0.941396 0.613280 0.938470 0.614441
0 0.938328 0.686975 0.938066 0.690062 0.939596 0.693037 0.942592 0.694241 0.945051 0.694442 0.948195 0.693352 0.949912 0.689633 0.949077 0.686297 0.947385 0.683967 0.943421 0.683372 0.940494 0.684533
0 0.762244 0.724813 0.761982 0.727901 0.763513 0.730875 0.766509 0.732080 0.768967 0.732280 0.772111 0.731190 0.773828 0.727471 0.772993 0.724135 0.771301 0.721805 0.767337 0.721210 0.764411 0.722371
0 0.702958 0.731004 0.702697 0.734091 0.704227 0.737066 0.707223 0.738270 0.709682 0.738471 0.712825 0.737381 0.714543 0.733662 0.713707 0.730326 0.712015 0.727996 0.708051 0.727401 0.705125 0.728562
0 0.646672 0.727802 0.646410 0.730889 0.647940 0.733863 0.650936 0.735068 0.653395 0.735268 0.656538 0.734178 0.658255 0.730460 0.657421 0.727123 0.655729 0.724794 0.651764 0.724199 0.648838 0.725359
0 0.594630 0.679377 0.594369 0.682464 0.595899 0.685438 0.598895 0.686643 0.601353 0.686843 0.604497 0.685753 0.606214 0.682035 0.605379 0.678699 0.603687 0.676369 0.599723 0.675774 0.596797 0.676935
0 0.577725 0.692851 0.577463 0.695939 0.578993 0.698913 0.581989 0.700118 0.584447 0.700318 0.587592 0.699228 0.589309 0.695509 0.588474 0.692173 0.586782 0.689843 0.582817 0.689248 0.579891 0.690409
0 0.481883 0.751850 0.481621 0.754937 0.483151 0.757912 0.486147 0.759116 0.488606 0.759317 0.491749 0.758227 0.493466 0.754508 0.492632 0.751172 0.490940 0.748842 0.486975 0.748247 0.484049 0.749408
0 0.311260 0.750752 0.310998 0.753840 0.312529 0.756814 0.315525 0.758019 0.317983 0.758219 0.321127 0.757129 0.322844 0.753410 0.322009 0.750074 0.320317 0.747744 0.316353 0.747149 0.313427 0.748310
0 0.322179 0.733092 0.321917 0.736179 0.323447 0.739153 0.326443 0.740358 0.328902 0.740559 0.332045 0.739469 0.333763 0.735750 0.332928 0.732414 0.331236 0.730084 0.327272 0.729489 0.324345 0.730650
0 0.135517 0.813384 0.135255 0.816472 0.136786 0.819446 0.139782 0.820650 0.142240 0.820851 0.145384 0.819760 0.147101 0.816042 0.146266 0.812706 0.144574 0.810376 0.140610 0.809781 0.137684 0.810942
0 0.118848 0.775081 0.118587 0.778168 0.120117 0.781142 0.123113 0.782346 0.125572 0.782547 0.128715 0.781457 0.130433 0.777739 0.129597 0.774402 0.127905 0.772072 0.123941 0.771477 0.121015 0.772638
0 0.135102 0.696484 0.134841 0.699571 0.136371 0.702546 0.139367 0.703750 0.141826 0.703951 0.144970 0.702861 0.146687 0.699142 0.145852 0.695806 0.144160 0.693476 0.140195 0.692881 0.137269 0.694042
0 0.034459 0.663587 0.034198 0.666674 0.035727 0.669649 0.038724 0.670854 0.041182 0.671054 0.044326 0.669964 0.046043 0.666245 0.045208 0.662909 0.043516 0.660579 0.039552 0.659984 0.036625 0.661145
0 0.053619 0.637538 0.053358 0.640625 0.054888 0.643600 0.057884 0.644804 0.060343 0.645004 0.063486 0.643914 0.065204 0.640196 0.064368 0.636860 0.062676 0.634530 0.058712 0.633935 0.055786 0.635096
0 0.273195 0.620854 0.272933 0.623941 0.274463 0.626915 0.277460 0.628120 0.279918 0.628320 0.283062 0.627230 0.284779 0.623512 0.283944 0.620176 0.282252 0.617846 0.278288 0.617251 0.275361 0.618411
0 0.234547 0.574553 0.234285 0.577641 0.235815 0.580615 0.238811 0.581820 0.241270 0.582020 0.244413 0.580930 0.246131 0.577211 0.245296 0.573875 0.243604 0.571545 0.239640 0.570950 0.236713 0.572111
0 0.267216 0.515520 0.266954 0.518607 0.268484 0.521581 0.271481 0.522786 0.273939 0.522987 0.277083 0.521897 0.278800 0.518178 0.277965 0.514842 0.276273 0.512512 0.272309 0.511917 0.269383 0.513078
0 0.374659 0.465865 0.374398 0.468952 0.375928 0.471927 0.378924 0.473131 0.381382 0.473332 0.384527 0.472241 0.386244 0.468523 0.385409 0.465187 0.383717 0.462857 0.379752 0.462262 0.376826 0.463423
0 0.323563 0.427209 0.323302 0.430296 0.324832 0.433271 0.327828 0.434475 0.330287 0.434676 0.333430 0.433586 0.335148 0.429867 0.334312 0.426531 0.332620 0.424201 0.328656 0.423606 0.325730 0.424767
0 0.399565 0.402527 0.399304 0.405614 0.400834 0.408588 0.403830 0.409793 0.406288 0.409993 0.409433 0.408903 0.411150 0.405185 0.410315 0.401848 0.408623 0.399518 0.404659 0.398923 0.401732 0.400084
0 0.434923 0.495401 0.434662 0.498488 0.436191 0.501463 0.439188 0.502667 0.441646 0.502868 0.444790 0.501778 0.446507 0.498059 0.445672 0.494723 0.443980 0.492393 0.440016 0.491798 0.437090 0.492959
0 0.490407 0.474384 0.490146 0.477471 0.491675 0.480446 0.494671 0.481650 0.497130 0.481851 0.500274 0.480761 0.501991 0.477042 0.501156 0.473706 0.499464 0.471376 0.495500 0.470781 0.492573 0.471942
0 0.533355 0.542278 0.533094 0.545365 0.534624 0.548339 0.537620 0.549544 0.540079 0.549745 0.543223 0.548654 0.544940 0.544936 0.544105 0.541600 0.542413 0.539270 0.538449 0.538674 0.535522 0.539836
0 0.405085 0.538485 0.405705 0.543617 0.407478 0.547104 0.409899 0.549347 0.414229 0.549921 0.420716 0.548509 0.423499 0.545206 0.424276 0.540324 0.423142 0.535780 0.420784 0.532236 0.417066 0.530369 0.412600 0.530663 0.407545 0.533775
0 0.562767 0.491777 0.562505 0.494864 0.564035 0.497838 0.567031 0.499043 0.569490 0.499244 0.572634 0.498153 0.574351 0.494435 0.573516 0.491099 0.571824 0.488769 0.567860 0.488174 0.564933 0.489335
0 0.603896 0.494368 0.603634 0.497455 0.605164 0.500430 0.608160 0.501634 0.610619 0.501835 0.613763 0.500745 0.615480 0.497026 0.614645 0.493690 0.612953 0.491360 0.608989 0.490765 0.606062 0.491926
0 0.554560 0.526175 0.556526 0.528057 0.559110 0.528153 0.561971 0.527383 0.563074 0.525603 0.562979 0.523091 0.561750 0.521450 0.560124 0.520430 0.558250 0.519868 0.555856 0.520296 0.553772 0.522082 0.553881 0.524452
0 0.609622 0.612385 0.611588 0.614267 0.614172 0.614364 0.617033 0.613593 0.618136 0.611814 0.618040 0.609301 0.616812 0.607660 0.615185 0.606640 0.613311 0.606078 0.610918 0.606506 0.608834 0.608292 0.608943 0.610662
0 0.676534 0.556805 0.678500 0.558687 0.681084 0.558784 0.683945 0.558013 0.685048 0.556234 0.684953 0.553721 0.683724 0.552080 0.682098 0.551060 0.680223 0.550498 0.677830 0.550927 0.675746 0.552712 0.675855 0.555082
0 0.649882 0.719448 0.651849 0.721329 0.654433 0.721426 0.657294 0.720656 0.658397 0.718876 0.658301 0.716363 0.657073 0.714722 0.655446 0.713702 0.653572 0.713141 0.651179 0.713569 0.649095 0.715355 0.649204 0.717724
0 0.640404 0.690871 0.642370 0.692753 0.644954 0.692850 0.647815 0.692079 0.648917 0.690300 0.648822 0.687787 0.647594 0.686146 0.645967 0.685126 0.644093 0.684564 0.641700 0.684992 0.639616 0.686778 0.639725 0.689148
0 0.777843 0.710404 0.779809 0.712286 0.782393 0.712382 0.785254 0.711612 0.786357 0.709832 0.786262 0.707319 0.785033 0.705679 0.783406 0.704658 0.781532 0.704096 0.779139 0.704525 0.777055 0.706311 0.777164 0.708681
0 0.832105 0.661643 0.834071 0.663525 0.836655 0.663622 0.839516 0.662851 0.840619 0.661072 0.840524 0.658559 0.839296 0.656918 0.837669 0.655898 0.835795 0.655336 0.833402 0.655764 0.831317 0.657550 0.831426 0.659920
0 0.928756 0.685847 0.930723 0.687729 0.933306 0.687826 0.936167 0.687055 0.937270 0.685276 0.937175 0.682763 0.935947 0.681122 0.934319 0.680102 0.932446 0.679540 0.930053 0.679968 0.927968 0.681754 0.928077 0.684124
0 0.960804 0.612915 0.962771 0.614797 0.965354 0.614893 0.968216 0.614123 0.969319 0.612344 0.969223 0.609830 0.967995 0.608190 0.966368 0.607170 0.964494 0.606608 0.962101 0.607036 0.960016 0.608822 0.960126 0.611192
0 0.775791 0.431008 0.777757 0.432890 0.780341 0.432986 0.783202 0.432216 0.784305 0.430437 0.784209 0.427924 0.782981 0.426283 0.781355 0.425263 0.779480 0.424701 0.777088 0.425129 0.775003 0.426915 0.775112 0.429285
0 0.711508 0.351667 0.713474 0.353549 0.716058 0.353646 0.718919 0.352875 0.720022 0.351096 0.719927 0.348583 0.718699 0.346942 0.717072 0.345922 0.715197 0.345360 0.712805 0.345788 0.710720 0.347574 0.710829 0.349944
0 0.715123 0.218304 0.717090 0.220186 0.719674 0.220283 0.722535 0.219512 0.723637 0.217733 0.723542 0.215220 0.722314 0.213579 0.720687 0.212559 0.718813 0.211997 0.716420 0.212425 0.714336 0.214211 0.714444 0.216581
0 0.646512 0.268344 0.648478 0.270226 0.651062 0.270322 0.653923 0.269552 0.655026 0.267773 0.654931 0.265260 0.653702 0.263619 0.652076 0.262599 0.650201 0.262037 0.647809 0.262465 0.645724 0.264251 0.645833 0.266621
0 0.358009 0.367783 0.357747 0.370870 0.359277 0.373844 0.362273 0.375049 0.364732 0.375249 0.367876 0.374159 0.369593 0.370441 0.368758 0.367105 0.367066 0.364775 0.363102 0.364180 0.360175 0.365341
0 0.300844 0.667522 0.297805 0.669450 0.296114 0.673078 0.296526 0.677103 0.298671 0.680332 0.303616 0.681603 0.308612 0.679898 0.309790 0.677115 0.309441 0.672557 0.307736 0.669105 0.304524 0.667019
0 0.354624 0.616055 0.354363 0.619142 0.355893 0.622116 0.358889 0.623321 0.361347 0.623521 0.364491 0.622431 0.366209 0.618712 0.365374 0.615376 0.363682 0.613046 0.359718 0.612451 0.356791 0.613612
0 0.672242 0.494095 0.668317 0.496016 0.666107 0.500487 0.666310 0.505124 0.668749 0.508760 0.672556 0.510573 0.678067 0.510190 0.682035 0.507049 0.683663 0.503488 0.682956 0.498705 0.679961 0.494872 0.676445 0.493571
0 0.742056 0.471159 0.744022 0.473040 0.746606 0.473136 0.749467 0.472366 0.750570 0.470587 0.750475 0.468074 0.749247 0.466433 0.747620 0.465413 0.745746 0.464851 0.743353 0.465279 0.741268 0.467065 0.741377 0.469435
0 0.783040 0.248218 0.779115 0.250139 0.776906 0.254611 0.777108 0.259248 0.779548 0.262884 0.783355 0.264697 0.788866 0.264313 0.792833 0.261172 0.794462 0.257611 0.793754 0.252829 0.790759 0.248996 0.787244 0.247695
0 0.742783 0.206824 0.744749 0.208706 0.747333 0.208802 0.750194 0.208032 0.751297 0.206252 0.751201 0.203739 0.749973 0.202098 0.748347 0.201078 0.746473 0.200517 0.744079 0.200945 0.741995 0.202731 0.742104 0.205100
0 0.656393 0.390594 0.653354 0.392522 0.651662 0.396150 0.652074 0.400175 0.654220 0.403404 0.659165 0.404675 0.664161 0.402970 0.665339 0.400187 0.664990 0.395629 0.663285 0.392177 0.660073 0.390090
0 0.265972 0.801200 0.266593 0.806332 0.268366 0.809820 0.270787 0.812062 0.275117 0.812636 0.281603 0.811225 0.284386 0.807921 0.285163 0.803039 0.284029 0.798495 0.281671 0.794951 0.277954 0.793084 0.273487 0.793379 0.268432 0.796490
